32.0,-6.0,-50.0,528.0
28.0,-4.0,-50.0,528.0
30.0,-4.0,-50.0,528.0
32.0,-4.0,-50.0,400.0
34.0,-4.0,-50.0,504.0
-34.0,-2.0,-50.0,575.0
-32.0,-2.0,-50.0,575.0
-30.0,-2.0,-50.0,575.0
26.0,-2.0,-50.0,400.0
28.0,-2.0,-50.0,400.0
30.0,-2.0,-50.0,400.0
32.0,-2.0,-50.0,400.0
-34.0,-0.0,-50.0,575.0
-32.0,-0.0,-50.0,575.0
-30.0,-0.0,-50.0,575.0
-28.0,-0.0,-50.0,575.0
-26.0,-0.0,-50.0,575.0
26.0,-0.0,-50.0,400.0
28.0,-0.0,-50.0,400.0
30.0,-0.0,-50.0,400.0
32.0,-0.0,-50.0,400.0
-34.0,2.0,-50.0,575.0
-32.0,2.0,-50.0,575.0
-30.0,2.0,-50.0,575.0
-28.0,2.0,-50.0,575.0
-32.0,4.0,-50.0,575.0
-30.0,4.0,-50.0,575.0
-28.0,4.0,-50.0,575.0
28.0,-6.0,-48.0,528.0
30.0,-6.0,-48.0,528.0
32.0,-6.0,-48.0,528.0
34.0,-6.0,-48.0,21.0
36.0,-6.0,-48.0,504.0
38.0,-6.0,-48.0,504.0
40.0,-6.0,-48.0,504.0
-46.0,-4.0,-48.0,523.0
-44.0,-4.0,-48.0,523.0
-42.0,-4.0,-48.0,220.0
-40.0,-4.0,-48.0,220.0
-38.0,-4.0,-48.0,220.0
-36.0,-4.0,-48.0,575.0
-32.0,-4.0,-48.0,575.0
26.0,-4.0,-48.0,528.0
28.0,-4.0,-48.0,528.0
30.0,-4.0,-48.0,528.0
32.0,-4.0,-48.0,528.0
34.0,-4.0,-48.0,504.0
36.0,-4.0,-48.0,504.0
38.0,-4.0,-48.0,504.0
40.0,-4.0,-48.0,504.0
42.0,-4.0,-48.0,504.0
44.0,-4.0,-48.0,504.0
46.0,-4.0,-48.0,504.0
-48.0,-2.0,-48.0,523.0
-46.0,-2.0,-48.0,523.0
-44.0,-2.0,-48.0,523.0
-42.0,-2.0,-48.0,523.0
-40.0,-2.0,-48.0,220.0
-38.0,-2.0,-48.0,575.0
-36.0,-2.0,-48.0,575.0
-34.0,-2.0,-48.0,575.0
-32.0,-2.0,-48.0,575.0
-30.0,-2.0,-48.0,575.0
-28.0,-2.0,-48.0,575.0
-26.0,-2.0,-48.0,575.0
26.0,-2.0,-48.0,528.0
28.0,-2.0,-48.0,400.0
30.0,-2.0,-48.0,400.0
32.0,-2.0,-48.0,400.0
34.0,-2.0,-48.0,400.0
36.0,-2.0,-48.0,504.0
38.0,-2.0,-48.0,504.0
40.0,-2.0,-48.0,504.0
42.0,-2.0,-48.0,504.0
44.0,-2.0,-48.0,504.0
46.0,-2.0,-48.0,504.0
-48.0,-0.0,-48.0,523.0
-46.0,-0.0,-48.0,523.0
-44.0,-0.0,-48.0,523.0
-42.0,-0.0,-48.0,523.0
-40.0,-0.0,-48.0,220.0
-38.0,-0.0,-48.0,575.0
-36.0,-0.0,-48.0,575.0
-34.0,-0.0,-48.0,575.0
-32.0,-0.0,-48.0,575.0
-30.0,-0.0,-48.0,575.0
-28.0,-0.0,-48.0,575.0
-26.0,-0.0,-48.0,575.0
-24.0,-0.0,-48.0,575.0
24.0,-0.0,-48.0,244.0
26.0,-0.0,-48.0,400.0
28.0,-0.0,-48.0,400.0
30.0,-0.0,-48.0,400.0
32.0,-0.0,-48.0,400.0
34.0,-0.0,-48.0,400.0
36.0,-0.0,-48.0,265.0
38.0,-0.0,-48.0,504.0
40.0,-0.0,-48.0,504.0
42.0,-0.0,-48.0,504.0
44.0,-0.0,-48.0,504.0
46.0,-0.0,-48.0,504.0
-46.0,2.0,-48.0,523.0
-44.0,2.0,-48.0,523.0
-42.0,2.0,-48.0,523.0
-40.0,2.0,-48.0,575.0
-38.0,2.0,-48.0,575.0
-36.0,2.0,-48.0,575.0
-34.0,2.0,-48.0,575.0
-32.0,2.0,-48.0,575.0
-30.0,2.0,-48.0,575.0
-28.0,2.0,-48.0,575.0
-26.0,2.0,-48.0,575.0
-24.0,2.0,-48.0,575.0
-22.0,2.0,-48.0,575.0
24.0,2.0,-48.0,244.0
26.0,2.0,-48.0,400.0
28.0,2.0,-48.0,400.0
30.0,2.0,-48.0,400.0
32.0,2.0,-48.0,400.0
34.0,2.0,-48.0,400.0
36.0,2.0,-48.0,265.0
38.0,2.0,-48.0,265.0
40.0,2.0,-48.0,289.0
42.0,2.0,-48.0,504.0
44.0,2.0,-48.0,504.0
-44.0,4.0,-48.0,523.0
-42.0,4.0,-48.0,523.0
-40.0,4.0,-48.0,575.0
-38.0,4.0,-48.0,575.0
-36.0,4.0,-48.0,575.0
-34.0,4.0,-48.0,575.0
-32.0,4.0,-48.0,575.0
-30.0,4.0,-48.0,575.0
-28.0,4.0,-48.0,575.0
-26.0,4.0,-48.0,575.0
-24.0,4.0,-48.0,575.0
-22.0,4.0,-48.0,575.0
24.0,4.0,-48.0,244.0
26.0,4.0,-48.0,244.0
28.0,4.0,-48.0,400.0
30.0,4.0,-48.0,400.0
32.0,4.0,-48.0,400.0
34.0,4.0,-48.0,400.0
36.0,4.0,-48.0,265.0
38.0,4.0,-48.0,289.0
40.0,4.0,-48.0,289.0
42.0,4.0,-48.0,289.0
44.0,4.0,-48.0,289.0
-38.0,6.0,-48.0,105.0
-36.0,6.0,-48.0,562.0
-34.0,6.0,-48.0,562.0
-32.0,6.0,-48.0,562.0
-30.0,6.0,-48.0,562.0
-28.0,6.0,-48.0,562.0
-26.0,6.0,-48.0,562.0
-24.0,6.0,-48.0,562.0
-22.0,6.0,-48.0,562.0
24.0,6.0,-48.0,244.0
26.0,6.0,-48.0,244.0
28.0,6.0,-48.0,400.0
30.0,6.0,-48.0,400.0
32.0,6.0,-48.0,400.0
-36.0,8.0,-48.0,105.0
-34.0,8.0,-48.0,562.0
-32.0,8.0,-48.0,562.0
-30.0,8.0,-48.0,562.0
-28.0,8.0,-48.0,562.0
-26.0,8.0,-48.0,562.0
-24.0,8.0,-48.0,562.0
-22.0,8.0,-48.0,562.0
26.0,8.0,-48.0,244.0
28.0,8.0,-48.0,244.0
30.0,8.0,-48.0,400.0
-32.0,10.0,-48.0,562.0
-30.0,10.0,-48.0,562.0
-28.0,10.0,-48.0,562.0
-26.0,10.0,-48.0,562.0
-24.0,10.0,-48.0,562.0
32.0,-8.0,-46.0,528.0
34.0,-8.0,-46.0,21.0
36.0,-8.0,-46.0,21.0
38.0,-8.0,-46.0,21.0
44.0,-8.0,-46.0,504.0
46.0,-8.0,-46.0,504.0
48.0,-8.0,-46.0,504.0
28.0,-6.0,-46.0,528.0
30.0,-6.0,-46.0,528.0
32.0,-6.0,-46.0,528.0
34.0,-6.0,-46.0,21.0
36.0,-6.0,-46.0,21.0
38.0,-6.0,-46.0,504.0
40.0,-6.0,-46.0,504.0
42.0,-6.0,-46.0,504.0
44.0,-6.0,-46.0,504.0
46.0,-6.0,-46.0,504.0
48.0,-6.0,-46.0,504.0
50.0,-6.0,-46.0,504.0
-50.0,-4.0,-46.0,523.0
-48.0,-4.0,-46.0,523.0
-46.0,-4.0,-46.0,523.0
-44.0,-4.0,-46.0,523.0
-42.0,-4.0,-46.0,220.0
-40.0,-4.0,-46.0,220.0
-38.0,-4.0,-46.0,220.0
-36.0,-4.0,-46.0,220.0
-34.0,-4.0,-46.0,575.0
-32.0,-4.0,-46.0,575.0
-30.0,-4.0,-46.0,575.0
-28.0,-4.0,-46.0,575.0
26.0,-4.0,-46.0,528.0
28.0,-4.0,-46.0,528.0
30.0,-4.0,-46.0,528.0
32.0,-4.0,-46.0,528.0
34.0,-4.0,-46.0,528.0
36.0,-4.0,-46.0,504.0
38.0,-4.0,-46.0,504.0
40.0,-4.0,-46.0,504.0
42.0,-4.0,-46.0,504.0
44.0,-4.0,-46.0,504.0
46.0,-4.0,-46.0,504.0
48.0,-4.0,-46.0,504.0
50.0,-4.0,-46.0,504.0
-50.0,-2.0,-46.0,523.0
-48.0,-2.0,-46.0,523.0
-46.0,-2.0,-46.0,523.0
-44.0,-2.0,-46.0,523.0
-42.0,-2.0,-46.0,220.0
-40.0,-2.0,-46.0,220.0
-38.0,-2.0,-46.0,220.0
-36.0,-2.0,-46.0,220.0
-34.0,-2.0,-46.0,575.0
-32.0,-2.0,-46.0,575.0
-30.0,-2.0,-46.0,575.0
-28.0,-2.0,-46.0,575.0
-26.0,-2.0,-46.0,575.0
-24.0,-2.0,-46.0,575.0
24.0,-2.0,-46.0,528.0
26.0,-2.0,-46.0,528.0
28.0,-2.0,-46.0,528.0
30.0,-2.0,-46.0,400.0
32.0,-2.0,-46.0,400.0
34.0,-2.0,-46.0,400.0
36.0,-2.0,-46.0,265.0
38.0,-2.0,-46.0,504.0
40.0,-2.0,-46.0,504.0
42.0,-2.0,-46.0,504.0
44.0,-2.0,-46.0,504.0
46.0,-2.0,-46.0,504.0
48.0,-2.0,-46.0,504.0
50.0,-2.0,-46.0,504.0
-50.0,-0.0,-46.0,523.0
-48.0,-0.0,-46.0,523.0
-46.0,-0.0,-46.0,523.0
-44.0,-0.0,-46.0,523.0
-42.0,-0.0,-46.0,220.0
-40.0,-0.0,-46.0,220.0
-38.0,-0.0,-46.0,220.0
-36.0,-0.0,-46.0,575.0
-34.0,-0.0,-46.0,575.0
-32.0,-0.0,-46.0,575.0
-30.0,-0.0,-46.0,575.0
-28.0,-0.0,-46.0,575.0
-26.0,-0.0,-46.0,575.0
-24.0,-0.0,-46.0,575.0
-22.0,-0.0,-46.0,575.0
24.0,-0.0,-46.0,244.0
26.0,-0.0,-46.0,400.0
28.0,-0.0,-46.0,400.0
30.0,-0.0,-46.0,400.0
32.0,-0.0,-46.0,400.0
34.0,-0.0,-46.0,400.0
36.0,-0.0,-46.0,265.0
38.0,-0.0,-46.0,265.0
40.0,-0.0,-46.0,504.0
42.0,-0.0,-46.0,504.0
44.0,-0.0,-46.0,504.0
46.0,-0.0,-46.0,504.0
48.0,-0.0,-46.0,504.0
-50.0,2.0,-46.0,523.0
-48.0,2.0,-46.0,523.0
-46.0,2.0,-46.0,523.0
-44.0,2.0,-46.0,523.0
-42.0,2.0,-46.0,523.0
-40.0,2.0,-46.0,220.0
-38.0,2.0,-46.0,105.0
-36.0,2.0,-46.0,562.0
-34.0,2.0,-46.0,562.0
-32.0,2.0,-46.0,562.0
-30.0,2.0,-46.0,562.0
-28.0,2.0,-46.0,562.0
-26.0,2.0,-46.0,562.0
-24.0,2.0,-46.0,562.0
-22.0,2.0,-46.0,562.0
22.0,2.0,-46.0,244.0
24.0,2.0,-46.0,244.0
26.0,2.0,-46.0,400.0
28.0,2.0,-46.0,400.0
30.0,2.0,-46.0,400.0
32.0,2.0,-46.0,400.0
34.0,2.0,-46.0,400.0
36.0,2.0,-46.0,265.0
38.0,2.0,-46.0,265.0
40.0,2.0,-46.0,289.0
42.0,2.0,-46.0,289.0
44.0,2.0,-46.0,504.0
46.0,2.0,-46.0,504.0
48.0,2.0,-46.0,504.0
-48.0,4.0,-46.0,523.0
-46.0,4.0,-46.0,523.0
-44.0,4.0,-46.0,523.0
-42.0,4.0,-46.0,523.0
-40.0,4.0,-46.0,105.0
-38.0,4.0,-46.0,105.0
-36.0,4.0,-46.0,105.0
-34.0,4.0,-46.0,562.0
-32.0,4.0,-46.0,562.0
-30.0,4.0,-46.0,562.0
-28.0,4.0,-46.0,562.0
-26.0,4.0,-46.0,562.0
-24.0,4.0,-46.0,562.0
-22.0,4.0,-46.0,562.0
22.0,4.0,-46.0,244.0
24.0,4.0,-46.0,244.0
26.0,4.0,-46.0,244.0
28.0,4.0,-46.0,400.0
30.0,4.0,-46.0,400.0
32.0,4.0,-46.0,400.0
34.0,4.0,-46.0,400.0
36.0,4.0,-46.0,265.0
38.0,4.0,-46.0,265.0
40.0,4.0,-46.0,289.0
42.0,4.0,-46.0,289.0
44.0,4.0,-46.0,289.0
46.0,4.0,-46.0,289.0
48.0,4.0,-46.0,289.0
-48.0,6.0,-46.0,523.0
-46.0,6.0,-46.0,523.0
-44.0,6.0,-46.0,523.0
-42.0,6.0,-46.0,523.0
-40.0,6.0,-46.0,105.0
-38.0,6.0,-46.0,105.0
-36.0,6.0,-46.0,105.0
-34.0,6.0,-46.0,105.0
-32.0,6.0,-46.0,562.0
-30.0,6.0,-46.0,562.0
-28.0,6.0,-46.0,562.0
-26.0,6.0,-46.0,562.0
-24.0,6.0,-46.0,562.0
-22.0,6.0,-46.0,562.0
20.0,6.0,-46.0,244.0
22.0,6.0,-46.0,244.0
24.0,6.0,-46.0,244.0
26.0,6.0,-46.0,244.0
28.0,6.0,-46.0,400.0
30.0,6.0,-46.0,400.0
32.0,6.0,-46.0,400.0
34.0,6.0,-46.0,400.0
36.0,6.0,-46.0,265.0
38.0,6.0,-46.0,289.0
40.0,6.0,-46.0,289.0
42.0,6.0,-46.0,289.0
44.0,6.0,-46.0,289.0
46.0,6.0,-46.0,289.0
-46.0,8.0,-46.0,523.0
-44.0,8.0,-46.0,523.0
-42.0,8.0,-46.0,523.0
-40.0,8.0,-46.0,105.0
-38.0,8.0,-46.0,105.0
-36.0,8.0,-46.0,105.0
-34.0,8.0,-46.0,105.0
-32.0,8.0,-46.0,105.0
-30.0,8.0,-46.0,562.0
-28.0,8.0,-46.0,562.0
-26.0,8.0,-46.0,562.0
-24.0,8.0,-46.0,562.0
-22.0,8.0,-46.0,562.0
20.0,8.0,-46.0,244.0
22.0,8.0,-46.0,244.0
24.0,8.0,-46.0,244.0
26.0,8.0,-46.0,244.0
28.0,8.0,-46.0,244.0
30.0,8.0,-46.0,400.0
32.0,8.0,-46.0,400.0
34.0,8.0,-46.0,400.0
36.0,8.0,-46.0,265.0
38.0,8.0,-46.0,289.0
40.0,8.0,-46.0,289.0
42.0,8.0,-46.0,289.0
44.0,8.0,-46.0,289.0
-44.0,10.0,-46.0,523.0
-42.0,10.0,-46.0,105.0
-40.0,10.0,-46.0,105.0
-38.0,10.0,-46.0,105.0
-36.0,10.0,-46.0,105.0
-34.0,10.0,-46.0,105.0
-32.0,10.0,-46.0,105.0
-30.0,10.0,-46.0,105.0
-28.0,10.0,-46.0,562.0
-26.0,10.0,-46.0,562.0
-24.0,10.0,-46.0,562.0
-22.0,10.0,-46.0,562.0
20.0,10.0,-46.0,244.0
22.0,10.0,-46.0,244.0
24.0,10.0,-46.0,244.0
26.0,10.0,-46.0,244.0
28.0,10.0,-46.0,244.0
30.0,10.0,-46.0,400.0
32.0,10.0,-46.0,400.0
34.0,10.0,-46.0,400.0
36.0,10.0,-46.0,265.0
38.0,10.0,-46.0,289.0
-40.0,12.0,-46.0,105.0
-38.0,12.0,-46.0,105.0
-36.0,12.0,-46.0,105.0
-34.0,12.0,-46.0,105.0
-32.0,12.0,-46.0,105.0
-30.0,12.0,-46.0,105.0
-28.0,12.0,-46.0,105.0
-26.0,12.0,-46.0,562.0
-24.0,12.0,-46.0,562.0
-22.0,12.0,-46.0,562.0
22.0,12.0,-46.0,244.0
24.0,12.0,-46.0,244.0
26.0,12.0,-46.0,244.0
28.0,12.0,-46.0,244.0
30.0,12.0,-46.0,244.0
32.0,12.0,-46.0,400.0
36.0,12.0,-46.0,289.0
-40.0,14.0,-46.0,105.0
-38.0,14.0,-46.0,105.0
-36.0,14.0,-46.0,105.0
-34.0,14.0,-46.0,105.0
-32.0,14.0,-46.0,105.0
-30.0,14.0,-46.0,105.0
-28.0,14.0,-46.0,105.0
-26.0,14.0,-46.0,105.0
-24.0,14.0,-46.0,562.0
-36.0,16.0,-46.0,105.0
44.0,-12.0,-44.0,21.0
46.0,-12.0,-44.0,504.0
48.0,-12.0,-44.0,311.0
50.0,-12.0,-44.0,311.0
32.0,-10.0,-44.0,21.0
34.0,-10.0,-44.0,21.0
36.0,-10.0,-44.0,21.0
44.0,-10.0,-44.0,504.0
46.0,-10.0,-44.0,504.0
48.0,-10.0,-44.0,504.0
50.0,-10.0,-44.0,311.0
52.0,-10.0,-44.0,311.0
-34.0,-8.0,-44.0,220.0
-32.0,-8.0,-44.0,220.0
30.0,-8.0,-44.0,528.0
32.0,-8.0,-44.0,528.0
34.0,-8.0,-44.0,21.0
36.0,-8.0,-44.0,21.0
38.0,-8.0,-44.0,21.0
40.0,-8.0,-44.0,21.0
42.0,-8.0,-44.0,504.0
44.0,-8.0,-44.0,504.0
46.0,-8.0,-44.0,504.0
48.0,-8.0,-44.0,504.0
50.0,-8.0,-44.0,504.0
52.0,-8.0,-44.0,311.0
-50.0,-6.0,-44.0,163.0
-48.0,-6.0,-44.0,163.0
-46.0,-6.0,-44.0,163.0
-44.0,-6.0,-44.0,220.0
-36.0,-6.0,-44.0,220.0
-34.0,-6.0,-44.0,220.0
-32.0,-6.0,-44.0,220.0
-30.0,-6.0,-44.0,575.0
-28.0,-6.0,-44.0,575.0
28.0,-6.0,-44.0,528.0
30.0,-6.0,-44.0,528.0
32.0,-6.0,-44.0,528.0
34.0,-6.0,-44.0,21.0
36.0,-6.0,-44.0,21.0
38.0,-6.0,-44.0,21.0
40.0,-6.0,-44.0,504.0
42.0,-6.0,-44.0,504.0
44.0,-6.0,-44.0,504.0
46.0,-6.0,-44.0,504.0
48.0,-6.0,-44.0,504.0
50.0,-6.0,-44.0,504.0
52.0,-6.0,-44.0,311.0
-52.0,-4.0,-44.0,523.0
-50.0,-4.0,-44.0,523.0
-48.0,-4.0,-44.0,523.0
-46.0,-4.0,-44.0,523.0
-44.0,-4.0,-44.0,220.0
-42.0,-4.0,-44.0,220.0
-40.0,-4.0,-44.0,220.0
-38.0,-4.0,-44.0,220.0
-36.0,-4.0,-44.0,220.0
-34.0,-4.0,-44.0,220.0
-32.0,-4.0,-44.0,575.0
-30.0,-4.0,-44.0,575.0
-28.0,-4.0,-44.0,575.0
-26.0,-4.0,-44.0,575.0
26.0,-4.0,-44.0,528.0
28.0,-4.0,-44.0,528.0
30.0,-4.0,-44.0,528.0
32.0,-4.0,-44.0,528.0
34.0,-4.0,-44.0,528.0
36.0,-4.0,-44.0,21.0
38.0,-4.0,-44.0,504.0
40.0,-4.0,-44.0,504.0
42.0,-4.0,-44.0,504.0
44.0,-4.0,-44.0,504.0
46.0,-4.0,-44.0,504.0
48.0,-4.0,-44.0,504.0
50.0,-4.0,-44.0,504.0
52.0,-4.0,-44.0,504.0
-52.0,-2.0,-44.0,523.0
-50.0,-2.0,-44.0,523.0
-48.0,-2.0,-44.0,523.0
-46.0,-2.0,-44.0,523.0
-44.0,-2.0,-44.0,220.0
-42.0,-2.0,-44.0,220.0
-40.0,-2.0,-44.0,220.0
-38.0,-2.0,-44.0,220.0
-36.0,-2.0,-44.0,220.0
-34.0,-2.0,-44.0,220.0
-32.0,-2.0,-44.0,562.0
-30.0,-2.0,-44.0,562.0
-28.0,-2.0,-44.0,562.0
-26.0,-2.0,-44.0,562.0
-24.0,-2.0,-44.0,562.0
24.0,-2.0,-44.0,528.0
26.0,-2.0,-44.0,528.0
28.0,-2.0,-44.0,528.0
30.0,-2.0,-44.0,528.0
32.0,-2.0,-44.0,400.0
34.0,-2.0,-44.0,265.0
36.0,-2.0,-44.0,265.0
38.0,-2.0,-44.0,504.0
40.0,-2.0,-44.0,504.0
42.0,-2.0,-44.0,504.0
44.0,-2.0,-44.0,504.0
46.0,-2.0,-44.0,504.0
48.0,-2.0,-44.0,504.0
50.0,-2.0,-44.0,504.0
52.0,-2.0,-44.0,504.0
-52.0,-0.0,-44.0,523.0
-50.0,-0.0,-44.0,523.0
-48.0,-0.0,-44.0,523.0
-46.0,-0.0,-44.0,523.0
-44.0,-0.0,-44.0,523.0
-42.0,-0.0,-44.0,220.0
-40.0,-0.0,-44.0,220.0
-38.0,-0.0,-44.0,220.0
-36.0,-0.0,-44.0,220.0
-34.0,-0.0,-44.0,562.0
-32.0,-0.0,-44.0,562.0
-30.0,-0.0,-44.0,562.0
-28.0,-0.0,-44.0,562.0
-26.0,-0.0,-44.0,562.0
-24.0,-0.0,-44.0,562.0
-22.0,-0.0,-44.0,592.0
24.0,-0.0,-44.0,528.0
26.0,-0.0,-44.0,528.0
28.0,-0.0,-44.0,400.0
30.0,-0.0,-44.0,400.0
32.0,-0.0,-44.0,400.0
34.0,-0.0,-44.0,265.0
36.0,-0.0,-44.0,265.0
38.0,-0.0,-44.0,265.0
40.0,-0.0,-44.0,504.0
42.0,-0.0,-44.0,504.0
44.0,-0.0,-44.0,504.0
46.0,-0.0,-44.0,504.0
48.0,-0.0,-44.0,504.0
50.0,-0.0,-44.0,504.0
-52.0,2.0,-44.0,523.0
-50.0,2.0,-44.0,523.0
-48.0,2.0,-44.0,523.0
-46.0,2.0,-44.0,523.0
-44.0,2.0,-44.0,523.0
-42.0,2.0,-44.0,220.0
-40.0,2.0,-44.0,220.0
-38.0,2.0,-44.0,220.0
-36.0,2.0,-44.0,105.0
-34.0,2.0,-44.0,105.0
-32.0,2.0,-44.0,562.0
-30.0,2.0,-44.0,562.0
-28.0,2.0,-44.0,562.0
-26.0,2.0,-44.0,562.0
-24.0,2.0,-44.0,562.0
-22.0,2.0,-44.0,592.0
24.0,2.0,-44.0,244.0
26.0,2.0,-44.0,400.0
28.0,2.0,-44.0,400.0
30.0,2.0,-44.0,400.0
32.0,2.0,-44.0,400.0
34.0,2.0,-44.0,265.0
36.0,2.0,-44.0,265.0
38.0,2.0,-44.0,265.0
40.0,2.0,-44.0,289.0
42.0,2.0,-44.0,289.0
44.0,2.0,-44.0,289.0
46.0,2.0,-44.0,504.0
48.0,2.0,-44.0,504.0
50.0,2.0,-44.0,504.0
-50.0,4.0,-44.0,523.0
-48.0,4.0,-44.0,523.0
-46.0,4.0,-44.0,523.0
-44.0,4.0,-44.0,523.0
-42.0,4.0,-44.0,220.0
-40.0,4.0,-44.0,220.0
-38.0,4.0,-44.0,105.0
-36.0,4.0,-44.0,105.0
-34.0,4.0,-44.0,105.0
-32.0,4.0,-44.0,105.0
-30.0,4.0,-44.0,562.0
-28.0,4.0,-44.0,562.0
-26.0,4.0,-44.0,562.0
-24.0,4.0,-44.0,562.0
-22.0,4.0,-44.0,592.0
22.0,4.0,-44.0,244.0
24.0,4.0,-44.0,244.0
26.0,4.0,-44.0,244.0
28.0,4.0,-44.0,400.0
30.0,4.0,-44.0,400.0
32.0,4.0,-44.0,400.0
34.0,4.0,-44.0,265.0
36.0,4.0,-44.0,265.0
38.0,4.0,-44.0,265.0
40.0,4.0,-44.0,289.0
42.0,4.0,-44.0,289.0
44.0,4.0,-44.0,289.0
46.0,4.0,-44.0,289.0
48.0,4.0,-44.0,289.0
50.0,4.0,-44.0,289.0
-50.0,6.0,-44.0,523.0
-48.0,6.0,-44.0,523.0
-46.0,6.0,-44.0,523.0
-44.0,6.0,-44.0,523.0
-42.0,6.0,-44.0,523.0
-40.0,6.0,-44.0,105.0
-38.0,6.0,-44.0,105.0
-36.0,6.0,-44.0,105.0
-34.0,6.0,-44.0,105.0
-32.0,6.0,-44.0,105.0
-30.0,6.0,-44.0,105.0
-28.0,6.0,-44.0,562.0
-26.0,6.0,-44.0,562.0
-24.0,6.0,-44.0,562.0
-22.0,6.0,-44.0,562.0
-20.0,6.0,-44.0,592.0
20.0,6.0,-44.0,244.0
22.0,6.0,-44.0,244.0
24.0,6.0,-44.0,244.0
26.0,6.0,-44.0,244.0
28.0,6.0,-44.0,400.0
30.0,6.0,-44.0,400.0
32.0,6.0,-44.0,400.0
34.0,6.0,-44.0,265.0
36.0,6.0,-44.0,265.0
38.0,6.0,-44.0,265.0
40.0,6.0,-44.0,289.0
42.0,6.0,-44.0,289.0
44.0,6.0,-44.0,289.0
46.0,6.0,-44.0,289.0
48.0,6.0,-44.0,289.0
-48.0,8.0,-44.0,523.0
-46.0,8.0,-44.0,523.0
-44.0,8.0,-44.0,523.0
-42.0,8.0,-44.0,523.0
-40.0,8.0,-44.0,105.0
-38.0,8.0,-44.0,105.0
-36.0,8.0,-44.0,105.0
-34.0,8.0,-44.0,105.0
-32.0,8.0,-44.0,105.0
-30.0,8.0,-44.0,105.0
-28.0,8.0,-44.0,105.0
-26.0,8.0,-44.0,562.0
-24.0,8.0,-44.0,562.0
-22.0,8.0,-44.0,562.0
-20.0,8.0,-44.0,592.0
20.0,8.0,-44.0,244.0
22.0,8.0,-44.0,244.0
24.0,8.0,-44.0,244.0
26.0,8.0,-44.0,244.0
28.0,8.0,-44.0,244.0
30.0,8.0,-44.0,400.0
32.0,8.0,-44.0,400.0
34.0,8.0,-44.0,265.0
36.0,8.0,-44.0,265.0
38.0,8.0,-44.0,289.0
40.0,8.0,-44.0,289.0
42.0,8.0,-44.0,289.0
44.0,8.0,-44.0,289.0
46.0,8.0,-44.0,289.0
48.0,8.0,-44.0,289.0
-48.0,10.0,-44.0,523.0
-46.0,10.0,-44.0,523.0
-44.0,10.0,-44.0,523.0
-42.0,10.0,-44.0,105.0
-40.0,10.0,-44.0,105.0
-38.0,10.0,-44.0,105.0
-36.0,10.0,-44.0,105.0
-34.0,10.0,-44.0,105.0
-32.0,10.0,-44.0,105.0
-30.0,10.0,-44.0,105.0
-28.0,10.0,-44.0,105.0
-26.0,10.0,-44.0,105.0
-24.0,10.0,-44.0,562.0
-22.0,10.0,-44.0,562.0
-20.0,10.0,-44.0,592.0
20.0,10.0,-44.0,244.0
22.0,10.0,-44.0,244.0
24.0,10.0,-44.0,244.0
26.0,10.0,-44.0,244.0
28.0,10.0,-44.0,244.0
30.0,10.0,-44.0,400.0
32.0,10.0,-44.0,400.0
34.0,10.0,-44.0,265.0
36.0,10.0,-44.0,265.0
38.0,10.0,-44.0,289.0
40.0,10.0,-44.0,289.0
42.0,10.0,-44.0,289.0
44.0,10.0,-44.0,289.0
46.0,10.0,-44.0,289.0
-46.0,12.0,-44.0,523.0
-44.0,12.0,-44.0,523.0
-42.0,12.0,-44.0,105.0
-40.0,12.0,-44.0,105.0
-38.0,12.0,-44.0,105.0
-36.0,12.0,-44.0,105.0
-34.0,12.0,-44.0,105.0
-32.0,12.0,-44.0,105.0
-30.0,12.0,-44.0,105.0
-28.0,12.0,-44.0,105.0
-26.0,12.0,-44.0,105.0
-24.0,12.0,-44.0,105.0
-22.0,12.0,-44.0,562.0
-20.0,12.0,-44.0,592.0
20.0,12.0,-44.0,244.0
22.0,12.0,-44.0,244.0
24.0,12.0,-44.0,244.0
26.0,12.0,-44.0,244.0
28.0,12.0,-44.0,244.0
30.0,12.0,-44.0,244.0
32.0,12.0,-44.0,400.0
34.0,12.0,-44.0,265.0
36.0,12.0,-44.0,265.0
38.0,12.0,-44.0,289.0
40.0,12.0,-44.0,289.0
42.0,12.0,-44.0,289.0
44.0,12.0,-44.0,289.0
-44.0,14.0,-44.0,523.0
-42.0,14.0,-44.0,105.0
-40.0,14.0,-44.0,105.0
-38.0,14.0,-44.0,105.0
-36.0,14.0,-44.0,105.0
-34.0,14.0,-44.0,105.0
-32.0,14.0,-44.0,105.0
-30.0,14.0,-44.0,105.0
-28.0,14.0,-44.0,105.0
-26.0,14.0,-44.0,105.0
-24.0,14.0,-44.0,105.0
-22.0,14.0,-44.0,105.0
22.0,14.0,-44.0,244.0
24.0,14.0,-44.0,244.0
26.0,14.0,-44.0,244.0
28.0,14.0,-44.0,244.0
30.0,14.0,-44.0,244.0
32.0,14.0,-44.0,400.0
34.0,14.0,-44.0,265.0
36.0,14.0,-44.0,289.0
38.0,14.0,-44.0,289.0
40.0,14.0,-44.0,289.0
42.0,14.0,-44.0,289.0
-42.0,16.0,-44.0,318.0
-40.0,16.0,-44.0,105.0
-38.0,16.0,-44.0,105.0
-36.0,16.0,-44.0,105.0
-34.0,16.0,-44.0,105.0
-32.0,16.0,-44.0,105.0
-30.0,16.0,-44.0,105.0
-28.0,16.0,-44.0,105.0
-26.0,16.0,-44.0,105.0
-24.0,16.0,-44.0,105.0
24.0,16.0,-44.0,244.0
26.0,16.0,-44.0,244.0
28.0,16.0,-44.0,244.0
30.0,16.0,-44.0,129.0
32.0,16.0,-44.0,129.0
34.0,16.0,-44.0,129.0
36.0,16.0,-44.0,289.0
38.0,16.0,-44.0,289.0
40.0,16.0,-44.0,289.0
-40.0,18.0,-44.0,318.0
-38.0,18.0,-44.0,318.0
-36.0,18.0,-44.0,318.0
-34.0,18.0,-44.0,105.0
-32.0,18.0,-44.0,105.0
-30.0,18.0,-44.0,105.0
-28.0,18.0,-44.0,105.0
-26.0,18.0,-44.0,105.0
28.0,18.0,-44.0,129.0
30.0,18.0,-44.0,129.0
32.0,18.0,-44.0,129.0
34.0,18.0,-44.0,129.0
36.0,18.0,-44.0,129.0
-38.0,20.0,-44.0,318.0
-36.0,20.0,-44.0,318.0
-34.0,20.0,-44.0,318.0
-32.0,20.0,-44.0,318.0
-30.0,20.0,-44.0,318.0
32.0,-12.0,-42.0,21.0
34.0,-12.0,-42.0,21.0
36.0,-12.0,-42.0,21.0
42.0,-12.0,-42.0,21.0
44.0,-12.0,-42.0,21.0
46.0,-12.0,-42.0,21.0
48.0,-12.0,-42.0,311.0
50.0,-12.0,-42.0,311.0
52.0,-12.0,-42.0,311.0
54.0,-12.0,-42.0,311.0
-48.0,-10.0,-42.0,163.0
-46.0,-10.0,-42.0,163.0
-34.0,-10.0,-42.0,220.0
-32.0,-10.0,-42.0,220.0
30.0,-10.0,-42.0,528.0
32.0,-10.0,-42.0,21.0
34.0,-10.0,-42.0,21.0
36.0,-10.0,-42.0,21.0
38.0,-10.0,-42.0,21.0
40.0,-10.0,-42.0,21.0
42.0,-10.0,-42.0,21.0
44.0,-10.0,-42.0,21.0
46.0,-10.0,-42.0,21.0
48.0,-10.0,-42.0,311.0
50.0,-10.0,-42.0,311.0
52.0,-10.0,-42.0,311.0
54.0,-10.0,-42.0,311.0
-52.0,-8.0,-42.0,163.0
-50.0,-8.0,-42.0,163.0
-48.0,-8.0,-42.0,163.0
-46.0,-8.0,-42.0,163.0
-44.0,-8.0,-42.0,220.0
-36.0,-8.0,-42.0,220.0
-34.0,-8.0,-42.0,220.0
-32.0,-8.0,-42.0,220.0
-30.0,-8.0,-42.0,220.0
-28.0,-8.0,-42.0,575.0
28.0,-8.0,-42.0,528.0
30.0,-8.0,-42.0,528.0
32.0,-8.0,-42.0,528.0
34.0,-8.0,-42.0,21.0
36.0,-8.0,-42.0,21.0
38.0,-8.0,-42.0,21.0
40.0,-8.0,-42.0,21.0
42.0,-8.0,-42.0,21.0
44.0,-8.0,-42.0,21.0
46.0,-8.0,-42.0,504.0
48.0,-8.0,-42.0,311.0
50.0,-8.0,-42.0,311.0
52.0,-8.0,-42.0,311.0
54.0,-8.0,-42.0,311.0
-54.0,-6.0,-42.0,163.0
-52.0,-6.0,-42.0,163.0
-50.0,-6.0,-42.0,163.0
-48.0,-6.0,-42.0,163.0
-46.0,-6.0,-42.0,163.0
-44.0,-6.0,-42.0,220.0
-42.0,-6.0,-42.0,220.0
-40.0,-6.0,-42.0,220.0
-38.0,-6.0,-42.0,220.0
-36.0,-6.0,-42.0,220.0
-34.0,-6.0,-42.0,220.0
-32.0,-6.0,-42.0,220.0
-30.0,-6.0,-42.0,220.0
-28.0,-6.0,-42.0,562.0
28.0,-6.0,-42.0,528.0
30.0,-6.0,-42.0,528.0
32.0,-6.0,-42.0,528.0
34.0,-6.0,-42.0,21.0
36.0,-6.0,-42.0,21.0
38.0,-6.0,-42.0,21.0
40.0,-6.0,-42.0,21.0
42.0,-6.0,-42.0,21.0
44.0,-6.0,-42.0,504.0
46.0,-6.0,-42.0,504.0
48.0,-6.0,-42.0,504.0
50.0,-6.0,-42.0,311.0
52.0,-6.0,-42.0,311.0
54.0,-6.0,-42.0,311.0
-56.0,-4.0,-42.0,163.0
-54.0,-4.0,-42.0,163.0
-52.0,-4.0,-42.0,163.0
-50.0,-4.0,-42.0,163.0
-48.0,-4.0,-42.0,163.0
-46.0,-4.0,-42.0,220.0
-44.0,-4.0,-42.0,220.0
-42.0,-4.0,-42.0,220.0
-40.0,-4.0,-42.0,220.0
-38.0,-4.0,-42.0,220.0
-36.0,-4.0,-42.0,220.0
-34.0,-4.0,-42.0,220.0
-32.0,-4.0,-42.0,220.0
-30.0,-4.0,-42.0,562.0
-28.0,-4.0,-42.0,562.0
-26.0,-4.0,-42.0,592.0
26.0,-4.0,-42.0,528.0
28.0,-4.0,-42.0,528.0
30.0,-4.0,-42.0,528.0
32.0,-4.0,-42.0,528.0
34.0,-4.0,-42.0,528.0
36.0,-4.0,-42.0,21.0
38.0,-4.0,-42.0,21.0
40.0,-4.0,-42.0,21.0
42.0,-4.0,-42.0,504.0
44.0,-4.0,-42.0,504.0
46.0,-4.0,-42.0,504.0
48.0,-4.0,-42.0,504.0
50.0,-4.0,-42.0,504.0
52.0,-4.0,-42.0,311.0
54.0,-4.0,-42.0,311.0
-54.0,-2.0,-42.0,523.0
-52.0,-2.0,-42.0,523.0
-50.0,-2.0,-42.0,523.0
-48.0,-2.0,-42.0,523.0
-46.0,-2.0,-42.0,523.0
-44.0,-2.0,-42.0,220.0
-42.0,-2.0,-42.0,220.0
-40.0,-2.0,-42.0,220.0
-38.0,-2.0,-42.0,220.0
-36.0,-2.0,-42.0,220.0
-34.0,-2.0,-42.0,220.0
-32.0,-2.0,-42.0,562.0
-30.0,-2.0,-42.0,562.0
-28.0,-2.0,-42.0,562.0
-26.0,-2.0,-42.0,562.0
-24.0,-2.0,-42.0,592.0
26.0,-2.0,-42.0,528.0
28.0,-2.0,-42.0,528.0
30.0,-2.0,-42.0,528.0
32.0,-2.0,-42.0,528.0
34.0,-2.0,-42.0,265.0
36.0,-2.0,-42.0,265.0
38.0,-2.0,-42.0,265.0
40.0,-2.0,-42.0,504.0
42.0,-2.0,-42.0,504.0
44.0,-2.0,-42.0,504.0
46.0,-2.0,-42.0,504.0
48.0,-2.0,-42.0,504.0
50.0,-2.0,-42.0,504.0
52.0,-2.0,-42.0,311.0
-54.0,-0.0,-42.0,523.0
-52.0,-0.0,-42.0,523.0
-50.0,-0.0,-42.0,523.0
-48.0,-0.0,-42.0,523.0
-46.0,-0.0,-42.0,523.0
-44.0,-0.0,-42.0,220.0
-42.0,-0.0,-42.0,220.0
-40.0,-0.0,-42.0,220.0
-38.0,-0.0,-42.0,220.0
-36.0,-0.0,-42.0,220.0
-34.0,-0.0,-42.0,220.0
-32.0,-0.0,-42.0,105.0
-30.0,-0.0,-42.0,562.0
-28.0,-0.0,-42.0,562.0
-26.0,-0.0,-42.0,562.0
-24.0,-0.0,-42.0,592.0
26.0,-0.0,-42.0,528.0
28.0,-0.0,-42.0,528.0
30.0,-0.0,-42.0,400.0
32.0,-0.0,-42.0,400.0
34.0,-0.0,-42.0,265.0
36.0,-0.0,-42.0,265.0
38.0,-0.0,-42.0,265.0
40.0,-0.0,-42.0,265.0
42.0,-0.0,-42.0,504.0
44.0,-0.0,-42.0,504.0
46.0,-0.0,-42.0,504.0
48.0,-0.0,-42.0,504.0
50.0,-0.0,-42.0,504.0
52.0,-0.0,-42.0,504.0
-52.0,2.0,-42.0,523.0
-50.0,2.0,-42.0,523.0
-48.0,2.0,-42.0,523.0
-46.0,2.0,-42.0,523.0
-44.0,2.0,-42.0,220.0
-42.0,2.0,-42.0,220.0
-40.0,2.0,-42.0,220.0
-38.0,2.0,-42.0,220.0
-36.0,2.0,-42.0,220.0
-34.0,2.0,-42.0,105.0
-32.0,2.0,-42.0,105.0
-30.0,2.0,-42.0,105.0
-28.0,2.0,-42.0,562.0
-26.0,2.0,-42.0,562.0
-24.0,2.0,-42.0,592.0
-22.0,2.0,-42.0,592.0
24.0,2.0,-42.0,244.0
26.0,2.0,-42.0,400.0
28.0,2.0,-42.0,400.0
30.0,2.0,-42.0,400.0
32.0,2.0,-42.0,400.0
34.0,2.0,-42.0,265.0
36.0,2.0,-42.0,265.0
38.0,2.0,-42.0,265.0
40.0,2.0,-42.0,265.0
42.0,2.0,-42.0,289.0
44.0,2.0,-42.0,289.0
46.0,2.0,-42.0,289.0
48.0,2.0,-42.0,504.0
50.0,2.0,-42.0,504.0
52.0,2.0,-42.0,504.0
-52.0,4.0,-42.0,523.0
-50.0,4.0,-42.0,523.0
-48.0,4.0,-42.0,523.0
-46.0,4.0,-42.0,523.0
-44.0,4.0,-42.0,523.0
-42.0,4.0,-42.0,220.0
-40.0,4.0,-42.0,220.0
-38.0,4.0,-42.0,220.0
-36.0,4.0,-42.0,105.0
-34.0,4.0,-42.0,105.0
-32.0,4.0,-42.0,105.0
-30.0,4.0,-42.0,105.0
-28.0,4.0,-42.0,105.0
-26.0,4.0,-42.0,562.0
-24.0,4.0,-42.0,592.0
-22.0,4.0,-42.0,592.0
22.0,4.0,-42.0,244.0
24.0,4.0,-42.0,244.0
26.0,4.0,-42.0,244.0
28.0,4.0,-42.0,400.0
30.0,4.0,-42.0,400.0
32.0,4.0,-42.0,400.0
34.0,4.0,-42.0,265.0
36.0,4.0,-42.0,265.0
38.0,4.0,-42.0,265.0
40.0,4.0,-42.0,289.0
42.0,4.0,-42.0,289.0
44.0,4.0,-42.0,289.0
46.0,4.0,-42.0,289.0
48.0,4.0,-42.0,289.0
50.0,4.0,-42.0,289.0
52.0,4.0,-42.0,289.0
-52.0,6.0,-42.0,523.0
-50.0,6.0,-42.0,523.0
-48.0,6.0,-42.0,523.0
-46.0,6.0,-42.0,523.0
-44.0,6.0,-42.0,523.0
-42.0,6.0,-42.0,220.0
-40.0,6.0,-42.0,220.0
-38.0,6.0,-42.0,105.0
-36.0,6.0,-42.0,105.0
-34.0,6.0,-42.0,105.0
-32.0,6.0,-42.0,105.0
-30.0,6.0,-42.0,105.0
-28.0,6.0,-42.0,105.0
-26.0,6.0,-42.0,105.0
-24.0,6.0,-42.0,562.0
-22.0,6.0,-42.0,592.0
-20.0,6.0,-42.0,592.0
20.0,6.0,-42.0,244.0
22.0,6.0,-42.0,244.0
24.0,6.0,-42.0,244.0
26.0,6.0,-42.0,244.0
28.0,6.0,-42.0,400.0
30.0,6.0,-42.0,400.0
32.0,6.0,-42.0,400.0
34.0,6.0,-42.0,265.0
36.0,6.0,-42.0,265.0
38.0,6.0,-42.0,265.0
40.0,6.0,-42.0,289.0
42.0,6.0,-42.0,289.0
44.0,6.0,-42.0,289.0
46.0,6.0,-42.0,289.0
48.0,6.0,-42.0,289.0
50.0,6.0,-42.0,289.0
-50.0,8.0,-42.0,523.0
-48.0,8.0,-42.0,523.0
-46.0,8.0,-42.0,523.0
-44.0,8.0,-42.0,523.0
-42.0,8.0,-42.0,220.0
-40.0,8.0,-42.0,105.0
-38.0,8.0,-42.0,105.0
-36.0,8.0,-42.0,105.0
-34.0,8.0,-42.0,105.0
-32.0,8.0,-42.0,105.0
-30.0,8.0,-42.0,105.0
-28.0,8.0,-42.0,105.0
-26.0,8.0,-42.0,105.0
-24.0,8.0,-42.0,105.0
-22.0,8.0,-42.0,592.0
-20.0,8.0,-42.0,592.0
20.0,8.0,-42.0,244.0
22.0,8.0,-42.0,244.0
24.0,8.0,-42.0,244.0
26.0,8.0,-42.0,244.0
28.0,8.0,-42.0,244.0
30.0,8.0,-42.0,400.0
32.0,8.0,-42.0,400.0
34.0,8.0,-42.0,265.0
36.0,8.0,-42.0,265.0
38.0,8.0,-42.0,265.0
40.0,8.0,-42.0,289.0
42.0,8.0,-42.0,289.0
44.0,8.0,-42.0,289.0
46.0,8.0,-42.0,289.0
48.0,8.0,-42.0,289.0
50.0,8.0,-42.0,289.0
-50.0,10.0,-42.0,523.0
-48.0,10.0,-42.0,523.0
-46.0,10.0,-42.0,523.0
-44.0,10.0,-42.0,523.0
-42.0,10.0,-42.0,105.0
-40.0,10.0,-42.0,105.0
-38.0,10.0,-42.0,105.0
-36.0,10.0,-42.0,105.0
-34.0,10.0,-42.0,105.0
-32.0,10.0,-42.0,105.0
-30.0,10.0,-42.0,105.0
-28.0,10.0,-42.0,105.0
-26.0,10.0,-42.0,105.0
-24.0,10.0,-42.0,105.0
-22.0,10.0,-42.0,592.0
-20.0,10.0,-42.0,592.0
20.0,10.0,-42.0,244.0
22.0,10.0,-42.0,244.0
24.0,10.0,-42.0,244.0
26.0,10.0,-42.0,244.0
28.0,10.0,-42.0,244.0
30.0,10.0,-42.0,400.0
32.0,10.0,-42.0,400.0
34.0,10.0,-42.0,265.0
36.0,10.0,-42.0,265.0
38.0,10.0,-42.0,289.0
40.0,10.0,-42.0,289.0
42.0,10.0,-42.0,289.0
44.0,10.0,-42.0,289.0
46.0,10.0,-42.0,289.0
48.0,10.0,-42.0,289.0
50.0,10.0,-42.0,289.0
-50.0,12.0,-42.0,523.0
-48.0,12.0,-42.0,523.0
-46.0,12.0,-42.0,523.0
-44.0,12.0,-42.0,523.0
-42.0,12.0,-42.0,105.0
-40.0,12.0,-42.0,105.0
-38.0,12.0,-42.0,105.0
-36.0,12.0,-42.0,105.0
-34.0,12.0,-42.0,105.0
-32.0,12.0,-42.0,105.0
-30.0,12.0,-42.0,105.0
-28.0,12.0,-42.0,105.0
-26.0,12.0,-42.0,105.0
-24.0,12.0,-42.0,105.0
-22.0,12.0,-42.0,297.0
-20.0,12.0,-42.0,297.0
20.0,12.0,-42.0,244.0
22.0,12.0,-42.0,244.0
24.0,12.0,-42.0,244.0
26.0,12.0,-42.0,244.0
28.0,12.0,-42.0,244.0
30.0,12.0,-42.0,244.0
32.0,12.0,-42.0,400.0
34.0,12.0,-42.0,265.0
36.0,12.0,-42.0,265.0
38.0,12.0,-42.0,289.0
40.0,12.0,-42.0,289.0
42.0,12.0,-42.0,289.0
44.0,12.0,-42.0,289.0
46.0,12.0,-42.0,289.0
48.0,12.0,-42.0,289.0
-48.0,14.0,-42.0,523.0
-46.0,14.0,-42.0,523.0
-44.0,14.0,-42.0,523.0
-42.0,14.0,-42.0,105.0
-40.0,14.0,-42.0,105.0
-38.0,14.0,-42.0,105.0
-36.0,14.0,-42.0,105.0
-34.0,14.0,-42.0,105.0
-32.0,14.0,-42.0,105.0
-30.0,14.0,-42.0,105.0
-28.0,14.0,-42.0,105.0
-26.0,14.0,-42.0,105.0
-24.0,14.0,-42.0,105.0
-22.0,14.0,-42.0,297.0
-20.0,14.0,-42.0,297.0
20.0,14.0,-42.0,244.0
22.0,14.0,-42.0,244.0
24.0,14.0,-42.0,244.0
26.0,14.0,-42.0,244.0
28.0,14.0,-42.0,244.0
30.0,14.0,-42.0,244.0
32.0,14.0,-42.0,400.0
34.0,14.0,-42.0,265.0
36.0,14.0,-42.0,265.0
38.0,14.0,-42.0,289.0
40.0,14.0,-42.0,289.0
42.0,14.0,-42.0,289.0
44.0,14.0,-42.0,289.0
46.0,14.0,-42.0,289.0
-46.0,16.0,-42.0,318.0
-44.0,16.0,-42.0,318.0
-42.0,16.0,-42.0,318.0
-40.0,16.0,-42.0,318.0
-38.0,16.0,-42.0,105.0
-36.0,16.0,-42.0,105.0
-34.0,16.0,-42.0,105.0
-32.0,16.0,-42.0,105.0
-30.0,16.0,-42.0,105.0
-28.0,16.0,-42.0,105.0
-26.0,16.0,-42.0,105.0
-24.0,16.0,-42.0,105.0
-22.0,16.0,-42.0,297.0
-20.0,16.0,-42.0,297.0
22.0,16.0,-42.0,244.0
24.0,16.0,-42.0,244.0
26.0,16.0,-42.0,244.0
28.0,16.0,-42.0,129.0
30.0,16.0,-42.0,129.0
32.0,16.0,-42.0,129.0
34.0,16.0,-42.0,129.0
36.0,16.0,-42.0,129.0
38.0,16.0,-42.0,289.0
40.0,16.0,-42.0,289.0
42.0,16.0,-42.0,289.0
-44.0,18.0,-42.0,318.0
-42.0,18.0,-42.0,318.0
-40.0,18.0,-42.0,318.0
-38.0,18.0,-42.0,318.0
-36.0,18.0,-42.0,318.0
-34.0,18.0,-42.0,318.0
-32.0,18.0,-42.0,105.0
-30.0,18.0,-42.0,105.0
-28.0,18.0,-42.0,105.0
-26.0,18.0,-42.0,105.0
-24.0,18.0,-42.0,105.0
24.0,18.0,-42.0,129.0
26.0,18.0,-42.0,129.0
28.0,18.0,-42.0,129.0
30.0,18.0,-42.0,129.0
32.0,18.0,-42.0,129.0
34.0,18.0,-42.0,129.0
36.0,18.0,-42.0,129.0
38.0,18.0,-42.0,129.0
40.0,18.0,-42.0,289.0
-42.0,20.0,-42.0,318.0
-40.0,20.0,-42.0,318.0
-38.0,20.0,-42.0,318.0
-36.0,20.0,-42.0,318.0
-34.0,20.0,-42.0,318.0
-32.0,20.0,-42.0,318.0
-30.0,20.0,-42.0,318.0
-28.0,20.0,-42.0,318.0
-26.0,20.0,-42.0,105.0
28.0,20.0,-42.0,129.0
30.0,20.0,-42.0,129.0
32.0,20.0,-42.0,129.0
34.0,20.0,-42.0,129.0
36.0,20.0,-42.0,129.0
-38.0,22.0,-42.0,318.0
-36.0,22.0,-42.0,318.0
-34.0,22.0,-42.0,318.0
-32.0,22.0,-42.0,318.0
-30.0,22.0,-42.0,318.0
34.0,-16.0,-40.0,187.0
36.0,-16.0,-40.0,21.0
38.0,-16.0,-40.0,21.0
-34.0,-14.0,-40.0,220.0
30.0,-14.0,-40.0,187.0
32.0,-14.0,-40.0,187.0
34.0,-14.0,-40.0,21.0
36.0,-14.0,-40.0,21.0
38.0,-14.0,-40.0,21.0
40.0,-14.0,-40.0,21.0
42.0,-14.0,-40.0,21.0
44.0,-14.0,-40.0,21.0
46.0,-14.0,-40.0,21.0
48.0,-14.0,-40.0,311.0
50.0,-14.0,-40.0,311.0
52.0,-14.0,-40.0,311.0
54.0,-14.0,-40.0,311.0
56.0,-14.0,-40.0,311.0
-50.0,-12.0,-40.0,163.0
-48.0,-12.0,-40.0,163.0
-46.0,-12.0,-40.0,163.0
-40.0,-12.0,-40.0,220.0
-38.0,-12.0,-40.0,220.0
-36.0,-12.0,-40.0,220.0
-34.0,-12.0,-40.0,220.0
-32.0,-12.0,-40.0,220.0
30.0,-12.0,-40.0,528.0
32.0,-12.0,-40.0,21.0
34.0,-12.0,-40.0,21.0
36.0,-12.0,-40.0,21.0
38.0,-12.0,-40.0,21.0
40.0,-12.0,-40.0,21.0
42.0,-12.0,-40.0,21.0
44.0,-12.0,-40.0,21.0
46.0,-12.0,-40.0,21.0
48.0,-12.0,-40.0,311.0
50.0,-12.0,-40.0,311.0
52.0,-12.0,-40.0,311.0
54.0,-12.0,-40.0,311.0
56.0,-12.0,-40.0,311.0
-58.0,-10.0,-40.0,163.0
-56.0,-10.0,-40.0,163.0
-54.0,-10.0,-40.0,163.0
-52.0,-10.0,-40.0,163.0
-50.0,-10.0,-40.0,163.0
-48.0,-10.0,-40.0,163.0
-46.0,-10.0,-40.0,163.0
-44.0,-10.0,-40.0,220.0
-40.0,-10.0,-40.0,220.0
-38.0,-10.0,-40.0,220.0
-36.0,-10.0,-40.0,220.0
-34.0,-10.0,-40.0,220.0
-32.0,-10.0,-40.0,220.0
-30.0,-10.0,-40.0,220.0
28.0,-10.0,-40.0,528.0
30.0,-10.0,-40.0,528.0
32.0,-10.0,-40.0,21.0
34.0,-10.0,-40.0,21.0
36.0,-10.0,-40.0,21.0
38.0,-10.0,-40.0,21.0
40.0,-10.0,-40.0,21.0
42.0,-10.0,-40.0,21.0
44.0,-10.0,-40.0,21.0
46.0,-10.0,-40.0,21.0
48.0,-10.0,-40.0,311.0
50.0,-10.0,-40.0,311.0
52.0,-10.0,-40.0,311.0
54.0,-10.0,-40.0,311.0
56.0,-10.0,-40.0,311.0
-58.0,-8.0,-40.0,163.0
-56.0,-8.0,-40.0,163.0
-54.0,-8.0,-40.0,163.0
-52.0,-8.0,-40.0,163.0
-50.0,-8.0,-40.0,163.0
-48.0,-8.0,-40.0,163.0
-46.0,-8.0,-40.0,163.0
-44.0,-8.0,-40.0,220.0
-42.0,-8.0,-40.0,220.0
-40.0,-8.0,-40.0,220.0
-38.0,-8.0,-40.0,220.0
-36.0,-8.0,-40.0,220.0
-34.0,-8.0,-40.0,220.0
-32.0,-8.0,-40.0,220.0
-30.0,-8.0,-40.0,220.0
-28.0,-8.0,-40.0,220.0
26.0,-8.0,-40.0,528.0
28.0,-8.0,-40.0,528.0
30.0,-8.0,-40.0,528.0
32.0,-8.0,-40.0,528.0
34.0,-8.0,-40.0,21.0
36.0,-8.0,-40.0,21.0
38.0,-8.0,-40.0,21.0
40.0,-8.0,-40.0,21.0
42.0,-8.0,-40.0,21.0
44.0,-8.0,-40.0,21.0
46.0,-8.0,-40.0,311.0
48.0,-8.0,-40.0,311.0
50.0,-8.0,-40.0,311.0
52.0,-8.0,-40.0,311.0
54.0,-8.0,-40.0,311.0
56.0,-8.0,-40.0,311.0
-56.0,-6.0,-40.0,163.0
-54.0,-6.0,-40.0,163.0
-52.0,-6.0,-40.0,163.0
-50.0,-6.0,-40.0,163.0
-48.0,-6.0,-40.0,163.0
-46.0,-6.0,-40.0,163.0
-44.0,-6.0,-40.0,220.0
-42.0,-6.0,-40.0,220.0
-40.0,-6.0,-40.0,220.0
-38.0,-6.0,-40.0,220.0
-36.0,-6.0,-40.0,220.0
-34.0,-6.0,-40.0,220.0
-32.0,-6.0,-40.0,220.0
-30.0,-6.0,-40.0,220.0
-28.0,-6.0,-40.0,592.0
-26.0,-6.0,-40.0,592.0
26.0,-6.0,-40.0,528.0
28.0,-6.0,-40.0,528.0
30.0,-6.0,-40.0,528.0
32.0,-6.0,-40.0,528.0
34.0,-6.0,-40.0,21.0
36.0,-6.0,-40.0,21.0
38.0,-6.0,-40.0,21.0
40.0,-6.0,-40.0,21.0
42.0,-6.0,-40.0,21.0
44.0,-6.0,-40.0,21.0
46.0,-6.0,-40.0,504.0
48.0,-6.0,-40.0,311.0
50.0,-6.0,-40.0,311.0
52.0,-6.0,-40.0,311.0
54.0,-6.0,-40.0,311.0
56.0,-6.0,-40.0,311.0
-56.0,-4.0,-40.0,163.0
-54.0,-4.0,-40.0,163.0
-52.0,-4.0,-40.0,163.0
-50.0,-4.0,-40.0,163.0
-48.0,-4.0,-40.0,163.0
-46.0,-4.0,-40.0,220.0
-44.0,-4.0,-40.0,220.0
-42.0,-4.0,-40.0,220.0
-40.0,-4.0,-40.0,220.0
-38.0,-4.0,-40.0,220.0
-36.0,-4.0,-40.0,220.0
-34.0,-4.0,-40.0,220.0
-32.0,-4.0,-40.0,220.0
-30.0,-4.0,-40.0,220.0
-28.0,-4.0,-40.0,592.0
-26.0,-4.0,-40.0,592.0
26.0,-4.0,-40.0,528.0
28.0,-4.0,-40.0,528.0
30.0,-4.0,-40.0,528.0
32.0,-4.0,-40.0,528.0
34.0,-4.0,-40.0,528.0
36.0,-4.0,-40.0,21.0
38.0,-4.0,-40.0,21.0
40.0,-4.0,-40.0,21.0
42.0,-4.0,-40.0,21.0
44.0,-4.0,-40.0,504.0
46.0,-4.0,-40.0,504.0
48.0,-4.0,-40.0,311.0
50.0,-4.0,-40.0,311.0
52.0,-4.0,-40.0,311.0
54.0,-4.0,-40.0,311.0
-56.0,-2.0,-40.0,163.0
-54.0,-2.0,-40.0,163.0
-52.0,-2.0,-40.0,163.0
-50.0,-2.0,-40.0,163.0
-48.0,-2.0,-40.0,523.0
-46.0,-2.0,-40.0,220.0
-44.0,-2.0,-40.0,220.0
-42.0,-2.0,-40.0,220.0
-40.0,-2.0,-40.0,220.0
-38.0,-2.0,-40.0,220.0
-36.0,-2.0,-40.0,220.0
-34.0,-2.0,-40.0,220.0
-32.0,-2.0,-40.0,220.0
-30.0,-2.0,-40.0,105.0
-28.0,-2.0,-40.0,562.0
-26.0,-2.0,-40.0,592.0
-24.0,-2.0,-40.0,592.0
26.0,-2.0,-40.0,528.0
28.0,-2.0,-40.0,528.0
30.0,-2.0,-40.0,528.0
32.0,-2.0,-40.0,528.0
34.0,-2.0,-40.0,265.0
36.0,-2.0,-40.0,265.0
38.0,-2.0,-40.0,265.0
40.0,-2.0,-40.0,21.0
42.0,-2.0,-40.0,504.0
44.0,-2.0,-40.0,504.0
46.0,-2.0,-40.0,504.0
48.0,-2.0,-40.0,504.0
50.0,-2.0,-40.0,311.0
52.0,-2.0,-40.0,311.0
54.0,-2.0,-40.0,311.0
-54.0,-0.0,-40.0,523.0
-52.0,-0.0,-40.0,523.0
-50.0,-0.0,-40.0,523.0
-48.0,-0.0,-40.0,523.0
-46.0,-0.0,-40.0,220.0
-44.0,-0.0,-40.0,220.0
-42.0,-0.0,-40.0,220.0
-40.0,-0.0,-40.0,220.0
-38.0,-0.0,-40.0,220.0
-36.0,-0.0,-40.0,220.0
-34.0,-0.0,-40.0,220.0
-32.0,-0.0,-40.0,105.0
-30.0,-0.0,-40.0,105.0
-28.0,-0.0,-40.0,105.0
-26.0,-0.0,-40.0,592.0
-24.0,-0.0,-40.0,592.0
-22.0,-0.0,-40.0,592.0
24.0,-0.0,-40.0,528.0
26.0,-0.0,-40.0,528.0
28.0,-0.0,-40.0,528.0
30.0,-0.0,-40.0,528.0
32.0,-0.0,-40.0,400.0
34.0,-0.0,-40.0,265.0
36.0,-0.0,-40.0,265.0
38.0,-0.0,-40.0,265.0
40.0,-0.0,-40.0,265.0
42.0,-0.0,-40.0,369.0
44.0,-0.0,-40.0,504.0
46.0,-0.0,-40.0,504.0
48.0,-0.0,-40.0,504.0
50.0,-0.0,-40.0,504.0
52.0,-0.0,-40.0,311.0
-54.0,2.0,-40.0,523.0
-52.0,2.0,-40.0,523.0
-50.0,2.0,-40.0,523.0
-48.0,2.0,-40.0,523.0
-46.0,2.0,-40.0,523.0
-44.0,2.0,-40.0,220.0
-42.0,2.0,-40.0,220.0
-40.0,2.0,-40.0,220.0
-38.0,2.0,-40.0,220.0
-36.0,2.0,-40.0,220.0
-34.0,2.0,-40.0,105.0
-32.0,2.0,-40.0,105.0
-30.0,2.0,-40.0,105.0
-28.0,2.0,-40.0,105.0
-26.0,2.0,-40.0,592.0
-24.0,2.0,-40.0,592.0
-22.0,2.0,-40.0,592.0
24.0,2.0,-40.0,244.0
26.0,2.0,-40.0,400.0
28.0,2.0,-40.0,400.0
30.0,2.0,-40.0,400.0
32.0,2.0,-40.0,400.0
34.0,2.0,-40.0,265.0
36.0,2.0,-40.0,265.0
38.0,2.0,-40.0,265.0
40.0,2.0,-40.0,265.0
42.0,2.0,-40.0,369.0
44.0,2.0,-40.0,289.0
46.0,2.0,-40.0,289.0
48.0,2.0,-40.0,289.0
50.0,2.0,-40.0,504.0
52.0,2.0,-40.0,311.0
-54.0,4.0,-40.0,523.0
-52.0,4.0,-40.0,523.0
-50.0,4.0,-40.0,523.0
-48.0,4.0,-40.0,523.0
-46.0,4.0,-40.0,523.0
-44.0,4.0,-40.0,220.0
-42.0,4.0,-40.0,220.0
-40.0,4.0,-40.0,220.0
-38.0,4.0,-40.0,220.0
-36.0,4.0,-40.0,105.0
-34.0,4.0,-40.0,105.0
-32.0,4.0,-40.0,105.0
-30.0,4.0,-40.0,105.0
-28.0,4.0,-40.0,105.0
-26.0,4.0,-40.0,105.0
-24.0,4.0,-40.0,592.0
-22.0,4.0,-40.0,592.0
-20.0,4.0,-40.0,592.0
22.0,4.0,-40.0,244.0
24.0,4.0,-40.0,244.0
26.0,4.0,-40.0,244.0
28.0,4.0,-40.0,400.0
30.0,4.0,-40.0,400.0
32.0,4.0,-40.0,400.0
34.0,4.0,-40.0,265.0
36.0,4.0,-40.0,265.0
38.0,4.0,-40.0,265.0
40.0,4.0,-40.0,265.0
42.0,4.0,-40.0,289.0
44.0,4.0,-40.0,289.0
46.0,4.0,-40.0,289.0
48.0,4.0,-40.0,289.0
50.0,4.0,-40.0,289.0
52.0,4.0,-40.0,289.0
-54.0,6.0,-40.0,523.0
-52.0,6.0,-40.0,523.0
-50.0,6.0,-40.0,523.0
-48.0,6.0,-40.0,523.0
-46.0,6.0,-40.0,523.0
-44.0,6.0,-40.0,220.0
-42.0,6.0,-40.0,220.0
-40.0,6.0,-40.0,220.0
-38.0,6.0,-40.0,105.0
-36.0,6.0,-40.0,105.0
-34.0,6.0,-40.0,105.0
-32.0,6.0,-40.0,105.0
-30.0,6.0,-40.0,105.0
-28.0,6.0,-40.0,105.0
-26.0,6.0,-40.0,105.0
-24.0,6.0,-40.0,592.0
-22.0,6.0,-40.0,592.0
-20.0,6.0,-40.0,592.0
22.0,6.0,-40.0,244.0
24.0,6.0,-40.0,244.0
26.0,6.0,-40.0,244.0
28.0,6.0,-40.0,400.0
30.0,6.0,-40.0,400.0
32.0,6.0,-40.0,400.0
34.0,6.0,-40.0,265.0
36.0,6.0,-40.0,265.0
38.0,6.0,-40.0,265.0
40.0,6.0,-40.0,289.0
42.0,6.0,-40.0,289.0
44.0,6.0,-40.0,289.0
46.0,6.0,-40.0,289.0
48.0,6.0,-40.0,289.0
50.0,6.0,-40.0,289.0
52.0,6.0,-40.0,289.0
-54.0,8.0,-40.0,523.0
-52.0,8.0,-40.0,523.0
-50.0,8.0,-40.0,523.0
-48.0,8.0,-40.0,523.0
-46.0,8.0,-40.0,523.0
-44.0,8.0,-40.0,523.0
-42.0,8.0,-40.0,220.0
-40.0,8.0,-40.0,105.0
-38.0,8.0,-40.0,105.0
-36.0,8.0,-40.0,105.0
-34.0,8.0,-40.0,105.0
-32.0,8.0,-40.0,105.0
-30.0,8.0,-40.0,105.0
-28.0,8.0,-40.0,105.0
-26.0,8.0,-40.0,105.0
-24.0,8.0,-40.0,592.0
-22.0,8.0,-40.0,592.0
-20.0,8.0,-40.0,592.0
22.0,8.0,-40.0,244.0
24.0,8.0,-40.0,244.0
26.0,8.0,-40.0,244.0
28.0,8.0,-40.0,244.0
30.0,8.0,-40.0,400.0
32.0,8.0,-40.0,400.0
34.0,8.0,-40.0,265.0
36.0,8.0,-40.0,265.0
38.0,8.0,-40.0,265.0
40.0,8.0,-40.0,289.0
42.0,8.0,-40.0,289.0
44.0,8.0,-40.0,289.0
46.0,8.0,-40.0,289.0
48.0,8.0,-40.0,289.0
50.0,8.0,-40.0,289.0
52.0,8.0,-40.0,289.0
-52.0,10.0,-40.0,523.0
-50.0,10.0,-40.0,523.0
-48.0,10.0,-40.0,523.0
-46.0,10.0,-40.0,523.0
-44.0,10.0,-40.0,523.0
-42.0,10.0,-40.0,521.0
-40.0,10.0,-40.0,521.0
-38.0,10.0,-40.0,105.0
-36.0,10.0,-40.0,105.0
-34.0,10.0,-40.0,105.0
-32.0,10.0,-40.0,105.0
-30.0,10.0,-40.0,105.0
-28.0,10.0,-40.0,105.0
-26.0,10.0,-40.0,105.0
-24.0,10.0,-40.0,105.0
-22.0,10.0,-40.0,297.0
-20.0,10.0,-40.0,297.0
22.0,10.0,-40.0,244.0
24.0,10.0,-40.0,244.0
26.0,10.0,-40.0,244.0
28.0,10.0,-40.0,244.0
30.0,10.0,-40.0,400.0
32.0,10.0,-40.0,400.0
34.0,10.0,-40.0,265.0
36.0,10.0,-40.0,265.0
38.0,10.0,-40.0,265.0
40.0,10.0,-40.0,289.0
42.0,10.0,-40.0,289.0
44.0,10.0,-40.0,289.0
46.0,10.0,-40.0,289.0
48.0,10.0,-40.0,289.0
50.0,10.0,-40.0,289.0
-52.0,12.0,-40.0,523.0
-50.0,12.0,-40.0,523.0
-48.0,12.0,-40.0,523.0
-46.0,12.0,-40.0,523.0
-44.0,12.0,-40.0,521.0
-42.0,12.0,-40.0,521.0
-40.0,12.0,-40.0,521.0
-38.0,12.0,-40.0,105.0
-36.0,12.0,-40.0,105.0
-34.0,12.0,-40.0,105.0
-32.0,12.0,-40.0,105.0
-30.0,12.0,-40.0,105.0
-28.0,12.0,-40.0,105.0
-26.0,12.0,-40.0,105.0
-24.0,12.0,-40.0,105.0
-22.0,12.0,-40.0,297.0
-20.0,12.0,-40.0,297.0
20.0,12.0,-40.0,244.0
22.0,12.0,-40.0,244.0
24.0,12.0,-40.0,244.0
26.0,12.0,-40.0,244.0
28.0,12.0,-40.0,244.0
30.0,12.0,-40.0,244.0
32.0,12.0,-40.0,400.0
34.0,12.0,-40.0,114.0
36.0,12.0,-40.0,114.0
38.0,12.0,-40.0,114.0
40.0,12.0,-40.0,289.0
42.0,12.0,-40.0,289.0
44.0,12.0,-40.0,289.0
46.0,12.0,-40.0,289.0
48.0,12.0,-40.0,289.0
50.0,12.0,-40.0,289.0
-50.0,14.0,-40.0,523.0
-48.0,14.0,-40.0,523.0
-46.0,14.0,-40.0,523.0
-44.0,14.0,-40.0,521.0
-42.0,14.0,-40.0,521.0
-40.0,14.0,-40.0,521.0
-38.0,14.0,-40.0,521.0
-36.0,14.0,-40.0,105.0
-34.0,14.0,-40.0,105.0
-32.0,14.0,-40.0,105.0
-30.0,14.0,-40.0,105.0
-28.0,14.0,-40.0,105.0
-26.0,14.0,-40.0,105.0
-24.0,14.0,-40.0,297.0
-22.0,14.0,-40.0,297.0
-20.0,14.0,-40.0,297.0
20.0,14.0,-40.0,244.0
22.0,14.0,-40.0,244.0
24.0,14.0,-40.0,244.0
26.0,14.0,-40.0,244.0
28.0,14.0,-40.0,244.0
30.0,14.0,-40.0,244.0
32.0,14.0,-40.0,114.0
34.0,14.0,-40.0,114.0
36.0,14.0,-40.0,114.0
38.0,14.0,-40.0,114.0
40.0,14.0,-40.0,289.0
42.0,14.0,-40.0,289.0
44.0,14.0,-40.0,289.0
46.0,14.0,-40.0,289.0
48.0,14.0,-40.0,289.0
-48.0,16.0,-40.0,523.0
-46.0,16.0,-40.0,318.0
-44.0,16.0,-40.0,318.0
-42.0,16.0,-40.0,318.0
-40.0,16.0,-40.0,318.0
-38.0,16.0,-40.0,323.0
-36.0,16.0,-40.0,323.0
-34.0,16.0,-40.0,105.0
-32.0,16.0,-40.0,105.0
-30.0,16.0,-40.0,105.0
-28.0,16.0,-40.0,105.0
-26.0,16.0,-40.0,105.0
-24.0,16.0,-40.0,297.0
-22.0,16.0,-40.0,297.0
-20.0,16.0,-40.0,297.0
20.0,16.0,-40.0,244.0
22.0,16.0,-40.0,244.0
24.0,16.0,-40.0,244.0
26.0,16.0,-40.0,129.0
28.0,16.0,-40.0,129.0
30.0,16.0,-40.0,129.0
32.0,16.0,-40.0,129.0
34.0,16.0,-40.0,129.0
36.0,16.0,-40.0,129.0
38.0,16.0,-40.0,114.0
40.0,16.0,-40.0,289.0
42.0,16.0,-40.0,289.0
44.0,16.0,-40.0,289.0
46.0,16.0,-40.0,289.0
-46.0,18.0,-40.0,318.0
-44.0,18.0,-40.0,318.0
-42.0,18.0,-40.0,318.0
-40.0,18.0,-40.0,318.0
-38.0,18.0,-40.0,318.0
-36.0,18.0,-40.0,318.0
-34.0,18.0,-40.0,318.0
-32.0,18.0,-40.0,318.0
-30.0,18.0,-40.0,105.0
-28.0,18.0,-40.0,105.0
-26.0,18.0,-40.0,105.0
-24.0,18.0,-40.0,297.0
-22.0,18.0,-40.0,297.0
22.0,18.0,-40.0,129.0
24.0,18.0,-40.0,129.0
26.0,18.0,-40.0,129.0
28.0,18.0,-40.0,129.0
30.0,18.0,-40.0,129.0
32.0,18.0,-40.0,129.0
34.0,18.0,-40.0,129.0
36.0,18.0,-40.0,129.0
38.0,18.0,-40.0,129.0
40.0,18.0,-40.0,289.0
42.0,18.0,-40.0,289.0
-44.0,20.0,-40.0,318.0
-42.0,20.0,-40.0,318.0
-40.0,20.0,-40.0,318.0
-38.0,20.0,-40.0,318.0
-36.0,20.0,-40.0,318.0
-34.0,20.0,-40.0,318.0
-32.0,20.0,-40.0,318.0
-30.0,20.0,-40.0,318.0
-28.0,20.0,-40.0,318.0
-26.0,20.0,-40.0,318.0
-24.0,20.0,-40.0,297.0
26.0,20.0,-40.0,129.0
28.0,20.0,-40.0,129.0
30.0,20.0,-40.0,129.0
32.0,20.0,-40.0,129.0
34.0,20.0,-40.0,129.0
36.0,20.0,-40.0,129.0
38.0,20.0,-40.0,129.0
40.0,20.0,-40.0,129.0
-40.0,22.0,-40.0,318.0
-38.0,22.0,-40.0,318.0
-36.0,22.0,-40.0,318.0
-34.0,22.0,-40.0,318.0
-32.0,22.0,-40.0,318.0
-30.0,22.0,-40.0,318.0
-28.0,22.0,-40.0,318.0
28.0,22.0,-40.0,129.0
30.0,22.0,-40.0,129.0
32.0,22.0,-40.0,129.0
34.0,22.0,-40.0,129.0
36.0,22.0,-40.0,129.0
-38.0,24.0,-40.0,318.0
-36.0,24.0,-40.0,318.0
-34.0,24.0,-40.0,318.0
-32.0,24.0,-40.0,318.0
34.0,-18.0,-38.0,187.0
36.0,-18.0,-38.0,187.0
38.0,-18.0,-38.0,187.0
40.0,-18.0,-38.0,21.0
-40.0,-16.0,-38.0,220.0
-38.0,-16.0,-38.0,220.0
30.0,-16.0,-38.0,187.0
32.0,-16.0,-38.0,187.0
34.0,-16.0,-38.0,187.0
36.0,-16.0,-38.0,187.0
38.0,-16.0,-38.0,21.0
40.0,-16.0,-38.0,21.0
42.0,-16.0,-38.0,21.0
44.0,-16.0,-38.0,21.0
46.0,-16.0,-38.0,21.0
48.0,-16.0,-38.0,372.0
50.0,-16.0,-38.0,311.0
52.0,-16.0,-38.0,311.0
54.0,-16.0,-38.0,311.0
56.0,-16.0,-38.0,381.0
58.0,-16.0,-38.0,381.0
-48.0,-14.0,-38.0,163.0
-46.0,-14.0,-38.0,163.0
-44.0,-14.0,-38.0,163.0
-40.0,-14.0,-38.0,220.0
-38.0,-14.0,-38.0,220.0
-36.0,-14.0,-38.0,220.0
-34.0,-14.0,-38.0,506.0
-32.0,-14.0,-38.0,506.0
30.0,-14.0,-38.0,187.0
32.0,-14.0,-38.0,187.0
34.0,-14.0,-38.0,187.0
36.0,-14.0,-38.0,21.0
38.0,-14.0,-38.0,21.0
40.0,-14.0,-38.0,21.0
42.0,-14.0,-38.0,21.0
44.0,-14.0,-38.0,21.0
46.0,-14.0,-38.0,21.0
48.0,-14.0,-38.0,311.0
50.0,-14.0,-38.0,311.0
52.0,-14.0,-38.0,311.0
54.0,-14.0,-38.0,311.0
56.0,-14.0,-38.0,381.0
58.0,-14.0,-38.0,381.0
-58.0,-12.0,-38.0,163.0
-56.0,-12.0,-38.0,163.0
-54.0,-12.0,-38.0,163.0
-52.0,-12.0,-38.0,163.0
-50.0,-12.0,-38.0,163.0
-48.0,-12.0,-38.0,163.0
-46.0,-12.0,-38.0,163.0
-44.0,-12.0,-38.0,220.0
-42.0,-12.0,-38.0,220.0
-40.0,-12.0,-38.0,220.0
-38.0,-12.0,-38.0,220.0
-36.0,-12.0,-38.0,220.0
-34.0,-12.0,-38.0,220.0
-32.0,-12.0,-38.0,506.0
-30.0,-12.0,-38.0,506.0
28.0,-12.0,-38.0,528.0
30.0,-12.0,-38.0,187.0
32.0,-12.0,-38.0,187.0
34.0,-12.0,-38.0,21.0
36.0,-12.0,-38.0,21.0
38.0,-12.0,-38.0,21.0
40.0,-12.0,-38.0,21.0
42.0,-12.0,-38.0,21.0
44.0,-12.0,-38.0,21.0
46.0,-12.0,-38.0,21.0
48.0,-12.0,-38.0,311.0
50.0,-12.0,-38.0,311.0
52.0,-12.0,-38.0,311.0
54.0,-12.0,-38.0,311.0
56.0,-12.0,-38.0,311.0
58.0,-12.0,-38.0,381.0
-58.0,-10.0,-38.0,163.0
-56.0,-10.0,-38.0,163.0
-54.0,-10.0,-38.0,163.0
-52.0,-10.0,-38.0,163.0
-50.0,-10.0,-38.0,163.0
-48.0,-10.0,-38.0,163.0
-46.0,-10.0,-38.0,163.0
-44.0,-10.0,-38.0,220.0
-42.0,-10.0,-38.0,220.0
-40.0,-10.0,-38.0,220.0
-38.0,-10.0,-38.0,220.0
-36.0,-10.0,-38.0,220.0
-34.0,-10.0,-38.0,220.0
-32.0,-10.0,-38.0,220.0
-30.0,-10.0,-38.0,506.0
-28.0,-10.0,-38.0,506.0
24.0,-10.0,-38.0,270.0
26.0,-10.0,-38.0,270.0
28.0,-10.0,-38.0,528.0
30.0,-10.0,-38.0,528.0
32.0,-10.0,-38.0,21.0
34.0,-10.0,-38.0,21.0
36.0,-10.0,-38.0,21.0
38.0,-10.0,-38.0,21.0
40.0,-10.0,-38.0,21.0
42.0,-10.0,-38.0,21.0
44.0,-10.0,-38.0,21.0
46.0,-10.0,-38.0,21.0
48.0,-10.0,-38.0,311.0
50.0,-10.0,-38.0,311.0
52.0,-10.0,-38.0,311.0
54.0,-10.0,-38.0,311.0
56.0,-10.0,-38.0,311.0
58.0,-10.0,-38.0,311.0
-58.0,-8.0,-38.0,163.0
-56.0,-8.0,-38.0,163.0
-54.0,-8.0,-38.0,163.0
-52.0,-8.0,-38.0,163.0
-50.0,-8.0,-38.0,163.0
-48.0,-8.0,-38.0,163.0
-46.0,-8.0,-38.0,163.0
-44.0,-8.0,-38.0,220.0
-42.0,-8.0,-38.0,220.0
-40.0,-8.0,-38.0,220.0
-38.0,-8.0,-38.0,220.0
-36.0,-8.0,-38.0,220.0
-34.0,-8.0,-38.0,220.0
-32.0,-8.0,-38.0,220.0
-30.0,-8.0,-38.0,220.0
-28.0,-8.0,-38.0,84.0
-26.0,-8.0,-38.0,84.0
24.0,-8.0,-38.0,270.0
26.0,-8.0,-38.0,528.0
28.0,-8.0,-38.0,528.0
30.0,-8.0,-38.0,528.0
32.0,-8.0,-38.0,528.0
34.0,-8.0,-38.0,21.0
36.0,-8.0,-38.0,21.0
38.0,-8.0,-38.0,21.0
40.0,-8.0,-38.0,21.0
42.0,-8.0,-38.0,21.0
44.0,-8.0,-38.0,21.0
46.0,-8.0,-38.0,311.0
48.0,-8.0,-38.0,311.0
50.0,-8.0,-38.0,311.0
52.0,-8.0,-38.0,311.0
54.0,-8.0,-38.0,311.0
56.0,-8.0,-38.0,311.0
58.0,-8.0,-38.0,311.0
-58.0,-6.0,-38.0,163.0
-56.0,-6.0,-38.0,163.0
-54.0,-6.0,-38.0,163.0
-52.0,-6.0,-38.0,163.0
-50.0,-6.0,-38.0,163.0
-48.0,-6.0,-38.0,163.0
-46.0,-6.0,-38.0,220.0
-44.0,-6.0,-38.0,220.0
-42.0,-6.0,-38.0,220.0
-40.0,-6.0,-38.0,220.0
-38.0,-6.0,-38.0,220.0
-36.0,-6.0,-38.0,220.0
-34.0,-6.0,-38.0,220.0
-32.0,-6.0,-38.0,220.0
-30.0,-6.0,-38.0,220.0
-28.0,-6.0,-38.0,84.0
-26.0,-6.0,-38.0,84.0
-24.0,-6.0,-38.0,592.0
-22.0,-6.0,-38.0,592.0
24.0,-6.0,-38.0,270.0
26.0,-6.0,-38.0,528.0
28.0,-6.0,-38.0,528.0
30.0,-6.0,-38.0,528.0
32.0,-6.0,-38.0,528.0
34.0,-6.0,-38.0,21.0
36.0,-6.0,-38.0,21.0
38.0,-6.0,-38.0,21.0
40.0,-6.0,-38.0,21.0
42.0,-6.0,-38.0,21.0
44.0,-6.0,-38.0,21.0
46.0,-6.0,-38.0,311.0
48.0,-6.0,-38.0,311.0
50.0,-6.0,-38.0,311.0
52.0,-6.0,-38.0,311.0
54.0,-6.0,-38.0,311.0
56.0,-6.0,-38.0,311.0
-58.0,-4.0,-38.0,163.0
-56.0,-4.0,-38.0,163.0
-54.0,-4.0,-38.0,163.0
-52.0,-4.0,-38.0,163.0
-50.0,-4.0,-38.0,163.0
-48.0,-4.0,-38.0,163.0
-46.0,-4.0,-38.0,220.0
-44.0,-4.0,-38.0,220.0
-42.0,-4.0,-38.0,220.0
-40.0,-4.0,-38.0,220.0
-38.0,-4.0,-38.0,220.0
-36.0,-4.0,-38.0,220.0
-34.0,-4.0,-38.0,220.0
-32.0,-4.0,-38.0,220.0
-30.0,-4.0,-38.0,220.0
-28.0,-4.0,-38.0,84.0
-26.0,-4.0,-38.0,592.0
-24.0,-4.0,-38.0,592.0
-22.0,-4.0,-38.0,592.0
22.0,-4.0,-38.0,270.0
24.0,-4.0,-38.0,528.0
26.0,-4.0,-38.0,528.0
28.0,-4.0,-38.0,528.0
30.0,-4.0,-38.0,528.0
32.0,-4.0,-38.0,528.0
34.0,-4.0,-38.0,528.0
36.0,-4.0,-38.0,21.0
38.0,-4.0,-38.0,21.0
40.0,-4.0,-38.0,21.0
42.0,-4.0,-38.0,21.0
44.0,-4.0,-38.0,21.0
46.0,-4.0,-38.0,311.0
48.0,-4.0,-38.0,311.0
50.0,-4.0,-38.0,311.0
52.0,-4.0,-38.0,311.0
54.0,-4.0,-38.0,311.0
56.0,-4.0,-38.0,311.0
-56.0,-2.0,-38.0,163.0
-54.0,-2.0,-38.0,163.0
-52.0,-2.0,-38.0,163.0
-50.0,-2.0,-38.0,163.0
-48.0,-2.0,-38.0,163.0
-46.0,-2.0,-38.0,220.0
-44.0,-2.0,-38.0,220.0
-42.0,-2.0,-38.0,220.0
-40.0,-2.0,-38.0,220.0
-38.0,-2.0,-38.0,220.0
-36.0,-2.0,-38.0,220.0
-34.0,-2.0,-38.0,220.0
-32.0,-2.0,-38.0,220.0
-30.0,-2.0,-38.0,220.0
-28.0,-2.0,-38.0,592.0
-26.0,-2.0,-38.0,592.0
-24.0,-2.0,-38.0,592.0
-22.0,-2.0,-38.0,592.0
-20.0,-2.0,-38.0,592.0
20.0,-2.0,-38.0,270.0
22.0,-2.0,-38.0,270.0
24.0,-2.0,-38.0,528.0
26.0,-2.0,-38.0,528.0
28.0,-2.0,-38.0,528.0
30.0,-2.0,-38.0,528.0
32.0,-2.0,-38.0,528.0
34.0,-2.0,-38.0,528.0
36.0,-2.0,-38.0,265.0
38.0,-2.0,-38.0,21.0
40.0,-2.0,-38.0,21.0
42.0,-2.0,-38.0,21.0
44.0,-2.0,-38.0,504.0
46.0,-2.0,-38.0,504.0
48.0,-2.0,-38.0,311.0
50.0,-2.0,-38.0,311.0
52.0,-2.0,-38.0,311.0
54.0,-2.0,-38.0,311.0
-56.0,-0.0,-38.0,163.0
-54.0,-0.0,-38.0,163.0
-52.0,-0.0,-38.0,163.0
-50.0,-0.0,-38.0,523.0
-48.0,-0.0,-38.0,523.0
-46.0,-0.0,-38.0,220.0
-44.0,-0.0,-38.0,220.0
-42.0,-0.0,-38.0,220.0
-40.0,-0.0,-38.0,220.0
-38.0,-0.0,-38.0,220.0
-36.0,-0.0,-38.0,220.0
-34.0,-0.0,-38.0,220.0
-32.0,-0.0,-38.0,220.0
-30.0,-0.0,-38.0,105.0
-28.0,-0.0,-38.0,592.0
-26.0,-0.0,-38.0,592.0
-24.0,-0.0,-38.0,592.0
-22.0,-0.0,-38.0,592.0
-20.0,-0.0,-38.0,592.0
20.0,-0.0,-38.0,270.0
22.0,-0.0,-38.0,528.0
24.0,-0.0,-38.0,528.0
26.0,-0.0,-38.0,528.0
28.0,-0.0,-38.0,528.0
30.0,-0.0,-38.0,528.0
32.0,-0.0,-38.0,528.0
34.0,-0.0,-38.0,265.0
36.0,-0.0,-38.0,265.0
38.0,-0.0,-38.0,265.0
40.0,-0.0,-38.0,369.0
42.0,-0.0,-38.0,369.0
44.0,-0.0,-38.0,369.0
46.0,-0.0,-38.0,369.0
48.0,-0.0,-38.0,311.0
50.0,-0.0,-38.0,311.0
52.0,-0.0,-38.0,311.0
54.0,-0.0,-38.0,311.0
-56.0,2.0,-38.0,523.0
-54.0,2.0,-38.0,523.0
-52.0,2.0,-38.0,523.0
-50.0,2.0,-38.0,523.0
-48.0,2.0,-38.0,523.0
-46.0,2.0,-38.0,220.0
-44.0,2.0,-38.0,220.0
-42.0,2.0,-38.0,220.0
-40.0,2.0,-38.0,220.0
-38.0,2.0,-38.0,220.0
-36.0,2.0,-38.0,220.0
-34.0,2.0,-38.0,220.0
-32.0,2.0,-38.0,105.0
-30.0,2.0,-38.0,105.0
-28.0,2.0,-38.0,105.0
-26.0,2.0,-38.0,592.0
-24.0,2.0,-38.0,592.0
-22.0,2.0,-38.0,592.0
-20.0,2.0,-38.0,592.0
22.0,2.0,-38.0,528.0
24.0,2.0,-38.0,528.0
26.0,2.0,-38.0,528.0
28.0,2.0,-38.0,400.0
30.0,2.0,-38.0,400.0
32.0,2.0,-38.0,265.0
34.0,2.0,-38.0,265.0
36.0,2.0,-38.0,265.0
38.0,2.0,-38.0,265.0
40.0,2.0,-38.0,369.0
42.0,2.0,-38.0,369.0
44.0,2.0,-38.0,369.0
46.0,2.0,-38.0,369.0
48.0,2.0,-38.0,369.0
50.0,2.0,-38.0,311.0
52.0,2.0,-38.0,311.0
54.0,2.0,-38.0,311.0
-56.0,4.0,-38.0,523.0
-54.0,4.0,-38.0,523.0
-52.0,4.0,-38.0,523.0
-50.0,4.0,-38.0,523.0
-48.0,4.0,-38.0,523.0
-46.0,4.0,-38.0,220.0
-44.0,4.0,-38.0,220.0
-42.0,4.0,-38.0,220.0
-40.0,4.0,-38.0,220.0
-38.0,4.0,-38.0,220.0
-36.0,4.0,-38.0,220.0
-34.0,4.0,-38.0,105.0
-32.0,4.0,-38.0,105.0
-30.0,4.0,-38.0,105.0
-28.0,4.0,-38.0,105.0
-26.0,4.0,-38.0,592.0
-24.0,4.0,-38.0,592.0
-22.0,4.0,-38.0,592.0
-20.0,4.0,-38.0,592.0
22.0,4.0,-38.0,244.0
24.0,4.0,-38.0,244.0
26.0,4.0,-38.0,244.0
28.0,4.0,-38.0,400.0
30.0,4.0,-38.0,400.0
32.0,4.0,-38.0,265.0
34.0,4.0,-38.0,265.0
36.0,4.0,-38.0,265.0
38.0,4.0,-38.0,265.0
40.0,4.0,-38.0,369.0
42.0,4.0,-38.0,369.0
44.0,4.0,-38.0,369.0
46.0,4.0,-38.0,369.0
48.0,4.0,-38.0,289.0
50.0,4.0,-38.0,289.0
52.0,4.0,-38.0,289.0
54.0,4.0,-38.0,311.0
-54.0,6.0,-38.0,523.0
-52.0,6.0,-38.0,523.0
-50.0,6.0,-38.0,523.0
-48.0,6.0,-38.0,523.0
-46.0,6.0,-38.0,523.0
-44.0,6.0,-38.0,220.0
-42.0,6.0,-38.0,220.0
-40.0,6.0,-38.0,220.0
-38.0,6.0,-38.0,521.0
-36.0,6.0,-38.0,105.0
-34.0,6.0,-38.0,105.0
-32.0,6.0,-38.0,105.0
-30.0,6.0,-38.0,105.0
-28.0,6.0,-38.0,105.0
-26.0,6.0,-38.0,105.0
-24.0,6.0,-38.0,592.0
-22.0,6.0,-38.0,592.0
-20.0,6.0,-38.0,592.0
22.0,6.0,-38.0,244.0
24.0,6.0,-38.0,244.0
26.0,6.0,-38.0,244.0
28.0,6.0,-38.0,400.0
30.0,6.0,-38.0,400.0
32.0,6.0,-38.0,265.0
34.0,6.0,-38.0,265.0
36.0,6.0,-38.0,265.0
38.0,6.0,-38.0,265.0
40.0,6.0,-38.0,369.0
42.0,6.0,-38.0,369.0
44.0,6.0,-38.0,369.0
46.0,6.0,-38.0,289.0
48.0,6.0,-38.0,289.0
50.0,6.0,-38.0,289.0
52.0,6.0,-38.0,289.0
54.0,6.0,-38.0,289.0
-54.0,8.0,-38.0,523.0
-52.0,8.0,-38.0,523.0
-50.0,8.0,-38.0,523.0
-48.0,8.0,-38.0,523.0
-46.0,8.0,-38.0,523.0
-44.0,8.0,-38.0,220.0
-42.0,8.0,-38.0,521.0
-40.0,8.0,-38.0,521.0
-38.0,8.0,-38.0,521.0
-36.0,8.0,-38.0,521.0
-34.0,8.0,-38.0,105.0
-32.0,8.0,-38.0,105.0
-30.0,8.0,-38.0,105.0
-28.0,8.0,-38.0,105.0
-26.0,8.0,-38.0,105.0
-24.0,8.0,-38.0,592.0
-22.0,8.0,-38.0,592.0
-20.0,8.0,-38.0,592.0
-18.0,8.0,-38.0,592.0
22.0,8.0,-38.0,244.0
24.0,8.0,-38.0,244.0
26.0,8.0,-38.0,244.0
28.0,8.0,-38.0,244.0
30.0,8.0,-38.0,400.0
32.0,8.0,-38.0,114.0
34.0,8.0,-38.0,114.0
36.0,8.0,-38.0,114.0
38.0,8.0,-38.0,114.0
40.0,8.0,-38.0,369.0
42.0,8.0,-38.0,369.0
44.0,8.0,-38.0,289.0
46.0,8.0,-38.0,289.0
48.0,8.0,-38.0,289.0
50.0,8.0,-38.0,289.0
52.0,8.0,-38.0,289.0
54.0,8.0,-38.0,289.0
-54.0,10.0,-38.0,523.0
-52.0,10.0,-38.0,523.0
-50.0,10.0,-38.0,523.0
-48.0,10.0,-38.0,523.0
-46.0,10.0,-38.0,523.0
-44.0,10.0,-38.0,521.0
-42.0,10.0,-38.0,521.0
-40.0,10.0,-38.0,521.0
-38.0,10.0,-38.0,521.0
-36.0,10.0,-38.0,521.0
-34.0,10.0,-38.0,105.0
-32.0,10.0,-38.0,105.0
-30.0,10.0,-38.0,105.0
-28.0,10.0,-38.0,105.0
-26.0,10.0,-38.0,105.0
-24.0,10.0,-38.0,297.0
-22.0,10.0,-38.0,297.0
-20.0,10.0,-38.0,297.0
22.0,10.0,-38.0,244.0
24.0,10.0,-38.0,244.0
26.0,10.0,-38.0,244.0
28.0,10.0,-38.0,244.0
30.0,10.0,-38.0,400.0
32.0,10.0,-38.0,114.0
34.0,10.0,-38.0,114.0
36.0,10.0,-38.0,114.0
38.0,10.0,-38.0,114.0
40.0,10.0,-38.0,369.0
42.0,10.0,-38.0,289.0
44.0,10.0,-38.0,289.0
46.0,10.0,-38.0,289.0
48.0,10.0,-38.0,289.0
50.0,10.0,-38.0,289.0
52.0,10.0,-38.0,289.0
-52.0,12.0,-38.0,523.0
-50.0,12.0,-38.0,523.0
-48.0,12.0,-38.0,523.0
-46.0,12.0,-38.0,523.0
-44.0,12.0,-38.0,521.0
-42.0,12.0,-38.0,521.0
-40.0,12.0,-38.0,521.0
-38.0,12.0,-38.0,521.0
-36.0,12.0,-38.0,521.0
-34.0,12.0,-38.0,323.0
-32.0,12.0,-38.0,105.0
-30.0,12.0,-38.0,105.0
-28.0,12.0,-38.0,105.0
-26.0,12.0,-38.0,105.0
-24.0,12.0,-38.0,297.0
-22.0,12.0,-38.0,297.0
-20.0,12.0,-38.0,297.0
22.0,12.0,-38.0,244.0
24.0,12.0,-38.0,244.0
26.0,12.0,-38.0,244.0
28.0,12.0,-38.0,244.0
30.0,12.0,-38.0,244.0
32.0,12.0,-38.0,114.0
34.0,12.0,-38.0,114.0
36.0,12.0,-38.0,114.0
38.0,12.0,-38.0,114.0
40.0,12.0,-38.0,114.0
42.0,12.0,-38.0,289.0
44.0,12.0,-38.0,289.0
46.0,12.0,-38.0,289.0
48.0,12.0,-38.0,289.0
50.0,12.0,-38.0,289.0
-52.0,14.0,-38.0,523.0
-50.0,14.0,-38.0,523.0
-48.0,14.0,-38.0,523.0
-46.0,14.0,-38.0,521.0
-44.0,14.0,-38.0,521.0
-42.0,14.0,-38.0,521.0
-40.0,14.0,-38.0,521.0
-38.0,14.0,-38.0,521.0
-36.0,14.0,-38.0,323.0
-34.0,14.0,-38.0,323.0
-32.0,14.0,-38.0,323.0
-30.0,14.0,-38.0,323.0
-28.0,14.0,-38.0,105.0
-26.0,14.0,-38.0,105.0
-24.0,14.0,-38.0,297.0
-22.0,14.0,-38.0,297.0
-20.0,14.0,-38.0,297.0
20.0,14.0,-38.0,244.0
22.0,14.0,-38.0,244.0
24.0,14.0,-38.0,244.0
26.0,14.0,-38.0,244.0
28.0,14.0,-38.0,244.0
30.0,14.0,-38.0,129.0
32.0,14.0,-38.0,114.0
34.0,14.0,-38.0,114.0
36.0,14.0,-38.0,114.0
38.0,14.0,-38.0,114.0
40.0,14.0,-38.0,114.0
42.0,14.0,-38.0,289.0
44.0,14.0,-38.0,289.0
46.0,14.0,-38.0,289.0
48.0,14.0,-38.0,289.0
50.0,14.0,-38.0,289.0
-50.0,16.0,-38.0,67.0
-48.0,16.0,-38.0,67.0
-46.0,16.0,-38.0,318.0
-44.0,16.0,-38.0,318.0
-42.0,16.0,-38.0,521.0
-40.0,16.0,-38.0,521.0
-38.0,16.0,-38.0,323.0
-36.0,16.0,-38.0,323.0
-34.0,16.0,-38.0,323.0
-32.0,16.0,-38.0,323.0
-30.0,16.0,-38.0,323.0
-28.0,16.0,-38.0,323.0
-26.0,16.0,-38.0,297.0
-24.0,16.0,-38.0,297.0
-22.0,16.0,-38.0,297.0
-20.0,16.0,-38.0,297.0
20.0,16.0,-38.0,244.0
22.0,16.0,-38.0,244.0
24.0,16.0,-38.0,129.0
26.0,16.0,-38.0,129.0
28.0,16.0,-38.0,129.0
30.0,16.0,-38.0,129.0
32.0,16.0,-38.0,129.0
34.0,16.0,-38.0,129.0
36.0,16.0,-38.0,114.0
38.0,16.0,-38.0,114.0
40.0,16.0,-38.0,114.0
42.0,16.0,-38.0,289.0
44.0,16.0,-38.0,289.0
46.0,16.0,-38.0,289.0
48.0,16.0,-38.0,289.0
-48.0,18.0,-38.0,67.0
-46.0,18.0,-38.0,318.0
-44.0,18.0,-38.0,318.0
-42.0,18.0,-38.0,318.0
-40.0,18.0,-38.0,318.0
-38.0,18.0,-38.0,318.0
-36.0,18.0,-38.0,318.0
-34.0,18.0,-38.0,318.0
-32.0,18.0,-38.0,323.0
-30.0,18.0,-38.0,323.0
-28.0,18.0,-38.0,323.0
-26.0,18.0,-38.0,323.0
-24.0,18.0,-38.0,297.0
-22.0,18.0,-38.0,297.0
-20.0,18.0,-38.0,297.0
22.0,18.0,-38.0,129.0
24.0,18.0,-38.0,129.0
26.0,18.0,-38.0,129.0
28.0,18.0,-38.0,129.0
30.0,18.0,-38.0,129.0
32.0,18.0,-38.0,129.0
34.0,18.0,-38.0,129.0
36.0,18.0,-38.0,129.0
38.0,18.0,-38.0,129.0
40.0,18.0,-38.0,129.0
42.0,18.0,-38.0,289.0
44.0,18.0,-38.0,289.0
-44.0,20.0,-38.0,318.0
-42.0,20.0,-38.0,318.0
-40.0,20.0,-38.0,318.0
-38.0,20.0,-38.0,318.0
-36.0,20.0,-38.0,318.0
-34.0,20.0,-38.0,318.0
-32.0,20.0,-38.0,318.0
-30.0,20.0,-38.0,318.0
-28.0,20.0,-38.0,318.0
-26.0,20.0,-38.0,323.0
-24.0,20.0,-38.0,297.0
-22.0,20.0,-38.0,297.0
26.0,20.0,-38.0,129.0
28.0,20.0,-38.0,129.0
30.0,20.0,-38.0,129.0
32.0,20.0,-38.0,129.0
34.0,20.0,-38.0,129.0
36.0,20.0,-38.0,129.0
38.0,20.0,-38.0,129.0
40.0,20.0,-38.0,129.0
42.0,20.0,-38.0,129.0
-42.0,22.0,-38.0,318.0
-40.0,22.0,-38.0,318.0
-38.0,22.0,-38.0,318.0
-36.0,22.0,-38.0,318.0
-34.0,22.0,-38.0,318.0
-32.0,22.0,-38.0,318.0
-30.0,22.0,-38.0,318.0
-28.0,22.0,-38.0,318.0
-26.0,22.0,-38.0,318.0
28.0,22.0,-38.0,129.0
30.0,22.0,-38.0,129.0
32.0,22.0,-38.0,129.0
34.0,22.0,-38.0,129.0
36.0,22.0,-38.0,129.0
38.0,22.0,-38.0,129.0
40.0,22.0,-38.0,129.0
-40.0,24.0,-38.0,318.0
-38.0,24.0,-38.0,318.0
-36.0,24.0,-38.0,318.0
-34.0,24.0,-38.0,318.0
-32.0,24.0,-38.0,318.0
-30.0,24.0,-38.0,318.0
32.0,24.0,-38.0,129.0
34.0,24.0,-38.0,129.0
36.0,24.0,-38.0,129.0
-36.0,26.0,-38.0,318.0
-34.0,26.0,-38.0,318.0
36.0,-20.0,-36.0,187.0
38.0,-20.0,-36.0,187.0
-46.0,-18.0,-36.0,503.0
-44.0,-18.0,-36.0,503.0
-40.0,-18.0,-36.0,506.0
-38.0,-18.0,-36.0,506.0
32.0,-18.0,-36.0,187.0
34.0,-18.0,-36.0,187.0
36.0,-18.0,-36.0,187.0
38.0,-18.0,-36.0,187.0
40.0,-18.0,-36.0,187.0
42.0,-18.0,-36.0,296.0
44.0,-18.0,-36.0,296.0
46.0,-18.0,-36.0,372.0
48.0,-18.0,-36.0,372.0
50.0,-18.0,-36.0,214.0
52.0,-18.0,-36.0,214.0
54.0,-18.0,-36.0,381.0
56.0,-18.0,-36.0,381.0
58.0,-18.0,-36.0,381.0
-50.0,-16.0,-36.0,503.0
-48.0,-16.0,-36.0,503.0
-46.0,-16.0,-36.0,503.0
-44.0,-16.0,-36.0,503.0
-42.0,-16.0,-36.0,220.0
-40.0,-16.0,-36.0,220.0
-38.0,-16.0,-36.0,506.0
-36.0,-16.0,-36.0,506.0
-34.0,-16.0,-36.0,506.0
-32.0,-16.0,-36.0,506.0
30.0,-16.0,-36.0,187.0
32.0,-16.0,-36.0,187.0
34.0,-16.0,-36.0,187.0
36.0,-16.0,-36.0,187.0
38.0,-16.0,-36.0,187.0
40.0,-16.0,-36.0,187.0
42.0,-16.0,-36.0,21.0
44.0,-16.0,-36.0,21.0
46.0,-16.0,-36.0,372.0
48.0,-16.0,-36.0,372.0
50.0,-16.0,-36.0,214.0
52.0,-16.0,-36.0,214.0
54.0,-16.0,-36.0,381.0
56.0,-16.0,-36.0,381.0
58.0,-16.0,-36.0,381.0
60.0,-16.0,-36.0,381.0
-60.0,-14.0,-36.0,163.0
-58.0,-14.0,-36.0,163.0
-56.0,-14.0,-36.0,163.0
-52.0,-14.0,-36.0,163.0
-50.0,-14.0,-36.0,163.0
-48.0,-14.0,-36.0,163.0
-46.0,-14.0,-36.0,163.0
-44.0,-14.0,-36.0,220.0
-42.0,-14.0,-36.0,220.0
-40.0,-14.0,-36.0,220.0
-38.0,-14.0,-36.0,220.0
-36.0,-14.0,-36.0,506.0
-34.0,-14.0,-36.0,506.0
-32.0,-14.0,-36.0,506.0
-30.0,-14.0,-36.0,506.0
28.0,-14.0,-36.0,394.0
30.0,-14.0,-36.0,187.0
32.0,-14.0,-36.0,187.0
34.0,-14.0,-36.0,187.0
36.0,-14.0,-36.0,187.0
38.0,-14.0,-36.0,187.0
40.0,-14.0,-36.0,21.0
42.0,-14.0,-36.0,21.0
44.0,-14.0,-36.0,21.0
46.0,-14.0,-36.0,372.0
48.0,-14.0,-36.0,372.0
50.0,-14.0,-36.0,214.0
52.0,-14.0,-36.0,214.0
54.0,-14.0,-36.0,381.0
56.0,-14.0,-36.0,381.0
58.0,-14.0,-36.0,381.0
60.0,-14.0,-36.0,381.0
-60.0,-12.0,-36.0,163.0
-58.0,-12.0,-36.0,163.0
-56.0,-12.0,-36.0,163.0
-54.0,-12.0,-36.0,163.0
-52.0,-12.0,-36.0,163.0
-50.0,-12.0,-36.0,163.0
-48.0,-12.0,-36.0,163.0
-46.0,-12.0,-36.0,163.0
-44.0,-12.0,-36.0,220.0
-42.0,-12.0,-36.0,220.0
-40.0,-12.0,-36.0,220.0
-38.0,-12.0,-36.0,220.0
-36.0,-12.0,-36.0,220.0
-34.0,-12.0,-36.0,506.0
-32.0,-12.0,-36.0,506.0
-30.0,-12.0,-36.0,506.0
-28.0,-12.0,-36.0,506.0
22.0,-12.0,-36.0,394.0
24.0,-12.0,-36.0,394.0
26.0,-12.0,-36.0,394.0
28.0,-12.0,-36.0,394.0
30.0,-12.0,-36.0,250.0
32.0,-12.0,-36.0,187.0
34.0,-12.0,-36.0,187.0
36.0,-12.0,-36.0,187.0
38.0,-12.0,-36.0,21.0
40.0,-12.0,-36.0,21.0
42.0,-12.0,-36.0,21.0
44.0,-12.0,-36.0,21.0
46.0,-12.0,-36.0,372.0
48.0,-12.0,-36.0,372.0
50.0,-12.0,-36.0,311.0
52.0,-12.0,-36.0,311.0
54.0,-12.0,-36.0,311.0
56.0,-12.0,-36.0,381.0
58.0,-12.0,-36.0,381.0
60.0,-12.0,-36.0,381.0
-60.0,-10.0,-36.0,163.0
-58.0,-10.0,-36.0,163.0
-56.0,-10.0,-36.0,163.0
-54.0,-10.0,-36.0,163.0
-52.0,-10.0,-36.0,163.0
-50.0,-10.0,-36.0,163.0
-48.0,-10.0,-36.0,163.0
-46.0,-10.0,-36.0,163.0
-44.0,-10.0,-36.0,220.0
-42.0,-10.0,-36.0,220.0
-40.0,-10.0,-36.0,220.0
-38.0,-10.0,-36.0,220.0
-36.0,-10.0,-36.0,220.0
-34.0,-10.0,-36.0,220.0
-32.0,-10.0,-36.0,506.0
-30.0,-10.0,-36.0,506.0
-28.0,-10.0,-36.0,506.0
20.0,-10.0,-36.0,270.0
22.0,-10.0,-36.0,270.0
24.0,-10.0,-36.0,270.0
26.0,-10.0,-36.0,270.0
28.0,-10.0,-36.0,528.0
30.0,-10.0,-36.0,250.0
32.0,-10.0,-36.0,250.0
34.0,-10.0,-36.0,187.0
36.0,-10.0,-36.0,21.0
38.0,-10.0,-36.0,21.0
40.0,-10.0,-36.0,21.0
42.0,-10.0,-36.0,21.0
44.0,-10.0,-36.0,21.0
46.0,-10.0,-36.0,372.0
48.0,-10.0,-36.0,372.0
50.0,-10.0,-36.0,311.0
52.0,-10.0,-36.0,311.0
54.0,-10.0,-36.0,311.0
56.0,-10.0,-36.0,311.0
58.0,-10.0,-36.0,381.0
60.0,-10.0,-36.0,381.0
-60.0,-8.0,-36.0,163.0
-58.0,-8.0,-36.0,163.0
-56.0,-8.0,-36.0,163.0
-54.0,-8.0,-36.0,163.0
-52.0,-8.0,-36.0,163.0
-50.0,-8.0,-36.0,163.0
-48.0,-8.0,-36.0,163.0
-46.0,-8.0,-36.0,163.0
-44.0,-8.0,-36.0,220.0
-42.0,-8.0,-36.0,220.0
-40.0,-8.0,-36.0,220.0
-38.0,-8.0,-36.0,220.0
-36.0,-8.0,-36.0,220.0
-34.0,-8.0,-36.0,220.0
-32.0,-8.0,-36.0,220.0
-30.0,-8.0,-36.0,506.0
-28.0,-8.0,-36.0,84.0
-26.0,-8.0,-36.0,84.0
-24.0,-8.0,-36.0,84.0
-22.0,-8.0,-36.0,84.0
20.0,-8.0,-36.0,270.0
22.0,-8.0,-36.0,270.0
24.0,-8.0,-36.0,270.0
26.0,-8.0,-36.0,270.0
28.0,-8.0,-36.0,528.0
30.0,-8.0,-36.0,528.0
32.0,-8.0,-36.0,250.0
34.0,-8.0,-36.0,21.0
36.0,-8.0,-36.0,21.0
38.0,-8.0,-36.0,21.0
40.0,-8.0,-36.0,21.0
42.0,-8.0,-36.0,21.0
44.0,-8.0,-36.0,21.0
46.0,-8.0,-36.0,372.0
48.0,-8.0,-36.0,311.0
50.0,-8.0,-36.0,311.0
52.0,-8.0,-36.0,311.0
54.0,-8.0,-36.0,311.0
56.0,-8.0,-36.0,311.0
58.0,-8.0,-36.0,381.0
-60.0,-6.0,-36.0,163.0
-58.0,-6.0,-36.0,163.0
-56.0,-6.0,-36.0,163.0
-54.0,-6.0,-36.0,163.0
-52.0,-6.0,-36.0,163.0
-50.0,-6.0,-36.0,163.0
-48.0,-6.0,-36.0,163.0
-46.0,-6.0,-36.0,220.0
-44.0,-6.0,-36.0,220.0
-42.0,-6.0,-36.0,220.0
-40.0,-6.0,-36.0,220.0
-38.0,-6.0,-36.0,220.0
-36.0,-6.0,-36.0,220.0
-34.0,-6.0,-36.0,220.0
-32.0,-6.0,-36.0,220.0
-30.0,-6.0,-36.0,84.0
-28.0,-6.0,-36.0,84.0
-26.0,-6.0,-36.0,84.0
-24.0,-6.0,-36.0,84.0
-22.0,-6.0,-36.0,592.0
-20.0,-6.0,-36.0,592.0
20.0,-6.0,-36.0,270.0
22.0,-6.0,-36.0,270.0
24.0,-6.0,-36.0,270.0
26.0,-6.0,-36.0,528.0
28.0,-6.0,-36.0,528.0
30.0,-6.0,-36.0,528.0
32.0,-6.0,-36.0,528.0
34.0,-6.0,-36.0,21.0
36.0,-6.0,-36.0,21.0
38.0,-6.0,-36.0,21.0
40.0,-6.0,-36.0,21.0
42.0,-6.0,-36.0,21.0
44.0,-6.0,-36.0,21.0
46.0,-6.0,-36.0,372.0
48.0,-6.0,-36.0,311.0
50.0,-6.0,-36.0,311.0
52.0,-6.0,-36.0,311.0
54.0,-6.0,-36.0,311.0
56.0,-6.0,-36.0,311.0
58.0,-6.0,-36.0,311.0
-58.0,-4.0,-36.0,163.0
-56.0,-4.0,-36.0,163.0
-54.0,-4.0,-36.0,163.0
-52.0,-4.0,-36.0,163.0
-50.0,-4.0,-36.0,163.0
-48.0,-4.0,-36.0,163.0
-46.0,-4.0,-36.0,220.0
-44.0,-4.0,-36.0,220.0
-42.0,-4.0,-36.0,220.0
-40.0,-4.0,-36.0,220.0
-38.0,-4.0,-36.0,220.0
-36.0,-4.0,-36.0,220.0
-34.0,-4.0,-36.0,220.0
-32.0,-4.0,-36.0,220.0
-30.0,-4.0,-36.0,84.0
-28.0,-4.0,-36.0,84.0
-26.0,-4.0,-36.0,84.0
-24.0,-4.0,-36.0,84.0
-22.0,-4.0,-36.0,592.0
-20.0,-4.0,-36.0,592.0
18.0,-4.0,-36.0,270.0
20.0,-4.0,-36.0,270.0
22.0,-4.0,-36.0,270.0
24.0,-4.0,-36.0,270.0
26.0,-4.0,-36.0,528.0
28.0,-4.0,-36.0,528.0
30.0,-4.0,-36.0,528.0
32.0,-4.0,-36.0,528.0
34.0,-4.0,-36.0,528.0
36.0,-4.0,-36.0,21.0
38.0,-4.0,-36.0,21.0
40.0,-4.0,-36.0,21.0
42.0,-4.0,-36.0,21.0
44.0,-4.0,-36.0,21.0
46.0,-4.0,-36.0,372.0
48.0,-4.0,-36.0,311.0
50.0,-4.0,-36.0,311.0
52.0,-4.0,-36.0,311.0
54.0,-4.0,-36.0,311.0
56.0,-4.0,-36.0,311.0
-58.0,-2.0,-36.0,163.0
-56.0,-2.0,-36.0,163.0
-54.0,-2.0,-36.0,163.0
-52.0,-2.0,-36.0,163.0
-50.0,-2.0,-36.0,163.0
-48.0,-2.0,-36.0,163.0
-46.0,-2.0,-36.0,220.0
-44.0,-2.0,-36.0,220.0
-42.0,-2.0,-36.0,220.0
-40.0,-2.0,-36.0,220.0
-38.0,-2.0,-36.0,220.0
-36.0,-2.0,-36.0,220.0
-34.0,-2.0,-36.0,220.0
-32.0,-2.0,-36.0,220.0
-30.0,-2.0,-36.0,84.0
-28.0,-2.0,-36.0,84.0
-26.0,-2.0,-36.0,84.0
-24.0,-2.0,-36.0,592.0
-22.0,-2.0,-36.0,592.0
-20.0,-2.0,-36.0,592.0
-18.0,-2.0,-36.0,592.0
18.0,-2.0,-36.0,270.0
20.0,-2.0,-36.0,270.0
22.0,-2.0,-36.0,270.0
24.0,-2.0,-36.0,528.0
26.0,-2.0,-36.0,528.0
28.0,-2.0,-36.0,528.0
30.0,-2.0,-36.0,528.0
32.0,-2.0,-36.0,528.0
34.0,-2.0,-36.0,528.0
36.0,-2.0,-36.0,265.0
38.0,-2.0,-36.0,369.0
40.0,-2.0,-36.0,369.0
42.0,-2.0,-36.0,369.0
44.0,-2.0,-36.0,369.0
46.0,-2.0,-36.0,311.0
48.0,-2.0,-36.0,311.0
50.0,-2.0,-36.0,311.0
52.0,-2.0,-36.0,311.0
54.0,-2.0,-36.0,311.0
56.0,-2.0,-36.0,311.0
-58.0,-0.0,-36.0,163.0
-56.0,-0.0,-36.0,163.0
-54.0,-0.0,-36.0,163.0
-52.0,-0.0,-36.0,163.0
-50.0,-0.0,-36.0,163.0
-48.0,-0.0,-36.0,220.0
-46.0,-0.0,-36.0,220.0
-44.0,-0.0,-36.0,220.0
-42.0,-0.0,-36.0,220.0
-40.0,-0.0,-36.0,220.0
-38.0,-0.0,-36.0,220.0
-36.0,-0.0,-36.0,220.0
-34.0,-0.0,-36.0,220.0
-32.0,-0.0,-36.0,220.0
-30.0,-0.0,-36.0,84.0
-28.0,-0.0,-36.0,84.0
-26.0,-0.0,-36.0,592.0
-24.0,-0.0,-36.0,592.0
-22.0,-0.0,-36.0,592.0
-20.0,-0.0,-36.0,592.0
-18.0,-0.0,-36.0,592.0
18.0,-0.0,-36.0,270.0
20.0,-0.0,-36.0,270.0
22.0,-0.0,-36.0,270.0
24.0,-0.0,-36.0,528.0
26.0,-0.0,-36.0,528.0
28.0,-0.0,-36.0,528.0
30.0,-0.0,-36.0,528.0
32.0,-0.0,-36.0,528.0
34.0,-0.0,-36.0,265.0
36.0,-0.0,-36.0,265.0
38.0,-0.0,-36.0,369.0
40.0,-0.0,-36.0,369.0
42.0,-0.0,-36.0,369.0
44.0,-0.0,-36.0,369.0
46.0,-0.0,-36.0,369.0
48.0,-0.0,-36.0,311.0
50.0,-0.0,-36.0,311.0
52.0,-0.0,-36.0,311.0
54.0,-0.0,-36.0,311.0
56.0,-0.0,-36.0,311.0
-58.0,2.0,-36.0,163.0
-56.0,2.0,-36.0,163.0
-54.0,2.0,-36.0,163.0
-52.0,2.0,-36.0,523.0
-50.0,2.0,-36.0,523.0
-48.0,2.0,-36.0,220.0
-46.0,2.0,-36.0,220.0
-44.0,2.0,-36.0,220.0
-42.0,2.0,-36.0,220.0
-40.0,2.0,-36.0,220.0
-38.0,2.0,-36.0,220.0
-36.0,2.0,-36.0,220.0
-34.0,2.0,-36.0,220.0
-32.0,2.0,-36.0,105.0
-30.0,2.0,-36.0,105.0
-28.0,2.0,-36.0,84.0
-26.0,2.0,-36.0,592.0
-24.0,2.0,-36.0,592.0
-22.0,2.0,-36.0,592.0
-20.0,2.0,-36.0,592.0
-18.0,2.0,-36.0,592.0
20.0,2.0,-36.0,270.0
22.0,2.0,-36.0,528.0
24.0,2.0,-36.0,528.0
26.0,2.0,-36.0,528.0
28.0,2.0,-36.0,528.0
30.0,2.0,-36.0,400.0
32.0,2.0,-36.0,265.0
34.0,2.0,-36.0,265.0
36.0,2.0,-36.0,265.0
38.0,2.0,-36.0,369.0
40.0,2.0,-36.0,369.0
42.0,2.0,-36.0,369.0
44.0,2.0,-36.0,369.0
46.0,2.0,-36.0,369.0
48.0,2.0,-36.0,369.0
50.0,2.0,-36.0,311.0
52.0,2.0,-36.0,311.0
54.0,2.0,-36.0,311.0
56.0,2.0,-36.0,311.0
-56.0,4.0,-36.0,523.0
-54.0,4.0,-36.0,523.0
-52.0,4.0,-36.0,523.0
-50.0,4.0,-36.0,523.0
-48.0,4.0,-36.0,523.0
-46.0,4.0,-36.0,220.0
-44.0,4.0,-36.0,220.0
-42.0,4.0,-36.0,220.0
-40.0,4.0,-36.0,220.0
-38.0,4.0,-36.0,220.0
-36.0,4.0,-36.0,220.0
-34.0,4.0,-36.0,521.0
-32.0,4.0,-36.0,105.0
-30.0,4.0,-36.0,105.0
-28.0,4.0,-36.0,105.0
-26.0,4.0,-36.0,592.0
-24.0,4.0,-36.0,592.0
-22.0,4.0,-36.0,592.0
-20.0,4.0,-36.0,592.0
-18.0,4.0,-36.0,592.0
20.0,4.0,-36.0,244.0
22.0,4.0,-36.0,244.0
24.0,4.0,-36.0,244.0
26.0,4.0,-36.0,244.0
28.0,4.0,-36.0,400.0
30.0,4.0,-36.0,400.0
32.0,4.0,-36.0,114.0
34.0,4.0,-36.0,114.0
36.0,4.0,-36.0,114.0
38.0,4.0,-36.0,369.0
40.0,4.0,-36.0,369.0
42.0,4.0,-36.0,369.0
44.0,4.0,-36.0,369.0
46.0,4.0,-36.0,369.0
48.0,4.0,-36.0,369.0
50.0,4.0,-36.0,369.0
52.0,4.0,-36.0,207.0
54.0,4.0,-36.0,207.0
56.0,4.0,-36.0,311.0
-56.0,6.0,-36.0,523.0
-54.0,6.0,-36.0,523.0
-52.0,6.0,-36.0,523.0
-50.0,6.0,-36.0,523.0
-48.0,6.0,-36.0,523.0
-46.0,6.0,-36.0,220.0
-44.0,6.0,-36.0,220.0
-42.0,6.0,-36.0,220.0
-40.0,6.0,-36.0,220.0
-38.0,6.0,-36.0,521.0
-36.0,6.0,-36.0,521.0
-32.0,6.0,-36.0,521.0
-30.0,6.0,-36.0,105.0
-28.0,6.0,-36.0,105.0
-26.0,6.0,-36.0,592.0
-24.0,6.0,-36.0,592.0
-22.0,6.0,-36.0,592.0
-20.0,6.0,-36.0,592.0
-18.0,6.0,-36.0,592.0
20.0,6.0,-36.0,244.0
22.0,6.0,-36.0,244.0
24.0,6.0,-36.0,244.0
26.0,6.0,-36.0,244.0
28.0,6.0,-36.0,400.0
30.0,6.0,-36.0,400.0
32.0,6.0,-36.0,114.0
34.0,6.0,-36.0,114.0
36.0,6.0,-36.0,114.0
38.0,6.0,-36.0,369.0
40.0,6.0,-36.0,369.0
42.0,6.0,-36.0,369.0
44.0,6.0,-36.0,369.0
46.0,6.0,-36.0,369.0
48.0,6.0,-36.0,369.0
50.0,6.0,-36.0,369.0
52.0,6.0,-36.0,207.0
54.0,6.0,-36.0,207.0
-56.0,8.0,-36.0,523.0
-54.0,8.0,-36.0,523.0
-52.0,8.0,-36.0,523.0
-50.0,8.0,-36.0,523.0
-48.0,8.0,-36.0,523.0
-46.0,8.0,-36.0,220.0
-44.0,8.0,-36.0,220.0
-42.0,8.0,-36.0,521.0
-40.0,8.0,-36.0,521.0
-38.0,8.0,-36.0,521.0
-36.0,8.0,-36.0,521.0
-30.0,8.0,-36.0,105.0
-28.0,8.0,-36.0,105.0
-26.0,8.0,-36.0,297.0
-24.0,8.0,-36.0,297.0
-22.0,8.0,-36.0,297.0
-20.0,8.0,-36.0,297.0
-18.0,8.0,-36.0,297.0
22.0,8.0,-36.0,244.0
24.0,8.0,-36.0,244.0
26.0,8.0,-36.0,244.0
28.0,8.0,-36.0,244.0
30.0,8.0,-36.0,114.0
32.0,8.0,-36.0,114.0
34.0,8.0,-36.0,114.0
36.0,8.0,-36.0,114.0
38.0,8.0,-36.0,114.0
40.0,8.0,-36.0,369.0
42.0,8.0,-36.0,369.0
44.0,8.0,-36.0,369.0
46.0,8.0,-36.0,369.0
48.0,8.0,-36.0,369.0
50.0,8.0,-36.0,289.0
52.0,8.0,-36.0,207.0
54.0,8.0,-36.0,207.0
-54.0,10.0,-36.0,523.0
-52.0,10.0,-36.0,523.0
-50.0,10.0,-36.0,523.0
-48.0,10.0,-36.0,523.0
-46.0,10.0,-36.0,514.0
-44.0,10.0,-36.0,521.0
-42.0,10.0,-36.0,521.0
-40.0,10.0,-36.0,521.0
-38.0,10.0,-36.0,521.0
-36.0,10.0,-36.0,521.0
-34.0,10.0,-36.0,521.0
-32.0,10.0,-36.0,323.0
-30.0,10.0,-36.0,323.0
-28.0,10.0,-36.0,323.0
-26.0,10.0,-36.0,297.0
-24.0,10.0,-36.0,297.0
-22.0,10.0,-36.0,297.0
-20.0,10.0,-36.0,297.0
-18.0,10.0,-36.0,297.0
22.0,10.0,-36.0,244.0
24.0,10.0,-36.0,244.0
26.0,10.0,-36.0,244.0
28.0,10.0,-36.0,244.0
30.0,10.0,-36.0,114.0
32.0,10.0,-36.0,114.0
34.0,10.0,-36.0,114.0
36.0,10.0,-36.0,114.0
38.0,10.0,-36.0,114.0
40.0,10.0,-36.0,369.0
42.0,10.0,-36.0,369.0
44.0,10.0,-36.0,369.0
46.0,10.0,-36.0,369.0
48.0,10.0,-36.0,289.0
50.0,10.0,-36.0,207.0
52.0,10.0,-36.0,207.0
54.0,10.0,-36.0,207.0
-54.0,12.0,-36.0,426.0
-52.0,12.0,-36.0,426.0
-50.0,12.0,-36.0,426.0
-48.0,12.0,-36.0,426.0
-46.0,12.0,-36.0,514.0
-44.0,12.0,-36.0,521.0
-42.0,12.0,-36.0,521.0
-40.0,12.0,-36.0,521.0
-38.0,12.0,-36.0,521.0
-36.0,12.0,-36.0,521.0
-34.0,12.0,-36.0,323.0
-32.0,12.0,-36.0,323.0
-30.0,12.0,-36.0,323.0
-28.0,12.0,-36.0,323.0
-26.0,12.0,-36.0,297.0
-24.0,12.0,-36.0,297.0
-22.0,12.0,-36.0,297.0
-20.0,12.0,-36.0,297.0
22.0,12.0,-36.0,244.0
24.0,12.0,-36.0,244.0
26.0,12.0,-36.0,244.0
28.0,12.0,-36.0,244.0
30.0,12.0,-36.0,114.0
32.0,12.0,-36.0,114.0
34.0,12.0,-36.0,114.0
36.0,12.0,-36.0,114.0
38.0,12.0,-36.0,114.0
40.0,12.0,-36.0,114.0
42.0,12.0,-36.0,369.0
44.0,12.0,-36.0,369.0
46.0,12.0,-36.0,289.0
48.0,12.0,-36.0,289.0
50.0,12.0,-36.0,207.0
52.0,12.0,-36.0,207.0
-52.0,14.0,-36.0,426.0
-50.0,14.0,-36.0,67.0
-48.0,14.0,-36.0,67.0
-46.0,14.0,-36.0,514.0
-44.0,14.0,-36.0,521.0
-42.0,14.0,-36.0,521.0
-40.0,14.0,-36.0,521.0
-38.0,14.0,-36.0,521.0
-36.0,14.0,-36.0,323.0
-34.0,14.0,-36.0,323.0
-32.0,14.0,-36.0,323.0
-30.0,14.0,-36.0,323.0
-28.0,14.0,-36.0,323.0
-26.0,14.0,-36.0,297.0
-24.0,14.0,-36.0,297.0
-22.0,14.0,-36.0,297.0
-20.0,14.0,-36.0,297.0
22.0,14.0,-36.0,244.0
24.0,14.0,-36.0,244.0
26.0,14.0,-36.0,244.0
28.0,14.0,-36.0,129.0
30.0,14.0,-36.0,129.0
32.0,14.0,-36.0,114.0
34.0,14.0,-36.0,114.0
36.0,14.0,-36.0,114.0
38.0,14.0,-36.0,114.0
40.0,14.0,-36.0,114.0
42.0,14.0,-36.0,369.0
44.0,14.0,-36.0,289.0
46.0,14.0,-36.0,289.0
48.0,14.0,-36.0,289.0
50.0,14.0,-36.0,207.0
-50.0,16.0,-36.0,67.0
-48.0,16.0,-36.0,67.0
-46.0,16.0,-36.0,67.0
-44.0,16.0,-36.0,521.0
-42.0,16.0,-36.0,521.0
-40.0,16.0,-36.0,521.0
-38.0,16.0,-36.0,323.0
-36.0,16.0,-36.0,323.0
-34.0,16.0,-36.0,323.0
-32.0,16.0,-36.0,323.0
-30.0,16.0,-36.0,323.0
-28.0,16.0,-36.0,323.0
-26.0,16.0,-36.0,323.0
-24.0,16.0,-36.0,297.0
-22.0,16.0,-36.0,297.0
-20.0,16.0,-36.0,297.0
22.0,16.0,-36.0,129.0
24.0,16.0,-36.0,129.0
26.0,16.0,-36.0,129.0
28.0,16.0,-36.0,129.0
30.0,16.0,-36.0,129.0
32.0,16.0,-36.0,129.0
34.0,16.0,-36.0,129.0
36.0,16.0,-36.0,114.0
38.0,16.0,-36.0,114.0
40.0,16.0,-36.0,114.0
42.0,16.0,-36.0,114.0
44.0,16.0,-36.0,289.0
46.0,16.0,-36.0,289.0
48.0,16.0,-36.0,289.0
-48.0,18.0,-36.0,67.0
-46.0,18.0,-36.0,318.0
-44.0,18.0,-36.0,318.0
-42.0,18.0,-36.0,318.0
-40.0,18.0,-36.0,318.0
-38.0,18.0,-36.0,318.0
-36.0,18.0,-36.0,318.0
-34.0,18.0,-36.0,323.0
-32.0,18.0,-36.0,323.0
-30.0,18.0,-36.0,323.0
-28.0,18.0,-36.0,323.0
-26.0,18.0,-36.0,323.0
-24.0,18.0,-36.0,297.0
-22.0,18.0,-36.0,297.0
22.0,18.0,-36.0,129.0
24.0,18.0,-36.0,129.0
26.0,18.0,-36.0,129.0
28.0,18.0,-36.0,129.0
30.0,18.0,-36.0,129.0
32.0,18.0,-36.0,129.0
34.0,18.0,-36.0,129.0
36.0,18.0,-36.0,129.0
38.0,18.0,-36.0,129.0
40.0,18.0,-36.0,114.0
42.0,18.0,-36.0,114.0
44.0,18.0,-36.0,289.0
46.0,18.0,-36.0,289.0
-46.0,20.0,-36.0,318.0
-44.0,20.0,-36.0,318.0
-42.0,20.0,-36.0,318.0
-40.0,20.0,-36.0,318.0
-38.0,20.0,-36.0,318.0
-36.0,20.0,-36.0,318.0
-34.0,20.0,-36.0,318.0
-32.0,20.0,-36.0,318.0
-30.0,20.0,-36.0,318.0
-28.0,20.0,-36.0,323.0
-26.0,20.0,-36.0,323.0
-24.0,20.0,-36.0,297.0
-22.0,20.0,-36.0,297.0
24.0,20.0,-36.0,129.0
26.0,20.0,-36.0,129.0
28.0,20.0,-36.0,129.0
30.0,20.0,-36.0,129.0
32.0,20.0,-36.0,129.0
34.0,20.0,-36.0,129.0
36.0,20.0,-36.0,129.0
38.0,20.0,-36.0,129.0
40.0,20.0,-36.0,129.0
42.0,20.0,-36.0,129.0
44.0,20.0,-36.0,289.0
-44.0,22.0,-36.0,318.0
-42.0,22.0,-36.0,318.0
-40.0,22.0,-36.0,318.0
-38.0,22.0,-36.0,318.0
-36.0,22.0,-36.0,318.0
-34.0,22.0,-36.0,318.0
-32.0,22.0,-36.0,318.0
-30.0,22.0,-36.0,318.0
-28.0,22.0,-36.0,318.0
-26.0,22.0,-36.0,318.0
-24.0,22.0,-36.0,318.0
28.0,22.0,-36.0,129.0
30.0,22.0,-36.0,129.0
32.0,22.0,-36.0,129.0
34.0,22.0,-36.0,129.0
36.0,22.0,-36.0,129.0
38.0,22.0,-36.0,129.0
40.0,22.0,-36.0,129.0
42.0,22.0,-36.0,129.0
-42.0,24.0,-36.0,318.0
-40.0,24.0,-36.0,318.0
-38.0,24.0,-36.0,318.0
-36.0,24.0,-36.0,318.0
-34.0,24.0,-36.0,318.0
-32.0,24.0,-36.0,318.0
-30.0,24.0,-36.0,318.0
-28.0,24.0,-36.0,318.0
30.0,24.0,-36.0,129.0
32.0,24.0,-36.0,129.0
34.0,24.0,-36.0,129.0
36.0,24.0,-36.0,129.0
38.0,24.0,-36.0,129.0
40.0,24.0,-36.0,129.0
-40.0,26.0,-36.0,318.0
-38.0,26.0,-36.0,318.0
-36.0,26.0,-36.0,318.0
-34.0,26.0,-36.0,318.0
-32.0,26.0,-36.0,318.0
-38.0,-22.0,-34.0,480.0
40.0,-22.0,-34.0,296.0
46.0,-22.0,-34.0,296.0
52.0,-22.0,-34.0,474.0
54.0,-22.0,-34.0,474.0
56.0,-22.0,-34.0,474.0
58.0,-22.0,-34.0,474.0
-50.0,-20.0,-34.0,503.0
-48.0,-20.0,-34.0,503.0
-46.0,-20.0,-34.0,503.0
-44.0,-20.0,-34.0,503.0
-42.0,-20.0,-34.0,558.0
-40.0,-20.0,-34.0,558.0
-38.0,-20.0,-34.0,558.0
-36.0,-20.0,-34.0,506.0
32.0,-20.0,-34.0,187.0
34.0,-20.0,-34.0,187.0
36.0,-20.0,-34.0,187.0
38.0,-20.0,-34.0,187.0
40.0,-20.0,-34.0,296.0
42.0,-20.0,-34.0,296.0
44.0,-20.0,-34.0,296.0
46.0,-20.0,-34.0,296.0
48.0,-20.0,-34.0,214.0
50.0,-20.0,-34.0,214.0
52.0,-20.0,-34.0,214.0
54.0,-20.0,-34.0,214.0
56.0,-20.0,-34.0,381.0
58.0,-20.0,-34.0,381.0
60.0,-20.0,-34.0,381.0
-52.0,-18.0,-34.0,503.0
-50.0,-18.0,-34.0,503.0
-48.0,-18.0,-34.0,503.0
-46.0,-18.0,-34.0,503.0
-44.0,-18.0,-34.0,503.0
-42.0,-18.0,-34.0,558.0
-40.0,-18.0,-34.0,558.0
-38.0,-18.0,-34.0,506.0
-36.0,-18.0,-34.0,506.0
-34.0,-18.0,-34.0,506.0
30.0,-18.0,-34.0,187.0
32.0,-18.0,-34.0,187.0
34.0,-18.0,-34.0,187.0
36.0,-18.0,-34.0,187.0
38.0,-18.0,-34.0,187.0
40.0,-18.0,-34.0,296.0
42.0,-18.0,-34.0,296.0
44.0,-18.0,-34.0,296.0
46.0,-18.0,-34.0,296.0
48.0,-18.0,-34.0,214.0
50.0,-18.0,-34.0,214.0
52.0,-18.0,-34.0,214.0
54.0,-18.0,-34.0,214.0
56.0,-18.0,-34.0,381.0
58.0,-18.0,-34.0,381.0
60.0,-18.0,-34.0,381.0
-52.0,-16.0,-34.0,503.0
-50.0,-16.0,-34.0,503.0
-48.0,-16.0,-34.0,503.0
-46.0,-16.0,-34.0,503.0
-44.0,-16.0,-34.0,503.0
-42.0,-16.0,-34.0,558.0
-40.0,-16.0,-34.0,506.0
-38.0,-16.0,-34.0,506.0
-36.0,-16.0,-34.0,506.0
-34.0,-16.0,-34.0,506.0
-32.0,-16.0,-34.0,506.0
-30.0,-16.0,-34.0,506.0
-28.0,-16.0,-34.0,506.0
24.0,-16.0,-34.0,394.0
26.0,-16.0,-34.0,394.0
28.0,-16.0,-34.0,394.0
30.0,-16.0,-34.0,187.0
32.0,-16.0,-34.0,187.0
34.0,-16.0,-34.0,187.0
36.0,-16.0,-34.0,187.0
38.0,-16.0,-34.0,187.0
40.0,-16.0,-34.0,296.0
42.0,-16.0,-34.0,296.0
44.0,-16.0,-34.0,296.0
46.0,-16.0,-34.0,372.0
48.0,-16.0,-34.0,372.0
50.0,-16.0,-34.0,214.0
52.0,-16.0,-34.0,214.0
54.0,-16.0,-34.0,214.0
56.0,-16.0,-34.0,381.0
58.0,-16.0,-34.0,381.0
60.0,-16.0,-34.0,381.0
62.0,-16.0,-34.0,381.0
-62.0,-14.0,-34.0,503.0
-60.0,-14.0,-34.0,503.0
-58.0,-14.0,-34.0,503.0
-56.0,-14.0,-34.0,503.0
-54.0,-14.0,-34.0,503.0
-52.0,-14.0,-34.0,503.0
-50.0,-14.0,-34.0,503.0
-48.0,-14.0,-34.0,503.0
-46.0,-14.0,-34.0,503.0
-44.0,-14.0,-34.0,220.0
-42.0,-14.0,-34.0,220.0
-40.0,-14.0,-34.0,506.0
-38.0,-14.0,-34.0,506.0
-36.0,-14.0,-34.0,506.0
-34.0,-14.0,-34.0,506.0
-32.0,-14.0,-34.0,506.0
-30.0,-14.0,-34.0,506.0
-28.0,-14.0,-34.0,506.0
-26.0,-14.0,-34.0,506.0
22.0,-14.0,-34.0,394.0
24.0,-14.0,-34.0,394.0
26.0,-14.0,-34.0,394.0
28.0,-14.0,-34.0,394.0
30.0,-14.0,-34.0,250.0
32.0,-14.0,-34.0,187.0
34.0,-14.0,-34.0,187.0
36.0,-14.0,-34.0,187.0
38.0,-14.0,-34.0,187.0
40.0,-14.0,-34.0,296.0
42.0,-14.0,-34.0,296.0
44.0,-14.0,-34.0,372.0
46.0,-14.0,-34.0,372.0
48.0,-14.0,-34.0,372.0
50.0,-14.0,-34.0,214.0
52.0,-14.0,-34.0,214.0
54.0,-14.0,-34.0,214.0
56.0,-14.0,-34.0,381.0
58.0,-14.0,-34.0,381.0
60.0,-14.0,-34.0,381.0
-62.0,-12.0,-34.0,163.0
-60.0,-12.0,-34.0,163.0
-58.0,-12.0,-34.0,163.0
-56.0,-12.0,-34.0,163.0
-54.0,-12.0,-34.0,163.0
-52.0,-12.0,-34.0,163.0
-50.0,-12.0,-34.0,163.0
-48.0,-12.0,-34.0,163.0
-46.0,-12.0,-34.0,163.0
-44.0,-12.0,-34.0,220.0
-42.0,-12.0,-34.0,220.0
-40.0,-12.0,-34.0,220.0
-38.0,-12.0,-34.0,506.0
-36.0,-12.0,-34.0,506.0
-34.0,-12.0,-34.0,506.0
-32.0,-12.0,-34.0,506.0
-30.0,-12.0,-34.0,506.0
-28.0,-12.0,-34.0,506.0
-26.0,-12.0,-34.0,506.0
-24.0,-12.0,-34.0,506.0
-22.0,-12.0,-34.0,84.0
20.0,-12.0,-34.0,394.0
22.0,-12.0,-34.0,394.0
24.0,-12.0,-34.0,394.0
26.0,-12.0,-34.0,394.0
28.0,-12.0,-34.0,394.0
30.0,-12.0,-34.0,250.0
32.0,-12.0,-34.0,250.0
34.0,-12.0,-34.0,187.0
36.0,-12.0,-34.0,187.0
38.0,-12.0,-34.0,187.0
40.0,-12.0,-34.0,21.0
42.0,-12.0,-34.0,21.0
44.0,-12.0,-34.0,372.0
46.0,-12.0,-34.0,372.0
48.0,-12.0,-34.0,372.0
50.0,-12.0,-34.0,214.0
52.0,-12.0,-34.0,214.0
54.0,-12.0,-34.0,214.0
56.0,-12.0,-34.0,381.0
58.0,-12.0,-34.0,381.0
60.0,-12.0,-34.0,381.0
-62.0,-10.0,-34.0,163.0
-60.0,-10.0,-34.0,163.0
-58.0,-10.0,-34.0,163.0
-56.0,-10.0,-34.0,163.0
-54.0,-10.0,-34.0,163.0
-52.0,-10.0,-34.0,163.0
-50.0,-10.0,-34.0,163.0
-48.0,-10.0,-34.0,163.0
-46.0,-10.0,-34.0,163.0
-44.0,-10.0,-34.0,220.0
-42.0,-10.0,-34.0,220.0
-40.0,-10.0,-34.0,220.0
-38.0,-10.0,-34.0,220.0
-36.0,-10.0,-34.0,506.0
-34.0,-10.0,-34.0,506.0
-32.0,-10.0,-34.0,506.0
-30.0,-10.0,-34.0,506.0
-28.0,-10.0,-34.0,506.0
-26.0,-10.0,-34.0,506.0
-24.0,-10.0,-34.0,84.0
-22.0,-10.0,-34.0,84.0
20.0,-10.0,-34.0,270.0
22.0,-10.0,-34.0,270.0
24.0,-10.0,-34.0,270.0
26.0,-10.0,-34.0,270.0
28.0,-10.0,-34.0,250.0
30.0,-10.0,-34.0,250.0
32.0,-10.0,-34.0,250.0
34.0,-10.0,-34.0,250.0
36.0,-10.0,-34.0,187.0
38.0,-10.0,-34.0,21.0
40.0,-10.0,-34.0,21.0
42.0,-10.0,-34.0,21.0
44.0,-10.0,-34.0,372.0
46.0,-10.0,-34.0,372.0
48.0,-10.0,-34.0,372.0
50.0,-10.0,-34.0,372.0
52.0,-10.0,-34.0,214.0
54.0,-10.0,-34.0,214.0
56.0,-10.0,-34.0,381.0
58.0,-10.0,-34.0,381.0
60.0,-10.0,-34.0,381.0
-60.0,-8.0,-34.0,163.0
-58.0,-8.0,-34.0,163.0
-56.0,-8.0,-34.0,163.0
-54.0,-8.0,-34.0,163.0
-52.0,-8.0,-34.0,163.0
-50.0,-8.0,-34.0,163.0
-48.0,-8.0,-34.0,163.0
-46.0,-8.0,-34.0,220.0
-44.0,-8.0,-34.0,220.0
-42.0,-8.0,-34.0,220.0
-40.0,-8.0,-34.0,220.0
-38.0,-8.0,-34.0,220.0
-36.0,-8.0,-34.0,220.0
-34.0,-8.0,-34.0,506.0
-32.0,-8.0,-34.0,506.0
-30.0,-8.0,-34.0,506.0
-28.0,-8.0,-34.0,506.0
-26.0,-8.0,-34.0,84.0
-24.0,-8.0,-34.0,84.0
-22.0,-8.0,-34.0,84.0
-20.0,-8.0,-34.0,84.0
18.0,-8.0,-34.0,270.0
20.0,-8.0,-34.0,270.0
22.0,-8.0,-34.0,270.0
24.0,-8.0,-34.0,270.0
26.0,-8.0,-34.0,270.0
28.0,-8.0,-34.0,528.0
30.0,-8.0,-34.0,250.0
32.0,-8.0,-34.0,250.0
34.0,-8.0,-34.0,250.0
36.0,-8.0,-34.0,21.0
38.0,-8.0,-34.0,21.0
40.0,-8.0,-34.0,21.0
42.0,-8.0,-34.0,21.0
44.0,-8.0,-34.0,372.0
46.0,-8.0,-34.0,372.0
48.0,-8.0,-34.0,372.0
50.0,-8.0,-34.0,311.0
52.0,-8.0,-34.0,311.0
54.0,-8.0,-34.0,311.0
56.0,-8.0,-34.0,381.0
58.0,-8.0,-34.0,381.0
60.0,-8.0,-34.0,381.0
-60.0,-6.0,-34.0,163.0
-58.0,-6.0,-34.0,163.0
-56.0,-6.0,-34.0,163.0
-54.0,-6.0,-34.0,163.0
-52.0,-6.0,-34.0,163.0
-50.0,-6.0,-34.0,163.0
-48.0,-6.0,-34.0,163.0
-46.0,-6.0,-34.0,220.0
-44.0,-6.0,-34.0,220.0
-42.0,-6.0,-34.0,220.0
-40.0,-6.0,-34.0,220.0
-38.0,-6.0,-34.0,220.0
-36.0,-6.0,-34.0,220.0
-34.0,-6.0,-34.0,220.0
-32.0,-6.0,-34.0,506.0
-30.0,-6.0,-34.0,506.0
-28.0,-6.0,-34.0,84.0
-26.0,-6.0,-34.0,84.0
-24.0,-6.0,-34.0,84.0
-22.0,-6.0,-34.0,84.0
-20.0,-6.0,-34.0,84.0
18.0,-6.0,-34.0,270.0
20.0,-6.0,-34.0,270.0
22.0,-6.0,-34.0,270.0
24.0,-6.0,-34.0,270.0
26.0,-6.0,-34.0,270.0
28.0,-6.0,-34.0,528.0
30.0,-6.0,-34.0,528.0
32.0,-6.0,-34.0,250.0
34.0,-6.0,-34.0,250.0
36.0,-6.0,-34.0,21.0
38.0,-6.0,-34.0,21.0
40.0,-6.0,-34.0,21.0
42.0,-6.0,-34.0,21.0
44.0,-6.0,-34.0,372.0
46.0,-6.0,-34.0,372.0
48.0,-6.0,-34.0,372.0
50.0,-6.0,-34.0,311.0
52.0,-6.0,-34.0,311.0
54.0,-6.0,-34.0,311.0
56.0,-6.0,-34.0,311.0
58.0,-6.0,-34.0,381.0
-60.0,-4.0,-34.0,163.0
-58.0,-4.0,-34.0,163.0
-56.0,-4.0,-34.0,163.0
-54.0,-4.0,-34.0,163.0
-52.0,-4.0,-34.0,163.0
-50.0,-4.0,-34.0,163.0
-48.0,-4.0,-34.0,163.0
-46.0,-4.0,-34.0,220.0
-44.0,-4.0,-34.0,220.0
-42.0,-4.0,-34.0,220.0
-40.0,-4.0,-34.0,220.0
-38.0,-4.0,-34.0,220.0
-36.0,-4.0,-34.0,220.0
-34.0,-4.0,-34.0,220.0
-32.0,-4.0,-34.0,220.0
-30.0,-4.0,-34.0,84.0
-28.0,-4.0,-34.0,84.0
-26.0,-4.0,-34.0,84.0
-24.0,-4.0,-34.0,84.0
-22.0,-4.0,-34.0,84.0
-20.0,-4.0,-34.0,592.0
-18.0,-4.0,-34.0,592.0
18.0,-4.0,-34.0,270.0
20.0,-4.0,-34.0,270.0
22.0,-4.0,-34.0,270.0
24.0,-4.0,-34.0,270.0
26.0,-4.0,-34.0,528.0
28.0,-4.0,-34.0,528.0
30.0,-4.0,-34.0,528.0
32.0,-4.0,-34.0,528.0
34.0,-4.0,-34.0,250.0
36.0,-4.0,-34.0,21.0
38.0,-4.0,-34.0,21.0
40.0,-4.0,-34.0,21.0
42.0,-4.0,-34.0,21.0
44.0,-4.0,-34.0,372.0
46.0,-4.0,-34.0,372.0
48.0,-4.0,-34.0,372.0
50.0,-4.0,-34.0,311.0
52.0,-4.0,-34.0,311.0
54.0,-4.0,-34.0,311.0
56.0,-4.0,-34.0,311.0
58.0,-4.0,-34.0,311.0
-58.0,-2.0,-34.0,163.0
-56.0,-2.0,-34.0,163.0
-54.0,-2.0,-34.0,163.0
-52.0,-2.0,-34.0,163.0
-50.0,-2.0,-34.0,163.0
-48.0,-2.0,-34.0,163.0
-46.0,-2.0,-34.0,220.0
-44.0,-2.0,-34.0,220.0
-42.0,-2.0,-34.0,220.0
-40.0,-2.0,-34.0,220.0
-38.0,-2.0,-34.0,220.0
-36.0,-2.0,-34.0,220.0
-34.0,-2.0,-34.0,220.0
-32.0,-2.0,-34.0,220.0
-30.0,-2.0,-34.0,84.0
-28.0,-2.0,-34.0,84.0
-26.0,-2.0,-34.0,84.0
-24.0,-2.0,-34.0,84.0
-22.0,-2.0,-34.0,84.0
-20.0,-2.0,-34.0,592.0
-18.0,-2.0,-34.0,592.0
18.0,-2.0,-34.0,270.0
20.0,-2.0,-34.0,270.0
22.0,-2.0,-34.0,270.0
24.0,-2.0,-34.0,270.0
26.0,-2.0,-34.0,528.0
28.0,-2.0,-34.0,528.0
30.0,-2.0,-34.0,528.0
32.0,-2.0,-34.0,528.0
34.0,-2.0,-34.0,528.0
36.0,-2.0,-34.0,369.0
38.0,-2.0,-34.0,369.0
40.0,-2.0,-34.0,369.0
42.0,-2.0,-34.0,369.0
44.0,-2.0,-34.0,372.0
46.0,-2.0,-34.0,372.0
48.0,-2.0,-34.0,311.0
50.0,-2.0,-34.0,311.0
52.0,-2.0,-34.0,311.0
54.0,-2.0,-34.0,311.0
56.0,-2.0,-34.0,311.0
58.0,-2.0,-34.0,311.0
-58.0,-0.0,-34.0,163.0
-56.0,-0.0,-34.0,163.0
-54.0,-0.0,-34.0,163.0
-52.0,-0.0,-34.0,163.0
-50.0,-0.0,-34.0,163.0
-48.0,-0.0,-34.0,220.0
-46.0,-0.0,-34.0,220.0
-44.0,-0.0,-34.0,220.0
-42.0,-0.0,-34.0,220.0
-40.0,-0.0,-34.0,220.0
-38.0,-0.0,-34.0,220.0
-36.0,-0.0,-34.0,220.0
-34.0,-0.0,-34.0,220.0
-32.0,-0.0,-34.0,84.0
-30.0,-0.0,-34.0,84.0
-28.0,-0.0,-34.0,84.0
-26.0,-0.0,-34.0,84.0
-24.0,-0.0,-34.0,84.0
-22.0,-0.0,-34.0,592.0
-20.0,-0.0,-34.0,592.0
-18.0,-0.0,-34.0,592.0
18.0,-0.0,-34.0,270.0
20.0,-0.0,-34.0,270.0
22.0,-0.0,-34.0,270.0
24.0,-0.0,-34.0,528.0
26.0,-0.0,-34.0,528.0
28.0,-0.0,-34.0,528.0
30.0,-0.0,-34.0,528.0
32.0,-0.0,-34.0,528.0
34.0,-0.0,-34.0,114.0
36.0,-0.0,-34.0,369.0
38.0,-0.0,-34.0,369.0
40.0,-0.0,-34.0,369.0
42.0,-0.0,-34.0,369.0
44.0,-0.0,-34.0,369.0
46.0,-0.0,-34.0,369.0
48.0,-0.0,-34.0,311.0
50.0,-0.0,-34.0,311.0
52.0,-0.0,-34.0,311.0
54.0,-0.0,-34.0,311.0
56.0,-0.0,-34.0,311.0
58.0,-0.0,-34.0,311.0
-58.0,2.0,-34.0,163.0
-56.0,2.0,-34.0,163.0
-54.0,2.0,-34.0,163.0
-52.0,2.0,-34.0,163.0
-50.0,2.0,-34.0,163.0
-48.0,2.0,-34.0,220.0
-46.0,2.0,-34.0,220.0
-44.0,2.0,-34.0,220.0
-42.0,2.0,-34.0,220.0
-40.0,2.0,-34.0,220.0
-38.0,2.0,-34.0,220.0
-36.0,2.0,-34.0,220.0
-34.0,2.0,-34.0,220.0
-32.0,2.0,-34.0,521.0
-30.0,2.0,-34.0,84.0
-28.0,2.0,-34.0,84.0
-26.0,2.0,-34.0,84.0
-24.0,2.0,-34.0,592.0
-22.0,2.0,-34.0,592.0
-20.0,2.0,-34.0,592.0
-18.0,2.0,-34.0,592.0
18.0,2.0,-34.0,270.0
20.0,2.0,-34.0,270.0
22.0,2.0,-34.0,270.0
24.0,2.0,-34.0,528.0
26.0,2.0,-34.0,528.0
28.0,2.0,-34.0,528.0
30.0,2.0,-34.0,528.0
32.0,2.0,-34.0,114.0
40.0,2.0,-34.0,369.0
42.0,2.0,-34.0,369.0
44.0,2.0,-34.0,369.0
46.0,2.0,-34.0,369.0
48.0,2.0,-34.0,369.0
50.0,2.0,-34.0,311.0
52.0,2.0,-34.0,311.0
54.0,2.0,-34.0,311.0
56.0,2.0,-34.0,311.0
58.0,2.0,-34.0,311.0
-58.0,4.0,-34.0,163.0
-56.0,4.0,-34.0,163.0
-54.0,4.0,-34.0,523.0
-52.0,4.0,-34.0,523.0
-50.0,4.0,-34.0,523.0
-48.0,4.0,-34.0,220.0
-46.0,4.0,-34.0,220.0
-44.0,4.0,-34.0,220.0
-42.0,4.0,-34.0,220.0
-40.0,4.0,-34.0,220.0
-38.0,4.0,-34.0,220.0
-32.0,4.0,-34.0,521.0
-30.0,4.0,-34.0,521.0
-28.0,4.0,-34.0,84.0
-26.0,4.0,-34.0,84.0
-24.0,4.0,-34.0,592.0
-22.0,4.0,-34.0,592.0
-20.0,4.0,-34.0,592.0
-18.0,4.0,-34.0,592.0
20.0,4.0,-34.0,270.0
22.0,4.0,-34.0,244.0
24.0,4.0,-34.0,244.0
26.0,4.0,-34.0,244.0
28.0,4.0,-34.0,400.0
30.0,4.0,-34.0,114.0
32.0,4.0,-34.0,114.0
38.0,4.0,-34.0,369.0
40.0,4.0,-34.0,369.0
42.0,4.0,-34.0,369.0
44.0,4.0,-34.0,369.0
46.0,4.0,-34.0,369.0
48.0,4.0,-34.0,369.0
50.0,4.0,-34.0,207.0
52.0,4.0,-34.0,207.0
54.0,4.0,-34.0,207.0
56.0,4.0,-34.0,207.0
-58.0,6.0,-34.0,426.0
-56.0,6.0,-34.0,523.0
-54.0,6.0,-34.0,523.0
-52.0,6.0,-34.0,523.0
-50.0,6.0,-34.0,523.0
-48.0,6.0,-34.0,220.0
-46.0,6.0,-34.0,220.0
-44.0,6.0,-34.0,220.0
-42.0,6.0,-34.0,220.0
-40.0,6.0,-34.0,521.0
-38.0,6.0,-34.0,521.0
-30.0,6.0,-34.0,521.0
-28.0,6.0,-34.0,323.0
-26.0,6.0,-34.0,297.0
-24.0,6.0,-34.0,297.0
-22.0,6.0,-34.0,297.0
-20.0,6.0,-34.0,297.0
-18.0,6.0,-34.0,297.0
20.0,6.0,-34.0,244.0
22.0,6.0,-34.0,244.0
24.0,6.0,-34.0,244.0
26.0,6.0,-34.0,244.0
28.0,6.0,-34.0,400.0
30.0,6.0,-34.0,114.0
32.0,6.0,-34.0,114.0
38.0,6.0,-34.0,369.0
40.0,6.0,-34.0,369.0
42.0,6.0,-34.0,369.0
44.0,6.0,-34.0,369.0
46.0,6.0,-34.0,369.0
48.0,6.0,-34.0,369.0
50.0,6.0,-34.0,207.0
52.0,6.0,-34.0,207.0
54.0,6.0,-34.0,207.0
56.0,6.0,-34.0,207.0
-56.0,8.0,-34.0,426.0
-54.0,8.0,-34.0,426.0
-52.0,8.0,-34.0,426.0
-50.0,8.0,-34.0,426.0
-48.0,8.0,-34.0,514.0
-46.0,8.0,-34.0,514.0
-44.0,8.0,-34.0,514.0
-42.0,8.0,-34.0,521.0
-40.0,8.0,-34.0,521.0
-38.0,8.0,-34.0,521.0
-36.0,8.0,-34.0,521.0
-30.0,8.0,-34.0,323.0
-28.0,8.0,-34.0,323.0
-26.0,8.0,-34.0,297.0
-24.0,8.0,-34.0,297.0
-22.0,8.0,-34.0,297.0
-20.0,8.0,-34.0,297.0
-18.0,8.0,-34.0,297.0
20.0,8.0,-34.0,244.0
22.0,8.0,-34.0,244.0
24.0,8.0,-34.0,244.0
26.0,8.0,-34.0,244.0
28.0,8.0,-34.0,114.0
30.0,8.0,-34.0,114.0
32.0,8.0,-34.0,114.0
40.0,8.0,-34.0,369.0
42.0,8.0,-34.0,369.0
44.0,8.0,-34.0,369.0
46.0,8.0,-34.0,369.0
48.0,8.0,-34.0,207.0
50.0,8.0,-34.0,207.0
52.0,8.0,-34.0,207.0
54.0,8.0,-34.0,207.0
56.0,8.0,-34.0,207.0
-56.0,10.0,-34.0,426.0
-54.0,10.0,-34.0,426.0
-52.0,10.0,-34.0,426.0
-50.0,10.0,-34.0,426.0
-48.0,10.0,-34.0,514.0
-46.0,10.0,-34.0,514.0
-44.0,10.0,-34.0,514.0
-42.0,10.0,-34.0,521.0
-40.0,10.0,-34.0,521.0
-38.0,10.0,-34.0,521.0
-36.0,10.0,-34.0,521.0
-34.0,10.0,-34.0,521.0
-32.0,10.0,-34.0,323.0
-30.0,10.0,-34.0,323.0
-28.0,10.0,-34.0,323.0
-26.0,10.0,-34.0,297.0
-24.0,10.0,-34.0,297.0
-22.0,10.0,-34.0,297.0
-20.0,10.0,-34.0,297.0
-18.0,10.0,-34.0,297.0
22.0,10.0,-34.0,244.0
24.0,10.0,-34.0,244.0
26.0,10.0,-34.0,244.0
28.0,10.0,-34.0,114.0
30.0,10.0,-34.0,114.0
32.0,10.0,-34.0,114.0
34.0,10.0,-34.0,114.0
40.0,10.0,-34.0,369.0
42.0,10.0,-34.0,369.0
44.0,10.0,-34.0,369.0
46.0,10.0,-34.0,369.0
48.0,10.0,-34.0,207.0
50.0,10.0,-34.0,207.0
52.0,10.0,-34.0,207.0
54.0,10.0,-34.0,207.0
-54.0,12.0,-34.0,426.0
-52.0,12.0,-34.0,426.0
-50.0,12.0,-34.0,426.0
-48.0,12.0,-34.0,426.0
-46.0,12.0,-34.0,514.0
-44.0,12.0,-34.0,514.0
-42.0,12.0,-34.0,521.0
-40.0,12.0,-34.0,521.0
-38.0,12.0,-34.0,521.0
-36.0,12.0,-34.0,521.0
-34.0,12.0,-34.0,323.0
-32.0,12.0,-34.0,323.0
-30.0,12.0,-34.0,323.0
-28.0,12.0,-34.0,323.0
-26.0,12.0,-34.0,297.0
-24.0,12.0,-34.0,297.0
-22.0,12.0,-34.0,297.0
-20.0,12.0,-34.0,297.0
22.0,12.0,-34.0,244.0
24.0,12.0,-34.0,244.0
26.0,12.0,-34.0,244.0
28.0,12.0,-34.0,114.0
30.0,12.0,-34.0,114.0
32.0,12.0,-34.0,114.0
34.0,12.0,-34.0,114.0
36.0,12.0,-34.0,114.0
38.0,12.0,-34.0,114.0
40.0,12.0,-34.0,114.0
42.0,12.0,-34.0,369.0
44.0,12.0,-34.0,369.0
46.0,12.0,-34.0,369.0
48.0,12.0,-34.0,207.0
50.0,12.0,-34.0,207.0
52.0,12.0,-34.0,207.0
-54.0,14.0,-34.0,426.0
-52.0,14.0,-34.0,426.0
-50.0,14.0,-34.0,67.0
-48.0,14.0,-34.0,67.0
-46.0,14.0,-34.0,514.0
-44.0,14.0,-34.0,514.0
-42.0,14.0,-34.0,521.0
-40.0,14.0,-34.0,521.0
-38.0,14.0,-34.0,521.0
-36.0,14.0,-34.0,323.0
-34.0,14.0,-34.0,323.0
-32.0,14.0,-34.0,323.0
-30.0,14.0,-34.0,323.0
-28.0,14.0,-34.0,323.0
-26.0,14.0,-34.0,323.0
-24.0,14.0,-34.0,297.0
-22.0,14.0,-34.0,297.0
22.0,14.0,-34.0,244.0
24.0,14.0,-34.0,244.0
26.0,14.0,-34.0,129.0
28.0,14.0,-34.0,129.0
30.0,14.0,-34.0,114.0
32.0,14.0,-34.0,114.0
34.0,14.0,-34.0,114.0
36.0,14.0,-34.0,114.0
38.0,14.0,-34.0,114.0
40.0,14.0,-34.0,114.0
42.0,14.0,-34.0,369.0
44.0,14.0,-34.0,369.0
46.0,14.0,-34.0,207.0
48.0,14.0,-34.0,207.0
50.0,14.0,-34.0,207.0
52.0,14.0,-34.0,207.0
-52.0,16.0,-34.0,67.0
-50.0,16.0,-34.0,67.0
-48.0,16.0,-34.0,67.0
-46.0,16.0,-34.0,67.0
-44.0,16.0,-34.0,514.0
-42.0,16.0,-34.0,521.0
-40.0,16.0,-34.0,521.0
-38.0,16.0,-34.0,323.0
-36.0,16.0,-34.0,323.0
-34.0,16.0,-34.0,323.0
-32.0,16.0,-34.0,323.0
-30.0,16.0,-34.0,323.0
-28.0,16.0,-34.0,323.0
-26.0,16.0,-34.0,323.0
-24.0,16.0,-34.0,297.0
-22.0,16.0,-34.0,297.0
22.0,16.0,-34.0,129.0
24.0,16.0,-34.0,129.0
26.0,16.0,-34.0,129.0
28.0,16.0,-34.0,129.0
30.0,16.0,-34.0,129.0
32.0,16.0,-34.0,129.0
34.0,16.0,-34.0,129.0
36.0,16.0,-34.0,114.0
38.0,16.0,-34.0,114.0
40.0,16.0,-34.0,114.0
42.0,16.0,-34.0,114.0
44.0,16.0,-34.0,369.0
46.0,16.0,-34.0,207.0
48.0,16.0,-34.0,207.0
50.0,16.0,-34.0,207.0
-50.0,18.0,-34.0,67.0
-48.0,18.0,-34.0,67.0
-46.0,18.0,-34.0,67.0
-44.0,18.0,-34.0,318.0
-42.0,18.0,-34.0,318.0
-40.0,18.0,-34.0,318.0
-38.0,18.0,-34.0,318.0
-36.0,18.0,-34.0,323.0
-34.0,18.0,-34.0,323.0
-32.0,18.0,-34.0,323.0
-30.0,18.0,-34.0,323.0
-28.0,18.0,-34.0,323.0
-26.0,18.0,-34.0,323.0
-24.0,18.0,-34.0,297.0
-22.0,18.0,-34.0,297.0
22.0,18.0,-34.0,129.0
24.0,18.0,-34.0,129.0
26.0,18.0,-34.0,129.0
28.0,18.0,-34.0,129.0
30.0,18.0,-34.0,129.0
32.0,18.0,-34.0,129.0
34.0,18.0,-34.0,129.0
36.0,18.0,-34.0,129.0
38.0,18.0,-34.0,129.0
40.0,18.0,-34.0,114.0
42.0,18.0,-34.0,114.0
44.0,18.0,-34.0,429.0
46.0,18.0,-34.0,207.0
48.0,18.0,-34.0,207.0
-48.0,20.0,-34.0,67.0
-46.0,20.0,-34.0,67.0
-44.0,20.0,-34.0,318.0
-42.0,20.0,-34.0,318.0
-40.0,20.0,-34.0,318.0
-38.0,20.0,-34.0,318.0
-36.0,20.0,-34.0,318.0
-34.0,20.0,-34.0,318.0
-32.0,20.0,-34.0,318.0
-30.0,20.0,-34.0,323.0
-28.0,20.0,-34.0,323.0
-26.0,20.0,-34.0,323.0
-24.0,20.0,-34.0,297.0
24.0,20.0,-34.0,129.0
26.0,20.0,-34.0,129.0
28.0,20.0,-34.0,129.0
30.0,20.0,-34.0,129.0
32.0,20.0,-34.0,129.0
34.0,20.0,-34.0,129.0
36.0,20.0,-34.0,129.0
38.0,20.0,-34.0,129.0
40.0,20.0,-34.0,129.0
42.0,20.0,-34.0,429.0
44.0,20.0,-34.0,429.0
46.0,20.0,-34.0,429.0
-46.0,22.0,-34.0,318.0
-44.0,22.0,-34.0,318.0
-42.0,22.0,-34.0,318.0
-40.0,22.0,-34.0,318.0
-38.0,22.0,-34.0,318.0
-36.0,22.0,-34.0,318.0
-34.0,22.0,-34.0,318.0
-32.0,22.0,-34.0,318.0
-30.0,22.0,-34.0,318.0
-28.0,22.0,-34.0,318.0
-26.0,22.0,-34.0,318.0
-24.0,22.0,-34.0,310.0
28.0,22.0,-34.0,129.0
30.0,22.0,-34.0,129.0
32.0,22.0,-34.0,129.0
34.0,22.0,-34.0,129.0
36.0,22.0,-34.0,129.0
38.0,22.0,-34.0,129.0
40.0,22.0,-34.0,129.0
42.0,22.0,-34.0,129.0
44.0,22.0,-34.0,429.0
-44.0,24.0,-34.0,318.0
-42.0,24.0,-34.0,318.0
-40.0,24.0,-34.0,318.0
-38.0,24.0,-34.0,318.0
-36.0,24.0,-34.0,318.0
-34.0,24.0,-34.0,318.0
-32.0,24.0,-34.0,318.0
-30.0,24.0,-34.0,318.0
-28.0,24.0,-34.0,318.0
-26.0,24.0,-34.0,318.0
30.0,24.0,-34.0,129.0
32.0,24.0,-34.0,129.0
34.0,24.0,-34.0,129.0
36.0,24.0,-34.0,129.0
38.0,24.0,-34.0,129.0
40.0,24.0,-34.0,129.0
42.0,24.0,-34.0,129.0
-40.0,26.0,-34.0,318.0
-38.0,26.0,-34.0,318.0
-36.0,26.0,-34.0,318.0
-34.0,26.0,-34.0,318.0
-32.0,26.0,-34.0,318.0
-58.0,-24.0,-32.0,503.0
-56.0,-24.0,-32.0,503.0
-54.0,-24.0,-32.0,503.0
-40.0,-24.0,-32.0,480.0
-38.0,-24.0,-32.0,480.0
-36.0,-24.0,-32.0,480.0
-34.0,-24.0,-32.0,480.0
36.0,-24.0,-32.0,68.0
38.0,-24.0,-32.0,68.0
40.0,-24.0,-32.0,68.0
48.0,-24.0,-32.0,474.0
50.0,-24.0,-32.0,474.0
52.0,-24.0,-32.0,474.0
54.0,-24.0,-32.0,474.0
56.0,-24.0,-32.0,474.0
58.0,-24.0,-32.0,474.0
60.0,-24.0,-32.0,474.0
-58.0,-22.0,-32.0,503.0
-56.0,-22.0,-32.0,503.0
-54.0,-22.0,-32.0,503.0
-52.0,-22.0,-32.0,503.0
-50.0,-22.0,-32.0,503.0
-48.0,-22.0,-32.0,503.0
-46.0,-22.0,-32.0,503.0
-44.0,-22.0,-32.0,558.0
-42.0,-22.0,-32.0,480.0
-40.0,-22.0,-32.0,480.0
-38.0,-22.0,-32.0,480.0
-36.0,-22.0,-32.0,480.0
-34.0,-22.0,-32.0,480.0
34.0,-22.0,-32.0,187.0
36.0,-22.0,-32.0,187.0
38.0,-22.0,-32.0,68.0
40.0,-22.0,-32.0,296.0
42.0,-22.0,-32.0,296.0
44.0,-22.0,-32.0,296.0
46.0,-22.0,-32.0,296.0
48.0,-22.0,-32.0,474.0
50.0,-22.0,-32.0,474.0
52.0,-22.0,-32.0,474.0
54.0,-22.0,-32.0,474.0
56.0,-22.0,-32.0,474.0
58.0,-22.0,-32.0,474.0
60.0,-22.0,-32.0,474.0
62.0,-22.0,-32.0,474.0
-58.0,-20.0,-32.0,503.0
-56.0,-20.0,-32.0,503.0
-54.0,-20.0,-32.0,503.0
-52.0,-20.0,-32.0,503.0
-50.0,-20.0,-32.0,503.0
-48.0,-20.0,-32.0,503.0
-46.0,-20.0,-32.0,503.0
-44.0,-20.0,-32.0,558.0
-42.0,-20.0,-32.0,558.0
-40.0,-20.0,-32.0,558.0
-38.0,-20.0,-32.0,558.0
-36.0,-20.0,-32.0,506.0
-34.0,-20.0,-32.0,506.0
-32.0,-20.0,-32.0,506.0
30.0,-20.0,-32.0,187.0
32.0,-20.0,-32.0,187.0
34.0,-20.0,-32.0,187.0
36.0,-20.0,-32.0,187.0
38.0,-20.0,-32.0,187.0
40.0,-20.0,-32.0,296.0
42.0,-20.0,-32.0,296.0
44.0,-20.0,-32.0,296.0
46.0,-20.0,-32.0,296.0
48.0,-20.0,-32.0,214.0
50.0,-20.0,-32.0,214.0
52.0,-20.0,-32.0,214.0
54.0,-20.0,-32.0,214.0
56.0,-20.0,-32.0,381.0
58.0,-20.0,-32.0,381.0
60.0,-20.0,-32.0,381.0
62.0,-20.0,-32.0,381.0
-58.0,-18.0,-32.0,503.0
-56.0,-18.0,-32.0,503.0
-54.0,-18.0,-32.0,503.0
-52.0,-18.0,-32.0,503.0
-50.0,-18.0,-32.0,503.0
-48.0,-18.0,-32.0,503.0
-46.0,-18.0,-32.0,503.0
-44.0,-18.0,-32.0,558.0
-42.0,-18.0,-32.0,558.0
-40.0,-18.0,-32.0,558.0
-38.0,-18.0,-32.0,506.0
-36.0,-18.0,-32.0,506.0
-34.0,-18.0,-32.0,506.0
-32.0,-18.0,-32.0,506.0
-30.0,-18.0,-32.0,506.0
-28.0,-18.0,-32.0,506.0
-26.0,-18.0,-32.0,506.0
22.0,-18.0,-32.0,394.0
24.0,-18.0,-32.0,394.0
26.0,-18.0,-32.0,394.0
28.0,-18.0,-32.0,394.0
30.0,-18.0,-32.0,187.0
32.0,-18.0,-32.0,187.0
34.0,-18.0,-32.0,187.0
36.0,-18.0,-32.0,187.0
38.0,-18.0,-32.0,187.0
40.0,-18.0,-32.0,296.0
42.0,-18.0,-32.0,296.0
44.0,-18.0,-32.0,296.0
46.0,-18.0,-32.0,296.0
48.0,-18.0,-32.0,214.0
50.0,-18.0,-32.0,214.0
52.0,-18.0,-32.0,214.0
54.0,-18.0,-32.0,214.0
56.0,-18.0,-32.0,381.0
58.0,-18.0,-32.0,381.0
60.0,-18.0,-32.0,381.0
62.0,-18.0,-32.0,381.0
-62.0,-16.0,-32.0,503.0
-60.0,-16.0,-32.0,503.0
-58.0,-16.0,-32.0,503.0
-56.0,-16.0,-32.0,503.0
-54.0,-16.0,-32.0,503.0
-52.0,-16.0,-32.0,503.0
-50.0,-16.0,-32.0,503.0
-48.0,-16.0,-32.0,503.0
-46.0,-16.0,-32.0,503.0
-44.0,-16.0,-32.0,558.0
-42.0,-16.0,-32.0,558.0
-40.0,-16.0,-32.0,506.0
-38.0,-16.0,-32.0,506.0
-36.0,-16.0,-32.0,506.0
-34.0,-16.0,-32.0,506.0
-32.0,-16.0,-32.0,506.0
-30.0,-16.0,-32.0,506.0
-28.0,-16.0,-32.0,506.0
-26.0,-16.0,-32.0,506.0
-24.0,-16.0,-32.0,506.0
20.0,-16.0,-32.0,394.0
22.0,-16.0,-32.0,394.0
24.0,-16.0,-32.0,394.0
26.0,-16.0,-32.0,394.0
28.0,-16.0,-32.0,394.0
30.0,-16.0,-32.0,250.0
32.0,-16.0,-32.0,187.0
34.0,-16.0,-32.0,187.0
36.0,-16.0,-32.0,187.0
38.0,-16.0,-32.0,187.0
40.0,-16.0,-32.0,296.0
42.0,-16.0,-32.0,296.0
44.0,-16.0,-32.0,296.0
46.0,-16.0,-32.0,372.0
48.0,-16.0,-32.0,214.0
50.0,-16.0,-32.0,214.0
52.0,-16.0,-32.0,214.0
54.0,-16.0,-32.0,214.0
56.0,-16.0,-32.0,381.0
58.0,-16.0,-32.0,381.0
60.0,-16.0,-32.0,381.0
62.0,-16.0,-32.0,381.0
-64.0,-14.0,-32.0,503.0
-62.0,-14.0,-32.0,503.0
-60.0,-14.0,-32.0,503.0
-58.0,-14.0,-32.0,503.0
-56.0,-14.0,-32.0,503.0
-54.0,-14.0,-32.0,503.0
-52.0,-14.0,-32.0,503.0
-50.0,-14.0,-32.0,503.0
-48.0,-14.0,-32.0,503.0
-46.0,-14.0,-32.0,503.0
-44.0,-14.0,-32.0,558.0
-42.0,-14.0,-32.0,506.0
-40.0,-14.0,-32.0,506.0
-38.0,-14.0,-32.0,506.0
-36.0,-14.0,-32.0,506.0
-34.0,-14.0,-32.0,506.0
-32.0,-14.0,-32.0,506.0
-30.0,-14.0,-32.0,506.0
-28.0,-14.0,-32.0,506.0
-26.0,-14.0,-32.0,506.0
-24.0,-14.0,-32.0,506.0
-22.0,-14.0,-32.0,506.0
20.0,-14.0,-32.0,394.0
22.0,-14.0,-32.0,394.0
24.0,-14.0,-32.0,394.0
26.0,-14.0,-32.0,394.0
28.0,-14.0,-32.0,394.0
30.0,-14.0,-32.0,250.0
32.0,-14.0,-32.0,250.0
34.0,-14.0,-32.0,187.0
36.0,-14.0,-32.0,187.0
38.0,-14.0,-32.0,187.0
40.0,-14.0,-32.0,296.0
42.0,-14.0,-32.0,296.0
44.0,-14.0,-32.0,296.0
46.0,-14.0,-32.0,372.0
48.0,-14.0,-32.0,372.0
50.0,-14.0,-32.0,214.0
52.0,-14.0,-32.0,214.0
54.0,-14.0,-32.0,214.0
56.0,-14.0,-32.0,381.0
58.0,-14.0,-32.0,381.0
60.0,-14.0,-32.0,381.0
62.0,-14.0,-32.0,381.0
-62.0,-12.0,-32.0,163.0
-60.0,-12.0,-32.0,163.0
-58.0,-12.0,-32.0,163.0
-56.0,-12.0,-32.0,163.0
-54.0,-12.0,-32.0,163.0
-52.0,-12.0,-32.0,163.0
-50.0,-12.0,-32.0,163.0
-48.0,-12.0,-32.0,163.0
-46.0,-12.0,-32.0,163.0
-44.0,-12.0,-32.0,220.0
-42.0,-12.0,-32.0,506.0
-40.0,-12.0,-32.0,506.0
-38.0,-12.0,-32.0,506.0
-36.0,-12.0,-32.0,506.0
-34.0,-12.0,-32.0,506.0
-32.0,-12.0,-32.0,506.0
-30.0,-12.0,-32.0,506.0
-28.0,-12.0,-32.0,506.0
-26.0,-12.0,-32.0,506.0
-24.0,-12.0,-32.0,506.0
-22.0,-12.0,-32.0,84.0
-20.0,-12.0,-32.0,84.0
18.0,-12.0,-32.0,394.0
20.0,-12.0,-32.0,394.0
22.0,-12.0,-32.0,394.0
24.0,-12.0,-32.0,394.0
26.0,-12.0,-32.0,394.0
28.0,-12.0,-32.0,250.0
30.0,-12.0,-32.0,250.0
32.0,-12.0,-32.0,250.0
34.0,-12.0,-32.0,250.0
36.0,-12.0,-32.0,187.0
38.0,-12.0,-32.0,187.0
40.0,-12.0,-32.0,296.0
42.0,-12.0,-32.0,296.0
44.0,-12.0,-32.0,372.0
46.0,-12.0,-32.0,372.0
48.0,-12.0,-32.0,372.0
50.0,-12.0,-32.0,214.0
52.0,-12.0,-32.0,214.0
54.0,-12.0,-32.0,214.0
56.0,-12.0,-32.0,381.0
58.0,-12.0,-32.0,381.0
60.0,-12.0,-32.0,381.0
62.0,-12.0,-32.0,381.0
-62.0,-10.0,-32.0,163.0
-60.0,-10.0,-32.0,163.0
-58.0,-10.0,-32.0,163.0
-56.0,-10.0,-32.0,163.0
-54.0,-10.0,-32.0,163.0
-52.0,-10.0,-32.0,163.0
-50.0,-10.0,-32.0,163.0
-48.0,-10.0,-32.0,163.0
-46.0,-10.0,-32.0,163.0
-44.0,-10.0,-32.0,220.0
-42.0,-10.0,-32.0,220.0
-40.0,-10.0,-32.0,506.0
-38.0,-10.0,-32.0,506.0
-36.0,-10.0,-32.0,506.0
-34.0,-10.0,-32.0,506.0
-32.0,-10.0,-32.0,506.0
-30.0,-10.0,-32.0,506.0
-28.0,-10.0,-32.0,506.0
-26.0,-10.0,-32.0,506.0
-24.0,-10.0,-32.0,84.0
-22.0,-10.0,-32.0,84.0
-20.0,-10.0,-32.0,84.0
18.0,-10.0,-32.0,394.0
20.0,-10.0,-32.0,394.0
22.0,-10.0,-32.0,394.0
24.0,-10.0,-32.0,394.0
26.0,-10.0,-32.0,394.0
28.0,-10.0,-32.0,250.0
30.0,-10.0,-32.0,250.0
32.0,-10.0,-32.0,250.0
34.0,-10.0,-32.0,250.0
36.0,-10.0,-32.0,250.0
38.0,-10.0,-32.0,187.0
40.0,-10.0,-32.0,296.0
42.0,-10.0,-32.0,372.0
44.0,-10.0,-32.0,372.0
46.0,-10.0,-32.0,372.0
48.0,-10.0,-32.0,372.0
50.0,-10.0,-32.0,214.0
52.0,-10.0,-32.0,214.0
54.0,-10.0,-32.0,214.0
56.0,-10.0,-32.0,381.0
58.0,-10.0,-32.0,381.0
60.0,-10.0,-32.0,381.0
-62.0,-8.0,-32.0,163.0
-60.0,-8.0,-32.0,163.0
-58.0,-8.0,-32.0,163.0
-56.0,-8.0,-32.0,163.0
-54.0,-8.0,-32.0,163.0
-52.0,-8.0,-32.0,163.0
-50.0,-8.0,-32.0,163.0
-48.0,-8.0,-32.0,163.0
-46.0,-8.0,-32.0,220.0
-44.0,-8.0,-32.0,220.0
-42.0,-8.0,-32.0,220.0
-40.0,-8.0,-32.0,220.0
-38.0,-8.0,-32.0,506.0
-36.0,-8.0,-32.0,506.0
-34.0,-8.0,-32.0,506.0
-32.0,-8.0,-32.0,506.0
-30.0,-8.0,-32.0,506.0
-28.0,-8.0,-32.0,506.0
-26.0,-8.0,-32.0,84.0
-24.0,-8.0,-32.0,84.0
-22.0,-8.0,-32.0,84.0
-20.0,-8.0,-32.0,84.0
18.0,-8.0,-32.0,270.0
20.0,-8.0,-32.0,270.0
22.0,-8.0,-32.0,270.0
24.0,-8.0,-32.0,270.0
26.0,-8.0,-32.0,270.0
28.0,-8.0,-32.0,250.0
30.0,-8.0,-32.0,250.0
32.0,-8.0,-32.0,250.0
34.0,-8.0,-32.0,250.0
36.0,-8.0,-32.0,250.0
38.0,-8.0,-32.0,250.0
40.0,-8.0,-32.0,21.0
42.0,-8.0,-32.0,372.0
44.0,-8.0,-32.0,372.0
46.0,-8.0,-32.0,372.0
48.0,-8.0,-32.0,372.0
50.0,-8.0,-32.0,372.0
52.0,-8.0,-32.0,214.0
54.0,-8.0,-32.0,214.0
56.0,-8.0,-32.0,381.0
58.0,-8.0,-32.0,381.0
60.0,-8.0,-32.0,381.0
-62.0,-6.0,-32.0,163.0
-60.0,-6.0,-32.0,163.0
-58.0,-6.0,-32.0,163.0
-56.0,-6.0,-32.0,163.0
-54.0,-6.0,-32.0,163.0
-52.0,-6.0,-32.0,163.0
-50.0,-6.0,-32.0,163.0
-48.0,-6.0,-32.0,163.0
-46.0,-6.0,-32.0,220.0
-44.0,-6.0,-32.0,220.0
-42.0,-6.0,-32.0,220.0
-40.0,-6.0,-32.0,220.0
-38.0,-6.0,-32.0,220.0
-36.0,-6.0,-32.0,506.0
-34.0,-6.0,-32.0,506.0
-32.0,-6.0,-32.0,506.0
-30.0,-6.0,-32.0,506.0
-28.0,-6.0,-32.0,84.0
-26.0,-6.0,-32.0,84.0
-24.0,-6.0,-32.0,84.0
-22.0,-6.0,-32.0,84.0
-20.0,-6.0,-32.0,84.0
-18.0,-6.0,-32.0,84.0
16.0,-6.0,-32.0,270.0
18.0,-6.0,-32.0,270.0
20.0,-6.0,-32.0,270.0
22.0,-6.0,-32.0,270.0
24.0,-6.0,-32.0,270.0
26.0,-6.0,-32.0,270.0
28.0,-6.0,-32.0,528.0
30.0,-6.0,-32.0,250.0
32.0,-6.0,-32.0,250.0
34.0,-6.0,-32.0,250.0
36.0,-6.0,-32.0,250.0
38.0,-6.0,-32.0,21.0
40.0,-6.0,-32.0,21.0
42.0,-6.0,-32.0,372.0
44.0,-6.0,-32.0,372.0
46.0,-6.0,-32.0,372.0
48.0,-6.0,-32.0,372.0
50.0,-6.0,-32.0,372.0
52.0,-6.0,-32.0,214.0
54.0,-6.0,-32.0,214.0
56.0,-6.0,-32.0,381.0
58.0,-6.0,-32.0,381.0
60.0,-6.0,-32.0,381.0
-60.0,-4.0,-32.0,163.0
-58.0,-4.0,-32.0,163.0
-56.0,-4.0,-32.0,163.0
-54.0,-4.0,-32.0,163.0
-52.0,-4.0,-32.0,163.0
-50.0,-4.0,-32.0,163.0
-48.0,-4.0,-32.0,163.0
-46.0,-4.0,-32.0,220.0
-44.0,-4.0,-32.0,220.0
-42.0,-4.0,-32.0,220.0
-40.0,-4.0,-32.0,220.0
-38.0,-4.0,-32.0,220.0
-36.0,-4.0,-32.0,220.0
-34.0,-4.0,-32.0,506.0
-32.0,-4.0,-32.0,506.0
-30.0,-4.0,-32.0,84.0
-28.0,-4.0,-32.0,84.0
-26.0,-4.0,-32.0,84.0
-24.0,-4.0,-32.0,84.0
-22.0,-4.0,-32.0,84.0
-20.0,-4.0,-32.0,84.0
-18.0,-4.0,-32.0,84.0
16.0,-4.0,-32.0,270.0
18.0,-4.0,-32.0,270.0
20.0,-4.0,-32.0,270.0
22.0,-4.0,-32.0,270.0
24.0,-4.0,-32.0,270.0
26.0,-4.0,-32.0,270.0
28.0,-4.0,-32.0,528.0
30.0,-4.0,-32.0,528.0
32.0,-4.0,-32.0,250.0
34.0,-4.0,-32.0,250.0
36.0,-4.0,-32.0,250.0
38.0,-4.0,-32.0,21.0
40.0,-4.0,-32.0,21.0
42.0,-4.0,-32.0,372.0
44.0,-4.0,-32.0,372.0
46.0,-4.0,-32.0,372.0
48.0,-4.0,-32.0,372.0
50.0,-4.0,-32.0,372.0
52.0,-4.0,-32.0,311.0
54.0,-4.0,-32.0,311.0
56.0,-4.0,-32.0,311.0
58.0,-4.0,-32.0,381.0
60.0,-4.0,-32.0,381.0
-60.0,-2.0,-32.0,163.0
-58.0,-2.0,-32.0,163.0
-56.0,-2.0,-32.0,163.0
-54.0,-2.0,-32.0,163.0
-52.0,-2.0,-32.0,163.0
-50.0,-2.0,-32.0,163.0
-48.0,-2.0,-32.0,220.0
-46.0,-2.0,-32.0,220.0
-44.0,-2.0,-32.0,220.0
-42.0,-2.0,-32.0,220.0
-40.0,-2.0,-32.0,220.0
-38.0,-2.0,-32.0,220.0
-36.0,-2.0,-32.0,220.0
-34.0,-2.0,-32.0,220.0
-32.0,-2.0,-32.0,84.0
-30.0,-2.0,-32.0,84.0
-28.0,-2.0,-32.0,84.0
-26.0,-2.0,-32.0,84.0
-24.0,-2.0,-32.0,84.0
-22.0,-2.0,-32.0,84.0
-20.0,-2.0,-32.0,84.0
-18.0,-2.0,-32.0,592.0
16.0,-2.0,-32.0,270.0
18.0,-2.0,-32.0,270.0
20.0,-2.0,-32.0,270.0
22.0,-2.0,-32.0,270.0
24.0,-2.0,-32.0,270.0
26.0,-2.0,-32.0,528.0
28.0,-2.0,-32.0,528.0
30.0,-2.0,-32.0,528.0
32.0,-2.0,-32.0,528.0
34.0,-2.0,-32.0,250.0
36.0,-2.0,-32.0,369.0
38.0,-2.0,-32.0,369.0
40.0,-2.0,-32.0,369.0
44.0,-2.0,-32.0,372.0
46.0,-2.0,-32.0,372.0
48.0,-2.0,-32.0,372.0
50.0,-2.0,-32.0,311.0
52.0,-2.0,-32.0,311.0
54.0,-2.0,-32.0,311.0
56.0,-2.0,-32.0,311.0
58.0,-2.0,-32.0,381.0
60.0,-2.0,-32.0,381.0
-60.0,-0.0,-32.0,163.0
-58.0,-0.0,-32.0,163.0
-56.0,-0.0,-32.0,163.0
-54.0,-0.0,-32.0,163.0
-52.0,-0.0,-32.0,163.0
-50.0,-0.0,-32.0,163.0
-48.0,-0.0,-32.0,220.0
-46.0,-0.0,-32.0,220.0
-44.0,-0.0,-32.0,220.0
-42.0,-0.0,-32.0,220.0
-40.0,-0.0,-32.0,220.0
-38.0,-0.0,-32.0,220.0
-36.0,-0.0,-32.0,220.0
-34.0,-0.0,-32.0,220.0
-32.0,-0.0,-32.0,84.0
-30.0,-0.0,-32.0,84.0
-28.0,-0.0,-32.0,84.0
-26.0,-0.0,-32.0,84.0
-24.0,-0.0,-32.0,84.0
-22.0,-0.0,-32.0,84.0
-20.0,-0.0,-32.0,84.0
-18.0,-0.0,-32.0,592.0
-16.0,-0.0,-32.0,592.0
16.0,-0.0,-32.0,270.0
18.0,-0.0,-32.0,270.0
20.0,-0.0,-32.0,270.0
22.0,-0.0,-32.0,270.0
24.0,-0.0,-32.0,270.0
26.0,-0.0,-32.0,528.0
28.0,-0.0,-32.0,528.0
30.0,-0.0,-32.0,528.0
32.0,-0.0,-32.0,528.0
44.0,-0.0,-32.0,369.0
46.0,-0.0,-32.0,369.0
48.0,-0.0,-32.0,372.0
50.0,-0.0,-32.0,311.0
52.0,-0.0,-32.0,311.0
54.0,-0.0,-32.0,311.0
56.0,-0.0,-32.0,311.0
58.0,-0.0,-32.0,311.0
60.0,-0.0,-32.0,381.0
-60.0,2.0,-32.0,163.0
-58.0,2.0,-32.0,163.0
-56.0,2.0,-32.0,163.0
-54.0,2.0,-32.0,163.0
-52.0,2.0,-32.0,163.0
-50.0,2.0,-32.0,163.0
-48.0,2.0,-32.0,220.0
-46.0,2.0,-32.0,220.0
-44.0,2.0,-32.0,220.0
-42.0,2.0,-32.0,220.0
-40.0,2.0,-32.0,220.0
-38.0,2.0,-32.0,220.0
-36.0,2.0,-32.0,220.0
-34.0,2.0,-32.0,521.0
-32.0,2.0,-32.0,84.0
-30.0,2.0,-32.0,84.0
-28.0,2.0,-32.0,84.0
-26.0,2.0,-32.0,84.0
-24.0,2.0,-32.0,84.0
-22.0,2.0,-32.0,84.0
-20.0,2.0,-32.0,364.0
-18.0,2.0,-32.0,364.0
-16.0,2.0,-32.0,364.0
18.0,2.0,-32.0,270.0
20.0,2.0,-32.0,270.0
22.0,2.0,-32.0,270.0
24.0,2.0,-32.0,528.0
26.0,2.0,-32.0,528.0
28.0,2.0,-32.0,528.0
30.0,2.0,-32.0,114.0
44.0,2.0,-32.0,369.0
46.0,2.0,-32.0,369.0
48.0,2.0,-32.0,369.0
50.0,2.0,-32.0,207.0
52.0,2.0,-32.0,207.0
54.0,2.0,-32.0,207.0
56.0,2.0,-32.0,207.0
58.0,2.0,-32.0,207.0
-60.0,4.0,-32.0,426.0
-58.0,4.0,-32.0,426.0
-56.0,4.0,-32.0,426.0
-54.0,4.0,-32.0,426.0
-52.0,4.0,-32.0,426.0
-50.0,4.0,-32.0,426.0
-48.0,4.0,-32.0,220.0
-46.0,4.0,-32.0,220.0
-44.0,4.0,-32.0,220.0
-42.0,4.0,-32.0,220.0
-40.0,4.0,-32.0,220.0
-30.0,4.0,-32.0,84.0
-28.0,4.0,-32.0,84.0
-26.0,4.0,-32.0,84.0
-24.0,4.0,-32.0,84.0
-22.0,4.0,-32.0,364.0
-20.0,4.0,-32.0,364.0
-18.0,4.0,-32.0,364.0
18.0,4.0,-32.0,270.0
20.0,4.0,-32.0,270.0
22.0,4.0,-32.0,270.0
24.0,4.0,-32.0,528.0
26.0,4.0,-32.0,528.0
28.0,4.0,-32.0,114.0
30.0,4.0,-32.0,114.0
44.0,4.0,-32.0,369.0
46.0,4.0,-32.0,369.0
48.0,4.0,-32.0,207.0
50.0,4.0,-32.0,207.0
52.0,4.0,-32.0,207.0
54.0,4.0,-32.0,207.0
56.0,4.0,-32.0,207.0
58.0,4.0,-32.0,207.0
-58.0,6.0,-32.0,426.0
-56.0,6.0,-32.0,426.0
-54.0,6.0,-32.0,426.0
-52.0,6.0,-32.0,426.0
-50.0,6.0,-32.0,426.0
-48.0,6.0,-32.0,514.0
-46.0,6.0,-32.0,514.0
-44.0,6.0,-32.0,514.0
-42.0,6.0,-32.0,514.0
-40.0,6.0,-32.0,521.0
-30.0,6.0,-32.0,521.0
-28.0,6.0,-32.0,554.0
-26.0,6.0,-32.0,554.0
-24.0,6.0,-32.0,364.0
-22.0,6.0,-32.0,364.0
-20.0,6.0,-32.0,364.0
-18.0,6.0,-32.0,364.0
18.0,6.0,-32.0,143.0
20.0,6.0,-32.0,244.0
22.0,6.0,-32.0,244.0
24.0,6.0,-32.0,244.0
26.0,6.0,-32.0,244.0
28.0,6.0,-32.0,114.0
30.0,6.0,-32.0,114.0
32.0,6.0,-32.0,114.0
34.0,6.0,-32.0,114.0
42.0,6.0,-32.0,369.0
44.0,6.0,-32.0,369.0
46.0,6.0,-32.0,369.0
48.0,6.0,-32.0,207.0
50.0,6.0,-32.0,207.0
52.0,6.0,-32.0,207.0
54.0,6.0,-32.0,207.0
56.0,6.0,-32.0,207.0
-58.0,8.0,-32.0,426.0
-56.0,8.0,-32.0,426.0
-54.0,8.0,-32.0,426.0
-52.0,8.0,-32.0,426.0
-50.0,8.0,-32.0,426.0
-48.0,8.0,-32.0,514.0
-46.0,8.0,-32.0,514.0
-44.0,8.0,-32.0,514.0
-42.0,8.0,-32.0,514.0
-40.0,8.0,-32.0,521.0
-38.0,8.0,-32.0,521.0
-36.0,8.0,-32.0,521.0
-34.0,8.0,-32.0,521.0
-32.0,8.0,-32.0,521.0
-30.0,8.0,-32.0,323.0
-28.0,8.0,-32.0,323.0
-26.0,8.0,-32.0,554.0
-24.0,8.0,-32.0,364.0
-22.0,8.0,-32.0,364.0
-20.0,8.0,-32.0,364.0
-18.0,8.0,-32.0,364.0
20.0,8.0,-32.0,143.0
22.0,8.0,-32.0,244.0
24.0,8.0,-32.0,244.0
26.0,8.0,-32.0,244.0
28.0,8.0,-32.0,114.0
30.0,8.0,-32.0,114.0
32.0,8.0,-32.0,114.0
34.0,8.0,-32.0,114.0
42.0,8.0,-32.0,369.0
44.0,8.0,-32.0,369.0
46.0,8.0,-32.0,207.0
48.0,8.0,-32.0,207.0
50.0,8.0,-32.0,207.0
52.0,8.0,-32.0,207.0
54.0,8.0,-32.0,207.0
56.0,8.0,-32.0,207.0
-56.0,10.0,-32.0,426.0
-54.0,10.0,-32.0,426.0
-52.0,10.0,-32.0,426.0
-50.0,10.0,-32.0,426.0
-48.0,10.0,-32.0,514.0
-46.0,10.0,-32.0,514.0
-44.0,10.0,-32.0,514.0
-42.0,10.0,-32.0,514.0
-40.0,10.0,-32.0,521.0
-38.0,10.0,-32.0,521.0
-36.0,10.0,-32.0,521.0
-34.0,10.0,-32.0,521.0
-32.0,10.0,-32.0,323.0
-30.0,10.0,-32.0,323.0
-28.0,10.0,-32.0,323.0
-26.0,10.0,-32.0,297.0
-24.0,10.0,-32.0,297.0
-22.0,10.0,-32.0,297.0
-20.0,10.0,-32.0,297.0
-18.0,10.0,-32.0,297.0
22.0,10.0,-32.0,244.0
24.0,10.0,-32.0,244.0
26.0,10.0,-32.0,244.0
28.0,10.0,-32.0,114.0
30.0,10.0,-32.0,114.0
32.0,10.0,-32.0,114.0
34.0,10.0,-32.0,114.0
36.0,10.0,-32.0,114.0
40.0,10.0,-32.0,369.0
42.0,10.0,-32.0,369.0
44.0,10.0,-32.0,369.0
46.0,10.0,-32.0,207.0
48.0,10.0,-32.0,207.0
50.0,10.0,-32.0,207.0
52.0,10.0,-32.0,207.0
54.0,10.0,-32.0,207.0
-56.0,12.0,-32.0,426.0
-54.0,12.0,-32.0,426.0
-52.0,12.0,-32.0,426.0
-50.0,12.0,-32.0,426.0
-48.0,12.0,-32.0,426.0
-46.0,12.0,-32.0,514.0
-44.0,12.0,-32.0,514.0
-42.0,12.0,-32.0,514.0
-40.0,12.0,-32.0,521.0
-38.0,12.0,-32.0,521.0
-36.0,12.0,-32.0,521.0
-34.0,12.0,-32.0,323.0
-32.0,12.0,-32.0,323.0
-30.0,12.0,-32.0,323.0
-28.0,12.0,-32.0,323.0
-26.0,12.0,-32.0,323.0
-24.0,12.0,-32.0,297.0
-22.0,12.0,-32.0,297.0
22.0,12.0,-32.0,244.0
24.0,12.0,-32.0,244.0
26.0,12.0,-32.0,244.0
28.0,12.0,-32.0,114.0
30.0,12.0,-32.0,114.0
32.0,12.0,-32.0,114.0
34.0,12.0,-32.0,114.0
36.0,12.0,-32.0,114.0
38.0,12.0,-32.0,114.0
40.0,12.0,-32.0,114.0
42.0,12.0,-32.0,369.0
44.0,12.0,-32.0,369.0
46.0,12.0,-32.0,207.0
48.0,12.0,-32.0,207.0
50.0,12.0,-32.0,207.0
52.0,12.0,-32.0,207.0
54.0,12.0,-32.0,207.0
-54.0,14.0,-32.0,426.0
-52.0,14.0,-32.0,426.0
-50.0,14.0,-32.0,67.0
-48.0,14.0,-32.0,67.0
-46.0,14.0,-32.0,514.0
-44.0,14.0,-32.0,514.0
-42.0,14.0,-32.0,514.0
-40.0,14.0,-32.0,521.0
-38.0,14.0,-32.0,521.0
-36.0,14.0,-32.0,323.0
-34.0,14.0,-32.0,323.0
-32.0,14.0,-32.0,323.0
-30.0,14.0,-32.0,323.0
-28.0,14.0,-32.0,323.0
-26.0,14.0,-32.0,323.0
-24.0,14.0,-32.0,297.0
24.0,14.0,-32.0,129.0
26.0,14.0,-32.0,129.0
28.0,14.0,-32.0,129.0
30.0,14.0,-32.0,114.0
32.0,14.0,-32.0,114.0
34.0,14.0,-32.0,114.0
36.0,14.0,-32.0,114.0
38.0,14.0,-32.0,114.0
40.0,14.0,-32.0,114.0
42.0,14.0,-32.0,369.0
44.0,14.0,-32.0,207.0
46.0,14.0,-32.0,207.0
48.0,14.0,-32.0,207.0
50.0,14.0,-32.0,207.0
52.0,14.0,-32.0,207.0
-52.0,16.0,-32.0,67.0
-50.0,16.0,-32.0,67.0
-48.0,16.0,-32.0,67.0
-46.0,16.0,-32.0,67.0
-44.0,16.0,-32.0,514.0
-42.0,16.0,-32.0,514.0
-40.0,16.0,-32.0,521.0
-38.0,16.0,-32.0,323.0
-36.0,16.0,-32.0,323.0
-34.0,16.0,-32.0,323.0
-32.0,16.0,-32.0,323.0
-30.0,16.0,-32.0,323.0
-28.0,16.0,-32.0,323.0
-26.0,16.0,-32.0,323.0
-24.0,16.0,-32.0,297.0
24.0,16.0,-32.0,129.0
26.0,16.0,-32.0,129.0
28.0,16.0,-32.0,129.0
30.0,16.0,-32.0,129.0
32.0,16.0,-32.0,129.0
34.0,16.0,-32.0,114.0
36.0,16.0,-32.0,114.0
38.0,16.0,-32.0,114.0
40.0,16.0,-32.0,114.0
42.0,16.0,-32.0,429.0
44.0,16.0,-32.0,429.0
46.0,16.0,-32.0,207.0
48.0,16.0,-32.0,207.0
50.0,16.0,-32.0,207.0
-50.0,18.0,-32.0,67.0
-48.0,18.0,-32.0,67.0
-46.0,18.0,-32.0,67.0
-44.0,18.0,-32.0,67.0
-42.0,18.0,-32.0,318.0
-40.0,18.0,-32.0,318.0
-38.0,18.0,-32.0,323.0
-36.0,18.0,-32.0,323.0
-34.0,18.0,-32.0,323.0
-32.0,18.0,-32.0,323.0
-30.0,18.0,-32.0,323.0
-28.0,18.0,-32.0,323.0
-26.0,18.0,-32.0,323.0
30.0,18.0,-32.0,129.0
32.0,18.0,-32.0,129.0
34.0,18.0,-32.0,129.0
36.0,18.0,-32.0,129.0
38.0,18.0,-32.0,129.0
40.0,18.0,-32.0,429.0
42.0,18.0,-32.0,429.0
44.0,18.0,-32.0,429.0
46.0,18.0,-32.0,207.0
48.0,18.0,-32.0,207.0
-48.0,20.0,-32.0,67.0
-46.0,20.0,-32.0,67.0
-44.0,20.0,-32.0,318.0
-42.0,20.0,-32.0,318.0
-40.0,20.0,-32.0,318.0
-38.0,20.0,-32.0,318.0
-36.0,20.0,-32.0,318.0
-34.0,20.0,-32.0,318.0
-32.0,20.0,-32.0,323.0
-30.0,20.0,-32.0,323.0
-28.0,20.0,-32.0,323.0
30.0,20.0,-32.0,129.0
32.0,20.0,-32.0,129.0
34.0,20.0,-32.0,129.0
36.0,20.0,-32.0,129.0
38.0,20.0,-32.0,129.0
40.0,20.0,-32.0,429.0
42.0,20.0,-32.0,429.0
44.0,20.0,-32.0,429.0
46.0,20.0,-32.0,429.0
48.0,20.0,-32.0,207.0
-48.0,22.0,-32.0,67.0
-46.0,22.0,-32.0,67.0
-44.0,22.0,-32.0,318.0
-42.0,22.0,-32.0,318.0
-40.0,22.0,-32.0,318.0
-38.0,22.0,-32.0,318.0
-36.0,22.0,-32.0,318.0
-34.0,22.0,-32.0,318.0
-32.0,22.0,-32.0,318.0
-30.0,22.0,-32.0,318.0
-28.0,22.0,-32.0,318.0
32.0,22.0,-32.0,129.0
34.0,22.0,-32.0,129.0
36.0,22.0,-32.0,129.0
38.0,22.0,-32.0,129.0
40.0,22.0,-32.0,129.0
42.0,22.0,-32.0,429.0
44.0,22.0,-32.0,429.0
46.0,22.0,-32.0,429.0
-46.0,24.0,-32.0,318.0
-44.0,24.0,-32.0,318.0
-42.0,24.0,-32.0,318.0
-40.0,24.0,-32.0,318.0
-38.0,24.0,-32.0,318.0
-36.0,24.0,-32.0,318.0
-34.0,24.0,-32.0,318.0
-32.0,24.0,-32.0,318.0
-30.0,24.0,-32.0,318.0
-28.0,24.0,-32.0,318.0
34.0,24.0,-32.0,129.0
36.0,24.0,-32.0,129.0
38.0,24.0,-32.0,129.0
40.0,24.0,-32.0,129.0
42.0,24.0,-32.0,429.0
-42.0,26.0,-32.0,318.0
-40.0,26.0,-32.0,318.0
-38.0,26.0,-32.0,318.0
-36.0,26.0,-32.0,318.0
-34.0,26.0,-32.0,318.0
-32.0,26.0,-32.0,318.0
36.0,26.0,-32.0,129.0
-54.0,-48.0,-30.0,566.0
-54.0,-46.0,-30.0,566.0
42.0,-42.0,-30.0,336.0
44.0,-42.0,-30.0,336.0
46.0,-42.0,-30.0,336.0
-48.0,-40.0,-30.0,480.0
-46.0,-40.0,-30.0,480.0
-44.0,-40.0,-30.0,480.0
42.0,-40.0,-30.0,336.0
44.0,-40.0,-30.0,336.0
46.0,-40.0,-30.0,269.0
-44.0,-38.0,-30.0,480.0
-42.0,-38.0,-30.0,480.0
42.0,-38.0,-30.0,332.0
44.0,-38.0,-30.0,269.0
-40.0,-36.0,-30.0,480.0
40.0,-36.0,-30.0,332.0
42.0,-36.0,-30.0,332.0
-38.0,-34.0,-30.0,480.0
38.0,-34.0,-30.0,332.0
40.0,-34.0,-30.0,332.0
-38.0,-32.0,-30.0,480.0
38.0,-32.0,-30.0,332.0
-38.0,-30.0,-30.0,480.0
-36.0,-30.0,-30.0,480.0
32.0,-30.0,-30.0,332.0
34.0,-30.0,-30.0,332.0
36.0,-30.0,-30.0,332.0
38.0,-30.0,-30.0,332.0
54.0,-30.0,-30.0,474.0
56.0,-30.0,-30.0,474.0
58.0,-30.0,-30.0,474.0
-58.0,-28.0,-30.0,169.0
-56.0,-28.0,-30.0,169.0
-40.0,-28.0,-30.0,480.0
-38.0,-28.0,-30.0,480.0
-36.0,-28.0,-30.0,480.0
-34.0,-28.0,-30.0,480.0
30.0,-28.0,-30.0,332.0
32.0,-28.0,-30.0,332.0
34.0,-28.0,-30.0,332.0
36.0,-28.0,-30.0,332.0
38.0,-28.0,-30.0,332.0
52.0,-28.0,-30.0,474.0
54.0,-28.0,-30.0,474.0
56.0,-28.0,-30.0,474.0
58.0,-28.0,-30.0,474.0
60.0,-28.0,-30.0,474.0
-60.0,-26.0,-30.0,503.0
-58.0,-26.0,-30.0,503.0
-56.0,-26.0,-30.0,503.0
-54.0,-26.0,-30.0,503.0
-52.0,-26.0,-30.0,503.0
-50.0,-26.0,-30.0,503.0
-42.0,-26.0,-30.0,480.0
-40.0,-26.0,-30.0,480.0
-38.0,-26.0,-30.0,480.0
-36.0,-26.0,-30.0,480.0
-34.0,-26.0,-30.0,480.0
-32.0,-26.0,-30.0,480.0
32.0,-26.0,-30.0,68.0
34.0,-26.0,-30.0,68.0
36.0,-26.0,-30.0,68.0
38.0,-26.0,-30.0,68.0
40.0,-26.0,-30.0,68.0
46.0,-26.0,-30.0,474.0
48.0,-26.0,-30.0,474.0
50.0,-26.0,-30.0,474.0
52.0,-26.0,-30.0,474.0
54.0,-26.0,-30.0,474.0
56.0,-26.0,-30.0,474.0
58.0,-26.0,-30.0,474.0
60.0,-26.0,-30.0,474.0
62.0,-26.0,-30.0,474.0
-62.0,-24.0,-30.0,503.0
-60.0,-24.0,-30.0,503.0
-58.0,-24.0,-30.0,503.0
-56.0,-24.0,-30.0,503.0
-54.0,-24.0,-30.0,503.0
-52.0,-24.0,-30.0,503.0
-50.0,-24.0,-30.0,503.0
-48.0,-24.0,-30.0,503.0
-46.0,-24.0,-30.0,480.0
-44.0,-24.0,-30.0,480.0
-42.0,-24.0,-30.0,480.0
-40.0,-24.0,-30.0,480.0
-38.0,-24.0,-30.0,480.0
-36.0,-24.0,-30.0,480.0
-34.0,-24.0,-30.0,480.0
-32.0,-24.0,-30.0,480.0
32.0,-24.0,-30.0,68.0
34.0,-24.0,-30.0,68.0
36.0,-24.0,-30.0,68.0
38.0,-24.0,-30.0,68.0
40.0,-24.0,-30.0,68.0
42.0,-24.0,-30.0,68.0
44.0,-24.0,-30.0,68.0
46.0,-24.0,-30.0,68.0
48.0,-24.0,-30.0,474.0
50.0,-24.0,-30.0,474.0
52.0,-24.0,-30.0,474.0
54.0,-24.0,-30.0,474.0
56.0,-24.0,-30.0,474.0
58.0,-24.0,-30.0,474.0
60.0,-24.0,-30.0,474.0
62.0,-24.0,-30.0,474.0
64.0,-24.0,-30.0,26.0
-64.0,-22.0,-30.0,503.0
-62.0,-22.0,-30.0,503.0
-60.0,-22.0,-30.0,503.0
-58.0,-22.0,-30.0,503.0
-56.0,-22.0,-30.0,503.0
-54.0,-22.0,-30.0,503.0
-52.0,-22.0,-30.0,503.0
-50.0,-22.0,-30.0,503.0
-48.0,-22.0,-30.0,503.0
-46.0,-22.0,-30.0,558.0
-44.0,-22.0,-30.0,558.0
-42.0,-22.0,-30.0,558.0
-40.0,-22.0,-30.0,558.0
-38.0,-22.0,-30.0,558.0
-36.0,-22.0,-30.0,480.0
-34.0,-22.0,-30.0,480.0
-32.0,-22.0,-30.0,506.0
-30.0,-22.0,-30.0,506.0
-28.0,-22.0,-30.0,506.0
28.0,-22.0,-30.0,394.0
30.0,-22.0,-30.0,68.0
32.0,-22.0,-30.0,68.0
34.0,-22.0,-30.0,68.0
36.0,-22.0,-30.0,68.0
38.0,-22.0,-30.0,68.0
40.0,-22.0,-30.0,68.0
42.0,-22.0,-30.0,68.0
44.0,-22.0,-30.0,68.0
46.0,-22.0,-30.0,296.0
48.0,-22.0,-30.0,474.0
50.0,-22.0,-30.0,474.0
52.0,-22.0,-30.0,474.0
54.0,-22.0,-30.0,474.0
56.0,-22.0,-30.0,474.0
58.0,-22.0,-30.0,474.0
60.0,-22.0,-30.0,474.0
62.0,-22.0,-30.0,26.0
64.0,-22.0,-30.0,26.0
-64.0,-20.0,-30.0,503.0
-62.0,-20.0,-30.0,503.0
-60.0,-20.0,-30.0,503.0
-58.0,-20.0,-30.0,503.0
-56.0,-20.0,-30.0,503.0
-54.0,-20.0,-30.0,503.0
-52.0,-20.0,-30.0,503.0
-50.0,-20.0,-30.0,503.0
-48.0,-20.0,-30.0,503.0
-46.0,-20.0,-30.0,558.0
-44.0,-20.0,-30.0,558.0
-42.0,-20.0,-30.0,558.0
-40.0,-20.0,-30.0,558.0
-38.0,-20.0,-30.0,558.0
-36.0,-20.0,-30.0,506.0
-34.0,-20.0,-30.0,506.0
-32.0,-20.0,-30.0,506.0
-30.0,-20.0,-30.0,506.0
-28.0,-20.0,-30.0,506.0
-26.0,-20.0,-30.0,506.0
-24.0,-20.0,-30.0,506.0
22.0,-20.0,-30.0,394.0
24.0,-20.0,-30.0,394.0
26.0,-20.0,-30.0,394.0
28.0,-20.0,-30.0,394.0
30.0,-20.0,-30.0,187.0
32.0,-20.0,-30.0,187.0
34.0,-20.0,-30.0,187.0
36.0,-20.0,-30.0,68.0
38.0,-20.0,-30.0,68.0
40.0,-20.0,-30.0,296.0
42.0,-20.0,-30.0,296.0
44.0,-20.0,-30.0,296.0
46.0,-20.0,-30.0,296.0
48.0,-20.0,-30.0,214.0
50.0,-20.0,-30.0,214.0
52.0,-20.0,-30.0,214.0
54.0,-20.0,-30.0,214.0
56.0,-20.0,-30.0,474.0
58.0,-20.0,-30.0,381.0
60.0,-20.0,-30.0,381.0
62.0,-20.0,-30.0,26.0
64.0,-20.0,-30.0,26.0
-64.0,-18.0,-30.0,503.0
-62.0,-18.0,-30.0,503.0
-60.0,-18.0,-30.0,503.0
-58.0,-18.0,-30.0,503.0
-56.0,-18.0,-30.0,503.0
-54.0,-18.0,-30.0,503.0
-52.0,-18.0,-30.0,503.0
-50.0,-18.0,-30.0,503.0
-48.0,-18.0,-30.0,503.0
-46.0,-18.0,-30.0,558.0
-44.0,-18.0,-30.0,558.0
-42.0,-18.0,-30.0,558.0
-40.0,-18.0,-30.0,558.0
-38.0,-18.0,-30.0,506.0
-36.0,-18.0,-30.0,506.0
-34.0,-18.0,-30.0,506.0
-32.0,-18.0,-30.0,506.0
-30.0,-18.0,-30.0,506.0
-28.0,-18.0,-30.0,506.0
-26.0,-18.0,-30.0,506.0
-24.0,-18.0,-30.0,506.0
-22.0,-18.0,-30.0,506.0
20.0,-18.0,-30.0,394.0
22.0,-18.0,-30.0,394.0
24.0,-18.0,-30.0,394.0
26.0,-18.0,-30.0,394.0
28.0,-18.0,-30.0,394.0
30.0,-18.0,-30.0,250.0
32.0,-18.0,-30.0,187.0
34.0,-18.0,-30.0,187.0
36.0,-18.0,-30.0,187.0
38.0,-18.0,-30.0,296.0
40.0,-18.0,-30.0,296.0
42.0,-18.0,-30.0,296.0
44.0,-18.0,-30.0,296.0
46.0,-18.0,-30.0,296.0
48.0,-18.0,-30.0,214.0
50.0,-18.0,-30.0,214.0
52.0,-18.0,-30.0,214.0
54.0,-18.0,-30.0,214.0
56.0,-18.0,-30.0,381.0
58.0,-18.0,-30.0,381.0
60.0,-18.0,-30.0,381.0
62.0,-18.0,-30.0,381.0
64.0,-18.0,-30.0,381.0
-64.0,-16.0,-30.0,503.0
-62.0,-16.0,-30.0,503.0
-60.0,-16.0,-30.0,503.0
-58.0,-16.0,-30.0,503.0
-56.0,-16.0,-30.0,503.0
-54.0,-16.0,-30.0,503.0
-52.0,-16.0,-30.0,503.0
-50.0,-16.0,-30.0,503.0
-48.0,-16.0,-30.0,503.0
-46.0,-16.0,-30.0,558.0
-44.0,-16.0,-30.0,558.0
-42.0,-16.0,-30.0,558.0
-40.0,-16.0,-30.0,506.0
-38.0,-16.0,-30.0,506.0
-36.0,-16.0,-30.0,506.0
-34.0,-16.0,-30.0,506.0
-32.0,-16.0,-30.0,506.0
-30.0,-16.0,-30.0,506.0
-28.0,-16.0,-30.0,506.0
-26.0,-16.0,-30.0,506.0
-24.0,-16.0,-30.0,506.0
-22.0,-16.0,-30.0,506.0
20.0,-16.0,-30.0,394.0
22.0,-16.0,-30.0,394.0
24.0,-16.0,-30.0,394.0
26.0,-16.0,-30.0,394.0
28.0,-16.0,-30.0,394.0
30.0,-16.0,-30.0,250.0
32.0,-16.0,-30.0,250.0
34.0,-16.0,-30.0,187.0
36.0,-16.0,-30.0,187.0
38.0,-16.0,-30.0,296.0
40.0,-16.0,-30.0,296.0
42.0,-16.0,-30.0,296.0
44.0,-16.0,-30.0,296.0
46.0,-16.0,-30.0,296.0
48.0,-16.0,-30.0,214.0
50.0,-16.0,-30.0,214.0
52.0,-16.0,-30.0,214.0
54.0,-16.0,-30.0,214.0
56.0,-16.0,-30.0,381.0
58.0,-16.0,-30.0,381.0
60.0,-16.0,-30.0,381.0
62.0,-16.0,-30.0,381.0
64.0,-16.0,-30.0,381.0
-64.0,-14.0,-30.0,503.0
-62.0,-14.0,-30.0,503.0
-60.0,-14.0,-30.0,503.0
-58.0,-14.0,-30.0,503.0
-56.0,-14.0,-30.0,503.0
-54.0,-14.0,-30.0,503.0
-52.0,-14.0,-30.0,503.0
-50.0,-14.0,-30.0,503.0
-48.0,-14.0,-30.0,503.0
-46.0,-14.0,-30.0,558.0
-44.0,-14.0,-30.0,558.0
-42.0,-14.0,-30.0,506.0
-40.0,-14.0,-30.0,506.0
-38.0,-14.0,-30.0,506.0
-36.0,-14.0,-30.0,506.0
-34.0,-14.0,-30.0,506.0
-32.0,-14.0,-30.0,506.0
-30.0,-14.0,-30.0,506.0
-28.0,-14.0,-30.0,506.0
-26.0,-14.0,-30.0,506.0
-24.0,-14.0,-30.0,506.0
-22.0,-14.0,-30.0,506.0
-20.0,-14.0,-30.0,84.0
18.0,-14.0,-30.0,394.0
20.0,-14.0,-30.0,394.0
22.0,-14.0,-30.0,394.0
24.0,-14.0,-30.0,394.0
26.0,-14.0,-30.0,394.0
28.0,-14.0,-30.0,96.0
30.0,-14.0,-30.0,250.0
32.0,-14.0,-30.0,250.0
34.0,-14.0,-30.0,250.0
36.0,-14.0,-30.0,187.0
38.0,-14.0,-30.0,296.0
40.0,-14.0,-30.0,296.0
42.0,-14.0,-30.0,296.0
44.0,-14.0,-30.0,296.0
46.0,-14.0,-30.0,372.0
48.0,-14.0,-30.0,214.0
50.0,-14.0,-30.0,214.0
52.0,-14.0,-30.0,214.0
54.0,-14.0,-30.0,214.0
56.0,-14.0,-30.0,381.0
58.0,-14.0,-30.0,381.0
60.0,-14.0,-30.0,381.0
62.0,-14.0,-30.0,381.0
64.0,-14.0,-30.0,381.0
-64.0,-12.0,-30.0,503.0
-62.0,-12.0,-30.0,503.0
-60.0,-12.0,-30.0,503.0
-58.0,-12.0,-30.0,503.0
-56.0,-12.0,-30.0,503.0
-54.0,-12.0,-30.0,503.0
-52.0,-12.0,-30.0,503.0
-50.0,-12.0,-30.0,503.0
-48.0,-12.0,-30.0,503.0
-46.0,-12.0,-30.0,558.0
-44.0,-12.0,-30.0,506.0
-42.0,-12.0,-30.0,506.0
-40.0,-12.0,-30.0,506.0
-38.0,-12.0,-30.0,506.0
-36.0,-12.0,-30.0,506.0
-34.0,-12.0,-30.0,506.0
-32.0,-12.0,-30.0,506.0
-30.0,-12.0,-30.0,506.0
-28.0,-12.0,-30.0,506.0
-26.0,-12.0,-30.0,506.0
-24.0,-12.0,-30.0,506.0
-22.0,-12.0,-30.0,84.0
-20.0,-12.0,-30.0,84.0
18.0,-12.0,-30.0,394.0
20.0,-12.0,-30.0,394.0
22.0,-12.0,-30.0,394.0
24.0,-12.0,-30.0,394.0
26.0,-12.0,-30.0,394.0
28.0,-12.0,-30.0,96.0
30.0,-12.0,-30.0,250.0
32.0,-12.0,-30.0,250.0
34.0,-12.0,-30.0,250.0
36.0,-12.0,-30.0,250.0
38.0,-12.0,-30.0,296.0
40.0,-12.0,-30.0,296.0
42.0,-12.0,-30.0,296.0
44.0,-12.0,-30.0,372.0
46.0,-12.0,-30.0,372.0
48.0,-12.0,-30.0,372.0
50.0,-12.0,-30.0,214.0
52.0,-12.0,-30.0,214.0
54.0,-12.0,-30.0,214.0
56.0,-12.0,-30.0,381.0
58.0,-12.0,-30.0,381.0
60.0,-12.0,-30.0,381.0
62.0,-12.0,-30.0,381.0
-64.0,-10.0,-30.0,163.0
-62.0,-10.0,-30.0,163.0
-60.0,-10.0,-30.0,163.0
-58.0,-10.0,-30.0,163.0
-56.0,-10.0,-30.0,163.0
-54.0,-10.0,-30.0,163.0
-52.0,-10.0,-30.0,163.0
-50.0,-10.0,-30.0,163.0
-48.0,-10.0,-30.0,163.0
-46.0,-10.0,-30.0,220.0
-44.0,-10.0,-30.0,220.0
-42.0,-10.0,-30.0,506.0
-40.0,-10.0,-30.0,506.0
-38.0,-10.0,-30.0,506.0
-36.0,-10.0,-30.0,506.0
-34.0,-10.0,-30.0,506.0
-32.0,-10.0,-30.0,506.0
-30.0,-10.0,-30.0,506.0
-28.0,-10.0,-30.0,506.0
-26.0,-10.0,-30.0,506.0
-24.0,-10.0,-30.0,84.0
-22.0,-10.0,-30.0,84.0
-20.0,-10.0,-30.0,84.0
-18.0,-10.0,-30.0,84.0
18.0,-10.0,-30.0,394.0
20.0,-10.0,-30.0,394.0
22.0,-10.0,-30.0,394.0
24.0,-10.0,-30.0,394.0
26.0,-10.0,-30.0,394.0
28.0,-10.0,-30.0,96.0
30.0,-10.0,-30.0,250.0
32.0,-10.0,-30.0,250.0
34.0,-10.0,-30.0,250.0
36.0,-10.0,-30.0,250.0
38.0,-10.0,-30.0,250.0
40.0,-10.0,-30.0,296.0
42.0,-10.0,-30.0,296.0
44.0,-10.0,-30.0,372.0
46.0,-10.0,-30.0,372.0
48.0,-10.0,-30.0,372.0
50.0,-10.0,-30.0,214.0
52.0,-10.0,-30.0,214.0
54.0,-10.0,-30.0,214.0
56.0,-10.0,-30.0,381.0
58.0,-10.0,-30.0,381.0
60.0,-10.0,-30.0,381.0
62.0,-10.0,-30.0,381.0
-62.0,-8.0,-30.0,163.0
-60.0,-8.0,-30.0,163.0
-58.0,-8.0,-30.0,163.0
-56.0,-8.0,-30.0,163.0
-54.0,-8.0,-30.0,163.0
-52.0,-8.0,-30.0,163.0
-50.0,-8.0,-30.0,163.0
-48.0,-8.0,-30.0,163.0
-46.0,-8.0,-30.0,220.0
-44.0,-8.0,-30.0,220.0
-42.0,-8.0,-30.0,220.0
-40.0,-8.0,-30.0,506.0
-38.0,-8.0,-30.0,506.0
-36.0,-8.0,-30.0,506.0
-34.0,-8.0,-30.0,506.0
-32.0,-8.0,-30.0,506.0
-30.0,-8.0,-30.0,506.0
-28.0,-8.0,-30.0,506.0
-26.0,-8.0,-30.0,84.0
-24.0,-8.0,-30.0,84.0
-22.0,-8.0,-30.0,84.0
-20.0,-8.0,-30.0,84.0
-18.0,-8.0,-30.0,84.0
16.0,-8.0,-30.0,270.0
18.0,-8.0,-30.0,270.0
20.0,-8.0,-30.0,270.0
22.0,-8.0,-30.0,270.0
24.0,-8.0,-30.0,270.0
26.0,-8.0,-30.0,270.0
28.0,-8.0,-30.0,96.0
30.0,-8.0,-30.0,250.0
32.0,-8.0,-30.0,250.0
34.0,-8.0,-30.0,250.0
36.0,-8.0,-30.0,250.0
38.0,-8.0,-30.0,250.0
40.0,-8.0,-30.0,296.0
42.0,-8.0,-30.0,372.0
44.0,-8.0,-30.0,372.0
46.0,-8.0,-30.0,372.0
48.0,-8.0,-30.0,372.0
50.0,-8.0,-30.0,214.0
52.0,-8.0,-30.0,214.0
54.0,-8.0,-30.0,214.0
56.0,-8.0,-30.0,381.0
58.0,-8.0,-30.0,381.0
60.0,-8.0,-30.0,381.0
62.0,-8.0,-30.0,381.0
-62.0,-6.0,-30.0,163.0
-60.0,-6.0,-30.0,163.0
-58.0,-6.0,-30.0,163.0
-56.0,-6.0,-30.0,163.0
-54.0,-6.0,-30.0,163.0
-52.0,-6.0,-30.0,163.0
-50.0,-6.0,-30.0,163.0
-48.0,-6.0,-30.0,163.0
-46.0,-6.0,-30.0,220.0
-44.0,-6.0,-30.0,220.0
-42.0,-6.0,-30.0,220.0
-40.0,-6.0,-30.0,220.0
-38.0,-6.0,-30.0,506.0
-36.0,-6.0,-30.0,506.0
-34.0,-6.0,-30.0,506.0
-32.0,-6.0,-30.0,506.0
-30.0,-6.0,-30.0,506.0
-28.0,-6.0,-30.0,84.0
-26.0,-6.0,-30.0,84.0
-24.0,-6.0,-30.0,84.0
-22.0,-6.0,-30.0,84.0
-20.0,-6.0,-30.0,84.0
-18.0,-6.0,-30.0,84.0
16.0,-6.0,-30.0,270.0
18.0,-6.0,-30.0,270.0
20.0,-6.0,-30.0,270.0
22.0,-6.0,-30.0,270.0
24.0,-6.0,-30.0,270.0
26.0,-6.0,-30.0,270.0
28.0,-6.0,-30.0,96.0
30.0,-6.0,-30.0,250.0
32.0,-6.0,-30.0,250.0
34.0,-6.0,-30.0,250.0
36.0,-6.0,-30.0,250.0
38.0,-6.0,-30.0,250.0
40.0,-6.0,-30.0,372.0
42.0,-6.0,-30.0,372.0
44.0,-6.0,-30.0,372.0
46.0,-6.0,-30.0,372.0
48.0,-6.0,-30.0,372.0
50.0,-6.0,-30.0,372.0
52.0,-6.0,-30.0,214.0
54.0,-6.0,-30.0,152.0
56.0,-6.0,-30.0,152.0
58.0,-6.0,-30.0,381.0
60.0,-6.0,-30.0,381.0
62.0,-6.0,-30.0,381.0
-62.0,-4.0,-30.0,163.0
-60.0,-4.0,-30.0,163.0
-58.0,-4.0,-30.0,163.0
-56.0,-4.0,-30.0,163.0
-54.0,-4.0,-30.0,163.0
-52.0,-4.0,-30.0,163.0
-50.0,-4.0,-30.0,163.0
-48.0,-4.0,-30.0,163.0
-46.0,-4.0,-30.0,220.0
-44.0,-4.0,-30.0,220.0
-42.0,-4.0,-30.0,220.0
-40.0,-4.0,-30.0,220.0
-38.0,-4.0,-30.0,220.0
-36.0,-4.0,-30.0,506.0
-34.0,-4.0,-30.0,506.0
-32.0,-4.0,-30.0,506.0
-30.0,-4.0,-30.0,84.0
-28.0,-4.0,-30.0,84.0
-26.0,-4.0,-30.0,84.0
-24.0,-4.0,-30.0,84.0
-22.0,-4.0,-30.0,84.0
-20.0,-4.0,-30.0,84.0
-18.0,-4.0,-30.0,84.0
-16.0,-4.0,-30.0,84.0
16.0,-4.0,-30.0,483.0
18.0,-4.0,-30.0,270.0
20.0,-4.0,-30.0,270.0
22.0,-4.0,-30.0,270.0
24.0,-4.0,-30.0,270.0
26.0,-4.0,-30.0,270.0
28.0,-4.0,-30.0,528.0
30.0,-4.0,-30.0,250.0
32.0,-4.0,-30.0,250.0
36.0,-4.0,-30.0,250.0
38.0,-4.0,-30.0,250.0
40.0,-4.0,-30.0,372.0
48.0,-4.0,-30.0,372.0
50.0,-4.0,-30.0,372.0
52.0,-4.0,-30.0,152.0
54.0,-4.0,-30.0,152.0
56.0,-4.0,-30.0,152.0
58.0,-4.0,-30.0,152.0
60.0,-4.0,-30.0,381.0
62.0,-4.0,-30.0,381.0
-62.0,-2.0,-30.0,163.0
-60.0,-2.0,-30.0,163.0
-58.0,-2.0,-30.0,163.0
-56.0,-2.0,-30.0,163.0
-54.0,-2.0,-30.0,163.0
-52.0,-2.0,-30.0,163.0
-50.0,-2.0,-30.0,163.0
-48.0,-2.0,-30.0,220.0
-46.0,-2.0,-30.0,220.0
-42.0,-2.0,-30.0,220.0
-40.0,-2.0,-30.0,220.0
-38.0,-2.0,-30.0,220.0
-36.0,-2.0,-30.0,220.0
-34.0,-2.0,-30.0,506.0
-32.0,-2.0,-30.0,84.0
-30.0,-2.0,-30.0,84.0
-28.0,-2.0,-30.0,84.0
-26.0,-2.0,-30.0,84.0
-24.0,-2.0,-30.0,84.0
-22.0,-2.0,-30.0,84.0
-20.0,-2.0,-30.0,84.0
-18.0,-2.0,-30.0,84.0
-16.0,-2.0,-30.0,84.0
16.0,-2.0,-30.0,483.0
18.0,-2.0,-30.0,270.0
20.0,-2.0,-30.0,270.0
22.0,-2.0,-30.0,270.0
24.0,-2.0,-30.0,270.0
26.0,-2.0,-30.0,270.0
28.0,-2.0,-30.0,528.0
30.0,-2.0,-30.0,528.0
32.0,-2.0,-30.0,250.0
48.0,-2.0,-30.0,372.0
50.0,-2.0,-30.0,372.0
52.0,-2.0,-30.0,152.0
54.0,-2.0,-30.0,152.0
56.0,-2.0,-30.0,152.0
58.0,-2.0,-30.0,152.0
60.0,-2.0,-30.0,152.0
-62.0,-0.0,-30.0,163.0
-60.0,-0.0,-30.0,163.0
-58.0,-0.0,-30.0,163.0
-56.0,-0.0,-30.0,163.0
-54.0,-0.0,-30.0,163.0
-52.0,-0.0,-30.0,163.0
-50.0,-0.0,-30.0,163.0
-48.0,-0.0,-30.0,220.0
-46.0,-0.0,-30.0,220.0
-38.0,-0.0,-30.0,220.0
-36.0,-0.0,-30.0,220.0
-34.0,-0.0,-30.0,84.0
-32.0,-0.0,-30.0,84.0
-30.0,-0.0,-30.0,84.0
-28.0,-0.0,-30.0,84.0
-26.0,-0.0,-30.0,84.0
-24.0,-0.0,-30.0,84.0
-22.0,-0.0,-30.0,84.0
-20.0,-0.0,-30.0,84.0
-18.0,-0.0,-30.0,84.0
-16.0,-0.0,-30.0,364.0
16.0,-0.0,-30.0,483.0
18.0,-0.0,-30.0,483.0
20.0,-0.0,-30.0,270.0
22.0,-0.0,-30.0,270.0
24.0,-0.0,-30.0,270.0
26.0,-0.0,-30.0,528.0
28.0,-0.0,-30.0,528.0
30.0,-0.0,-30.0,528.0
32.0,-0.0,-30.0,114.0
46.0,-0.0,-30.0,372.0
48.0,-0.0,-30.0,372.0
50.0,-0.0,-30.0,152.0
52.0,-0.0,-30.0,152.0
54.0,-0.0,-30.0,152.0
56.0,-0.0,-30.0,152.0
58.0,-0.0,-30.0,152.0
60.0,-0.0,-30.0,152.0
-60.0,2.0,-30.0,163.0
-58.0,2.0,-30.0,163.0
-56.0,2.0,-30.0,163.0
-54.0,2.0,-30.0,163.0
-52.0,2.0,-30.0,163.0
-50.0,2.0,-30.0,163.0
-48.0,2.0,-30.0,220.0
-46.0,2.0,-30.0,220.0
-44.0,2.0,-30.0,220.0
-34.0,2.0,-30.0,521.0
-32.0,2.0,-30.0,84.0
-30.0,2.0,-30.0,84.0
-28.0,2.0,-30.0,84.0
-26.0,2.0,-30.0,84.0
-24.0,2.0,-30.0,84.0
-22.0,2.0,-30.0,84.0
-20.0,2.0,-30.0,364.0
-18.0,2.0,-30.0,364.0
-16.0,2.0,-30.0,364.0
16.0,2.0,-30.0,483.0
18.0,2.0,-30.0,483.0
20.0,2.0,-30.0,270.0
22.0,2.0,-30.0,270.0
24.0,2.0,-30.0,270.0
26.0,2.0,-30.0,528.0
28.0,2.0,-30.0,528.0
30.0,2.0,-30.0,114.0
46.0,2.0,-30.0,369.0
48.0,2.0,-30.0,207.0
50.0,2.0,-30.0,207.0
52.0,2.0,-30.0,207.0
54.0,2.0,-30.0,207.0
56.0,2.0,-30.0,207.0
58.0,2.0,-30.0,207.0
60.0,2.0,-30.0,152.0
-60.0,4.0,-30.0,426.0
-58.0,4.0,-30.0,426.0
-56.0,4.0,-30.0,426.0
-54.0,4.0,-30.0,426.0
-52.0,4.0,-30.0,426.0
-50.0,4.0,-30.0,426.0
-48.0,4.0,-30.0,514.0
-46.0,4.0,-30.0,514.0
-44.0,4.0,-30.0,514.0
-32.0,4.0,-30.0,521.0
-30.0,4.0,-30.0,84.0
-28.0,4.0,-30.0,84.0
-26.0,4.0,-30.0,84.0
-24.0,4.0,-30.0,84.0
-22.0,4.0,-30.0,364.0
-20.0,4.0,-30.0,364.0
-18.0,4.0,-30.0,364.0
-16.0,4.0,-30.0,364.0
18.0,4.0,-30.0,483.0
20.0,4.0,-30.0,483.0
22.0,4.0,-30.0,590.0
24.0,4.0,-30.0,590.0
26.0,4.0,-30.0,590.0
28.0,4.0,-30.0,590.0
30.0,4.0,-30.0,114.0
32.0,4.0,-30.0,114.0
46.0,4.0,-30.0,207.0
48.0,4.0,-30.0,207.0
50.0,4.0,-30.0,207.0
52.0,4.0,-30.0,207.0
54.0,4.0,-30.0,207.0
56.0,4.0,-30.0,207.0
58.0,4.0,-30.0,207.0
-60.0,6.0,-30.0,426.0
-58.0,6.0,-30.0,426.0
-56.0,6.0,-30.0,426.0
-54.0,6.0,-30.0,426.0
-52.0,6.0,-30.0,426.0
-50.0,6.0,-30.0,426.0
-48.0,6.0,-30.0,514.0
-46.0,6.0,-30.0,514.0
-44.0,6.0,-30.0,514.0
-42.0,6.0,-30.0,514.0
-34.0,6.0,-30.0,521.0
-32.0,6.0,-30.0,521.0
-30.0,6.0,-30.0,521.0
-28.0,6.0,-30.0,554.0
-26.0,6.0,-30.0,554.0
-24.0,6.0,-30.0,364.0
-22.0,6.0,-30.0,364.0
-20.0,6.0,-30.0,364.0
-18.0,6.0,-30.0,364.0
18.0,6.0,-30.0,143.0
20.0,6.0,-30.0,143.0
22.0,6.0,-30.0,590.0
24.0,6.0,-30.0,590.0
26.0,6.0,-30.0,590.0
28.0,6.0,-30.0,114.0
30.0,6.0,-30.0,114.0
32.0,6.0,-30.0,114.0
34.0,6.0,-30.0,114.0
36.0,6.0,-30.0,114.0
46.0,6.0,-30.0,207.0
48.0,6.0,-30.0,207.0
50.0,6.0,-30.0,207.0
52.0,6.0,-30.0,207.0
54.0,6.0,-30.0,207.0
56.0,6.0,-30.0,207.0
58.0,6.0,-30.0,207.0
-58.0,8.0,-30.0,426.0
-56.0,8.0,-30.0,426.0
-54.0,8.0,-30.0,426.0
-52.0,8.0,-30.0,426.0
-50.0,8.0,-30.0,426.0
-48.0,8.0,-30.0,514.0
-46.0,8.0,-30.0,514.0
-44.0,8.0,-30.0,514.0
-42.0,8.0,-30.0,514.0
-38.0,8.0,-30.0,521.0
-36.0,8.0,-30.0,521.0
-34.0,8.0,-30.0,521.0
-32.0,8.0,-30.0,521.0
-30.0,8.0,-30.0,323.0
-28.0,8.0,-30.0,554.0
-26.0,8.0,-30.0,554.0
-24.0,8.0,-30.0,364.0
-22.0,8.0,-30.0,364.0
-20.0,8.0,-30.0,364.0
-18.0,8.0,-30.0,364.0
20.0,8.0,-30.0,143.0
22.0,8.0,-30.0,143.0
24.0,8.0,-30.0,590.0
26.0,8.0,-30.0,590.0
28.0,8.0,-30.0,114.0
30.0,8.0,-30.0,114.0
32.0,8.0,-30.0,114.0
34.0,8.0,-30.0,114.0
36.0,8.0,-30.0,114.0
44.0,8.0,-30.0,207.0
46.0,8.0,-30.0,207.0
48.0,8.0,-30.0,207.0
50.0,8.0,-30.0,207.0
52.0,8.0,-30.0,207.0
54.0,8.0,-30.0,207.0
56.0,8.0,-30.0,207.0
-58.0,10.0,-30.0,426.0
-56.0,10.0,-30.0,426.0
-54.0,10.0,-30.0,426.0
-52.0,10.0,-30.0,426.0
-50.0,10.0,-30.0,426.0
-48.0,10.0,-30.0,514.0
-46.0,10.0,-30.0,514.0
-44.0,10.0,-30.0,514.0
-42.0,10.0,-30.0,514.0
-40.0,10.0,-30.0,514.0
-38.0,10.0,-30.0,521.0
-36.0,10.0,-30.0,521.0
-34.0,10.0,-30.0,521.0
-32.0,10.0,-30.0,323.0
-30.0,10.0,-30.0,323.0
-28.0,10.0,-30.0,323.0
-26.0,10.0,-30.0,554.0
-24.0,10.0,-30.0,364.0
-22.0,10.0,-30.0,364.0
-20.0,10.0,-30.0,364.0
24.0,10.0,-30.0,143.0
26.0,10.0,-30.0,590.0
28.0,10.0,-30.0,114.0
30.0,10.0,-30.0,114.0
32.0,10.0,-30.0,114.0
34.0,10.0,-30.0,114.0
36.0,10.0,-30.0,114.0
38.0,10.0,-30.0,114.0
40.0,10.0,-30.0,369.0
42.0,10.0,-30.0,369.0
44.0,10.0,-30.0,207.0
46.0,10.0,-30.0,207.0
48.0,10.0,-30.0,207.0
50.0,10.0,-30.0,207.0
52.0,10.0,-30.0,207.0
54.0,10.0,-30.0,207.0
56.0,10.0,-30.0,207.0
-56.0,12.0,-30.0,426.0
-54.0,12.0,-30.0,426.0
-52.0,12.0,-30.0,426.0
-50.0,12.0,-30.0,426.0
-48.0,12.0,-30.0,426.0
-46.0,12.0,-30.0,514.0
-44.0,12.0,-30.0,514.0
-42.0,12.0,-30.0,514.0
-40.0,12.0,-30.0,514.0
-38.0,12.0,-30.0,521.0
-36.0,12.0,-30.0,521.0
-34.0,12.0,-30.0,323.0
-32.0,12.0,-30.0,323.0
-30.0,12.0,-30.0,323.0
-28.0,12.0,-30.0,323.0
-26.0,12.0,-30.0,554.0
28.0,12.0,-30.0,114.0
30.0,12.0,-30.0,114.0
32.0,12.0,-30.0,114.0
34.0,12.0,-30.0,114.0
36.0,12.0,-30.0,114.0
38.0,12.0,-30.0,114.0
40.0,12.0,-30.0,114.0
42.0,12.0,-30.0,369.0
44.0,12.0,-30.0,207.0
46.0,12.0,-30.0,207.0
48.0,12.0,-30.0,207.0
50.0,12.0,-30.0,207.0
52.0,12.0,-30.0,207.0
54.0,12.0,-30.0,207.0
-54.0,14.0,-30.0,426.0
-52.0,14.0,-30.0,426.0
-50.0,14.0,-30.0,67.0
-48.0,14.0,-30.0,67.0
-46.0,14.0,-30.0,514.0
-44.0,14.0,-30.0,514.0
-42.0,14.0,-30.0,514.0
-40.0,14.0,-30.0,514.0
-38.0,14.0,-30.0,521.0
-36.0,14.0,-30.0,323.0
-34.0,14.0,-30.0,323.0
-32.0,14.0,-30.0,323.0
-30.0,14.0,-30.0,323.0
-28.0,14.0,-30.0,323.0
32.0,14.0,-30.0,114.0
34.0,14.0,-30.0,114.0
36.0,14.0,-30.0,114.0
38.0,14.0,-30.0,114.0
40.0,14.0,-30.0,429.0
42.0,14.0,-30.0,429.0
44.0,14.0,-30.0,207.0
46.0,14.0,-30.0,207.0
48.0,14.0,-30.0,207.0
50.0,14.0,-30.0,207.0
52.0,14.0,-30.0,207.0
-54.0,16.0,-30.0,67.0
-52.0,16.0,-30.0,67.0
-50.0,16.0,-30.0,67.0
-48.0,16.0,-30.0,67.0
-46.0,16.0,-30.0,67.0
-44.0,16.0,-30.0,514.0
-42.0,16.0,-30.0,514.0
-40.0,16.0,-30.0,514.0
-38.0,16.0,-30.0,323.0
-36.0,16.0,-30.0,323.0
-34.0,16.0,-30.0,323.0
-32.0,16.0,-30.0,323.0
-30.0,16.0,-30.0,323.0
-28.0,16.0,-30.0,323.0
34.0,16.0,-30.0,114.0
36.0,16.0,-30.0,114.0
38.0,16.0,-30.0,429.0
40.0,16.0,-30.0,429.0
42.0,16.0,-30.0,429.0
44.0,16.0,-30.0,429.0
46.0,16.0,-30.0,207.0
48.0,16.0,-30.0,207.0
50.0,16.0,-30.0,207.0
52.0,16.0,-30.0,207.0
-52.0,18.0,-30.0,67.0
-50.0,18.0,-30.0,67.0
-48.0,18.0,-30.0,67.0
-46.0,18.0,-30.0,67.0
-44.0,18.0,-30.0,67.0
-42.0,18.0,-30.0,514.0
-40.0,18.0,-30.0,323.0
-38.0,18.0,-30.0,323.0
-36.0,18.0,-30.0,323.0
-34.0,18.0,-30.0,323.0
34.0,18.0,-30.0,129.0
36.0,18.0,-30.0,429.0
38.0,18.0,-30.0,429.0
40.0,18.0,-30.0,429.0
42.0,18.0,-30.0,429.0
44.0,18.0,-30.0,429.0
46.0,18.0,-30.0,429.0
48.0,18.0,-30.0,207.0
50.0,18.0,-30.0,207.0
-50.0,20.0,-30.0,67.0
-48.0,20.0,-30.0,67.0
-46.0,20.0,-30.0,67.0
-44.0,20.0,-30.0,67.0
-42.0,20.0,-30.0,318.0
-40.0,20.0,-30.0,318.0
-38.0,20.0,-30.0,318.0
-36.0,20.0,-30.0,318.0
-34.0,20.0,-30.0,323.0
-32.0,20.0,-30.0,323.0
34.0,20.0,-30.0,129.0
36.0,20.0,-30.0,129.0
38.0,20.0,-30.0,429.0
40.0,20.0,-30.0,429.0
42.0,20.0,-30.0,429.0
44.0,20.0,-30.0,429.0
46.0,20.0,-30.0,429.0
48.0,20.0,-30.0,429.0
-48.0,22.0,-30.0,67.0
-46.0,22.0,-30.0,67.0
-44.0,22.0,-30.0,67.0
-42.0,22.0,-30.0,318.0
-40.0,22.0,-30.0,318.0
-38.0,22.0,-30.0,318.0
-36.0,22.0,-30.0,318.0
-34.0,22.0,-30.0,318.0
-32.0,22.0,-30.0,318.0
36.0,22.0,-30.0,129.0
38.0,22.0,-30.0,429.0
40.0,22.0,-30.0,429.0
42.0,22.0,-30.0,429.0
44.0,22.0,-30.0,429.0
46.0,22.0,-30.0,429.0
-46.0,24.0,-30.0,67.0
-44.0,24.0,-30.0,318.0
-42.0,24.0,-30.0,318.0
-40.0,24.0,-30.0,318.0
-38.0,24.0,-30.0,318.0
-36.0,24.0,-30.0,318.0
-34.0,24.0,-30.0,318.0
-32.0,24.0,-30.0,318.0
36.0,24.0,-30.0,129.0
38.0,24.0,-30.0,129.0
40.0,24.0,-30.0,429.0
42.0,24.0,-30.0,429.0
44.0,24.0,-30.0,429.0
-44.0,26.0,-30.0,318.0
-42.0,26.0,-30.0,318.0
-40.0,26.0,-30.0,318.0
-38.0,26.0,-30.0,318.0
-36.0,26.0,-30.0,318.0
-34.0,26.0,-30.0,318.0
-32.0,26.0,-30.0,318.0
36.0,26.0,-30.0,129.0
38.0,26.0,-30.0,129.0
40.0,26.0,-30.0,429.0
-2.0,32.0,-30.0,175.0
-4.0,34.0,-30.0,175.0
-2.0,34.0,-30.0,175.0
4.0,34.0,-30.0,175.0
-4.0,36.0,-30.0,502.0
-2.0,36.0,-30.0,502.0
4.0,36.0,-30.0,175.0
-4.0,38.0,-30.0,502.0
-2.0,38.0,-30.0,502.0
2.0,38.0,-30.0,502.0
4.0,38.0,-30.0,502.0
6.0,38.0,-30.0,502.0
-4.0,40.0,-30.0,502.0
-2.0,40.0,-30.0,502.0
0.0,40.0,-30.0,502.0
2.0,40.0,-30.0,502.0
4.0,40.0,-30.0,502.0
-4.0,42.0,-30.0,502.0
-2.0,42.0,-30.0,502.0
0.0,42.0,-30.0,502.0
2.0,42.0,-30.0,502.0
4.0,42.0,-30.0,502.0
-4.0,44.0,-30.0,502.0
-2.0,44.0,-30.0,502.0
0.0,44.0,-30.0,502.0
2.0,44.0,-30.0,502.0
4.0,44.0,-30.0,502.0
-4.0,46.0,-30.0,502.0
-2.0,46.0,-30.0,502.0
2.0,46.0,-30.0,502.0
-56.0,-52.0,-28.0,566.0
-54.0,-52.0,-28.0,566.0
-52.0,-52.0,-28.0,566.0
48.0,-52.0,-28.0,336.0
50.0,-52.0,-28.0,336.0
-58.0,-50.0,-28.0,566.0
-56.0,-50.0,-28.0,566.0
-54.0,-50.0,-28.0,566.0
-52.0,-50.0,-28.0,566.0
46.0,-50.0,-28.0,336.0
48.0,-50.0,-28.0,336.0
50.0,-50.0,-28.0,336.0
56.0,-50.0,-28.0,336.0
-58.0,-48.0,-28.0,138.0
-56.0,-48.0,-28.0,566.0
-54.0,-48.0,-28.0,566.0
-52.0,-48.0,-28.0,566.0
44.0,-48.0,-28.0,336.0
46.0,-48.0,-28.0,336.0
48.0,-48.0,-28.0,336.0
50.0,-48.0,-28.0,336.0
52.0,-48.0,-28.0,336.0
54.0,-48.0,-28.0,336.0
56.0,-48.0,-28.0,336.0
-58.0,-46.0,-28.0,138.0
-56.0,-46.0,-28.0,138.0
-54.0,-46.0,-28.0,566.0
-52.0,-46.0,-28.0,566.0
-46.0,-46.0,-28.0,566.0
42.0,-46.0,-28.0,336.0
44.0,-46.0,-28.0,336.0
46.0,-46.0,-28.0,336.0
48.0,-46.0,-28.0,336.0
50.0,-46.0,-28.0,336.0
52.0,-46.0,-28.0,336.0
54.0,-46.0,-28.0,336.0
56.0,-46.0,-28.0,336.0
-56.0,-44.0,-28.0,138.0
-54.0,-44.0,-28.0,138.0
-52.0,-44.0,-28.0,566.0
-50.0,-44.0,-28.0,566.0
-48.0,-44.0,-28.0,566.0
-46.0,-44.0,-28.0,566.0
-44.0,-44.0,-28.0,566.0
40.0,-44.0,-28.0,336.0
42.0,-44.0,-28.0,336.0
44.0,-44.0,-28.0,336.0
46.0,-44.0,-28.0,336.0
48.0,-44.0,-28.0,336.0
50.0,-44.0,-28.0,336.0
52.0,-44.0,-28.0,336.0
54.0,-44.0,-28.0,336.0
56.0,-44.0,-28.0,336.0
-56.0,-42.0,-28.0,138.0
-54.0,-42.0,-28.0,138.0
-52.0,-42.0,-28.0,138.0
-50.0,-42.0,-28.0,566.0
-48.0,-42.0,-28.0,566.0
-46.0,-42.0,-28.0,566.0
-44.0,-42.0,-28.0,480.0
-42.0,-42.0,-28.0,480.0
38.0,-42.0,-28.0,332.0
40.0,-42.0,-28.0,336.0
42.0,-42.0,-28.0,336.0
44.0,-42.0,-28.0,336.0
46.0,-42.0,-28.0,336.0
48.0,-42.0,-28.0,336.0
50.0,-42.0,-28.0,336.0
52.0,-42.0,-28.0,269.0
54.0,-42.0,-28.0,269.0
56.0,-42.0,-28.0,269.0
-56.0,-40.0,-28.0,138.0
-54.0,-40.0,-28.0,138.0
-52.0,-40.0,-28.0,138.0
-50.0,-40.0,-28.0,138.0
-48.0,-40.0,-28.0,480.0
-46.0,-40.0,-28.0,480.0
-44.0,-40.0,-28.0,480.0
-42.0,-40.0,-28.0,480.0
-40.0,-40.0,-28.0,480.0
38.0,-40.0,-28.0,332.0
40.0,-40.0,-28.0,332.0
42.0,-40.0,-28.0,336.0
44.0,-40.0,-28.0,336.0
46.0,-40.0,-28.0,269.0
48.0,-40.0,-28.0,269.0
50.0,-40.0,-28.0,269.0
52.0,-40.0,-28.0,269.0
54.0,-40.0,-28.0,269.0
56.0,-40.0,-28.0,269.0
58.0,-40.0,-28.0,269.0
-58.0,-38.0,-28.0,169.0
-56.0,-38.0,-28.0,169.0
-54.0,-38.0,-28.0,169.0
-52.0,-38.0,-28.0,169.0
-50.0,-38.0,-28.0,169.0
-48.0,-38.0,-28.0,480.0
-46.0,-38.0,-28.0,480.0
-44.0,-38.0,-28.0,480.0
-42.0,-38.0,-28.0,480.0
-40.0,-38.0,-28.0,480.0
-38.0,-38.0,-28.0,480.0
34.0,-38.0,-28.0,332.0
36.0,-38.0,-28.0,332.0
38.0,-38.0,-28.0,332.0
40.0,-38.0,-28.0,332.0
42.0,-38.0,-28.0,332.0
44.0,-38.0,-28.0,269.0
46.0,-38.0,-28.0,269.0
48.0,-38.0,-28.0,269.0
50.0,-38.0,-28.0,269.0
52.0,-38.0,-28.0,269.0
54.0,-38.0,-28.0,269.0
56.0,-38.0,-28.0,269.0
58.0,-38.0,-28.0,269.0
-60.0,-36.0,-28.0,169.0
-58.0,-36.0,-28.0,169.0
-56.0,-36.0,-28.0,169.0
-54.0,-36.0,-28.0,169.0
-52.0,-36.0,-28.0,169.0
-50.0,-36.0,-28.0,480.0
-48.0,-36.0,-28.0,480.0
-46.0,-36.0,-28.0,480.0
-44.0,-36.0,-28.0,480.0
-42.0,-36.0,-28.0,480.0
-40.0,-36.0,-28.0,480.0
-38.0,-36.0,-28.0,480.0
-36.0,-36.0,-28.0,480.0
34.0,-36.0,-28.0,332.0
36.0,-36.0,-28.0,332.0
38.0,-36.0,-28.0,332.0
40.0,-36.0,-28.0,332.0
42.0,-36.0,-28.0,332.0
44.0,-36.0,-28.0,269.0
46.0,-36.0,-28.0,269.0
48.0,-36.0,-28.0,269.0
50.0,-36.0,-28.0,269.0
52.0,-36.0,-28.0,269.0
54.0,-36.0,-28.0,269.0
56.0,-36.0,-28.0,269.0
58.0,-36.0,-28.0,474.0
60.0,-36.0,-28.0,474.0
-60.0,-34.0,-28.0,169.0
-58.0,-34.0,-28.0,169.0
-56.0,-34.0,-28.0,169.0
-54.0,-34.0,-28.0,169.0
-52.0,-34.0,-28.0,169.0
-50.0,-34.0,-28.0,480.0
-48.0,-34.0,-28.0,480.0
-46.0,-34.0,-28.0,480.0
-44.0,-34.0,-28.0,480.0
-42.0,-34.0,-28.0,480.0
-40.0,-34.0,-28.0,480.0
-38.0,-34.0,-28.0,480.0
-36.0,-34.0,-28.0,480.0
32.0,-34.0,-28.0,332.0
34.0,-34.0,-28.0,332.0
36.0,-34.0,-28.0,332.0
38.0,-34.0,-28.0,332.0
40.0,-34.0,-28.0,332.0
42.0,-34.0,-28.0,332.0
44.0,-34.0,-28.0,269.0
46.0,-34.0,-28.0,269.0
48.0,-34.0,-28.0,269.0
50.0,-34.0,-28.0,269.0
52.0,-34.0,-28.0,269.0
54.0,-34.0,-28.0,474.0
56.0,-34.0,-28.0,474.0
58.0,-34.0,-28.0,474.0
60.0,-34.0,-28.0,474.0
-62.0,-32.0,-28.0,169.0
-60.0,-32.0,-28.0,169.0
-58.0,-32.0,-28.0,169.0
-56.0,-32.0,-28.0,169.0
-54.0,-32.0,-28.0,169.0
-52.0,-32.0,-28.0,169.0
-50.0,-32.0,-28.0,480.0
-48.0,-32.0,-28.0,480.0
-46.0,-32.0,-28.0,480.0
-44.0,-32.0,-28.0,480.0
-42.0,-32.0,-28.0,480.0
-40.0,-32.0,-28.0,480.0
-38.0,-32.0,-28.0,480.0
-36.0,-32.0,-28.0,480.0
-34.0,-32.0,-28.0,480.0
-32.0,-32.0,-28.0,480.0
30.0,-32.0,-28.0,332.0
32.0,-32.0,-28.0,332.0
34.0,-32.0,-28.0,332.0
36.0,-32.0,-28.0,332.0
38.0,-32.0,-28.0,332.0
40.0,-32.0,-28.0,332.0
42.0,-32.0,-28.0,332.0
44.0,-32.0,-28.0,526.0
46.0,-32.0,-28.0,269.0
48.0,-32.0,-28.0,269.0
50.0,-32.0,-28.0,269.0
52.0,-32.0,-28.0,474.0
54.0,-32.0,-28.0,474.0
56.0,-32.0,-28.0,474.0
58.0,-32.0,-28.0,474.0
60.0,-32.0,-28.0,474.0
62.0,-32.0,-28.0,474.0
-62.0,-30.0,-28.0,169.0
-60.0,-30.0,-28.0,169.0
-58.0,-30.0,-28.0,169.0
-56.0,-30.0,-28.0,169.0
-54.0,-30.0,-28.0,169.0
-52.0,-30.0,-28.0,480.0
-50.0,-30.0,-28.0,480.0
-48.0,-30.0,-28.0,480.0
-46.0,-30.0,-28.0,480.0
-44.0,-30.0,-28.0,480.0
-42.0,-30.0,-28.0,480.0
-40.0,-30.0,-28.0,480.0
-38.0,-30.0,-28.0,480.0
-36.0,-30.0,-28.0,480.0
-34.0,-30.0,-28.0,480.0
-32.0,-30.0,-28.0,480.0
-30.0,-30.0,-28.0,480.0
28.0,-30.0,-28.0,332.0
30.0,-30.0,-28.0,332.0
32.0,-30.0,-28.0,332.0
34.0,-30.0,-28.0,332.0
36.0,-30.0,-28.0,332.0
38.0,-30.0,-28.0,332.0
40.0,-30.0,-28.0,332.0
42.0,-30.0,-28.0,332.0
44.0,-30.0,-28.0,526.0
46.0,-30.0,-28.0,526.0
48.0,-30.0,-28.0,474.0
50.0,-30.0,-28.0,474.0
52.0,-30.0,-28.0,474.0
54.0,-30.0,-28.0,474.0
56.0,-30.0,-28.0,474.0
58.0,-30.0,-28.0,474.0
60.0,-30.0,-28.0,474.0
62.0,-30.0,-28.0,474.0
-64.0,-28.0,-28.0,169.0
-62.0,-28.0,-28.0,169.0
-60.0,-28.0,-28.0,169.0
-58.0,-28.0,-28.0,169.0
-56.0,-28.0,-28.0,169.0
-54.0,-28.0,-28.0,503.0
-52.0,-28.0,-28.0,503.0
-50.0,-28.0,-28.0,480.0
-48.0,-28.0,-28.0,480.0
-46.0,-28.0,-28.0,480.0
-44.0,-28.0,-28.0,480.0
-42.0,-28.0,-28.0,480.0
-40.0,-28.0,-28.0,480.0
-38.0,-28.0,-28.0,480.0
-36.0,-28.0,-28.0,480.0
-34.0,-28.0,-28.0,480.0
-32.0,-28.0,-28.0,480.0
-30.0,-28.0,-28.0,480.0
28.0,-28.0,-28.0,332.0
30.0,-28.0,-28.0,332.0
32.0,-28.0,-28.0,332.0
34.0,-28.0,-28.0,332.0
36.0,-28.0,-28.0,332.0
38.0,-28.0,-28.0,332.0
40.0,-28.0,-28.0,332.0
42.0,-28.0,-28.0,526.0
44.0,-28.0,-28.0,526.0
46.0,-28.0,-28.0,526.0
48.0,-28.0,-28.0,474.0
50.0,-28.0,-28.0,474.0
52.0,-28.0,-28.0,474.0
54.0,-28.0,-28.0,474.0
56.0,-28.0,-28.0,474.0
58.0,-28.0,-28.0,474.0
60.0,-28.0,-28.0,474.0
62.0,-28.0,-28.0,474.0
64.0,-28.0,-28.0,26.0
-64.0,-26.0,-28.0,169.0
-62.0,-26.0,-28.0,503.0
-60.0,-26.0,-28.0,503.0
-58.0,-26.0,-28.0,503.0
-56.0,-26.0,-28.0,503.0
-54.0,-26.0,-28.0,503.0
-52.0,-26.0,-28.0,503.0
-50.0,-26.0,-28.0,503.0
-48.0,-26.0,-28.0,480.0
-46.0,-26.0,-28.0,480.0
-44.0,-26.0,-28.0,480.0
-42.0,-26.0,-28.0,480.0
-40.0,-26.0,-28.0,480.0
-38.0,-26.0,-28.0,480.0
-36.0,-26.0,-28.0,480.0
-34.0,-26.0,-28.0,480.0
-32.0,-26.0,-28.0,480.0
-30.0,-26.0,-28.0,480.0
-28.0,-26.0,-28.0,480.0
26.0,-26.0,-28.0,394.0
28.0,-26.0,-28.0,332.0
30.0,-26.0,-28.0,68.0
32.0,-26.0,-28.0,68.0
34.0,-26.0,-28.0,68.0
36.0,-26.0,-28.0,68.0
38.0,-26.0,-28.0,68.0
40.0,-26.0,-28.0,68.0
42.0,-26.0,-28.0,68.0
44.0,-26.0,-28.0,68.0
46.0,-26.0,-28.0,474.0
48.0,-26.0,-28.0,474.0
50.0,-26.0,-28.0,474.0
52.0,-26.0,-28.0,474.0
54.0,-26.0,-28.0,474.0
56.0,-26.0,-28.0,474.0
58.0,-26.0,-28.0,474.0
60.0,-26.0,-28.0,474.0
62.0,-26.0,-28.0,474.0
64.0,-26.0,-28.0,26.0
-66.0,-24.0,-28.0,503.0
-64.0,-24.0,-28.0,503.0
-62.0,-24.0,-28.0,503.0
-60.0,-24.0,-28.0,503.0
-58.0,-24.0,-28.0,503.0
-56.0,-24.0,-28.0,503.0
-54.0,-24.0,-28.0,503.0
-52.0,-24.0,-28.0,503.0
-50.0,-24.0,-28.0,503.0
-48.0,-24.0,-28.0,503.0
-46.0,-24.0,-28.0,558.0
-44.0,-24.0,-28.0,558.0
-42.0,-24.0,-28.0,480.0
-40.0,-24.0,-28.0,480.0
-38.0,-24.0,-28.0,480.0
-36.0,-24.0,-28.0,480.0
-34.0,-24.0,-28.0,480.0
-32.0,-24.0,-28.0,480.0
-30.0,-24.0,-28.0,480.0
-28.0,-24.0,-28.0,506.0
-26.0,-24.0,-28.0,506.0
24.0,-24.0,-28.0,394.0
26.0,-24.0,-28.0,394.0
28.0,-24.0,-28.0,68.0
30.0,-24.0,-28.0,68.0
32.0,-24.0,-28.0,68.0
34.0,-24.0,-28.0,68.0
36.0,-24.0,-28.0,68.0
38.0,-24.0,-28.0,68.0
40.0,-24.0,-28.0,68.0
42.0,-24.0,-28.0,68.0
44.0,-24.0,-28.0,68.0
46.0,-24.0,-28.0,68.0
48.0,-24.0,-28.0,474.0
50.0,-24.0,-28.0,474.0
52.0,-24.0,-28.0,474.0
54.0,-24.0,-28.0,474.0
56.0,-24.0,-28.0,474.0
58.0,-24.0,-28.0,474.0
60.0,-24.0,-28.0,474.0
62.0,-24.0,-28.0,26.0
64.0,-24.0,-28.0,26.0
66.0,-24.0,-28.0,26.0
-66.0,-22.0,-28.0,503.0
-64.0,-22.0,-28.0,503.0
-62.0,-22.0,-28.0,503.0
-60.0,-22.0,-28.0,503.0
-58.0,-22.0,-28.0,503.0
-56.0,-22.0,-28.0,503.0
-54.0,-22.0,-28.0,503.0
-52.0,-22.0,-28.0,503.0
-50.0,-22.0,-28.0,503.0
-48.0,-22.0,-28.0,503.0
-46.0,-22.0,-28.0,558.0
-44.0,-22.0,-28.0,558.0
-42.0,-22.0,-28.0,558.0
-40.0,-22.0,-28.0,558.0
-38.0,-22.0,-28.0,558.0
-36.0,-22.0,-28.0,558.0
-34.0,-22.0,-28.0,558.0
-32.0,-22.0,-28.0,506.0
-30.0,-22.0,-28.0,506.0
-28.0,-22.0,-28.0,506.0
-26.0,-22.0,-28.0,506.0
-24.0,-22.0,-28.0,506.0
22.0,-22.0,-28.0,394.0
24.0,-22.0,-28.0,394.0
26.0,-22.0,-28.0,394.0
28.0,-22.0,-28.0,394.0
30.0,-22.0,-28.0,68.0
32.0,-22.0,-28.0,68.0
34.0,-22.0,-28.0,68.0
36.0,-22.0,-28.0,68.0
38.0,-22.0,-28.0,68.0
40.0,-22.0,-28.0,68.0
42.0,-22.0,-28.0,68.0
44.0,-22.0,-28.0,68.0
46.0,-22.0,-28.0,68.0
48.0,-22.0,-28.0,474.0
50.0,-22.0,-28.0,474.0
52.0,-22.0,-28.0,474.0
54.0,-22.0,-28.0,474.0
56.0,-22.0,-28.0,474.0
58.0,-22.0,-28.0,474.0
60.0,-22.0,-28.0,474.0
62.0,-22.0,-28.0,26.0
64.0,-22.0,-28.0,26.0
66.0,-22.0,-28.0,26.0
-66.0,-20.0,-28.0,503.0
-64.0,-20.0,-28.0,503.0
-62.0,-20.0,-28.0,503.0
-60.0,-20.0,-28.0,503.0
-58.0,-20.0,-28.0,503.0
-56.0,-20.0,-28.0,503.0
-54.0,-20.0,-28.0,503.0
-52.0,-20.0,-28.0,503.0
-50.0,-20.0,-28.0,503.0
-48.0,-20.0,-28.0,503.0
-46.0,-20.0,-28.0,558.0
-44.0,-20.0,-28.0,558.0
-42.0,-20.0,-28.0,558.0
-40.0,-20.0,-28.0,558.0
-38.0,-20.0,-28.0,558.0
-36.0,-20.0,-28.0,558.0
-34.0,-20.0,-28.0,506.0
-32.0,-20.0,-28.0,506.0
-30.0,-20.0,-28.0,506.0
-28.0,-20.0,-28.0,506.0
-26.0,-20.0,-28.0,506.0
-24.0,-20.0,-28.0,506.0
-22.0,-20.0,-28.0,506.0
20.0,-20.0,-28.0,394.0
22.0,-20.0,-28.0,394.0
24.0,-20.0,-28.0,394.0
26.0,-20.0,-28.0,394.0
28.0,-20.0,-28.0,96.0
30.0,-20.0,-28.0,96.0
32.0,-20.0,-28.0,68.0
34.0,-20.0,-28.0,68.0
36.0,-20.0,-28.0,68.0
38.0,-20.0,-28.0,68.0
40.0,-20.0,-28.0,68.0
42.0,-20.0,-28.0,68.0
44.0,-20.0,-28.0,68.0
46.0,-20.0,-28.0,296.0
48.0,-20.0,-28.0,214.0
50.0,-20.0,-28.0,214.0
52.0,-20.0,-28.0,214.0
54.0,-20.0,-28.0,474.0
56.0,-20.0,-28.0,474.0
58.0,-20.0,-28.0,474.0
60.0,-20.0,-28.0,26.0
62.0,-20.0,-28.0,26.0
64.0,-20.0,-28.0,26.0
-66.0,-18.0,-28.0,503.0
-64.0,-18.0,-28.0,503.0
-62.0,-18.0,-28.0,503.0
-60.0,-18.0,-28.0,503.0
-58.0,-18.0,-28.0,503.0
-56.0,-18.0,-28.0,503.0
-54.0,-18.0,-28.0,503.0
-52.0,-18.0,-28.0,503.0
-50.0,-18.0,-28.0,503.0
-48.0,-18.0,-28.0,503.0
-46.0,-18.0,-28.0,558.0
-44.0,-18.0,-28.0,558.0
-42.0,-18.0,-28.0,558.0
-40.0,-18.0,-28.0,558.0
-38.0,-18.0,-28.0,558.0
-36.0,-18.0,-28.0,506.0
-34.0,-18.0,-28.0,506.0
-32.0,-18.0,-28.0,506.0
-30.0,-18.0,-28.0,506.0
-28.0,-18.0,-28.0,506.0
-26.0,-18.0,-28.0,506.0
-24.0,-18.0,-28.0,506.0
-22.0,-18.0,-28.0,506.0
-20.0,-18.0,-28.0,506.0
18.0,-18.0,-28.0,394.0
20.0,-18.0,-28.0,394.0
22.0,-18.0,-28.0,394.0
24.0,-18.0,-28.0,394.0
26.0,-18.0,-28.0,394.0
28.0,-18.0,-28.0,96.0
30.0,-18.0,-28.0,96.0
32.0,-18.0,-28.0,96.0
34.0,-18.0,-28.0,68.0
36.0,-18.0,-28.0,68.0
38.0,-18.0,-28.0,68.0
40.0,-18.0,-28.0,296.0
42.0,-18.0,-28.0,296.0
44.0,-18.0,-28.0,296.0
46.0,-18.0,-28.0,296.0
48.0,-18.0,-28.0,214.0
50.0,-18.0,-28.0,214.0
52.0,-18.0,-28.0,214.0
54.0,-18.0,-28.0,214.0
56.0,-18.0,-28.0,214.0
58.0,-18.0,-28.0,381.0
60.0,-18.0,-28.0,381.0
62.0,-18.0,-28.0,381.0
64.0,-18.0,-28.0,26.0
-66.0,-16.0,-28.0,503.0
-64.0,-16.0,-28.0,503.0
-62.0,-16.0,-28.0,503.0
-60.0,-16.0,-28.0,503.0
-58.0,-16.0,-28.0,503.0
-56.0,-16.0,-28.0,503.0
-54.0,-16.0,-28.0,503.0
-52.0,-16.0,-28.0,503.0
-50.0,-16.0,-28.0,503.0
-48.0,-16.0,-28.0,503.0
-46.0,-16.0,-28.0,558.0
-44.0,-16.0,-28.0,558.0
-42.0,-16.0,-28.0,558.0
-40.0,-16.0,-28.0,558.0
-38.0,-16.0,-28.0,506.0
-36.0,-16.0,-28.0,506.0
-34.0,-16.0,-28.0,506.0
-32.0,-16.0,-28.0,506.0
-30.0,-16.0,-28.0,506.0
-28.0,-16.0,-28.0,506.0
-26.0,-16.0,-28.0,506.0
-24.0,-16.0,-28.0,506.0
-22.0,-16.0,-28.0,506.0
-20.0,-16.0,-28.0,506.0
18.0,-16.0,-28.0,394.0
20.0,-16.0,-28.0,394.0
22.0,-16.0,-28.0,394.0
24.0,-16.0,-28.0,394.0
26.0,-16.0,-28.0,394.0
28.0,-16.0,-28.0,96.0
30.0,-16.0,-28.0,96.0
32.0,-16.0,-28.0,96.0
34.0,-16.0,-28.0,250.0
36.0,-16.0,-28.0,187.0
38.0,-16.0,-28.0,296.0
40.0,-16.0,-28.0,296.0
42.0,-16.0,-28.0,296.0
44.0,-16.0,-28.0,296.0
46.0,-16.0,-28.0,296.0
48.0,-16.0,-28.0,214.0
50.0,-16.0,-28.0,214.0
52.0,-16.0,-28.0,214.0
54.0,-16.0,-28.0,214.0
56.0,-16.0,-28.0,214.0
58.0,-16.0,-28.0,381.0
60.0,-16.0,-28.0,381.0
62.0,-16.0,-28.0,381.0
64.0,-16.0,-28.0,381.0
-66.0,-14.0,-28.0,503.0
-64.0,-14.0,-28.0,503.0
-62.0,-14.0,-28.0,503.0
-60.0,-14.0,-28.0,503.0
-58.0,-14.0,-28.0,503.0
-56.0,-14.0,-28.0,503.0
-54.0,-14.0,-28.0,503.0
-52.0,-14.0,-28.0,503.0
-50.0,-14.0,-28.0,503.0
-48.0,-14.0,-28.0,503.0
-46.0,-14.0,-28.0,558.0
-44.0,-14.0,-28.0,558.0
-42.0,-14.0,-28.0,558.0
-40.0,-14.0,-28.0,506.0
-38.0,-14.0,-28.0,506.0
-36.0,-14.0,-28.0,506.0
-34.0,-14.0,-28.0,506.0
-32.0,-14.0,-28.0,506.0
-30.0,-14.0,-28.0,506.0
-28.0,-14.0,-28.0,506.0
-26.0,-14.0,-28.0,506.0
-24.0,-14.0,-28.0,506.0
-22.0,-14.0,-28.0,506.0
-20.0,-14.0,-28.0,84.0
18.0,-14.0,-28.0,394.0
20.0,-14.0,-28.0,394.0
22.0,-14.0,-28.0,394.0
24.0,-14.0,-28.0,394.0
26.0,-14.0,-28.0,394.0
28.0,-14.0,-28.0,96.0
30.0,-14.0,-28.0,96.0
32.0,-14.0,-28.0,96.0
34.0,-14.0,-28.0,250.0
36.0,-14.0,-28.0,250.0
38.0,-14.0,-28.0,296.0
40.0,-14.0,-28.0,296.0
42.0,-14.0,-28.0,296.0
44.0,-14.0,-28.0,296.0
46.0,-14.0,-28.0,372.0
48.0,-14.0,-28.0,214.0
50.0,-14.0,-28.0,214.0
52.0,-14.0,-28.0,214.0
54.0,-14.0,-28.0,214.0
56.0,-14.0,-28.0,214.0
58.0,-14.0,-28.0,381.0
60.0,-14.0,-28.0,381.0
62.0,-14.0,-28.0,381.0
64.0,-14.0,-28.0,381.0
-64.0,-12.0,-28.0,503.0
-62.0,-12.0,-28.0,503.0
-60.0,-12.0,-28.0,503.0
-58.0,-12.0,-28.0,503.0
-56.0,-12.0,-28.0,503.0
-54.0,-12.0,-28.0,503.0
-52.0,-12.0,-28.0,503.0
-50.0,-12.0,-28.0,503.0
-48.0,-12.0,-28.0,503.0
-46.0,-12.0,-28.0,558.0
-44.0,-12.0,-28.0,558.0
-42.0,-12.0,-28.0,506.0
-40.0,-12.0,-28.0,506.0
-38.0,-12.0,-28.0,506.0
-36.0,-12.0,-28.0,506.0
-34.0,-12.0,-28.0,506.0
-32.0,-12.0,-28.0,506.0
-30.0,-12.0,-28.0,506.0
-28.0,-12.0,-28.0,506.0
-26.0,-12.0,-28.0,506.0
-24.0,-12.0,-28.0,506.0
-22.0,-12.0,-28.0,84.0
-20.0,-12.0,-28.0,84.0
-18.0,-12.0,-28.0,84.0
18.0,-12.0,-28.0,394.0
20.0,-12.0,-28.0,394.0
22.0,-12.0,-28.0,394.0
24.0,-12.0,-28.0,394.0
26.0,-12.0,-28.0,394.0
28.0,-12.0,-28.0,96.0
30.0,-12.0,-28.0,96.0
32.0,-12.0,-28.0,96.0
34.0,-12.0,-28.0,250.0
36.0,-12.0,-28.0,250.0
38.0,-12.0,-28.0,296.0
40.0,-12.0,-28.0,296.0
42.0,-12.0,-28.0,296.0
44.0,-12.0,-28.0,296.0
46.0,-12.0,-28.0,372.0
48.0,-12.0,-28.0,214.0
52.0,-12.0,-28.0,214.0
54.0,-12.0,-28.0,214.0
56.0,-12.0,-28.0,214.0
58.0,-12.0,-28.0,381.0
60.0,-12.0,-28.0,381.0
62.0,-12.0,-28.0,381.0
64.0,-12.0,-28.0,381.0
-64.0,-10.0,-28.0,503.0
-62.0,-10.0,-28.0,503.0
-60.0,-10.0,-28.0,503.0
-58.0,-10.0,-28.0,503.0
-56.0,-10.0,-28.0,503.0
-54.0,-10.0,-28.0,503.0
-52.0,-10.0,-28.0,503.0
-50.0,-10.0,-28.0,503.0
-48.0,-10.0,-28.0,503.0
-46.0,-10.0,-28.0,558.0
-44.0,-10.0,-28.0,506.0
-42.0,-10.0,-28.0,506.0
-40.0,-10.0,-28.0,506.0
-38.0,-10.0,-28.0,506.0
-36.0,-10.0,-28.0,506.0
-34.0,-10.0,-28.0,506.0
-32.0,-10.0,-28.0,506.0
-30.0,-10.0,-28.0,506.0
-28.0,-10.0,-28.0,506.0
-26.0,-10.0,-28.0,506.0
-24.0,-10.0,-28.0,84.0
-22.0,-10.0,-28.0,84.0
-20.0,-10.0,-28.0,84.0
-18.0,-10.0,-28.0,84.0
16.0,-10.0,-28.0,394.0
18.0,-10.0,-28.0,394.0
20.0,-10.0,-28.0,394.0
22.0,-10.0,-28.0,394.0
24.0,-10.0,-28.0,394.0
26.0,-10.0,-28.0,96.0
28.0,-10.0,-28.0,96.0
30.0,-10.0,-28.0,96.0
32.0,-10.0,-28.0,96.0
34.0,-10.0,-28.0,250.0
36.0,-10.0,-28.0,250.0
38.0,-10.0,-28.0,250.0
40.0,-10.0,-28.0,296.0
42.0,-10.0,-28.0,296.0
44.0,-10.0,-28.0,372.0
46.0,-10.0,-28.0,372.0
48.0,-10.0,-28.0,372.0
50.0,-10.0,-28.0,214.0
52.0,-10.0,-28.0,214.0
54.0,-10.0,-28.0,214.0
56.0,-10.0,-28.0,152.0
58.0,-10.0,-28.0,381.0
60.0,-10.0,-28.0,381.0
62.0,-10.0,-28.0,381.0
-64.0,-8.0,-28.0,163.0
-62.0,-8.0,-28.0,163.0
-60.0,-8.0,-28.0,163.0
-58.0,-8.0,-28.0,163.0
-56.0,-8.0,-28.0,163.0
-54.0,-8.0,-28.0,163.0
-52.0,-8.0,-28.0,163.0
-50.0,-8.0,-28.0,163.0
-48.0,-8.0,-28.0,163.0
-46.0,-8.0,-28.0,220.0
-44.0,-8.0,-28.0,506.0
-42.0,-8.0,-28.0,506.0
-40.0,-8.0,-28.0,506.0
-38.0,-8.0,-28.0,506.0
-36.0,-8.0,-28.0,506.0
-34.0,-8.0,-28.0,506.0
-32.0,-8.0,-28.0,506.0
-30.0,-8.0,-28.0,506.0
-28.0,-8.0,-28.0,506.0
-26.0,-8.0,-28.0,84.0
-24.0,-8.0,-28.0,84.0
-22.0,-8.0,-28.0,84.0
-20.0,-8.0,-28.0,84.0
-18.0,-8.0,-28.0,84.0
-16.0,-8.0,-28.0,268.0
16.0,-8.0,-28.0,483.0
18.0,-8.0,-28.0,394.0
20.0,-8.0,-28.0,394.0
22.0,-8.0,-28.0,394.0
24.0,-8.0,-28.0,394.0
26.0,-8.0,-28.0,96.0
28.0,-8.0,-28.0,96.0
30.0,-8.0,-28.0,96.0
32.0,-8.0,-28.0,96.0
34.0,-8.0,-28.0,250.0
36.0,-8.0,-28.0,250.0
38.0,-8.0,-28.0,250.0
40.0,-8.0,-28.0,296.0
42.0,-8.0,-28.0,372.0
44.0,-8.0,-28.0,372.0
50.0,-8.0,-28.0,214.0
52.0,-8.0,-28.0,152.0
54.0,-8.0,-28.0,152.0
56.0,-8.0,-28.0,152.0
58.0,-8.0,-28.0,152.0
60.0,-8.0,-28.0,381.0
62.0,-8.0,-28.0,381.0
-64.0,-6.0,-28.0,163.0
-62.0,-6.0,-28.0,163.0
-60.0,-6.0,-28.0,163.0
-58.0,-6.0,-28.0,163.0
-56.0,-6.0,-28.0,163.0
-54.0,-6.0,-28.0,163.0
-52.0,-6.0,-28.0,163.0
-50.0,-6.0,-28.0,163.0
-44.0,-6.0,-28.0,220.0
-42.0,-6.0,-28.0,506.0
-40.0,-6.0,-28.0,506.0
-38.0,-6.0,-28.0,506.0
-36.0,-6.0,-28.0,506.0
-34.0,-6.0,-28.0,506.0
-32.0,-6.0,-28.0,506.0
-30.0,-6.0,-28.0,506.0
-28.0,-6.0,-28.0,84.0
-26.0,-6.0,-28.0,84.0
-24.0,-6.0,-28.0,84.0
-22.0,-6.0,-28.0,84.0
-20.0,-6.0,-28.0,84.0
-18.0,-6.0,-28.0,84.0
-16.0,-6.0,-28.0,268.0
16.0,-6.0,-28.0,483.0
18.0,-6.0,-28.0,483.0
20.0,-6.0,-28.0,270.0
22.0,-6.0,-28.0,270.0
24.0,-6.0,-28.0,270.0
26.0,-6.0,-28.0,96.0
28.0,-6.0,-28.0,96.0
30.0,-6.0,-28.0,96.0
32.0,-6.0,-28.0,96.0
34.0,-6.0,-28.0,250.0
38.0,-6.0,-28.0,250.0
40.0,-6.0,-28.0,296.0
50.0,-6.0,-28.0,152.0
52.0,-6.0,-28.0,152.0
54.0,-6.0,-28.0,152.0
56.0,-6.0,-28.0,152.0
58.0,-6.0,-28.0,152.0
60.0,-6.0,-28.0,152.0
62.0,-6.0,-28.0,381.0
-64.0,-4.0,-28.0,397.0
-62.0,-4.0,-28.0,163.0
-60.0,-4.0,-28.0,163.0
-58.0,-4.0,-28.0,163.0
-56.0,-4.0,-28.0,163.0
-54.0,-4.0,-28.0,163.0
-52.0,-4.0,-28.0,163.0
-50.0,-4.0,-28.0,163.0
-48.0,-4.0,-28.0,220.0
-42.0,-4.0,-28.0,220.0
-40.0,-4.0,-28.0,506.0
-38.0,-4.0,-28.0,506.0
-36.0,-4.0,-28.0,506.0
-34.0,-4.0,-28.0,506.0
-32.0,-4.0,-28.0,506.0
-30.0,-4.0,-28.0,84.0
-28.0,-4.0,-28.0,84.0
-26.0,-4.0,-28.0,84.0
-24.0,-4.0,-28.0,84.0
-22.0,-4.0,-28.0,84.0
-20.0,-4.0,-28.0,84.0
-18.0,-4.0,-28.0,84.0
-16.0,-4.0,-28.0,268.0
-14.0,-4.0,-28.0,268.0
14.0,-4.0,-28.0,483.0
16.0,-4.0,-28.0,483.0
18.0,-4.0,-28.0,483.0
20.0,-4.0,-28.0,270.0
22.0,-4.0,-28.0,270.0
24.0,-4.0,-28.0,270.0
26.0,-4.0,-28.0,270.0
28.0,-4.0,-28.0,96.0
30.0,-4.0,-28.0,96.0
32.0,-4.0,-28.0,96.0
50.0,-4.0,-28.0,152.0
52.0,-4.0,-28.0,152.0
54.0,-4.0,-28.0,152.0
56.0,-4.0,-28.0,152.0
58.0,-4.0,-28.0,152.0
60.0,-4.0,-28.0,152.0
62.0,-4.0,-28.0,152.0
-62.0,-2.0,-28.0,397.0
-60.0,-2.0,-28.0,163.0
-58.0,-2.0,-28.0,163.0
-56.0,-2.0,-28.0,163.0
-54.0,-2.0,-28.0,163.0
-52.0,-2.0,-28.0,163.0
-50.0,-2.0,-28.0,163.0
-48.0,-2.0,-28.0,220.0
-46.0,-2.0,-28.0,220.0
-38.0,-2.0,-28.0,506.0
-34.0,-2.0,-28.0,506.0
-32.0,-2.0,-28.0,84.0
-30.0,-2.0,-28.0,84.0
-28.0,-2.0,-28.0,84.0
-26.0,-2.0,-28.0,84.0
-24.0,-2.0,-28.0,84.0
-22.0,-2.0,-28.0,84.0
-20.0,-2.0,-28.0,84.0
-18.0,-2.0,-28.0,84.0
-16.0,-2.0,-28.0,268.0
-14.0,-2.0,-28.0,268.0
14.0,-2.0,-28.0,483.0
16.0,-2.0,-28.0,483.0
18.0,-2.0,-28.0,483.0
20.0,-2.0,-28.0,483.0
22.0,-2.0,-28.0,270.0
24.0,-2.0,-28.0,270.0
26.0,-2.0,-28.0,270.0
28.0,-2.0,-28.0,590.0
30.0,-2.0,-28.0,96.0
32.0,-2.0,-28.0,96.0
48.0,-2.0,-28.0,372.0
50.0,-2.0,-28.0,152.0
52.0,-2.0,-28.0,152.0
54.0,-2.0,-28.0,152.0
56.0,-2.0,-28.0,152.0
58.0,-2.0,-28.0,152.0
60.0,-2.0,-28.0,152.0
62.0,-2.0,-28.0,152.0
-62.0,-0.0,-28.0,397.0
-60.0,-0.0,-28.0,397.0
-58.0,-0.0,-28.0,163.0
-56.0,-0.0,-28.0,163.0
-54.0,-0.0,-28.0,163.0
-52.0,-0.0,-28.0,163.0
-50.0,-0.0,-28.0,163.0
-48.0,-0.0,-28.0,220.0
-46.0,-0.0,-28.0,220.0
-34.0,-0.0,-28.0,84.0
-32.0,-0.0,-28.0,84.0
-30.0,-0.0,-28.0,84.0
-28.0,-0.0,-28.0,84.0
-26.0,-0.0,-28.0,84.0
-24.0,-0.0,-28.0,84.0
-22.0,-0.0,-28.0,84.0
-20.0,-0.0,-28.0,84.0
-18.0,-0.0,-28.0,84.0
-16.0,-0.0,-28.0,268.0
-14.0,-0.0,-28.0,268.0
16.0,-0.0,-28.0,483.0
18.0,-0.0,-28.0,483.0
20.0,-0.0,-28.0,483.0
22.0,-0.0,-28.0,590.0
24.0,-0.0,-28.0,590.0
26.0,-0.0,-28.0,590.0
28.0,-0.0,-28.0,590.0
30.0,-0.0,-28.0,590.0
32.0,-0.0,-28.0,590.0
46.0,-0.0,-28.0,372.0
48.0,-0.0,-28.0,207.0
50.0,-0.0,-28.0,152.0
52.0,-0.0,-28.0,152.0
54.0,-0.0,-28.0,152.0
56.0,-0.0,-28.0,152.0
58.0,-0.0,-28.0,152.0
60.0,-0.0,-28.0,152.0
-62.0,2.0,-28.0,397.0
-60.0,2.0,-28.0,397.0
-58.0,2.0,-28.0,426.0
-56.0,2.0,-28.0,426.0
-54.0,2.0,-28.0,426.0
-52.0,2.0,-28.0,426.0
-50.0,2.0,-28.0,426.0
-48.0,2.0,-28.0,514.0
-46.0,2.0,-28.0,514.0
-34.0,2.0,-28.0,84.0
-32.0,2.0,-28.0,84.0
-30.0,2.0,-28.0,84.0
-28.0,2.0,-28.0,84.0
-26.0,2.0,-28.0,84.0
-24.0,2.0,-28.0,84.0
-22.0,2.0,-28.0,84.0
-20.0,2.0,-28.0,84.0
-18.0,2.0,-28.0,364.0
-16.0,2.0,-28.0,364.0
16.0,2.0,-28.0,483.0
18.0,2.0,-28.0,483.0
20.0,2.0,-28.0,483.0
22.0,2.0,-28.0,590.0
24.0,2.0,-28.0,590.0
26.0,2.0,-28.0,590.0
28.0,2.0,-28.0,590.0
30.0,2.0,-28.0,590.0
32.0,2.0,-28.0,590.0
46.0,2.0,-28.0,207.0
48.0,2.0,-28.0,207.0
50.0,2.0,-28.0,207.0
52.0,2.0,-28.0,207.0
54.0,2.0,-28.0,207.0
56.0,2.0,-28.0,207.0
58.0,2.0,-28.0,152.0
60.0,2.0,-28.0,152.0
-60.0,4.0,-28.0,426.0
-58.0,4.0,-28.0,426.0
-56.0,4.0,-28.0,426.0
-54.0,4.0,-28.0,426.0
-52.0,4.0,-28.0,426.0
-50.0,4.0,-28.0,426.0
-48.0,4.0,-28.0,514.0
-46.0,4.0,-28.0,514.0
-34.0,4.0,-28.0,174.0
-32.0,4.0,-28.0,174.0
-30.0,4.0,-28.0,84.0
-28.0,4.0,-28.0,84.0
-26.0,4.0,-28.0,84.0
-24.0,4.0,-28.0,84.0
-22.0,4.0,-28.0,364.0
-20.0,4.0,-28.0,364.0
-18.0,4.0,-28.0,364.0
-16.0,4.0,-28.0,364.0
16.0,4.0,-28.0,483.0
18.0,4.0,-28.0,483.0
20.0,4.0,-28.0,590.0
22.0,4.0,-28.0,590.0
24.0,4.0,-28.0,590.0
26.0,4.0,-28.0,590.0
28.0,4.0,-28.0,590.0
30.0,4.0,-28.0,590.0
32.0,4.0,-28.0,114.0
34.0,4.0,-28.0,114.0
46.0,4.0,-28.0,207.0
48.0,4.0,-28.0,207.0
50.0,4.0,-28.0,207.0
52.0,4.0,-28.0,207.0
54.0,4.0,-28.0,207.0
56.0,4.0,-28.0,207.0
58.0,4.0,-28.0,207.0
60.0,4.0,-28.0,207.0
-60.0,6.0,-28.0,426.0
-58.0,6.0,-28.0,426.0
-56.0,6.0,-28.0,426.0
-54.0,6.0,-28.0,426.0
-52.0,6.0,-28.0,426.0
-50.0,6.0,-28.0,426.0
-48.0,6.0,-28.0,514.0
-46.0,6.0,-28.0,514.0
-44.0,6.0,-28.0,514.0
-34.0,6.0,-28.0,174.0
-32.0,6.0,-28.0,174.0
-30.0,6.0,-28.0,554.0
-28.0,6.0,-28.0,554.0
-26.0,6.0,-28.0,554.0
-24.0,6.0,-28.0,554.0
-22.0,6.0,-28.0,364.0
-20.0,6.0,-28.0,364.0
-18.0,6.0,-28.0,364.0
-16.0,6.0,-28.0,364.0
18.0,6.0,-28.0,143.0
20.0,6.0,-28.0,143.0
22.0,6.0,-28.0,590.0
24.0,6.0,-28.0,590.0
26.0,6.0,-28.0,590.0
28.0,6.0,-28.0,590.0
30.0,6.0,-28.0,590.0
32.0,6.0,-28.0,114.0
34.0,6.0,-28.0,114.0
36.0,6.0,-28.0,114.0
38.0,6.0,-28.0,369.0
46.0,6.0,-28.0,207.0
48.0,6.0,-28.0,207.0
50.0,6.0,-28.0,207.0
52.0,6.0,-28.0,207.0
54.0,6.0,-28.0,207.0
56.0,6.0,-28.0,207.0
58.0,6.0,-28.0,207.0
-60.0,8.0,-28.0,426.0
-58.0,8.0,-28.0,426.0
-56.0,8.0,-28.0,426.0
-54.0,8.0,-28.0,426.0
-52.0,8.0,-28.0,426.0
-50.0,8.0,-28.0,426.0
-48.0,8.0,-28.0,514.0
-46.0,8.0,-28.0,514.0
-44.0,8.0,-28.0,514.0
-42.0,8.0,-28.0,514.0
-40.0,8.0,-28.0,514.0
-38.0,8.0,-28.0,174.0
-36.0,8.0,-28.0,174.0
-34.0,8.0,-28.0,174.0
-32.0,8.0,-28.0,174.0
-30.0,8.0,-28.0,554.0
-28.0,8.0,-28.0,554.0
-26.0,8.0,-28.0,554.0
-24.0,8.0,-28.0,554.0
-22.0,8.0,-28.0,364.0
-20.0,8.0,-28.0,364.0
22.0,8.0,-28.0,143.0
24.0,8.0,-28.0,590.0
26.0,8.0,-28.0,590.0
28.0,8.0,-28.0,590.0
30.0,8.0,-28.0,590.0
32.0,8.0,-28.0,114.0
34.0,8.0,-28.0,114.0
36.0,8.0,-28.0,114.0
38.0,8.0,-28.0,114.0
40.0,8.0,-28.0,369.0
44.0,8.0,-28.0,207.0
46.0,8.0,-28.0,207.0
48.0,8.0,-28.0,207.0
50.0,8.0,-28.0,207.0
52.0,8.0,-28.0,207.0
54.0,8.0,-28.0,207.0
56.0,8.0,-28.0,207.0
58.0,8.0,-28.0,207.0
-58.0,10.0,-28.0,426.0
-56.0,10.0,-28.0,426.0
-54.0,10.0,-28.0,426.0
-52.0,10.0,-28.0,426.0
-50.0,10.0,-28.0,426.0
-48.0,10.0,-28.0,514.0
-46.0,10.0,-28.0,514.0
-44.0,10.0,-28.0,514.0
-42.0,10.0,-28.0,514.0
-40.0,10.0,-28.0,514.0
-38.0,10.0,-28.0,174.0
-36.0,10.0,-28.0,174.0
-34.0,10.0,-28.0,174.0
-32.0,10.0,-28.0,174.0
-30.0,10.0,-28.0,174.0
-28.0,10.0,-28.0,554.0
-26.0,10.0,-28.0,554.0
-24.0,10.0,-28.0,554.0
-22.0,10.0,-28.0,364.0
-20.0,10.0,-28.0,364.0
28.0,10.0,-28.0,590.0
30.0,10.0,-28.0,114.0
32.0,10.0,-28.0,114.0
34.0,10.0,-28.0,114.0
36.0,10.0,-28.0,114.0
38.0,10.0,-28.0,114.0
40.0,10.0,-28.0,429.0
42.0,10.0,-28.0,207.0
44.0,10.0,-28.0,207.0
46.0,10.0,-28.0,207.0
48.0,10.0,-28.0,207.0
50.0,10.0,-28.0,207.0
52.0,10.0,-28.0,207.0
54.0,10.0,-28.0,207.0
56.0,10.0,-28.0,207.0
-56.0,12.0,-28.0,426.0
-54.0,12.0,-28.0,426.0
-52.0,12.0,-28.0,426.0
-50.0,12.0,-28.0,426.0
-48.0,12.0,-28.0,426.0
-46.0,12.0,-28.0,514.0
-44.0,12.0,-28.0,514.0
-42.0,12.0,-28.0,514.0
-40.0,12.0,-28.0,514.0
-38.0,12.0,-28.0,174.0
-36.0,12.0,-28.0,174.0
-34.0,12.0,-28.0,174.0
-32.0,12.0,-28.0,174.0
-30.0,12.0,-28.0,323.0
-28.0,12.0,-28.0,554.0
-26.0,12.0,-28.0,554.0
32.0,12.0,-28.0,114.0
34.0,12.0,-28.0,114.0
36.0,12.0,-28.0,114.0
38.0,12.0,-28.0,429.0
40.0,12.0,-28.0,429.0
42.0,12.0,-28.0,429.0
44.0,12.0,-28.0,207.0
46.0,12.0,-28.0,207.0
48.0,12.0,-28.0,207.0
50.0,12.0,-28.0,207.0
52.0,12.0,-28.0,207.0
54.0,12.0,-28.0,207.0
-56.0,14.0,-28.0,426.0
-54.0,14.0,-28.0,426.0
-52.0,14.0,-28.0,426.0
-50.0,14.0,-28.0,67.0
-48.0,14.0,-28.0,67.0
-46.0,14.0,-28.0,514.0
-44.0,14.0,-28.0,514.0
-42.0,14.0,-28.0,514.0
-40.0,14.0,-28.0,514.0
-38.0,14.0,-28.0,174.0
-36.0,14.0,-28.0,174.0
-34.0,14.0,-28.0,174.0
-32.0,14.0,-28.0,323.0
34.0,14.0,-28.0,114.0
36.0,14.0,-28.0,429.0
38.0,14.0,-28.0,429.0
40.0,14.0,-28.0,429.0
42.0,14.0,-28.0,429.0
44.0,14.0,-28.0,429.0
46.0,14.0,-28.0,207.0
48.0,14.0,-28.0,207.0
50.0,14.0,-28.0,207.0
52.0,14.0,-28.0,207.0
54.0,14.0,-28.0,207.0
-54.0,16.0,-28.0,67.0
-52.0,16.0,-28.0,67.0
-50.0,16.0,-28.0,67.0
-48.0,16.0,-28.0,67.0
-46.0,16.0,-28.0,67.0
-44.0,16.0,-28.0,514.0
-42.0,16.0,-28.0,514.0
-40.0,16.0,-28.0,514.0
-38.0,16.0,-28.0,174.0
-36.0,16.0,-28.0,174.0
-34.0,16.0,-28.0,323.0
36.0,16.0,-28.0,429.0
38.0,16.0,-28.0,429.0
40.0,16.0,-28.0,429.0
42.0,16.0,-28.0,429.0
44.0,16.0,-28.0,429.0
46.0,16.0,-28.0,429.0
48.0,16.0,-28.0,207.0
50.0,16.0,-28.0,207.0
52.0,16.0,-28.0,207.0
-52.0,18.0,-28.0,67.0
-50.0,18.0,-28.0,67.0
-48.0,18.0,-28.0,67.0
-46.0,18.0,-28.0,67.0
-44.0,18.0,-28.0,67.0
-42.0,18.0,-28.0,514.0
-40.0,18.0,-28.0,514.0
-38.0,18.0,-28.0,174.0
-36.0,18.0,-28.0,323.0
36.0,18.0,-28.0,429.0
38.0,18.0,-28.0,429.0
40.0,18.0,-28.0,429.0
42.0,18.0,-28.0,429.0
44.0,18.0,-28.0,429.0
46.0,18.0,-28.0,429.0
48.0,18.0,-28.0,207.0
50.0,18.0,-28.0,207.0
-50.0,20.0,-28.0,67.0
-48.0,20.0,-28.0,67.0
-46.0,20.0,-28.0,67.0
-44.0,20.0,-28.0,67.0
-42.0,20.0,-28.0,514.0
-40.0,20.0,-28.0,318.0
-38.0,20.0,-28.0,318.0
-36.0,20.0,-28.0,323.0
36.0,20.0,-28.0,429.0
38.0,20.0,-28.0,429.0
40.0,20.0,-28.0,429.0
42.0,20.0,-28.0,429.0
44.0,20.0,-28.0,429.0
46.0,20.0,-28.0,429.0
48.0,20.0,-28.0,429.0
50.0,20.0,-28.0,207.0
-50.0,22.0,-28.0,67.0
-48.0,22.0,-28.0,67.0
-46.0,22.0,-28.0,67.0
-44.0,22.0,-28.0,67.0
-42.0,22.0,-28.0,318.0
-40.0,22.0,-28.0,318.0
-38.0,22.0,-28.0,318.0
-36.0,22.0,-28.0,318.0
36.0,22.0,-28.0,429.0
38.0,22.0,-28.0,429.0
40.0,22.0,-28.0,429.0
42.0,22.0,-28.0,429.0
44.0,22.0,-28.0,429.0
46.0,22.0,-28.0,429.0
48.0,22.0,-28.0,429.0
-48.0,24.0,-28.0,67.0
-46.0,24.0,-28.0,67.0
-44.0,24.0,-28.0,67.0
-42.0,24.0,-28.0,318.0
-40.0,24.0,-28.0,318.0
-38.0,24.0,-28.0,318.0
-36.0,24.0,-28.0,318.0
-6.0,24.0,-28.0,175.0
-4.0,24.0,-28.0,175.0
-2.0,24.0,-28.0,175.0
2.0,24.0,-28.0,175.0
4.0,24.0,-28.0,175.0
6.0,24.0,-28.0,175.0
38.0,24.0,-28.0,429.0
40.0,24.0,-28.0,429.0
42.0,24.0,-28.0,429.0
44.0,24.0,-28.0,429.0
46.0,24.0,-28.0,429.0
-44.0,26.0,-28.0,318.0
-42.0,26.0,-28.0,318.0
-40.0,26.0,-28.0,318.0
-38.0,26.0,-28.0,318.0
-36.0,26.0,-28.0,318.0
-8.0,26.0,-28.0,175.0
-6.0,26.0,-28.0,175.0
-4.0,26.0,-28.0,175.0
-2.0,26.0,-28.0,175.0
0.0,26.0,-28.0,175.0
2.0,26.0,-28.0,175.0
4.0,26.0,-28.0,175.0
6.0,26.0,-28.0,175.0
8.0,26.0,-28.0,175.0
38.0,26.0,-28.0,429.0
40.0,26.0,-28.0,429.0
42.0,26.0,-28.0,429.0
-40.0,28.0,-28.0,318.0
-38.0,28.0,-28.0,318.0
-8.0,28.0,-28.0,175.0
-6.0,28.0,-28.0,175.0
-4.0,28.0,-28.0,175.0
-2.0,28.0,-28.0,175.0
0.0,28.0,-28.0,175.0
2.0,28.0,-28.0,175.0
4.0,28.0,-28.0,175.0
6.0,28.0,-28.0,175.0
8.0,28.0,-28.0,175.0
-8.0,30.0,-28.0,175.0
-6.0,30.0,-28.0,175.0
-4.0,30.0,-28.0,175.0
-2.0,30.0,-28.0,175.0
0.0,30.0,-28.0,175.0
2.0,30.0,-28.0,175.0
4.0,30.0,-28.0,175.0
6.0,30.0,-28.0,175.0
8.0,30.0,-28.0,175.0
10.0,30.0,-28.0,252.0
-10.0,32.0,-28.0,484.0
-8.0,32.0,-28.0,484.0
-6.0,32.0,-28.0,175.0
-4.0,32.0,-28.0,175.0
-2.0,32.0,-28.0,175.0
0.0,32.0,-28.0,175.0
2.0,32.0,-28.0,175.0
4.0,32.0,-28.0,175.0
6.0,32.0,-28.0,175.0
8.0,32.0,-28.0,175.0
10.0,32.0,-28.0,252.0
12.0,32.0,-28.0,252.0
-14.0,34.0,-28.0,484.0
-12.0,34.0,-28.0,484.0
-10.0,34.0,-28.0,484.0
-8.0,34.0,-28.0,484.0
-6.0,34.0,-28.0,484.0
-4.0,34.0,-28.0,175.0
-2.0,34.0,-28.0,175.0
0.0,34.0,-28.0,175.0
2.0,34.0,-28.0,175.0
4.0,34.0,-28.0,175.0
6.0,34.0,-28.0,175.0
8.0,34.0,-28.0,252.0
10.0,34.0,-28.0,252.0
12.0,34.0,-28.0,252.0
14.0,34.0,-28.0,252.0
-14.0,36.0,-28.0,298.0
-12.0,36.0,-28.0,298.0
-10.0,36.0,-28.0,298.0
-8.0,36.0,-28.0,298.0
-6.0,36.0,-28.0,298.0
-4.0,36.0,-28.0,502.0
-2.0,36.0,-28.0,502.0
0.0,36.0,-28.0,502.0
2.0,36.0,-28.0,175.0
4.0,36.0,-28.0,175.0
6.0,36.0,-28.0,252.0
8.0,36.0,-28.0,252.0
10.0,36.0,-28.0,252.0
12.0,36.0,-28.0,252.0
14.0,36.0,-28.0,252.0
-14.0,38.0,-28.0,298.0
-12.0,38.0,-28.0,298.0
-10.0,38.0,-28.0,298.0
-8.0,38.0,-28.0,298.0
-6.0,38.0,-28.0,502.0
-4.0,38.0,-28.0,502.0
-2.0,38.0,-28.0,502.0
0.0,38.0,-28.0,502.0
2.0,38.0,-28.0,502.0
4.0,38.0,-28.0,502.0
6.0,38.0,-28.0,252.0
8.0,38.0,-28.0,252.0
10.0,38.0,-28.0,252.0
12.0,38.0,-28.0,252.0
14.0,38.0,-28.0,252.0
-12.0,40.0,-28.0,298.0
-10.0,40.0,-28.0,298.0
-8.0,40.0,-28.0,502.0
-6.0,40.0,-28.0,502.0
-4.0,40.0,-28.0,502.0
-2.0,40.0,-28.0,502.0
0.0,40.0,-28.0,502.0
2.0,40.0,-28.0,502.0
4.0,40.0,-28.0,502.0
6.0,40.0,-28.0,502.0
8.0,40.0,-28.0,252.0
10.0,40.0,-28.0,252.0
12.0,40.0,-28.0,252.0
-12.0,42.0,-28.0,588.0
-10.0,42.0,-28.0,588.0
-8.0,42.0,-28.0,502.0
-6.0,42.0,-28.0,502.0
-4.0,42.0,-28.0,502.0
-2.0,42.0,-28.0,502.0
0.0,42.0,-28.0,502.0
2.0,42.0,-28.0,502.0
4.0,42.0,-28.0,502.0
6.0,42.0,-28.0,502.0
8.0,42.0,-28.0,252.0
10.0,42.0,-28.0,252.0
-8.0,44.0,-28.0,502.0
-6.0,44.0,-28.0,502.0
-4.0,44.0,-28.0,502.0
-2.0,44.0,-28.0,502.0
0.0,44.0,-28.0,502.0
2.0,44.0,-28.0,502.0
4.0,44.0,-28.0,502.0
6.0,44.0,-28.0,502.0
8.0,44.0,-28.0,334.0
10.0,44.0,-28.0,334.0
-8.0,46.0,-28.0,502.0
-6.0,46.0,-28.0,502.0
-4.0,46.0,-28.0,502.0
-2.0,46.0,-28.0,502.0
0.0,46.0,-28.0,502.0
2.0,46.0,-28.0,502.0
4.0,46.0,-28.0,502.0
6.0,46.0,-28.0,334.0
8.0,46.0,-28.0,334.0
-8.0,48.0,-28.0,588.0
-6.0,48.0,-28.0,502.0
-4.0,48.0,-28.0,502.0
-2.0,48.0,-28.0,502.0
0.0,48.0,-28.0,502.0
2.0,48.0,-28.0,502.0
4.0,48.0,-28.0,334.0
6.0,48.0,-28.0,334.0
8.0,48.0,-28.0,334.0
-8.0,50.0,-28.0,588.0
-6.0,50.0,-28.0,502.0
-4.0,50.0,-28.0,502.0
-2.0,50.0,-28.0,502.0
2.0,50.0,-28.0,334.0
4.0,50.0,-28.0,334.0
6.0,50.0,-28.0,334.0
8.0,50.0,-28.0,334.0
-8.0,52.0,-28.0,588.0
-6.0,52.0,-28.0,588.0
-4.0,52.0,-28.0,502.0
4.0,52.0,-28.0,334.0
6.0,52.0,-28.0,334.0
-8.0,54.0,-28.0,588.0
-6.0,54.0,-28.0,588.0
-4.0,54.0,-28.0,502.0
4.0,54.0,-28.0,334.0
6.0,54.0,-28.0,334.0
-8.0,56.0,-28.0,509.0
-6.0,56.0,-28.0,509.0
-54.0,-58.0,-26.0,566.0
-56.0,-56.0,-26.0,566.0
-54.0,-56.0,-26.0,566.0
-52.0,-56.0,-26.0,566.0
44.0,-56.0,-26.0,316.0
46.0,-56.0,-26.0,316.0
48.0,-56.0,-26.0,316.0
50.0,-56.0,-26.0,316.0
52.0,-56.0,-26.0,350.0
-58.0,-54.0,-26.0,566.0
-56.0,-54.0,-26.0,566.0
-54.0,-54.0,-26.0,566.0
-52.0,-54.0,-26.0,566.0
-46.0,-54.0,-26.0,566.0
44.0,-54.0,-26.0,316.0
46.0,-54.0,-26.0,316.0
48.0,-54.0,-26.0,316.0
50.0,-54.0,-26.0,316.0
52.0,-54.0,-26.0,336.0
54.0,-54.0,-26.0,336.0
-58.0,-52.0,-26.0,566.0
-56.0,-52.0,-26.0,566.0
-54.0,-52.0,-26.0,566.0
-52.0,-52.0,-26.0,566.0
-50.0,-52.0,-26.0,566.0
-48.0,-52.0,-26.0,566.0
-46.0,-52.0,-26.0,566.0
-44.0,-52.0,-26.0,566.0
42.0,-52.0,-26.0,316.0
44.0,-52.0,-26.0,316.0
46.0,-52.0,-26.0,316.0
48.0,-52.0,-26.0,336.0
50.0,-52.0,-26.0,336.0
52.0,-52.0,-26.0,336.0
54.0,-52.0,-26.0,336.0
56.0,-52.0,-26.0,336.0
58.0,-52.0,-26.0,11.0
-60.0,-50.0,-26.0,138.0
-58.0,-50.0,-26.0,138.0
-56.0,-50.0,-26.0,566.0
-54.0,-50.0,-26.0,566.0
-52.0,-50.0,-26.0,566.0
-50.0,-50.0,-26.0,566.0
-48.0,-50.0,-26.0,566.0
-46.0,-50.0,-26.0,566.0
-44.0,-50.0,-26.0,566.0
-42.0,-50.0,-26.0,566.0
42.0,-50.0,-26.0,316.0
44.0,-50.0,-26.0,316.0
46.0,-50.0,-26.0,336.0
48.0,-50.0,-26.0,336.0
50.0,-50.0,-26.0,336.0
52.0,-50.0,-26.0,336.0
54.0,-50.0,-26.0,336.0
56.0,-50.0,-26.0,336.0
58.0,-50.0,-26.0,336.0
-60.0,-48.0,-26.0,138.0
-58.0,-48.0,-26.0,138.0
-56.0,-48.0,-26.0,138.0
-54.0,-48.0,-26.0,566.0
-52.0,-48.0,-26.0,566.0
-50.0,-48.0,-26.0,566.0
-48.0,-48.0,-26.0,566.0
-46.0,-48.0,-26.0,566.0
-44.0,-48.0,-26.0,566.0
-42.0,-48.0,-26.0,566.0
40.0,-48.0,-26.0,316.0
42.0,-48.0,-26.0,336.0
44.0,-48.0,-26.0,336.0
46.0,-48.0,-26.0,336.0
48.0,-48.0,-26.0,336.0
50.0,-48.0,-26.0,336.0
52.0,-48.0,-26.0,336.0
54.0,-48.0,-26.0,336.0
56.0,-48.0,-26.0,336.0
58.0,-48.0,-26.0,336.0
-60.0,-46.0,-26.0,138.0
-58.0,-46.0,-26.0,138.0
-56.0,-46.0,-26.0,138.0
-54.0,-46.0,-26.0,138.0
-52.0,-46.0,-26.0,566.0
-50.0,-46.0,-26.0,566.0
-48.0,-46.0,-26.0,566.0
-46.0,-46.0,-26.0,566.0
-44.0,-46.0,-26.0,566.0
-42.0,-46.0,-26.0,566.0
-40.0,-46.0,-26.0,566.0
40.0,-46.0,-26.0,336.0
42.0,-46.0,-26.0,336.0
44.0,-46.0,-26.0,336.0
46.0,-46.0,-26.0,336.0
48.0,-46.0,-26.0,336.0
50.0,-46.0,-26.0,336.0
52.0,-46.0,-26.0,336.0
54.0,-46.0,-26.0,336.0
56.0,-46.0,-26.0,336.0
58.0,-46.0,-26.0,336.0
-60.0,-44.0,-26.0,138.0
-58.0,-44.0,-26.0,138.0
-56.0,-44.0,-26.0,138.0
-54.0,-44.0,-26.0,138.0
-52.0,-44.0,-26.0,138.0
-50.0,-44.0,-26.0,566.0
-48.0,-44.0,-26.0,566.0
-46.0,-44.0,-26.0,566.0
-44.0,-44.0,-26.0,566.0
-42.0,-44.0,-26.0,566.0
-40.0,-44.0,-26.0,480.0
-38.0,-44.0,-26.0,480.0
38.0,-44.0,-26.0,336.0
40.0,-44.0,-26.0,336.0
42.0,-44.0,-26.0,336.0
44.0,-44.0,-26.0,336.0
46.0,-44.0,-26.0,336.0
48.0,-44.0,-26.0,336.0
50.0,-44.0,-26.0,336.0
52.0,-44.0,-26.0,336.0
54.0,-44.0,-26.0,336.0
56.0,-44.0,-26.0,336.0
58.0,-44.0,-26.0,269.0
60.0,-44.0,-26.0,269.0
-60.0,-42.0,-26.0,138.0
-58.0,-42.0,-26.0,138.0
-56.0,-42.0,-26.0,138.0
-54.0,-42.0,-26.0,138.0
-52.0,-42.0,-26.0,138.0
-50.0,-42.0,-26.0,138.0
-48.0,-42.0,-26.0,566.0
-46.0,-42.0,-26.0,566.0
-44.0,-42.0,-26.0,480.0
-42.0,-42.0,-26.0,480.0
-40.0,-42.0,-26.0,480.0
-38.0,-42.0,-26.0,480.0
36.0,-42.0,-26.0,332.0
38.0,-42.0,-26.0,332.0
40.0,-42.0,-26.0,336.0
42.0,-42.0,-26.0,336.0
44.0,-42.0,-26.0,336.0
46.0,-42.0,-26.0,336.0
48.0,-42.0,-26.0,336.0
50.0,-42.0,-26.0,336.0
52.0,-42.0,-26.0,269.0
54.0,-42.0,-26.0,269.0
56.0,-42.0,-26.0,269.0
58.0,-42.0,-26.0,269.0
60.0,-42.0,-26.0,269.0
-62.0,-40.0,-26.0,169.0
-60.0,-40.0,-26.0,169.0
-58.0,-40.0,-26.0,138.0
-56.0,-40.0,-26.0,138.0
-54.0,-40.0,-26.0,138.0
-52.0,-40.0,-26.0,138.0
-50.0,-40.0,-26.0,138.0
-48.0,-40.0,-26.0,138.0
-46.0,-40.0,-26.0,480.0
-44.0,-40.0,-26.0,480.0
-42.0,-40.0,-26.0,480.0
-40.0,-40.0,-26.0,480.0
-38.0,-40.0,-26.0,480.0
-36.0,-40.0,-26.0,480.0
32.0,-40.0,-26.0,332.0
34.0,-40.0,-26.0,332.0
36.0,-40.0,-26.0,332.0
38.0,-40.0,-26.0,332.0
40.0,-40.0,-26.0,332.0
42.0,-40.0,-26.0,336.0
44.0,-40.0,-26.0,336.0
46.0,-40.0,-26.0,269.0
48.0,-40.0,-26.0,269.0
50.0,-40.0,-26.0,269.0
52.0,-40.0,-26.0,269.0
54.0,-40.0,-26.0,269.0
56.0,-40.0,-26.0,269.0
58.0,-40.0,-26.0,269.0
60.0,-40.0,-26.0,269.0
-62.0,-38.0,-26.0,169.0
-60.0,-38.0,-26.0,169.0
-58.0,-38.0,-26.0,169.0
-56.0,-38.0,-26.0,169.0
-54.0,-38.0,-26.0,169.0
-52.0,-38.0,-26.0,169.0
-50.0,-38.0,-26.0,138.0
-48.0,-38.0,-26.0,480.0
-46.0,-38.0,-26.0,480.0
-44.0,-38.0,-26.0,480.0
-42.0,-38.0,-26.0,480.0
-40.0,-38.0,-26.0,480.0
-38.0,-38.0,-26.0,480.0
-36.0,-38.0,-26.0,480.0
-34.0,-38.0,-26.0,480.0
30.0,-38.0,-26.0,332.0
32.0,-38.0,-26.0,332.0
34.0,-38.0,-26.0,332.0
36.0,-38.0,-26.0,332.0
38.0,-38.0,-26.0,332.0
40.0,-38.0,-26.0,332.0
42.0,-38.0,-26.0,332.0
44.0,-38.0,-26.0,269.0
46.0,-38.0,-26.0,269.0
48.0,-38.0,-26.0,269.0
50.0,-38.0,-26.0,269.0
52.0,-38.0,-26.0,269.0
54.0,-38.0,-26.0,269.0
56.0,-38.0,-26.0,269.0
58.0,-38.0,-26.0,269.0
60.0,-38.0,-26.0,269.0
62.0,-38.0,-26.0,474.0
-62.0,-36.0,-26.0,169.0
-60.0,-36.0,-26.0,169.0
-58.0,-36.0,-26.0,169.0
-56.0,-36.0,-26.0,169.0
-54.0,-36.0,-26.0,169.0
-52.0,-36.0,-26.0,169.0
-50.0,-36.0,-26.0,480.0
-48.0,-36.0,-26.0,480.0
-46.0,-36.0,-26.0,480.0
-44.0,-36.0,-26.0,480.0
-42.0,-36.0,-26.0,480.0
-40.0,-36.0,-26.0,480.0
-38.0,-36.0,-26.0,480.0
-36.0,-36.0,-26.0,480.0
-34.0,-36.0,-26.0,480.0
-32.0,-36.0,-26.0,480.0
30.0,-36.0,-26.0,332.0
32.0,-36.0,-26.0,332.0
34.0,-36.0,-26.0,332.0
36.0,-36.0,-26.0,332.0
38.0,-36.0,-26.0,332.0
40.0,-36.0,-26.0,332.0
42.0,-36.0,-26.0,332.0
44.0,-36.0,-26.0,269.0
46.0,-36.0,-26.0,269.0
48.0,-36.0,-26.0,269.0
50.0,-36.0,-26.0,269.0
52.0,-36.0,-26.0,269.0
54.0,-36.0,-26.0,269.0
56.0,-36.0,-26.0,269.0
58.0,-36.0,-26.0,269.0
60.0,-36.0,-26.0,474.0
62.0,-36.0,-26.0,474.0
-64.0,-34.0,-26.0,169.0
-62.0,-34.0,-26.0,169.0
-60.0,-34.0,-26.0,169.0
-58.0,-34.0,-26.0,169.0
-56.0,-34.0,-26.0,169.0
-54.0,-34.0,-26.0,169.0
-52.0,-34.0,-26.0,169.0
-50.0,-34.0,-26.0,480.0
-48.0,-34.0,-26.0,480.0
-46.0,-34.0,-26.0,480.0
-44.0,-34.0,-26.0,480.0
-42.0,-34.0,-26.0,480.0
-40.0,-34.0,-26.0,480.0
-38.0,-34.0,-26.0,480.0
-36.0,-34.0,-26.0,480.0
-34.0,-34.0,-26.0,480.0
-32.0,-34.0,-26.0,480.0
-30.0,-34.0,-26.0,480.0
28.0,-34.0,-26.0,332.0
30.0,-34.0,-26.0,332.0
32.0,-34.0,-26.0,332.0
34.0,-34.0,-26.0,332.0
36.0,-34.0,-26.0,332.0
38.0,-34.0,-26.0,332.0
40.0,-34.0,-26.0,332.0
42.0,-34.0,-26.0,332.0
44.0,-34.0,-26.0,526.0
46.0,-34.0,-26.0,269.0
48.0,-34.0,-26.0,269.0
50.0,-34.0,-26.0,269.0
52.0,-34.0,-26.0,269.0
54.0,-34.0,-26.0,269.0
56.0,-34.0,-26.0,474.0
58.0,-34.0,-26.0,474.0
60.0,-34.0,-26.0,474.0
62.0,-34.0,-26.0,474.0
64.0,-34.0,-26.0,474.0
-64.0,-32.0,-26.0,169.0
-62.0,-32.0,-26.0,169.0
-60.0,-32.0,-26.0,169.0
-58.0,-32.0,-26.0,169.0
-56.0,-32.0,-26.0,169.0
-54.0,-32.0,-26.0,169.0
-52.0,-32.0,-26.0,169.0
-50.0,-32.0,-26.0,480.0
-48.0,-32.0,-26.0,480.0
-46.0,-32.0,-26.0,480.0
-44.0,-32.0,-26.0,480.0
-42.0,-32.0,-26.0,480.0
-40.0,-32.0,-26.0,480.0
-38.0,-32.0,-26.0,480.0
-36.0,-32.0,-26.0,480.0
-34.0,-32.0,-26.0,480.0
-32.0,-32.0,-26.0,480.0
-30.0,-32.0,-26.0,480.0
-28.0,-32.0,-26.0,480.0
26.0,-32.0,-26.0,332.0
28.0,-32.0,-26.0,332.0
30.0,-32.0,-26.0,332.0
32.0,-32.0,-26.0,332.0
34.0,-32.0,-26.0,332.0
36.0,-32.0,-26.0,332.0
38.0,-32.0,-26.0,332.0
40.0,-32.0,-26.0,332.0
42.0,-32.0,-26.0,526.0
44.0,-32.0,-26.0,526.0
46.0,-32.0,-26.0,526.0
48.0,-32.0,-26.0,269.0
50.0,-32.0,-26.0,269.0
52.0,-32.0,-26.0,474.0
54.0,-32.0,-26.0,474.0
56.0,-32.0,-26.0,474.0
58.0,-32.0,-26.0,474.0
60.0,-32.0,-26.0,474.0
62.0,-32.0,-26.0,474.0
64.0,-32.0,-26.0,26.0
-66.0,-30.0,-26.0,169.0
-64.0,-30.0,-26.0,169.0
-62.0,-30.0,-26.0,169.0
-60.0,-30.0,-26.0,169.0
-58.0,-30.0,-26.0,169.0
-56.0,-30.0,-26.0,169.0
-54.0,-30.0,-26.0,169.0
-52.0,-30.0,-26.0,480.0
-50.0,-30.0,-26.0,480.0
-48.0,-30.0,-26.0,480.0
-46.0,-30.0,-26.0,480.0
-44.0,-30.0,-26.0,480.0
-42.0,-30.0,-26.0,480.0
-40.0,-30.0,-26.0,480.0
-38.0,-30.0,-26.0,480.0
-36.0,-30.0,-26.0,480.0
-34.0,-30.0,-26.0,480.0
-32.0,-30.0,-26.0,480.0
-30.0,-30.0,-26.0,480.0
-28.0,-30.0,-26.0,480.0
-26.0,-30.0,-26.0,492.0
24.0,-30.0,-26.0,332.0
26.0,-30.0,-26.0,332.0
28.0,-30.0,-26.0,332.0
30.0,-30.0,-26.0,332.0
32.0,-30.0,-26.0,332.0
34.0,-30.0,-26.0,332.0
36.0,-30.0,-26.0,332.0
38.0,-30.0,-26.0,332.0
40.0,-30.0,-26.0,332.0
42.0,-30.0,-26.0,526.0
44.0,-30.0,-26.0,526.0
46.0,-30.0,-26.0,526.0
48.0,-30.0,-26.0,269.0
50.0,-30.0,-26.0,474.0
52.0,-30.0,-26.0,474.0
54.0,-30.0,-26.0,474.0
56.0,-30.0,-26.0,474.0
58.0,-30.0,-26.0,474.0
60.0,-30.0,-26.0,474.0
62.0,-30.0,-26.0,474.0
64.0,-30.0,-26.0,26.0
66.0,-30.0,-26.0,26.0
-66.0,-28.0,-26.0,169.0
-64.0,-28.0,-26.0,169.0
-62.0,-28.0,-26.0,169.0
-60.0,-28.0,-26.0,169.0
-58.0,-28.0,-26.0,169.0
-56.0,-28.0,-26.0,169.0
-54.0,-28.0,-26.0,503.0
-52.0,-28.0,-26.0,503.0
-50.0,-28.0,-26.0,480.0
-48.0,-28.0,-26.0,480.0
-46.0,-28.0,-26.0,480.0
-44.0,-28.0,-26.0,480.0
-42.0,-28.0,-26.0,480.0
-40.0,-28.0,-26.0,480.0
-38.0,-28.0,-26.0,480.0
-36.0,-28.0,-26.0,480.0
-34.0,-28.0,-26.0,480.0
-32.0,-28.0,-26.0,480.0
-30.0,-28.0,-26.0,480.0
-28.0,-28.0,-26.0,480.0
-26.0,-28.0,-26.0,492.0
24.0,-28.0,-26.0,332.0
26.0,-28.0,-26.0,332.0
28.0,-28.0,-26.0,332.0
30.0,-28.0,-26.0,332.0
32.0,-28.0,-26.0,332.0
34.0,-28.0,-26.0,332.0
36.0,-28.0,-26.0,332.0
38.0,-28.0,-26.0,332.0
40.0,-28.0,-26.0,332.0
42.0,-28.0,-26.0,526.0
44.0,-28.0,-26.0,526.0
46.0,-28.0,-26.0,526.0
48.0,-28.0,-26.0,474.0
50.0,-28.0,-26.0,474.0
52.0,-28.0,-26.0,474.0
54.0,-28.0,-26.0,474.0
56.0,-28.0,-26.0,474.0
58.0,-28.0,-26.0,474.0
60.0,-28.0,-26.0,474.0
62.0,-28.0,-26.0,26.0
64.0,-28.0,-26.0,26.0
66.0,-28.0,-26.0,26.0
-66.0,-26.0,-26.0,169.0
-64.0,-26.0,-26.0,169.0
-62.0,-26.0,-26.0,503.0
-60.0,-26.0,-26.0,503.0
-58.0,-26.0,-26.0,503.0
-56.0,-26.0,-26.0,503.0
-54.0,-26.0,-26.0,503.0
-52.0,-26.0,-26.0,503.0
-50.0,-26.0,-26.0,503.0
-48.0,-26.0,-26.0,480.0
-46.0,-26.0,-26.0,480.0
-44.0,-26.0,-26.0,480.0
-42.0,-26.0,-26.0,480.0
-40.0,-26.0,-26.0,480.0
-38.0,-26.0,-26.0,480.0
-36.0,-26.0,-26.0,480.0
-34.0,-26.0,-26.0,480.0
-32.0,-26.0,-26.0,480.0
-30.0,-26.0,-26.0,480.0
-28.0,-26.0,-26.0,480.0
-26.0,-26.0,-26.0,490.0
-24.0,-26.0,-26.0,492.0
22.0,-26.0,-26.0,394.0
24.0,-26.0,-26.0,394.0
26.0,-26.0,-26.0,332.0
28.0,-26.0,-26.0,332.0
30.0,-26.0,-26.0,68.0
32.0,-26.0,-26.0,68.0
34.0,-26.0,-26.0,68.0
36.0,-26.0,-26.0,68.0
38.0,-26.0,-26.0,68.0
40.0,-26.0,-26.0,68.0
42.0,-26.0,-26.0,68.0
44.0,-26.0,-26.0,68.0
46.0,-26.0,-26.0,526.0
48.0,-26.0,-26.0,474.0
50.0,-26.0,-26.0,474.0
52.0,-26.0,-26.0,474.0
54.0,-26.0,-26.0,474.0
56.0,-26.0,-26.0,474.0
58.0,-26.0,-26.0,474.0
60.0,-26.0,-26.0,474.0
62.0,-26.0,-26.0,26.0
64.0,-26.0,-26.0,26.0
66.0,-26.0,-26.0,26.0
-66.0,-24.0,-26.0,417.0
-64.0,-24.0,-26.0,503.0
-62.0,-24.0,-26.0,503.0
-60.0,-24.0,-26.0,503.0
-58.0,-24.0,-26.0,503.0
-56.0,-24.0,-26.0,503.0
-54.0,-24.0,-26.0,503.0
-52.0,-24.0,-26.0,503.0
-50.0,-24.0,-26.0,503.0
-48.0,-24.0,-26.0,558.0
-46.0,-24.0,-26.0,558.0
-44.0,-24.0,-26.0,558.0
-42.0,-24.0,-26.0,558.0
-40.0,-24.0,-26.0,558.0
-38.0,-24.0,-26.0,558.0
-36.0,-24.0,-26.0,480.0
-34.0,-24.0,-26.0,480.0
-32.0,-24.0,-26.0,480.0
-30.0,-24.0,-26.0,480.0
-28.0,-24.0,-26.0,506.0
-26.0,-24.0,-26.0,506.0
-24.0,-24.0,-26.0,506.0
-22.0,-24.0,-26.0,492.0
20.0,-24.0,-26.0,394.0
22.0,-24.0,-26.0,394.0
24.0,-24.0,-26.0,394.0
26.0,-24.0,-26.0,394.0
28.0,-24.0,-26.0,68.0
30.0,-24.0,-26.0,68.0
32.0,-24.0,-26.0,68.0
34.0,-24.0,-26.0,68.0
36.0,-24.0,-26.0,68.0
38.0,-24.0,-26.0,68.0
40.0,-24.0,-26.0,68.0
42.0,-24.0,-26.0,68.0
44.0,-24.0,-26.0,68.0
46.0,-24.0,-26.0,68.0
48.0,-24.0,-26.0,474.0
50.0,-24.0,-26.0,474.0
52.0,-24.0,-26.0,474.0
54.0,-24.0,-26.0,474.0
56.0,-24.0,-26.0,474.0
58.0,-24.0,-26.0,474.0
60.0,-24.0,-26.0,26.0
62.0,-24.0,-26.0,26.0
64.0,-24.0,-26.0,26.0
66.0,-24.0,-26.0,26.0
-66.0,-22.0,-26.0,503.0
-64.0,-22.0,-26.0,503.0
-62.0,-22.0,-26.0,503.0
-60.0,-22.0,-26.0,503.0
-58.0,-22.0,-26.0,503.0
-56.0,-22.0,-26.0,503.0
-54.0,-22.0,-26.0,503.0
-52.0,-22.0,-26.0,503.0
-50.0,-22.0,-26.0,503.0
-48.0,-22.0,-26.0,558.0
-46.0,-22.0,-26.0,558.0
-44.0,-22.0,-26.0,558.0
-42.0,-22.0,-26.0,558.0
-40.0,-22.0,-26.0,558.0
-38.0,-22.0,-26.0,558.0
-36.0,-22.0,-26.0,558.0
-34.0,-22.0,-26.0,558.0
-32.0,-22.0,-26.0,506.0
-30.0,-22.0,-26.0,506.0
-28.0,-22.0,-26.0,506.0
-26.0,-22.0,-26.0,506.0
-24.0,-22.0,-26.0,506.0
-22.0,-22.0,-26.0,506.0
20.0,-22.0,-26.0,394.0
22.0,-22.0,-26.0,394.0
24.0,-22.0,-26.0,394.0
26.0,-22.0,-26.0,394.0
28.0,-22.0,-26.0,68.0
30.0,-22.0,-26.0,68.0
32.0,-22.0,-26.0,68.0
34.0,-22.0,-26.0,68.0
36.0,-22.0,-26.0,68.0
38.0,-22.0,-26.0,68.0
40.0,-22.0,-26.0,68.0
42.0,-22.0,-26.0,68.0
44.0,-22.0,-26.0,68.0
46.0,-22.0,-26.0,68.0
48.0,-22.0,-26.0,474.0
50.0,-22.0,-26.0,474.0
52.0,-22.0,-26.0,474.0
54.0,-22.0,-26.0,474.0
56.0,-22.0,-26.0,474.0
58.0,-22.0,-26.0,474.0
60.0,-22.0,-26.0,26.0
62.0,-22.0,-26.0,26.0
64.0,-22.0,-26.0,26.0
66.0,-22.0,-26.0,26.0
-66.0,-20.0,-26.0,503.0
-64.0,-20.0,-26.0,503.0
-62.0,-20.0,-26.0,503.0
-60.0,-20.0,-26.0,503.0
-58.0,-20.0,-26.0,503.0
-56.0,-20.0,-26.0,503.0
-54.0,-20.0,-26.0,503.0
-52.0,-20.0,-26.0,503.0
-50.0,-20.0,-26.0,503.0
-48.0,-20.0,-26.0,558.0
-46.0,-20.0,-26.0,558.0
-44.0,-20.0,-26.0,558.0
-42.0,-20.0,-26.0,558.0
-40.0,-20.0,-26.0,558.0
-38.0,-20.0,-26.0,558.0
-36.0,-20.0,-26.0,558.0
-34.0,-20.0,-26.0,506.0
-32.0,-20.0,-26.0,506.0
-30.0,-20.0,-26.0,506.0
-28.0,-20.0,-26.0,506.0
-26.0,-20.0,-26.0,506.0
-24.0,-20.0,-26.0,506.0
-22.0,-20.0,-26.0,506.0
-20.0,-20.0,-26.0,506.0
18.0,-20.0,-26.0,394.0
20.0,-20.0,-26.0,394.0
22.0,-20.0,-26.0,394.0
24.0,-20.0,-26.0,394.0
26.0,-20.0,-26.0,394.0
28.0,-20.0,-26.0,96.0
30.0,-20.0,-26.0,68.0
32.0,-20.0,-26.0,68.0
34.0,-20.0,-26.0,68.0
36.0,-20.0,-26.0,68.0
38.0,-20.0,-26.0,68.0
40.0,-20.0,-26.0,68.0
42.0,-20.0,-26.0,68.0
44.0,-20.0,-26.0,68.0
46.0,-20.0,-26.0,68.0
48.0,-20.0,-26.0,214.0
50.0,-20.0,-26.0,214.0
52.0,-20.0,-26.0,214.0
54.0,-20.0,-26.0,474.0
56.0,-20.0,-26.0,474.0
58.0,-20.0,-26.0,26.0
60.0,-20.0,-26.0,26.0
62.0,-20.0,-26.0,26.0
64.0,-20.0,-26.0,26.0
66.0,-20.0,-26.0,26.0
-66.0,-18.0,-26.0,503.0
-64.0,-18.0,-26.0,503.0
-62.0,-18.0,-26.0,503.0
-60.0,-18.0,-26.0,503.0
-58.0,-18.0,-26.0,503.0
-56.0,-18.0,-26.0,503.0
-54.0,-18.0,-26.0,503.0
-52.0,-18.0,-26.0,503.0
-50.0,-18.0,-26.0,503.0
-48.0,-18.0,-26.0,558.0
-46.0,-18.0,-26.0,558.0
-44.0,-18.0,-26.0,558.0
-42.0,-18.0,-26.0,558.0
-40.0,-18.0,-26.0,558.0
-38.0,-18.0,-26.0,558.0
-36.0,-18.0,-26.0,506.0
-34.0,-18.0,-26.0,506.0
-32.0,-18.0,-26.0,506.0
-30.0,-18.0,-26.0,506.0
-28.0,-18.0,-26.0,506.0
-26.0,-18.0,-26.0,506.0
-24.0,-18.0,-26.0,506.0
-22.0,-18.0,-26.0,506.0
-20.0,-18.0,-26.0,506.0
18.0,-18.0,-26.0,394.0
20.0,-18.0,-26.0,394.0
22.0,-18.0,-26.0,394.0
24.0,-18.0,-26.0,394.0
26.0,-18.0,-26.0,394.0
28.0,-18.0,-26.0,96.0
30.0,-18.0,-26.0,96.0
32.0,-18.0,-26.0,96.0
34.0,-18.0,-26.0,68.0
36.0,-18.0,-26.0,68.0
38.0,-18.0,-26.0,68.0
40.0,-18.0,-26.0,68.0
42.0,-18.0,-26.0,68.0
44.0,-18.0,-26.0,68.0
46.0,-18.0,-26.0,296.0
48.0,-18.0,-26.0,214.0
50.0,-18.0,-26.0,214.0
52.0,-18.0,-26.0,214.0
54.0,-18.0,-26.0,214.0
56.0,-18.0,-26.0,214.0
58.0,-18.0,-26.0,381.0
60.0,-18.0,-26.0,26.0
62.0,-18.0,-26.0,26.0
64.0,-18.0,-26.0,26.0
66.0,-18.0,-26.0,26.0
-66.0,-16.0,-26.0,503.0
-64.0,-16.0,-26.0,503.0
-62.0,-16.0,-26.0,503.0
-60.0,-16.0,-26.0,503.0
-58.0,-16.0,-26.0,503.0
-56.0,-16.0,-26.0,503.0
-54.0,-16.0,-26.0,503.0
-52.0,-16.0,-26.0,503.0
-50.0,-16.0,-26.0,503.0
-48.0,-16.0,-26.0,558.0
-46.0,-16.0,-26.0,558.0
-44.0,-16.0,-26.0,558.0
-42.0,-16.0,-26.0,558.0
-40.0,-16.0,-26.0,558.0
-38.0,-16.0,-26.0,506.0
-36.0,-16.0,-26.0,506.0
-34.0,-16.0,-26.0,506.0
-32.0,-16.0,-26.0,506.0
-30.0,-16.0,-26.0,506.0
-28.0,-16.0,-26.0,506.0
-26.0,-16.0,-26.0,506.0
-24.0,-16.0,-26.0,506.0
-22.0,-16.0,-26.0,506.0
-20.0,-16.0,-26.0,506.0
18.0,-16.0,-26.0,394.0
20.0,-16.0,-26.0,394.0
22.0,-16.0,-26.0,394.0
24.0,-16.0,-26.0,394.0
26.0,-16.0,-26.0,96.0
28.0,-16.0,-26.0,96.0
30.0,-16.0,-26.0,96.0
32.0,-16.0,-26.0,96.0
34.0,-16.0,-26.0,96.0
36.0,-16.0,-26.0,68.0
38.0,-16.0,-26.0,68.0
40.0,-16.0,-26.0,296.0
42.0,-16.0,-26.0,296.0
44.0,-16.0,-26.0,296.0
46.0,-16.0,-26.0,296.0
48.0,-16.0,-26.0,214.0
50.0,-16.0,-26.0,214.0
52.0,-16.0,-26.0,214.0
54.0,-16.0,-26.0,214.0
56.0,-16.0,-26.0,214.0
58.0,-16.0,-26.0,381.0
60.0,-16.0,-26.0,381.0
62.0,-16.0,-26.0,381.0
64.0,-16.0,-26.0,26.0
66.0,-16.0,-26.0,26.0
-66.0,-14.0,-26.0,503.0
-64.0,-14.0,-26.0,503.0
-62.0,-14.0,-26.0,503.0
-60.0,-14.0,-26.0,503.0
-58.0,-14.0,-26.0,503.0
-56.0,-14.0,-26.0,503.0
-54.0,-14.0,-26.0,503.0
-52.0,-14.0,-26.0,503.0
-50.0,-14.0,-26.0,503.0
-48.0,-14.0,-26.0,558.0
-46.0,-14.0,-26.0,558.0
-44.0,-14.0,-26.0,558.0
-42.0,-14.0,-26.0,558.0
-40.0,-14.0,-26.0,506.0
-38.0,-14.0,-26.0,506.0
-36.0,-14.0,-26.0,506.0
-34.0,-14.0,-26.0,506.0
-32.0,-14.0,-26.0,506.0
-30.0,-14.0,-26.0,506.0
-28.0,-14.0,-26.0,506.0
-26.0,-14.0,-26.0,506.0
-24.0,-14.0,-26.0,506.0
-22.0,-14.0,-26.0,506.0
-20.0,-14.0,-26.0,506.0
18.0,-14.0,-26.0,394.0
20.0,-14.0,-26.0,394.0
22.0,-14.0,-26.0,394.0
24.0,-14.0,-26.0,394.0
26.0,-14.0,-26.0,96.0
28.0,-14.0,-26.0,96.0
30.0,-14.0,-26.0,96.0
32.0,-14.0,-26.0,96.0
34.0,-14.0,-26.0,96.0
36.0,-14.0,-26.0,96.0
38.0,-14.0,-26.0,296.0
40.0,-14.0,-26.0,296.0
42.0,-14.0,-26.0,296.0
44.0,-14.0,-26.0,296.0
46.0,-14.0,-26.0,296.0
48.0,-14.0,-26.0,214.0
54.0,-14.0,-26.0,214.0
56.0,-14.0,-26.0,214.0
58.0,-14.0,-26.0,381.0
60.0,-14.0,-26.0,381.0
62.0,-14.0,-26.0,381.0
64.0,-14.0,-26.0,381.0
-66.0,-12.0,-26.0,503.0
-64.0,-12.0,-26.0,503.0
-62.0,-12.0,-26.0,503.0
-60.0,-12.0,-26.0,503.0
-58.0,-12.0,-26.0,503.0
-56.0,-12.0,-26.0,503.0
-54.0,-12.0,-26.0,503.0
-52.0,-12.0,-26.0,503.0
-50.0,-12.0,-26.0,503.0
-48.0,-12.0,-26.0,558.0
-46.0,-12.0,-26.0,558.0
-44.0,-12.0,-26.0,558.0
-42.0,-12.0,-26.0,506.0
-40.0,-12.0,-26.0,506.0
-38.0,-12.0,-26.0,506.0
-36.0,-12.0,-26.0,506.0
-34.0,-12.0,-26.0,506.0
-32.0,-12.0,-26.0,506.0
-30.0,-12.0,-26.0,506.0
-28.0,-12.0,-26.0,506.0
-26.0,-12.0,-26.0,506.0
-24.0,-12.0,-26.0,506.0
-22.0,-12.0,-26.0,506.0
-20.0,-12.0,-26.0,84.0
-18.0,-12.0,-26.0,268.0
16.0,-12.0,-26.0,394.0
18.0,-12.0,-26.0,394.0
20.0,-12.0,-26.0,394.0
22.0,-12.0,-26.0,394.0
24.0,-12.0,-26.0,394.0
26.0,-12.0,-26.0,96.0
28.0,-12.0,-26.0,96.0
30.0,-12.0,-26.0,96.0
32.0,-12.0,-26.0,96.0
34.0,-12.0,-26.0,96.0
36.0,-12.0,-26.0,96.0
38.0,-12.0,-26.0,296.0
40.0,-12.0,-26.0,296.0
42.0,-12.0,-26.0,296.0
44.0,-12.0,-26.0,296.0
46.0,-12.0,-26.0,372.0
52.0,-12.0,-26.0,214.0
54.0,-12.0,-26.0,152.0
56.0,-12.0,-26.0,152.0
58.0,-12.0,-26.0,152.0
60.0,-12.0,-26.0,381.0
62.0,-12.0,-26.0,381.0
64.0,-12.0,-26.0,381.0
-66.0,-10.0,-26.0,503.0
-64.0,-10.0,-26.0,503.0
-62.0,-10.0,-26.0,503.0
-60.0,-10.0,-26.0,503.0
-58.0,-10.0,-26.0,503.0
-56.0,-10.0,-26.0,503.0
-54.0,-10.0,-26.0,503.0
-52.0,-10.0,-26.0,503.0
-50.0,-10.0,-26.0,503.0
-48.0,-10.0,-26.0,558.0
-46.0,-10.0,-26.0,558.0
-44.0,-10.0,-26.0,506.0
-42.0,-10.0,-26.0,506.0
-40.0,-10.0,-26.0,506.0
-38.0,-10.0,-26.0,506.0
-36.0,-10.0,-26.0,506.0
-34.0,-10.0,-26.0,506.0
-32.0,-10.0,-26.0,506.0
-30.0,-10.0,-26.0,506.0
-28.0,-10.0,-26.0,506.0
-26.0,-10.0,-26.0,506.0
-24.0,-10.0,-26.0,506.0
-22.0,-10.0,-26.0,84.0
-20.0,-10.0,-26.0,84.0
-18.0,-10.0,-26.0,268.0
-16.0,-10.0,-26.0,268.0
16.0,-10.0,-26.0,483.0
18.0,-10.0,-26.0,394.0
20.0,-10.0,-26.0,394.0
22.0,-10.0,-26.0,394.0
24.0,-10.0,-26.0,394.0
26.0,-10.0,-26.0,96.0
28.0,-10.0,-26.0,96.0
30.0,-10.0,-26.0,96.0
32.0,-10.0,-26.0,96.0
34.0,-10.0,-26.0,96.0
36.0,-10.0,-26.0,96.0
38.0,-10.0,-26.0,250.0
40.0,-10.0,-26.0,296.0
42.0,-10.0,-26.0,296.0
44.0,-10.0,-26.0,372.0
52.0,-10.0,-26.0,152.0
54.0,-10.0,-26.0,152.0
56.0,-10.0,-26.0,152.0
58.0,-10.0,-26.0,152.0
60.0,-10.0,-26.0,152.0
62.0,-10.0,-26.0,381.0
64.0,-10.0,-26.0,381.0
-66.0,-8.0,-26.0,397.0
-64.0,-8.0,-26.0,397.0
-62.0,-8.0,-26.0,397.0
-60.0,-8.0,-26.0,163.0
-58.0,-8.0,-26.0,163.0
-56.0,-8.0,-26.0,163.0
-54.0,-8.0,-26.0,163.0
-52.0,-8.0,-26.0,163.0
-44.0,-8.0,-26.0,506.0
-42.0,-8.0,-26.0,506.0
-40.0,-8.0,-26.0,506.0
-38.0,-8.0,-26.0,506.0
-36.0,-8.0,-26.0,506.0
-34.0,-8.0,-26.0,506.0
-32.0,-8.0,-26.0,506.0
-30.0,-8.0,-26.0,506.0
-28.0,-8.0,-26.0,506.0
-26.0,-8.0,-26.0,506.0
-24.0,-8.0,-26.0,84.0
-22.0,-8.0,-26.0,84.0
-20.0,-8.0,-26.0,84.0
-18.0,-8.0,-26.0,268.0
-16.0,-8.0,-26.0,268.0
14.0,-8.0,-26.0,483.0
16.0,-8.0,-26.0,483.0
18.0,-8.0,-26.0,483.0
20.0,-8.0,-26.0,394.0
22.0,-8.0,-26.0,394.0
24.0,-8.0,-26.0,394.0
26.0,-8.0,-26.0,96.0
28.0,-8.0,-26.0,96.0
30.0,-8.0,-26.0,96.0
32.0,-8.0,-26.0,96.0
34.0,-8.0,-26.0,96.0
36.0,-8.0,-26.0,96.0
38.0,-8.0,-26.0,250.0
40.0,-8.0,-26.0,296.0
50.0,-8.0,-26.0,152.0
52.0,-8.0,-26.0,152.0
54.0,-8.0,-26.0,152.0
56.0,-8.0,-26.0,152.0
58.0,-8.0,-26.0,152.0
60.0,-8.0,-26.0,152.0
62.0,-8.0,-26.0,152.0
64.0,-8.0,-26.0,381.0
-64.0,-6.0,-26.0,397.0
-62.0,-6.0,-26.0,397.0
-60.0,-6.0,-26.0,397.0
-58.0,-6.0,-26.0,163.0
-56.0,-6.0,-26.0,163.0
-54.0,-6.0,-26.0,163.0
-52.0,-6.0,-26.0,163.0
-50.0,-6.0,-26.0,163.0
-42.0,-6.0,-26.0,506.0
-40.0,-6.0,-26.0,506.0
-38.0,-6.0,-26.0,506.0
-36.0,-6.0,-26.0,506.0
-34.0,-6.0,-26.0,506.0
-32.0,-6.0,-26.0,506.0
-30.0,-6.0,-26.0,506.0
-28.0,-6.0,-26.0,506.0
-26.0,-6.0,-26.0,84.0
-24.0,-6.0,-26.0,84.0
-22.0,-6.0,-26.0,84.0
-20.0,-6.0,-26.0,84.0
-18.0,-6.0,-26.0,268.0
-16.0,-6.0,-26.0,268.0
-14.0,-6.0,-26.0,268.0
14.0,-6.0,-26.0,483.0
16.0,-6.0,-26.0,483.0
18.0,-6.0,-26.0,483.0
20.0,-6.0,-26.0,483.0
22.0,-6.0,-26.0,483.0
24.0,-6.0,-26.0,96.0
26.0,-6.0,-26.0,96.0
28.0,-6.0,-26.0,96.0
30.0,-6.0,-26.0,96.0
32.0,-6.0,-26.0,96.0
34.0,-6.0,-26.0,96.0
50.0,-6.0,-26.0,152.0
52.0,-6.0,-26.0,152.0
54.0,-6.0,-26.0,152.0
56.0,-6.0,-26.0,152.0
58.0,-6.0,-26.0,152.0
60.0,-6.0,-26.0,152.0
62.0,-6.0,-26.0,152.0
64.0,-6.0,-26.0,152.0
-64.0,-4.0,-26.0,397.0
-62.0,-4.0,-26.0,397.0
-60.0,-4.0,-26.0,397.0
-58.0,-4.0,-26.0,397.0
-56.0,-4.0,-26.0,163.0
-54.0,-4.0,-26.0,163.0
-52.0,-4.0,-26.0,163.0
-50.0,-4.0,-26.0,163.0
-48.0,-4.0,-26.0,220.0
-34.0,-4.0,-26.0,506.0
-32.0,-4.0,-26.0,506.0
-30.0,-4.0,-26.0,506.0
-28.0,-4.0,-26.0,84.0
-26.0,-4.0,-26.0,84.0
-24.0,-4.0,-26.0,84.0
-22.0,-4.0,-26.0,84.0
-20.0,-4.0,-26.0,84.0
-18.0,-4.0,-26.0,268.0
-16.0,-4.0,-26.0,268.0
-14.0,-4.0,-26.0,268.0
12.0,-4.0,-26.0,483.0
14.0,-4.0,-26.0,483.0
16.0,-4.0,-26.0,483.0
18.0,-4.0,-26.0,483.0
20.0,-4.0,-26.0,483.0
22.0,-4.0,-26.0,483.0
24.0,-4.0,-26.0,590.0
26.0,-4.0,-26.0,96.0
28.0,-4.0,-26.0,96.0
30.0,-4.0,-26.0,96.0
32.0,-4.0,-26.0,96.0
34.0,-4.0,-26.0,96.0
48.0,-4.0,-26.0,152.0
50.0,-4.0,-26.0,152.0
52.0,-4.0,-26.0,152.0
54.0,-4.0,-26.0,152.0
56.0,-4.0,-26.0,152.0
58.0,-4.0,-26.0,152.0
60.0,-4.0,-26.0,152.0
62.0,-4.0,-26.0,152.0
-64.0,-2.0,-26.0,397.0
-62.0,-2.0,-26.0,397.0
-60.0,-2.0,-26.0,397.0
-58.0,-2.0,-26.0,397.0
-56.0,-2.0,-26.0,397.0
-54.0,-2.0,-26.0,163.0
-52.0,-2.0,-26.0,163.0
-50.0,-2.0,-26.0,163.0
-48.0,-2.0,-26.0,220.0
-34.0,-2.0,-26.0,506.0
-32.0,-2.0,-26.0,506.0
-30.0,-2.0,-26.0,84.0
-28.0,-2.0,-26.0,84.0
-26.0,-2.0,-26.0,84.0
-24.0,-2.0,-26.0,84.0
-22.0,-2.0,-26.0,84.0
-20.0,-2.0,-26.0,84.0
-18.0,-2.0,-26.0,268.0
-16.0,-2.0,-26.0,268.0
-14.0,-2.0,-26.0,268.0
12.0,-2.0,-26.0,483.0
14.0,-2.0,-26.0,483.0
16.0,-2.0,-26.0,483.0
18.0,-2.0,-26.0,483.0
20.0,-2.0,-26.0,483.0
22.0,-2.0,-26.0,483.0
24.0,-2.0,-26.0,590.0
26.0,-2.0,-26.0,590.0
28.0,-2.0,-26.0,590.0
30.0,-2.0,-26.0,590.0
32.0,-2.0,-26.0,96.0
34.0,-2.0,-26.0,96.0
46.0,-2.0,-26.0,372.0
48.0,-2.0,-26.0,152.0
50.0,-2.0,-26.0,152.0
52.0,-2.0,-26.0,152.0
54.0,-2.0,-26.0,152.0
56.0,-2.0,-26.0,152.0
58.0,-2.0,-26.0,152.0
60.0,-2.0,-26.0,152.0
62.0,-2.0,-26.0,152.0
-64.0,-0.0,-26.0,397.0
-62.0,-0.0,-26.0,397.0
-60.0,-0.0,-26.0,397.0
-58.0,-0.0,-26.0,397.0
-56.0,-0.0,-26.0,397.0
-54.0,-0.0,-26.0,426.0
-52.0,-0.0,-26.0,426.0
-50.0,-0.0,-26.0,426.0
-48.0,-0.0,-26.0,514.0
-46.0,-0.0,-26.0,514.0
-34.0,-0.0,-26.0,506.0
-32.0,-0.0,-26.0,84.0
-30.0,-0.0,-26.0,84.0
-28.0,-0.0,-26.0,84.0
-26.0,-0.0,-26.0,84.0
-24.0,-0.0,-26.0,84.0
-22.0,-0.0,-26.0,84.0
-20.0,-0.0,-26.0,84.0
-18.0,-0.0,-26.0,268.0
-16.0,-0.0,-26.0,268.0
-14.0,-0.0,-26.0,268.0
14.0,-0.0,-26.0,483.0
16.0,-0.0,-26.0,483.0
18.0,-0.0,-26.0,483.0
20.0,-0.0,-26.0,483.0
22.0,-0.0,-26.0,590.0
24.0,-0.0,-26.0,590.0
26.0,-0.0,-26.0,590.0
28.0,-0.0,-26.0,590.0
30.0,-0.0,-26.0,590.0
32.0,-0.0,-26.0,590.0
34.0,-0.0,-26.0,590.0
46.0,-0.0,-26.0,207.0
48.0,-0.0,-26.0,152.0
50.0,-0.0,-26.0,152.0
52.0,-0.0,-26.0,152.0
54.0,-0.0,-26.0,152.0
56.0,-0.0,-26.0,152.0
58.0,-0.0,-26.0,152.0
60.0,-0.0,-26.0,152.0
62.0,-0.0,-26.0,152.0
-62.0,2.0,-26.0,397.0
-60.0,2.0,-26.0,397.0
-58.0,2.0,-26.0,397.0
-56.0,2.0,-26.0,426.0
-54.0,2.0,-26.0,426.0
-52.0,2.0,-26.0,426.0
-50.0,2.0,-26.0,426.0
-48.0,2.0,-26.0,514.0
-46.0,2.0,-26.0,514.0
-34.0,2.0,-26.0,174.0
-32.0,2.0,-26.0,84.0
-30.0,2.0,-26.0,84.0
-28.0,2.0,-26.0,84.0
-26.0,2.0,-26.0,84.0
-24.0,2.0,-26.0,84.0
-22.0,2.0,-26.0,84.0
-20.0,2.0,-26.0,84.0
-18.0,2.0,-26.0,268.0
-16.0,2.0,-26.0,268.0
-14.0,2.0,-26.0,268.0
16.0,2.0,-26.0,483.0
18.0,2.0,-26.0,483.0
20.0,2.0,-26.0,483.0
22.0,2.0,-26.0,590.0
24.0,2.0,-26.0,590.0
26.0,2.0,-26.0,590.0
28.0,2.0,-26.0,590.0
30.0,2.0,-26.0,590.0
32.0,2.0,-26.0,590.0
34.0,2.0,-26.0,590.0
46.0,2.0,-26.0,207.0
48.0,2.0,-26.0,207.0
50.0,2.0,-26.0,207.0
52.0,2.0,-26.0,207.0
54.0,2.0,-26.0,207.0
56.0,2.0,-26.0,207.0
58.0,2.0,-26.0,152.0
60.0,2.0,-26.0,152.0
-62.0,4.0,-26.0,397.0
-60.0,4.0,-26.0,426.0
-58.0,4.0,-26.0,426.0
-56.0,4.0,-26.0,426.0
-54.0,4.0,-26.0,426.0
-52.0,4.0,-26.0,426.0
-50.0,4.0,-26.0,426.0
-48.0,4.0,-26.0,514.0
-46.0,4.0,-26.0,514.0
-34.0,4.0,-26.0,174.0
-32.0,4.0,-26.0,174.0
-30.0,4.0,-26.0,554.0
-28.0,4.0,-26.0,554.0
-26.0,4.0,-26.0,554.0
-24.0,4.0,-26.0,554.0
-22.0,4.0,-26.0,554.0
-20.0,4.0,-26.0,364.0
-18.0,4.0,-26.0,364.0
-16.0,4.0,-26.0,364.0
16.0,4.0,-26.0,483.0
18.0,4.0,-26.0,483.0
20.0,4.0,-26.0,590.0
22.0,4.0,-26.0,590.0
24.0,4.0,-26.0,590.0
26.0,4.0,-26.0,590.0
28.0,4.0,-26.0,590.0
30.0,4.0,-26.0,590.0
32.0,4.0,-26.0,590.0
34.0,4.0,-26.0,590.0
36.0,4.0,-26.0,114.0
38.0,4.0,-26.0,369.0
40.0,4.0,-26.0,369.0
46.0,4.0,-26.0,207.0
48.0,4.0,-26.0,207.0
50.0,4.0,-26.0,207.0
52.0,4.0,-26.0,207.0
54.0,4.0,-26.0,207.0
56.0,4.0,-26.0,207.0
58.0,4.0,-26.0,207.0
60.0,4.0,-26.0,207.0
-60.0,6.0,-26.0,426.0
-58.0,6.0,-26.0,426.0
-56.0,6.0,-26.0,426.0
-54.0,6.0,-26.0,426.0
-52.0,6.0,-26.0,426.0
-50.0,6.0,-26.0,426.0
-48.0,6.0,-26.0,514.0
-46.0,6.0,-26.0,514.0
-44.0,6.0,-26.0,514.0
-42.0,6.0,-26.0,514.0
-34.0,6.0,-26.0,174.0
-32.0,6.0,-26.0,174.0
-30.0,6.0,-26.0,554.0
-28.0,6.0,-26.0,554.0
-26.0,6.0,-26.0,554.0
-24.0,6.0,-26.0,554.0
-22.0,6.0,-26.0,554.0
-20.0,6.0,-26.0,364.0
-18.0,6.0,-26.0,364.0
-16.0,6.0,-26.0,364.0
18.0,6.0,-26.0,143.0
20.0,6.0,-26.0,143.0
22.0,6.0,-26.0,590.0
24.0,6.0,-26.0,590.0
26.0,6.0,-26.0,590.0
28.0,6.0,-26.0,590.0
30.0,6.0,-26.0,590.0
32.0,6.0,-26.0,590.0
34.0,6.0,-26.0,590.0
36.0,6.0,-26.0,114.0
38.0,6.0,-26.0,369.0
40.0,6.0,-26.0,369.0
42.0,6.0,-26.0,207.0
46.0,6.0,-26.0,207.0
48.0,6.0,-26.0,207.0
50.0,6.0,-26.0,207.0
52.0,6.0,-26.0,207.0
54.0,6.0,-26.0,207.0
56.0,6.0,-26.0,207.0
58.0,6.0,-26.0,207.0
60.0,6.0,-26.0,207.0
-60.0,8.0,-26.0,426.0
-58.0,8.0,-26.0,426.0
-56.0,8.0,-26.0,426.0
-54.0,8.0,-26.0,426.0
-52.0,8.0,-26.0,426.0
-50.0,8.0,-26.0,426.0
-48.0,8.0,-26.0,514.0
-46.0,8.0,-26.0,514.0
-44.0,8.0,-26.0,514.0
-42.0,8.0,-26.0,514.0
-40.0,8.0,-26.0,514.0
-38.0,8.0,-26.0,174.0
-36.0,8.0,-26.0,174.0
-34.0,8.0,-26.0,174.0
-32.0,8.0,-26.0,174.0
-30.0,8.0,-26.0,554.0
-28.0,8.0,-26.0,554.0
-26.0,8.0,-26.0,554.0
-24.0,8.0,-26.0,554.0
-22.0,8.0,-26.0,554.0
-20.0,8.0,-26.0,364.0
24.0,8.0,-26.0,590.0
26.0,8.0,-26.0,590.0
28.0,8.0,-26.0,590.0
30.0,8.0,-26.0,590.0
32.0,8.0,-26.0,590.0
34.0,8.0,-26.0,114.0
36.0,8.0,-26.0,114.0
38.0,8.0,-26.0,429.0
40.0,8.0,-26.0,429.0
42.0,8.0,-26.0,207.0
44.0,8.0,-26.0,207.0
46.0,8.0,-26.0,207.0
48.0,8.0,-26.0,207.0
50.0,8.0,-26.0,207.0
52.0,8.0,-26.0,207.0
54.0,8.0,-26.0,207.0
56.0,8.0,-26.0,207.0
58.0,8.0,-26.0,207.0
-58.0,10.0,-26.0,426.0
-56.0,10.0,-26.0,426.0
-54.0,10.0,-26.0,426.0
-52.0,10.0,-26.0,426.0
-50.0,10.0,-26.0,426.0
-48.0,10.0,-26.0,514.0
-46.0,10.0,-26.0,514.0
-44.0,10.0,-26.0,514.0
-42.0,10.0,-26.0,514.0
-40.0,10.0,-26.0,514.0
-38.0,10.0,-26.0,174.0
-36.0,10.0,-26.0,174.0
-34.0,10.0,-26.0,174.0
-32.0,10.0,-26.0,174.0
-30.0,10.0,-26.0,174.0
-28.0,10.0,-26.0,554.0
-26.0,10.0,-26.0,554.0
-24.0,10.0,-26.0,554.0
-22.0,10.0,-26.0,554.0
32.0,10.0,-26.0,590.0
34.0,10.0,-26.0,114.0
36.0,10.0,-26.0,429.0
38.0,10.0,-26.0,429.0
40.0,10.0,-26.0,429.0
42.0,10.0,-26.0,429.0
44.0,10.0,-26.0,207.0
46.0,10.0,-26.0,207.0
48.0,10.0,-26.0,207.0
50.0,10.0,-26.0,207.0
52.0,10.0,-26.0,207.0
54.0,10.0,-26.0,207.0
56.0,10.0,-26.0,207.0
-58.0,12.0,-26.0,426.0
-56.0,12.0,-26.0,426.0
-54.0,12.0,-26.0,426.0
-52.0,12.0,-26.0,426.0
-50.0,12.0,-26.0,426.0
-48.0,12.0,-26.0,426.0
-46.0,12.0,-26.0,514.0
-44.0,12.0,-26.0,514.0
-42.0,12.0,-26.0,514.0
-40.0,12.0,-26.0,514.0
-38.0,12.0,-26.0,174.0
-36.0,12.0,-26.0,174.0
-34.0,12.0,-26.0,174.0
-32.0,12.0,-26.0,174.0
-18.0,12.0,-26.0,364.0
18.0,12.0,-26.0,143.0
20.0,12.0,-26.0,143.0
22.0,12.0,-26.0,143.0
24.0,12.0,-26.0,143.0
34.0,12.0,-26.0,429.0
36.0,12.0,-26.0,429.0
38.0,12.0,-26.0,429.0
40.0,12.0,-26.0,429.0
42.0,12.0,-26.0,429.0
44.0,12.0,-26.0,429.0
46.0,12.0,-26.0,207.0
48.0,12.0,-26.0,207.0
50.0,12.0,-26.0,207.0
52.0,12.0,-26.0,207.0
54.0,12.0,-26.0,207.0
-56.0,14.0,-26.0,426.0
-54.0,14.0,-26.0,426.0
-52.0,14.0,-26.0,426.0
-50.0,14.0,-26.0,67.0
-48.0,14.0,-26.0,67.0
-46.0,14.0,-26.0,514.0
-44.0,14.0,-26.0,514.0
-42.0,14.0,-26.0,514.0
-40.0,14.0,-26.0,514.0
-38.0,14.0,-26.0,174.0
-36.0,14.0,-26.0,174.0
-34.0,14.0,-26.0,174.0
-22.0,14.0,-26.0,554.0
-20.0,14.0,-26.0,364.0
-18.0,14.0,-26.0,364.0
-14.0,14.0,-26.0,395.0
18.0,14.0,-26.0,143.0
20.0,14.0,-26.0,143.0
22.0,14.0,-26.0,143.0
24.0,14.0,-26.0,143.0
36.0,14.0,-26.0,429.0
38.0,14.0,-26.0,429.0
40.0,14.0,-26.0,429.0
42.0,14.0,-26.0,429.0
44.0,14.0,-26.0,429.0
46.0,14.0,-26.0,207.0
48.0,14.0,-26.0,207.0
50.0,14.0,-26.0,207.0
52.0,14.0,-26.0,207.0
54.0,14.0,-26.0,207.0
-54.0,16.0,-26.0,67.0
-52.0,16.0,-26.0,67.0
-50.0,16.0,-26.0,67.0
-48.0,16.0,-26.0,67.0
-46.0,16.0,-26.0,67.0
-44.0,16.0,-26.0,514.0
-42.0,16.0,-26.0,514.0
-40.0,16.0,-26.0,514.0
-38.0,16.0,-26.0,174.0
-36.0,16.0,-26.0,174.0
-22.0,16.0,-26.0,310.0
-20.0,16.0,-26.0,310.0
-14.0,16.0,-26.0,310.0
-12.0,16.0,-26.0,310.0
18.0,16.0,-26.0,143.0
20.0,16.0,-26.0,143.0
22.0,16.0,-26.0,143.0
24.0,16.0,-26.0,143.0
26.0,16.0,-26.0,143.0
36.0,16.0,-26.0,429.0
38.0,16.0,-26.0,429.0
40.0,16.0,-26.0,429.0
42.0,16.0,-26.0,429.0
44.0,16.0,-26.0,429.0
46.0,16.0,-26.0,429.0
48.0,16.0,-26.0,207.0
50.0,16.0,-26.0,207.0
52.0,16.0,-26.0,207.0
-52.0,18.0,-26.0,67.0
-50.0,18.0,-26.0,67.0
-48.0,18.0,-26.0,67.0
-46.0,18.0,-26.0,67.0
-44.0,18.0,-26.0,67.0
-42.0,18.0,-26.0,514.0
-40.0,18.0,-26.0,514.0
-38.0,18.0,-26.0,174.0
-26.0,18.0,-26.0,310.0
-24.0,18.0,-26.0,310.0
-22.0,18.0,-26.0,310.0
-16.0,18.0,-26.0,310.0
-14.0,18.0,-26.0,310.0
-12.0,18.0,-26.0,310.0
-10.0,18.0,-26.0,107.0
6.0,18.0,-26.0,228.0
8.0,18.0,-26.0,228.0
10.0,18.0,-26.0,228.0
14.0,18.0,-26.0,228.0
22.0,18.0,-26.0,228.0
24.0,18.0,-26.0,143.0
26.0,18.0,-26.0,143.0
28.0,18.0,-26.0,129.0
30.0,18.0,-26.0,129.0
38.0,18.0,-26.0,429.0
40.0,18.0,-26.0,429.0
42.0,18.0,-26.0,429.0
44.0,18.0,-26.0,429.0
46.0,18.0,-26.0,429.0
48.0,18.0,-26.0,429.0
50.0,18.0,-26.0,207.0
52.0,18.0,-26.0,207.0
-52.0,20.0,-26.0,67.0
-50.0,20.0,-26.0,67.0
-48.0,20.0,-26.0,67.0
-46.0,20.0,-26.0,67.0
-44.0,20.0,-26.0,67.0
-42.0,20.0,-26.0,514.0
-40.0,20.0,-26.0,514.0
-38.0,20.0,-26.0,174.0
-28.0,20.0,-26.0,310.0
-26.0,20.0,-26.0,310.0
-24.0,20.0,-26.0,310.0
-16.0,20.0,-26.0,310.0
-14.0,20.0,-26.0,310.0
-12.0,20.0,-26.0,310.0
-10.0,20.0,-26.0,107.0
-8.0,20.0,-26.0,107.0
4.0,20.0,-26.0,175.0
6.0,20.0,-26.0,228.0
8.0,20.0,-26.0,228.0
10.0,20.0,-26.0,228.0
12.0,20.0,-26.0,228.0
14.0,20.0,-26.0,228.0
16.0,20.0,-26.0,228.0
24.0,20.0,-26.0,228.0
26.0,20.0,-26.0,228.0
28.0,20.0,-26.0,129.0
30.0,20.0,-26.0,129.0
38.0,20.0,-26.0,429.0
40.0,20.0,-26.0,429.0
42.0,20.0,-26.0,429.0
44.0,20.0,-26.0,429.0
46.0,20.0,-26.0,429.0
48.0,20.0,-26.0,429.0
50.0,20.0,-26.0,429.0
-50.0,22.0,-26.0,67.0
-48.0,22.0,-26.0,67.0
-46.0,22.0,-26.0,67.0
-44.0,22.0,-26.0,67.0
-42.0,22.0,-26.0,67.0
-40.0,22.0,-26.0,318.0
-38.0,22.0,-26.0,318.0
-30.0,22.0,-26.0,323.0
-28.0,22.0,-26.0,310.0
-26.0,22.0,-26.0,310.0
-24.0,22.0,-26.0,310.0
-16.0,22.0,-26.0,310.0
-14.0,22.0,-26.0,310.0
-12.0,22.0,-26.0,310.0
-10.0,22.0,-26.0,310.0
-8.0,22.0,-26.0,175.0
-6.0,22.0,-26.0,175.0
-4.0,22.0,-26.0,175.0
-2.0,22.0,-26.0,175.0
0.0,22.0,-26.0,175.0
2.0,22.0,-26.0,175.0
4.0,22.0,-26.0,175.0
6.0,22.0,-26.0,228.0
8.0,22.0,-26.0,228.0
10.0,22.0,-26.0,228.0
12.0,22.0,-26.0,228.0
14.0,22.0,-26.0,228.0
16.0,22.0,-26.0,228.0
18.0,22.0,-26.0,228.0
24.0,22.0,-26.0,228.0
26.0,22.0,-26.0,129.0
28.0,22.0,-26.0,129.0
30.0,22.0,-26.0,129.0
38.0,22.0,-26.0,429.0
40.0,22.0,-26.0,429.0
42.0,22.0,-26.0,429.0
44.0,22.0,-26.0,429.0
46.0,22.0,-26.0,429.0
48.0,22.0,-26.0,429.0
-48.0,24.0,-26.0,67.0
-46.0,24.0,-26.0,67.0
-44.0,24.0,-26.0,67.0
-42.0,24.0,-26.0,67.0
-40.0,24.0,-26.0,318.0
-38.0,24.0,-26.0,318.0
-30.0,24.0,-26.0,318.0
-28.0,24.0,-26.0,310.0
-26.0,24.0,-26.0,310.0
-16.0,24.0,-26.0,310.0
-14.0,24.0,-26.0,310.0
-12.0,24.0,-26.0,310.0
-10.0,24.0,-26.0,310.0
-8.0,24.0,-26.0,175.0
-6.0,24.0,-26.0,175.0
-4.0,24.0,-26.0,175.0
-2.0,24.0,-26.0,175.0
0.0,24.0,-26.0,175.0
2.0,24.0,-26.0,175.0
4.0,24.0,-26.0,175.0
6.0,24.0,-26.0,175.0
8.0,24.0,-26.0,228.0
10.0,24.0,-26.0,228.0
12.0,24.0,-26.0,228.0
14.0,24.0,-26.0,228.0
16.0,24.0,-26.0,228.0
18.0,24.0,-26.0,228.0
26.0,24.0,-26.0,129.0
28.0,24.0,-26.0,129.0
30.0,24.0,-26.0,129.0
40.0,24.0,-26.0,429.0
42.0,24.0,-26.0,429.0
44.0,24.0,-26.0,429.0
46.0,24.0,-26.0,429.0
-46.0,26.0,-26.0,67.0
-44.0,26.0,-26.0,67.0
-42.0,26.0,-26.0,318.0
-40.0,26.0,-26.0,318.0
-38.0,26.0,-26.0,318.0
-30.0,26.0,-26.0,318.0
-28.0,26.0,-26.0,310.0
-16.0,26.0,-26.0,310.0
-14.0,26.0,-26.0,310.0
-12.0,26.0,-26.0,310.0
-10.0,26.0,-26.0,175.0
-8.0,26.0,-26.0,175.0
-6.0,26.0,-26.0,175.0
-4.0,26.0,-26.0,175.0
-2.0,26.0,-26.0,175.0
0.0,26.0,-26.0,175.0
2.0,26.0,-26.0,175.0
4.0,26.0,-26.0,175.0
6.0,26.0,-26.0,175.0
8.0,26.0,-26.0,228.0
10.0,26.0,-26.0,228.0
12.0,26.0,-26.0,228.0
14.0,26.0,-26.0,228.0
16.0,26.0,-26.0,228.0
40.0,26.0,-26.0,429.0
42.0,26.0,-26.0,429.0
-40.0,28.0,-26.0,318.0
-38.0,28.0,-26.0,318.0
-16.0,28.0,-26.0,310.0
-14.0,28.0,-26.0,310.0
-12.0,28.0,-26.0,484.0
-10.0,28.0,-26.0,484.0
-8.0,28.0,-26.0,175.0
-6.0,28.0,-26.0,175.0
-4.0,28.0,-26.0,175.0
-2.0,28.0,-26.0,175.0
0.0,28.0,-26.0,175.0
2.0,28.0,-26.0,175.0
4.0,28.0,-26.0,175.0
6.0,28.0,-26.0,175.0
8.0,28.0,-26.0,175.0
10.0,28.0,-26.0,228.0
12.0,28.0,-26.0,228.0
14.0,28.0,-26.0,228.0
16.0,28.0,-26.0,228.0
-16.0,30.0,-26.0,484.0
-14.0,30.0,-26.0,484.0
-12.0,30.0,-26.0,484.0
-10.0,30.0,-26.0,484.0
-8.0,30.0,-26.0,484.0
-6.0,30.0,-26.0,175.0
-4.0,30.0,-26.0,175.0
-2.0,30.0,-26.0,175.0
0.0,30.0,-26.0,175.0
2.0,30.0,-26.0,175.0
4.0,30.0,-26.0,175.0
6.0,30.0,-26.0,175.0
8.0,30.0,-26.0,175.0
10.0,30.0,-26.0,252.0
12.0,30.0,-26.0,252.0
14.0,30.0,-26.0,228.0
16.0,30.0,-26.0,228.0
-16.0,32.0,-26.0,484.0
-14.0,32.0,-26.0,484.0
-12.0,32.0,-26.0,484.0
-10.0,32.0,-26.0,484.0
-8.0,32.0,-26.0,484.0
-6.0,32.0,-26.0,175.0
-4.0,32.0,-26.0,175.0
-2.0,32.0,-26.0,175.0
0.0,32.0,-26.0,175.0
2.0,32.0,-26.0,175.0
4.0,32.0,-26.0,175.0
6.0,32.0,-26.0,175.0
8.0,32.0,-26.0,252.0
10.0,32.0,-26.0,252.0
12.0,32.0,-26.0,252.0
14.0,32.0,-26.0,252.0
16.0,32.0,-26.0,252.0
-16.0,34.0,-26.0,484.0
-14.0,34.0,-26.0,484.0
-12.0,34.0,-26.0,484.0
-10.0,34.0,-26.0,484.0
-8.0,34.0,-26.0,484.0
-6.0,34.0,-26.0,484.0
-4.0,34.0,-26.0,175.0
-2.0,34.0,-26.0,175.0
0.0,34.0,-26.0,175.0
2.0,34.0,-26.0,175.0
4.0,34.0,-26.0,175.0
6.0,34.0,-26.0,252.0
8.0,34.0,-26.0,252.0
10.0,34.0,-26.0,252.0
12.0,34.0,-26.0,252.0
14.0,34.0,-26.0,252.0
16.0,34.0,-26.0,252.0
-16.0,36.0,-26.0,298.0
-14.0,36.0,-26.0,298.0
-12.0,36.0,-26.0,298.0
-10.0,36.0,-26.0,298.0
-8.0,36.0,-26.0,298.0
-6.0,36.0,-26.0,298.0
-4.0,36.0,-26.0,502.0
-2.0,36.0,-26.0,502.0
0.0,36.0,-26.0,502.0
2.0,36.0,-26.0,502.0
4.0,36.0,-26.0,175.0
6.0,36.0,-26.0,252.0
8.0,36.0,-26.0,252.0
10.0,36.0,-26.0,252.0
12.0,36.0,-26.0,252.0
14.0,36.0,-26.0,252.0
16.0,36.0,-26.0,252.0
-16.0,38.0,-26.0,298.0
-14.0,38.0,-26.0,298.0
-12.0,38.0,-26.0,298.0
-10.0,38.0,-26.0,298.0
-8.0,38.0,-26.0,298.0
-6.0,38.0,-26.0,502.0
-4.0,38.0,-26.0,502.0
-2.0,38.0,-26.0,502.0
0.0,38.0,-26.0,502.0
2.0,38.0,-26.0,502.0
4.0,38.0,-26.0,502.0
6.0,38.0,-26.0,252.0
8.0,38.0,-26.0,252.0
10.0,38.0,-26.0,252.0
12.0,38.0,-26.0,252.0
14.0,38.0,-26.0,252.0
16.0,38.0,-26.0,252.0
-16.0,40.0,-26.0,588.0
-14.0,40.0,-26.0,588.0
-12.0,40.0,-26.0,298.0
-10.0,40.0,-26.0,298.0
-8.0,40.0,-26.0,502.0
-6.0,40.0,-26.0,502.0
-4.0,40.0,-26.0,502.0
-2.0,40.0,-26.0,502.0
0.0,40.0,-26.0,502.0
2.0,40.0,-26.0,502.0
4.0,40.0,-26.0,502.0
6.0,40.0,-26.0,252.0
8.0,40.0,-26.0,252.0
10.0,40.0,-26.0,252.0
12.0,40.0,-26.0,252.0
14.0,40.0,-26.0,252.0
16.0,40.0,-26.0,252.0
-16.0,42.0,-26.0,588.0
-14.0,42.0,-26.0,588.0
-12.0,42.0,-26.0,588.0
-10.0,42.0,-26.0,588.0
-8.0,42.0,-26.0,502.0
-6.0,42.0,-26.0,502.0
-4.0,42.0,-26.0,502.0
-2.0,42.0,-26.0,502.0
0.0,42.0,-26.0,502.0
2.0,42.0,-26.0,502.0
4.0,42.0,-26.0,502.0
6.0,42.0,-26.0,502.0
8.0,42.0,-26.0,252.0
10.0,42.0,-26.0,252.0
12.0,42.0,-26.0,252.0
14.0,42.0,-26.0,252.0
-14.0,44.0,-26.0,588.0
-12.0,44.0,-26.0,588.0
-10.0,44.0,-26.0,588.0
-8.0,44.0,-26.0,502.0
-6.0,44.0,-26.0,502.0
-4.0,44.0,-26.0,502.0
-2.0,44.0,-26.0,502.0
0.0,44.0,-26.0,502.0
2.0,44.0,-26.0,502.0
4.0,44.0,-26.0,502.0
6.0,44.0,-26.0,502.0
8.0,44.0,-26.0,252.0
10.0,44.0,-26.0,252.0
12.0,44.0,-26.0,252.0
14.0,44.0,-26.0,252.0
-14.0,46.0,-26.0,588.0
-12.0,46.0,-26.0,588.0
-10.0,46.0,-26.0,588.0
-8.0,46.0,-26.0,502.0
-6.0,46.0,-26.0,502.0
-4.0,46.0,-26.0,502.0
-2.0,46.0,-26.0,502.0
0.0,46.0,-26.0,502.0
2.0,46.0,-26.0,502.0
4.0,46.0,-26.0,502.0
6.0,46.0,-26.0,334.0
8.0,46.0,-26.0,334.0
10.0,46.0,-26.0,334.0
12.0,46.0,-26.0,334.0
-12.0,48.0,-26.0,588.0
-10.0,48.0,-26.0,588.0
-8.0,48.0,-26.0,588.0
-6.0,48.0,-26.0,502.0
-4.0,48.0,-26.0,502.0
-2.0,48.0,-26.0,502.0
0.0,48.0,-26.0,502.0
2.0,48.0,-26.0,502.0
4.0,48.0,-26.0,334.0
6.0,48.0,-26.0,334.0
8.0,48.0,-26.0,334.0
10.0,48.0,-26.0,334.0
12.0,48.0,-26.0,334.0
-12.0,50.0,-26.0,588.0
-10.0,50.0,-26.0,588.0
-8.0,50.0,-26.0,588.0
-6.0,50.0,-26.0,502.0
-4.0,50.0,-26.0,502.0
-2.0,50.0,-26.0,502.0
0.0,50.0,-26.0,502.0
2.0,50.0,-26.0,334.0
4.0,50.0,-26.0,334.0
6.0,50.0,-26.0,334.0
8.0,50.0,-26.0,334.0
10.0,50.0,-26.0,334.0
12.0,50.0,-26.0,334.0
-12.0,52.0,-26.0,588.0
-10.0,52.0,-26.0,588.0
-8.0,52.0,-26.0,588.0
-6.0,52.0,-26.0,588.0
-4.0,52.0,-26.0,502.0
-2.0,52.0,-26.0,502.0
0.0,52.0,-26.0,334.0
2.0,52.0,-26.0,334.0
4.0,52.0,-26.0,334.0
6.0,52.0,-26.0,334.0
8.0,52.0,-26.0,334.0
10.0,52.0,-26.0,334.0
-10.0,54.0,-26.0,509.0
-8.0,54.0,-26.0,509.0
-6.0,54.0,-26.0,509.0
-4.0,54.0,-26.0,502.0
-2.0,54.0,-26.0,334.0
0.0,54.0,-26.0,334.0
2.0,54.0,-26.0,334.0
4.0,54.0,-26.0,334.0
6.0,54.0,-26.0,334.0
8.0,54.0,-26.0,334.0
10.0,54.0,-26.0,334.0
-10.0,56.0,-26.0,509.0
-8.0,56.0,-26.0,509.0
-6.0,56.0,-26.0,509.0
-4.0,56.0,-26.0,224.0
-2.0,56.0,-26.0,334.0
2.0,56.0,-26.0,334.0
4.0,56.0,-26.0,334.0
6.0,56.0,-26.0,334.0
8.0,56.0,-26.0,334.0
10.0,56.0,-26.0,334.0
-10.0,58.0,-26.0,509.0
-8.0,58.0,-26.0,509.0
-6.0,58.0,-26.0,509.0
-4.0,58.0,-26.0,224.0
4.0,58.0,-26.0,334.0
6.0,58.0,-26.0,334.0
8.0,58.0,-26.0,334.0
-8.0,60.0,-26.0,509.0
-6.0,60.0,-26.0,509.0
-4.0,60.0,-26.0,224.0
4.0,60.0,-26.0,334.0
6.0,60.0,-26.0,334.0
16.0,-92.0,-24.0,127.0
18.0,-92.0,-24.0,127.0
20.0,-92.0,-24.0,52.0
22.0,-92.0,-24.0,52.0
12.0,-90.0,-24.0,127.0
14.0,-90.0,-24.0,127.0
16.0,-90.0,-24.0,127.0
18.0,-90.0,-24.0,127.0
20.0,-90.0,-24.0,52.0
22.0,-90.0,-24.0,52.0
24.0,-90.0,-24.0,52.0
26.0,-90.0,-24.0,52.0
28.0,-90.0,-24.0,52.0
12.0,-88.0,-24.0,127.0
14.0,-88.0,-24.0,127.0
16.0,-88.0,-24.0,127.0
18.0,-88.0,-24.0,127.0
20.0,-88.0,-24.0,52.0
22.0,-88.0,-24.0,52.0
24.0,-88.0,-24.0,52.0
26.0,-88.0,-24.0,52.0
28.0,-88.0,-24.0,52.0
30.0,-88.0,-24.0,52.0
32.0,-88.0,-24.0,52.0
14.0,-86.0,-24.0,127.0
16.0,-86.0,-24.0,127.0
18.0,-86.0,-24.0,127.0
20.0,-86.0,-24.0,52.0
22.0,-86.0,-24.0,52.0
24.0,-86.0,-24.0,52.0
26.0,-86.0,-24.0,52.0
28.0,-86.0,-24.0,52.0
30.0,-86.0,-24.0,52.0
32.0,-86.0,-24.0,52.0
34.0,-86.0,-24.0,52.0
24.0,-84.0,-24.0,52.0
26.0,-84.0,-24.0,52.0
28.0,-84.0,-24.0,52.0
30.0,-84.0,-24.0,52.0
32.0,-84.0,-24.0,52.0
34.0,-84.0,-24.0,52.0
36.0,-84.0,-24.0,106.0
38.0,-84.0,-24.0,106.0
34.0,-82.0,-24.0,106.0
36.0,-82.0,-24.0,106.0
38.0,-82.0,-24.0,106.0
40.0,-82.0,-24.0,106.0
44.0,-62.0,-24.0,316.0
46.0,-62.0,-24.0,350.0
48.0,-62.0,-24.0,350.0
-56.0,-60.0,-24.0,459.0
-54.0,-60.0,-24.0,459.0
-52.0,-60.0,-24.0,459.0
42.0,-60.0,-24.0,316.0
44.0,-60.0,-24.0,316.0
46.0,-60.0,-24.0,316.0
48.0,-60.0,-24.0,350.0
50.0,-60.0,-24.0,350.0
-58.0,-58.0,-24.0,566.0
-56.0,-58.0,-24.0,566.0
-54.0,-58.0,-24.0,459.0
-52.0,-58.0,-24.0,459.0
-46.0,-58.0,-24.0,459.0
-44.0,-58.0,-24.0,459.0
40.0,-58.0,-24.0,316.0
42.0,-58.0,-24.0,316.0
44.0,-58.0,-24.0,316.0
46.0,-58.0,-24.0,316.0
48.0,-58.0,-24.0,316.0
50.0,-58.0,-24.0,350.0
52.0,-58.0,-24.0,350.0
-60.0,-56.0,-24.0,566.0
-58.0,-56.0,-24.0,566.0
-56.0,-56.0,-24.0,566.0
-54.0,-56.0,-24.0,566.0
-52.0,-56.0,-24.0,566.0
-50.0,-56.0,-24.0,459.0
-48.0,-56.0,-24.0,459.0
-46.0,-56.0,-24.0,459.0
-44.0,-56.0,-24.0,459.0
-42.0,-56.0,-24.0,459.0
38.0,-56.0,-24.0,316.0
40.0,-56.0,-24.0,316.0
42.0,-56.0,-24.0,316.0
44.0,-56.0,-24.0,316.0
46.0,-56.0,-24.0,316.0
48.0,-56.0,-24.0,316.0
50.0,-56.0,-24.0,316.0
52.0,-56.0,-24.0,350.0
54.0,-56.0,-24.0,11.0
56.0,-56.0,-24.0,11.0
-60.0,-54.0,-24.0,566.0
-58.0,-54.0,-24.0,566.0
-56.0,-54.0,-24.0,566.0
-54.0,-54.0,-24.0,566.0
-52.0,-54.0,-24.0,566.0
-50.0,-54.0,-24.0,566.0
-48.0,-54.0,-24.0,459.0
-46.0,-54.0,-24.0,459.0
-44.0,-54.0,-24.0,459.0
-42.0,-54.0,-24.0,459.0
38.0,-54.0,-24.0,316.0
40.0,-54.0,-24.0,316.0
42.0,-54.0,-24.0,316.0
44.0,-54.0,-24.0,316.0
46.0,-54.0,-24.0,316.0
48.0,-54.0,-24.0,316.0
50.0,-54.0,-24.0,316.0
52.0,-54.0,-24.0,336.0
54.0,-54.0,-24.0,11.0
56.0,-54.0,-24.0,11.0
58.0,-54.0,-24.0,11.0
-60.0,-52.0,-24.0,138.0
-58.0,-52.0,-24.0,566.0
-56.0,-52.0,-24.0,566.0
-54.0,-52.0,-24.0,566.0
-52.0,-52.0,-24.0,566.0
-50.0,-52.0,-24.0,566.0
-48.0,-52.0,-24.0,566.0
-46.0,-52.0,-24.0,566.0
-44.0,-52.0,-24.0,459.0
-42.0,-52.0,-24.0,459.0
-40.0,-52.0,-24.0,459.0
38.0,-52.0,-24.0,316.0
40.0,-52.0,-24.0,316.0
42.0,-52.0,-24.0,316.0
44.0,-52.0,-24.0,316.0
46.0,-52.0,-24.0,316.0
48.0,-52.0,-24.0,336.0
50.0,-52.0,-24.0,336.0
52.0,-52.0,-24.0,336.0
54.0,-52.0,-24.0,336.0
56.0,-52.0,-24.0,11.0
58.0,-52.0,-24.0,11.0
60.0,-52.0,-24.0,11.0
-60.0,-50.0,-24.0,138.0
-58.0,-50.0,-24.0,138.0
-56.0,-50.0,-24.0,566.0
-54.0,-50.0,-24.0,566.0
-52.0,-50.0,-24.0,566.0
-50.0,-50.0,-24.0,566.0
-48.0,-50.0,-24.0,566.0
-46.0,-50.0,-24.0,566.0
-44.0,-50.0,-24.0,566.0
-42.0,-50.0,-24.0,459.0
-40.0,-50.0,-24.0,459.0
40.0,-50.0,-24.0,316.0
42.0,-50.0,-24.0,316.0
44.0,-50.0,-24.0,316.0
46.0,-50.0,-24.0,336.0
48.0,-50.0,-24.0,336.0
50.0,-50.0,-24.0,336.0
52.0,-50.0,-24.0,336.0
54.0,-50.0,-24.0,336.0
56.0,-50.0,-24.0,336.0
58.0,-50.0,-24.0,11.0
60.0,-50.0,-24.0,11.0
-60.0,-48.0,-24.0,138.0
-58.0,-48.0,-24.0,138.0
-56.0,-48.0,-24.0,138.0
-54.0,-48.0,-24.0,566.0
-52.0,-48.0,-24.0,566.0
-50.0,-48.0,-24.0,566.0
-48.0,-48.0,-24.0,566.0
-46.0,-48.0,-24.0,566.0
-44.0,-48.0,-24.0,566.0
-42.0,-48.0,-24.0,566.0
-40.0,-48.0,-24.0,566.0
38.0,-48.0,-24.0,316.0
40.0,-48.0,-24.0,316.0
42.0,-48.0,-24.0,336.0
44.0,-48.0,-24.0,336.0
46.0,-48.0,-24.0,336.0
48.0,-48.0,-24.0,336.0
50.0,-48.0,-24.0,336.0
52.0,-48.0,-24.0,336.0
54.0,-48.0,-24.0,336.0
56.0,-48.0,-24.0,336.0
58.0,-48.0,-24.0,336.0
60.0,-48.0,-24.0,11.0
-62.0,-46.0,-24.0,138.0
-60.0,-46.0,-24.0,138.0
-58.0,-46.0,-24.0,138.0
-56.0,-46.0,-24.0,138.0
-54.0,-46.0,-24.0,138.0
-52.0,-46.0,-24.0,566.0
-50.0,-46.0,-24.0,566.0
-48.0,-46.0,-24.0,566.0
-46.0,-46.0,-24.0,566.0
-44.0,-46.0,-24.0,566.0
-42.0,-46.0,-24.0,566.0
-40.0,-46.0,-24.0,566.0
-38.0,-46.0,-24.0,566.0
-36.0,-46.0,-24.0,459.0
38.0,-46.0,-24.0,316.0
40.0,-46.0,-24.0,336.0
42.0,-46.0,-24.0,336.0
44.0,-46.0,-24.0,336.0
46.0,-46.0,-24.0,336.0
48.0,-46.0,-24.0,336.0
50.0,-46.0,-24.0,336.0
52.0,-46.0,-24.0,336.0
54.0,-46.0,-24.0,336.0
56.0,-46.0,-24.0,336.0
58.0,-46.0,-24.0,336.0
60.0,-46.0,-24.0,336.0
62.0,-46.0,-24.0,11.0
-62.0,-44.0,-24.0,138.0
-60.0,-44.0,-24.0,138.0
-58.0,-44.0,-24.0,138.0
-56.0,-44.0,-24.0,138.0
-54.0,-44.0,-24.0,138.0
-52.0,-44.0,-24.0,138.0
-50.0,-44.0,-24.0,566.0
-48.0,-44.0,-24.0,566.0
-46.0,-44.0,-24.0,566.0
-44.0,-44.0,-24.0,566.0
-42.0,-44.0,-24.0,566.0
-40.0,-44.0,-24.0,480.0
-38.0,-44.0,-24.0,480.0
-36.0,-44.0,-24.0,480.0
38.0,-44.0,-24.0,273.0
40.0,-44.0,-24.0,336.0
42.0,-44.0,-24.0,336.0
44.0,-44.0,-24.0,336.0
46.0,-44.0,-24.0,336.0
48.0,-44.0,-24.0,336.0
50.0,-44.0,-24.0,336.0
52.0,-44.0,-24.0,336.0
54.0,-44.0,-24.0,336.0
56.0,-44.0,-24.0,336.0
58.0,-44.0,-24.0,269.0
60.0,-44.0,-24.0,269.0
62.0,-44.0,-24.0,269.0
-62.0,-42.0,-24.0,138.0
-60.0,-42.0,-24.0,138.0
-58.0,-42.0,-24.0,138.0
-56.0,-42.0,-24.0,138.0
-54.0,-42.0,-24.0,138.0
-52.0,-42.0,-24.0,138.0
-50.0,-42.0,-24.0,138.0
-48.0,-42.0,-24.0,566.0
-46.0,-42.0,-24.0,566.0
-44.0,-42.0,-24.0,480.0
-42.0,-42.0,-24.0,480.0
-40.0,-42.0,-24.0,480.0
-38.0,-42.0,-24.0,480.0
-36.0,-42.0,-24.0,480.0
-34.0,-42.0,-24.0,480.0
30.0,-42.0,-24.0,332.0
32.0,-42.0,-24.0,332.0
34.0,-42.0,-24.0,332.0
36.0,-42.0,-24.0,332.0
38.0,-42.0,-24.0,332.0
40.0,-42.0,-24.0,336.0
42.0,-42.0,-24.0,336.0
44.0,-42.0,-24.0,336.0
46.0,-42.0,-24.0,336.0
48.0,-42.0,-24.0,336.0
50.0,-42.0,-24.0,336.0
52.0,-42.0,-24.0,269.0
54.0,-42.0,-24.0,269.0
56.0,-42.0,-24.0,269.0
58.0,-42.0,-24.0,269.0
60.0,-42.0,-24.0,269.0
62.0,-42.0,-24.0,269.0
-64.0,-40.0,-24.0,169.0
-62.0,-40.0,-24.0,169.0
-60.0,-40.0,-24.0,138.0
-58.0,-40.0,-24.0,138.0
-56.0,-40.0,-24.0,138.0
-54.0,-40.0,-24.0,138.0
-52.0,-40.0,-24.0,138.0
-50.0,-40.0,-24.0,138.0
-48.0,-40.0,-24.0,138.0
-46.0,-40.0,-24.0,480.0
-44.0,-40.0,-24.0,480.0
-42.0,-40.0,-24.0,480.0
-40.0,-40.0,-24.0,480.0
-38.0,-40.0,-24.0,480.0
-36.0,-40.0,-24.0,480.0
-34.0,-40.0,-24.0,480.0
-32.0,-40.0,-24.0,480.0
28.0,-40.0,-24.0,332.0
30.0,-40.0,-24.0,332.0
32.0,-40.0,-24.0,332.0
34.0,-40.0,-24.0,332.0
36.0,-40.0,-24.0,332.0
38.0,-40.0,-24.0,332.0
40.0,-40.0,-24.0,332.0
42.0,-40.0,-24.0,336.0
44.0,-40.0,-24.0,336.0
46.0,-40.0,-24.0,269.0
48.0,-40.0,-24.0,269.0
50.0,-40.0,-24.0,269.0
52.0,-40.0,-24.0,269.0
54.0,-40.0,-24.0,269.0
56.0,-40.0,-24.0,269.0
58.0,-40.0,-24.0,269.0
60.0,-40.0,-24.0,269.0
62.0,-40.0,-24.0,269.0
64.0,-40.0,-24.0,269.0
-64.0,-38.0,-24.0,169.0
-62.0,-38.0,-24.0,169.0
-60.0,-38.0,-24.0,169.0
-58.0,-38.0,-24.0,169.0
-56.0,-38.0,-24.0,169.0
-54.0,-38.0,-24.0,169.0
-52.0,-38.0,-24.0,138.0
-50.0,-38.0,-24.0,138.0
-48.0,-38.0,-24.0,480.0
-46.0,-38.0,-24.0,480.0
-44.0,-38.0,-24.0,480.0
-42.0,-38.0,-24.0,480.0
-40.0,-38.0,-24.0,480.0
-38.0,-38.0,-24.0,480.0
-36.0,-38.0,-24.0,480.0
-34.0,-38.0,-24.0,480.0
-32.0,-38.0,-24.0,480.0
-30.0,-38.0,-24.0,480.0
26.0,-38.0,-24.0,332.0
28.0,-38.0,-24.0,332.0
30.0,-38.0,-24.0,332.0
32.0,-38.0,-24.0,332.0
34.0,-38.0,-24.0,332.0
36.0,-38.0,-24.0,332.0
38.0,-38.0,-24.0,332.0
40.0,-38.0,-24.0,332.0
42.0,-38.0,-24.0,332.0
44.0,-38.0,-24.0,269.0
46.0,-38.0,-24.0,269.0
48.0,-38.0,-24.0,269.0
50.0,-38.0,-24.0,269.0
52.0,-38.0,-24.0,269.0
54.0,-38.0,-24.0,269.0
56.0,-38.0,-24.0,269.0
58.0,-38.0,-24.0,269.0
60.0,-38.0,-24.0,269.0
62.0,-38.0,-24.0,269.0
64.0,-38.0,-24.0,474.0
-64.0,-36.0,-24.0,169.0
-62.0,-36.0,-24.0,169.0
-60.0,-36.0,-24.0,169.0
-58.0,-36.0,-24.0,169.0
-56.0,-36.0,-24.0,169.0
-54.0,-36.0,-24.0,169.0
-52.0,-36.0,-24.0,169.0
-50.0,-36.0,-24.0,480.0
-48.0,-36.0,-24.0,480.0
-46.0,-36.0,-24.0,480.0
-44.0,-36.0,-24.0,480.0
-42.0,-36.0,-24.0,480.0
-40.0,-36.0,-24.0,480.0
-38.0,-36.0,-24.0,480.0
-36.0,-36.0,-24.0,480.0
-34.0,-36.0,-24.0,480.0
-32.0,-36.0,-24.0,480.0
-30.0,-36.0,-24.0,480.0
26.0,-36.0,-24.0,332.0
28.0,-36.0,-24.0,332.0
30.0,-36.0,-24.0,332.0
32.0,-36.0,-24.0,332.0
34.0,-36.0,-24.0,332.0
36.0,-36.0,-24.0,332.0
38.0,-36.0,-24.0,332.0
40.0,-36.0,-24.0,332.0
42.0,-36.0,-24.0,526.0
44.0,-36.0,-24.0,526.0
46.0,-36.0,-24.0,269.0
48.0,-36.0,-24.0,269.0
50.0,-36.0,-24.0,269.0
52.0,-36.0,-24.0,269.0
54.0,-36.0,-24.0,269.0
56.0,-36.0,-24.0,269.0
58.0,-36.0,-24.0,269.0
60.0,-36.0,-24.0,474.0
62.0,-36.0,-24.0,474.0
64.0,-36.0,-24.0,474.0
-66.0,-34.0,-24.0,169.0
-64.0,-34.0,-24.0,169.0
-62.0,-34.0,-24.0,169.0
-60.0,-34.0,-24.0,169.0
-58.0,-34.0,-24.0,169.0
-56.0,-34.0,-24.0,169.0
-54.0,-34.0,-24.0,169.0
-52.0,-34.0,-24.0,169.0
-50.0,-34.0,-24.0,480.0
-48.0,-34.0,-24.0,480.0
-46.0,-34.0,-24.0,480.0
-44.0,-34.0,-24.0,480.0
-42.0,-34.0,-24.0,480.0
-40.0,-34.0,-24.0,480.0
-38.0,-34.0,-24.0,480.0
-36.0,-34.0,-24.0,480.0
-34.0,-34.0,-24.0,480.0
-32.0,-34.0,-24.0,480.0
-30.0,-34.0,-24.0,480.0
-28.0,-34.0,-24.0,492.0
24.0,-34.0,-24.0,332.0
26.0,-34.0,-24.0,332.0
28.0,-34.0,-24.0,332.0
30.0,-34.0,-24.0,332.0
32.0,-34.0,-24.0,332.0
34.0,-34.0,-24.0,332.0
36.0,-34.0,-24.0,332.0
38.0,-34.0,-24.0,332.0
40.0,-34.0,-24.0,332.0
42.0,-34.0,-24.0,526.0
44.0,-34.0,-24.0,526.0
46.0,-34.0,-24.0,269.0
48.0,-34.0,-24.0,269.0
50.0,-34.0,-24.0,269.0
52.0,-34.0,-24.0,269.0
54.0,-34.0,-24.0,269.0
56.0,-34.0,-24.0,269.0
58.0,-34.0,-24.0,474.0
60.0,-34.0,-24.0,474.0
62.0,-34.0,-24.0,474.0
64.0,-34.0,-24.0,26.0
66.0,-34.0,-24.0,26.0
-66.0,-32.0,-24.0,169.0
-64.0,-32.0,-24.0,169.0
-62.0,-32.0,-24.0,169.0
-60.0,-32.0,-24.0,169.0
-58.0,-32.0,-24.0,169.0
-56.0,-32.0,-24.0,169.0
-54.0,-32.0,-24.0,169.0
-52.0,-32.0,-24.0,169.0
-50.0,-32.0,-24.0,480.0
-48.0,-32.0,-24.0,480.0
-46.0,-32.0,-24.0,480.0
-44.0,-32.0,-24.0,480.0
-42.0,-32.0,-24.0,480.0
-40.0,-32.0,-24.0,480.0
-38.0,-32.0,-24.0,480.0
-36.0,-32.0,-24.0,480.0
-34.0,-32.0,-24.0,480.0
-32.0,-32.0,-24.0,480.0
-30.0,-32.0,-24.0,480.0
-28.0,-32.0,-24.0,492.0
-26.0,-32.0,-24.0,492.0
24.0,-32.0,-24.0,332.0
26.0,-32.0,-24.0,332.0
28.0,-32.0,-24.0,332.0
30.0,-32.0,-24.0,332.0
32.0,-32.0,-24.0,332.0
34.0,-32.0,-24.0,332.0
36.0,-32.0,-24.0,332.0
38.0,-32.0,-24.0,332.0
40.0,-32.0,-24.0,332.0
42.0,-32.0,-24.0,526.0
44.0,-32.0,-24.0,526.0
46.0,-32.0,-24.0,526.0
48.0,-32.0,-24.0,269.0
50.0,-32.0,-24.0,269.0
52.0,-32.0,-24.0,269.0
54.0,-32.0,-24.0,474.0
56.0,-32.0,-24.0,474.0
58.0,-32.0,-24.0,474.0
60.0,-32.0,-24.0,474.0
62.0,-32.0,-24.0,474.0
64.0,-32.0,-24.0,26.0
66.0,-32.0,-24.0,26.0
-66.0,-30.0,-24.0,169.0
-64.0,-30.0,-24.0,169.0
-62.0,-30.0,-24.0,169.0
-60.0,-30.0,-24.0,169.0
-58.0,-30.0,-24.0,169.0
-56.0,-30.0,-24.0,169.0
-54.0,-30.0,-24.0,169.0
-52.0,-30.0,-24.0,480.0
-50.0,-30.0,-24.0,480.0
-48.0,-30.0,-24.0,480.0
-46.0,-30.0,-24.0,480.0
-44.0,-30.0,-24.0,480.0
-42.0,-30.0,-24.0,480.0
-40.0,-30.0,-24.0,480.0
-38.0,-30.0,-24.0,480.0
-36.0,-30.0,-24.0,480.0
-34.0,-30.0,-24.0,480.0
-32.0,-30.0,-24.0,480.0
-30.0,-30.0,-24.0,480.0
-28.0,-30.0,-24.0,492.0
-26.0,-30.0,-24.0,492.0
-24.0,-30.0,-24.0,492.0
22.0,-30.0,-24.0,332.0
24.0,-30.0,-24.0,332.0
26.0,-30.0,-24.0,332.0
28.0,-30.0,-24.0,332.0
30.0,-30.0,-24.0,332.0
32.0,-30.0,-24.0,332.0
34.0,-30.0,-24.0,332.0
36.0,-30.0,-24.0,332.0
38.0,-30.0,-24.0,332.0
40.0,-30.0,-24.0,526.0
42.0,-30.0,-24.0,526.0
44.0,-30.0,-24.0,526.0
46.0,-30.0,-24.0,526.0
48.0,-30.0,-24.0,526.0
50.0,-30.0,-24.0,474.0
52.0,-30.0,-24.0,474.0
54.0,-30.0,-24.0,474.0
56.0,-30.0,-24.0,474.0
58.0,-30.0,-24.0,474.0
60.0,-30.0,-24.0,474.0
62.0,-30.0,-24.0,26.0
64.0,-30.0,-24.0,26.0
66.0,-30.0,-24.0,26.0
-68.0,-28.0,-24.0,417.0
-66.0,-28.0,-24.0,169.0
-64.0,-28.0,-24.0,169.0
-62.0,-28.0,-24.0,169.0
-60.0,-28.0,-24.0,169.0
-58.0,-28.0,-24.0,169.0
-56.0,-28.0,-24.0,169.0
-54.0,-28.0,-24.0,503.0
-52.0,-28.0,-24.0,503.0
-50.0,-28.0,-24.0,480.0
-48.0,-28.0,-24.0,480.0
-46.0,-28.0,-24.0,480.0
-44.0,-28.0,-24.0,480.0
-42.0,-28.0,-24.0,480.0
-40.0,-28.0,-24.0,480.0
-38.0,-28.0,-24.0,480.0
-36.0,-28.0,-24.0,480.0
-34.0,-28.0,-24.0,480.0
-32.0,-28.0,-24.0,480.0
-30.0,-28.0,-24.0,490.0
-28.0,-28.0,-24.0,490.0
-26.0,-28.0,-24.0,492.0
-24.0,-28.0,-24.0,492.0
-22.0,-28.0,-24.0,492.0
20.0,-28.0,-24.0,394.0
22.0,-28.0,-24.0,332.0
24.0,-28.0,-24.0,332.0
26.0,-28.0,-24.0,332.0
28.0,-28.0,-24.0,332.0
30.0,-28.0,-24.0,332.0
32.0,-28.0,-24.0,332.0
34.0,-28.0,-24.0,332.0
36.0,-28.0,-24.0,332.0
38.0,-28.0,-24.0,332.0
40.0,-28.0,-24.0,526.0
42.0,-28.0,-24.0,526.0
44.0,-28.0,-24.0,526.0
46.0,-28.0,-24.0,526.0
48.0,-28.0,-24.0,526.0
50.0,-28.0,-24.0,474.0
52.0,-28.0,-24.0,474.0
54.0,-28.0,-24.0,474.0
56.0,-28.0,-24.0,474.0
58.0,-28.0,-24.0,474.0
60.0,-28.0,-24.0,474.0
62.0,-28.0,-24.0,26.0
64.0,-28.0,-24.0,26.0
66.0,-28.0,-24.0,26.0
-68.0,-26.0,-24.0,417.0
-66.0,-26.0,-24.0,417.0
-64.0,-26.0,-24.0,417.0
-62.0,-26.0,-24.0,417.0
-60.0,-26.0,-24.0,503.0
-58.0,-26.0,-24.0,503.0
-56.0,-26.0,-24.0,503.0
-54.0,-26.0,-24.0,503.0
-52.0,-26.0,-24.0,503.0
-50.0,-26.0,-24.0,558.0
-48.0,-26.0,-24.0,558.0
-46.0,-26.0,-24.0,558.0
-44.0,-26.0,-24.0,558.0
-42.0,-26.0,-24.0,480.0
-40.0,-26.0,-24.0,480.0
-38.0,-26.0,-24.0,480.0
-36.0,-26.0,-24.0,480.0
-34.0,-26.0,-24.0,480.0
-32.0,-26.0,-24.0,490.0
-30.0,-26.0,-24.0,490.0
-28.0,-26.0,-24.0,490.0
-26.0,-26.0,-24.0,492.0
-24.0,-26.0,-24.0,492.0
-22.0,-26.0,-24.0,492.0
20.0,-26.0,-24.0,394.0
22.0,-26.0,-24.0,394.0
24.0,-26.0,-24.0,332.0
26.0,-26.0,-24.0,332.0
28.0,-26.0,-24.0,332.0
30.0,-26.0,-24.0,68.0
32.0,-26.0,-24.0,68.0
34.0,-26.0,-24.0,68.0
36.0,-26.0,-24.0,68.0
38.0,-26.0,-24.0,68.0
40.0,-26.0,-24.0,68.0
42.0,-26.0,-24.0,68.0
44.0,-26.0,-24.0,526.0
46.0,-26.0,-24.0,526.0
48.0,-26.0,-24.0,474.0
50.0,-26.0,-24.0,474.0
52.0,-26.0,-24.0,474.0
54.0,-26.0,-24.0,474.0
56.0,-26.0,-24.0,474.0
58.0,-26.0,-24.0,474.0
60.0,-26.0,-24.0,26.0
62.0,-26.0,-24.0,26.0
64.0,-26.0,-24.0,26.0
66.0,-26.0,-24.0,26.0
68.0,-26.0,-24.0,26.0
-68.0,-24.0,-24.0,417.0
-66.0,-24.0,-24.0,417.0
-64.0,-24.0,-24.0,417.0
-62.0,-24.0,-24.0,503.0
-60.0,-24.0,-24.0,503.0
-58.0,-24.0,-24.0,503.0
-56.0,-24.0,-24.0,503.0
-54.0,-24.0,-24.0,503.0
-52.0,-24.0,-24.0,503.0
-50.0,-24.0,-24.0,558.0
-48.0,-24.0,-24.0,558.0
-46.0,-24.0,-24.0,558.0
-44.0,-24.0,-24.0,558.0
-42.0,-24.0,-24.0,558.0
-40.0,-24.0,-24.0,558.0
-38.0,-24.0,-24.0,558.0
-36.0,-24.0,-24.0,558.0
-34.0,-24.0,-24.0,490.0
-32.0,-24.0,-24.0,490.0
-30.0,-24.0,-24.0,490.0
-28.0,-24.0,-24.0,490.0
-26.0,-24.0,-24.0,490.0
-24.0,-24.0,-24.0,492.0
-22.0,-24.0,-24.0,492.0
-20.0,-24.0,-24.0,492.0
20.0,-24.0,-24.0,394.0
22.0,-24.0,-24.0,394.0
24.0,-24.0,-24.0,394.0
26.0,-24.0,-24.0,430.0
28.0,-24.0,-24.0,68.0
30.0,-24.0,-24.0,68.0
32.0,-24.0,-24.0,68.0
34.0,-24.0,-24.0,68.0
36.0,-24.0,-24.0,68.0
38.0,-24.0,-24.0,68.0
40.0,-24.0,-24.0,68.0
42.0,-24.0,-24.0,68.0
44.0,-24.0,-24.0,68.0
46.0,-24.0,-24.0,68.0
48.0,-24.0,-24.0,474.0
50.0,-24.0,-24.0,474.0
52.0,-24.0,-24.0,474.0
54.0,-24.0,-24.0,474.0
56.0,-24.0,-24.0,474.0
58.0,-24.0,-24.0,474.0
60.0,-24.0,-24.0,26.0
62.0,-24.0,-24.0,26.0
64.0,-24.0,-24.0,26.0
66.0,-24.0,-24.0,26.0
68.0,-24.0,-24.0,26.0
-68.0,-22.0,-24.0,417.0
-66.0,-22.0,-24.0,417.0
-64.0,-22.0,-24.0,417.0
-62.0,-22.0,-24.0,503.0
-60.0,-22.0,-24.0,503.0
-58.0,-22.0,-24.0,503.0
-56.0,-22.0,-24.0,503.0
-54.0,-22.0,-24.0,503.0
-52.0,-22.0,-24.0,503.0
-50.0,-22.0,-24.0,558.0
-48.0,-22.0,-24.0,558.0
-46.0,-22.0,-24.0,558.0
-44.0,-22.0,-24.0,558.0
-42.0,-22.0,-24.0,558.0
-40.0,-22.0,-24.0,558.0
-38.0,-22.0,-24.0,558.0
-36.0,-22.0,-24.0,558.0
-34.0,-22.0,-24.0,558.0
-32.0,-22.0,-24.0,490.0
-30.0,-22.0,-24.0,506.0
-28.0,-22.0,-24.0,506.0
-26.0,-22.0,-24.0,506.0
-24.0,-22.0,-24.0,506.0
-22.0,-22.0,-24.0,506.0
-20.0,-22.0,-24.0,492.0
18.0,-22.0,-24.0,394.0
20.0,-22.0,-24.0,394.0
22.0,-22.0,-24.0,394.0
24.0,-22.0,-24.0,394.0
26.0,-22.0,-24.0,96.0
28.0,-22.0,-24.0,68.0
30.0,-22.0,-24.0,68.0
32.0,-22.0,-24.0,68.0
34.0,-22.0,-24.0,68.0
36.0,-22.0,-24.0,68.0
38.0,-22.0,-24.0,68.0
40.0,-22.0,-24.0,68.0
42.0,-22.0,-24.0,68.0
44.0,-22.0,-24.0,68.0
46.0,-22.0,-24.0,68.0
48.0,-22.0,-24.0,68.0
50.0,-22.0,-24.0,474.0
52.0,-22.0,-24.0,474.0
54.0,-22.0,-24.0,474.0
56.0,-22.0,-24.0,474.0
58.0,-22.0,-24.0,26.0
60.0,-22.0,-24.0,26.0
62.0,-22.0,-24.0,26.0
64.0,-22.0,-24.0,26.0
66.0,-22.0,-24.0,26.0
-68.0,-20.0,-24.0,417.0
-66.0,-20.0,-24.0,417.0
-64.0,-20.0,-24.0,417.0
-62.0,-20.0,-24.0,503.0
-60.0,-20.0,-24.0,503.0
-58.0,-20.0,-24.0,503.0
-56.0,-20.0,-24.0,503.0
-54.0,-20.0,-24.0,503.0
-52.0,-20.0,-24.0,503.0
-50.0,-20.0,-24.0,558.0
-48.0,-20.0,-24.0,558.0
-46.0,-20.0,-24.0,558.0
-44.0,-20.0,-24.0,558.0
-42.0,-20.0,-24.0,558.0
-40.0,-20.0,-24.0,558.0
-38.0,-20.0,-24.0,558.0
-36.0,-20.0,-24.0,558.0
-34.0,-20.0,-24.0,506.0
-32.0,-20.0,-24.0,506.0
-30.0,-20.0,-24.0,506.0
-28.0,-20.0,-24.0,506.0
-26.0,-20.0,-24.0,506.0
-24.0,-20.0,-24.0,506.0
-22.0,-20.0,-24.0,506.0
-20.0,-20.0,-24.0,506.0
18.0,-20.0,-24.0,394.0
20.0,-20.0,-24.0,394.0
22.0,-20.0,-24.0,394.0
24.0,-20.0,-24.0,394.0
26.0,-20.0,-24.0,96.0
28.0,-20.0,-24.0,96.0
30.0,-20.0,-24.0,68.0
32.0,-20.0,-24.0,68.0
34.0,-20.0,-24.0,68.0
36.0,-20.0,-24.0,68.0
38.0,-20.0,-24.0,68.0
40.0,-20.0,-24.0,68.0
42.0,-20.0,-24.0,68.0
44.0,-20.0,-24.0,68.0
46.0,-20.0,-24.0,68.0
48.0,-20.0,-24.0,68.0
50.0,-20.0,-24.0,463.0
52.0,-20.0,-24.0,436.0
54.0,-20.0,-24.0,436.0
56.0,-20.0,-24.0,436.0
58.0,-20.0,-24.0,26.0
60.0,-20.0,-24.0,26.0
62.0,-20.0,-24.0,26.0
64.0,-20.0,-24.0,26.0
66.0,-20.0,-24.0,26.0
-68.0,-18.0,-24.0,417.0
-66.0,-18.0,-24.0,417.0
-64.0,-18.0,-24.0,417.0
-62.0,-18.0,-24.0,503.0
-60.0,-18.0,-24.0,503.0
-58.0,-18.0,-24.0,503.0
-56.0,-18.0,-24.0,503.0
-54.0,-18.0,-24.0,503.0
-52.0,-18.0,-24.0,503.0
-50.0,-18.0,-24.0,558.0
-48.0,-18.0,-24.0,558.0
-46.0,-18.0,-24.0,558.0
-44.0,-18.0,-24.0,558.0
-42.0,-18.0,-24.0,558.0
-40.0,-18.0,-24.0,558.0
-38.0,-18.0,-24.0,558.0
-36.0,-18.0,-24.0,506.0
-34.0,-18.0,-24.0,506.0
-32.0,-18.0,-24.0,506.0
-30.0,-18.0,-24.0,506.0
-28.0,-18.0,-24.0,506.0
-26.0,-18.0,-24.0,506.0
-24.0,-18.0,-24.0,506.0
-22.0,-18.0,-24.0,506.0
-20.0,-18.0,-24.0,506.0
18.0,-18.0,-24.0,394.0
20.0,-18.0,-24.0,394.0
22.0,-18.0,-24.0,394.0
24.0,-18.0,-24.0,394.0
26.0,-18.0,-24.0,96.0
28.0,-18.0,-24.0,96.0
30.0,-18.0,-24.0,96.0
32.0,-18.0,-24.0,68.0
34.0,-18.0,-24.0,68.0
36.0,-18.0,-24.0,68.0
38.0,-18.0,-24.0,68.0
40.0,-18.0,-24.0,68.0
42.0,-18.0,-24.0,68.0
44.0,-18.0,-24.0,68.0
46.0,-18.0,-24.0,68.0
48.0,-18.0,-24.0,463.0
50.0,-18.0,-24.0,463.0
52.0,-18.0,-24.0,214.0
54.0,-18.0,-24.0,214.0
56.0,-18.0,-24.0,214.0
58.0,-18.0,-24.0,26.0
60.0,-18.0,-24.0,26.0
62.0,-18.0,-24.0,26.0
64.0,-18.0,-24.0,26.0
66.0,-18.0,-24.0,26.0
-68.0,-16.0,-24.0,417.0
-66.0,-16.0,-24.0,417.0
-64.0,-16.0,-24.0,503.0
-62.0,-16.0,-24.0,503.0
-60.0,-16.0,-24.0,503.0
-58.0,-16.0,-24.0,503.0
-56.0,-16.0,-24.0,503.0
-54.0,-16.0,-24.0,503.0
-52.0,-16.0,-24.0,503.0
-50.0,-16.0,-24.0,558.0
-48.0,-16.0,-24.0,558.0
-46.0,-16.0,-24.0,558.0
-44.0,-16.0,-24.0,558.0
-42.0,-16.0,-24.0,558.0
-40.0,-16.0,-24.0,558.0
-38.0,-16.0,-24.0,506.0
-36.0,-16.0,-24.0,506.0
-34.0,-16.0,-24.0,506.0
-32.0,-16.0,-24.0,506.0
-30.0,-16.0,-24.0,506.0
-28.0,-16.0,-24.0,506.0
-26.0,-16.0,-24.0,506.0
-24.0,-16.0,-24.0,506.0
-22.0,-16.0,-24.0,506.0
-20.0,-16.0,-24.0,396.0
18.0,-16.0,-24.0,394.0
20.0,-16.0,-24.0,394.0
22.0,-16.0,-24.0,394.0
24.0,-16.0,-24.0,394.0
26.0,-16.0,-24.0,96.0
28.0,-16.0,-24.0,96.0
30.0,-16.0,-24.0,96.0
32.0,-16.0,-24.0,96.0
34.0,-16.0,-24.0,96.0
36.0,-16.0,-24.0,68.0
38.0,-16.0,-24.0,68.0
40.0,-16.0,-24.0,68.0
42.0,-16.0,-24.0,68.0
44.0,-16.0,-24.0,68.0
46.0,-16.0,-24.0,463.0
52.0,-16.0,-24.0,214.0
54.0,-16.0,-24.0,214.0
56.0,-16.0,-24.0,152.0
58.0,-16.0,-24.0,152.0
60.0,-16.0,-24.0,26.0
62.0,-16.0,-24.0,26.0
64.0,-16.0,-24.0,26.0
66.0,-16.0,-24.0,26.0
-68.0,-14.0,-24.0,417.0
-66.0,-14.0,-24.0,417.0
-64.0,-14.0,-24.0,503.0
-62.0,-14.0,-24.0,503.0
-60.0,-14.0,-24.0,503.0
-58.0,-14.0,-24.0,503.0
-56.0,-14.0,-24.0,503.0
-54.0,-14.0,-24.0,503.0
-52.0,-14.0,-24.0,503.0
-50.0,-14.0,-24.0,558.0
-48.0,-14.0,-24.0,558.0
-46.0,-14.0,-24.0,558.0
-44.0,-14.0,-24.0,558.0
-42.0,-14.0,-24.0,558.0
-40.0,-14.0,-24.0,506.0
-38.0,-14.0,-24.0,506.0
-36.0,-14.0,-24.0,506.0
-34.0,-14.0,-24.0,506.0
-32.0,-14.0,-24.0,506.0
-30.0,-14.0,-24.0,506.0
-28.0,-14.0,-24.0,506.0
-26.0,-14.0,-24.0,506.0
-24.0,-14.0,-24.0,506.0
-22.0,-14.0,-24.0,506.0
-20.0,-14.0,-24.0,396.0
-18.0,-14.0,-24.0,396.0
18.0,-14.0,-24.0,394.0
20.0,-14.0,-24.0,394.0
22.0,-14.0,-24.0,394.0
24.0,-14.0,-24.0,394.0
26.0,-14.0,-24.0,96.0
28.0,-14.0,-24.0,96.0
30.0,-14.0,-24.0,96.0
32.0,-14.0,-24.0,96.0
34.0,-14.0,-24.0,96.0
36.0,-14.0,-24.0,96.0
38.0,-14.0,-24.0,68.0
40.0,-14.0,-24.0,296.0
42.0,-14.0,-24.0,296.0
44.0,-14.0,-24.0,296.0
46.0,-14.0,-24.0,463.0
52.0,-14.0,-24.0,456.0
54.0,-14.0,-24.0,152.0
56.0,-14.0,-24.0,152.0
58.0,-14.0,-24.0,152.0
60.0,-14.0,-24.0,152.0
62.0,-14.0,-24.0,381.0
64.0,-14.0,-24.0,26.0
66.0,-14.0,-24.0,26.0
-66.0,-12.0,-24.0,417.0
-64.0,-12.0,-24.0,503.0
-62.0,-12.0,-24.0,503.0
-60.0,-12.0,-24.0,503.0
-58.0,-12.0,-24.0,503.0
-56.0,-12.0,-24.0,503.0
-54.0,-12.0,-24.0,503.0
-52.0,-12.0,-24.0,503.0
-50.0,-12.0,-24.0,558.0
-48.0,-12.0,-24.0,558.0
-46.0,-12.0,-24.0,558.0
-44.0,-12.0,-24.0,558.0
-42.0,-12.0,-24.0,506.0
-40.0,-12.0,-24.0,506.0
-38.0,-12.0,-24.0,506.0
-36.0,-12.0,-24.0,506.0
-34.0,-12.0,-24.0,506.0
-32.0,-12.0,-24.0,506.0
-30.0,-12.0,-24.0,506.0
-28.0,-12.0,-24.0,506.0
-26.0,-12.0,-24.0,506.0
-24.0,-12.0,-24.0,506.0
-22.0,-12.0,-24.0,506.0
-20.0,-12.0,-24.0,396.0
-18.0,-12.0,-24.0,396.0
16.0,-12.0,-24.0,394.0
18.0,-12.0,-24.0,394.0
20.0,-12.0,-24.0,394.0
22.0,-12.0,-24.0,394.0
24.0,-12.0,-24.0,96.0
26.0,-12.0,-24.0,96.0
28.0,-12.0,-24.0,96.0
30.0,-12.0,-24.0,96.0
32.0,-12.0,-24.0,96.0
34.0,-12.0,-24.0,96.0
36.0,-12.0,-24.0,96.0
38.0,-12.0,-24.0,96.0
40.0,-12.0,-24.0,296.0
42.0,-12.0,-24.0,296.0
44.0,-12.0,-24.0,296.0
52.0,-12.0,-24.0,152.0
54.0,-12.0,-24.0,152.0
56.0,-12.0,-24.0,152.0
58.0,-12.0,-24.0,152.0
60.0,-12.0,-24.0,152.0
62.0,-12.0,-24.0,152.0
64.0,-12.0,-24.0,381.0
66.0,-12.0,-24.0,381.0
-66.0,-10.0,-24.0,397.0
-64.0,-10.0,-24.0,397.0
-62.0,-10.0,-24.0,503.0
-60.0,-10.0,-24.0,503.0
-58.0,-10.0,-24.0,503.0
-56.0,-10.0,-24.0,503.0
-54.0,-10.0,-24.0,503.0
-52.0,-10.0,-24.0,503.0
-44.0,-10.0,-24.0,506.0
-42.0,-10.0,-24.0,506.0
-40.0,-10.0,-24.0,506.0
-38.0,-10.0,-24.0,506.0
-36.0,-10.0,-24.0,506.0
-34.0,-10.0,-24.0,506.0
-32.0,-10.0,-24.0,506.0
-30.0,-10.0,-24.0,506.0
-28.0,-10.0,-24.0,506.0
-26.0,-10.0,-24.0,506.0
-24.0,-10.0,-24.0,506.0
-22.0,-10.0,-24.0,84.0
-20.0,-10.0,-24.0,396.0
-18.0,-10.0,-24.0,396.0
-16.0,-10.0,-24.0,268.0
14.0,-10.0,-24.0,483.0
16.0,-10.0,-24.0,483.0
18.0,-10.0,-24.0,483.0
20.0,-10.0,-24.0,394.0
22.0,-10.0,-24.0,394.0
24.0,-10.0,-24.0,96.0
26.0,-10.0,-24.0,96.0
28.0,-10.0,-24.0,96.0
30.0,-10.0,-24.0,96.0
32.0,-10.0,-24.0,96.0
34.0,-10.0,-24.0,96.0
36.0,-10.0,-24.0,96.0
38.0,-10.0,-24.0,96.0
40.0,-10.0,-24.0,296.0
52.0,-10.0,-24.0,152.0
54.0,-10.0,-24.0,152.0
56.0,-10.0,-24.0,152.0
58.0,-10.0,-24.0,152.0
60.0,-10.0,-24.0,152.0
62.0,-10.0,-24.0,152.0
64.0,-10.0,-24.0,152.0
66.0,-10.0,-24.0,381.0
-66.0,-8.0,-24.0,397.0
-64.0,-8.0,-24.0,397.0
-62.0,-8.0,-24.0,397.0
-60.0,-8.0,-24.0,397.0
-58.0,-8.0,-24.0,503.0
-56.0,-8.0,-24.0,503.0
-54.0,-8.0,-24.0,503.0
-52.0,-8.0,-24.0,115.0
-42.0,-8.0,-24.0,506.0
-40.0,-8.0,-24.0,506.0
-38.0,-8.0,-24.0,506.0
-36.0,-8.0,-24.0,506.0
-34.0,-8.0,-24.0,506.0
-32.0,-8.0,-24.0,506.0
-30.0,-8.0,-24.0,506.0
-28.0,-8.0,-24.0,506.0
-26.0,-8.0,-24.0,506.0
-24.0,-8.0,-24.0,84.0
-22.0,-8.0,-24.0,84.0
-20.0,-8.0,-24.0,396.0
-18.0,-8.0,-24.0,268.0
-16.0,-8.0,-24.0,268.0
-14.0,-8.0,-24.0,268.0
14.0,-8.0,-24.0,483.0
16.0,-8.0,-24.0,483.0
18.0,-8.0,-24.0,483.0
20.0,-8.0,-24.0,483.0
22.0,-8.0,-24.0,394.0
24.0,-8.0,-24.0,96.0
26.0,-8.0,-24.0,96.0
28.0,-8.0,-24.0,96.0
30.0,-8.0,-24.0,96.0
32.0,-8.0,-24.0,96.0
34.0,-8.0,-24.0,96.0
52.0,-8.0,-24.0,152.0
54.0,-8.0,-24.0,152.0
56.0,-8.0,-24.0,152.0
58.0,-8.0,-24.0,152.0
60.0,-8.0,-24.0,152.0
62.0,-8.0,-24.0,152.0
64.0,-8.0,-24.0,152.0
-66.0,-6.0,-24.0,397.0
-64.0,-6.0,-24.0,397.0
-62.0,-6.0,-24.0,397.0
-60.0,-6.0,-24.0,397.0
-58.0,-6.0,-24.0,397.0
-56.0,-6.0,-24.0,115.0
-54.0,-6.0,-24.0,115.0
-52.0,-6.0,-24.0,115.0
-50.0,-6.0,-24.0,115.0
-36.0,-6.0,-24.0,506.0
-34.0,-6.0,-24.0,506.0
-32.0,-6.0,-24.0,506.0
-30.0,-6.0,-24.0,506.0
-28.0,-6.0,-24.0,506.0
-26.0,-6.0,-24.0,84.0
-24.0,-6.0,-24.0,84.0
-22.0,-6.0,-24.0,84.0
-20.0,-6.0,-24.0,396.0
-18.0,-6.0,-24.0,268.0
-16.0,-6.0,-24.0,268.0
-14.0,-6.0,-24.0,268.0
12.0,-6.0,-24.0,483.0
14.0,-6.0,-24.0,483.0
16.0,-6.0,-24.0,483.0
18.0,-6.0,-24.0,483.0
20.0,-6.0,-24.0,483.0
22.0,-6.0,-24.0,483.0
24.0,-6.0,-24.0,96.0
26.0,-6.0,-24.0,96.0
28.0,-6.0,-24.0,96.0
30.0,-6.0,-24.0,96.0
32.0,-6.0,-24.0,96.0
34.0,-6.0,-24.0,96.0
48.0,-6.0,-24.0,152.0
50.0,-6.0,-24.0,152.0
52.0,-6.0,-24.0,152.0
54.0,-6.0,-24.0,152.0
56.0,-6.0,-24.0,152.0
58.0,-6.0,-24.0,152.0
60.0,-6.0,-24.0,152.0
62.0,-6.0,-24.0,152.0
64.0,-6.0,-24.0,152.0
-66.0,-4.0,-24.0,397.0
-64.0,-4.0,-24.0,397.0
-62.0,-4.0,-24.0,397.0
-60.0,-4.0,-24.0,397.0
-58.0,-4.0,-24.0,397.0
-56.0,-4.0,-24.0,397.0
-54.0,-4.0,-24.0,115.0
-52.0,-4.0,-24.0,115.0
-50.0,-4.0,-24.0,115.0
-48.0,-4.0,-24.0,115.0
-34.0,-4.0,-24.0,506.0
-32.0,-4.0,-24.0,506.0
-30.0,-4.0,-24.0,506.0
-28.0,-4.0,-24.0,84.0
-26.0,-4.0,-24.0,84.0
-24.0,-4.0,-24.0,84.0
-22.0,-4.0,-24.0,84.0
-20.0,-4.0,-24.0,84.0
-18.0,-4.0,-24.0,268.0
-16.0,-4.0,-24.0,268.0
-14.0,-4.0,-24.0,268.0
-12.0,-4.0,-24.0,268.0
12.0,-4.0,-24.0,483.0
14.0,-4.0,-24.0,483.0
16.0,-4.0,-24.0,483.0
18.0,-4.0,-24.0,483.0
20.0,-4.0,-24.0,483.0
22.0,-4.0,-24.0,483.0
24.0,-4.0,-24.0,590.0
26.0,-4.0,-24.0,590.0
28.0,-4.0,-24.0,96.0
30.0,-4.0,-24.0,96.0
32.0,-4.0,-24.0,96.0
34.0,-4.0,-24.0,96.0
46.0,-4.0,-24.0,152.0
48.0,-4.0,-24.0,152.0
50.0,-4.0,-24.0,152.0
52.0,-4.0,-24.0,152.0
54.0,-4.0,-24.0,152.0
56.0,-4.0,-24.0,152.0
58.0,-4.0,-24.0,152.0
60.0,-4.0,-24.0,152.0
62.0,-4.0,-24.0,152.0
64.0,-4.0,-24.0,152.0
-64.0,-2.0,-24.0,397.0
-62.0,-2.0,-24.0,397.0
-60.0,-2.0,-24.0,397.0
-58.0,-2.0,-24.0,397.0
-56.0,-2.0,-24.0,397.0
-54.0,-2.0,-24.0,397.0
-52.0,-2.0,-24.0,115.0
-50.0,-2.0,-24.0,115.0
-48.0,-2.0,-24.0,115.0
-34.0,-2.0,-24.0,506.0
-32.0,-2.0,-24.0,506.0
-30.0,-2.0,-24.0,84.0
-28.0,-2.0,-24.0,84.0
-26.0,-2.0,-24.0,84.0
-24.0,-2.0,-24.0,84.0
-22.0,-2.0,-24.0,84.0
-20.0,-2.0,-24.0,84.0
-18.0,-2.0,-24.0,268.0
-16.0,-2.0,-24.0,268.0
-14.0,-2.0,-24.0,268.0
-12.0,-2.0,-24.0,268.0
12.0,-2.0,-24.0,483.0
14.0,-2.0,-24.0,483.0
16.0,-2.0,-24.0,483.0
18.0,-2.0,-24.0,483.0
20.0,-2.0,-24.0,483.0
22.0,-2.0,-24.0,483.0
24.0,-2.0,-24.0,590.0
26.0,-2.0,-24.0,590.0
28.0,-2.0,-24.0,590.0
30.0,-2.0,-24.0,590.0
32.0,-2.0,-24.0,590.0
34.0,-2.0,-24.0,96.0
46.0,-2.0,-24.0,152.0
48.0,-2.0,-24.0,152.0
50.0,-2.0,-24.0,152.0
52.0,-2.0,-24.0,152.0
54.0,-2.0,-24.0,152.0
56.0,-2.0,-24.0,152.0
58.0,-2.0,-24.0,152.0
60.0,-2.0,-24.0,152.0
62.0,-2.0,-24.0,152.0
-64.0,-0.0,-24.0,397.0
-62.0,-0.0,-24.0,397.0
-60.0,-0.0,-24.0,397.0
-58.0,-0.0,-24.0,397.0
-56.0,-0.0,-24.0,397.0
-54.0,-0.0,-24.0,397.0
-52.0,-0.0,-24.0,426.0
-50.0,-0.0,-24.0,426.0
-48.0,-0.0,-24.0,514.0
-34.0,-0.0,-24.0,506.0
-32.0,-0.0,-24.0,84.0
-30.0,-0.0,-24.0,84.0
-28.0,-0.0,-24.0,84.0
-26.0,-0.0,-24.0,84.0
-24.0,-0.0,-24.0,84.0
-22.0,-0.0,-24.0,84.0
-20.0,-0.0,-24.0,84.0
-18.0,-0.0,-24.0,268.0
-16.0,-0.0,-24.0,268.0
-14.0,-0.0,-24.0,268.0
14.0,-0.0,-24.0,483.0
16.0,-0.0,-24.0,483.0
18.0,-0.0,-24.0,483.0
20.0,-0.0,-24.0,483.0
22.0,-0.0,-24.0,590.0
24.0,-0.0,-24.0,590.0
26.0,-0.0,-24.0,590.0
28.0,-0.0,-24.0,590.0
30.0,-0.0,-24.0,590.0
32.0,-0.0,-24.0,590.0
34.0,-0.0,-24.0,590.0
36.0,-0.0,-24.0,590.0
46.0,-0.0,-24.0,207.0
48.0,-0.0,-24.0,152.0
50.0,-0.0,-24.0,152.0
52.0,-0.0,-24.0,152.0
54.0,-0.0,-24.0,152.0
56.0,-0.0,-24.0,152.0
58.0,-0.0,-24.0,152.0
60.0,-0.0,-24.0,152.0
62.0,-0.0,-24.0,152.0
-64.0,2.0,-24.0,397.0
-62.0,2.0,-24.0,397.0
-60.0,2.0,-24.0,397.0
-58.0,2.0,-24.0,397.0
-56.0,2.0,-24.0,397.0
-54.0,2.0,-24.0,426.0
-52.0,2.0,-24.0,426.0
-50.0,2.0,-24.0,426.0
-48.0,2.0,-24.0,514.0
-46.0,2.0,-24.0,514.0
-36.0,2.0,-24.0,174.0
-34.0,2.0,-24.0,174.0
-32.0,2.0,-24.0,84.0
-30.0,2.0,-24.0,84.0
-28.0,2.0,-24.0,84.0
-26.0,2.0,-24.0,84.0
-24.0,2.0,-24.0,84.0
-22.0,2.0,-24.0,84.0
-20.0,2.0,-24.0,84.0
-18.0,2.0,-24.0,268.0
-16.0,2.0,-24.0,268.0
14.0,2.0,-24.0,483.0
16.0,2.0,-24.0,483.0
18.0,2.0,-24.0,483.0
20.0,2.0,-24.0,483.0
22.0,2.0,-24.0,590.0
24.0,2.0,-24.0,590.0
26.0,2.0,-24.0,590.0
28.0,2.0,-24.0,590.0
30.0,2.0,-24.0,590.0
32.0,2.0,-24.0,590.0
34.0,2.0,-24.0,590.0
36.0,2.0,-24.0,590.0
38.0,2.0,-24.0,369.0
40.0,2.0,-24.0,369.0
42.0,2.0,-24.0,207.0
44.0,2.0,-24.0,207.0
46.0,2.0,-24.0,207.0
48.0,2.0,-24.0,207.0
50.0,2.0,-24.0,207.0
52.0,2.0,-24.0,207.0
54.0,2.0,-24.0,207.0
56.0,2.0,-24.0,152.0
58.0,2.0,-24.0,152.0
60.0,2.0,-24.0,152.0
62.0,2.0,-24.0,152.0
-62.0,4.0,-24.0,397.0
-60.0,4.0,-24.0,397.0
-58.0,4.0,-24.0,426.0
-56.0,4.0,-24.0,426.0
-54.0,4.0,-24.0,426.0
-52.0,4.0,-24.0,426.0
-50.0,4.0,-24.0,426.0
-48.0,4.0,-24.0,514.0
-46.0,4.0,-24.0,514.0
-44.0,4.0,-24.0,514.0
-42.0,4.0,-24.0,514.0
-40.0,4.0,-24.0,514.0
-38.0,4.0,-24.0,514.0
-36.0,4.0,-24.0,174.0
-34.0,4.0,-24.0,174.0
-32.0,4.0,-24.0,174.0
-30.0,4.0,-24.0,554.0
-28.0,4.0,-24.0,554.0
-26.0,4.0,-24.0,554.0
-24.0,4.0,-24.0,554.0
-22.0,4.0,-24.0,554.0
-20.0,4.0,-24.0,364.0
-18.0,4.0,-24.0,268.0
-16.0,4.0,-24.0,268.0
16.0,4.0,-24.0,483.0
18.0,4.0,-24.0,483.0
20.0,4.0,-24.0,590.0
22.0,4.0,-24.0,590.0
24.0,4.0,-24.0,590.0
26.0,4.0,-24.0,590.0
28.0,4.0,-24.0,590.0
30.0,4.0,-24.0,590.0
32.0,4.0,-24.0,590.0
34.0,4.0,-24.0,590.0
36.0,4.0,-24.0,590.0
38.0,4.0,-24.0,369.0
40.0,4.0,-24.0,207.0
42.0,4.0,-24.0,207.0
44.0,4.0,-24.0,207.0
46.0,4.0,-24.0,207.0
48.0,4.0,-24.0,207.0
50.0,4.0,-24.0,207.0
52.0,4.0,-24.0,207.0
54.0,4.0,-24.0,207.0
56.0,4.0,-24.0,207.0
58.0,4.0,-24.0,207.0
60.0,4.0,-24.0,207.0
-62.0,6.0,-24.0,397.0
-60.0,6.0,-24.0,426.0
-58.0,6.0,-24.0,426.0
-56.0,6.0,-24.0,426.0
-54.0,6.0,-24.0,426.0
-52.0,6.0,-24.0,426.0
-50.0,6.0,-24.0,426.0
-48.0,6.0,-24.0,514.0
-46.0,6.0,-24.0,514.0
-44.0,6.0,-24.0,514.0
-42.0,6.0,-24.0,514.0
-40.0,6.0,-24.0,514.0
-38.0,6.0,-24.0,514.0
-36.0,6.0,-24.0,174.0
-34.0,6.0,-24.0,174.0
-32.0,6.0,-24.0,174.0
-30.0,6.0,-24.0,554.0
-28.0,6.0,-24.0,554.0
-26.0,6.0,-24.0,554.0
-24.0,6.0,-24.0,554.0
-22.0,6.0,-24.0,554.0
-20.0,6.0,-24.0,364.0
-18.0,6.0,-24.0,364.0
20.0,6.0,-24.0,143.0
22.0,6.0,-24.0,590.0
24.0,6.0,-24.0,590.0
26.0,6.0,-24.0,590.0
28.0,6.0,-24.0,590.0
30.0,6.0,-24.0,590.0
32.0,6.0,-24.0,590.0
34.0,6.0,-24.0,590.0
36.0,6.0,-24.0,590.0
38.0,6.0,-24.0,429.0
40.0,6.0,-24.0,429.0
42.0,6.0,-24.0,207.0
44.0,6.0,-24.0,207.0
46.0,6.0,-24.0,207.0
48.0,6.0,-24.0,207.0
50.0,6.0,-24.0,207.0
52.0,6.0,-24.0,207.0
54.0,6.0,-24.0,207.0
56.0,6.0,-24.0,207.0
58.0,6.0,-24.0,207.0
60.0,6.0,-24.0,207.0
-60.0,8.0,-24.0,426.0
-58.0,8.0,-24.0,426.0
-56.0,8.0,-24.0,426.0
-54.0,8.0,-24.0,426.0
-52.0,8.0,-24.0,426.0
-50.0,8.0,-24.0,426.0
-48.0,8.0,-24.0,514.0
-46.0,8.0,-24.0,514.0
-44.0,8.0,-24.0,514.0
-42.0,8.0,-24.0,514.0
-40.0,8.0,-24.0,514.0
-38.0,8.0,-24.0,514.0
-36.0,8.0,-24.0,174.0
-34.0,8.0,-24.0,174.0
-32.0,8.0,-24.0,174.0
-30.0,8.0,-24.0,554.0
-28.0,8.0,-24.0,554.0
-26.0,8.0,-24.0,554.0
-24.0,8.0,-24.0,554.0
-22.0,8.0,-24.0,554.0
20.0,8.0,-24.0,143.0
28.0,8.0,-24.0,590.0
30.0,8.0,-24.0,590.0
32.0,8.0,-24.0,590.0
34.0,8.0,-24.0,590.0
36.0,8.0,-24.0,429.0
38.0,8.0,-24.0,429.0
40.0,8.0,-24.0,429.0
42.0,8.0,-24.0,429.0
44.0,8.0,-24.0,207.0
46.0,8.0,-24.0,207.0
48.0,8.0,-24.0,207.0
50.0,8.0,-24.0,207.0
52.0,8.0,-24.0,207.0
54.0,8.0,-24.0,207.0
56.0,8.0,-24.0,207.0
58.0,8.0,-24.0,207.0
-58.0,10.0,-24.0,426.0
-56.0,10.0,-24.0,426.0
-54.0,10.0,-24.0,426.0
-52.0,10.0,-24.0,426.0
-50.0,10.0,-24.0,426.0
-48.0,10.0,-24.0,514.0
-46.0,10.0,-24.0,514.0
-44.0,10.0,-24.0,514.0
-42.0,10.0,-24.0,514.0
-40.0,10.0,-24.0,514.0
-38.0,10.0,-24.0,514.0
-36.0,10.0,-24.0,174.0
-34.0,10.0,-24.0,174.0
-32.0,10.0,-24.0,174.0
-30.0,10.0,-24.0,174.0
-28.0,10.0,-24.0,554.0
-20.0,10.0,-24.0,364.0
-18.0,10.0,-24.0,364.0
16.0,10.0,-24.0,143.0
18.0,10.0,-24.0,143.0
20.0,10.0,-24.0,143.0
22.0,10.0,-24.0,143.0
24.0,10.0,-24.0,590.0
34.0,10.0,-24.0,429.0
36.0,10.0,-24.0,429.0
38.0,10.0,-24.0,429.0
40.0,10.0,-24.0,429.0
42.0,10.0,-24.0,429.0
44.0,10.0,-24.0,207.0
46.0,10.0,-24.0,207.0
48.0,10.0,-24.0,207.0
50.0,10.0,-24.0,207.0
52.0,10.0,-24.0,207.0
54.0,10.0,-24.0,207.0
56.0,10.0,-24.0,207.0
-58.0,12.0,-24.0,426.0
-56.0,12.0,-24.0,426.0
-54.0,12.0,-24.0,426.0
-52.0,12.0,-24.0,426.0
-50.0,12.0,-24.0,426.0
-48.0,12.0,-24.0,426.0
-46.0,12.0,-24.0,514.0
-44.0,12.0,-24.0,514.0
-42.0,12.0,-24.0,514.0
-40.0,12.0,-24.0,514.0
-38.0,12.0,-24.0,514.0
-36.0,12.0,-24.0,174.0
-24.0,12.0,-24.0,554.0
-22.0,12.0,-24.0,554.0
-20.0,12.0,-24.0,364.0
-18.0,12.0,-24.0,395.0
-16.0,12.0,-24.0,395.0
-14.0,12.0,-24.0,395.0
-12.0,12.0,-24.0,395.0
-10.0,12.0,-24.0,395.0
8.0,12.0,-24.0,294.0
10.0,12.0,-24.0,143.0
12.0,12.0,-24.0,143.0
14.0,12.0,-24.0,143.0
16.0,12.0,-24.0,143.0
18.0,12.0,-24.0,143.0
20.0,12.0,-24.0,143.0
22.0,12.0,-24.0,143.0
24.0,12.0,-24.0,143.0
26.0,12.0,-24.0,590.0
36.0,12.0,-24.0,429.0
38.0,12.0,-24.0,429.0
40.0,12.0,-24.0,429.0
42.0,12.0,-24.0,429.0
44.0,12.0,-24.0,429.0
46.0,12.0,-24.0,207.0
48.0,12.0,-24.0,207.0
50.0,12.0,-24.0,207.0
52.0,12.0,-24.0,207.0
54.0,12.0,-24.0,207.0
56.0,12.0,-24.0,207.0
-56.0,14.0,-24.0,426.0
-54.0,14.0,-24.0,426.0
-52.0,14.0,-24.0,426.0
-50.0,14.0,-24.0,67.0
-48.0,14.0,-24.0,67.0
-46.0,14.0,-24.0,514.0
-44.0,14.0,-24.0,514.0
-42.0,14.0,-24.0,514.0
-40.0,14.0,-24.0,514.0
-38.0,14.0,-24.0,514.0
-26.0,14.0,-24.0,554.0
-24.0,14.0,-24.0,554.0
-22.0,14.0,-24.0,554.0
-20.0,14.0,-24.0,310.0
-18.0,14.0,-24.0,395.0
-16.0,14.0,-24.0,395.0
-14.0,14.0,-24.0,395.0
-12.0,14.0,-24.0,395.0
-10.0,14.0,-24.0,107.0
-8.0,14.0,-24.0,107.0
-6.0,14.0,-24.0,107.0
-4.0,14.0,-24.0,107.0
6.0,14.0,-24.0,294.0
8.0,14.0,-24.0,294.0
10.0,14.0,-24.0,143.0
12.0,14.0,-24.0,143.0
14.0,14.0,-24.0,143.0
16.0,14.0,-24.0,143.0
18.0,14.0,-24.0,143.0
20.0,14.0,-24.0,143.0
22.0,14.0,-24.0,143.0
24.0,14.0,-24.0,143.0
26.0,14.0,-24.0,143.0
28.0,14.0,-24.0,590.0
38.0,14.0,-24.0,429.0
40.0,14.0,-24.0,429.0
42.0,14.0,-24.0,429.0
44.0,14.0,-24.0,429.0
46.0,14.0,-24.0,429.0
48.0,14.0,-24.0,207.0
50.0,14.0,-24.0,207.0
52.0,14.0,-24.0,207.0
54.0,14.0,-24.0,207.0
-54.0,16.0,-24.0,67.0
-52.0,16.0,-24.0,67.0
-50.0,16.0,-24.0,67.0
-48.0,16.0,-24.0,67.0
-46.0,16.0,-24.0,67.0
-44.0,16.0,-24.0,514.0
-42.0,16.0,-24.0,514.0
-40.0,16.0,-24.0,514.0
-38.0,16.0,-24.0,514.0
-28.0,16.0,-24.0,554.0
-26.0,16.0,-24.0,554.0
-24.0,16.0,-24.0,310.0
-22.0,16.0,-24.0,310.0
-20.0,16.0,-24.0,310.0
-18.0,16.0,-24.0,310.0
-16.0,16.0,-24.0,310.0
-14.0,16.0,-24.0,310.0
-12.0,16.0,-24.0,107.0
-10.0,16.0,-24.0,107.0
-8.0,16.0,-24.0,107.0
-6.0,16.0,-24.0,107.0
-4.0,16.0,-24.0,107.0
-2.0,16.0,-24.0,107.0
4.0,16.0,-24.0,294.0
6.0,16.0,-24.0,228.0
8.0,16.0,-24.0,228.0
10.0,16.0,-24.0,228.0
12.0,16.0,-24.0,228.0
14.0,16.0,-24.0,228.0
16.0,16.0,-24.0,143.0
18.0,16.0,-24.0,143.0
20.0,16.0,-24.0,143.0
22.0,16.0,-24.0,143.0
24.0,16.0,-24.0,143.0
26.0,16.0,-24.0,143.0
28.0,16.0,-24.0,143.0
30.0,16.0,-24.0,429.0
38.0,16.0,-24.0,429.0
40.0,16.0,-24.0,429.0
42.0,16.0,-24.0,429.0
44.0,16.0,-24.0,429.0
46.0,16.0,-24.0,429.0
48.0,16.0,-24.0,429.0
50.0,16.0,-24.0,207.0
52.0,16.0,-24.0,207.0
-54.0,18.0,-24.0,67.0
-52.0,18.0,-24.0,67.0
-50.0,18.0,-24.0,67.0
-48.0,18.0,-24.0,67.0
-46.0,18.0,-24.0,67.0
-44.0,18.0,-24.0,67.0
-42.0,18.0,-24.0,514.0
-40.0,18.0,-24.0,514.0
-38.0,18.0,-24.0,514.0
-28.0,18.0,-24.0,174.0
-26.0,18.0,-24.0,310.0
-24.0,18.0,-24.0,310.0
-22.0,18.0,-24.0,310.0
-20.0,18.0,-24.0,310.0
-18.0,18.0,-24.0,310.0
-16.0,18.0,-24.0,310.0
-14.0,18.0,-24.0,310.0
-12.0,18.0,-24.0,107.0
-10.0,18.0,-24.0,107.0
-8.0,18.0,-24.0,107.0
-6.0,18.0,-24.0,107.0
-4.0,18.0,-24.0,107.0
-2.0,18.0,-24.0,107.0
4.0,18.0,-24.0,228.0
6.0,18.0,-24.0,228.0
8.0,18.0,-24.0,228.0
10.0,18.0,-24.0,228.0
12.0,18.0,-24.0,228.0
14.0,18.0,-24.0,228.0
16.0,18.0,-24.0,228.0
18.0,18.0,-24.0,228.0
20.0,18.0,-24.0,228.0
22.0,18.0,-24.0,228.0
24.0,18.0,-24.0,143.0
26.0,18.0,-24.0,143.0
28.0,18.0,-24.0,143.0
30.0,18.0,-24.0,429.0
32.0,18.0,-24.0,429.0
38.0,18.0,-24.0,429.0
40.0,18.0,-24.0,429.0
42.0,18.0,-24.0,429.0
44.0,18.0,-24.0,429.0
46.0,18.0,-24.0,429.0
48.0,18.0,-24.0,429.0
50.0,18.0,-24.0,207.0
52.0,18.0,-24.0,207.0
-52.0,20.0,-24.0,67.0
-50.0,20.0,-24.0,67.0
-48.0,20.0,-24.0,67.0
-46.0,20.0,-24.0,67.0
-44.0,20.0,-24.0,67.0
-42.0,20.0,-24.0,514.0
-40.0,20.0,-24.0,514.0
-38.0,20.0,-24.0,514.0
-30.0,20.0,-24.0,174.0
-28.0,20.0,-24.0,310.0
-26.0,20.0,-24.0,310.0
-24.0,20.0,-24.0,310.0
-22.0,20.0,-24.0,310.0
-20.0,20.0,-24.0,310.0
-18.0,20.0,-24.0,310.0
-16.0,20.0,-24.0,310.0
-14.0,20.0,-24.0,310.0
-12.0,20.0,-24.0,310.0
-10.0,20.0,-24.0,107.0
-8.0,20.0,-24.0,107.0
-6.0,20.0,-24.0,107.0
-4.0,20.0,-24.0,107.0
-2.0,20.0,-24.0,175.0
0.0,20.0,-24.0,175.0
2.0,20.0,-24.0,175.0
4.0,20.0,-24.0,479.0
6.0,20.0,-24.0,228.0
8.0,20.0,-24.0,228.0
10.0,20.0,-24.0,228.0
12.0,20.0,-24.0,228.0
14.0,20.0,-24.0,228.0
16.0,20.0,-24.0,228.0
18.0,20.0,-24.0,228.0
20.0,20.0,-24.0,228.0
22.0,20.0,-24.0,228.0
24.0,20.0,-24.0,109.0
26.0,20.0,-24.0,109.0
28.0,20.0,-24.0,109.0
30.0,20.0,-24.0,429.0
32.0,20.0,-24.0,429.0
34.0,20.0,-24.0,429.0
38.0,20.0,-24.0,429.0
40.0,20.0,-24.0,429.0
42.0,20.0,-24.0,429.0
44.0,20.0,-24.0,429.0
46.0,20.0,-24.0,429.0
48.0,20.0,-24.0,429.0
50.0,20.0,-24.0,429.0
-52.0,22.0,-24.0,67.0
-50.0,22.0,-24.0,67.0
-48.0,22.0,-24.0,67.0
-46.0,22.0,-24.0,67.0
-44.0,22.0,-24.0,67.0
-42.0,22.0,-24.0,67.0
-40.0,22.0,-24.0,514.0
-32.0,22.0,-24.0,174.0
-30.0,22.0,-24.0,310.0
-28.0,22.0,-24.0,310.0
-26.0,22.0,-24.0,310.0
-24.0,22.0,-24.0,310.0
-22.0,22.0,-24.0,310.0
-20.0,22.0,-24.0,310.0
-18.0,22.0,-24.0,310.0
-16.0,22.0,-24.0,310.0
-14.0,22.0,-24.0,310.0
-12.0,22.0,-24.0,310.0
-10.0,22.0,-24.0,107.0
-8.0,22.0,-24.0,107.0
-6.0,22.0,-24.0,107.0
-4.0,22.0,-24.0,175.0
-2.0,22.0,-24.0,175.0
0.0,22.0,-24.0,175.0
2.0,22.0,-24.0,175.0
4.0,22.0,-24.0,479.0
6.0,22.0,-24.0,228.0
8.0,22.0,-24.0,228.0
10.0,22.0,-24.0,228.0
12.0,22.0,-24.0,228.0
14.0,22.0,-24.0,228.0
16.0,22.0,-24.0,228.0
18.0,22.0,-24.0,228.0
20.0,22.0,-24.0,228.0
22.0,22.0,-24.0,109.0
24.0,22.0,-24.0,109.0
26.0,22.0,-24.0,109.0
28.0,22.0,-24.0,109.0
30.0,22.0,-24.0,429.0
32.0,22.0,-24.0,429.0
34.0,22.0,-24.0,429.0
40.0,22.0,-24.0,429.0
42.0,22.0,-24.0,429.0
44.0,22.0,-24.0,429.0
46.0,22.0,-24.0,429.0
48.0,22.0,-24.0,429.0
-50.0,24.0,-24.0,67.0
-48.0,24.0,-24.0,67.0
-46.0,24.0,-24.0,67.0
-44.0,24.0,-24.0,67.0
-42.0,24.0,-24.0,67.0
-40.0,24.0,-24.0,53.0
-32.0,24.0,-24.0,318.0
-30.0,24.0,-24.0,310.0
-28.0,24.0,-24.0,310.0
-26.0,24.0,-24.0,310.0
-24.0,24.0,-24.0,310.0
-22.0,24.0,-24.0,310.0
-20.0,24.0,-24.0,310.0
-18.0,24.0,-24.0,310.0
-16.0,24.0,-24.0,310.0
-14.0,24.0,-24.0,310.0
-12.0,24.0,-24.0,310.0
-10.0,24.0,-24.0,310.0
-8.0,24.0,-24.0,175.0
-6.0,24.0,-24.0,175.0
-4.0,24.0,-24.0,175.0
-2.0,24.0,-24.0,175.0
0.0,24.0,-24.0,175.0
2.0,24.0,-24.0,175.0
4.0,24.0,-24.0,479.0
6.0,24.0,-24.0,479.0
8.0,24.0,-24.0,228.0
10.0,24.0,-24.0,228.0
12.0,24.0,-24.0,228.0
14.0,24.0,-24.0,228.0
16.0,24.0,-24.0,228.0
18.0,24.0,-24.0,228.0
20.0,24.0,-24.0,109.0
22.0,24.0,-24.0,109.0
24.0,24.0,-24.0,109.0
26.0,24.0,-24.0,109.0
28.0,24.0,-24.0,109.0
30.0,24.0,-24.0,129.0
32.0,24.0,-24.0,429.0
34.0,24.0,-24.0,429.0
42.0,24.0,-24.0,429.0
44.0,24.0,-24.0,429.0
46.0,24.0,-24.0,429.0
-46.0,26.0,-24.0,67.0
-44.0,26.0,-24.0,67.0
-42.0,26.0,-24.0,53.0
-40.0,26.0,-24.0,53.0
-34.0,26.0,-24.0,53.0
-32.0,26.0,-24.0,53.0
-30.0,26.0,-24.0,310.0
-28.0,26.0,-24.0,310.0
-26.0,26.0,-24.0,310.0
-24.0,26.0,-24.0,310.0
-22.0,26.0,-24.0,310.0
-20.0,26.0,-24.0,310.0
-18.0,26.0,-24.0,310.0
-16.0,26.0,-24.0,310.0
-14.0,26.0,-24.0,310.0
-12.0,26.0,-24.0,597.0
-10.0,26.0,-24.0,597.0
-8.0,26.0,-24.0,175.0
-6.0,26.0,-24.0,175.0
-4.0,26.0,-24.0,175.0
-2.0,26.0,-24.0,175.0
0.0,26.0,-24.0,175.0
2.0,26.0,-24.0,175.0
4.0,26.0,-24.0,479.0
6.0,26.0,-24.0,479.0
8.0,26.0,-24.0,228.0
10.0,26.0,-24.0,228.0
12.0,26.0,-24.0,228.0
14.0,26.0,-24.0,228.0
16.0,26.0,-24.0,228.0
18.0,26.0,-24.0,109.0
20.0,26.0,-24.0,109.0
22.0,26.0,-24.0,109.0
24.0,26.0,-24.0,109.0
26.0,26.0,-24.0,109.0
28.0,26.0,-24.0,109.0
30.0,26.0,-24.0,129.0
32.0,26.0,-24.0,429.0
34.0,26.0,-24.0,429.0
-42.0,28.0,-24.0,53.0
-32.0,28.0,-24.0,53.0
-22.0,28.0,-24.0,310.0
-20.0,28.0,-24.0,310.0
-18.0,28.0,-24.0,310.0
-16.0,28.0,-24.0,310.0
-14.0,28.0,-24.0,597.0
-12.0,28.0,-24.0,597.0
-10.0,28.0,-24.0,484.0
-8.0,28.0,-24.0,175.0
-6.0,28.0,-24.0,175.0
-4.0,28.0,-24.0,175.0
-2.0,28.0,-24.0,175.0
0.0,28.0,-24.0,175.0
2.0,28.0,-24.0,175.0
4.0,28.0,-24.0,479.0
6.0,28.0,-24.0,479.0
8.0,28.0,-24.0,479.0
10.0,28.0,-24.0,228.0
12.0,28.0,-24.0,228.0
14.0,28.0,-24.0,228.0
16.0,28.0,-24.0,109.0
18.0,28.0,-24.0,109.0
20.0,28.0,-24.0,109.0
22.0,28.0,-24.0,109.0
-22.0,30.0,-24.0,310.0
-20.0,30.0,-24.0,310.0
-18.0,30.0,-24.0,597.0
-16.0,30.0,-24.0,597.0
-14.0,30.0,-24.0,484.0
-12.0,30.0,-24.0,484.0
-10.0,30.0,-24.0,484.0
-8.0,30.0,-24.0,484.0
-6.0,30.0,-24.0,175.0
-4.0,30.0,-24.0,175.0
-2.0,30.0,-24.0,175.0
0.0,30.0,-24.0,175.0
2.0,30.0,-24.0,175.0
4.0,30.0,-24.0,479.0
6.0,30.0,-24.0,479.0
8.0,30.0,-24.0,252.0
10.0,30.0,-24.0,252.0
12.0,30.0,-24.0,252.0
14.0,30.0,-24.0,252.0
16.0,30.0,-24.0,109.0
18.0,30.0,-24.0,109.0
20.0,30.0,-24.0,109.0
22.0,30.0,-24.0,109.0
-22.0,32.0,-24.0,310.0
-20.0,32.0,-24.0,597.0
-18.0,32.0,-24.0,597.0
-16.0,32.0,-24.0,484.0
-14.0,32.0,-24.0,484.0
-12.0,32.0,-24.0,484.0
-10.0,32.0,-24.0,484.0
-8.0,32.0,-24.0,484.0
-6.0,32.0,-24.0,484.0
-4.0,32.0,-24.0,175.0
-2.0,32.0,-24.0,175.0
0.0,32.0,-24.0,175.0
2.0,32.0,-24.0,175.0
4.0,32.0,-24.0,479.0
6.0,32.0,-24.0,252.0
8.0,32.0,-24.0,252.0
10.0,32.0,-24.0,252.0
12.0,32.0,-24.0,252.0
14.0,32.0,-24.0,252.0
16.0,32.0,-24.0,252.0
18.0,32.0,-24.0,252.0
20.0,32.0,-24.0,109.0
22.0,32.0,-24.0,109.0
-22.0,34.0,-24.0,597.0
-20.0,34.0,-24.0,484.0
-18.0,34.0,-24.0,484.0
-16.0,34.0,-24.0,484.0
-14.0,34.0,-24.0,484.0
-12.0,34.0,-24.0,484.0
-10.0,34.0,-24.0,484.0
-8.0,34.0,-24.0,484.0
-6.0,34.0,-24.0,484.0
-4.0,34.0,-24.0,484.0
-2.0,34.0,-24.0,175.0
0.0,34.0,-24.0,175.0
2.0,34.0,-24.0,175.0
4.0,34.0,-24.0,479.0
6.0,34.0,-24.0,252.0
8.0,34.0,-24.0,252.0
10.0,34.0,-24.0,252.0
12.0,34.0,-24.0,252.0
14.0,34.0,-24.0,252.0
16.0,34.0,-24.0,252.0
18.0,34.0,-24.0,252.0
20.0,34.0,-24.0,252.0
22.0,34.0,-24.0,252.0
-20.0,36.0,-24.0,298.0
-18.0,36.0,-24.0,298.0
-16.0,36.0,-24.0,298.0
-14.0,36.0,-24.0,298.0
-12.0,36.0,-24.0,298.0
-10.0,36.0,-24.0,298.0
-8.0,36.0,-24.0,298.0
-6.0,36.0,-24.0,298.0
-4.0,36.0,-24.0,502.0
-2.0,36.0,-24.0,502.0
0.0,36.0,-24.0,502.0
2.0,36.0,-24.0,502.0
4.0,36.0,-24.0,252.0
6.0,36.0,-24.0,252.0
8.0,36.0,-24.0,252.0
10.0,36.0,-24.0,252.0
12.0,36.0,-24.0,252.0
14.0,36.0,-24.0,252.0
16.0,36.0,-24.0,252.0
18.0,36.0,-24.0,252.0
-18.0,38.0,-24.0,298.0
-16.0,38.0,-24.0,298.0
-14.0,38.0,-24.0,298.0
-12.0,38.0,-24.0,298.0
-10.0,38.0,-24.0,298.0
-8.0,38.0,-24.0,298.0
-6.0,38.0,-24.0,502.0
-4.0,38.0,-24.0,502.0
-2.0,38.0,-24.0,502.0
0.0,38.0,-24.0,502.0
2.0,38.0,-24.0,502.0
4.0,38.0,-24.0,252.0
6.0,38.0,-24.0,252.0
8.0,38.0,-24.0,252.0
10.0,38.0,-24.0,252.0
12.0,38.0,-24.0,252.0
14.0,38.0,-24.0,252.0
16.0,38.0,-24.0,252.0
18.0,38.0,-24.0,252.0
-18.0,40.0,-24.0,588.0
-16.0,40.0,-24.0,588.0
-14.0,40.0,-24.0,298.0
-12.0,40.0,-24.0,298.0
-10.0,40.0,-24.0,298.0
-8.0,40.0,-24.0,502.0
-6.0,40.0,-24.0,502.0
-4.0,40.0,-24.0,502.0
-2.0,40.0,-24.0,502.0
0.0,40.0,-24.0,502.0
2.0,40.0,-24.0,502.0
4.0,40.0,-24.0,502.0
6.0,40.0,-24.0,252.0
8.0,40.0,-24.0,252.0
10.0,40.0,-24.0,252.0
12.0,40.0,-24.0,252.0
14.0,40.0,-24.0,252.0
16.0,40.0,-24.0,252.0
-16.0,42.0,-24.0,588.0
-14.0,42.0,-24.0,588.0
-12.0,42.0,-24.0,588.0
-10.0,42.0,-24.0,588.0
-8.0,42.0,-24.0,502.0
-6.0,42.0,-24.0,502.0
-4.0,42.0,-24.0,502.0
-2.0,42.0,-24.0,502.0
0.0,42.0,-24.0,502.0
2.0,42.0,-24.0,502.0
4.0,42.0,-24.0,502.0
6.0,42.0,-24.0,252.0
8.0,42.0,-24.0,252.0
10.0,42.0,-24.0,252.0
12.0,42.0,-24.0,252.0
14.0,42.0,-24.0,252.0
16.0,42.0,-24.0,252.0
-16.0,44.0,-24.0,588.0
-14.0,44.0,-24.0,588.0
-12.0,44.0,-24.0,588.0
-10.0,44.0,-24.0,588.0
-8.0,44.0,-24.0,502.0
-6.0,44.0,-24.0,502.0
-4.0,44.0,-24.0,502.0
-2.0,44.0,-24.0,502.0
0.0,44.0,-24.0,502.0
2.0,44.0,-24.0,502.0
4.0,44.0,-24.0,502.0
6.0,44.0,-24.0,502.0
8.0,44.0,-24.0,252.0
10.0,44.0,-24.0,252.0
12.0,44.0,-24.0,252.0
14.0,44.0,-24.0,252.0
16.0,44.0,-24.0,252.0
-16.0,46.0,-24.0,588.0
-14.0,46.0,-24.0,588.0
-12.0,46.0,-24.0,588.0
-10.0,46.0,-24.0,588.0
-8.0,46.0,-24.0,502.0
-6.0,46.0,-24.0,502.0
-4.0,46.0,-24.0,502.0
-2.0,46.0,-24.0,502.0
0.0,46.0,-24.0,502.0
2.0,46.0,-24.0,502.0
4.0,46.0,-24.0,502.0
6.0,46.0,-24.0,334.0
8.0,46.0,-24.0,334.0
10.0,46.0,-24.0,334.0
12.0,46.0,-24.0,334.0
14.0,46.0,-24.0,334.0
-14.0,48.0,-24.0,588.0
-12.0,48.0,-24.0,588.0
-10.0,48.0,-24.0,588.0
-8.0,48.0,-24.0,588.0
-6.0,48.0,-24.0,502.0
-4.0,48.0,-24.0,502.0
-2.0,48.0,-24.0,502.0
0.0,48.0,-24.0,502.0
2.0,48.0,-24.0,502.0
4.0,48.0,-24.0,334.0
6.0,48.0,-24.0,334.0
8.0,48.0,-24.0,334.0
10.0,48.0,-24.0,334.0
12.0,48.0,-24.0,334.0
14.0,48.0,-24.0,334.0
-14.0,50.0,-24.0,588.0
-12.0,50.0,-24.0,588.0
-10.0,50.0,-24.0,588.0
-8.0,50.0,-24.0,588.0
-6.0,50.0,-24.0,502.0
-4.0,50.0,-24.0,502.0
-2.0,50.0,-24.0,502.0
0.0,50.0,-24.0,502.0
2.0,50.0,-24.0,334.0
4.0,50.0,-24.0,334.0
6.0,50.0,-24.0,334.0
8.0,50.0,-24.0,334.0
10.0,50.0,-24.0,334.0
12.0,50.0,-24.0,334.0
14.0,50.0,-24.0,334.0
-14.0,52.0,-24.0,509.0
-12.0,52.0,-24.0,509.0
-10.0,52.0,-24.0,509.0
-8.0,52.0,-24.0,509.0
-6.0,52.0,-24.0,509.0
-4.0,52.0,-24.0,502.0
-2.0,52.0,-24.0,502.0
0.0,52.0,-24.0,334.0
2.0,52.0,-24.0,334.0
4.0,52.0,-24.0,334.0
6.0,52.0,-24.0,334.0
8.0,52.0,-24.0,334.0
10.0,52.0,-24.0,334.0
12.0,52.0,-24.0,334.0
-14.0,54.0,-24.0,509.0
-12.0,54.0,-24.0,509.0
-10.0,54.0,-24.0,509.0
-8.0,54.0,-24.0,509.0
-6.0,54.0,-24.0,509.0
-4.0,54.0,-24.0,509.0
-2.0,54.0,-24.0,224.0
0.0,54.0,-24.0,334.0
2.0,54.0,-24.0,334.0
4.0,54.0,-24.0,334.0
6.0,54.0,-24.0,334.0
8.0,54.0,-24.0,334.0
10.0,54.0,-24.0,334.0
12.0,54.0,-24.0,334.0
-12.0,56.0,-24.0,509.0
-10.0,56.0,-24.0,509.0
-8.0,56.0,-24.0,509.0
-6.0,56.0,-24.0,509.0
-4.0,56.0,-24.0,224.0
-2.0,56.0,-24.0,224.0
0.0,56.0,-24.0,224.0
2.0,56.0,-24.0,334.0
4.0,56.0,-24.0,334.0
6.0,56.0,-24.0,334.0
8.0,56.0,-24.0,334.0
10.0,56.0,-24.0,334.0
12.0,56.0,-24.0,334.0
-12.0,58.0,-24.0,509.0
-10.0,58.0,-24.0,509.0
-8.0,58.0,-24.0,509.0
-6.0,58.0,-24.0,509.0
-4.0,58.0,-24.0,224.0
-2.0,58.0,-24.0,224.0
0.0,58.0,-24.0,224.0
2.0,58.0,-24.0,334.0
4.0,58.0,-24.0,334.0
6.0,58.0,-24.0,334.0
8.0,58.0,-24.0,334.0
10.0,58.0,-24.0,334.0
12.0,58.0,-24.0,334.0
-12.0,60.0,-24.0,509.0
-10.0,60.0,-24.0,509.0
-8.0,60.0,-24.0,509.0
-6.0,60.0,-24.0,224.0
-4.0,60.0,-24.0,224.0
-2.0,60.0,-24.0,224.0
2.0,60.0,-24.0,224.0
4.0,60.0,-24.0,334.0
6.0,60.0,-24.0,334.0
8.0,60.0,-24.0,334.0
10.0,60.0,-24.0,334.0
-10.0,62.0,-24.0,509.0
-8.0,62.0,-24.0,509.0
-6.0,62.0,-24.0,224.0
-4.0,62.0,-24.0,224.0
4.0,62.0,-24.0,224.0
6.0,62.0,-24.0,334.0
8.0,62.0,-24.0,334.0
18.0,-94.0,-22.0,127.0
14.0,-92.0,-22.0,127.0
16.0,-92.0,-22.0,127.0
18.0,-92.0,-22.0,127.0
20.0,-92.0,-22.0,52.0
22.0,-92.0,-22.0,52.0
24.0,-92.0,-22.0,52.0
8.0,-90.0,-22.0,127.0
10.0,-90.0,-22.0,127.0
12.0,-90.0,-22.0,127.0
14.0,-90.0,-22.0,127.0
16.0,-90.0,-22.0,127.0
18.0,-90.0,-22.0,127.0
20.0,-90.0,-22.0,52.0
22.0,-90.0,-22.0,52.0
24.0,-90.0,-22.0,52.0
26.0,-90.0,-22.0,52.0
28.0,-90.0,-22.0,52.0
-28.0,-88.0,-22.0,192.0
-26.0,-88.0,-22.0,192.0
8.0,-88.0,-22.0,127.0
10.0,-88.0,-22.0,127.0
12.0,-88.0,-22.0,127.0
14.0,-88.0,-22.0,127.0
16.0,-88.0,-22.0,127.0
18.0,-88.0,-22.0,127.0
20.0,-88.0,-22.0,52.0
22.0,-88.0,-22.0,52.0
24.0,-88.0,-22.0,52.0
26.0,-88.0,-22.0,52.0
28.0,-88.0,-22.0,52.0
30.0,-88.0,-22.0,52.0
32.0,-88.0,-22.0,52.0
-32.0,-86.0,-22.0,192.0
-30.0,-86.0,-22.0,192.0
-28.0,-86.0,-22.0,192.0
-26.0,-86.0,-22.0,192.0
-20.0,-86.0,-22.0,568.0
-18.0,-86.0,-22.0,568.0
8.0,-86.0,-22.0,127.0
10.0,-86.0,-22.0,127.0
12.0,-86.0,-22.0,127.0
14.0,-86.0,-22.0,127.0
16.0,-86.0,-22.0,127.0
18.0,-86.0,-22.0,567.0
20.0,-86.0,-22.0,52.0
22.0,-86.0,-22.0,52.0
24.0,-86.0,-22.0,52.0
26.0,-86.0,-22.0,52.0
28.0,-86.0,-22.0,52.0
30.0,-86.0,-22.0,52.0
32.0,-86.0,-22.0,52.0
34.0,-86.0,-22.0,546.0
-36.0,-84.0,-22.0,36.0
-34.0,-84.0,-22.0,192.0
-32.0,-84.0,-22.0,192.0
-22.0,-84.0,-22.0,568.0
-20.0,-84.0,-22.0,568.0
10.0,-84.0,-22.0,127.0
12.0,-84.0,-22.0,127.0
14.0,-84.0,-22.0,127.0
16.0,-84.0,-22.0,567.0
18.0,-84.0,-22.0,567.0
20.0,-84.0,-22.0,52.0
22.0,-84.0,-22.0,52.0
24.0,-84.0,-22.0,52.0
26.0,-84.0,-22.0,52.0
28.0,-84.0,-22.0,52.0
30.0,-84.0,-22.0,52.0
32.0,-84.0,-22.0,52.0
34.0,-84.0,-22.0,546.0
36.0,-84.0,-22.0,546.0
-38.0,-82.0,-22.0,36.0
-36.0,-82.0,-22.0,36.0
-34.0,-82.0,-22.0,444.0
20.0,-82.0,-22.0,52.0
22.0,-82.0,-22.0,52.0
24.0,-82.0,-22.0,52.0
26.0,-82.0,-22.0,52.0
28.0,-82.0,-22.0,52.0
30.0,-82.0,-22.0,52.0
32.0,-82.0,-22.0,52.0
34.0,-82.0,-22.0,546.0
36.0,-82.0,-22.0,106.0
38.0,-82.0,-22.0,106.0
-42.0,-80.0,-22.0,2.0
-40.0,-80.0,-22.0,36.0
-38.0,-80.0,-22.0,36.0
-36.0,-80.0,-22.0,36.0
24.0,-80.0,-22.0,52.0
26.0,-80.0,-22.0,52.0
28.0,-80.0,-22.0,52.0
30.0,-80.0,-22.0,52.0
32.0,-80.0,-22.0,52.0
34.0,-80.0,-22.0,106.0
36.0,-80.0,-22.0,106.0
38.0,-80.0,-22.0,106.0
40.0,-80.0,-22.0,106.0
-44.0,-78.0,-22.0,2.0
-42.0,-78.0,-22.0,2.0
28.0,-78.0,-22.0,52.0
30.0,-78.0,-22.0,52.0
30.0,-76.0,-22.0,52.0
40.0,-76.0,-22.0,106.0
42.0,-76.0,-22.0,106.0
44.0,-76.0,-22.0,106.0
38.0,-74.0,-22.0,106.0
40.0,-74.0,-22.0,106.0
42.0,-74.0,-22.0,106.0
44.0,-74.0,-22.0,106.0
46.0,-74.0,-22.0,106.0
38.0,-72.0,-22.0,106.0
40.0,-72.0,-22.0,106.0
42.0,-72.0,-22.0,106.0
44.0,-72.0,-22.0,350.0
46.0,-72.0,-22.0,350.0
48.0,-72.0,-22.0,350.0
-42.0,-70.0,-22.0,2.0
-40.0,-70.0,-22.0,2.0
38.0,-70.0,-22.0,476.0
40.0,-70.0,-22.0,476.0
42.0,-70.0,-22.0,476.0
44.0,-70.0,-22.0,350.0
46.0,-70.0,-22.0,350.0
48.0,-70.0,-22.0,350.0
50.0,-70.0,-22.0,350.0
-44.0,-68.0,-22.0,2.0
-42.0,-68.0,-22.0,2.0
38.0,-68.0,-22.0,476.0
40.0,-68.0,-22.0,476.0
42.0,-68.0,-22.0,476.0
44.0,-68.0,-22.0,350.0
46.0,-68.0,-22.0,350.0
48.0,-68.0,-22.0,350.0
50.0,-68.0,-22.0,350.0
52.0,-68.0,-22.0,350.0
-52.0,-66.0,-22.0,2.0
-50.0,-66.0,-22.0,2.0
-48.0,-66.0,-22.0,2.0
-46.0,-66.0,-22.0,2.0
-44.0,-66.0,-22.0,2.0
-42.0,-66.0,-22.0,2.0
36.0,-66.0,-22.0,476.0
38.0,-66.0,-22.0,476.0
40.0,-66.0,-22.0,476.0
42.0,-66.0,-22.0,476.0
44.0,-66.0,-22.0,476.0
46.0,-66.0,-22.0,350.0
48.0,-66.0,-22.0,350.0
50.0,-66.0,-22.0,350.0
52.0,-66.0,-22.0,350.0
54.0,-66.0,-22.0,350.0
-54.0,-64.0,-22.0,2.0
-52.0,-64.0,-22.0,2.0
-50.0,-64.0,-22.0,2.0
-48.0,-64.0,-22.0,2.0
-46.0,-64.0,-22.0,2.0
-44.0,-64.0,-22.0,2.0
-42.0,-64.0,-22.0,2.0
36.0,-64.0,-22.0,476.0
38.0,-64.0,-22.0,476.0
40.0,-64.0,-22.0,476.0
42.0,-64.0,-22.0,476.0
44.0,-64.0,-22.0,476.0
46.0,-64.0,-22.0,350.0
48.0,-64.0,-22.0,350.0
50.0,-64.0,-22.0,350.0
52.0,-64.0,-22.0,350.0
-56.0,-62.0,-22.0,459.0
-54.0,-62.0,-22.0,459.0
-52.0,-62.0,-22.0,2.0
-50.0,-62.0,-22.0,2.0
-48.0,-62.0,-22.0,2.0
-46.0,-62.0,-22.0,2.0
-44.0,-62.0,-22.0,2.0
-42.0,-62.0,-22.0,2.0
36.0,-62.0,-22.0,476.0
38.0,-62.0,-22.0,476.0
40.0,-62.0,-22.0,476.0
42.0,-62.0,-22.0,476.0
44.0,-62.0,-22.0,476.0
46.0,-62.0,-22.0,350.0
48.0,-62.0,-22.0,350.0
50.0,-62.0,-22.0,350.0
52.0,-62.0,-22.0,350.0
-58.0,-60.0,-22.0,459.0
-56.0,-60.0,-22.0,459.0
-54.0,-60.0,-22.0,459.0
-52.0,-60.0,-22.0,459.0
-50.0,-60.0,-22.0,459.0
-48.0,-60.0,-22.0,459.0
-46.0,-60.0,-22.0,459.0
-44.0,-60.0,-22.0,459.0
-42.0,-60.0,-22.0,459.0
-40.0,-60.0,-22.0,459.0
36.0,-60.0,-22.0,316.0
38.0,-60.0,-22.0,316.0
40.0,-60.0,-22.0,316.0
42.0,-60.0,-22.0,316.0
44.0,-60.0,-22.0,316.0
46.0,-60.0,-22.0,316.0
48.0,-60.0,-22.0,350.0
50.0,-60.0,-22.0,350.0
52.0,-60.0,-22.0,350.0
54.0,-60.0,-22.0,350.0
-60.0,-58.0,-22.0,459.0
-58.0,-58.0,-22.0,459.0
-56.0,-58.0,-22.0,459.0
-54.0,-58.0,-22.0,459.0
-52.0,-58.0,-22.0,459.0
-50.0,-58.0,-22.0,459.0
-48.0,-58.0,-22.0,459.0
-46.0,-58.0,-22.0,459.0
-44.0,-58.0,-22.0,459.0
-42.0,-58.0,-22.0,459.0
-40.0,-58.0,-22.0,459.0
36.0,-58.0,-22.0,316.0
38.0,-58.0,-22.0,316.0
40.0,-58.0,-22.0,316.0
42.0,-58.0,-22.0,316.0
44.0,-58.0,-22.0,316.0
46.0,-58.0,-22.0,316.0
48.0,-58.0,-22.0,316.0
50.0,-58.0,-22.0,350.0
52.0,-58.0,-22.0,350.0
54.0,-58.0,-22.0,350.0
56.0,-58.0,-22.0,11.0
58.0,-58.0,-22.0,11.0
-60.0,-56.0,-22.0,566.0
-58.0,-56.0,-22.0,566.0
-56.0,-56.0,-22.0,459.0
-54.0,-56.0,-22.0,459.0
-52.0,-56.0,-22.0,459.0
-50.0,-56.0,-22.0,459.0
-48.0,-56.0,-22.0,459.0
-46.0,-56.0,-22.0,459.0
-44.0,-56.0,-22.0,459.0
-42.0,-56.0,-22.0,459.0
-40.0,-56.0,-22.0,459.0
-38.0,-56.0,-22.0,459.0
34.0,-56.0,-22.0,316.0
36.0,-56.0,-22.0,316.0
38.0,-56.0,-22.0,316.0
40.0,-56.0,-22.0,316.0
42.0,-56.0,-22.0,316.0
44.0,-56.0,-22.0,316.0
46.0,-56.0,-22.0,316.0
48.0,-56.0,-22.0,316.0
50.0,-56.0,-22.0,316.0
52.0,-56.0,-22.0,350.0
54.0,-56.0,-22.0,11.0
56.0,-56.0,-22.0,11.0
58.0,-56.0,-22.0,11.0
60.0,-56.0,-22.0,11.0
-60.0,-54.0,-22.0,138.0
-58.0,-54.0,-22.0,566.0
-56.0,-54.0,-22.0,566.0
-54.0,-54.0,-22.0,459.0
-52.0,-54.0,-22.0,459.0
-50.0,-54.0,-22.0,459.0
-48.0,-54.0,-22.0,459.0
-46.0,-54.0,-22.0,459.0
-44.0,-54.0,-22.0,459.0
-42.0,-54.0,-22.0,459.0
-40.0,-54.0,-22.0,459.0
-38.0,-54.0,-22.0,459.0
-36.0,-54.0,-22.0,459.0
34.0,-54.0,-22.0,316.0
36.0,-54.0,-22.0,316.0
38.0,-54.0,-22.0,316.0
40.0,-54.0,-22.0,316.0
42.0,-54.0,-22.0,316.0
44.0,-54.0,-22.0,316.0
46.0,-54.0,-22.0,316.0
48.0,-54.0,-22.0,316.0
50.0,-54.0,-22.0,316.0
52.0,-54.0,-22.0,336.0
54.0,-54.0,-22.0,11.0
56.0,-54.0,-22.0,11.0
58.0,-54.0,-22.0,11.0
60.0,-54.0,-22.0,11.0
-62.0,-52.0,-22.0,138.0
-60.0,-52.0,-22.0,138.0
-58.0,-52.0,-22.0,138.0
-56.0,-52.0,-22.0,566.0
-54.0,-52.0,-22.0,566.0
-52.0,-52.0,-22.0,566.0
-50.0,-52.0,-22.0,459.0
-48.0,-52.0,-22.0,459.0
-46.0,-52.0,-22.0,459.0
-44.0,-52.0,-22.0,459.0
-42.0,-52.0,-22.0,459.0
-40.0,-52.0,-22.0,459.0
-38.0,-52.0,-22.0,459.0
-36.0,-52.0,-22.0,459.0
32.0,-52.0,-22.0,316.0
34.0,-52.0,-22.0,316.0
36.0,-52.0,-22.0,316.0
38.0,-52.0,-22.0,316.0
40.0,-52.0,-22.0,316.0
42.0,-52.0,-22.0,316.0
44.0,-52.0,-22.0,316.0
46.0,-52.0,-22.0,316.0
48.0,-52.0,-22.0,336.0
50.0,-52.0,-22.0,336.0
52.0,-52.0,-22.0,336.0
54.0,-52.0,-22.0,336.0
56.0,-52.0,-22.0,11.0
58.0,-52.0,-22.0,11.0
60.0,-52.0,-22.0,11.0
-62.0,-50.0,-22.0,138.0
-60.0,-50.0,-22.0,138.0
-58.0,-50.0,-22.0,138.0
-56.0,-50.0,-22.0,138.0
-54.0,-50.0,-22.0,566.0
-52.0,-50.0,-22.0,566.0
-50.0,-50.0,-22.0,566.0
-48.0,-50.0,-22.0,459.0
-46.0,-50.0,-22.0,459.0
-44.0,-50.0,-22.0,459.0
-42.0,-50.0,-22.0,459.0
-40.0,-50.0,-22.0,459.0
-38.0,-50.0,-22.0,459.0
-36.0,-50.0,-22.0,459.0
-34.0,-50.0,-22.0,459.0
30.0,-50.0,-22.0,316.0
32.0,-50.0,-22.0,316.0
34.0,-50.0,-22.0,316.0
36.0,-50.0,-22.0,316.0
38.0,-50.0,-22.0,316.0
40.0,-50.0,-22.0,316.0
42.0,-50.0,-22.0,316.0
44.0,-50.0,-22.0,316.0
46.0,-50.0,-22.0,336.0
48.0,-50.0,-22.0,336.0
50.0,-50.0,-22.0,336.0
52.0,-50.0,-22.0,336.0
54.0,-50.0,-22.0,336.0
56.0,-50.0,-22.0,336.0
58.0,-50.0,-22.0,11.0
60.0,-50.0,-22.0,11.0
62.0,-50.0,-22.0,11.0
-62.0,-48.0,-22.0,138.0
-60.0,-48.0,-22.0,138.0
-58.0,-48.0,-22.0,138.0
-56.0,-48.0,-22.0,138.0
-54.0,-48.0,-22.0,138.0
-52.0,-48.0,-22.0,566.0
-50.0,-48.0,-22.0,566.0
-48.0,-48.0,-22.0,566.0
-46.0,-48.0,-22.0,566.0
-44.0,-48.0,-22.0,459.0
-42.0,-48.0,-22.0,459.0
-40.0,-48.0,-22.0,459.0
-38.0,-48.0,-22.0,459.0
-36.0,-48.0,-22.0,459.0
-34.0,-48.0,-22.0,459.0
30.0,-48.0,-22.0,316.0
32.0,-48.0,-22.0,316.0
34.0,-48.0,-22.0,316.0
36.0,-48.0,-22.0,316.0
38.0,-48.0,-22.0,316.0
40.0,-48.0,-22.0,316.0
42.0,-48.0,-22.0,336.0
44.0,-48.0,-22.0,336.0
46.0,-48.0,-22.0,336.0
48.0,-48.0,-22.0,336.0
50.0,-48.0,-22.0,336.0
52.0,-48.0,-22.0,336.0
54.0,-48.0,-22.0,336.0
56.0,-48.0,-22.0,336.0
58.0,-48.0,-22.0,11.0
60.0,-48.0,-22.0,11.0
62.0,-48.0,-22.0,11.0
-62.0,-46.0,-22.0,138.0
-60.0,-46.0,-22.0,138.0
-58.0,-46.0,-22.0,138.0
-56.0,-46.0,-22.0,138.0
-54.0,-46.0,-22.0,138.0
-52.0,-46.0,-22.0,138.0
-50.0,-46.0,-22.0,566.0
-48.0,-46.0,-22.0,566.0
-46.0,-46.0,-22.0,566.0
-44.0,-46.0,-22.0,566.0
-42.0,-46.0,-22.0,459.0
-40.0,-46.0,-22.0,459.0
-38.0,-46.0,-22.0,459.0
-36.0,-46.0,-22.0,459.0
-34.0,-46.0,-22.0,459.0
-32.0,-46.0,-22.0,459.0
30.0,-46.0,-22.0,273.0
32.0,-46.0,-22.0,273.0
34.0,-46.0,-22.0,273.0
36.0,-46.0,-22.0,273.0
38.0,-46.0,-22.0,316.0
40.0,-46.0,-22.0,336.0
42.0,-46.0,-22.0,336.0
44.0,-46.0,-22.0,336.0
46.0,-46.0,-22.0,336.0
48.0,-46.0,-22.0,336.0
50.0,-46.0,-22.0,336.0
52.0,-46.0,-22.0,336.0
54.0,-46.0,-22.0,336.0
56.0,-46.0,-22.0,336.0
58.0,-46.0,-22.0,336.0
60.0,-46.0,-22.0,11.0
62.0,-46.0,-22.0,11.0
-64.0,-44.0,-22.0,138.0
-62.0,-44.0,-22.0,138.0
-60.0,-44.0,-22.0,138.0
-58.0,-44.0,-22.0,138.0
-56.0,-44.0,-22.0,138.0
-54.0,-44.0,-22.0,138.0
-52.0,-44.0,-22.0,138.0
-50.0,-44.0,-22.0,138.0
-48.0,-44.0,-22.0,566.0
-46.0,-44.0,-22.0,566.0
-44.0,-44.0,-22.0,566.0
-42.0,-44.0,-22.0,507.0
-40.0,-44.0,-22.0,507.0
-38.0,-44.0,-22.0,507.0
-36.0,-44.0,-22.0,480.0
-34.0,-44.0,-22.0,480.0
-32.0,-44.0,-22.0,480.0
-30.0,-44.0,-22.0,480.0
28.0,-44.0,-22.0,332.0
30.0,-44.0,-22.0,332.0
32.0,-44.0,-22.0,273.0
34.0,-44.0,-22.0,273.0
36.0,-44.0,-22.0,273.0
38.0,-44.0,-22.0,273.0
40.0,-44.0,-22.0,336.0
42.0,-44.0,-22.0,336.0
44.0,-44.0,-22.0,336.0
46.0,-44.0,-22.0,336.0
48.0,-44.0,-22.0,336.0
50.0,-44.0,-22.0,336.0
52.0,-44.0,-22.0,336.0
54.0,-44.0,-22.0,336.0
56.0,-44.0,-22.0,336.0
58.0,-44.0,-22.0,269.0
60.0,-44.0,-22.0,269.0
62.0,-44.0,-22.0,11.0
64.0,-44.0,-22.0,11.0
-64.0,-42.0,-22.0,138.0
-62.0,-42.0,-22.0,138.0
-60.0,-42.0,-22.0,138.0
-58.0,-42.0,-22.0,138.0
-56.0,-42.0,-22.0,138.0
-54.0,-42.0,-22.0,138.0
-52.0,-42.0,-22.0,138.0
-50.0,-42.0,-22.0,138.0
-48.0,-42.0,-22.0,138.0
-46.0,-42.0,-22.0,566.0
-44.0,-42.0,-22.0,507.0
-42.0,-42.0,-22.0,480.0
-40.0,-42.0,-22.0,480.0
-38.0,-42.0,-22.0,480.0
-36.0,-42.0,-22.0,480.0
-34.0,-42.0,-22.0,480.0
-32.0,-42.0,-22.0,480.0
-30.0,-42.0,-22.0,480.0
26.0,-42.0,-22.0,332.0
28.0,-42.0,-22.0,332.0
30.0,-42.0,-22.0,332.0
32.0,-42.0,-22.0,332.0
34.0,-42.0,-22.0,273.0
36.0,-42.0,-22.0,273.0
38.0,-42.0,-22.0,273.0
40.0,-42.0,-22.0,273.0
42.0,-42.0,-22.0,336.0
44.0,-42.0,-22.0,336.0
46.0,-42.0,-22.0,336.0
48.0,-42.0,-22.0,336.0
50.0,-42.0,-22.0,336.0
52.0,-42.0,-22.0,269.0
54.0,-42.0,-22.0,269.0
56.0,-42.0,-22.0,269.0
58.0,-42.0,-22.0,269.0
60.0,-42.0,-22.0,269.0
62.0,-42.0,-22.0,269.0
64.0,-42.0,-22.0,269.0
-64.0,-40.0,-22.0,169.0
-62.0,-40.0,-22.0,138.0
-60.0,-40.0,-22.0,138.0
-58.0,-40.0,-22.0,138.0
-56.0,-40.0,-22.0,138.0
-54.0,-40.0,-22.0,138.0
-52.0,-40.0,-22.0,138.0
-50.0,-40.0,-22.0,138.0
-48.0,-40.0,-22.0,138.0
-46.0,-40.0,-22.0,480.0
-44.0,-40.0,-22.0,480.0
-42.0,-40.0,-22.0,480.0
-40.0,-40.0,-22.0,480.0
-38.0,-40.0,-22.0,480.0
-36.0,-40.0,-22.0,480.0
-34.0,-40.0,-22.0,480.0
-32.0,-40.0,-22.0,480.0
-30.0,-40.0,-22.0,480.0
-28.0,-40.0,-22.0,492.0
26.0,-40.0,-22.0,332.0
28.0,-40.0,-22.0,332.0
30.0,-40.0,-22.0,332.0
32.0,-40.0,-22.0,332.0
34.0,-40.0,-22.0,332.0
36.0,-40.0,-22.0,273.0
38.0,-40.0,-22.0,273.0
40.0,-40.0,-22.0,273.0
42.0,-40.0,-22.0,273.0
44.0,-40.0,-22.0,336.0
46.0,-40.0,-22.0,269.0
48.0,-40.0,-22.0,269.0
50.0,-40.0,-22.0,269.0
52.0,-40.0,-22.0,269.0
54.0,-40.0,-22.0,269.0
56.0,-40.0,-22.0,269.0
58.0,-40.0,-22.0,269.0
60.0,-40.0,-22.0,269.0
62.0,-40.0,-22.0,269.0
64.0,-40.0,-22.0,269.0
-66.0,-38.0,-22.0,169.0
-64.0,-38.0,-22.0,169.0
-62.0,-38.0,-22.0,169.0
-60.0,-38.0,-22.0,169.0
-58.0,-38.0,-22.0,169.0
-56.0,-38.0,-22.0,169.0
-54.0,-38.0,-22.0,138.0
-52.0,-38.0,-22.0,138.0
-50.0,-38.0,-22.0,138.0
-48.0,-38.0,-22.0,480.0
-46.0,-38.0,-22.0,480.0
-44.0,-38.0,-22.0,480.0
-42.0,-38.0,-22.0,480.0
-40.0,-38.0,-22.0,480.0
-38.0,-38.0,-22.0,480.0
-36.0,-38.0,-22.0,480.0
-34.0,-38.0,-22.0,480.0
-32.0,-38.0,-22.0,480.0
-30.0,-38.0,-22.0,492.0
-28.0,-38.0,-22.0,492.0
24.0,-38.0,-22.0,332.0
26.0,-38.0,-22.0,332.0
28.0,-38.0,-22.0,332.0
30.0,-38.0,-22.0,332.0
32.0,-38.0,-22.0,332.0
34.0,-38.0,-22.0,332.0
36.0,-38.0,-22.0,332.0
38.0,-38.0,-22.0,273.0
40.0,-38.0,-22.0,273.0
42.0,-38.0,-22.0,273.0
44.0,-38.0,-22.0,269.0
46.0,-38.0,-22.0,269.0
48.0,-38.0,-22.0,269.0
50.0,-38.0,-22.0,269.0
52.0,-38.0,-22.0,269.0
54.0,-38.0,-22.0,269.0
56.0,-38.0,-22.0,269.0
58.0,-38.0,-22.0,269.0
60.0,-38.0,-22.0,269.0
62.0,-38.0,-22.0,269.0
64.0,-38.0,-22.0,26.0
66.0,-38.0,-22.0,26.0
-66.0,-36.0,-22.0,169.0
-64.0,-36.0,-22.0,169.0
-62.0,-36.0,-22.0,169.0
-60.0,-36.0,-22.0,169.0
-58.0,-36.0,-22.0,169.0
-56.0,-36.0,-22.0,169.0
-54.0,-36.0,-22.0,169.0
-52.0,-36.0,-22.0,169.0
-50.0,-36.0,-22.0,480.0
-48.0,-36.0,-22.0,480.0
-46.0,-36.0,-22.0,480.0
-44.0,-36.0,-22.0,480.0
-42.0,-36.0,-22.0,480.0
-40.0,-36.0,-22.0,480.0
-38.0,-36.0,-22.0,480.0
-36.0,-36.0,-22.0,480.0
-34.0,-36.0,-22.0,480.0
-32.0,-36.0,-22.0,480.0
-30.0,-36.0,-22.0,492.0
-28.0,-36.0,-22.0,492.0
-26.0,-36.0,-22.0,492.0
24.0,-36.0,-22.0,332.0
26.0,-36.0,-22.0,332.0
28.0,-36.0,-22.0,332.0
30.0,-36.0,-22.0,332.0
32.0,-36.0,-22.0,332.0
34.0,-36.0,-22.0,332.0
36.0,-36.0,-22.0,332.0
38.0,-36.0,-22.0,332.0
40.0,-36.0,-22.0,273.0
42.0,-36.0,-22.0,526.0
44.0,-36.0,-22.0,526.0
46.0,-36.0,-22.0,269.0
48.0,-36.0,-22.0,269.0
50.0,-36.0,-22.0,269.0
52.0,-36.0,-22.0,269.0
54.0,-36.0,-22.0,269.0
56.0,-36.0,-22.0,269.0
58.0,-36.0,-22.0,269.0
60.0,-36.0,-22.0,269.0
62.0,-36.0,-22.0,474.0
64.0,-36.0,-22.0,26.0
66.0,-36.0,-22.0,26.0
-66.0,-34.0,-22.0,169.0
-64.0,-34.0,-22.0,169.0
-62.0,-34.0,-22.0,169.0
-60.0,-34.0,-22.0,169.0
-58.0,-34.0,-22.0,169.0
-56.0,-34.0,-22.0,169.0
-54.0,-34.0,-22.0,169.0
-52.0,-34.0,-22.0,169.0
-50.0,-34.0,-22.0,480.0
-48.0,-34.0,-22.0,480.0
-46.0,-34.0,-22.0,480.0
-44.0,-34.0,-22.0,480.0
-42.0,-34.0,-22.0,480.0
-40.0,-34.0,-22.0,480.0
-38.0,-34.0,-22.0,480.0
-36.0,-34.0,-22.0,480.0
-34.0,-34.0,-22.0,480.0
-32.0,-34.0,-22.0,480.0
-30.0,-34.0,-22.0,492.0
-28.0,-34.0,-22.0,492.0
-26.0,-34.0,-22.0,492.0
24.0,-34.0,-22.0,332.0
26.0,-34.0,-22.0,332.0
28.0,-34.0,-22.0,332.0
30.0,-34.0,-22.0,332.0
32.0,-34.0,-22.0,332.0
34.0,-34.0,-22.0,332.0
36.0,-34.0,-22.0,332.0
38.0,-34.0,-22.0,332.0
40.0,-34.0,-22.0,526.0
42.0,-34.0,-22.0,526.0
44.0,-34.0,-22.0,526.0
46.0,-34.0,-22.0,526.0
48.0,-34.0,-22.0,269.0
50.0,-34.0,-22.0,269.0
52.0,-34.0,-22.0,269.0
54.0,-34.0,-22.0,269.0
56.0,-34.0,-22.0,269.0
58.0,-34.0,-22.0,474.0
60.0,-34.0,-22.0,474.0
62.0,-34.0,-22.0,26.0
64.0,-34.0,-22.0,26.0
66.0,-34.0,-22.0,26.0
-68.0,-32.0,-22.0,169.0
-66.0,-32.0,-22.0,169.0
-64.0,-32.0,-22.0,169.0
-62.0,-32.0,-22.0,169.0
-60.0,-32.0,-22.0,169.0
-58.0,-32.0,-22.0,169.0
-56.0,-32.0,-22.0,169.0
-54.0,-32.0,-22.0,169.0
-52.0,-32.0,-22.0,169.0
-50.0,-32.0,-22.0,480.0
-48.0,-32.0,-22.0,480.0
-46.0,-32.0,-22.0,480.0
-44.0,-32.0,-22.0,480.0
-42.0,-32.0,-22.0,480.0
-40.0,-32.0,-22.0,480.0
-38.0,-32.0,-22.0,480.0
-36.0,-32.0,-22.0,480.0
-34.0,-32.0,-22.0,480.0
-32.0,-32.0,-22.0,490.0
-30.0,-32.0,-22.0,490.0
-28.0,-32.0,-22.0,492.0
-26.0,-32.0,-22.0,492.0
-24.0,-32.0,-22.0,492.0
22.0,-32.0,-22.0,332.0
24.0,-32.0,-22.0,332.0
26.0,-32.0,-22.0,332.0
28.0,-32.0,-22.0,332.0
30.0,-32.0,-22.0,332.0
32.0,-32.0,-22.0,332.0
34.0,-32.0,-22.0,332.0
36.0,-32.0,-22.0,332.0
38.0,-32.0,-22.0,332.0
40.0,-32.0,-22.0,526.0
42.0,-32.0,-22.0,526.0
44.0,-32.0,-22.0,526.0
46.0,-32.0,-22.0,526.0
48.0,-32.0,-22.0,526.0
50.0,-32.0,-22.0,269.0
52.0,-32.0,-22.0,269.0
54.0,-32.0,-22.0,269.0
56.0,-32.0,-22.0,474.0
58.0,-32.0,-22.0,474.0
60.0,-32.0,-22.0,474.0
62.0,-32.0,-22.0,26.0
64.0,-32.0,-22.0,26.0
66.0,-32.0,-22.0,26.0
-68.0,-30.0,-22.0,417.0
-66.0,-30.0,-22.0,169.0
-64.0,-30.0,-22.0,169.0
-62.0,-30.0,-22.0,169.0
-60.0,-30.0,-22.0,169.0
-58.0,-30.0,-22.0,169.0
-56.0,-30.0,-22.0,169.0
-54.0,-30.0,-22.0,169.0
-52.0,-30.0,-22.0,480.0
-50.0,-30.0,-22.0,480.0
-48.0,-30.0,-22.0,480.0
-46.0,-30.0,-22.0,480.0
-44.0,-30.0,-22.0,480.0
-42.0,-30.0,-22.0,480.0
-40.0,-30.0,-22.0,480.0
-38.0,-30.0,-22.0,480.0
-36.0,-30.0,-22.0,480.0
-34.0,-30.0,-22.0,490.0
-32.0,-30.0,-22.0,490.0
-30.0,-30.0,-22.0,490.0
-28.0,-30.0,-22.0,492.0
-26.0,-30.0,-22.0,492.0
-24.0,-30.0,-22.0,492.0
-22.0,-30.0,-22.0,492.0
20.0,-30.0,-22.0,332.0
22.0,-30.0,-22.0,332.0
24.0,-30.0,-22.0,332.0
26.0,-30.0,-22.0,332.0
28.0,-30.0,-22.0,332.0
30.0,-30.0,-22.0,332.0
32.0,-30.0,-22.0,332.0
34.0,-30.0,-22.0,332.0
36.0,-30.0,-22.0,332.0
38.0,-30.0,-22.0,332.0
40.0,-30.0,-22.0,526.0
42.0,-30.0,-22.0,526.0
44.0,-30.0,-22.0,526.0
46.0,-30.0,-22.0,526.0
48.0,-30.0,-22.0,526.0
50.0,-30.0,-22.0,269.0
52.0,-30.0,-22.0,474.0
54.0,-30.0,-22.0,474.0
56.0,-30.0,-22.0,474.0
58.0,-30.0,-22.0,474.0
60.0,-30.0,-22.0,26.0
62.0,-30.0,-22.0,26.0
64.0,-30.0,-22.0,26.0
66.0,-30.0,-22.0,26.0
68.0,-30.0,-22.0,26.0
-68.0,-28.0,-22.0,417.0
-66.0,-28.0,-22.0,417.0
-64.0,-28.0,-22.0,417.0
-62.0,-28.0,-22.0,417.0
-60.0,-28.0,-22.0,169.0
-58.0,-28.0,-22.0,169.0
-56.0,-28.0,-22.0,169.0
-54.0,-28.0,-22.0,503.0
-52.0,-28.0,-22.0,558.0
-50.0,-28.0,-22.0,558.0
-48.0,-28.0,-22.0,480.0
-46.0,-28.0,-22.0,480.0
-44.0,-28.0,-22.0,480.0
-42.0,-28.0,-22.0,480.0
-40.0,-28.0,-22.0,480.0
-38.0,-28.0,-22.0,480.0
-36.0,-28.0,-22.0,490.0
-34.0,-28.0,-22.0,490.0
-32.0,-28.0,-22.0,490.0
-30.0,-28.0,-22.0,490.0
-28.0,-28.0,-22.0,492.0
-26.0,-28.0,-22.0,492.0
-24.0,-28.0,-22.0,492.0
-22.0,-28.0,-22.0,492.0
-20.0,-28.0,-22.0,492.0
20.0,-28.0,-22.0,332.0
22.0,-28.0,-22.0,332.0
24.0,-28.0,-22.0,332.0
26.0,-28.0,-22.0,332.0
28.0,-28.0,-22.0,332.0
30.0,-28.0,-22.0,332.0
32.0,-28.0,-22.0,332.0
34.0,-28.0,-22.0,332.0
36.0,-28.0,-22.0,332.0
38.0,-28.0,-22.0,526.0
40.0,-28.0,-22.0,526.0
42.0,-28.0,-22.0,526.0
44.0,-28.0,-22.0,526.0
46.0,-28.0,-22.0,526.0
48.0,-28.0,-22.0,526.0
50.0,-28.0,-22.0,474.0
52.0,-28.0,-22.0,474.0
54.0,-28.0,-22.0,474.0
56.0,-28.0,-22.0,474.0
58.0,-28.0,-22.0,474.0
60.0,-28.0,-22.0,26.0
62.0,-28.0,-22.0,26.0
64.0,-28.0,-22.0,26.0
66.0,-28.0,-22.0,26.0
68.0,-28.0,-22.0,26.0
-68.0,-26.0,-22.0,417.0
-66.0,-26.0,-22.0,417.0
-64.0,-26.0,-22.0,417.0
-62.0,-26.0,-22.0,417.0
-60.0,-26.0,-22.0,417.0
-58.0,-26.0,-22.0,503.0
-56.0,-26.0,-22.0,503.0
-54.0,-26.0,-22.0,503.0
-52.0,-26.0,-22.0,558.0
-50.0,-26.0,-22.0,558.0
-48.0,-26.0,-22.0,558.0
-46.0,-26.0,-22.0,558.0
-44.0,-26.0,-22.0,558.0
-42.0,-26.0,-22.0,558.0
-40.0,-26.0,-22.0,558.0
-38.0,-26.0,-22.0,490.0
-36.0,-26.0,-22.0,490.0
-34.0,-26.0,-22.0,490.0
-32.0,-26.0,-22.0,490.0
-30.0,-26.0,-22.0,490.0
-28.0,-26.0,-22.0,490.0
-26.0,-26.0,-22.0,492.0
-24.0,-26.0,-22.0,492.0
-22.0,-26.0,-22.0,492.0
-20.0,-26.0,-22.0,492.0
20.0,-26.0,-22.0,394.0
22.0,-26.0,-22.0,394.0
24.0,-26.0,-22.0,430.0
26.0,-26.0,-22.0,430.0
28.0,-26.0,-22.0,430.0
30.0,-26.0,-22.0,430.0
32.0,-26.0,-22.0,430.0
34.0,-26.0,-22.0,68.0
36.0,-26.0,-22.0,68.0
38.0,-26.0,-22.0,68.0
40.0,-26.0,-22.0,68.0
42.0,-26.0,-22.0,526.0
44.0,-26.0,-22.0,526.0
46.0,-26.0,-22.0,526.0
48.0,-26.0,-22.0,526.0
50.0,-26.0,-22.0,436.0
52.0,-26.0,-22.0,436.0
54.0,-26.0,-22.0,436.0
56.0,-26.0,-22.0,436.0
58.0,-26.0,-22.0,26.0
60.0,-26.0,-22.0,26.0
62.0,-26.0,-22.0,26.0
64.0,-26.0,-22.0,26.0
66.0,-26.0,-22.0,26.0
68.0,-26.0,-22.0,26.0
-68.0,-24.0,-22.0,417.0
-66.0,-24.0,-22.0,417.0
-64.0,-24.0,-22.0,417.0
-62.0,-24.0,-22.0,417.0
-60.0,-24.0,-22.0,417.0
-58.0,-24.0,-22.0,503.0
-56.0,-24.0,-22.0,503.0
-54.0,-24.0,-22.0,503.0
-52.0,-24.0,-22.0,558.0
-50.0,-24.0,-22.0,558.0
-48.0,-24.0,-22.0,558.0
-46.0,-24.0,-22.0,558.0
-44.0,-24.0,-22.0,558.0
-42.0,-24.0,-22.0,558.0
-40.0,-24.0,-22.0,558.0
-38.0,-24.0,-22.0,558.0
-36.0,-24.0,-22.0,490.0
-34.0,-24.0,-22.0,490.0
-32.0,-24.0,-22.0,490.0
-30.0,-24.0,-22.0,490.0
-28.0,-24.0,-22.0,490.0
-26.0,-24.0,-22.0,492.0
-24.0,-24.0,-22.0,492.0
-22.0,-24.0,-22.0,492.0
-20.0,-24.0,-22.0,492.0
18.0,-24.0,-22.0,394.0
20.0,-24.0,-22.0,394.0
22.0,-24.0,-22.0,394.0
24.0,-24.0,-22.0,430.0
26.0,-24.0,-22.0,430.0
28.0,-24.0,-22.0,430.0
30.0,-24.0,-22.0,430.0
32.0,-24.0,-22.0,430.0
34.0,-24.0,-22.0,68.0
36.0,-24.0,-22.0,68.0
38.0,-24.0,-22.0,68.0
40.0,-24.0,-22.0,68.0
42.0,-24.0,-22.0,68.0
44.0,-24.0,-22.0,68.0
46.0,-24.0,-22.0,68.0
48.0,-24.0,-22.0,436.0
50.0,-24.0,-22.0,436.0
52.0,-24.0,-22.0,436.0
54.0,-24.0,-22.0,436.0
56.0,-24.0,-22.0,436.0
58.0,-24.0,-22.0,26.0
60.0,-24.0,-22.0,26.0
62.0,-24.0,-22.0,26.0
64.0,-24.0,-22.0,26.0
66.0,-24.0,-22.0,26.0
68.0,-24.0,-22.0,26.0
-68.0,-22.0,-22.0,417.0
-66.0,-22.0,-22.0,417.0
-64.0,-22.0,-22.0,417.0
-62.0,-22.0,-22.0,417.0
-60.0,-22.0,-22.0,417.0
-58.0,-22.0,-22.0,503.0
-56.0,-22.0,-22.0,503.0
-54.0,-22.0,-22.0,503.0
-52.0,-22.0,-22.0,558.0
-50.0,-22.0,-22.0,558.0
-48.0,-22.0,-22.0,558.0
-46.0,-22.0,-22.0,558.0
-44.0,-22.0,-22.0,558.0
-42.0,-22.0,-22.0,558.0
-40.0,-22.0,-22.0,558.0
-38.0,-22.0,-22.0,558.0
-36.0,-22.0,-22.0,558.0
-34.0,-22.0,-22.0,490.0
-32.0,-22.0,-22.0,490.0
-30.0,-22.0,-22.0,490.0
-28.0,-22.0,-22.0,490.0
-26.0,-22.0,-22.0,490.0
-24.0,-22.0,-22.0,492.0
-22.0,-22.0,-22.0,492.0
-20.0,-22.0,-22.0,492.0
18.0,-22.0,-22.0,394.0
20.0,-22.0,-22.0,394.0
22.0,-22.0,-22.0,394.0
24.0,-22.0,-22.0,430.0
26.0,-22.0,-22.0,430.0
28.0,-22.0,-22.0,430.0
30.0,-22.0,-22.0,430.0
32.0,-22.0,-22.0,430.0
34.0,-22.0,-22.0,68.0
36.0,-22.0,-22.0,68.0
38.0,-22.0,-22.0,68.0
40.0,-22.0,-22.0,68.0
42.0,-22.0,-22.0,68.0
44.0,-22.0,-22.0,68.0
46.0,-22.0,-22.0,68.0
48.0,-22.0,-22.0,436.0
50.0,-22.0,-22.0,436.0
52.0,-22.0,-22.0,436.0
54.0,-22.0,-22.0,436.0
56.0,-22.0,-22.0,436.0
58.0,-22.0,-22.0,26.0
60.0,-22.0,-22.0,26.0
62.0,-22.0,-22.0,26.0
64.0,-22.0,-22.0,26.0
66.0,-22.0,-22.0,26.0
68.0,-22.0,-22.0,26.0
-68.0,-20.0,-22.0,417.0
-66.0,-20.0,-22.0,417.0
-64.0,-20.0,-22.0,417.0
-62.0,-20.0,-22.0,417.0
-60.0,-20.0,-22.0,417.0
-58.0,-20.0,-22.0,503.0
-56.0,-20.0,-22.0,503.0
-54.0,-20.0,-22.0,503.0
-52.0,-20.0,-22.0,558.0
-50.0,-20.0,-22.0,558.0
-48.0,-20.0,-22.0,558.0
-46.0,-20.0,-22.0,558.0
-44.0,-20.0,-22.0,558.0
-42.0,-20.0,-22.0,558.0
-40.0,-20.0,-22.0,558.0
-38.0,-20.0,-22.0,558.0
-36.0,-20.0,-22.0,558.0
-34.0,-20.0,-22.0,558.0
-32.0,-20.0,-22.0,506.0
-30.0,-20.0,-22.0,506.0
-28.0,-20.0,-22.0,506.0
-26.0,-20.0,-22.0,506.0
-24.0,-20.0,-22.0,506.0
-22.0,-20.0,-22.0,506.0
-20.0,-20.0,-22.0,506.0
18.0,-20.0,-22.0,394.0
20.0,-20.0,-22.0,394.0
22.0,-20.0,-22.0,394.0
24.0,-20.0,-22.0,394.0
26.0,-20.0,-22.0,96.0
28.0,-20.0,-22.0,430.0
30.0,-20.0,-22.0,430.0
32.0,-20.0,-22.0,430.0
34.0,-20.0,-22.0,68.0
36.0,-20.0,-22.0,68.0
38.0,-20.0,-22.0,68.0
40.0,-20.0,-22.0,68.0
42.0,-20.0,-22.0,68.0
44.0,-20.0,-22.0,68.0
46.0,-20.0,-22.0,68.0
52.0,-20.0,-22.0,436.0
54.0,-20.0,-22.0,436.0
56.0,-20.0,-22.0,436.0
58.0,-20.0,-22.0,26.0
60.0,-20.0,-22.0,26.0
62.0,-20.0,-22.0,26.0
64.0,-20.0,-22.0,26.0
66.0,-20.0,-22.0,26.0
68.0,-20.0,-22.0,26.0
-68.0,-18.0,-22.0,417.0
-66.0,-18.0,-22.0,417.0
-64.0,-18.0,-22.0,417.0
-62.0,-18.0,-22.0,417.0
-60.0,-18.0,-22.0,503.0
-58.0,-18.0,-22.0,503.0
-56.0,-18.0,-22.0,503.0
-54.0,-18.0,-22.0,503.0
-52.0,-18.0,-22.0,558.0
-50.0,-18.0,-22.0,558.0
-48.0,-18.0,-22.0,558.0
-46.0,-18.0,-22.0,558.0
-44.0,-18.0,-22.0,558.0
-42.0,-18.0,-22.0,558.0
-40.0,-18.0,-22.0,558.0
-38.0,-18.0,-22.0,558.0
-36.0,-18.0,-22.0,558.0
-34.0,-18.0,-22.0,506.0
-32.0,-18.0,-22.0,506.0
-30.0,-18.0,-22.0,506.0
-28.0,-18.0,-22.0,506.0
-26.0,-18.0,-22.0,506.0
-24.0,-18.0,-22.0,506.0
-22.0,-18.0,-22.0,506.0
-20.0,-18.0,-22.0,396.0
18.0,-18.0,-22.0,394.0
20.0,-18.0,-22.0,394.0
22.0,-18.0,-22.0,394.0
24.0,-18.0,-22.0,96.0
26.0,-18.0,-22.0,96.0
28.0,-18.0,-22.0,96.0
30.0,-18.0,-22.0,96.0
32.0,-18.0,-22.0,430.0
34.0,-18.0,-22.0,68.0
36.0,-18.0,-22.0,68.0
38.0,-18.0,-22.0,68.0
40.0,-18.0,-22.0,68.0
42.0,-18.0,-22.0,68.0
44.0,-18.0,-22.0,68.0
46.0,-18.0,-22.0,463.0
52.0,-18.0,-22.0,463.0
54.0,-18.0,-22.0,463.0
56.0,-18.0,-22.0,436.0
58.0,-18.0,-22.0,26.0
60.0,-18.0,-22.0,26.0
62.0,-18.0,-22.0,26.0
64.0,-18.0,-22.0,26.0
66.0,-18.0,-22.0,26.0
68.0,-18.0,-22.0,26.0
-68.0,-16.0,-22.0,417.0
-66.0,-16.0,-22.0,417.0
-64.0,-16.0,-22.0,417.0
-62.0,-16.0,-22.0,417.0
-60.0,-16.0,-22.0,503.0
-58.0,-16.0,-22.0,503.0
-56.0,-16.0,-22.0,503.0
-54.0,-16.0,-22.0,503.0
-52.0,-16.0,-22.0,558.0
-50.0,-16.0,-22.0,558.0
-48.0,-16.0,-22.0,558.0
-46.0,-16.0,-22.0,558.0
-44.0,-16.0,-22.0,558.0
-42.0,-16.0,-22.0,558.0
-40.0,-16.0,-22.0,558.0
-38.0,-16.0,-22.0,558.0
-36.0,-16.0,-22.0,506.0
-34.0,-16.0,-22.0,506.0
-32.0,-16.0,-22.0,506.0
-30.0,-16.0,-22.0,506.0
-28.0,-16.0,-22.0,506.0
-26.0,-16.0,-22.0,506.0
-24.0,-16.0,-22.0,506.0
-22.0,-16.0,-22.0,506.0
-20.0,-16.0,-22.0,396.0
18.0,-16.0,-22.0,394.0
20.0,-16.0,-22.0,394.0
22.0,-16.0,-22.0,394.0
24.0,-16.0,-22.0,96.0
26.0,-16.0,-22.0,96.0
28.0,-16.0,-22.0,96.0
30.0,-16.0,-22.0,96.0
32.0,-16.0,-22.0,96.0
34.0,-16.0,-22.0,68.0
36.0,-16.0,-22.0,68.0
38.0,-16.0,-22.0,68.0
40.0,-16.0,-22.0,68.0
42.0,-16.0,-22.0,68.0
44.0,-16.0,-22.0,68.0
50.0,-16.0,-22.0,463.0
52.0,-16.0,-22.0,463.0
54.0,-16.0,-22.0,456.0
56.0,-16.0,-22.0,456.0
58.0,-16.0,-22.0,456.0
60.0,-16.0,-22.0,26.0
62.0,-16.0,-22.0,26.0
64.0,-16.0,-22.0,26.0
66.0,-16.0,-22.0,26.0
-68.0,-14.0,-22.0,417.0
-66.0,-14.0,-22.0,417.0
-64.0,-14.0,-22.0,417.0
-62.0,-14.0,-22.0,417.0
-60.0,-14.0,-22.0,503.0
-58.0,-14.0,-22.0,503.0
-56.0,-14.0,-22.0,503.0
-54.0,-14.0,-22.0,503.0
-52.0,-14.0,-22.0,558.0
-44.0,-14.0,-22.0,558.0
-42.0,-14.0,-22.0,558.0
-40.0,-14.0,-22.0,558.0
-38.0,-14.0,-22.0,506.0
-36.0,-14.0,-22.0,506.0
-34.0,-14.0,-22.0,506.0
-32.0,-14.0,-22.0,506.0
-30.0,-14.0,-22.0,506.0
-28.0,-14.0,-22.0,506.0
-26.0,-14.0,-22.0,506.0
-24.0,-14.0,-22.0,506.0
-22.0,-14.0,-22.0,136.0
-20.0,-14.0,-22.0,396.0
18.0,-14.0,-22.0,394.0
20.0,-14.0,-22.0,394.0
22.0,-14.0,-22.0,394.0
24.0,-14.0,-22.0,96.0
26.0,-14.0,-22.0,96.0
28.0,-14.0,-22.0,96.0
30.0,-14.0,-22.0,96.0
32.0,-14.0,-22.0,96.0
34.0,-14.0,-22.0,96.0
36.0,-14.0,-22.0,96.0
38.0,-14.0,-22.0,68.0
40.0,-14.0,-22.0,68.0
42.0,-14.0,-22.0,68.0
44.0,-14.0,-22.0,463.0
52.0,-14.0,-22.0,456.0
54.0,-14.0,-22.0,456.0
56.0,-14.0,-22.0,456.0
58.0,-14.0,-22.0,152.0
60.0,-14.0,-22.0,152.0
62.0,-14.0,-22.0,26.0
64.0,-14.0,-22.0,26.0
66.0,-14.0,-22.0,26.0
-68.0,-12.0,-22.0,417.0
-66.0,-12.0,-22.0,417.0
-64.0,-12.0,-22.0,417.0
-62.0,-12.0,-22.0,417.0
-60.0,-12.0,-22.0,503.0
-58.0,-12.0,-22.0,503.0
-56.0,-12.0,-22.0,503.0
-54.0,-12.0,-22.0,503.0
-52.0,-12.0,-22.0,558.0
-42.0,-12.0,-22.0,558.0
-40.0,-12.0,-22.0,506.0
-38.0,-12.0,-22.0,506.0
-36.0,-12.0,-22.0,506.0
-34.0,-12.0,-22.0,506.0
-32.0,-12.0,-22.0,506.0
-30.0,-12.0,-22.0,506.0
-28.0,-12.0,-22.0,506.0
-26.0,-12.0,-22.0,506.0
-24.0,-12.0,-22.0,506.0
-22.0,-12.0,-22.0,136.0
-20.0,-12.0,-22.0,396.0
-18.0,-12.0,-22.0,396.0
16.0,-12.0,-22.0,483.0
18.0,-12.0,-22.0,483.0
20.0,-12.0,-22.0,394.0
22.0,-12.0,-22.0,394.0
24.0,-12.0,-22.0,96.0
26.0,-12.0,-22.0,96.0
28.0,-12.0,-22.0,96.0
30.0,-12.0,-22.0,96.0
32.0,-12.0,-22.0,96.0
34.0,-12.0,-22.0,96.0
36.0,-12.0,-22.0,96.0
38.0,-12.0,-22.0,96.0
52.0,-12.0,-22.0,456.0
54.0,-12.0,-22.0,456.0
56.0,-12.0,-22.0,152.0
58.0,-12.0,-22.0,152.0
60.0,-12.0,-22.0,152.0
62.0,-12.0,-22.0,152.0
64.0,-12.0,-22.0,152.0
66.0,-12.0,-22.0,26.0
-68.0,-10.0,-22.0,397.0
-66.0,-10.0,-22.0,397.0
-64.0,-10.0,-22.0,397.0
-62.0,-10.0,-22.0,397.0
-60.0,-10.0,-22.0,503.0
-58.0,-10.0,-22.0,503.0
-56.0,-10.0,-22.0,503.0
-54.0,-10.0,-22.0,503.0
-52.0,-10.0,-22.0,115.0
-38.0,-10.0,-22.0,506.0
-36.0,-10.0,-22.0,506.0
-34.0,-10.0,-22.0,506.0
-32.0,-10.0,-22.0,506.0
-30.0,-10.0,-22.0,506.0
-28.0,-10.0,-22.0,506.0
-26.0,-10.0,-22.0,506.0
-24.0,-10.0,-22.0,136.0
-22.0,-10.0,-22.0,136.0
-20.0,-10.0,-22.0,396.0
-18.0,-10.0,-22.0,396.0
16.0,-10.0,-22.0,483.0
18.0,-10.0,-22.0,483.0
20.0,-10.0,-22.0,483.0
22.0,-10.0,-22.0,394.0
24.0,-10.0,-22.0,96.0
26.0,-10.0,-22.0,96.0
28.0,-10.0,-22.0,96.0
30.0,-10.0,-22.0,96.0
32.0,-10.0,-22.0,96.0
34.0,-10.0,-22.0,96.0
52.0,-10.0,-22.0,456.0
54.0,-10.0,-22.0,152.0
56.0,-10.0,-22.0,152.0
58.0,-10.0,-22.0,152.0
60.0,-10.0,-22.0,152.0
62.0,-10.0,-22.0,152.0
64.0,-10.0,-22.0,152.0
66.0,-10.0,-22.0,152.0
-66.0,-8.0,-22.0,397.0
-64.0,-8.0,-22.0,397.0
-62.0,-8.0,-22.0,397.0
-60.0,-8.0,-22.0,397.0
-58.0,-8.0,-22.0,115.0
-56.0,-8.0,-22.0,115.0
-54.0,-8.0,-22.0,115.0
-52.0,-8.0,-22.0,115.0
-50.0,-8.0,-22.0,115.0
-38.0,-8.0,-22.0,506.0
-36.0,-8.0,-22.0,506.0
-34.0,-8.0,-22.0,506.0
-32.0,-8.0,-22.0,506.0
-30.0,-8.0,-22.0,506.0
-28.0,-8.0,-22.0,506.0
-26.0,-8.0,-22.0,136.0
-24.0,-8.0,-22.0,136.0
-22.0,-8.0,-22.0,136.0
-20.0,-8.0,-22.0,396.0
-18.0,-8.0,-22.0,396.0
-16.0,-8.0,-22.0,268.0
-14.0,-8.0,-22.0,268.0
14.0,-8.0,-22.0,483.0
16.0,-8.0,-22.0,483.0
18.0,-8.0,-22.0,483.0
20.0,-8.0,-22.0,483.0
22.0,-8.0,-22.0,483.0
24.0,-8.0,-22.0,96.0
26.0,-8.0,-22.0,96.0
28.0,-8.0,-22.0,96.0
30.0,-8.0,-22.0,96.0
32.0,-8.0,-22.0,96.0
34.0,-8.0,-22.0,96.0
48.0,-8.0,-22.0,456.0
50.0,-8.0,-22.0,456.0
52.0,-8.0,-22.0,152.0
54.0,-8.0,-22.0,152.0
56.0,-8.0,-22.0,152.0
58.0,-8.0,-22.0,152.0
60.0,-8.0,-22.0,152.0
62.0,-8.0,-22.0,152.0
64.0,-8.0,-22.0,152.0
66.0,-8.0,-22.0,152.0
-66.0,-6.0,-22.0,397.0
-64.0,-6.0,-22.0,397.0
-62.0,-6.0,-22.0,397.0
-60.0,-6.0,-22.0,397.0
-58.0,-6.0,-22.0,397.0
-56.0,-6.0,-22.0,115.0
-54.0,-6.0,-22.0,115.0
-52.0,-6.0,-22.0,115.0
-50.0,-6.0,-22.0,115.0
-48.0,-6.0,-22.0,115.0
-34.0,-6.0,-22.0,506.0
-32.0,-6.0,-22.0,506.0
-30.0,-6.0,-22.0,506.0
-28.0,-6.0,-22.0,506.0
-26.0,-6.0,-22.0,136.0
-24.0,-6.0,-22.0,136.0
-22.0,-6.0,-22.0,136.0
-20.0,-6.0,-22.0,396.0
-18.0,-6.0,-22.0,396.0
-16.0,-6.0,-22.0,268.0
-14.0,-6.0,-22.0,268.0
-12.0,-6.0,-22.0,268.0
12.0,-6.0,-22.0,483.0
14.0,-6.0,-22.0,483.0
16.0,-6.0,-22.0,483.0
18.0,-6.0,-22.0,483.0
20.0,-6.0,-22.0,483.0
22.0,-6.0,-22.0,483.0
24.0,-6.0,-22.0,590.0
26.0,-6.0,-22.0,96.0
28.0,-6.0,-22.0,96.0
30.0,-6.0,-22.0,96.0
32.0,-6.0,-22.0,96.0
34.0,-6.0,-22.0,96.0
46.0,-6.0,-22.0,456.0
48.0,-6.0,-22.0,456.0
50.0,-6.0,-22.0,152.0
52.0,-6.0,-22.0,152.0
54.0,-6.0,-22.0,152.0
56.0,-6.0,-22.0,152.0
58.0,-6.0,-22.0,152.0
60.0,-6.0,-22.0,152.0
62.0,-6.0,-22.0,152.0
64.0,-6.0,-22.0,152.0
-66.0,-4.0,-22.0,397.0
-64.0,-4.0,-22.0,397.0
-62.0,-4.0,-22.0,397.0
-60.0,-4.0,-22.0,397.0
-58.0,-4.0,-22.0,397.0
-56.0,-4.0,-22.0,397.0
-54.0,-4.0,-22.0,115.0
-52.0,-4.0,-22.0,115.0
-50.0,-4.0,-22.0,115.0
-48.0,-4.0,-22.0,115.0
-34.0,-4.0,-22.0,506.0
-32.0,-4.0,-22.0,506.0
-30.0,-4.0,-22.0,506.0
-28.0,-4.0,-22.0,84.0
-26.0,-4.0,-22.0,136.0
-24.0,-4.0,-22.0,136.0
-22.0,-4.0,-22.0,136.0
-20.0,-4.0,-22.0,396.0
-18.0,-4.0,-22.0,268.0
-16.0,-4.0,-22.0,268.0
-14.0,-4.0,-22.0,268.0
-12.0,-4.0,-22.0,268.0
12.0,-4.0,-22.0,483.0
14.0,-4.0,-22.0,483.0
16.0,-4.0,-22.0,483.0
18.0,-4.0,-22.0,483.0
20.0,-4.0,-22.0,483.0
22.0,-4.0,-22.0,483.0
24.0,-4.0,-22.0,590.0
26.0,-4.0,-22.0,590.0
28.0,-4.0,-22.0,590.0
30.0,-4.0,-22.0,96.0
32.0,-4.0,-22.0,96.0
34.0,-4.0,-22.0,96.0
46.0,-4.0,-22.0,456.0
48.0,-4.0,-22.0,152.0
50.0,-4.0,-22.0,152.0
52.0,-4.0,-22.0,152.0
54.0,-4.0,-22.0,152.0
56.0,-4.0,-22.0,152.0
58.0,-4.0,-22.0,152.0
60.0,-4.0,-22.0,152.0
62.0,-4.0,-22.0,152.0
64.0,-4.0,-22.0,152.0
-66.0,-2.0,-22.0,397.0
-64.0,-2.0,-22.0,397.0
-62.0,-2.0,-22.0,397.0
-60.0,-2.0,-22.0,397.0
-58.0,-2.0,-22.0,397.0
-56.0,-2.0,-22.0,397.0
-54.0,-2.0,-22.0,115.0
-52.0,-2.0,-22.0,115.0
-50.0,-2.0,-22.0,115.0
-48.0,-2.0,-22.0,115.0
-34.0,-2.0,-22.0,506.0
-32.0,-2.0,-22.0,506.0
-30.0,-2.0,-22.0,84.0
-28.0,-2.0,-22.0,84.0
-26.0,-2.0,-22.0,84.0
-24.0,-2.0,-22.0,136.0
-22.0,-2.0,-22.0,136.0
-20.0,-2.0,-22.0,396.0
-18.0,-2.0,-22.0,268.0
-16.0,-2.0,-22.0,268.0
-14.0,-2.0,-22.0,268.0
-12.0,-2.0,-22.0,268.0
12.0,-2.0,-22.0,483.0
14.0,-2.0,-22.0,483.0
16.0,-2.0,-22.0,483.0
18.0,-2.0,-22.0,483.0
20.0,-2.0,-22.0,483.0
22.0,-2.0,-22.0,590.0
24.0,-2.0,-22.0,590.0
26.0,-2.0,-22.0,590.0
28.0,-2.0,-22.0,590.0
30.0,-2.0,-22.0,590.0
32.0,-2.0,-22.0,590.0
34.0,-2.0,-22.0,590.0
36.0,-2.0,-22.0,96.0
38.0,-2.0,-22.0,96.0
40.0,-2.0,-22.0,96.0
42.0,-2.0,-22.0,456.0
46.0,-2.0,-22.0,152.0
48.0,-2.0,-22.0,152.0
50.0,-2.0,-22.0,152.0
52.0,-2.0,-22.0,152.0
54.0,-2.0,-22.0,152.0
56.0,-2.0,-22.0,152.0
58.0,-2.0,-22.0,152.0
60.0,-2.0,-22.0,152.0
62.0,-2.0,-22.0,152.0
64.0,-2.0,-22.0,152.0
-64.0,-0.0,-22.0,397.0
-62.0,-0.0,-22.0,397.0
-60.0,-0.0,-22.0,397.0
-58.0,-0.0,-22.0,397.0
-56.0,-0.0,-22.0,397.0
-54.0,-0.0,-22.0,397.0
-52.0,-0.0,-22.0,115.0
-50.0,-0.0,-22.0,115.0
-48.0,-0.0,-22.0,115.0
-34.0,-0.0,-22.0,506.0
-32.0,-0.0,-22.0,84.0
-30.0,-0.0,-22.0,84.0
-28.0,-0.0,-22.0,84.0
-26.0,-0.0,-22.0,84.0
-24.0,-0.0,-22.0,84.0
-22.0,-0.0,-22.0,136.0
-20.0,-0.0,-22.0,268.0
-18.0,-0.0,-22.0,268.0
-16.0,-0.0,-22.0,268.0
-14.0,-0.0,-22.0,268.0
14.0,-0.0,-22.0,483.0
16.0,-0.0,-22.0,483.0
18.0,-0.0,-22.0,483.0
20.0,-0.0,-22.0,483.0
22.0,-0.0,-22.0,590.0
24.0,-0.0,-22.0,590.0
26.0,-0.0,-22.0,590.0
28.0,-0.0,-22.0,590.0
30.0,-0.0,-22.0,590.0
32.0,-0.0,-22.0,590.0
34.0,-0.0,-22.0,590.0
36.0,-0.0,-22.0,590.0
38.0,-0.0,-22.0,590.0
40.0,-0.0,-22.0,207.0
42.0,-0.0,-22.0,207.0
44.0,-0.0,-22.0,207.0
46.0,-0.0,-22.0,152.0
48.0,-0.0,-22.0,152.0
50.0,-0.0,-22.0,152.0
52.0,-0.0,-22.0,152.0
54.0,-0.0,-22.0,152.0
56.0,-0.0,-22.0,152.0
58.0,-0.0,-22.0,152.0
60.0,-0.0,-22.0,152.0
62.0,-0.0,-22.0,152.0
-64.0,2.0,-22.0,397.0
-62.0,2.0,-22.0,397.0
-60.0,2.0,-22.0,397.0
-58.0,2.0,-22.0,397.0
-56.0,2.0,-22.0,397.0
-54.0,2.0,-22.0,397.0
-52.0,2.0,-22.0,426.0
-50.0,2.0,-22.0,426.0
-48.0,2.0,-22.0,514.0
-46.0,2.0,-22.0,514.0
-44.0,2.0,-22.0,514.0
-42.0,2.0,-22.0,514.0
-40.0,2.0,-22.0,514.0
-38.0,2.0,-22.0,514.0
-36.0,2.0,-22.0,174.0
-34.0,2.0,-22.0,174.0
-32.0,2.0,-22.0,84.0
-30.0,2.0,-22.0,84.0
-28.0,2.0,-22.0,84.0
-26.0,2.0,-22.0,84.0
-24.0,2.0,-22.0,84.0
-22.0,2.0,-22.0,84.0
-20.0,2.0,-22.0,268.0
-18.0,2.0,-22.0,268.0
-16.0,2.0,-22.0,268.0
-14.0,2.0,-22.0,268.0
16.0,2.0,-22.0,483.0
18.0,2.0,-22.0,483.0
20.0,2.0,-22.0,590.0
22.0,2.0,-22.0,590.0
24.0,2.0,-22.0,590.0
26.0,2.0,-22.0,590.0
28.0,2.0,-22.0,590.0
30.0,2.0,-22.0,590.0
32.0,2.0,-22.0,590.0
34.0,2.0,-22.0,590.0
36.0,2.0,-22.0,590.0
38.0,2.0,-22.0,590.0
40.0,2.0,-22.0,207.0
42.0,2.0,-22.0,207.0
44.0,2.0,-22.0,207.0
46.0,2.0,-22.0,207.0
48.0,2.0,-22.0,207.0
50.0,2.0,-22.0,207.0
52.0,2.0,-22.0,207.0
54.0,2.0,-22.0,207.0
56.0,2.0,-22.0,152.0
58.0,2.0,-22.0,152.0
60.0,2.0,-22.0,152.0
62.0,2.0,-22.0,152.0
-62.0,4.0,-22.0,397.0
-60.0,4.0,-22.0,397.0
-58.0,4.0,-22.0,397.0
-56.0,4.0,-22.0,426.0
-54.0,4.0,-22.0,426.0
-52.0,4.0,-22.0,426.0
-50.0,4.0,-22.0,426.0
-48.0,4.0,-22.0,514.0
-46.0,4.0,-22.0,514.0
-44.0,4.0,-22.0,514.0
-42.0,4.0,-22.0,514.0
-40.0,4.0,-22.0,514.0
-38.0,4.0,-22.0,514.0
-36.0,4.0,-22.0,174.0
-34.0,4.0,-22.0,174.0
-32.0,4.0,-22.0,174.0
-30.0,4.0,-22.0,554.0
-28.0,4.0,-22.0,554.0
-26.0,4.0,-22.0,554.0
-24.0,4.0,-22.0,554.0
-22.0,4.0,-22.0,554.0
-20.0,4.0,-22.0,268.0
-18.0,4.0,-22.0,268.0
-16.0,4.0,-22.0,268.0
18.0,4.0,-22.0,483.0
20.0,4.0,-22.0,590.0
22.0,4.0,-22.0,590.0
24.0,4.0,-22.0,590.0
26.0,4.0,-22.0,590.0
28.0,4.0,-22.0,590.0
30.0,4.0,-22.0,590.0
32.0,4.0,-22.0,590.0
34.0,4.0,-22.0,590.0
36.0,4.0,-22.0,590.0
38.0,4.0,-22.0,590.0
40.0,4.0,-22.0,429.0
42.0,4.0,-22.0,207.0
44.0,4.0,-22.0,207.0
46.0,4.0,-22.0,207.0
48.0,4.0,-22.0,207.0
50.0,4.0,-22.0,207.0
52.0,4.0,-22.0,207.0
54.0,4.0,-22.0,207.0
56.0,4.0,-22.0,207.0
58.0,4.0,-22.0,207.0
60.0,4.0,-22.0,207.0
-62.0,6.0,-22.0,397.0
-60.0,6.0,-22.0,397.0
-58.0,6.0,-22.0,426.0
-56.0,6.0,-22.0,426.0
-54.0,6.0,-22.0,426.0
-52.0,6.0,-22.0,426.0
-50.0,6.0,-22.0,426.0
-48.0,6.0,-22.0,514.0
-46.0,6.0,-22.0,514.0
-44.0,6.0,-22.0,514.0
-42.0,6.0,-22.0,514.0
-40.0,6.0,-22.0,514.0
-38.0,6.0,-22.0,514.0
-36.0,6.0,-22.0,174.0
-34.0,6.0,-22.0,174.0
-32.0,6.0,-22.0,174.0
-30.0,6.0,-22.0,554.0
-28.0,6.0,-22.0,554.0
-26.0,6.0,-22.0,554.0
-24.0,6.0,-22.0,554.0
-22.0,6.0,-22.0,554.0
-20.0,6.0,-22.0,554.0
24.0,6.0,-22.0,590.0
26.0,6.0,-22.0,590.0
28.0,6.0,-22.0,590.0
30.0,6.0,-22.0,590.0
32.0,6.0,-22.0,590.0
34.0,6.0,-22.0,590.0
36.0,6.0,-22.0,590.0
38.0,6.0,-22.0,429.0
40.0,6.0,-22.0,429.0
42.0,6.0,-22.0,207.0
44.0,6.0,-22.0,207.0
46.0,6.0,-22.0,207.0
48.0,6.0,-22.0,207.0
50.0,6.0,-22.0,207.0
52.0,6.0,-22.0,207.0
54.0,6.0,-22.0,207.0
56.0,6.0,-22.0,207.0
58.0,6.0,-22.0,207.0
60.0,6.0,-22.0,207.0
-60.0,8.0,-22.0,426.0
-58.0,8.0,-22.0,426.0
-56.0,8.0,-22.0,426.0
-54.0,8.0,-22.0,426.0
-52.0,8.0,-22.0,426.0
-50.0,8.0,-22.0,426.0
-48.0,8.0,-22.0,514.0
-46.0,8.0,-22.0,514.0
-44.0,8.0,-22.0,514.0
-42.0,8.0,-22.0,514.0
-40.0,8.0,-22.0,514.0
-38.0,8.0,-22.0,514.0
-36.0,8.0,-22.0,174.0
-34.0,8.0,-22.0,174.0
-32.0,8.0,-22.0,174.0
-30.0,8.0,-22.0,554.0
-28.0,8.0,-22.0,554.0
-26.0,8.0,-22.0,554.0
-24.0,8.0,-22.0,554.0
12.0,8.0,-22.0,143.0
14.0,8.0,-22.0,143.0
16.0,8.0,-22.0,143.0
18.0,8.0,-22.0,143.0
20.0,8.0,-22.0,143.0
22.0,8.0,-22.0,590.0
24.0,8.0,-22.0,590.0
32.0,8.0,-22.0,590.0
34.0,8.0,-22.0,590.0
36.0,8.0,-22.0,429.0
38.0,8.0,-22.0,429.0
40.0,8.0,-22.0,429.0
42.0,8.0,-22.0,429.0
44.0,8.0,-22.0,207.0
46.0,8.0,-22.0,207.0
48.0,8.0,-22.0,207.0
50.0,8.0,-22.0,207.0
52.0,8.0,-22.0,207.0
54.0,8.0,-22.0,207.0
56.0,8.0,-22.0,207.0
58.0,8.0,-22.0,207.0
-58.0,10.0,-22.0,426.0
-56.0,10.0,-22.0,426.0
-54.0,10.0,-22.0,426.0
-52.0,10.0,-22.0,426.0
-50.0,10.0,-22.0,426.0
-48.0,10.0,-22.0,514.0
-46.0,10.0,-22.0,514.0
-44.0,10.0,-22.0,514.0
-42.0,10.0,-22.0,514.0
-40.0,10.0,-22.0,514.0
-38.0,10.0,-22.0,514.0
-36.0,10.0,-22.0,174.0
-24.0,10.0,-22.0,554.0
-22.0,10.0,-22.0,554.0
-20.0,10.0,-22.0,395.0
-18.0,10.0,-22.0,395.0
-16.0,10.0,-22.0,395.0
-14.0,10.0,-22.0,395.0
-12.0,10.0,-22.0,395.0
-10.0,10.0,-22.0,395.0
-8.0,10.0,-22.0,395.0
8.0,10.0,-22.0,294.0
10.0,10.0,-22.0,143.0
12.0,10.0,-22.0,143.0
14.0,10.0,-22.0,143.0
16.0,10.0,-22.0,143.0
18.0,10.0,-22.0,143.0
20.0,10.0,-22.0,143.0
22.0,10.0,-22.0,143.0
24.0,10.0,-22.0,590.0
26.0,10.0,-22.0,590.0
36.0,10.0,-22.0,429.0
38.0,10.0,-22.0,429.0
40.0,10.0,-22.0,429.0
42.0,10.0,-22.0,429.0
44.0,10.0,-22.0,429.0
46.0,10.0,-22.0,207.0
48.0,10.0,-22.0,207.0
50.0,10.0,-22.0,207.0
52.0,10.0,-22.0,207.0
54.0,10.0,-22.0,207.0
56.0,10.0,-22.0,207.0
-58.0,12.0,-22.0,426.0
-56.0,12.0,-22.0,426.0
-54.0,12.0,-22.0,426.0
-52.0,12.0,-22.0,426.0
-50.0,12.0,-22.0,426.0
-48.0,12.0,-22.0,426.0
-46.0,12.0,-22.0,514.0
-44.0,12.0,-22.0,514.0
-42.0,12.0,-22.0,514.0
-40.0,12.0,-22.0,514.0
-38.0,12.0,-22.0,514.0
-26.0,12.0,-22.0,554.0
-24.0,12.0,-22.0,554.0
-22.0,12.0,-22.0,554.0
-20.0,12.0,-22.0,395.0
-18.0,12.0,-22.0,395.0
-16.0,12.0,-22.0,395.0
-14.0,12.0,-22.0,395.0
-12.0,12.0,-22.0,395.0
-10.0,12.0,-22.0,395.0
-8.0,12.0,-22.0,107.0
-6.0,12.0,-22.0,107.0
-4.0,12.0,-22.0,107.0
6.0,12.0,-22.0,294.0
8.0,12.0,-22.0,294.0
10.0,12.0,-22.0,143.0
12.0,12.0,-22.0,143.0
14.0,12.0,-22.0,143.0
16.0,12.0,-22.0,143.0
18.0,12.0,-22.0,143.0
20.0,12.0,-22.0,143.0
22.0,12.0,-22.0,143.0
24.0,12.0,-22.0,143.0
26.0,12.0,-22.0,590.0
28.0,12.0,-22.0,590.0
40.0,12.0,-22.0,429.0
42.0,12.0,-22.0,429.0
44.0,12.0,-22.0,429.0
46.0,12.0,-22.0,429.0
48.0,12.0,-22.0,207.0
50.0,12.0,-22.0,207.0
52.0,12.0,-22.0,207.0
54.0,12.0,-22.0,207.0
56.0,12.0,-22.0,207.0
-56.0,14.0,-22.0,426.0
-54.0,14.0,-22.0,426.0
-52.0,14.0,-22.0,426.0
-50.0,14.0,-22.0,67.0
-48.0,14.0,-22.0,67.0
-46.0,14.0,-22.0,514.0
-44.0,14.0,-22.0,514.0
-42.0,14.0,-22.0,514.0
-40.0,14.0,-22.0,514.0
-28.0,14.0,-22.0,554.0
-26.0,14.0,-22.0,554.0
-24.0,14.0,-22.0,554.0
-22.0,14.0,-22.0,554.0
-20.0,14.0,-22.0,395.0
-18.0,14.0,-22.0,395.0
-16.0,14.0,-22.0,395.0
-14.0,14.0,-22.0,395.0
-12.0,14.0,-22.0,395.0
-10.0,14.0,-22.0,107.0
-8.0,14.0,-22.0,107.0
-6.0,14.0,-22.0,107.0
-4.0,14.0,-22.0,107.0
-2.0,14.0,-22.0,107.0
4.0,14.0,-22.0,294.0
6.0,14.0,-22.0,294.0
8.0,14.0,-22.0,294.0
10.0,14.0,-22.0,143.0
12.0,14.0,-22.0,143.0
14.0,14.0,-22.0,143.0
16.0,14.0,-22.0,143.0
18.0,14.0,-22.0,143.0
20.0,14.0,-22.0,143.0
22.0,14.0,-22.0,143.0
24.0,14.0,-22.0,143.0
26.0,14.0,-22.0,143.0
28.0,14.0,-22.0,590.0
30.0,14.0,-22.0,590.0
40.0,14.0,-22.0,429.0
42.0,14.0,-22.0,429.0
44.0,14.0,-22.0,429.0
46.0,14.0,-22.0,429.0
48.0,14.0,-22.0,207.0
50.0,14.0,-22.0,207.0
52.0,14.0,-22.0,207.0
54.0,14.0,-22.0,207.0
-54.0,16.0,-22.0,67.0
-52.0,16.0,-22.0,67.0
-50.0,16.0,-22.0,67.0
-48.0,16.0,-22.0,67.0
-46.0,16.0,-22.0,67.0
-44.0,16.0,-22.0,514.0
-42.0,16.0,-22.0,514.0
-40.0,16.0,-22.0,514.0
-28.0,16.0,-22.0,554.0
-26.0,16.0,-22.0,554.0
-24.0,16.0,-22.0,310.0
-22.0,16.0,-22.0,310.0
-20.0,16.0,-22.0,310.0
-18.0,16.0,-22.0,310.0
-16.0,16.0,-22.0,395.0
-14.0,16.0,-22.0,395.0
-12.0,16.0,-22.0,107.0
-10.0,16.0,-22.0,107.0
-8.0,16.0,-22.0,107.0
-6.0,16.0,-22.0,107.0
-4.0,16.0,-22.0,107.0
-2.0,16.0,-22.0,107.0
2.0,16.0,-22.0,294.0
4.0,16.0,-22.0,294.0
6.0,16.0,-22.0,294.0
8.0,16.0,-22.0,228.0
10.0,16.0,-22.0,228.0
12.0,16.0,-22.0,228.0
14.0,16.0,-22.0,228.0
16.0,16.0,-22.0,143.0
18.0,16.0,-22.0,143.0
20.0,16.0,-22.0,143.0
22.0,16.0,-22.0,143.0
24.0,16.0,-22.0,143.0
26.0,16.0,-22.0,143.0
28.0,16.0,-22.0,590.0
30.0,16.0,-22.0,429.0
32.0,16.0,-22.0,429.0
40.0,16.0,-22.0,429.0
42.0,16.0,-22.0,429.0
44.0,16.0,-22.0,429.0
46.0,16.0,-22.0,429.0
48.0,16.0,-22.0,429.0
50.0,16.0,-22.0,207.0
52.0,16.0,-22.0,207.0
54.0,16.0,-22.0,207.0
-54.0,18.0,-22.0,67.0
-52.0,18.0,-22.0,67.0
-50.0,18.0,-22.0,67.0
-48.0,18.0,-22.0,67.0
-46.0,18.0,-22.0,67.0
-44.0,18.0,-22.0,67.0
-42.0,18.0,-22.0,514.0
-40.0,18.0,-22.0,514.0
-30.0,18.0,-22.0,174.0
-28.0,18.0,-22.0,174.0
-26.0,18.0,-22.0,310.0
-24.0,18.0,-22.0,310.0
-22.0,18.0,-22.0,310.0
-20.0,18.0,-22.0,310.0
-18.0,18.0,-22.0,310.0
-16.0,18.0,-22.0,310.0
-14.0,18.0,-22.0,310.0
-12.0,18.0,-22.0,107.0
-10.0,18.0,-22.0,107.0
-8.0,18.0,-22.0,107.0
-6.0,18.0,-22.0,107.0
-4.0,18.0,-22.0,107.0
-2.0,18.0,-22.0,107.0
0.0,18.0,-22.0,107.0
2.0,18.0,-22.0,560.0
4.0,18.0,-22.0,560.0
6.0,18.0,-22.0,228.0
8.0,18.0,-22.0,228.0
10.0,18.0,-22.0,228.0
12.0,18.0,-22.0,228.0
14.0,18.0,-22.0,228.0
16.0,18.0,-22.0,228.0
18.0,18.0,-22.0,228.0
20.0,18.0,-22.0,228.0
22.0,18.0,-22.0,109.0
24.0,18.0,-22.0,109.0
26.0,18.0,-22.0,109.0
28.0,18.0,-22.0,109.0
30.0,18.0,-22.0,429.0
32.0,18.0,-22.0,429.0
34.0,18.0,-22.0,429.0
40.0,18.0,-22.0,429.0
42.0,18.0,-22.0,429.0
44.0,18.0,-22.0,429.0
46.0,18.0,-22.0,429.0
48.0,18.0,-22.0,429.0
50.0,18.0,-22.0,429.0
52.0,18.0,-22.0,207.0
-54.0,20.0,-22.0,67.0
-52.0,20.0,-22.0,67.0
-50.0,20.0,-22.0,67.0
-48.0,20.0,-22.0,67.0
-46.0,20.0,-22.0,67.0
-44.0,20.0,-22.0,67.0
-42.0,20.0,-22.0,514.0
-40.0,20.0,-22.0,514.0
-30.0,20.0,-22.0,174.0
-28.0,20.0,-22.0,310.0
-26.0,20.0,-22.0,310.0
-24.0,20.0,-22.0,310.0
-22.0,20.0,-22.0,310.0
-20.0,20.0,-22.0,310.0
-18.0,20.0,-22.0,310.0
-16.0,20.0,-22.0,310.0
-14.0,20.0,-22.0,310.0
-12.0,20.0,-22.0,107.0
-10.0,20.0,-22.0,107.0
-8.0,20.0,-22.0,107.0
-6.0,20.0,-22.0,107.0
-4.0,20.0,-22.0,107.0
-2.0,20.0,-22.0,107.0
0.0,20.0,-22.0,479.0
2.0,20.0,-22.0,479.0
4.0,20.0,-22.0,479.0
6.0,20.0,-22.0,228.0
8.0,20.0,-22.0,228.0
10.0,20.0,-22.0,228.0
12.0,20.0,-22.0,228.0
14.0,20.0,-22.0,228.0
16.0,20.0,-22.0,228.0
18.0,20.0,-22.0,228.0
20.0,20.0,-22.0,109.0
22.0,20.0,-22.0,109.0
24.0,20.0,-22.0,109.0
26.0,20.0,-22.0,109.0
28.0,20.0,-22.0,109.0
30.0,20.0,-22.0,429.0
32.0,20.0,-22.0,429.0
34.0,20.0,-22.0,429.0
36.0,20.0,-22.0,429.0
40.0,20.0,-22.0,429.0
42.0,20.0,-22.0,429.0
44.0,20.0,-22.0,429.0
46.0,20.0,-22.0,429.0
48.0,20.0,-22.0,429.0
50.0,20.0,-22.0,429.0
52.0,20.0,-22.0,429.0
-52.0,22.0,-22.0,67.0
-50.0,22.0,-22.0,67.0
-48.0,22.0,-22.0,67.0
-46.0,22.0,-22.0,67.0
-44.0,22.0,-22.0,67.0
-42.0,22.0,-22.0,67.0
-40.0,22.0,-22.0,53.0
-32.0,22.0,-22.0,53.0
-30.0,22.0,-22.0,310.0
-28.0,22.0,-22.0,310.0
-26.0,22.0,-22.0,310.0
-24.0,22.0,-22.0,310.0
-22.0,22.0,-22.0,310.0
-20.0,22.0,-22.0,310.0
-18.0,22.0,-22.0,310.0
-16.0,22.0,-22.0,310.0
-14.0,22.0,-22.0,310.0
-12.0,22.0,-22.0,310.0
-10.0,22.0,-22.0,107.0
-8.0,22.0,-22.0,107.0
-6.0,22.0,-22.0,107.0
-4.0,22.0,-22.0,107.0
-2.0,22.0,-22.0,479.0
0.0,22.0,-22.0,479.0
2.0,22.0,-22.0,479.0
4.0,22.0,-22.0,479.0
6.0,22.0,-22.0,228.0
8.0,22.0,-22.0,228.0
10.0,22.0,-22.0,228.0
12.0,22.0,-22.0,228.0
14.0,22.0,-22.0,228.0
16.0,22.0,-22.0,228.0
18.0,22.0,-22.0,109.0
20.0,22.0,-22.0,109.0
22.0,22.0,-22.0,109.0
24.0,22.0,-22.0,109.0
26.0,22.0,-22.0,109.0
28.0,22.0,-22.0,109.0
30.0,22.0,-22.0,429.0
32.0,22.0,-22.0,429.0
34.0,22.0,-22.0,429.0
36.0,22.0,-22.0,429.0
38.0,22.0,-22.0,429.0
42.0,22.0,-22.0,429.0
44.0,22.0,-22.0,429.0
46.0,22.0,-22.0,429.0
48.0,22.0,-22.0,429.0
50.0,22.0,-22.0,429.0
-50.0,24.0,-22.0,67.0
-48.0,24.0,-22.0,67.0
-46.0,24.0,-22.0,67.0
-44.0,24.0,-22.0,67.0
-42.0,24.0,-22.0,53.0
-34.0,24.0,-22.0,53.0
-32.0,24.0,-22.0,53.0
-30.0,24.0,-22.0,310.0
-28.0,24.0,-22.0,310.0
-26.0,24.0,-22.0,310.0
-24.0,24.0,-22.0,310.0
-22.0,24.0,-22.0,310.0
-20.0,24.0,-22.0,310.0
-18.0,24.0,-22.0,310.0
-16.0,24.0,-22.0,310.0
-14.0,24.0,-22.0,310.0
-12.0,24.0,-22.0,597.0
-10.0,24.0,-22.0,597.0
-8.0,24.0,-22.0,107.0
-6.0,24.0,-22.0,175.0
-4.0,24.0,-22.0,175.0
-2.0,24.0,-22.0,479.0
0.0,24.0,-22.0,479.0
2.0,24.0,-22.0,479.0
4.0,24.0,-22.0,479.0
6.0,24.0,-22.0,479.0
8.0,24.0,-22.0,228.0
10.0,24.0,-22.0,228.0
12.0,24.0,-22.0,228.0
14.0,24.0,-22.0,228.0
16.0,24.0,-22.0,109.0
18.0,24.0,-22.0,109.0
20.0,24.0,-22.0,109.0
22.0,24.0,-22.0,109.0
24.0,24.0,-22.0,109.0
26.0,24.0,-22.0,109.0
28.0,24.0,-22.0,109.0
30.0,24.0,-22.0,16.0
32.0,24.0,-22.0,429.0
34.0,24.0,-22.0,429.0
36.0,24.0,-22.0,429.0
38.0,24.0,-22.0,429.0
46.0,24.0,-22.0,429.0
-46.0,26.0,-22.0,67.0
-44.0,26.0,-22.0,53.0
-36.0,26.0,-22.0,53.0
-34.0,26.0,-22.0,53.0
-32.0,26.0,-22.0,53.0
-30.0,26.0,-22.0,53.0
-28.0,26.0,-22.0,310.0
-26.0,26.0,-22.0,310.0
-24.0,26.0,-22.0,310.0
-22.0,26.0,-22.0,310.0
-20.0,26.0,-22.0,310.0
-18.0,26.0,-22.0,310.0
-16.0,26.0,-22.0,310.0
-14.0,26.0,-22.0,597.0
-12.0,26.0,-22.0,597.0
-10.0,26.0,-22.0,597.0
-8.0,26.0,-22.0,175.0
-6.0,26.0,-22.0,175.0
-4.0,26.0,-22.0,175.0
-2.0,26.0,-22.0,479.0
0.0,26.0,-22.0,479.0
2.0,26.0,-22.0,479.0
4.0,26.0,-22.0,479.0
6.0,26.0,-22.0,479.0
8.0,26.0,-22.0,228.0
10.0,26.0,-22.0,228.0
12.0,26.0,-22.0,228.0
14.0,26.0,-22.0,109.0
16.0,26.0,-22.0,109.0
18.0,26.0,-22.0,109.0
20.0,26.0,-22.0,109.0
22.0,26.0,-22.0,109.0
24.0,26.0,-22.0,109.0
26.0,26.0,-22.0,109.0
28.0,26.0,-22.0,109.0
30.0,26.0,-22.0,16.0
32.0,26.0,-22.0,596.0
34.0,26.0,-22.0,429.0
36.0,26.0,-22.0,429.0
38.0,26.0,-22.0,429.0
-36.0,28.0,-22.0,53.0
-34.0,28.0,-22.0,53.0
-32.0,28.0,-22.0,53.0
-30.0,28.0,-22.0,53.0
-28.0,28.0,-22.0,310.0
-26.0,28.0,-22.0,310.0
-24.0,28.0,-22.0,310.0
-22.0,28.0,-22.0,310.0
-20.0,28.0,-22.0,310.0
-18.0,28.0,-22.0,597.0
-16.0,28.0,-22.0,597.0
-14.0,28.0,-22.0,597.0
-12.0,28.0,-22.0,597.0
-10.0,28.0,-22.0,597.0
-8.0,28.0,-22.0,484.0
-6.0,28.0,-22.0,175.0
-4.0,28.0,-22.0,175.0
-2.0,28.0,-22.0,479.0
0.0,28.0,-22.0,479.0
2.0,28.0,-22.0,479.0
4.0,28.0,-22.0,479.0
6.0,28.0,-22.0,479.0
8.0,28.0,-22.0,479.0
10.0,28.0,-22.0,228.0
12.0,28.0,-22.0,109.0
14.0,28.0,-22.0,109.0
16.0,28.0,-22.0,109.0
18.0,28.0,-22.0,109.0
20.0,28.0,-22.0,109.0
22.0,28.0,-22.0,109.0
24.0,28.0,-22.0,109.0
26.0,28.0,-22.0,109.0
28.0,28.0,-22.0,16.0
30.0,28.0,-22.0,596.0
32.0,28.0,-22.0,596.0
34.0,28.0,-22.0,596.0
36.0,28.0,-22.0,596.0
38.0,28.0,-22.0,596.0
-36.0,30.0,-22.0,53.0
-34.0,30.0,-22.0,53.0
-32.0,30.0,-22.0,53.0
-30.0,30.0,-22.0,53.0
-28.0,30.0,-22.0,110.0
-26.0,30.0,-22.0,310.0
-24.0,30.0,-22.0,310.0
-22.0,30.0,-22.0,310.0
-20.0,30.0,-22.0,597.0
-18.0,30.0,-22.0,597.0
-16.0,30.0,-22.0,597.0
-14.0,30.0,-22.0,597.0
-12.0,30.0,-22.0,484.0
-10.0,30.0,-22.0,484.0
-8.0,30.0,-22.0,484.0
-6.0,30.0,-22.0,484.0
-4.0,30.0,-22.0,175.0
-2.0,30.0,-22.0,479.0
0.0,30.0,-22.0,479.0
2.0,30.0,-22.0,479.0
4.0,30.0,-22.0,479.0
6.0,30.0,-22.0,479.0
8.0,30.0,-22.0,252.0
10.0,30.0,-22.0,252.0
12.0,30.0,-22.0,252.0
14.0,30.0,-22.0,252.0
16.0,30.0,-22.0,109.0
18.0,30.0,-22.0,109.0
20.0,30.0,-22.0,109.0
22.0,30.0,-22.0,109.0
24.0,30.0,-22.0,109.0
26.0,30.0,-22.0,16.0
28.0,30.0,-22.0,16.0
30.0,30.0,-22.0,596.0
32.0,30.0,-22.0,596.0
34.0,30.0,-22.0,596.0
36.0,30.0,-22.0,596.0
-36.0,32.0,-22.0,53.0
-34.0,32.0,-22.0,110.0
-32.0,32.0,-22.0,110.0
-30.0,32.0,-22.0,110.0
-28.0,32.0,-22.0,110.0
-26.0,32.0,-22.0,110.0
-24.0,32.0,-22.0,597.0
-22.0,32.0,-22.0,597.0
-20.0,32.0,-22.0,597.0
-18.0,32.0,-22.0,597.0
-16.0,32.0,-22.0,597.0
-14.0,32.0,-22.0,484.0
-12.0,32.0,-22.0,484.0
-10.0,32.0,-22.0,484.0
-8.0,32.0,-22.0,484.0
-6.0,32.0,-22.0,484.0
-4.0,32.0,-22.0,175.0
-2.0,32.0,-22.0,479.0
0.0,32.0,-22.0,479.0
2.0,32.0,-22.0,479.0
4.0,32.0,-22.0,479.0
6.0,32.0,-22.0,252.0
8.0,32.0,-22.0,252.0
10.0,32.0,-22.0,252.0
12.0,32.0,-22.0,252.0
14.0,32.0,-22.0,252.0
16.0,32.0,-22.0,252.0
18.0,32.0,-22.0,252.0
20.0,32.0,-22.0,109.0
22.0,32.0,-22.0,109.0
24.0,32.0,-22.0,16.0
26.0,32.0,-22.0,16.0
28.0,32.0,-22.0,596.0
30.0,32.0,-22.0,596.0
32.0,32.0,-22.0,596.0
34.0,32.0,-22.0,596.0
-28.0,34.0,-22.0,110.0
-26.0,34.0,-22.0,110.0
-24.0,34.0,-22.0,110.0
-22.0,34.0,-22.0,597.0
-20.0,34.0,-22.0,597.0
-18.0,34.0,-22.0,484.0
-16.0,34.0,-22.0,484.0
-14.0,34.0,-22.0,484.0
-12.0,34.0,-22.0,484.0
-10.0,34.0,-22.0,484.0
-8.0,34.0,-22.0,484.0
-6.0,34.0,-22.0,484.0
-4.0,34.0,-22.0,484.0
-2.0,34.0,-22.0,479.0
0.0,34.0,-22.0,479.0
2.0,34.0,-22.0,479.0
4.0,34.0,-22.0,252.0
6.0,34.0,-22.0,252.0
8.0,34.0,-22.0,252.0
10.0,34.0,-22.0,252.0
12.0,34.0,-22.0,252.0
14.0,34.0,-22.0,252.0
16.0,34.0,-22.0,252.0
18.0,34.0,-22.0,252.0
20.0,34.0,-22.0,252.0
22.0,34.0,-22.0,252.0
24.0,34.0,-22.0,16.0
26.0,34.0,-22.0,16.0
-26.0,36.0,-22.0,110.0
-24.0,36.0,-22.0,110.0
-22.0,36.0,-22.0,298.0
-20.0,36.0,-22.0,298.0
-18.0,36.0,-22.0,298.0
-16.0,36.0,-22.0,298.0
-14.0,36.0,-22.0,298.0
-12.0,36.0,-22.0,298.0
-10.0,36.0,-22.0,298.0
-8.0,36.0,-22.0,298.0
-6.0,36.0,-22.0,298.0
-4.0,36.0,-22.0,298.0
-2.0,36.0,-22.0,502.0
0.0,36.0,-22.0,502.0
2.0,36.0,-22.0,479.0
4.0,36.0,-22.0,252.0
6.0,36.0,-22.0,252.0
8.0,36.0,-22.0,252.0
10.0,36.0,-22.0,252.0
12.0,36.0,-22.0,252.0
14.0,36.0,-22.0,252.0
16.0,36.0,-22.0,252.0
18.0,36.0,-22.0,252.0
20.0,36.0,-22.0,252.0
22.0,36.0,-22.0,252.0
24.0,36.0,-22.0,16.0
-24.0,38.0,-22.0,110.0
-22.0,38.0,-22.0,588.0
-20.0,38.0,-22.0,298.0
-18.0,38.0,-22.0,298.0
-16.0,38.0,-22.0,298.0
-14.0,38.0,-22.0,298.0
-12.0,38.0,-22.0,298.0
-10.0,38.0,-22.0,298.0
-8.0,38.0,-22.0,298.0
-6.0,38.0,-22.0,298.0
-4.0,38.0,-22.0,502.0
-2.0,38.0,-22.0,502.0
0.0,38.0,-22.0,502.0
2.0,38.0,-22.0,502.0
4.0,38.0,-22.0,252.0
6.0,38.0,-22.0,252.0
8.0,38.0,-22.0,252.0
10.0,38.0,-22.0,252.0
12.0,38.0,-22.0,252.0
14.0,38.0,-22.0,252.0
16.0,38.0,-22.0,252.0
18.0,38.0,-22.0,252.0
20.0,38.0,-22.0,252.0
22.0,38.0,-22.0,252.0
24.0,38.0,-22.0,412.0
-20.0,40.0,-22.0,588.0
-18.0,40.0,-22.0,588.0
-16.0,40.0,-22.0,588.0
-14.0,40.0,-22.0,298.0
-12.0,40.0,-22.0,298.0
-10.0,40.0,-22.0,298.0
-8.0,40.0,-22.0,298.0
-6.0,40.0,-22.0,502.0
-4.0,40.0,-22.0,502.0
-2.0,40.0,-22.0,502.0
0.0,40.0,-22.0,502.0
2.0,40.0,-22.0,502.0
4.0,40.0,-22.0,252.0
6.0,40.0,-22.0,252.0
8.0,40.0,-22.0,252.0
10.0,40.0,-22.0,252.0
12.0,40.0,-22.0,252.0
14.0,40.0,-22.0,252.0
16.0,40.0,-22.0,252.0
18.0,40.0,-22.0,252.0
20.0,40.0,-22.0,252.0
-18.0,42.0,-22.0,588.0
-16.0,42.0,-22.0,588.0
-14.0,42.0,-22.0,588.0
-12.0,42.0,-22.0,588.0
-10.0,42.0,-22.0,298.0
-8.0,42.0,-22.0,502.0
-6.0,42.0,-22.0,502.0
-4.0,42.0,-22.0,502.0
-2.0,42.0,-22.0,502.0
0.0,42.0,-22.0,502.0
2.0,42.0,-22.0,502.0
4.0,42.0,-22.0,502.0
6.0,42.0,-22.0,252.0
8.0,42.0,-22.0,252.0
10.0,42.0,-22.0,252.0
12.0,42.0,-22.0,252.0
14.0,42.0,-22.0,252.0
16.0,42.0,-22.0,252.0
18.0,42.0,-22.0,252.0
-18.0,44.0,-22.0,588.0
-16.0,44.0,-22.0,588.0
-14.0,44.0,-22.0,588.0
-12.0,44.0,-22.0,588.0
-10.0,44.0,-22.0,588.0
-8.0,44.0,-22.0,502.0
-6.0,44.0,-22.0,502.0
-4.0,44.0,-22.0,502.0
-2.0,44.0,-22.0,502.0
0.0,44.0,-22.0,502.0
2.0,44.0,-22.0,502.0
4.0,44.0,-22.0,502.0
6.0,44.0,-22.0,252.0
8.0,44.0,-22.0,252.0
10.0,44.0,-22.0,252.0
12.0,44.0,-22.0,252.0
14.0,44.0,-22.0,252.0
16.0,44.0,-22.0,252.0
18.0,44.0,-22.0,252.0
-18.0,46.0,-22.0,588.0
-16.0,46.0,-22.0,588.0
-14.0,46.0,-22.0,588.0
-12.0,46.0,-22.0,588.0
-10.0,46.0,-22.0,588.0
-8.0,46.0,-22.0,502.0
-6.0,46.0,-22.0,502.0
-4.0,46.0,-22.0,502.0
-2.0,46.0,-22.0,502.0
0.0,46.0,-22.0,502.0
2.0,46.0,-22.0,502.0
4.0,46.0,-22.0,502.0
6.0,46.0,-22.0,334.0
8.0,46.0,-22.0,334.0
10.0,46.0,-22.0,334.0
12.0,46.0,-22.0,334.0
14.0,46.0,-22.0,334.0
16.0,46.0,-22.0,334.0
-18.0,48.0,-22.0,588.0
-16.0,48.0,-22.0,588.0
-14.0,48.0,-22.0,588.0
-12.0,48.0,-22.0,588.0
-10.0,48.0,-22.0,588.0
-8.0,48.0,-22.0,588.0
-6.0,48.0,-22.0,502.0
-4.0,48.0,-22.0,502.0
-2.0,48.0,-22.0,502.0
0.0,48.0,-22.0,502.0
2.0,48.0,-22.0,502.0
4.0,48.0,-22.0,334.0
6.0,48.0,-22.0,334.0
8.0,48.0,-22.0,334.0
10.0,48.0,-22.0,334.0
12.0,48.0,-22.0,334.0
14.0,48.0,-22.0,334.0
16.0,48.0,-22.0,334.0
-16.0,50.0,-22.0,509.0
-14.0,50.0,-22.0,509.0
-12.0,50.0,-22.0,509.0
-10.0,50.0,-22.0,509.0
-8.0,50.0,-22.0,509.0
-6.0,50.0,-22.0,502.0
-4.0,50.0,-22.0,502.0
-2.0,50.0,-22.0,502.0
0.0,50.0,-22.0,502.0
2.0,50.0,-22.0,334.0
4.0,50.0,-22.0,334.0
6.0,50.0,-22.0,334.0
8.0,50.0,-22.0,334.0
10.0,50.0,-22.0,334.0
12.0,50.0,-22.0,334.0
14.0,50.0,-22.0,334.0
16.0,50.0,-22.0,334.0
-16.0,52.0,-22.0,509.0
-14.0,52.0,-22.0,509.0
-12.0,52.0,-22.0,509.0
-10.0,52.0,-22.0,509.0
-8.0,52.0,-22.0,509.0
-6.0,52.0,-22.0,509.0
-4.0,52.0,-22.0,502.0
-2.0,52.0,-22.0,502.0
0.0,52.0,-22.0,224.0
2.0,52.0,-22.0,334.0
4.0,52.0,-22.0,334.0
6.0,52.0,-22.0,334.0
8.0,52.0,-22.0,334.0
10.0,52.0,-22.0,334.0
12.0,52.0,-22.0,334.0
14.0,52.0,-22.0,334.0
-16.0,54.0,-22.0,509.0
-14.0,54.0,-22.0,509.0
-12.0,54.0,-22.0,509.0
-10.0,54.0,-22.0,509.0
-8.0,54.0,-22.0,509.0
-6.0,54.0,-22.0,509.0
-4.0,54.0,-22.0,509.0
-2.0,54.0,-22.0,224.0
0.0,54.0,-22.0,224.0
2.0,54.0,-22.0,334.0
4.0,54.0,-22.0,334.0
6.0,54.0,-22.0,334.0
8.0,54.0,-22.0,334.0
10.0,54.0,-22.0,334.0
12.0,54.0,-22.0,334.0
14.0,54.0,-22.0,334.0
-16.0,56.0,-22.0,509.0
-14.0,56.0,-22.0,509.0
-12.0,56.0,-22.0,509.0
-10.0,56.0,-22.0,509.0
-8.0,56.0,-22.0,509.0
-6.0,56.0,-22.0,509.0
-4.0,56.0,-22.0,224.0
-2.0,56.0,-22.0,224.0
0.0,56.0,-22.0,224.0
2.0,56.0,-22.0,224.0
4.0,56.0,-22.0,334.0
6.0,56.0,-22.0,334.0
8.0,56.0,-22.0,334.0
10.0,56.0,-22.0,334.0
12.0,56.0,-22.0,334.0
14.0,56.0,-22.0,334.0
-14.0,58.0,-22.0,509.0
-12.0,58.0,-22.0,509.0
-10.0,58.0,-22.0,509.0
-8.0,58.0,-22.0,509.0
-6.0,58.0,-22.0,509.0
-4.0,58.0,-22.0,224.0
-2.0,58.0,-22.0,224.0
0.0,58.0,-22.0,224.0
2.0,58.0,-22.0,224.0
4.0,58.0,-22.0,224.0
6.0,58.0,-22.0,334.0
8.0,58.0,-22.0,334.0
10.0,58.0,-22.0,334.0
12.0,58.0,-22.0,334.0
14.0,58.0,-22.0,334.0
-14.0,60.0,-22.0,509.0
-12.0,60.0,-22.0,509.0
-10.0,60.0,-22.0,509.0
-8.0,60.0,-22.0,509.0
-6.0,60.0,-22.0,224.0
-4.0,60.0,-22.0,224.0
-2.0,60.0,-22.0,224.0
2.0,60.0,-22.0,224.0
4.0,60.0,-22.0,224.0
6.0,60.0,-22.0,334.0
8.0,60.0,-22.0,334.0
10.0,60.0,-22.0,334.0
12.0,60.0,-22.0,334.0
14.0,60.0,-22.0,334.0
-14.0,62.0,-22.0,509.0
-12.0,62.0,-22.0,509.0
-10.0,62.0,-22.0,509.0
-8.0,62.0,-22.0,509.0
-6.0,62.0,-22.0,224.0
-4.0,62.0,-22.0,224.0
-2.0,62.0,-22.0,224.0
2.0,62.0,-22.0,224.0
4.0,62.0,-22.0,224.0
6.0,62.0,-22.0,224.0
8.0,62.0,-22.0,334.0
10.0,62.0,-22.0,334.0
12.0,62.0,-22.0,334.0
-12.0,64.0,-22.0,509.0
-10.0,64.0,-22.0,509.0
-8.0,64.0,-22.0,224.0
-6.0,64.0,-22.0,224.0
-4.0,64.0,-22.0,224.0
4.0,64.0,-22.0,224.0
6.0,64.0,-22.0,224.0
8.0,64.0,-22.0,224.0
14.0,-96.0,-20.0,127.0
16.0,-96.0,-20.0,127.0
18.0,-96.0,-20.0,127.0
20.0,-96.0,-20.0,275.0
22.0,-96.0,-20.0,275.0
24.0,-96.0,-20.0,275.0
26.0,-96.0,-20.0,275.0
12.0,-94.0,-20.0,127.0
14.0,-94.0,-20.0,127.0
16.0,-94.0,-20.0,127.0
18.0,-94.0,-20.0,127.0
20.0,-94.0,-20.0,127.0
22.0,-94.0,-20.0,275.0
24.0,-94.0,-20.0,275.0
26.0,-94.0,-20.0,275.0
28.0,-94.0,-20.0,275.0
-20.0,-92.0,-20.0,192.0
-18.0,-92.0,-20.0,192.0
10.0,-92.0,-20.0,127.0
12.0,-92.0,-20.0,127.0
14.0,-92.0,-20.0,127.0
16.0,-92.0,-20.0,127.0
18.0,-92.0,-20.0,127.0
20.0,-92.0,-20.0,127.0
22.0,-92.0,-20.0,327.0
24.0,-92.0,-20.0,327.0
26.0,-92.0,-20.0,327.0
28.0,-92.0,-20.0,275.0
30.0,-92.0,-20.0,275.0
32.0,-92.0,-20.0,275.0
-24.0,-90.0,-20.0,192.0
-22.0,-90.0,-20.0,192.0
-20.0,-90.0,-20.0,192.0
-18.0,-90.0,-20.0,192.0
-16.0,-90.0,-20.0,489.0
-14.0,-90.0,-20.0,489.0
-12.0,-90.0,-20.0,489.0
6.0,-90.0,-20.0,127.0
8.0,-90.0,-20.0,127.0
10.0,-90.0,-20.0,127.0
12.0,-90.0,-20.0,127.0
14.0,-90.0,-20.0,127.0
16.0,-90.0,-20.0,127.0
18.0,-90.0,-20.0,127.0
20.0,-90.0,-20.0,327.0
22.0,-90.0,-20.0,327.0
24.0,-90.0,-20.0,327.0
26.0,-90.0,-20.0,327.0
28.0,-90.0,-20.0,327.0
30.0,-90.0,-20.0,327.0
32.0,-90.0,-20.0,327.0
-30.0,-88.0,-20.0,192.0
-28.0,-88.0,-20.0,192.0
-26.0,-88.0,-20.0,192.0
-24.0,-88.0,-20.0,192.0
-22.0,-88.0,-20.0,192.0
-20.0,-88.0,-20.0,192.0
-18.0,-88.0,-20.0,192.0
-16.0,-88.0,-20.0,568.0
-14.0,-88.0,-20.0,489.0
-12.0,-88.0,-20.0,489.0
-10.0,-88.0,-20.0,489.0
-8.0,-88.0,-20.0,489.0
4.0,-88.0,-20.0,127.0
6.0,-88.0,-20.0,127.0
8.0,-88.0,-20.0,127.0
10.0,-88.0,-20.0,127.0
12.0,-88.0,-20.0,127.0
14.0,-88.0,-20.0,127.0
16.0,-88.0,-20.0,127.0
18.0,-88.0,-20.0,567.0
20.0,-88.0,-20.0,327.0
22.0,-88.0,-20.0,327.0
24.0,-88.0,-20.0,327.0
26.0,-88.0,-20.0,327.0
28.0,-88.0,-20.0,327.0
30.0,-88.0,-20.0,327.0
32.0,-88.0,-20.0,327.0
34.0,-88.0,-20.0,546.0
-32.0,-86.0,-20.0,192.0
-30.0,-86.0,-20.0,192.0
-28.0,-86.0,-20.0,192.0
-26.0,-86.0,-20.0,192.0
-24.0,-86.0,-20.0,192.0
-22.0,-86.0,-20.0,192.0
-20.0,-86.0,-20.0,568.0
-18.0,-86.0,-20.0,568.0
-16.0,-86.0,-20.0,568.0
-14.0,-86.0,-20.0,568.0
-12.0,-86.0,-20.0,568.0
-10.0,-86.0,-20.0,489.0
-8.0,-86.0,-20.0,489.0
-6.0,-86.0,-20.0,489.0
4.0,-86.0,-20.0,127.0
6.0,-86.0,-20.0,127.0
8.0,-86.0,-20.0,127.0
10.0,-86.0,-20.0,127.0
12.0,-86.0,-20.0,127.0
14.0,-86.0,-20.0,127.0
16.0,-86.0,-20.0,567.0
18.0,-86.0,-20.0,567.0
20.0,-86.0,-20.0,327.0
22.0,-86.0,-20.0,327.0
24.0,-86.0,-20.0,327.0
26.0,-86.0,-20.0,327.0
28.0,-86.0,-20.0,327.0
30.0,-86.0,-20.0,327.0
32.0,-86.0,-20.0,327.0
34.0,-86.0,-20.0,546.0
36.0,-86.0,-20.0,546.0
-36.0,-84.0,-20.0,36.0
-34.0,-84.0,-20.0,192.0
-32.0,-84.0,-20.0,192.0
-30.0,-84.0,-20.0,192.0
-28.0,-84.0,-20.0,192.0
-26.0,-84.0,-20.0,192.0
-24.0,-84.0,-20.0,568.0
-22.0,-84.0,-20.0,568.0
-20.0,-84.0,-20.0,568.0
-18.0,-84.0,-20.0,568.0
-16.0,-84.0,-20.0,568.0
-14.0,-84.0,-20.0,568.0
-12.0,-84.0,-20.0,568.0
6.0,-84.0,-20.0,127.0
8.0,-84.0,-20.0,127.0
10.0,-84.0,-20.0,127.0
12.0,-84.0,-20.0,127.0
14.0,-84.0,-20.0,567.0
16.0,-84.0,-20.0,567.0
18.0,-84.0,-20.0,567.0
20.0,-84.0,-20.0,327.0
22.0,-84.0,-20.0,327.0
24.0,-84.0,-20.0,327.0
26.0,-84.0,-20.0,327.0
28.0,-84.0,-20.0,327.0
30.0,-84.0,-20.0,327.0
32.0,-84.0,-20.0,327.0
34.0,-84.0,-20.0,546.0
36.0,-84.0,-20.0,546.0
38.0,-84.0,-20.0,546.0
-40.0,-82.0,-20.0,36.0
-38.0,-82.0,-20.0,36.0
-36.0,-82.0,-20.0,36.0
-34.0,-82.0,-20.0,36.0
-32.0,-82.0,-20.0,192.0
-30.0,-82.0,-20.0,192.0
-28.0,-82.0,-20.0,568.0
-26.0,-82.0,-20.0,568.0
-24.0,-82.0,-20.0,568.0
-22.0,-82.0,-20.0,568.0
-20.0,-82.0,-20.0,568.0
-18.0,-82.0,-20.0,568.0
-16.0,-82.0,-20.0,568.0
-14.0,-82.0,-20.0,568.0
10.0,-82.0,-20.0,127.0
12.0,-82.0,-20.0,567.0
14.0,-82.0,-20.0,567.0
16.0,-82.0,-20.0,567.0
18.0,-82.0,-20.0,567.0
20.0,-82.0,-20.0,327.0
22.0,-82.0,-20.0,327.0
24.0,-82.0,-20.0,327.0
26.0,-82.0,-20.0,327.0
28.0,-82.0,-20.0,327.0
30.0,-82.0,-20.0,327.0
32.0,-82.0,-20.0,327.0
34.0,-82.0,-20.0,546.0
36.0,-82.0,-20.0,546.0
38.0,-82.0,-20.0,546.0
40.0,-82.0,-20.0,106.0
-42.0,-80.0,-20.0,36.0
-40.0,-80.0,-20.0,36.0
-38.0,-80.0,-20.0,36.0
-36.0,-80.0,-20.0,36.0
-34.0,-80.0,-20.0,444.0
-32.0,-80.0,-20.0,444.0
-30.0,-80.0,-20.0,444.0
-28.0,-80.0,-20.0,568.0
-26.0,-80.0,-20.0,568.0
-24.0,-80.0,-20.0,568.0
-22.0,-80.0,-20.0,568.0
-20.0,-80.0,-20.0,568.0
-18.0,-80.0,-20.0,568.0
-16.0,-80.0,-20.0,568.0
16.0,-80.0,-20.0,567.0
18.0,-80.0,-20.0,567.0
20.0,-80.0,-20.0,327.0
22.0,-80.0,-20.0,327.0
24.0,-80.0,-20.0,327.0
26.0,-80.0,-20.0,327.0
28.0,-80.0,-20.0,327.0
30.0,-80.0,-20.0,327.0
32.0,-80.0,-20.0,327.0
34.0,-80.0,-20.0,546.0
36.0,-80.0,-20.0,106.0
38.0,-80.0,-20.0,106.0
40.0,-80.0,-20.0,106.0
42.0,-80.0,-20.0,106.0
-44.0,-78.0,-20.0,2.0
-42.0,-78.0,-20.0,2.0
-40.0,-78.0,-20.0,36.0
-38.0,-78.0,-20.0,36.0
-36.0,-78.0,-20.0,36.0
-28.0,-78.0,-20.0,444.0
-26.0,-78.0,-20.0,568.0
-24.0,-78.0,-20.0,568.0
-22.0,-78.0,-20.0,568.0
-20.0,-78.0,-20.0,568.0
22.0,-78.0,-20.0,327.0
24.0,-78.0,-20.0,327.0
26.0,-78.0,-20.0,327.0
28.0,-78.0,-20.0,327.0
30.0,-78.0,-20.0,327.0
32.0,-78.0,-20.0,106.0
-46.0,-76.0,-20.0,2.0
-44.0,-76.0,-20.0,2.0
-42.0,-76.0,-20.0,2.0
-40.0,-76.0,-20.0,36.0
-34.0,-76.0,-20.0,444.0
-26.0,-76.0,-20.0,444.0
-24.0,-76.0,-20.0,568.0
22.0,-76.0,-20.0,327.0
24.0,-76.0,-20.0,327.0
26.0,-76.0,-20.0,327.0
28.0,-76.0,-20.0,327.0
30.0,-76.0,-20.0,327.0
32.0,-76.0,-20.0,106.0
36.0,-76.0,-20.0,106.0
38.0,-76.0,-20.0,106.0
40.0,-76.0,-20.0,106.0
42.0,-76.0,-20.0,106.0
44.0,-76.0,-20.0,106.0
-40.0,-74.0,-20.0,2.0
-38.0,-74.0,-20.0,36.0
-36.0,-74.0,-20.0,444.0
-34.0,-74.0,-20.0,444.0
-32.0,-74.0,-20.0,444.0
24.0,-74.0,-20.0,327.0
26.0,-74.0,-20.0,327.0
28.0,-74.0,-20.0,327.0
30.0,-74.0,-20.0,106.0
32.0,-74.0,-20.0,106.0
36.0,-74.0,-20.0,106.0
38.0,-74.0,-20.0,106.0
40.0,-74.0,-20.0,106.0
42.0,-74.0,-20.0,106.0
44.0,-74.0,-20.0,106.0
46.0,-74.0,-20.0,106.0
-44.0,-72.0,-20.0,2.0
-42.0,-72.0,-20.0,2.0
-40.0,-72.0,-20.0,2.0
-38.0,-72.0,-20.0,444.0
-36.0,-72.0,-20.0,444.0
-34.0,-72.0,-20.0,444.0
-32.0,-72.0,-20.0,444.0
26.0,-72.0,-20.0,327.0
28.0,-72.0,-20.0,327.0
30.0,-72.0,-20.0,106.0
32.0,-72.0,-20.0,106.0
36.0,-72.0,-20.0,106.0
38.0,-72.0,-20.0,106.0
40.0,-72.0,-20.0,106.0
42.0,-72.0,-20.0,106.0
44.0,-72.0,-20.0,350.0
46.0,-72.0,-20.0,350.0
48.0,-72.0,-20.0,350.0
-46.0,-70.0,-20.0,2.0
-44.0,-70.0,-20.0,2.0
-42.0,-70.0,-20.0,2.0
-40.0,-70.0,-20.0,2.0
-38.0,-70.0,-20.0,444.0
-36.0,-70.0,-20.0,444.0
-34.0,-70.0,-20.0,444.0
-32.0,-70.0,-20.0,444.0
28.0,-70.0,-20.0,476.0
30.0,-70.0,-20.0,476.0
32.0,-70.0,-20.0,476.0
36.0,-70.0,-20.0,476.0
38.0,-70.0,-20.0,476.0
40.0,-70.0,-20.0,476.0
42.0,-70.0,-20.0,476.0
44.0,-70.0,-20.0,350.0
46.0,-70.0,-20.0,350.0
48.0,-70.0,-20.0,350.0
50.0,-70.0,-20.0,350.0
-52.0,-68.0,-20.0,2.0
-50.0,-68.0,-20.0,2.0
-48.0,-68.0,-20.0,2.0
-46.0,-68.0,-20.0,2.0
-44.0,-68.0,-20.0,2.0
-42.0,-68.0,-20.0,2.0
-40.0,-68.0,-20.0,2.0
-38.0,-68.0,-20.0,444.0
-36.0,-68.0,-20.0,444.0
-34.0,-68.0,-20.0,444.0
28.0,-68.0,-20.0,476.0
30.0,-68.0,-20.0,476.0
32.0,-68.0,-20.0,476.0
36.0,-68.0,-20.0,476.0
38.0,-68.0,-20.0,476.0
40.0,-68.0,-20.0,476.0
42.0,-68.0,-20.0,476.0
44.0,-68.0,-20.0,476.0
46.0,-68.0,-20.0,350.0
48.0,-68.0,-20.0,350.0
50.0,-68.0,-20.0,350.0
52.0,-68.0,-20.0,350.0
-54.0,-66.0,-20.0,2.0
-52.0,-66.0,-20.0,2.0
-50.0,-66.0,-20.0,2.0
-48.0,-66.0,-20.0,2.0
-46.0,-66.0,-20.0,2.0
-44.0,-66.0,-20.0,2.0
-42.0,-66.0,-20.0,2.0
-40.0,-66.0,-20.0,2.0
-38.0,-66.0,-20.0,444.0
-36.0,-66.0,-20.0,444.0
-34.0,-66.0,-20.0,444.0
28.0,-66.0,-20.0,476.0
30.0,-66.0,-20.0,476.0
36.0,-66.0,-20.0,476.0
38.0,-66.0,-20.0,476.0
40.0,-66.0,-20.0,476.0
42.0,-66.0,-20.0,476.0
44.0,-66.0,-20.0,476.0
46.0,-66.0,-20.0,350.0
48.0,-66.0,-20.0,350.0
50.0,-66.0,-20.0,350.0
52.0,-66.0,-20.0,350.0
54.0,-66.0,-20.0,350.0
-56.0,-64.0,-20.0,2.0
-54.0,-64.0,-20.0,2.0
-52.0,-64.0,-20.0,2.0
-50.0,-64.0,-20.0,2.0
-48.0,-64.0,-20.0,2.0
-46.0,-64.0,-20.0,2.0
-44.0,-64.0,-20.0,2.0
-42.0,-64.0,-20.0,2.0
-40.0,-64.0,-20.0,2.0
-38.0,-64.0,-20.0,444.0
-36.0,-64.0,-20.0,444.0
-34.0,-64.0,-20.0,444.0
30.0,-64.0,-20.0,476.0
36.0,-64.0,-20.0,476.0
38.0,-64.0,-20.0,476.0
40.0,-64.0,-20.0,476.0
42.0,-64.0,-20.0,476.0
44.0,-64.0,-20.0,476.0
46.0,-64.0,-20.0,350.0
48.0,-64.0,-20.0,350.0
50.0,-64.0,-20.0,350.0
52.0,-64.0,-20.0,350.0
54.0,-64.0,-20.0,350.0
56.0,-64.0,-20.0,350.0
-58.0,-62.0,-20.0,459.0
-56.0,-62.0,-20.0,459.0
-54.0,-62.0,-20.0,459.0
-52.0,-62.0,-20.0,459.0
-50.0,-62.0,-20.0,2.0
-48.0,-62.0,-20.0,2.0
-46.0,-62.0,-20.0,2.0
-44.0,-62.0,-20.0,2.0
-42.0,-62.0,-20.0,2.0
-40.0,-62.0,-20.0,2.0
-38.0,-62.0,-20.0,444.0
-36.0,-62.0,-20.0,444.0
-34.0,-62.0,-20.0,178.0
34.0,-62.0,-20.0,476.0
36.0,-62.0,-20.0,476.0
38.0,-62.0,-20.0,476.0
40.0,-62.0,-20.0,476.0
42.0,-62.0,-20.0,476.0
44.0,-62.0,-20.0,476.0
46.0,-62.0,-20.0,350.0
48.0,-62.0,-20.0,350.0
50.0,-62.0,-20.0,350.0
52.0,-62.0,-20.0,350.0
54.0,-62.0,-20.0,350.0
-60.0,-60.0,-20.0,459.0
-58.0,-60.0,-20.0,459.0
-56.0,-60.0,-20.0,459.0
-54.0,-60.0,-20.0,459.0
-52.0,-60.0,-20.0,459.0
-50.0,-60.0,-20.0,459.0
-48.0,-60.0,-20.0,459.0
-46.0,-60.0,-20.0,459.0
-44.0,-60.0,-20.0,459.0
-42.0,-60.0,-20.0,459.0
-40.0,-60.0,-20.0,459.0
-38.0,-60.0,-20.0,178.0
-36.0,-60.0,-20.0,178.0
-34.0,-60.0,-20.0,178.0
34.0,-60.0,-20.0,476.0
36.0,-60.0,-20.0,476.0
38.0,-60.0,-20.0,476.0
40.0,-60.0,-20.0,476.0
42.0,-60.0,-20.0,476.0
44.0,-60.0,-20.0,476.0
46.0,-60.0,-20.0,350.0
48.0,-60.0,-20.0,350.0
50.0,-60.0,-20.0,350.0
52.0,-60.0,-20.0,350.0
54.0,-60.0,-20.0,350.0
56.0,-60.0,-20.0,11.0
58.0,-60.0,-20.0,11.0
-60.0,-58.0,-20.0,459.0
-58.0,-58.0,-20.0,459.0
-56.0,-58.0,-20.0,459.0
-54.0,-58.0,-20.0,459.0
-52.0,-58.0,-20.0,459.0
-50.0,-58.0,-20.0,459.0
-48.0,-58.0,-20.0,459.0
-46.0,-58.0,-20.0,459.0
-44.0,-58.0,-20.0,459.0
-42.0,-58.0,-20.0,459.0
-40.0,-58.0,-20.0,459.0
-38.0,-58.0,-20.0,459.0
-36.0,-58.0,-20.0,178.0
-34.0,-58.0,-20.0,178.0
32.0,-58.0,-20.0,316.0
34.0,-58.0,-20.0,316.0
36.0,-58.0,-20.0,316.0
38.0,-58.0,-20.0,316.0
40.0,-58.0,-20.0,316.0
42.0,-58.0,-20.0,316.0
44.0,-58.0,-20.0,316.0
46.0,-58.0,-20.0,316.0
48.0,-58.0,-20.0,350.0
50.0,-58.0,-20.0,350.0
52.0,-58.0,-20.0,350.0
54.0,-58.0,-20.0,350.0
56.0,-58.0,-20.0,11.0
58.0,-58.0,-20.0,11.0
60.0,-58.0,-20.0,11.0
-60.0,-56.0,-20.0,459.0
-58.0,-56.0,-20.0,459.0
-56.0,-56.0,-20.0,459.0
-54.0,-56.0,-20.0,459.0
-52.0,-56.0,-20.0,459.0
-50.0,-56.0,-20.0,459.0
-48.0,-56.0,-20.0,459.0
-46.0,-56.0,-20.0,459.0
-44.0,-56.0,-20.0,459.0
-42.0,-56.0,-20.0,459.0
-40.0,-56.0,-20.0,459.0
-38.0,-56.0,-20.0,459.0
-36.0,-56.0,-20.0,178.0
-34.0,-56.0,-20.0,178.0
-32.0,-56.0,-20.0,178.0
32.0,-56.0,-20.0,316.0
34.0,-56.0,-20.0,316.0
36.0,-56.0,-20.0,316.0
38.0,-56.0,-20.0,316.0
40.0,-56.0,-20.0,316.0
42.0,-56.0,-20.0,316.0
44.0,-56.0,-20.0,316.0
46.0,-56.0,-20.0,316.0
48.0,-56.0,-20.0,316.0
50.0,-56.0,-20.0,350.0
52.0,-56.0,-20.0,350.0
54.0,-56.0,-20.0,11.0
56.0,-56.0,-20.0,11.0
58.0,-56.0,-20.0,11.0
60.0,-56.0,-20.0,11.0
-62.0,-54.0,-20.0,138.0
-60.0,-54.0,-20.0,138.0
-58.0,-54.0,-20.0,459.0
-56.0,-54.0,-20.0,459.0
-54.0,-54.0,-20.0,459.0
-52.0,-54.0,-20.0,459.0
-50.0,-54.0,-20.0,459.0
-48.0,-54.0,-20.0,459.0
-46.0,-54.0,-20.0,459.0
-44.0,-54.0,-20.0,459.0
-42.0,-54.0,-20.0,459.0
-40.0,-54.0,-20.0,459.0
-38.0,-54.0,-20.0,459.0
-36.0,-54.0,-20.0,459.0
-34.0,-54.0,-20.0,178.0
-32.0,-54.0,-20.0,178.0
30.0,-54.0,-20.0,316.0
32.0,-54.0,-20.0,316.0
34.0,-54.0,-20.0,316.0
36.0,-54.0,-20.0,316.0
38.0,-54.0,-20.0,316.0
40.0,-54.0,-20.0,316.0
42.0,-54.0,-20.0,316.0
44.0,-54.0,-20.0,316.0
46.0,-54.0,-20.0,316.0
48.0,-54.0,-20.0,316.0
50.0,-54.0,-20.0,316.0
52.0,-54.0,-20.0,11.0
54.0,-54.0,-20.0,11.0
56.0,-54.0,-20.0,11.0
58.0,-54.0,-20.0,11.0
60.0,-54.0,-20.0,11.0
62.0,-54.0,-20.0,11.0
-62.0,-52.0,-20.0,138.0
-60.0,-52.0,-20.0,138.0
-58.0,-52.0,-20.0,138.0
-56.0,-52.0,-20.0,459.0
-54.0,-52.0,-20.0,459.0
-52.0,-52.0,-20.0,459.0
-50.0,-52.0,-20.0,459.0
-48.0,-52.0,-20.0,459.0
-46.0,-52.0,-20.0,459.0
-44.0,-52.0,-20.0,459.0
-42.0,-52.0,-20.0,459.0
-40.0,-52.0,-20.0,459.0
-38.0,-52.0,-20.0,459.0
-36.0,-52.0,-20.0,459.0
-34.0,-52.0,-20.0,459.0
-32.0,-52.0,-20.0,178.0
28.0,-52.0,-20.0,451.0
30.0,-52.0,-20.0,316.0
32.0,-52.0,-20.0,316.0
34.0,-52.0,-20.0,316.0
36.0,-52.0,-20.0,316.0
38.0,-52.0,-20.0,316.0
40.0,-52.0,-20.0,316.0
42.0,-52.0,-20.0,316.0
44.0,-52.0,-20.0,316.0
46.0,-52.0,-20.0,316.0
48.0,-52.0,-20.0,336.0
50.0,-52.0,-20.0,336.0
52.0,-52.0,-20.0,336.0
54.0,-52.0,-20.0,11.0
56.0,-52.0,-20.0,11.0
58.0,-52.0,-20.0,11.0
60.0,-52.0,-20.0,11.0
62.0,-52.0,-20.0,11.0
-64.0,-50.0,-20.0,138.0
-62.0,-50.0,-20.0,138.0
-60.0,-50.0,-20.0,138.0
-58.0,-50.0,-20.0,138.0
-56.0,-50.0,-20.0,138.0
-54.0,-50.0,-20.0,459.0
-52.0,-50.0,-20.0,459.0
-50.0,-50.0,-20.0,459.0
-48.0,-50.0,-20.0,459.0
-46.0,-50.0,-20.0,459.0
-44.0,-50.0,-20.0,459.0
-42.0,-50.0,-20.0,459.0
-40.0,-50.0,-20.0,459.0
-38.0,-50.0,-20.0,459.0
-36.0,-50.0,-20.0,459.0
-34.0,-50.0,-20.0,459.0
-32.0,-50.0,-20.0,178.0
-30.0,-50.0,-20.0,579.0
28.0,-50.0,-20.0,451.0
30.0,-50.0,-20.0,451.0
32.0,-50.0,-20.0,316.0
34.0,-50.0,-20.0,316.0
36.0,-50.0,-20.0,316.0
38.0,-50.0,-20.0,316.0
40.0,-50.0,-20.0,316.0
42.0,-50.0,-20.0,316.0
44.0,-50.0,-20.0,316.0
46.0,-50.0,-20.0,336.0
48.0,-50.0,-20.0,336.0
50.0,-50.0,-20.0,336.0
52.0,-50.0,-20.0,336.0
54.0,-50.0,-20.0,336.0
56.0,-50.0,-20.0,11.0
58.0,-50.0,-20.0,11.0
60.0,-50.0,-20.0,11.0
62.0,-50.0,-20.0,11.0
-64.0,-48.0,-20.0,138.0
-62.0,-48.0,-20.0,138.0
-60.0,-48.0,-20.0,138.0
-58.0,-48.0,-20.0,138.0
-56.0,-48.0,-20.0,138.0
-54.0,-48.0,-20.0,138.0
-52.0,-48.0,-20.0,566.0
-50.0,-48.0,-20.0,459.0
-48.0,-48.0,-20.0,459.0
-46.0,-48.0,-20.0,459.0
-44.0,-48.0,-20.0,459.0
-42.0,-48.0,-20.0,459.0
-40.0,-48.0,-20.0,459.0
-38.0,-48.0,-20.0,459.0
-36.0,-48.0,-20.0,459.0
-34.0,-48.0,-20.0,459.0
-32.0,-48.0,-20.0,459.0
-30.0,-48.0,-20.0,547.0
26.0,-48.0,-20.0,451.0
28.0,-48.0,-20.0,451.0
30.0,-48.0,-20.0,451.0
32.0,-48.0,-20.0,316.0
34.0,-48.0,-20.0,316.0
36.0,-48.0,-20.0,316.0
38.0,-48.0,-20.0,316.0
40.0,-48.0,-20.0,316.0
42.0,-48.0,-20.0,336.0
44.0,-48.0,-20.0,336.0
46.0,-48.0,-20.0,336.0
48.0,-48.0,-20.0,336.0
50.0,-48.0,-20.0,336.0
52.0,-48.0,-20.0,336.0
54.0,-48.0,-20.0,336.0
56.0,-48.0,-20.0,336.0
58.0,-48.0,-20.0,11.0
60.0,-48.0,-20.0,11.0
62.0,-48.0,-20.0,11.0
64.0,-48.0,-20.0,11.0
-64.0,-46.0,-20.0,138.0
-62.0,-46.0,-20.0,138.0
-60.0,-46.0,-20.0,138.0
-58.0,-46.0,-20.0,138.0
-56.0,-46.0,-20.0,138.0
-54.0,-46.0,-20.0,138.0
-52.0,-46.0,-20.0,138.0
-50.0,-46.0,-20.0,507.0
-48.0,-46.0,-20.0,507.0
-46.0,-46.0,-20.0,507.0
-44.0,-46.0,-20.0,507.0
-42.0,-46.0,-20.0,507.0
-40.0,-46.0,-20.0,507.0
-38.0,-46.0,-20.0,507.0
-36.0,-46.0,-20.0,507.0
-34.0,-46.0,-20.0,507.0
-32.0,-46.0,-20.0,507.0
-30.0,-46.0,-20.0,547.0
-28.0,-46.0,-20.0,371.0
26.0,-46.0,-20.0,451.0
28.0,-46.0,-20.0,451.0
30.0,-46.0,-20.0,273.0
32.0,-46.0,-20.0,273.0
34.0,-46.0,-20.0,273.0
36.0,-46.0,-20.0,273.0
38.0,-46.0,-20.0,273.0
40.0,-46.0,-20.0,336.0
42.0,-46.0,-20.0,336.0
44.0,-46.0,-20.0,336.0
46.0,-46.0,-20.0,336.0
48.0,-46.0,-20.0,336.0
50.0,-46.0,-20.0,336.0
52.0,-46.0,-20.0,336.0
54.0,-46.0,-20.0,336.0
56.0,-46.0,-20.0,336.0
58.0,-46.0,-20.0,336.0
60.0,-46.0,-20.0,11.0
62.0,-46.0,-20.0,11.0
64.0,-46.0,-20.0,11.0
-66.0,-44.0,-20.0,138.0
-64.0,-44.0,-20.0,138.0
-62.0,-44.0,-20.0,138.0
-60.0,-44.0,-20.0,138.0
-58.0,-44.0,-20.0,138.0
-56.0,-44.0,-20.0,138.0
-54.0,-44.0,-20.0,138.0
-52.0,-44.0,-20.0,138.0
-50.0,-44.0,-20.0,138.0
-48.0,-44.0,-20.0,507.0
-46.0,-44.0,-20.0,507.0
-44.0,-44.0,-20.0,507.0
-42.0,-44.0,-20.0,507.0
-40.0,-44.0,-20.0,507.0
-38.0,-44.0,-20.0,507.0
-36.0,-44.0,-20.0,507.0
-34.0,-44.0,-20.0,507.0
-32.0,-44.0,-20.0,507.0
-30.0,-44.0,-20.0,492.0
-28.0,-44.0,-20.0,492.0
24.0,-44.0,-20.0,451.0
26.0,-44.0,-20.0,451.0
28.0,-44.0,-20.0,273.0
30.0,-44.0,-20.0,273.0
32.0,-44.0,-20.0,273.0
34.0,-44.0,-20.0,273.0
36.0,-44.0,-20.0,273.0
38.0,-44.0,-20.0,273.0
40.0,-44.0,-20.0,273.0
42.0,-44.0,-20.0,336.0
44.0,-44.0,-20.0,336.0
46.0,-44.0,-20.0,336.0
48.0,-44.0,-20.0,336.0
50.0,-44.0,-20.0,336.0
52.0,-44.0,-20.0,336.0
54.0,-44.0,-20.0,336.0
56.0,-44.0,-20.0,336.0
58.0,-44.0,-20.0,269.0
60.0,-44.0,-20.0,269.0
62.0,-44.0,-20.0,11.0
64.0,-44.0,-20.0,11.0
-66.0,-42.0,-20.0,138.0
-64.0,-42.0,-20.0,138.0
-62.0,-42.0,-20.0,138.0
-60.0,-42.0,-20.0,138.0
-58.0,-42.0,-20.0,138.0
-56.0,-42.0,-20.0,138.0
-54.0,-42.0,-20.0,138.0
-52.0,-42.0,-20.0,138.0
-50.0,-42.0,-20.0,138.0
-48.0,-42.0,-20.0,507.0
-46.0,-42.0,-20.0,507.0
-44.0,-42.0,-20.0,507.0
-42.0,-42.0,-20.0,507.0
-40.0,-42.0,-20.0,507.0
-38.0,-42.0,-20.0,507.0
-36.0,-42.0,-20.0,507.0
-34.0,-42.0,-20.0,480.0
-32.0,-42.0,-20.0,492.0
-30.0,-42.0,-20.0,492.0
-28.0,-42.0,-20.0,492.0
-26.0,-42.0,-20.0,492.0
24.0,-42.0,-20.0,451.0
26.0,-42.0,-20.0,332.0
28.0,-42.0,-20.0,273.0
30.0,-42.0,-20.0,273.0
32.0,-42.0,-20.0,273.0
34.0,-42.0,-20.0,273.0
36.0,-42.0,-20.0,273.0
38.0,-42.0,-20.0,273.0
40.0,-42.0,-20.0,273.0
42.0,-42.0,-20.0,273.0
44.0,-42.0,-20.0,336.0
46.0,-42.0,-20.0,336.0
48.0,-42.0,-20.0,336.0
50.0,-42.0,-20.0,336.0
52.0,-42.0,-20.0,269.0
54.0,-42.0,-20.0,269.0
56.0,-42.0,-20.0,269.0
58.0,-42.0,-20.0,269.0
60.0,-42.0,-20.0,269.0
62.0,-42.0,-20.0,269.0
64.0,-42.0,-20.0,11.0
66.0,-42.0,-20.0,11.0
-66.0,-40.0,-20.0,169.0
-64.0,-40.0,-20.0,138.0
-62.0,-40.0,-20.0,138.0
-60.0,-40.0,-20.0,138.0
-58.0,-40.0,-20.0,138.0
-56.0,-40.0,-20.0,138.0
-54.0,-40.0,-20.0,138.0
-52.0,-40.0,-20.0,138.0
-50.0,-40.0,-20.0,138.0
-48.0,-40.0,-20.0,507.0
-46.0,-40.0,-20.0,507.0
-44.0,-40.0,-20.0,507.0
-42.0,-40.0,-20.0,480.0
-40.0,-40.0,-20.0,480.0
-38.0,-40.0,-20.0,480.0
-36.0,-40.0,-20.0,480.0
-34.0,-40.0,-20.0,480.0
-32.0,-40.0,-20.0,492.0
-30.0,-40.0,-20.0,492.0
-28.0,-40.0,-20.0,492.0
-26.0,-40.0,-20.0,492.0
24.0,-40.0,-20.0,332.0
26.0,-40.0,-20.0,332.0
28.0,-40.0,-20.0,332.0
30.0,-40.0,-20.0,273.0
32.0,-40.0,-20.0,273.0
34.0,-40.0,-20.0,273.0
36.0,-40.0,-20.0,273.0
38.0,-40.0,-20.0,273.0
40.0,-40.0,-20.0,273.0
42.0,-40.0,-20.0,273.0
44.0,-40.0,-20.0,336.0
46.0,-40.0,-20.0,269.0
48.0,-40.0,-20.0,269.0
50.0,-40.0,-20.0,269.0
52.0,-40.0,-20.0,269.0
54.0,-40.0,-20.0,269.0
56.0,-40.0,-20.0,269.0
58.0,-40.0,-20.0,269.0
60.0,-40.0,-20.0,269.0
62.0,-40.0,-20.0,269.0
64.0,-40.0,-20.0,269.0
66.0,-40.0,-20.0,26.0
-66.0,-38.0,-20.0,169.0
-64.0,-38.0,-20.0,169.0
-62.0,-38.0,-20.0,169.0
-60.0,-38.0,-20.0,169.0
-58.0,-38.0,-20.0,169.0
-56.0,-38.0,-20.0,138.0
-54.0,-38.0,-20.0,138.0
-52.0,-38.0,-20.0,138.0
-50.0,-38.0,-20.0,138.0
-48.0,-38.0,-20.0,480.0
-46.0,-38.0,-20.0,480.0
-44.0,-38.0,-20.0,480.0
-42.0,-38.0,-20.0,480.0
-40.0,-38.0,-20.0,480.0
-38.0,-38.0,-20.0,480.0
-36.0,-38.0,-20.0,480.0
-34.0,-38.0,-20.0,480.0
-32.0,-38.0,-20.0,492.0
-30.0,-38.0,-20.0,492.0
-28.0,-38.0,-20.0,492.0
-26.0,-38.0,-20.0,492.0
-24.0,-38.0,-20.0,492.0
24.0,-38.0,-20.0,332.0
26.0,-38.0,-20.0,332.0
28.0,-38.0,-20.0,332.0
30.0,-38.0,-20.0,332.0
32.0,-38.0,-20.0,273.0
34.0,-38.0,-20.0,273.0
36.0,-38.0,-20.0,273.0
38.0,-38.0,-20.0,273.0
40.0,-38.0,-20.0,273.0
42.0,-38.0,-20.0,273.0
44.0,-38.0,-20.0,526.0
46.0,-38.0,-20.0,269.0
48.0,-38.0,-20.0,269.0
50.0,-38.0,-20.0,269.0
52.0,-38.0,-20.0,269.0
54.0,-38.0,-20.0,269.0
56.0,-38.0,-20.0,269.0
58.0,-38.0,-20.0,269.0
60.0,-38.0,-20.0,269.0
62.0,-38.0,-20.0,269.0
64.0,-38.0,-20.0,26.0
66.0,-38.0,-20.0,26.0
-66.0,-36.0,-20.0,169.0
-64.0,-36.0,-20.0,169.0
-62.0,-36.0,-20.0,169.0
-60.0,-36.0,-20.0,169.0
-58.0,-36.0,-20.0,169.0
-56.0,-36.0,-20.0,169.0
-54.0,-36.0,-20.0,169.0
-52.0,-36.0,-20.0,169.0
-50.0,-36.0,-20.0,480.0
-48.0,-36.0,-20.0,480.0
-46.0,-36.0,-20.0,480.0
-44.0,-36.0,-20.0,480.0
-42.0,-36.0,-20.0,480.0
-40.0,-36.0,-20.0,480.0
-38.0,-36.0,-20.0,480.0
-36.0,-36.0,-20.0,480.0
-34.0,-36.0,-20.0,480.0
-32.0,-36.0,-20.0,492.0
-30.0,-36.0,-20.0,492.0
-28.0,-36.0,-20.0,492.0
-26.0,-36.0,-20.0,492.0
-24.0,-36.0,-20.0,492.0
24.0,-36.0,-20.0,332.0
26.0,-36.0,-20.0,332.0
28.0,-36.0,-20.0,332.0
30.0,-36.0,-20.0,332.0
32.0,-36.0,-20.0,332.0
34.0,-36.0,-20.0,273.0
36.0,-36.0,-20.0,273.0
38.0,-36.0,-20.0,273.0
40.0,-36.0,-20.0,273.0
42.0,-36.0,-20.0,526.0
44.0,-36.0,-20.0,526.0
46.0,-36.0,-20.0,526.0
48.0,-36.0,-20.0,269.0
50.0,-36.0,-20.0,269.0
52.0,-36.0,-20.0,269.0
54.0,-36.0,-20.0,269.0
56.0,-36.0,-20.0,269.0
58.0,-36.0,-20.0,269.0
60.0,-36.0,-20.0,269.0
62.0,-36.0,-20.0,26.0
64.0,-36.0,-20.0,26.0
66.0,-36.0,-20.0,26.0
-68.0,-34.0,-20.0,169.0
-66.0,-34.0,-20.0,169.0
-64.0,-34.0,-20.0,169.0
-62.0,-34.0,-20.0,169.0
-60.0,-34.0,-20.0,169.0
-58.0,-34.0,-20.0,169.0
-56.0,-34.0,-20.0,169.0
-54.0,-34.0,-20.0,169.0
-52.0,-34.0,-20.0,169.0
-50.0,-34.0,-20.0,480.0
-48.0,-34.0,-20.0,480.0
-46.0,-34.0,-20.0,480.0
-44.0,-34.0,-20.0,480.0
-42.0,-34.0,-20.0,480.0
-40.0,-34.0,-20.0,480.0
-38.0,-34.0,-20.0,480.0
-36.0,-34.0,-20.0,480.0
-34.0,-34.0,-20.0,490.0
-32.0,-34.0,-20.0,490.0
-30.0,-34.0,-20.0,492.0
-28.0,-34.0,-20.0,492.0
-26.0,-34.0,-20.0,492.0
-24.0,-34.0,-20.0,492.0
24.0,-34.0,-20.0,332.0
26.0,-34.0,-20.0,332.0
28.0,-34.0,-20.0,332.0
30.0,-34.0,-20.0,332.0
32.0,-34.0,-20.0,332.0
34.0,-34.0,-20.0,332.0
36.0,-34.0,-20.0,273.0
38.0,-34.0,-20.0,273.0
40.0,-34.0,-20.0,526.0
42.0,-34.0,-20.0,526.0
44.0,-34.0,-20.0,526.0
46.0,-34.0,-20.0,526.0
48.0,-34.0,-20.0,269.0
50.0,-34.0,-20.0,269.0
52.0,-34.0,-20.0,269.0
54.0,-34.0,-20.0,269.0
56.0,-34.0,-20.0,269.0
58.0,-34.0,-20.0,269.0
60.0,-34.0,-20.0,474.0
62.0,-34.0,-20.0,26.0
64.0,-34.0,-20.0,26.0
66.0,-34.0,-20.0,26.0
68.0,-34.0,-20.0,26.0
-68.0,-32.0,-20.0,38.0
-66.0,-32.0,-20.0,38.0
-64.0,-32.0,-20.0,169.0
-62.0,-32.0,-20.0,169.0
-60.0,-32.0,-20.0,169.0
-58.0,-32.0,-20.0,169.0
-56.0,-32.0,-20.0,169.0
-54.0,-32.0,-20.0,169.0
-52.0,-32.0,-20.0,169.0
-50.0,-32.0,-20.0,480.0
-48.0,-32.0,-20.0,480.0
-46.0,-32.0,-20.0,480.0
-44.0,-32.0,-20.0,480.0
-42.0,-32.0,-20.0,480.0
-40.0,-32.0,-20.0,480.0
-38.0,-32.0,-20.0,480.0
-36.0,-32.0,-20.0,490.0
-34.0,-32.0,-20.0,490.0
-32.0,-32.0,-20.0,490.0
-30.0,-32.0,-20.0,492.0
-28.0,-32.0,-20.0,492.0
-26.0,-32.0,-20.0,492.0
-24.0,-32.0,-20.0,492.0
-22.0,-32.0,-20.0,492.0
22.0,-32.0,-20.0,332.0
24.0,-32.0,-20.0,332.0
26.0,-32.0,-20.0,332.0
28.0,-32.0,-20.0,332.0
30.0,-32.0,-20.0,332.0
32.0,-32.0,-20.0,332.0
34.0,-32.0,-20.0,332.0
36.0,-32.0,-20.0,332.0
38.0,-32.0,-20.0,526.0
40.0,-32.0,-20.0,526.0
42.0,-32.0,-20.0,526.0
44.0,-32.0,-20.0,526.0
46.0,-32.0,-20.0,526.0
48.0,-32.0,-20.0,526.0
50.0,-32.0,-20.0,269.0
52.0,-32.0,-20.0,269.0
54.0,-32.0,-20.0,269.0
56.0,-32.0,-20.0,436.0
58.0,-32.0,-20.0,436.0
60.0,-32.0,-20.0,26.0
62.0,-32.0,-20.0,26.0
64.0,-32.0,-20.0,26.0
66.0,-32.0,-20.0,26.0
68.0,-32.0,-20.0,26.0
-68.0,-30.0,-20.0,417.0
-66.0,-30.0,-20.0,417.0
-64.0,-30.0,-20.0,417.0
-62.0,-30.0,-20.0,417.0
-60.0,-30.0,-20.0,38.0
-58.0,-30.0,-20.0,169.0
-56.0,-30.0,-20.0,169.0
-54.0,-30.0,-20.0,169.0
-52.0,-30.0,-20.0,480.0
-50.0,-30.0,-20.0,480.0
-48.0,-30.0,-20.0,480.0
-46.0,-30.0,-20.0,480.0
-44.0,-30.0,-20.0,480.0
-42.0,-30.0,-20.0,480.0
-40.0,-30.0,-20.0,480.0
-38.0,-30.0,-20.0,490.0
-36.0,-30.0,-20.0,490.0
-34.0,-30.0,-20.0,490.0
-32.0,-30.0,-20.0,490.0
-30.0,-30.0,-20.0,490.0
-28.0,-30.0,-20.0,492.0
-26.0,-30.0,-20.0,492.0
-24.0,-30.0,-20.0,492.0
-22.0,-30.0,-20.0,492.0
20.0,-30.0,-20.0,332.0
22.0,-30.0,-20.0,332.0
24.0,-30.0,-20.0,332.0
26.0,-30.0,-20.0,332.0
28.0,-30.0,-20.0,332.0
30.0,-30.0,-20.0,332.0
32.0,-30.0,-20.0,332.0
34.0,-30.0,-20.0,332.0
36.0,-30.0,-20.0,332.0
38.0,-30.0,-20.0,526.0
40.0,-30.0,-20.0,526.0
42.0,-30.0,-20.0,526.0
44.0,-30.0,-20.0,526.0
46.0,-30.0,-20.0,526.0
48.0,-30.0,-20.0,526.0
50.0,-30.0,-20.0,526.0
52.0,-30.0,-20.0,436.0
54.0,-30.0,-20.0,436.0
56.0,-30.0,-20.0,436.0
58.0,-30.0,-20.0,436.0
60.0,-30.0,-20.0,26.0
62.0,-30.0,-20.0,26.0
64.0,-30.0,-20.0,26.0
66.0,-30.0,-20.0,26.0
68.0,-30.0,-20.0,26.0
-68.0,-28.0,-20.0,417.0
-66.0,-28.0,-20.0,417.0
-64.0,-28.0,-20.0,417.0
-62.0,-28.0,-20.0,417.0
-60.0,-28.0,-20.0,417.0
-58.0,-28.0,-20.0,417.0
-56.0,-28.0,-20.0,417.0
-54.0,-28.0,-20.0,503.0
-52.0,-28.0,-20.0,558.0
-50.0,-28.0,-20.0,558.0
-48.0,-28.0,-20.0,558.0
-46.0,-28.0,-20.0,558.0
-44.0,-28.0,-20.0,558.0
-42.0,-28.0,-20.0,480.0
-40.0,-28.0,-20.0,490.0
-38.0,-28.0,-20.0,490.0
-36.0,-28.0,-20.0,490.0
-34.0,-28.0,-20.0,490.0
-32.0,-28.0,-20.0,490.0
-30.0,-28.0,-20.0,490.0
-28.0,-28.0,-20.0,492.0
-26.0,-28.0,-20.0,492.0
-24.0,-28.0,-20.0,492.0
-22.0,-28.0,-20.0,492.0
-20.0,-28.0,-20.0,492.0
20.0,-28.0,-20.0,332.0
22.0,-28.0,-20.0,332.0
24.0,-28.0,-20.0,332.0
26.0,-28.0,-20.0,332.0
28.0,-28.0,-20.0,332.0
30.0,-28.0,-20.0,332.0
32.0,-28.0,-20.0,332.0
34.0,-28.0,-20.0,332.0
36.0,-28.0,-20.0,332.0
38.0,-28.0,-20.0,526.0
40.0,-28.0,-20.0,526.0
42.0,-28.0,-20.0,526.0
44.0,-28.0,-20.0,526.0
46.0,-28.0,-20.0,526.0
48.0,-28.0,-20.0,526.0
50.0,-28.0,-20.0,436.0
52.0,-28.0,-20.0,436.0
54.0,-28.0,-20.0,436.0
56.0,-28.0,-20.0,436.0
58.0,-28.0,-20.0,436.0
60.0,-28.0,-20.0,26.0
62.0,-28.0,-20.0,26.0
64.0,-28.0,-20.0,26.0
66.0,-28.0,-20.0,26.0
68.0,-28.0,-20.0,26.0
-70.0,-26.0,-20.0,417.0
-68.0,-26.0,-20.0,417.0
-66.0,-26.0,-20.0,417.0
-64.0,-26.0,-20.0,417.0
-62.0,-26.0,-20.0,417.0
-60.0,-26.0,-20.0,417.0
-58.0,-26.0,-20.0,417.0
-56.0,-26.0,-20.0,417.0
-54.0,-26.0,-20.0,503.0
-52.0,-26.0,-20.0,558.0
-50.0,-26.0,-20.0,558.0
-48.0,-26.0,-20.0,558.0
-46.0,-26.0,-20.0,558.0
-44.0,-26.0,-20.0,558.0
-42.0,-26.0,-20.0,558.0
-40.0,-26.0,-20.0,490.0
-38.0,-26.0,-20.0,490.0
-36.0,-26.0,-20.0,490.0
-34.0,-26.0,-20.0,490.0
-32.0,-26.0,-20.0,490.0
-30.0,-26.0,-20.0,490.0
-28.0,-26.0,-20.0,492.0
-26.0,-26.0,-20.0,492.0
-24.0,-26.0,-20.0,492.0
-22.0,-26.0,-20.0,492.0
20.0,-26.0,-20.0,394.0
22.0,-26.0,-20.0,430.0
24.0,-26.0,-20.0,430.0
26.0,-26.0,-20.0,430.0
28.0,-26.0,-20.0,430.0
30.0,-26.0,-20.0,430.0
32.0,-26.0,-20.0,430.0
34.0,-26.0,-20.0,430.0
36.0,-26.0,-20.0,430.0
38.0,-26.0,-20.0,430.0
40.0,-26.0,-20.0,526.0
42.0,-26.0,-20.0,526.0
44.0,-26.0,-20.0,526.0
46.0,-26.0,-20.0,526.0
48.0,-26.0,-20.0,526.0
50.0,-26.0,-20.0,436.0
52.0,-26.0,-20.0,436.0
54.0,-26.0,-20.0,436.0
56.0,-26.0,-20.0,436.0
58.0,-26.0,-20.0,436.0
60.0,-26.0,-20.0,26.0
62.0,-26.0,-20.0,26.0
64.0,-26.0,-20.0,26.0
66.0,-26.0,-20.0,26.0
68.0,-26.0,-20.0,26.0
-70.0,-24.0,-20.0,417.0
-68.0,-24.0,-20.0,417.0
-66.0,-24.0,-20.0,417.0
-64.0,-24.0,-20.0,417.0
-62.0,-24.0,-20.0,417.0
-60.0,-24.0,-20.0,417.0
-58.0,-24.0,-20.0,417.0
-56.0,-24.0,-20.0,417.0
-54.0,-24.0,-20.0,503.0
-52.0,-24.0,-20.0,558.0
-50.0,-24.0,-20.0,558.0
-48.0,-24.0,-20.0,558.0
-46.0,-24.0,-20.0,558.0
-44.0,-24.0,-20.0,558.0
-42.0,-24.0,-20.0,558.0
-40.0,-24.0,-20.0,558.0
-38.0,-24.0,-20.0,490.0
-36.0,-24.0,-20.0,490.0
-34.0,-24.0,-20.0,490.0
-32.0,-24.0,-20.0,490.0
-30.0,-24.0,-20.0,490.0
-28.0,-24.0,-20.0,490.0
-26.0,-24.0,-20.0,492.0
-24.0,-24.0,-20.0,492.0
-22.0,-24.0,-20.0,492.0
-20.0,-24.0,-20.0,492.0
18.0,-24.0,-20.0,394.0
20.0,-24.0,-20.0,394.0
22.0,-24.0,-20.0,430.0
24.0,-24.0,-20.0,430.0
26.0,-24.0,-20.0,430.0
28.0,-24.0,-20.0,430.0
30.0,-24.0,-20.0,430.0
32.0,-24.0,-20.0,430.0
34.0,-24.0,-20.0,430.0
36.0,-24.0,-20.0,430.0
38.0,-24.0,-20.0,430.0
40.0,-24.0,-20.0,68.0
42.0,-24.0,-20.0,68.0
44.0,-24.0,-20.0,68.0
46.0,-24.0,-20.0,526.0
48.0,-24.0,-20.0,436.0
52.0,-24.0,-20.0,436.0
54.0,-24.0,-20.0,436.0
56.0,-24.0,-20.0,436.0
58.0,-24.0,-20.0,436.0
60.0,-24.0,-20.0,26.0
62.0,-24.0,-20.0,26.0
64.0,-24.0,-20.0,26.0
66.0,-24.0,-20.0,26.0
68.0,-24.0,-20.0,26.0
-70.0,-22.0,-20.0,417.0
-68.0,-22.0,-20.0,417.0
-66.0,-22.0,-20.0,417.0
-64.0,-22.0,-20.0,417.0
-62.0,-22.0,-20.0,417.0
-60.0,-22.0,-20.0,417.0
-58.0,-22.0,-20.0,417.0
-56.0,-22.0,-20.0,417.0
-54.0,-22.0,-20.0,503.0
-52.0,-22.0,-20.0,558.0
-50.0,-22.0,-20.0,558.0
-48.0,-22.0,-20.0,558.0
-46.0,-22.0,-20.0,558.0
-44.0,-22.0,-20.0,558.0
-42.0,-22.0,-20.0,558.0
-40.0,-22.0,-20.0,558.0
-38.0,-22.0,-20.0,558.0
-36.0,-22.0,-20.0,490.0
-34.0,-22.0,-20.0,490.0
-32.0,-22.0,-20.0,490.0
-30.0,-22.0,-20.0,490.0
-28.0,-22.0,-20.0,490.0
-26.0,-22.0,-20.0,492.0
-24.0,-22.0,-20.0,492.0
-22.0,-22.0,-20.0,492.0
-20.0,-22.0,-20.0,492.0
18.0,-22.0,-20.0,394.0
20.0,-22.0,-20.0,394.0
22.0,-22.0,-20.0,430.0
24.0,-22.0,-20.0,430.0
26.0,-22.0,-20.0,430.0
28.0,-22.0,-20.0,430.0
30.0,-22.0,-20.0,430.0
32.0,-22.0,-20.0,430.0
34.0,-22.0,-20.0,430.0
36.0,-22.0,-20.0,430.0
38.0,-22.0,-20.0,430.0
40.0,-22.0,-20.0,68.0
42.0,-22.0,-20.0,68.0
44.0,-22.0,-20.0,68.0
46.0,-22.0,-20.0,68.0
52.0,-22.0,-20.0,436.0
54.0,-22.0,-20.0,436.0
56.0,-22.0,-20.0,436.0
58.0,-22.0,-20.0,436.0
60.0,-22.0,-20.0,26.0
62.0,-22.0,-20.0,26.0
64.0,-22.0,-20.0,26.0
66.0,-22.0,-20.0,26.0
68.0,-22.0,-20.0,26.0
-68.0,-20.0,-20.0,417.0
-66.0,-20.0,-20.0,417.0
-64.0,-20.0,-20.0,417.0
-62.0,-20.0,-20.0,417.0
-60.0,-20.0,-20.0,417.0
-58.0,-20.0,-20.0,417.0
-56.0,-20.0,-20.0,503.0
-54.0,-20.0,-20.0,503.0
-52.0,-20.0,-20.0,558.0
-48.0,-20.0,-20.0,558.0
-46.0,-20.0,-20.0,558.0
-44.0,-20.0,-20.0,558.0
-42.0,-20.0,-20.0,558.0
-40.0,-20.0,-20.0,558.0
-38.0,-20.0,-20.0,558.0
-36.0,-20.0,-20.0,490.0
-34.0,-20.0,-20.0,490.0
-32.0,-20.0,-20.0,490.0
-30.0,-20.0,-20.0,490.0
-28.0,-20.0,-20.0,490.0
-26.0,-20.0,-20.0,490.0
-24.0,-20.0,-20.0,492.0
-22.0,-20.0,-20.0,492.0
-20.0,-20.0,-20.0,492.0
20.0,-20.0,-20.0,394.0
22.0,-20.0,-20.0,394.0
24.0,-20.0,-20.0,430.0
26.0,-20.0,-20.0,430.0
28.0,-20.0,-20.0,430.0
30.0,-20.0,-20.0,430.0
32.0,-20.0,-20.0,430.0
34.0,-20.0,-20.0,430.0
36.0,-20.0,-20.0,430.0
38.0,-20.0,-20.0,430.0
40.0,-20.0,-20.0,68.0
42.0,-20.0,-20.0,68.0
44.0,-20.0,-20.0,68.0
52.0,-20.0,-20.0,436.0
54.0,-20.0,-20.0,436.0
56.0,-20.0,-20.0,436.0
58.0,-20.0,-20.0,436.0
60.0,-20.0,-20.0,26.0
62.0,-20.0,-20.0,26.0
64.0,-20.0,-20.0,26.0
66.0,-20.0,-20.0,26.0
68.0,-20.0,-20.0,26.0
-68.0,-18.0,-20.0,417.0
-66.0,-18.0,-20.0,417.0
-64.0,-18.0,-20.0,417.0
-62.0,-18.0,-20.0,417.0
-60.0,-18.0,-20.0,417.0
-58.0,-18.0,-20.0,417.0
-56.0,-18.0,-20.0,503.0
-54.0,-18.0,-20.0,503.0
-52.0,-18.0,-20.0,558.0
-44.0,-18.0,-20.0,558.0
-42.0,-18.0,-20.0,558.0
-40.0,-18.0,-20.0,558.0
-38.0,-18.0,-20.0,558.0
-36.0,-18.0,-20.0,558.0
-34.0,-18.0,-20.0,506.0
-32.0,-18.0,-20.0,506.0
-30.0,-18.0,-20.0,506.0
-28.0,-18.0,-20.0,506.0
-26.0,-18.0,-20.0,506.0
-24.0,-18.0,-20.0,506.0
-22.0,-18.0,-20.0,136.0
20.0,-18.0,-20.0,394.0
22.0,-18.0,-20.0,394.0
24.0,-18.0,-20.0,96.0
26.0,-18.0,-20.0,96.0
28.0,-18.0,-20.0,430.0
30.0,-18.0,-20.0,430.0
32.0,-18.0,-20.0,430.0
34.0,-18.0,-20.0,430.0
36.0,-18.0,-20.0,430.0
38.0,-18.0,-20.0,430.0
40.0,-18.0,-20.0,68.0
42.0,-18.0,-20.0,68.0
44.0,-18.0,-20.0,68.0
50.0,-18.0,-20.0,463.0
52.0,-18.0,-20.0,463.0
54.0,-18.0,-20.0,436.0
56.0,-18.0,-20.0,436.0
58.0,-18.0,-20.0,436.0
60.0,-18.0,-20.0,26.0
62.0,-18.0,-20.0,26.0
64.0,-18.0,-20.0,26.0
66.0,-18.0,-20.0,26.0
68.0,-18.0,-20.0,26.0
-68.0,-16.0,-20.0,417.0
-66.0,-16.0,-20.0,417.0
-64.0,-16.0,-20.0,417.0
-62.0,-16.0,-20.0,417.0
-60.0,-16.0,-20.0,417.0
-58.0,-16.0,-20.0,417.0
-56.0,-16.0,-20.0,503.0
-54.0,-16.0,-20.0,503.0
-52.0,-16.0,-20.0,558.0
-42.0,-16.0,-20.0,558.0
-40.0,-16.0,-20.0,558.0
-38.0,-16.0,-20.0,558.0
-36.0,-16.0,-20.0,506.0
-34.0,-16.0,-20.0,506.0
-32.0,-16.0,-20.0,506.0
-30.0,-16.0,-20.0,506.0
-28.0,-16.0,-20.0,506.0
-26.0,-16.0,-20.0,506.0
-24.0,-16.0,-20.0,506.0
-22.0,-16.0,-20.0,136.0
18.0,-16.0,-20.0,394.0
20.0,-16.0,-20.0,394.0
22.0,-16.0,-20.0,394.0
24.0,-16.0,-20.0,96.0
26.0,-16.0,-20.0,96.0
28.0,-16.0,-20.0,96.0
30.0,-16.0,-20.0,96.0
32.0,-16.0,-20.0,430.0
34.0,-16.0,-20.0,430.0
36.0,-16.0,-20.0,430.0
38.0,-16.0,-20.0,430.0
40.0,-16.0,-20.0,68.0
42.0,-16.0,-20.0,68.0
50.0,-16.0,-20.0,463.0
52.0,-16.0,-20.0,463.0
54.0,-16.0,-20.0,463.0
56.0,-16.0,-20.0,456.0
58.0,-16.0,-20.0,456.0
60.0,-16.0,-20.0,26.0
62.0,-16.0,-20.0,26.0
64.0,-16.0,-20.0,26.0
66.0,-16.0,-20.0,26.0
68.0,-16.0,-20.0,26.0
-68.0,-14.0,-20.0,417.0
-66.0,-14.0,-20.0,417.0
-64.0,-14.0,-20.0,417.0
-62.0,-14.0,-20.0,417.0
-60.0,-14.0,-20.0,417.0
-58.0,-14.0,-20.0,417.0
-56.0,-14.0,-20.0,503.0
-54.0,-14.0,-20.0,503.0
-40.0,-14.0,-20.0,558.0
-38.0,-14.0,-20.0,506.0
-36.0,-14.0,-20.0,506.0
-34.0,-14.0,-20.0,506.0
-32.0,-14.0,-20.0,506.0
-30.0,-14.0,-20.0,506.0
-28.0,-14.0,-20.0,506.0
-26.0,-14.0,-20.0,506.0
-24.0,-14.0,-20.0,136.0
-22.0,-14.0,-20.0,136.0
-20.0,-14.0,-20.0,396.0
18.0,-14.0,-20.0,394.0
20.0,-14.0,-20.0,394.0
22.0,-14.0,-20.0,96.0
24.0,-14.0,-20.0,96.0
26.0,-14.0,-20.0,96.0
28.0,-14.0,-20.0,96.0
30.0,-14.0,-20.0,96.0
32.0,-14.0,-20.0,96.0
34.0,-14.0,-20.0,96.0
36.0,-14.0,-20.0,430.0
38.0,-14.0,-20.0,430.0
50.0,-14.0,-20.0,463.0
52.0,-14.0,-20.0,463.0
54.0,-14.0,-20.0,456.0
56.0,-14.0,-20.0,456.0
58.0,-14.0,-20.0,456.0
60.0,-14.0,-20.0,456.0
62.0,-14.0,-20.0,26.0
64.0,-14.0,-20.0,26.0
66.0,-14.0,-20.0,26.0
68.0,-14.0,-20.0,26.0
-68.0,-12.0,-20.0,417.0
-66.0,-12.0,-20.0,417.0
-64.0,-12.0,-20.0,417.0
-62.0,-12.0,-20.0,417.0
-60.0,-12.0,-20.0,417.0
-58.0,-12.0,-20.0,503.0
-56.0,-12.0,-20.0,503.0
-54.0,-12.0,-20.0,503.0
-38.0,-12.0,-20.0,506.0
-36.0,-12.0,-20.0,506.0
-34.0,-12.0,-20.0,506.0
-32.0,-12.0,-20.0,506.0
-30.0,-12.0,-20.0,506.0
-28.0,-12.0,-20.0,506.0
-26.0,-12.0,-20.0,506.0
-24.0,-12.0,-20.0,136.0
-22.0,-12.0,-20.0,136.0
-20.0,-12.0,-20.0,396.0
18.0,-12.0,-20.0,483.0
20.0,-12.0,-20.0,483.0
22.0,-12.0,-20.0,96.0
24.0,-12.0,-20.0,96.0
26.0,-12.0,-20.0,96.0
28.0,-12.0,-20.0,96.0
30.0,-12.0,-20.0,96.0
32.0,-12.0,-20.0,96.0
34.0,-12.0,-20.0,96.0
36.0,-12.0,-20.0,96.0
52.0,-12.0,-20.0,456.0
54.0,-12.0,-20.0,456.0
56.0,-12.0,-20.0,456.0
58.0,-12.0,-20.0,456.0
60.0,-12.0,-20.0,152.0
62.0,-12.0,-20.0,152.0
64.0,-12.0,-20.0,152.0
66.0,-12.0,-20.0,26.0
-68.0,-10.0,-20.0,397.0
-66.0,-10.0,-20.0,397.0
-64.0,-10.0,-20.0,397.0
-62.0,-10.0,-20.0,397.0
-60.0,-10.0,-20.0,115.0
-58.0,-10.0,-20.0,115.0
-56.0,-10.0,-20.0,115.0
-54.0,-10.0,-20.0,115.0
-52.0,-10.0,-20.0,115.0
-50.0,-10.0,-20.0,115.0
-38.0,-10.0,-20.0,506.0
-36.0,-10.0,-20.0,506.0
-34.0,-10.0,-20.0,506.0
-32.0,-10.0,-20.0,506.0
-30.0,-10.0,-20.0,506.0
-28.0,-10.0,-20.0,506.0
-26.0,-10.0,-20.0,136.0
-24.0,-10.0,-20.0,136.0
-22.0,-10.0,-20.0,136.0
-20.0,-10.0,-20.0,396.0
-18.0,-10.0,-20.0,396.0
16.0,-10.0,-20.0,483.0
18.0,-10.0,-20.0,483.0
20.0,-10.0,-20.0,483.0
22.0,-10.0,-20.0,483.0
24.0,-10.0,-20.0,96.0
26.0,-10.0,-20.0,96.0
28.0,-10.0,-20.0,96.0
30.0,-10.0,-20.0,96.0
32.0,-10.0,-20.0,96.0
34.0,-10.0,-20.0,96.0
48.0,-10.0,-20.0,463.0
50.0,-10.0,-20.0,456.0
52.0,-10.0,-20.0,456.0
54.0,-10.0,-20.0,456.0
56.0,-10.0,-20.0,456.0
58.0,-10.0,-20.0,152.0
60.0,-10.0,-20.0,152.0
62.0,-10.0,-20.0,152.0
64.0,-10.0,-20.0,152.0
66.0,-10.0,-20.0,152.0
-68.0,-8.0,-20.0,397.0
-66.0,-8.0,-20.0,397.0
-64.0,-8.0,-20.0,397.0
-62.0,-8.0,-20.0,397.0
-60.0,-8.0,-20.0,397.0
-58.0,-8.0,-20.0,115.0
-56.0,-8.0,-20.0,115.0
-54.0,-8.0,-20.0,115.0
-52.0,-8.0,-20.0,115.0
-50.0,-8.0,-20.0,115.0
-48.0,-8.0,-20.0,115.0
-36.0,-8.0,-20.0,506.0
-34.0,-8.0,-20.0,506.0
-32.0,-8.0,-20.0,506.0
-30.0,-8.0,-20.0,506.0
-28.0,-8.0,-20.0,136.0
-26.0,-8.0,-20.0,136.0
-24.0,-8.0,-20.0,136.0
-22.0,-8.0,-20.0,136.0
-20.0,-8.0,-20.0,396.0
-18.0,-8.0,-20.0,396.0
-16.0,-8.0,-20.0,396.0
14.0,-8.0,-20.0,483.0
16.0,-8.0,-20.0,483.0
18.0,-8.0,-20.0,483.0
20.0,-8.0,-20.0,483.0
22.0,-8.0,-20.0,483.0
24.0,-8.0,-20.0,96.0
26.0,-8.0,-20.0,96.0
28.0,-8.0,-20.0,96.0
30.0,-8.0,-20.0,96.0
32.0,-8.0,-20.0,96.0
46.0,-8.0,-20.0,463.0
48.0,-8.0,-20.0,456.0
50.0,-8.0,-20.0,456.0
52.0,-8.0,-20.0,456.0
54.0,-8.0,-20.0,456.0
56.0,-8.0,-20.0,152.0
58.0,-8.0,-20.0,152.0
60.0,-8.0,-20.0,152.0
62.0,-8.0,-20.0,152.0
64.0,-8.0,-20.0,152.0
66.0,-8.0,-20.0,152.0
-66.0,-6.0,-20.0,397.0
-64.0,-6.0,-20.0,397.0
-62.0,-6.0,-20.0,397.0
-60.0,-6.0,-20.0,397.0
-58.0,-6.0,-20.0,397.0
-56.0,-6.0,-20.0,115.0
-54.0,-6.0,-20.0,115.0
-52.0,-6.0,-20.0,115.0
-50.0,-6.0,-20.0,115.0
-48.0,-6.0,-20.0,115.0
-34.0,-6.0,-20.0,506.0
-32.0,-6.0,-20.0,506.0
-30.0,-6.0,-20.0,506.0
-28.0,-6.0,-20.0,136.0
-26.0,-6.0,-20.0,136.0
-24.0,-6.0,-20.0,136.0
-22.0,-6.0,-20.0,136.0
-20.0,-6.0,-20.0,396.0
-18.0,-6.0,-20.0,396.0
-16.0,-6.0,-20.0,396.0
-14.0,-6.0,-20.0,268.0
14.0,-6.0,-20.0,483.0
16.0,-6.0,-20.0,483.0
18.0,-6.0,-20.0,483.0
20.0,-6.0,-20.0,483.0
22.0,-6.0,-20.0,483.0
24.0,-6.0,-20.0,590.0
26.0,-6.0,-20.0,590.0
28.0,-6.0,-20.0,96.0
30.0,-6.0,-20.0,96.0
32.0,-6.0,-20.0,96.0
46.0,-6.0,-20.0,456.0
48.0,-6.0,-20.0,456.0
50.0,-6.0,-20.0,456.0
52.0,-6.0,-20.0,456.0
54.0,-6.0,-20.0,152.0
56.0,-6.0,-20.0,152.0
58.0,-6.0,-20.0,152.0
60.0,-6.0,-20.0,152.0
62.0,-6.0,-20.0,152.0
64.0,-6.0,-20.0,152.0
66.0,-6.0,-20.0,152.0
-66.0,-4.0,-20.0,397.0
-64.0,-4.0,-20.0,397.0
-62.0,-4.0,-20.0,397.0
-60.0,-4.0,-20.0,397.0
-58.0,-4.0,-20.0,397.0
-56.0,-4.0,-20.0,115.0
-54.0,-4.0,-20.0,115.0
-52.0,-4.0,-20.0,115.0
-50.0,-4.0,-20.0,115.0
-48.0,-4.0,-20.0,115.0
-46.0,-4.0,-20.0,115.0
-32.0,-4.0,-20.0,506.0
-30.0,-4.0,-20.0,136.0
-28.0,-4.0,-20.0,136.0
-26.0,-4.0,-20.0,136.0
-24.0,-4.0,-20.0,136.0
-22.0,-4.0,-20.0,136.0
-20.0,-4.0,-20.0,396.0
-18.0,-4.0,-20.0,396.0
-16.0,-4.0,-20.0,268.0
-14.0,-4.0,-20.0,268.0
-12.0,-4.0,-20.0,268.0
12.0,-4.0,-20.0,483.0
14.0,-4.0,-20.0,483.0
16.0,-4.0,-20.0,483.0
18.0,-4.0,-20.0,483.0
20.0,-4.0,-20.0,483.0
22.0,-4.0,-20.0,483.0
24.0,-4.0,-20.0,590.0
26.0,-4.0,-20.0,590.0
28.0,-4.0,-20.0,590.0
30.0,-4.0,-20.0,590.0
32.0,-4.0,-20.0,96.0
34.0,-4.0,-20.0,96.0
40.0,-4.0,-20.0,96.0
42.0,-4.0,-20.0,463.0
44.0,-4.0,-20.0,456.0
46.0,-4.0,-20.0,456.0
48.0,-4.0,-20.0,456.0
50.0,-4.0,-20.0,456.0
52.0,-4.0,-20.0,152.0
54.0,-4.0,-20.0,152.0
56.0,-4.0,-20.0,152.0
58.0,-4.0,-20.0,152.0
60.0,-4.0,-20.0,152.0
62.0,-4.0,-20.0,152.0
64.0,-4.0,-20.0,152.0
-66.0,-2.0,-20.0,397.0
-64.0,-2.0,-20.0,397.0
-62.0,-2.0,-20.0,397.0
-60.0,-2.0,-20.0,397.0
-58.0,-2.0,-20.0,397.0
-56.0,-2.0,-20.0,397.0
-54.0,-2.0,-20.0,115.0
-52.0,-2.0,-20.0,115.0
-50.0,-2.0,-20.0,115.0
-48.0,-2.0,-20.0,115.0
-46.0,-2.0,-20.0,115.0
-34.0,-2.0,-20.0,506.0
-32.0,-2.0,-20.0,506.0
-30.0,-2.0,-20.0,136.0
-28.0,-2.0,-20.0,136.0
-26.0,-2.0,-20.0,136.0
-24.0,-2.0,-20.0,136.0
-22.0,-2.0,-20.0,136.0
-20.0,-2.0,-20.0,396.0
-18.0,-2.0,-20.0,396.0
-16.0,-2.0,-20.0,268.0
-14.0,-2.0,-20.0,268.0
-12.0,-2.0,-20.0,268.0
12.0,-2.0,-20.0,483.0
14.0,-2.0,-20.0,483.0
16.0,-2.0,-20.0,483.0
18.0,-2.0,-20.0,483.0
20.0,-2.0,-20.0,483.0
22.0,-2.0,-20.0,590.0
24.0,-2.0,-20.0,590.0
26.0,-2.0,-20.0,590.0
28.0,-2.0,-20.0,590.0
30.0,-2.0,-20.0,590.0
32.0,-2.0,-20.0,590.0
34.0,-2.0,-20.0,590.0
38.0,-2.0,-20.0,96.0
40.0,-2.0,-20.0,96.0
42.0,-2.0,-20.0,456.0
44.0,-2.0,-20.0,456.0
46.0,-2.0,-20.0,456.0
48.0,-2.0,-20.0,456.0
50.0,-2.0,-20.0,152.0
52.0,-2.0,-20.0,152.0
54.0,-2.0,-20.0,152.0
56.0,-2.0,-20.0,152.0
58.0,-2.0,-20.0,152.0
60.0,-2.0,-20.0,152.0
62.0,-2.0,-20.0,152.0
64.0,-2.0,-20.0,152.0
-64.0,-0.0,-20.0,397.0
-62.0,-0.0,-20.0,397.0
-60.0,-0.0,-20.0,397.0
-58.0,-0.0,-20.0,397.0
-56.0,-0.0,-20.0,397.0
-54.0,-0.0,-20.0,115.0
-52.0,-0.0,-20.0,115.0
-50.0,-0.0,-20.0,115.0
-48.0,-0.0,-20.0,115.0
-46.0,-0.0,-20.0,115.0
-44.0,-0.0,-20.0,514.0
-42.0,-0.0,-20.0,514.0
-40.0,-0.0,-20.0,514.0
-38.0,-0.0,-20.0,506.0
-34.0,-0.0,-20.0,506.0
-32.0,-0.0,-20.0,136.0
-30.0,-0.0,-20.0,136.0
-28.0,-0.0,-20.0,136.0
-26.0,-0.0,-20.0,136.0
-24.0,-0.0,-20.0,136.0
-22.0,-0.0,-20.0,136.0
-20.0,-0.0,-20.0,396.0
-18.0,-0.0,-20.0,268.0
-16.0,-0.0,-20.0,268.0
-14.0,-0.0,-20.0,268.0
14.0,-0.0,-20.0,483.0
16.0,-0.0,-20.0,483.0
18.0,-0.0,-20.0,483.0
20.0,-0.0,-20.0,483.0
22.0,-0.0,-20.0,590.0
24.0,-0.0,-20.0,590.0
26.0,-0.0,-20.0,590.0
28.0,-0.0,-20.0,590.0
30.0,-0.0,-20.0,590.0
32.0,-0.0,-20.0,590.0
34.0,-0.0,-20.0,590.0
36.0,-0.0,-20.0,590.0
38.0,-0.0,-20.0,590.0
40.0,-0.0,-20.0,314.0
42.0,-0.0,-20.0,314.0
44.0,-0.0,-20.0,456.0
46.0,-0.0,-20.0,456.0
48.0,-0.0,-20.0,152.0
50.0,-0.0,-20.0,152.0
52.0,-0.0,-20.0,152.0
54.0,-0.0,-20.0,152.0
56.0,-0.0,-20.0,152.0
58.0,-0.0,-20.0,152.0
60.0,-0.0,-20.0,152.0
62.0,-0.0,-20.0,152.0
64.0,-0.0,-20.0,152.0
-64.0,2.0,-20.0,397.0
-62.0,2.0,-20.0,397.0
-60.0,2.0,-20.0,397.0
-58.0,2.0,-20.0,397.0
-56.0,2.0,-20.0,397.0
-54.0,2.0,-20.0,397.0
-52.0,2.0,-20.0,477.0
-50.0,2.0,-20.0,477.0
-48.0,2.0,-20.0,115.0
-46.0,2.0,-20.0,514.0
-44.0,2.0,-20.0,514.0
-42.0,2.0,-20.0,514.0
-40.0,2.0,-20.0,514.0
-38.0,2.0,-20.0,514.0
-36.0,2.0,-20.0,174.0
-34.0,2.0,-20.0,174.0
-32.0,2.0,-20.0,136.0
-30.0,2.0,-20.0,136.0
-28.0,2.0,-20.0,136.0
-26.0,2.0,-20.0,136.0
-24.0,2.0,-20.0,136.0
-22.0,2.0,-20.0,136.0
-20.0,2.0,-20.0,396.0
-18.0,2.0,-20.0,268.0
-16.0,2.0,-20.0,268.0
16.0,2.0,-20.0,483.0
18.0,2.0,-20.0,483.0
20.0,2.0,-20.0,590.0
22.0,2.0,-20.0,590.0
24.0,2.0,-20.0,590.0
26.0,2.0,-20.0,590.0
28.0,2.0,-20.0,590.0
30.0,2.0,-20.0,590.0
32.0,2.0,-20.0,590.0
34.0,2.0,-20.0,590.0
36.0,2.0,-20.0,590.0
38.0,2.0,-20.0,590.0
40.0,2.0,-20.0,314.0
42.0,2.0,-20.0,207.0
44.0,2.0,-20.0,207.0
46.0,2.0,-20.0,207.0
48.0,2.0,-20.0,207.0
50.0,2.0,-20.0,207.0
52.0,2.0,-20.0,207.0
54.0,2.0,-20.0,152.0
56.0,2.0,-20.0,152.0
58.0,2.0,-20.0,152.0
60.0,2.0,-20.0,152.0
62.0,2.0,-20.0,152.0
-62.0,4.0,-20.0,397.0
-60.0,4.0,-20.0,397.0
-58.0,4.0,-20.0,397.0
-56.0,4.0,-20.0,397.0
-54.0,4.0,-20.0,477.0
-52.0,4.0,-20.0,477.0
-50.0,4.0,-20.0,522.0
-48.0,4.0,-20.0,522.0
-46.0,4.0,-20.0,514.0
-44.0,4.0,-20.0,514.0
-42.0,4.0,-20.0,514.0
-40.0,4.0,-20.0,514.0
-38.0,4.0,-20.0,514.0
-36.0,4.0,-20.0,174.0
-34.0,4.0,-20.0,174.0
-32.0,4.0,-20.0,174.0
-30.0,4.0,-20.0,554.0
-28.0,4.0,-20.0,554.0
-26.0,4.0,-20.0,554.0
-24.0,4.0,-20.0,136.0
-22.0,4.0,-20.0,136.0
-20.0,4.0,-20.0,268.0
-18.0,4.0,-20.0,268.0
22.0,4.0,-20.0,590.0
24.0,4.0,-20.0,590.0
26.0,4.0,-20.0,590.0
28.0,4.0,-20.0,590.0
30.0,4.0,-20.0,590.0
32.0,4.0,-20.0,590.0
34.0,4.0,-20.0,590.0
36.0,4.0,-20.0,590.0
38.0,4.0,-20.0,590.0
40.0,4.0,-20.0,314.0
42.0,4.0,-20.0,207.0
44.0,4.0,-20.0,207.0
46.0,4.0,-20.0,207.0
48.0,4.0,-20.0,207.0
50.0,4.0,-20.0,207.0
52.0,4.0,-20.0,207.0
54.0,4.0,-20.0,207.0
56.0,4.0,-20.0,207.0
58.0,4.0,-20.0,207.0
60.0,4.0,-20.0,207.0
-62.0,6.0,-20.0,397.0
-60.0,6.0,-20.0,397.0
-58.0,6.0,-20.0,397.0
-56.0,6.0,-20.0,426.0
-54.0,6.0,-20.0,426.0
-52.0,6.0,-20.0,426.0
-50.0,6.0,-20.0,522.0
-48.0,6.0,-20.0,522.0
-46.0,6.0,-20.0,514.0
-44.0,6.0,-20.0,514.0
-42.0,6.0,-20.0,514.0
-40.0,6.0,-20.0,514.0
-38.0,6.0,-20.0,514.0
-36.0,6.0,-20.0,174.0
-34.0,6.0,-20.0,174.0
-32.0,6.0,-20.0,174.0
-30.0,6.0,-20.0,554.0
-28.0,6.0,-20.0,554.0
-26.0,6.0,-20.0,554.0
-24.0,6.0,-20.0,554.0
-22.0,6.0,-20.0,554.0
14.0,6.0,-20.0,143.0
16.0,6.0,-20.0,143.0
18.0,6.0,-20.0,143.0
20.0,6.0,-20.0,590.0
28.0,6.0,-20.0,590.0
30.0,6.0,-20.0,590.0
32.0,6.0,-20.0,590.0
34.0,6.0,-20.0,590.0
36.0,6.0,-20.0,590.0
38.0,6.0,-20.0,429.0
40.0,6.0,-20.0,429.0
42.0,6.0,-20.0,429.0
44.0,6.0,-20.0,207.0
46.0,6.0,-20.0,207.0
48.0,6.0,-20.0,207.0
50.0,6.0,-20.0,207.0
52.0,6.0,-20.0,207.0
54.0,6.0,-20.0,207.0
56.0,6.0,-20.0,207.0
58.0,6.0,-20.0,207.0
60.0,6.0,-20.0,207.0
-60.0,8.0,-20.0,397.0
-58.0,8.0,-20.0,426.0
-56.0,8.0,-20.0,426.0
-54.0,8.0,-20.0,426.0
-52.0,8.0,-20.0,426.0
-50.0,8.0,-20.0,522.0
-48.0,8.0,-20.0,522.0
-46.0,8.0,-20.0,514.0
-44.0,8.0,-20.0,514.0
-42.0,8.0,-20.0,514.0
-40.0,8.0,-20.0,514.0
-38.0,8.0,-20.0,514.0
-36.0,8.0,-20.0,174.0
-34.0,8.0,-20.0,174.0
-32.0,8.0,-20.0,174.0
-30.0,8.0,-20.0,554.0
-28.0,8.0,-20.0,554.0
-26.0,8.0,-20.0,554.0
-20.0,8.0,-20.0,395.0
-18.0,8.0,-20.0,395.0
-14.0,8.0,-20.0,395.0
-12.0,8.0,-20.0,395.0
10.0,8.0,-20.0,294.0
12.0,8.0,-20.0,143.0
14.0,8.0,-20.0,143.0
16.0,8.0,-20.0,143.0
18.0,8.0,-20.0,143.0
20.0,8.0,-20.0,143.0
22.0,8.0,-20.0,590.0
24.0,8.0,-20.0,590.0
38.0,8.0,-20.0,429.0
40.0,8.0,-20.0,429.0
42.0,8.0,-20.0,429.0
44.0,8.0,-20.0,429.0
46.0,8.0,-20.0,207.0
48.0,8.0,-20.0,207.0
50.0,8.0,-20.0,207.0
52.0,8.0,-20.0,207.0
54.0,8.0,-20.0,207.0
56.0,8.0,-20.0,207.0
58.0,8.0,-20.0,207.0
-58.0,10.0,-20.0,426.0
-56.0,10.0,-20.0,426.0
-54.0,10.0,-20.0,426.0
-52.0,10.0,-20.0,426.0
-50.0,10.0,-20.0,522.0
-48.0,10.0,-20.0,522.0
-46.0,10.0,-20.0,514.0
-44.0,10.0,-20.0,514.0
-42.0,10.0,-20.0,514.0
-40.0,10.0,-20.0,514.0
-24.0,10.0,-20.0,554.0
-22.0,10.0,-20.0,554.0
-20.0,10.0,-20.0,395.0
-18.0,10.0,-20.0,395.0
-16.0,10.0,-20.0,395.0
-14.0,10.0,-20.0,395.0
-12.0,10.0,-20.0,395.0
-10.0,10.0,-20.0,395.0
-8.0,10.0,-20.0,395.0
-6.0,10.0,-20.0,107.0
-4.0,10.0,-20.0,107.0
6.0,10.0,-20.0,294.0
8.0,10.0,-20.0,294.0
10.0,10.0,-20.0,294.0
12.0,10.0,-20.0,143.0
14.0,10.0,-20.0,143.0
16.0,10.0,-20.0,143.0
18.0,10.0,-20.0,143.0
20.0,10.0,-20.0,143.0
22.0,10.0,-20.0,143.0
24.0,10.0,-20.0,590.0
26.0,10.0,-20.0,590.0
28.0,10.0,-20.0,590.0
40.0,10.0,-20.0,429.0
42.0,10.0,-20.0,429.0
44.0,10.0,-20.0,429.0
46.0,10.0,-20.0,207.0
48.0,10.0,-20.0,207.0
50.0,10.0,-20.0,207.0
52.0,10.0,-20.0,207.0
54.0,10.0,-20.0,207.0
56.0,10.0,-20.0,207.0
-56.0,12.0,-20.0,426.0
-54.0,12.0,-20.0,426.0
-52.0,12.0,-20.0,426.0
-50.0,12.0,-20.0,522.0
-48.0,12.0,-20.0,522.0
-46.0,12.0,-20.0,522.0
-44.0,12.0,-20.0,514.0
-42.0,12.0,-20.0,514.0
-26.0,12.0,-20.0,554.0
-24.0,12.0,-20.0,554.0
-22.0,12.0,-20.0,395.0
-20.0,12.0,-20.0,395.0
-18.0,12.0,-20.0,395.0
-16.0,12.0,-20.0,395.0
-14.0,12.0,-20.0,395.0
-12.0,12.0,-20.0,395.0
-10.0,12.0,-20.0,395.0
-8.0,12.0,-20.0,107.0
-6.0,12.0,-20.0,107.0
-4.0,12.0,-20.0,107.0
4.0,12.0,-20.0,294.0
6.0,12.0,-20.0,294.0
8.0,12.0,-20.0,294.0
10.0,12.0,-20.0,294.0
12.0,12.0,-20.0,143.0
14.0,12.0,-20.0,143.0
16.0,12.0,-20.0,143.0
18.0,12.0,-20.0,143.0
20.0,12.0,-20.0,143.0
22.0,12.0,-20.0,143.0
24.0,12.0,-20.0,143.0
26.0,12.0,-20.0,590.0
28.0,12.0,-20.0,590.0
42.0,12.0,-20.0,429.0
44.0,12.0,-20.0,429.0
46.0,12.0,-20.0,429.0
48.0,12.0,-20.0,207.0
50.0,12.0,-20.0,207.0
52.0,12.0,-20.0,207.0
54.0,12.0,-20.0,207.0
56.0,12.0,-20.0,207.0
-56.0,14.0,-20.0,426.0
-54.0,14.0,-20.0,426.0
-52.0,14.0,-20.0,426.0
-50.0,14.0,-20.0,522.0
-48.0,14.0,-20.0,522.0
-46.0,14.0,-20.0,522.0
-44.0,14.0,-20.0,514.0
-28.0,14.0,-20.0,554.0
-26.0,14.0,-20.0,554.0
-24.0,14.0,-20.0,554.0
-22.0,14.0,-20.0,395.0
-20.0,14.0,-20.0,395.0
-18.0,14.0,-20.0,395.0
-16.0,14.0,-20.0,395.0
-14.0,14.0,-20.0,395.0
-12.0,14.0,-20.0,395.0
-10.0,14.0,-20.0,107.0
-8.0,14.0,-20.0,107.0
-6.0,14.0,-20.0,107.0
-4.0,14.0,-20.0,107.0
-2.0,14.0,-20.0,107.0
2.0,14.0,-20.0,294.0
4.0,14.0,-20.0,294.0
6.0,14.0,-20.0,294.0
8.0,14.0,-20.0,294.0
10.0,14.0,-20.0,294.0
12.0,14.0,-20.0,143.0
14.0,14.0,-20.0,143.0
16.0,14.0,-20.0,143.0
18.0,14.0,-20.0,143.0
20.0,14.0,-20.0,143.0
22.0,14.0,-20.0,143.0
24.0,14.0,-20.0,143.0
26.0,14.0,-20.0,590.0
28.0,14.0,-20.0,590.0
30.0,14.0,-20.0,590.0
40.0,14.0,-20.0,429.0
42.0,14.0,-20.0,429.0
44.0,14.0,-20.0,429.0
46.0,14.0,-20.0,429.0
48.0,14.0,-20.0,429.0
50.0,14.0,-20.0,207.0
52.0,14.0,-20.0,207.0
54.0,14.0,-20.0,207.0
-56.0,16.0,-20.0,67.0
-54.0,16.0,-20.0,67.0
-52.0,16.0,-20.0,67.0
-50.0,16.0,-20.0,67.0
-48.0,16.0,-20.0,67.0
-46.0,16.0,-20.0,57.0
-44.0,16.0,-20.0,57.0
-28.0,16.0,-20.0,554.0
-26.0,16.0,-20.0,554.0
-24.0,16.0,-20.0,310.0
-22.0,16.0,-20.0,310.0
-20.0,16.0,-20.0,310.0
-18.0,16.0,-20.0,395.0
-16.0,16.0,-20.0,395.0
-14.0,16.0,-20.0,395.0
-12.0,16.0,-20.0,107.0
-10.0,16.0,-20.0,107.0
-8.0,16.0,-20.0,107.0
-6.0,16.0,-20.0,107.0
-4.0,16.0,-20.0,107.0
-2.0,16.0,-20.0,107.0
2.0,16.0,-20.0,294.0
4.0,16.0,-20.0,294.0
6.0,16.0,-20.0,294.0
8.0,16.0,-20.0,294.0
10.0,16.0,-20.0,228.0
12.0,16.0,-20.0,228.0
14.0,16.0,-20.0,228.0
16.0,16.0,-20.0,143.0
18.0,16.0,-20.0,143.0
20.0,16.0,-20.0,143.0
22.0,16.0,-20.0,143.0
24.0,16.0,-20.0,143.0
26.0,16.0,-20.0,536.0
28.0,16.0,-20.0,536.0
30.0,16.0,-20.0,536.0
32.0,16.0,-20.0,429.0
40.0,16.0,-20.0,429.0
42.0,16.0,-20.0,429.0
44.0,16.0,-20.0,429.0
46.0,16.0,-20.0,429.0
48.0,16.0,-20.0,429.0
50.0,16.0,-20.0,429.0
52.0,16.0,-20.0,207.0
54.0,16.0,-20.0,207.0
-54.0,18.0,-20.0,67.0
-52.0,18.0,-20.0,67.0
-50.0,18.0,-20.0,67.0
-48.0,18.0,-20.0,67.0
-46.0,18.0,-20.0,67.0
-44.0,18.0,-20.0,57.0
-30.0,18.0,-20.0,174.0
-28.0,18.0,-20.0,310.0
-26.0,18.0,-20.0,310.0
-24.0,18.0,-20.0,310.0
-22.0,18.0,-20.0,310.0
-20.0,18.0,-20.0,310.0
-18.0,18.0,-20.0,310.0
-16.0,18.0,-20.0,310.0
-14.0,18.0,-20.0,107.0
-12.0,18.0,-20.0,107.0
-10.0,18.0,-20.0,107.0
-8.0,18.0,-20.0,107.0
-6.0,18.0,-20.0,107.0
-4.0,18.0,-20.0,107.0
-2.0,18.0,-20.0,107.0
0.0,18.0,-20.0,107.0
2.0,18.0,-20.0,560.0
4.0,18.0,-20.0,560.0
6.0,18.0,-20.0,560.0
8.0,18.0,-20.0,560.0
10.0,18.0,-20.0,228.0
12.0,18.0,-20.0,228.0
14.0,18.0,-20.0,228.0
16.0,18.0,-20.0,228.0
18.0,18.0,-20.0,109.0
20.0,18.0,-20.0,109.0
22.0,18.0,-20.0,109.0
24.0,18.0,-20.0,109.0
26.0,18.0,-20.0,109.0
28.0,18.0,-20.0,536.0
30.0,18.0,-20.0,429.0
32.0,18.0,-20.0,429.0
34.0,18.0,-20.0,429.0
36.0,18.0,-20.0,429.0
42.0,18.0,-20.0,429.0
44.0,18.0,-20.0,429.0
46.0,18.0,-20.0,429.0
48.0,18.0,-20.0,429.0
50.0,18.0,-20.0,429.0
52.0,18.0,-20.0,207.0
-54.0,20.0,-20.0,67.0
-52.0,20.0,-20.0,67.0
-50.0,20.0,-20.0,67.0
-48.0,20.0,-20.0,67.0
-46.0,20.0,-20.0,67.0
-44.0,20.0,-20.0,67.0
-32.0,20.0,-20.0,174.0
-30.0,20.0,-20.0,174.0
-28.0,20.0,-20.0,310.0
-26.0,20.0,-20.0,310.0
-24.0,20.0,-20.0,310.0
-22.0,20.0,-20.0,310.0
-20.0,20.0,-20.0,310.0
-18.0,20.0,-20.0,310.0
-16.0,20.0,-20.0,310.0
-14.0,20.0,-20.0,310.0
-12.0,20.0,-20.0,107.0
-10.0,20.0,-20.0,107.0
-8.0,20.0,-20.0,107.0
-6.0,20.0,-20.0,107.0
-4.0,20.0,-20.0,107.0
-2.0,20.0,-20.0,107.0
0.0,20.0,-20.0,479.0
2.0,20.0,-20.0,479.0
4.0,20.0,-20.0,560.0
6.0,20.0,-20.0,560.0
8.0,20.0,-20.0,228.0
10.0,20.0,-20.0,228.0
12.0,20.0,-20.0,228.0
14.0,20.0,-20.0,228.0
16.0,20.0,-20.0,109.0
18.0,20.0,-20.0,109.0
20.0,20.0,-20.0,109.0
22.0,20.0,-20.0,109.0
24.0,20.0,-20.0,109.0
26.0,20.0,-20.0,109.0
28.0,20.0,-20.0,109.0
30.0,20.0,-20.0,429.0
32.0,20.0,-20.0,429.0
34.0,20.0,-20.0,429.0
36.0,20.0,-20.0,429.0
38.0,20.0,-20.0,429.0
42.0,20.0,-20.0,429.0
44.0,20.0,-20.0,429.0
46.0,20.0,-20.0,429.0
48.0,20.0,-20.0,429.0
50.0,20.0,-20.0,429.0
52.0,20.0,-20.0,429.0
-52.0,22.0,-20.0,67.0
-50.0,22.0,-20.0,67.0
-48.0,22.0,-20.0,67.0
-46.0,22.0,-20.0,67.0
-44.0,22.0,-20.0,67.0
-34.0,22.0,-20.0,53.0
-32.0,22.0,-20.0,53.0
-30.0,22.0,-20.0,310.0
-28.0,22.0,-20.0,310.0
-26.0,22.0,-20.0,310.0
-24.0,22.0,-20.0,310.0
-22.0,22.0,-20.0,310.0
-20.0,22.0,-20.0,310.0
-18.0,22.0,-20.0,310.0
-16.0,22.0,-20.0,310.0
-14.0,22.0,-20.0,310.0
-12.0,22.0,-20.0,107.0
-10.0,22.0,-20.0,107.0
-8.0,22.0,-20.0,107.0
-6.0,22.0,-20.0,107.0
-4.0,22.0,-20.0,107.0
-2.0,22.0,-20.0,479.0
0.0,22.0,-20.0,479.0
2.0,22.0,-20.0,479.0
4.0,22.0,-20.0,479.0
6.0,22.0,-20.0,228.0
8.0,22.0,-20.0,228.0
10.0,22.0,-20.0,228.0
12.0,22.0,-20.0,228.0
14.0,22.0,-20.0,109.0
16.0,22.0,-20.0,109.0
18.0,22.0,-20.0,109.0
20.0,22.0,-20.0,109.0
22.0,22.0,-20.0,109.0
24.0,22.0,-20.0,109.0
26.0,22.0,-20.0,109.0
28.0,22.0,-20.0,109.0
30.0,22.0,-20.0,429.0
32.0,22.0,-20.0,429.0
34.0,22.0,-20.0,429.0
36.0,22.0,-20.0,429.0
38.0,22.0,-20.0,429.0
40.0,22.0,-20.0,429.0
44.0,22.0,-20.0,429.0
46.0,22.0,-20.0,429.0
48.0,22.0,-20.0,429.0
50.0,22.0,-20.0,429.0
-50.0,24.0,-20.0,67.0
-48.0,24.0,-20.0,67.0
-46.0,24.0,-20.0,67.0
-36.0,24.0,-20.0,53.0
-34.0,24.0,-20.0,53.0
-32.0,24.0,-20.0,53.0
-30.0,24.0,-20.0,53.0
-28.0,24.0,-20.0,310.0
-26.0,24.0,-20.0,310.0
-24.0,24.0,-20.0,310.0
-22.0,24.0,-20.0,310.0
-20.0,24.0,-20.0,310.0
-18.0,24.0,-20.0,310.0
-16.0,24.0,-20.0,310.0
-14.0,24.0,-20.0,597.0
-12.0,24.0,-20.0,597.0
-10.0,24.0,-20.0,597.0
-8.0,24.0,-20.0,107.0
-6.0,24.0,-20.0,107.0
-4.0,24.0,-20.0,479.0
-2.0,24.0,-20.0,479.0
0.0,24.0,-20.0,479.0
2.0,24.0,-20.0,479.0
4.0,24.0,-20.0,479.0
6.0,24.0,-20.0,479.0
8.0,24.0,-20.0,228.0
10.0,24.0,-20.0,228.0
12.0,24.0,-20.0,109.0
14.0,24.0,-20.0,109.0
16.0,24.0,-20.0,109.0
18.0,24.0,-20.0,109.0
20.0,24.0,-20.0,109.0
22.0,24.0,-20.0,109.0
24.0,24.0,-20.0,109.0
26.0,24.0,-20.0,109.0
28.0,24.0,-20.0,109.0
30.0,24.0,-20.0,16.0
32.0,24.0,-20.0,16.0
34.0,24.0,-20.0,429.0
36.0,24.0,-20.0,429.0
38.0,24.0,-20.0,429.0
40.0,24.0,-20.0,429.0
42.0,24.0,-20.0,429.0
-38.0,26.0,-20.0,53.0
-36.0,26.0,-20.0,53.0
-34.0,26.0,-20.0,53.0
-32.0,26.0,-20.0,53.0
-30.0,26.0,-20.0,53.0
-28.0,26.0,-20.0,310.0
-26.0,26.0,-20.0,310.0
-24.0,26.0,-20.0,310.0
-22.0,26.0,-20.0,310.0
-20.0,26.0,-20.0,310.0
-18.0,26.0,-20.0,597.0
-16.0,26.0,-20.0,597.0
-14.0,26.0,-20.0,597.0
-12.0,26.0,-20.0,597.0
-10.0,26.0,-20.0,597.0
-8.0,26.0,-20.0,597.0
-6.0,26.0,-20.0,479.0
-4.0,26.0,-20.0,479.0
-2.0,26.0,-20.0,479.0
0.0,26.0,-20.0,479.0
2.0,26.0,-20.0,479.0
4.0,26.0,-20.0,479.0
6.0,26.0,-20.0,479.0
8.0,26.0,-20.0,479.0
10.0,26.0,-20.0,109.0
12.0,26.0,-20.0,109.0
14.0,26.0,-20.0,109.0
16.0,26.0,-20.0,109.0
18.0,26.0,-20.0,109.0
20.0,26.0,-20.0,109.0
22.0,26.0,-20.0,109.0
24.0,26.0,-20.0,109.0
26.0,26.0,-20.0,109.0
28.0,26.0,-20.0,16.0
30.0,26.0,-20.0,16.0
32.0,26.0,-20.0,596.0
34.0,26.0,-20.0,596.0
36.0,26.0,-20.0,596.0
38.0,26.0,-20.0,429.0
40.0,26.0,-20.0,429.0
42.0,26.0,-20.0,429.0
-40.0,28.0,-20.0,53.0
-38.0,28.0,-20.0,53.0
-36.0,28.0,-20.0,53.0
-34.0,28.0,-20.0,53.0
-32.0,28.0,-20.0,53.0
-30.0,28.0,-20.0,53.0
-28.0,28.0,-20.0,53.0
-26.0,28.0,-20.0,310.0
-24.0,28.0,-20.0,310.0
-22.0,28.0,-20.0,310.0
-20.0,28.0,-20.0,597.0
-18.0,28.0,-20.0,597.0
-16.0,28.0,-20.0,597.0
-14.0,28.0,-20.0,597.0
-12.0,28.0,-20.0,597.0
-10.0,28.0,-20.0,597.0
-8.0,28.0,-20.0,597.0
-6.0,28.0,-20.0,479.0
-4.0,28.0,-20.0,479.0
-2.0,28.0,-20.0,479.0
0.0,28.0,-20.0,479.0
2.0,28.0,-20.0,479.0
4.0,28.0,-20.0,479.0
6.0,28.0,-20.0,479.0
8.0,28.0,-20.0,479.0
10.0,28.0,-20.0,252.0
12.0,28.0,-20.0,109.0
14.0,28.0,-20.0,109.0
16.0,28.0,-20.0,109.0
18.0,28.0,-20.0,109.0
20.0,28.0,-20.0,109.0
22.0,28.0,-20.0,109.0
24.0,28.0,-20.0,109.0
26.0,28.0,-20.0,16.0
28.0,28.0,-20.0,16.0
30.0,28.0,-20.0,16.0
32.0,28.0,-20.0,596.0
34.0,28.0,-20.0,596.0
36.0,28.0,-20.0,596.0
38.0,28.0,-20.0,596.0
40.0,28.0,-20.0,596.0
42.0,28.0,-20.0,429.0
-42.0,30.0,-20.0,53.0
-40.0,30.0,-20.0,53.0
-38.0,30.0,-20.0,53.0
-36.0,30.0,-20.0,53.0
-34.0,30.0,-20.0,53.0
-32.0,30.0,-20.0,53.0
-30.0,30.0,-20.0,53.0
-28.0,30.0,-20.0,53.0
-26.0,30.0,-20.0,310.0
-24.0,30.0,-20.0,597.0
-22.0,30.0,-20.0,597.0
-20.0,30.0,-20.0,597.0
-18.0,30.0,-20.0,597.0
-16.0,30.0,-20.0,597.0
-14.0,30.0,-20.0,597.0
-12.0,30.0,-20.0,597.0
-10.0,30.0,-20.0,484.0
-8.0,30.0,-20.0,484.0
-6.0,30.0,-20.0,484.0
-4.0,30.0,-20.0,479.0
-2.0,30.0,-20.0,479.0
0.0,30.0,-20.0,479.0
2.0,30.0,-20.0,479.0
4.0,30.0,-20.0,479.0
6.0,30.0,-20.0,479.0
8.0,30.0,-20.0,252.0
10.0,30.0,-20.0,252.0
12.0,30.0,-20.0,252.0
14.0,30.0,-20.0,252.0
16.0,30.0,-20.0,109.0
18.0,30.0,-20.0,109.0
20.0,30.0,-20.0,109.0
22.0,30.0,-20.0,109.0
24.0,30.0,-20.0,109.0
26.0,30.0,-20.0,16.0
28.0,30.0,-20.0,16.0
30.0,30.0,-20.0,596.0
32.0,30.0,-20.0,596.0
34.0,30.0,-20.0,596.0
36.0,30.0,-20.0,596.0
38.0,30.0,-20.0,596.0
40.0,30.0,-20.0,596.0
42.0,30.0,-20.0,596.0
-42.0,32.0,-20.0,53.0
-40.0,32.0,-20.0,53.0
-38.0,32.0,-20.0,53.0
-36.0,32.0,-20.0,53.0
-34.0,32.0,-20.0,53.0
-32.0,32.0,-20.0,110.0
-30.0,32.0,-20.0,110.0
-28.0,32.0,-20.0,110.0
-26.0,32.0,-20.0,110.0
-24.0,32.0,-20.0,597.0
-22.0,32.0,-20.0,597.0
-20.0,32.0,-20.0,597.0
-18.0,32.0,-20.0,597.0
-16.0,32.0,-20.0,597.0
-14.0,32.0,-20.0,597.0
-12.0,32.0,-20.0,484.0
-10.0,32.0,-20.0,484.0
-8.0,32.0,-20.0,484.0
-6.0,32.0,-20.0,484.0
-4.0,32.0,-20.0,479.0
-2.0,32.0,-20.0,479.0
0.0,32.0,-20.0,479.0
2.0,32.0,-20.0,479.0
4.0,32.0,-20.0,479.0
6.0,32.0,-20.0,252.0
8.0,32.0,-20.0,252.0
10.0,32.0,-20.0,252.0
12.0,32.0,-20.0,252.0
14.0,32.0,-20.0,252.0
16.0,32.0,-20.0,252.0
18.0,32.0,-20.0,252.0
20.0,32.0,-20.0,109.0
22.0,32.0,-20.0,109.0
24.0,32.0,-20.0,16.0
26.0,32.0,-20.0,16.0
28.0,32.0,-20.0,16.0
30.0,32.0,-20.0,596.0
32.0,32.0,-20.0,596.0
34.0,32.0,-20.0,596.0
36.0,32.0,-20.0,596.0
38.0,32.0,-20.0,596.0
40.0,32.0,-20.0,596.0
42.0,32.0,-20.0,596.0
44.0,32.0,-20.0,596.0
-44.0,34.0,-20.0,475.0
-42.0,34.0,-20.0,53.0
-40.0,34.0,-20.0,53.0
-38.0,34.0,-20.0,53.0
-36.0,34.0,-20.0,110.0
-34.0,34.0,-20.0,110.0
-32.0,34.0,-20.0,110.0
-30.0,34.0,-20.0,110.0
-28.0,34.0,-20.0,110.0
-26.0,34.0,-20.0,110.0
-24.0,34.0,-20.0,110.0
-22.0,34.0,-20.0,597.0
-20.0,34.0,-20.0,597.0
-18.0,34.0,-20.0,597.0
-16.0,34.0,-20.0,484.0
-14.0,34.0,-20.0,484.0
-12.0,34.0,-20.0,484.0
-10.0,34.0,-20.0,484.0
-8.0,34.0,-20.0,484.0
-6.0,34.0,-20.0,484.0
-4.0,34.0,-20.0,484.0
-2.0,34.0,-20.0,479.0
0.0,34.0,-20.0,479.0
2.0,34.0,-20.0,479.0
4.0,34.0,-20.0,252.0
6.0,34.0,-20.0,252.0
8.0,34.0,-20.0,252.0
10.0,34.0,-20.0,252.0
12.0,34.0,-20.0,252.0
14.0,34.0,-20.0,252.0
16.0,34.0,-20.0,252.0
18.0,34.0,-20.0,252.0
20.0,34.0,-20.0,252.0
22.0,34.0,-20.0,252.0
24.0,34.0,-20.0,16.0
26.0,34.0,-20.0,16.0
28.0,34.0,-20.0,596.0
30.0,34.0,-20.0,596.0
32.0,34.0,-20.0,596.0
34.0,34.0,-20.0,596.0
36.0,34.0,-20.0,596.0
38.0,34.0,-20.0,596.0
40.0,34.0,-20.0,596.0
42.0,34.0,-20.0,596.0
44.0,34.0,-20.0,596.0
-46.0,36.0,-20.0,475.0
-44.0,36.0,-20.0,245.0
-42.0,36.0,-20.0,245.0
-40.0,36.0,-20.0,110.0
-38.0,36.0,-20.0,110.0
-36.0,36.0,-20.0,110.0
-34.0,36.0,-20.0,110.0
-32.0,36.0,-20.0,110.0
-30.0,36.0,-20.0,110.0
-28.0,36.0,-20.0,110.0
-26.0,36.0,-20.0,110.0
-24.0,36.0,-20.0,110.0
-22.0,36.0,-20.0,597.0
-20.0,36.0,-20.0,298.0
-18.0,36.0,-20.0,298.0
-16.0,36.0,-20.0,298.0
-14.0,36.0,-20.0,298.0
-12.0,36.0,-20.0,298.0
-10.0,36.0,-20.0,298.0
-8.0,36.0,-20.0,298.0
-6.0,36.0,-20.0,298.0
-4.0,36.0,-20.0,298.0
-2.0,36.0,-20.0,502.0
0.0,36.0,-20.0,479.0
2.0,36.0,-20.0,252.0
4.0,36.0,-20.0,252.0
6.0,36.0,-20.0,252.0
8.0,36.0,-20.0,252.0
10.0,36.0,-20.0,252.0
12.0,36.0,-20.0,252.0
14.0,36.0,-20.0,252.0
18.0,36.0,-20.0,252.0
20.0,36.0,-20.0,252.0
22.0,36.0,-20.0,252.0
24.0,36.0,-20.0,16.0
26.0,36.0,-20.0,16.0
28.0,36.0,-20.0,596.0
30.0,36.0,-20.0,596.0
32.0,36.0,-20.0,596.0
34.0,36.0,-20.0,596.0
36.0,36.0,-20.0,596.0
38.0,36.0,-20.0,596.0
40.0,36.0,-20.0,596.0
42.0,36.0,-20.0,596.0
44.0,36.0,-20.0,120.0
46.0,36.0,-20.0,383.0
-46.0,38.0,-20.0,245.0
-44.0,38.0,-20.0,245.0
-42.0,38.0,-20.0,245.0
-40.0,38.0,-20.0,110.0
-30.0,38.0,-20.0,110.0
-28.0,38.0,-20.0,110.0
-26.0,38.0,-20.0,110.0
-24.0,38.0,-20.0,110.0
-22.0,38.0,-20.0,588.0
-20.0,38.0,-20.0,298.0
-18.0,38.0,-20.0,298.0
-16.0,38.0,-20.0,298.0
-14.0,38.0,-20.0,298.0
-12.0,38.0,-20.0,298.0
-10.0,38.0,-20.0,298.0
-8.0,38.0,-20.0,298.0
-6.0,38.0,-20.0,298.0
-4.0,38.0,-20.0,502.0
-2.0,38.0,-20.0,502.0
0.0,38.0,-20.0,502.0
2.0,38.0,-20.0,502.0
4.0,38.0,-20.0,252.0
6.0,38.0,-20.0,252.0
8.0,38.0,-20.0,252.0
10.0,38.0,-20.0,252.0
12.0,38.0,-20.0,252.0
14.0,38.0,-20.0,252.0
18.0,38.0,-20.0,252.0
20.0,38.0,-20.0,252.0
22.0,38.0,-20.0,252.0
24.0,38.0,-20.0,412.0
26.0,38.0,-20.0,412.0
28.0,38.0,-20.0,412.0
30.0,38.0,-20.0,412.0
38.0,38.0,-20.0,412.0
40.0,38.0,-20.0,412.0
42.0,38.0,-20.0,120.0
44.0,38.0,-20.0,120.0
46.0,38.0,-20.0,120.0
-46.0,40.0,-20.0,245.0
-44.0,40.0,-20.0,245.0
-42.0,40.0,-20.0,245.0
-40.0,40.0,-20.0,110.0
-30.0,40.0,-20.0,110.0
-28.0,40.0,-20.0,110.0
-26.0,40.0,-20.0,110.0
-24.0,40.0,-20.0,110.0
-22.0,40.0,-20.0,588.0
-20.0,40.0,-20.0,588.0
-18.0,40.0,-20.0,588.0
-16.0,40.0,-20.0,298.0
-14.0,40.0,-20.0,298.0
-12.0,40.0,-20.0,298.0
-10.0,40.0,-20.0,298.0
-8.0,40.0,-20.0,298.0
-6.0,40.0,-20.0,502.0
-4.0,40.0,-20.0,502.0
-2.0,40.0,-20.0,502.0
0.0,40.0,-20.0,502.0
2.0,40.0,-20.0,502.0
4.0,40.0,-20.0,252.0
6.0,40.0,-20.0,252.0
8.0,40.0,-20.0,252.0
10.0,40.0,-20.0,252.0
12.0,40.0,-20.0,252.0
14.0,40.0,-20.0,252.0
18.0,40.0,-20.0,252.0
20.0,40.0,-20.0,252.0
22.0,40.0,-20.0,252.0
24.0,40.0,-20.0,412.0
26.0,40.0,-20.0,412.0
28.0,40.0,-20.0,412.0
38.0,40.0,-20.0,412.0
40.0,40.0,-20.0,412.0
42.0,40.0,-20.0,120.0
44.0,40.0,-20.0,120.0
46.0,40.0,-20.0,120.0
-46.0,42.0,-20.0,245.0
-44.0,42.0,-20.0,245.0
-42.0,42.0,-20.0,245.0
-40.0,42.0,-20.0,110.0
-28.0,42.0,-20.0,110.0
-26.0,42.0,-20.0,110.0
-24.0,42.0,-20.0,110.0
-22.0,42.0,-20.0,588.0
-20.0,42.0,-20.0,588.0
-18.0,42.0,-20.0,588.0
-16.0,42.0,-20.0,588.0
-14.0,42.0,-20.0,588.0
-12.0,42.0,-20.0,588.0
-10.0,42.0,-20.0,298.0
-8.0,42.0,-20.0,502.0
-6.0,42.0,-20.0,502.0
-4.0,42.0,-20.0,502.0
-2.0,42.0,-20.0,502.0
0.0,42.0,-20.0,502.0
2.0,42.0,-20.0,502.0
4.0,42.0,-20.0,252.0
6.0,42.0,-20.0,252.0
8.0,42.0,-20.0,252.0
10.0,42.0,-20.0,252.0
12.0,42.0,-20.0,252.0
14.0,42.0,-20.0,252.0
16.0,42.0,-20.0,252.0
18.0,42.0,-20.0,252.0
20.0,42.0,-20.0,252.0
22.0,42.0,-20.0,412.0
24.0,42.0,-20.0,412.0
26.0,42.0,-20.0,412.0
42.0,42.0,-20.0,120.0
44.0,42.0,-20.0,120.0
-44.0,44.0,-20.0,15.0
-42.0,44.0,-20.0,245.0
-22.0,44.0,-20.0,588.0
-20.0,44.0,-20.0,588.0
-18.0,44.0,-20.0,588.0
-16.0,44.0,-20.0,588.0
-14.0,44.0,-20.0,588.0
-12.0,44.0,-20.0,588.0
-10.0,44.0,-20.0,588.0
-8.0,44.0,-20.0,502.0
-6.0,44.0,-20.0,502.0
-4.0,44.0,-20.0,502.0
-2.0,44.0,-20.0,502.0
0.0,44.0,-20.0,502.0
2.0,44.0,-20.0,502.0
4.0,44.0,-20.0,502.0
6.0,44.0,-20.0,252.0
8.0,44.0,-20.0,252.0
10.0,44.0,-20.0,252.0
12.0,44.0,-20.0,252.0
14.0,44.0,-20.0,252.0
16.0,44.0,-20.0,252.0
18.0,44.0,-20.0,252.0
20.0,44.0,-20.0,252.0
22.0,44.0,-20.0,412.0
24.0,44.0,-20.0,412.0
-20.0,46.0,-20.0,588.0
-18.0,46.0,-20.0,588.0
-16.0,46.0,-20.0,588.0
-14.0,46.0,-20.0,588.0
-12.0,46.0,-20.0,588.0
-10.0,46.0,-20.0,588.0
-8.0,46.0,-20.0,502.0
-6.0,46.0,-20.0,502.0
-4.0,46.0,-20.0,502.0
-2.0,46.0,-20.0,502.0
0.0,46.0,-20.0,502.0
2.0,46.0,-20.0,502.0
4.0,46.0,-20.0,502.0
6.0,46.0,-20.0,252.0
8.0,46.0,-20.0,252.0
10.0,46.0,-20.0,252.0
12.0,46.0,-20.0,252.0
14.0,46.0,-20.0,252.0
16.0,46.0,-20.0,252.0
18.0,46.0,-20.0,252.0
20.0,46.0,-20.0,252.0
22.0,46.0,-20.0,412.0
-20.0,48.0,-20.0,509.0
-18.0,48.0,-20.0,509.0
-16.0,48.0,-20.0,509.0
-14.0,48.0,-20.0,509.0
-10.0,48.0,-20.0,509.0
-8.0,48.0,-20.0,509.0
-6.0,48.0,-20.0,502.0
-4.0,48.0,-20.0,502.0
-2.0,48.0,-20.0,502.0
0.0,48.0,-20.0,502.0
2.0,48.0,-20.0,502.0
4.0,48.0,-20.0,334.0
6.0,48.0,-20.0,334.0
8.0,48.0,-20.0,334.0
10.0,48.0,-20.0,334.0
14.0,48.0,-20.0,334.0
16.0,48.0,-20.0,334.0
18.0,48.0,-20.0,334.0
20.0,48.0,-20.0,334.0
-20.0,50.0,-20.0,509.0
-18.0,50.0,-20.0,509.0
-16.0,50.0,-20.0,509.0
-14.0,50.0,-20.0,509.0
-10.0,50.0,-20.0,509.0
-8.0,50.0,-20.0,509.0
-6.0,50.0,-20.0,509.0
-4.0,50.0,-20.0,502.0
-2.0,50.0,-20.0,502.0
0.0,50.0,-20.0,502.0
2.0,50.0,-20.0,334.0
4.0,50.0,-20.0,334.0
6.0,50.0,-20.0,334.0
8.0,50.0,-20.0,334.0
10.0,50.0,-20.0,334.0
14.0,50.0,-20.0,334.0
16.0,50.0,-20.0,334.0
18.0,50.0,-20.0,334.0
20.0,50.0,-20.0,334.0
-20.0,52.0,-20.0,509.0
-18.0,52.0,-20.0,509.0
-16.0,52.0,-20.0,509.0
-14.0,52.0,-20.0,509.0
-12.0,52.0,-20.0,509.0
-10.0,52.0,-20.0,509.0
-8.0,52.0,-20.0,509.0
-6.0,52.0,-20.0,509.0
-4.0,52.0,-20.0,509.0
-2.0,52.0,-20.0,224.0
0.0,52.0,-20.0,224.0
2.0,52.0,-20.0,224.0
4.0,52.0,-20.0,334.0
6.0,52.0,-20.0,334.0
8.0,52.0,-20.0,334.0
10.0,52.0,-20.0,334.0
12.0,52.0,-20.0,334.0
14.0,52.0,-20.0,334.0
16.0,52.0,-20.0,334.0
18.0,52.0,-20.0,334.0
-18.0,54.0,-20.0,509.0
-16.0,54.0,-20.0,509.0
-14.0,54.0,-20.0,509.0
-12.0,54.0,-20.0,509.0
-10.0,54.0,-20.0,509.0
-8.0,54.0,-20.0,509.0
-6.0,54.0,-20.0,509.0
-4.0,54.0,-20.0,509.0
-2.0,54.0,-20.0,224.0
0.0,54.0,-20.0,224.0
2.0,54.0,-20.0,224.0
4.0,54.0,-20.0,224.0
6.0,54.0,-20.0,334.0
8.0,54.0,-20.0,334.0
10.0,54.0,-20.0,334.0
12.0,54.0,-20.0,334.0
14.0,54.0,-20.0,334.0
16.0,54.0,-20.0,334.0
18.0,54.0,-20.0,334.0
-18.0,56.0,-20.0,509.0
-16.0,56.0,-20.0,509.0
-14.0,56.0,-20.0,509.0
-12.0,56.0,-20.0,509.0
-10.0,56.0,-20.0,509.0
-8.0,56.0,-20.0,509.0
-6.0,56.0,-20.0,509.0
-4.0,56.0,-20.0,224.0
-2.0,56.0,-20.0,224.0
0.0,56.0,-20.0,224.0
2.0,56.0,-20.0,224.0
4.0,56.0,-20.0,224.0
6.0,56.0,-20.0,334.0
8.0,56.0,-20.0,334.0
10.0,56.0,-20.0,334.0
12.0,56.0,-20.0,334.0
14.0,56.0,-20.0,334.0
16.0,56.0,-20.0,334.0
-18.0,58.0,-20.0,509.0
-16.0,58.0,-20.0,509.0
-14.0,58.0,-20.0,509.0
-12.0,58.0,-20.0,509.0
-10.0,58.0,-20.0,509.0
-8.0,58.0,-20.0,509.0
-6.0,58.0,-20.0,509.0
-4.0,58.0,-20.0,224.0
-2.0,58.0,-20.0,224.0
2.0,58.0,-20.0,224.0
4.0,58.0,-20.0,224.0
6.0,58.0,-20.0,224.0
8.0,58.0,-20.0,334.0
10.0,58.0,-20.0,334.0
12.0,58.0,-20.0,334.0
14.0,58.0,-20.0,334.0
16.0,58.0,-20.0,334.0
-18.0,60.0,-20.0,509.0
-16.0,60.0,-20.0,509.0
-14.0,60.0,-20.0,509.0
-12.0,60.0,-20.0,509.0
-10.0,60.0,-20.0,509.0
-8.0,60.0,-20.0,509.0
-6.0,60.0,-20.0,224.0
-4.0,60.0,-20.0,224.0
-2.0,60.0,-20.0,224.0
2.0,60.0,-20.0,224.0
4.0,60.0,-20.0,224.0
6.0,60.0,-20.0,224.0
8.0,60.0,-20.0,224.0
10.0,60.0,-20.0,334.0
12.0,60.0,-20.0,334.0
14.0,60.0,-20.0,334.0
16.0,60.0,-20.0,334.0
-18.0,62.0,-20.0,509.0
-16.0,62.0,-20.0,509.0
-14.0,62.0,-20.0,509.0
-12.0,62.0,-20.0,509.0
-10.0,62.0,-20.0,509.0
-8.0,62.0,-20.0,509.0
-6.0,62.0,-20.0,224.0
-4.0,62.0,-20.0,224.0
-2.0,62.0,-20.0,224.0
0.0,62.0,-20.0,224.0
2.0,62.0,-20.0,224.0
4.0,62.0,-20.0,224.0
6.0,62.0,-20.0,224.0
8.0,62.0,-20.0,224.0
10.0,62.0,-20.0,334.0
12.0,62.0,-20.0,334.0
14.0,62.0,-20.0,334.0
-16.0,64.0,-20.0,559.0
-14.0,64.0,-20.0,509.0
-12.0,64.0,-20.0,509.0
-10.0,64.0,-20.0,509.0
-8.0,64.0,-20.0,224.0
-6.0,64.0,-20.0,224.0
-4.0,64.0,-20.0,224.0
-2.0,64.0,-20.0,224.0
2.0,64.0,-20.0,224.0
4.0,64.0,-20.0,224.0
6.0,64.0,-20.0,224.0
8.0,64.0,-20.0,224.0
10.0,64.0,-20.0,224.0
12.0,64.0,-20.0,334.0
-12.0,66.0,-20.0,559.0
-10.0,66.0,-20.0,559.0
-8.0,66.0,-20.0,224.0
-6.0,66.0,-20.0,224.0
6.0,66.0,-20.0,224.0
8.0,66.0,-20.0,224.0
10.0,-100.0,-18.0,127.0
12.0,-100.0,-18.0,127.0
14.0,-100.0,-18.0,127.0
16.0,-100.0,-18.0,127.0
18.0,-100.0,-18.0,275.0
20.0,-100.0,-18.0,275.0
8.0,-98.0,-18.0,127.0
10.0,-98.0,-18.0,127.0
12.0,-98.0,-18.0,127.0
14.0,-98.0,-18.0,127.0
16.0,-98.0,-18.0,127.0
18.0,-98.0,-18.0,127.0
20.0,-98.0,-18.0,275.0
22.0,-98.0,-18.0,275.0
24.0,-98.0,-18.0,275.0
26.0,-98.0,-18.0,275.0
-26.0,-96.0,-18.0,192.0
-24.0,-96.0,-18.0,192.0
-22.0,-96.0,-18.0,192.0
-20.0,-96.0,-18.0,192.0
-18.0,-96.0,-18.0,489.0
6.0,-96.0,-18.0,127.0
8.0,-96.0,-18.0,127.0
10.0,-96.0,-18.0,127.0
12.0,-96.0,-18.0,127.0
14.0,-96.0,-18.0,127.0
16.0,-96.0,-18.0,127.0
18.0,-96.0,-18.0,127.0
20.0,-96.0,-18.0,275.0
22.0,-96.0,-18.0,275.0
24.0,-96.0,-18.0,275.0
26.0,-96.0,-18.0,275.0
28.0,-96.0,-18.0,275.0
-32.0,-94.0,-18.0,192.0
-30.0,-94.0,-18.0,192.0
-28.0,-94.0,-18.0,192.0
-26.0,-94.0,-18.0,192.0
-24.0,-94.0,-18.0,192.0
-22.0,-94.0,-18.0,192.0
-20.0,-94.0,-18.0,192.0
-18.0,-94.0,-18.0,192.0
-16.0,-94.0,-18.0,489.0
6.0,-94.0,-18.0,127.0
8.0,-94.0,-18.0,127.0
10.0,-94.0,-18.0,127.0
12.0,-94.0,-18.0,127.0
14.0,-94.0,-18.0,127.0
16.0,-94.0,-18.0,127.0
18.0,-94.0,-18.0,127.0
20.0,-94.0,-18.0,275.0
22.0,-94.0,-18.0,275.0
24.0,-94.0,-18.0,275.0
26.0,-94.0,-18.0,275.0
28.0,-94.0,-18.0,275.0
30.0,-94.0,-18.0,275.0
32.0,-94.0,-18.0,275.0
-34.0,-92.0,-18.0,545.0
-32.0,-92.0,-18.0,192.0
-30.0,-92.0,-18.0,192.0
-28.0,-92.0,-18.0,192.0
-26.0,-92.0,-18.0,192.0
-24.0,-92.0,-18.0,192.0
-22.0,-92.0,-18.0,192.0
-20.0,-92.0,-18.0,192.0
-18.0,-92.0,-18.0,192.0
-16.0,-92.0,-18.0,489.0
-14.0,-92.0,-18.0,489.0
-8.0,-92.0,-18.0,489.0
-6.0,-92.0,-18.0,489.0
4.0,-92.0,-18.0,127.0
6.0,-92.0,-18.0,127.0
8.0,-92.0,-18.0,127.0
10.0,-92.0,-18.0,127.0
12.0,-92.0,-18.0,127.0
14.0,-92.0,-18.0,127.0
16.0,-92.0,-18.0,127.0
18.0,-92.0,-18.0,567.0
20.0,-92.0,-18.0,567.0
22.0,-92.0,-18.0,327.0
24.0,-92.0,-18.0,327.0
26.0,-92.0,-18.0,275.0
28.0,-92.0,-18.0,275.0
30.0,-92.0,-18.0,275.0
32.0,-92.0,-18.0,275.0
34.0,-92.0,-18.0,275.0
36.0,-92.0,-18.0,275.0
-38.0,-90.0,-18.0,545.0
-36.0,-90.0,-18.0,545.0
-34.0,-90.0,-18.0,545.0
-32.0,-90.0,-18.0,192.0
-30.0,-90.0,-18.0,192.0
-28.0,-90.0,-18.0,192.0
-26.0,-90.0,-18.0,192.0
-24.0,-90.0,-18.0,192.0
-22.0,-90.0,-18.0,192.0
-20.0,-90.0,-18.0,192.0
-18.0,-90.0,-18.0,192.0
-16.0,-90.0,-18.0,489.0
-14.0,-90.0,-18.0,489.0
-12.0,-90.0,-18.0,489.0
-10.0,-90.0,-18.0,489.0
-8.0,-90.0,-18.0,489.0
-6.0,-90.0,-18.0,489.0
-4.0,-90.0,-18.0,489.0
2.0,-90.0,-18.0,127.0
4.0,-90.0,-18.0,127.0
6.0,-90.0,-18.0,127.0
8.0,-90.0,-18.0,127.0
10.0,-90.0,-18.0,127.0
12.0,-90.0,-18.0,127.0
14.0,-90.0,-18.0,127.0
16.0,-90.0,-18.0,567.0
18.0,-90.0,-18.0,567.0
20.0,-90.0,-18.0,567.0
22.0,-90.0,-18.0,327.0
24.0,-90.0,-18.0,327.0
26.0,-90.0,-18.0,327.0
28.0,-90.0,-18.0,327.0
30.0,-90.0,-18.0,327.0
32.0,-90.0,-18.0,327.0
34.0,-90.0,-18.0,327.0
36.0,-90.0,-18.0,546.0
38.0,-90.0,-18.0,546.0
-40.0,-88.0,-18.0,36.0
-38.0,-88.0,-18.0,545.0
-36.0,-88.0,-18.0,545.0
-34.0,-88.0,-18.0,545.0
-32.0,-88.0,-18.0,192.0
-30.0,-88.0,-18.0,192.0
-28.0,-88.0,-18.0,192.0
-26.0,-88.0,-18.0,192.0
-24.0,-88.0,-18.0,192.0
-22.0,-88.0,-18.0,192.0
-20.0,-88.0,-18.0,192.0
-18.0,-88.0,-18.0,192.0
-16.0,-88.0,-18.0,489.0
-14.0,-88.0,-18.0,489.0
-12.0,-88.0,-18.0,489.0
-10.0,-88.0,-18.0,489.0
-8.0,-88.0,-18.0,489.0
-6.0,-88.0,-18.0,489.0
-4.0,-88.0,-18.0,489.0
-2.0,-88.0,-18.0,127.0
2.0,-88.0,-18.0,127.0
4.0,-88.0,-18.0,127.0
6.0,-88.0,-18.0,127.0
8.0,-88.0,-18.0,127.0
10.0,-88.0,-18.0,127.0
12.0,-88.0,-18.0,127.0
14.0,-88.0,-18.0,567.0
16.0,-88.0,-18.0,567.0
18.0,-88.0,-18.0,567.0
20.0,-88.0,-18.0,567.0
22.0,-88.0,-18.0,327.0
24.0,-88.0,-18.0,327.0
26.0,-88.0,-18.0,327.0
28.0,-88.0,-18.0,327.0
30.0,-88.0,-18.0,327.0
32.0,-88.0,-18.0,327.0
34.0,-88.0,-18.0,546.0
36.0,-88.0,-18.0,546.0
38.0,-88.0,-18.0,546.0
40.0,-88.0,-18.0,546.0
-42.0,-86.0,-18.0,36.0
-40.0,-86.0,-18.0,36.0
-38.0,-86.0,-18.0,36.0
-36.0,-86.0,-18.0,545.0
-34.0,-86.0,-18.0,545.0
-32.0,-86.0,-18.0,192.0
-30.0,-86.0,-18.0,192.0
-28.0,-86.0,-18.0,192.0
-26.0,-86.0,-18.0,192.0
-24.0,-86.0,-18.0,192.0
-22.0,-86.0,-18.0,192.0
-20.0,-86.0,-18.0,568.0
-18.0,-86.0,-18.0,568.0
-16.0,-86.0,-18.0,568.0
-14.0,-86.0,-18.0,568.0
-12.0,-86.0,-18.0,489.0
-10.0,-86.0,-18.0,489.0
-8.0,-86.0,-18.0,489.0
-6.0,-86.0,-18.0,489.0
-4.0,-86.0,-18.0,489.0
-2.0,-86.0,-18.0,127.0
2.0,-86.0,-18.0,127.0
4.0,-86.0,-18.0,127.0
6.0,-86.0,-18.0,127.0
8.0,-86.0,-18.0,127.0
10.0,-86.0,-18.0,127.0
12.0,-86.0,-18.0,567.0
14.0,-86.0,-18.0,567.0
16.0,-86.0,-18.0,567.0
18.0,-86.0,-18.0,567.0
20.0,-86.0,-18.0,567.0
22.0,-86.0,-18.0,327.0
24.0,-86.0,-18.0,327.0
26.0,-86.0,-18.0,327.0
28.0,-86.0,-18.0,327.0
30.0,-86.0,-18.0,327.0
32.0,-86.0,-18.0,327.0
34.0,-86.0,-18.0,546.0
36.0,-86.0,-18.0,546.0
38.0,-86.0,-18.0,546.0
40.0,-86.0,-18.0,546.0
42.0,-86.0,-18.0,546.0
-44.0,-84.0,-18.0,36.0
-42.0,-84.0,-18.0,36.0
-40.0,-84.0,-18.0,36.0
-38.0,-84.0,-18.0,36.0
-36.0,-84.0,-18.0,36.0
-34.0,-84.0,-18.0,545.0
-32.0,-84.0,-18.0,192.0
-30.0,-84.0,-18.0,192.0
-28.0,-84.0,-18.0,192.0
-26.0,-84.0,-18.0,192.0
-24.0,-84.0,-18.0,568.0
-22.0,-84.0,-18.0,568.0
-20.0,-84.0,-18.0,568.0
-18.0,-84.0,-18.0,568.0
-16.0,-84.0,-18.0,568.0
-14.0,-84.0,-18.0,568.0
-12.0,-84.0,-18.0,568.0
-10.0,-84.0,-18.0,568.0
-8.0,-84.0,-18.0,489.0
-6.0,-84.0,-18.0,489.0
-4.0,-84.0,-18.0,489.0
2.0,-84.0,-18.0,127.0
4.0,-84.0,-18.0,127.0
6.0,-84.0,-18.0,127.0
8.0,-84.0,-18.0,127.0
10.0,-84.0,-18.0,567.0
12.0,-84.0,-18.0,567.0
14.0,-84.0,-18.0,567.0
16.0,-84.0,-18.0,567.0
18.0,-84.0,-18.0,567.0
20.0,-84.0,-18.0,567.0
22.0,-84.0,-18.0,327.0
24.0,-84.0,-18.0,327.0
26.0,-84.0,-18.0,327.0
28.0,-84.0,-18.0,327.0
30.0,-84.0,-18.0,327.0
32.0,-84.0,-18.0,327.0
34.0,-84.0,-18.0,546.0
36.0,-84.0,-18.0,546.0
38.0,-84.0,-18.0,546.0
40.0,-84.0,-18.0,546.0
42.0,-84.0,-18.0,546.0
44.0,-84.0,-18.0,546.0
-46.0,-82.0,-18.0,36.0
-44.0,-82.0,-18.0,36.0
-42.0,-82.0,-18.0,36.0
-40.0,-82.0,-18.0,36.0
-38.0,-82.0,-18.0,36.0
-36.0,-82.0,-18.0,36.0
-34.0,-82.0,-18.0,36.0
-32.0,-82.0,-18.0,287.0
-30.0,-82.0,-18.0,287.0
-28.0,-82.0,-18.0,568.0
-26.0,-82.0,-18.0,568.0
-24.0,-82.0,-18.0,568.0
-22.0,-82.0,-18.0,568.0
-20.0,-82.0,-18.0,568.0
-18.0,-82.0,-18.0,568.0
-16.0,-82.0,-18.0,568.0
-14.0,-82.0,-18.0,568.0
-12.0,-82.0,-18.0,568.0
-10.0,-82.0,-18.0,568.0
-8.0,-82.0,-18.0,568.0
-6.0,-82.0,-18.0,64.0
4.0,-82.0,-18.0,127.0
6.0,-82.0,-18.0,127.0
8.0,-82.0,-18.0,567.0
10.0,-82.0,-18.0,567.0
12.0,-82.0,-18.0,567.0
14.0,-82.0,-18.0,567.0
16.0,-82.0,-18.0,567.0
18.0,-82.0,-18.0,567.0
20.0,-82.0,-18.0,567.0
22.0,-82.0,-18.0,327.0
24.0,-82.0,-18.0,327.0
26.0,-82.0,-18.0,327.0
28.0,-82.0,-18.0,327.0
30.0,-82.0,-18.0,327.0
32.0,-82.0,-18.0,327.0
34.0,-82.0,-18.0,546.0
36.0,-82.0,-18.0,546.0
38.0,-82.0,-18.0,546.0
40.0,-82.0,-18.0,546.0
42.0,-82.0,-18.0,546.0
44.0,-82.0,-18.0,106.0
46.0,-82.0,-18.0,277.0
-48.0,-80.0,-18.0,2.0
-46.0,-80.0,-18.0,2.0
-44.0,-80.0,-18.0,36.0
-42.0,-80.0,-18.0,36.0
-40.0,-80.0,-18.0,36.0
-38.0,-80.0,-18.0,36.0
-36.0,-80.0,-18.0,36.0
-34.0,-80.0,-18.0,36.0
-32.0,-80.0,-18.0,444.0
-30.0,-80.0,-18.0,287.0
-28.0,-80.0,-18.0,568.0
-26.0,-80.0,-18.0,568.0
-24.0,-80.0,-18.0,568.0
-22.0,-80.0,-18.0,568.0
-20.0,-80.0,-18.0,568.0
-18.0,-80.0,-18.0,568.0
-16.0,-80.0,-18.0,568.0
-14.0,-80.0,-18.0,568.0
-12.0,-80.0,-18.0,568.0
-10.0,-80.0,-18.0,568.0
6.0,-80.0,-18.0,567.0
8.0,-80.0,-18.0,567.0
10.0,-80.0,-18.0,567.0
12.0,-80.0,-18.0,567.0
14.0,-80.0,-18.0,567.0
16.0,-80.0,-18.0,567.0
18.0,-80.0,-18.0,567.0
20.0,-80.0,-18.0,567.0
22.0,-80.0,-18.0,327.0
24.0,-80.0,-18.0,327.0
26.0,-80.0,-18.0,327.0
28.0,-80.0,-18.0,327.0
30.0,-80.0,-18.0,327.0
32.0,-80.0,-18.0,327.0
34.0,-80.0,-18.0,546.0
36.0,-80.0,-18.0,546.0
38.0,-80.0,-18.0,546.0
40.0,-80.0,-18.0,106.0
42.0,-80.0,-18.0,106.0
44.0,-80.0,-18.0,106.0
46.0,-80.0,-18.0,277.0
-48.0,-78.0,-18.0,2.0
-46.0,-78.0,-18.0,2.0
-44.0,-78.0,-18.0,2.0
-42.0,-78.0,-18.0,36.0
-40.0,-78.0,-18.0,36.0
-38.0,-78.0,-18.0,36.0
-36.0,-78.0,-18.0,36.0
-34.0,-78.0,-18.0,444.0
-30.0,-78.0,-18.0,444.0
-28.0,-78.0,-18.0,444.0
-26.0,-78.0,-18.0,568.0
-24.0,-78.0,-18.0,568.0
-22.0,-78.0,-18.0,568.0
-20.0,-78.0,-18.0,568.0
-18.0,-78.0,-18.0,568.0
-16.0,-78.0,-18.0,568.0
-14.0,-78.0,-18.0,568.0
12.0,-78.0,-18.0,567.0
14.0,-78.0,-18.0,567.0
16.0,-78.0,-18.0,567.0
18.0,-78.0,-18.0,567.0
20.0,-78.0,-18.0,567.0
22.0,-78.0,-18.0,327.0
24.0,-78.0,-18.0,327.0
26.0,-78.0,-18.0,327.0
28.0,-78.0,-18.0,327.0
30.0,-78.0,-18.0,327.0
32.0,-78.0,-18.0,546.0
34.0,-78.0,-18.0,546.0
36.0,-78.0,-18.0,106.0
38.0,-78.0,-18.0,106.0
40.0,-78.0,-18.0,106.0
42.0,-78.0,-18.0,106.0
44.0,-78.0,-18.0,106.0
46.0,-78.0,-18.0,277.0
-46.0,-76.0,-18.0,2.0
-44.0,-76.0,-18.0,2.0
-42.0,-76.0,-18.0,36.0
-40.0,-76.0,-18.0,36.0
-38.0,-76.0,-18.0,36.0
-36.0,-76.0,-18.0,36.0
-34.0,-76.0,-18.0,444.0
-32.0,-76.0,-18.0,444.0
-28.0,-76.0,-18.0,444.0
-26.0,-76.0,-18.0,444.0
-24.0,-76.0,-18.0,568.0
-22.0,-76.0,-18.0,568.0
-20.0,-76.0,-18.0,568.0
-18.0,-76.0,-18.0,568.0
-16.0,-76.0,-18.0,568.0
14.0,-76.0,-18.0,567.0
16.0,-76.0,-18.0,567.0
18.0,-76.0,-18.0,567.0
20.0,-76.0,-18.0,567.0
22.0,-76.0,-18.0,327.0
24.0,-76.0,-18.0,327.0
26.0,-76.0,-18.0,327.0
28.0,-76.0,-18.0,327.0
30.0,-76.0,-18.0,327.0
32.0,-76.0,-18.0,106.0
34.0,-76.0,-18.0,106.0
36.0,-76.0,-18.0,106.0
38.0,-76.0,-18.0,106.0
40.0,-76.0,-18.0,106.0
42.0,-76.0,-18.0,106.0
44.0,-76.0,-18.0,277.0
46.0,-76.0,-18.0,277.0
48.0,-76.0,-18.0,277.0
-44.0,-74.0,-18.0,2.0
-42.0,-74.0,-18.0,2.0
-40.0,-74.0,-18.0,36.0
-38.0,-74.0,-18.0,36.0
-36.0,-74.0,-18.0,444.0
-34.0,-74.0,-18.0,444.0
-32.0,-74.0,-18.0,444.0
-28.0,-74.0,-18.0,444.0
-26.0,-74.0,-18.0,444.0
-24.0,-74.0,-18.0,444.0
-22.0,-74.0,-18.0,568.0
20.0,-74.0,-18.0,431.0
22.0,-74.0,-18.0,431.0
24.0,-74.0,-18.0,327.0
26.0,-74.0,-18.0,327.0
28.0,-74.0,-18.0,327.0
30.0,-74.0,-18.0,327.0
32.0,-74.0,-18.0,106.0
36.0,-74.0,-18.0,106.0
38.0,-74.0,-18.0,106.0
40.0,-74.0,-18.0,106.0
42.0,-74.0,-18.0,106.0
44.0,-74.0,-18.0,277.0
46.0,-74.0,-18.0,277.0
48.0,-74.0,-18.0,277.0
50.0,-74.0,-18.0,277.0
-50.0,-72.0,-18.0,2.0
-44.0,-72.0,-18.0,2.0
-42.0,-72.0,-18.0,2.0
-40.0,-72.0,-18.0,2.0
-38.0,-72.0,-18.0,36.0
-36.0,-72.0,-18.0,444.0
-34.0,-72.0,-18.0,444.0
-32.0,-72.0,-18.0,444.0
-30.0,-72.0,-18.0,444.0
-28.0,-72.0,-18.0,444.0
-26.0,-72.0,-18.0,444.0
-24.0,-72.0,-18.0,579.0
22.0,-72.0,-18.0,431.0
24.0,-72.0,-18.0,431.0
26.0,-72.0,-18.0,357.0
28.0,-72.0,-18.0,357.0
30.0,-72.0,-18.0,476.0
32.0,-72.0,-18.0,476.0
36.0,-72.0,-18.0,476.0
38.0,-72.0,-18.0,476.0
40.0,-72.0,-18.0,476.0
42.0,-72.0,-18.0,476.0
44.0,-72.0,-18.0,277.0
46.0,-72.0,-18.0,350.0
48.0,-72.0,-18.0,350.0
50.0,-72.0,-18.0,350.0
52.0,-72.0,-18.0,350.0
-52.0,-70.0,-18.0,2.0
-50.0,-70.0,-18.0,2.0
-48.0,-70.0,-18.0,2.0
-46.0,-70.0,-18.0,2.0
-44.0,-70.0,-18.0,2.0
-42.0,-70.0,-18.0,2.0
-40.0,-70.0,-18.0,2.0
-38.0,-70.0,-18.0,444.0
-36.0,-70.0,-18.0,444.0
-34.0,-70.0,-18.0,444.0
-32.0,-70.0,-18.0,444.0
-30.0,-70.0,-18.0,444.0
-28.0,-70.0,-18.0,444.0
-26.0,-70.0,-18.0,444.0
24.0,-70.0,-18.0,431.0
26.0,-70.0,-18.0,357.0
28.0,-70.0,-18.0,357.0
30.0,-70.0,-18.0,476.0
32.0,-70.0,-18.0,476.0
36.0,-70.0,-18.0,476.0
38.0,-70.0,-18.0,476.0
40.0,-70.0,-18.0,476.0
42.0,-70.0,-18.0,476.0
44.0,-70.0,-18.0,476.0
46.0,-70.0,-18.0,350.0
48.0,-70.0,-18.0,350.0
50.0,-70.0,-18.0,350.0
52.0,-70.0,-18.0,350.0
54.0,-70.0,-18.0,350.0
-54.0,-68.0,-18.0,2.0
-52.0,-68.0,-18.0,2.0
-50.0,-68.0,-18.0,2.0
-48.0,-68.0,-18.0,2.0
-46.0,-68.0,-18.0,2.0
-44.0,-68.0,-18.0,2.0
-42.0,-68.0,-18.0,2.0
-40.0,-68.0,-18.0,2.0
-38.0,-68.0,-18.0,444.0
-36.0,-68.0,-18.0,444.0
-34.0,-68.0,-18.0,444.0
-32.0,-68.0,-18.0,444.0
-28.0,-68.0,-18.0,444.0
26.0,-68.0,-18.0,357.0
28.0,-68.0,-18.0,357.0
30.0,-68.0,-18.0,476.0
32.0,-68.0,-18.0,476.0
36.0,-68.0,-18.0,476.0
38.0,-68.0,-18.0,476.0
40.0,-68.0,-18.0,476.0
42.0,-68.0,-18.0,476.0
44.0,-68.0,-18.0,476.0
46.0,-68.0,-18.0,350.0
48.0,-68.0,-18.0,350.0
50.0,-68.0,-18.0,350.0
52.0,-68.0,-18.0,350.0
54.0,-68.0,-18.0,350.0
56.0,-68.0,-18.0,350.0
-56.0,-66.0,-18.0,2.0
-54.0,-66.0,-18.0,2.0
-52.0,-66.0,-18.0,2.0
-50.0,-66.0,-18.0,2.0
-48.0,-66.0,-18.0,2.0
-46.0,-66.0,-18.0,2.0
-44.0,-66.0,-18.0,2.0
-42.0,-66.0,-18.0,2.0
-40.0,-66.0,-18.0,2.0
-38.0,-66.0,-18.0,444.0
-36.0,-66.0,-18.0,444.0
-34.0,-66.0,-18.0,444.0
-32.0,-66.0,-18.0,444.0
26.0,-66.0,-18.0,357.0
28.0,-66.0,-18.0,476.0
30.0,-66.0,-18.0,476.0
32.0,-66.0,-18.0,476.0
36.0,-66.0,-18.0,476.0
38.0,-66.0,-18.0,476.0
40.0,-66.0,-18.0,476.0
42.0,-66.0,-18.0,476.0
44.0,-66.0,-18.0,476.0
46.0,-66.0,-18.0,350.0
48.0,-66.0,-18.0,350.0
50.0,-66.0,-18.0,350.0
52.0,-66.0,-18.0,350.0
54.0,-66.0,-18.0,350.0
56.0,-66.0,-18.0,350.0
-58.0,-64.0,-18.0,2.0
-56.0,-64.0,-18.0,2.0
-54.0,-64.0,-18.0,2.0
-52.0,-64.0,-18.0,2.0
-50.0,-64.0,-18.0,2.0
-48.0,-64.0,-18.0,2.0
-46.0,-64.0,-18.0,2.0
-44.0,-64.0,-18.0,2.0
-42.0,-64.0,-18.0,2.0
-40.0,-64.0,-18.0,2.0
-38.0,-64.0,-18.0,444.0
-36.0,-64.0,-18.0,444.0
-34.0,-64.0,-18.0,444.0
-32.0,-64.0,-18.0,178.0
26.0,-64.0,-18.0,451.0
28.0,-64.0,-18.0,476.0
30.0,-64.0,-18.0,476.0
32.0,-64.0,-18.0,476.0
34.0,-64.0,-18.0,476.0
36.0,-64.0,-18.0,476.0
38.0,-64.0,-18.0,476.0
40.0,-64.0,-18.0,476.0
42.0,-64.0,-18.0,476.0
44.0,-64.0,-18.0,476.0
46.0,-64.0,-18.0,350.0
48.0,-64.0,-18.0,350.0
50.0,-64.0,-18.0,350.0
52.0,-64.0,-18.0,350.0
54.0,-64.0,-18.0,350.0
56.0,-64.0,-18.0,350.0
-58.0,-62.0,-18.0,459.0
-56.0,-62.0,-18.0,459.0
-54.0,-62.0,-18.0,459.0
-52.0,-62.0,-18.0,459.0
-50.0,-62.0,-18.0,459.0
-48.0,-62.0,-18.0,2.0
-46.0,-62.0,-18.0,2.0
-44.0,-62.0,-18.0,2.0
-42.0,-62.0,-18.0,2.0
-40.0,-62.0,-18.0,2.0
-38.0,-62.0,-18.0,178.0
-36.0,-62.0,-18.0,178.0
-34.0,-62.0,-18.0,178.0
-32.0,-62.0,-18.0,178.0
28.0,-62.0,-18.0,451.0
30.0,-62.0,-18.0,476.0
32.0,-62.0,-18.0,476.0
34.0,-62.0,-18.0,476.0
36.0,-62.0,-18.0,476.0
38.0,-62.0,-18.0,476.0
40.0,-62.0,-18.0,476.0
42.0,-62.0,-18.0,476.0
44.0,-62.0,-18.0,476.0
46.0,-62.0,-18.0,350.0
48.0,-62.0,-18.0,350.0
50.0,-62.0,-18.0,350.0
52.0,-62.0,-18.0,350.0
54.0,-62.0,-18.0,350.0
56.0,-62.0,-18.0,350.0
58.0,-62.0,-18.0,11.0
-60.0,-60.0,-18.0,459.0
-58.0,-60.0,-18.0,459.0
-56.0,-60.0,-18.0,459.0
-54.0,-60.0,-18.0,459.0
-52.0,-60.0,-18.0,459.0
-50.0,-60.0,-18.0,459.0
-48.0,-60.0,-18.0,459.0
-46.0,-60.0,-18.0,459.0
-44.0,-60.0,-18.0,459.0
-42.0,-60.0,-18.0,459.0
-40.0,-60.0,-18.0,459.0
-38.0,-60.0,-18.0,178.0
-36.0,-60.0,-18.0,178.0
-34.0,-60.0,-18.0,178.0
-32.0,-60.0,-18.0,178.0
-30.0,-60.0,-18.0,178.0
28.0,-60.0,-18.0,451.0
30.0,-60.0,-18.0,476.0
34.0,-60.0,-18.0,476.0
36.0,-60.0,-18.0,476.0
38.0,-60.0,-18.0,476.0
40.0,-60.0,-18.0,476.0
42.0,-60.0,-18.0,476.0
44.0,-60.0,-18.0,476.0
46.0,-60.0,-18.0,476.0
48.0,-60.0,-18.0,350.0
50.0,-60.0,-18.0,350.0
52.0,-60.0,-18.0,350.0
54.0,-60.0,-18.0,350.0
56.0,-60.0,-18.0,11.0
58.0,-60.0,-18.0,11.0
-60.0,-58.0,-18.0,459.0
-58.0,-58.0,-18.0,459.0
-56.0,-58.0,-18.0,459.0
-54.0,-58.0,-18.0,459.0
-52.0,-58.0,-18.0,459.0
-50.0,-58.0,-18.0,459.0
-48.0,-58.0,-18.0,459.0
-46.0,-58.0,-18.0,459.0
-44.0,-58.0,-18.0,459.0
-42.0,-58.0,-18.0,459.0
-40.0,-58.0,-18.0,459.0
-38.0,-58.0,-18.0,459.0
-36.0,-58.0,-18.0,178.0
-34.0,-58.0,-18.0,178.0
-32.0,-58.0,-18.0,178.0
-30.0,-58.0,-18.0,178.0
32.0,-58.0,-18.0,476.0
34.0,-58.0,-18.0,476.0
36.0,-58.0,-18.0,476.0
38.0,-58.0,-18.0,476.0
40.0,-58.0,-18.0,476.0
42.0,-58.0,-18.0,476.0
44.0,-58.0,-18.0,476.0
46.0,-58.0,-18.0,476.0
48.0,-58.0,-18.0,350.0
50.0,-58.0,-18.0,350.0
52.0,-58.0,-18.0,350.0
54.0,-58.0,-18.0,11.0
56.0,-58.0,-18.0,11.0
58.0,-58.0,-18.0,11.0
60.0,-58.0,-18.0,11.0
-62.0,-56.0,-18.0,459.0
-60.0,-56.0,-18.0,459.0
-58.0,-56.0,-18.0,459.0
-56.0,-56.0,-18.0,459.0
-54.0,-56.0,-18.0,459.0
-52.0,-56.0,-18.0,459.0
-50.0,-56.0,-18.0,459.0
-48.0,-56.0,-18.0,459.0
-46.0,-56.0,-18.0,459.0
-44.0,-56.0,-18.0,459.0
-42.0,-56.0,-18.0,459.0
-40.0,-56.0,-18.0,459.0
-38.0,-56.0,-18.0,459.0
-36.0,-56.0,-18.0,178.0
-34.0,-56.0,-18.0,178.0
-32.0,-56.0,-18.0,178.0
-30.0,-56.0,-18.0,178.0
32.0,-56.0,-18.0,316.0
34.0,-56.0,-18.0,316.0
36.0,-56.0,-18.0,316.0
38.0,-56.0,-18.0,316.0
40.0,-56.0,-18.0,316.0
42.0,-56.0,-18.0,316.0
44.0,-56.0,-18.0,316.0
46.0,-56.0,-18.0,316.0
48.0,-56.0,-18.0,316.0
50.0,-56.0,-18.0,350.0
52.0,-56.0,-18.0,11.0
54.0,-56.0,-18.0,11.0
56.0,-56.0,-18.0,11.0
58.0,-56.0,-18.0,11.0
60.0,-56.0,-18.0,11.0
62.0,-56.0,-18.0,11.0
-62.0,-54.0,-18.0,138.0
-60.0,-54.0,-18.0,459.0
-58.0,-54.0,-18.0,459.0
-56.0,-54.0,-18.0,459.0
-54.0,-54.0,-18.0,459.0
-52.0,-54.0,-18.0,459.0
-50.0,-54.0,-18.0,459.0
-48.0,-54.0,-18.0,459.0
-46.0,-54.0,-18.0,459.0
-44.0,-54.0,-18.0,459.0
-42.0,-54.0,-18.0,459.0
-40.0,-54.0,-18.0,459.0
-38.0,-54.0,-18.0,459.0
-36.0,-54.0,-18.0,459.0
-34.0,-54.0,-18.0,178.0
-32.0,-54.0,-18.0,178.0
-30.0,-54.0,-18.0,178.0
30.0,-54.0,-18.0,451.0
32.0,-54.0,-18.0,316.0
34.0,-54.0,-18.0,316.0
36.0,-54.0,-18.0,316.0
38.0,-54.0,-18.0,316.0
40.0,-54.0,-18.0,316.0
42.0,-54.0,-18.0,316.0
44.0,-54.0,-18.0,316.0
46.0,-54.0,-18.0,316.0
48.0,-54.0,-18.0,316.0
50.0,-54.0,-18.0,316.0
52.0,-54.0,-18.0,11.0
54.0,-54.0,-18.0,11.0
56.0,-54.0,-18.0,11.0
58.0,-54.0,-18.0,11.0
60.0,-54.0,-18.0,11.0
62.0,-54.0,-18.0,11.0
-64.0,-52.0,-18.0,138.0
-62.0,-52.0,-18.0,138.0
-60.0,-52.0,-18.0,138.0
-58.0,-52.0,-18.0,459.0
-56.0,-52.0,-18.0,459.0
-54.0,-52.0,-18.0,459.0
-52.0,-52.0,-18.0,459.0
-50.0,-52.0,-18.0,459.0
-48.0,-52.0,-18.0,459.0
-46.0,-52.0,-18.0,459.0
-44.0,-52.0,-18.0,459.0
-42.0,-52.0,-18.0,459.0
-40.0,-52.0,-18.0,459.0
-38.0,-52.0,-18.0,459.0
-36.0,-52.0,-18.0,459.0
-34.0,-52.0,-18.0,178.0
-32.0,-52.0,-18.0,178.0
-30.0,-52.0,-18.0,178.0
-28.0,-52.0,-18.0,579.0
28.0,-52.0,-18.0,451.0
30.0,-52.0,-18.0,451.0
32.0,-52.0,-18.0,316.0
34.0,-52.0,-18.0,316.0
36.0,-52.0,-18.0,316.0
38.0,-52.0,-18.0,316.0
40.0,-52.0,-18.0,316.0
42.0,-52.0,-18.0,316.0
44.0,-52.0,-18.0,316.0
46.0,-52.0,-18.0,316.0
48.0,-52.0,-18.0,336.0
50.0,-52.0,-18.0,336.0
52.0,-52.0,-18.0,336.0
54.0,-52.0,-18.0,11.0
56.0,-52.0,-18.0,11.0
58.0,-52.0,-18.0,11.0
60.0,-52.0,-18.0,11.0
62.0,-52.0,-18.0,11.0
-64.0,-50.0,-18.0,138.0
-62.0,-50.0,-18.0,138.0
-60.0,-50.0,-18.0,138.0
-58.0,-50.0,-18.0,138.0
-56.0,-50.0,-18.0,459.0
-54.0,-50.0,-18.0,459.0
-52.0,-50.0,-18.0,459.0
-50.0,-50.0,-18.0,459.0
-48.0,-50.0,-18.0,459.0
-46.0,-50.0,-18.0,459.0
-44.0,-50.0,-18.0,459.0
-42.0,-50.0,-18.0,459.0
-40.0,-50.0,-18.0,459.0
-38.0,-50.0,-18.0,459.0
-36.0,-50.0,-18.0,459.0
-34.0,-50.0,-18.0,459.0
-32.0,-50.0,-18.0,178.0
-30.0,-50.0,-18.0,547.0
-28.0,-50.0,-18.0,547.0
26.0,-50.0,-18.0,451.0
28.0,-50.0,-18.0,451.0
30.0,-50.0,-18.0,451.0
32.0,-50.0,-18.0,316.0
34.0,-50.0,-18.0,316.0
36.0,-50.0,-18.0,316.0
38.0,-50.0,-18.0,316.0
40.0,-50.0,-18.0,316.0
42.0,-50.0,-18.0,316.0
44.0,-50.0,-18.0,316.0
46.0,-50.0,-18.0,336.0
48.0,-50.0,-18.0,336.0
50.0,-50.0,-18.0,336.0
52.0,-50.0,-18.0,336.0
54.0,-50.0,-18.0,11.0
56.0,-50.0,-18.0,11.0
58.0,-50.0,-18.0,11.0
60.0,-50.0,-18.0,11.0
62.0,-50.0,-18.0,11.0
64.0,-50.0,-18.0,11.0
-64.0,-48.0,-18.0,535.0
-62.0,-48.0,-18.0,138.0
-60.0,-48.0,-18.0,138.0
-58.0,-48.0,-18.0,138.0
-56.0,-48.0,-18.0,138.0
-54.0,-48.0,-18.0,459.0
-52.0,-48.0,-18.0,459.0
-50.0,-48.0,-18.0,459.0
-48.0,-48.0,-18.0,459.0
-46.0,-48.0,-18.0,459.0
-44.0,-48.0,-18.0,459.0
-42.0,-48.0,-18.0,459.0
-40.0,-48.0,-18.0,459.0
-38.0,-48.0,-18.0,459.0
-36.0,-48.0,-18.0,459.0
-34.0,-48.0,-18.0,459.0
-32.0,-48.0,-18.0,547.0
-30.0,-48.0,-18.0,547.0
-28.0,-48.0,-18.0,547.0
24.0,-48.0,-18.0,451.0
26.0,-48.0,-18.0,451.0
28.0,-48.0,-18.0,451.0
30.0,-48.0,-18.0,451.0
32.0,-48.0,-18.0,316.0
34.0,-48.0,-18.0,316.0
36.0,-48.0,-18.0,316.0
38.0,-48.0,-18.0,316.0
40.0,-48.0,-18.0,316.0
42.0,-48.0,-18.0,336.0
44.0,-48.0,-18.0,336.0
46.0,-48.0,-18.0,336.0
48.0,-48.0,-18.0,336.0
50.0,-48.0,-18.0,336.0
52.0,-48.0,-18.0,336.0
54.0,-48.0,-18.0,336.0
56.0,-48.0,-18.0,11.0
58.0,-48.0,-18.0,11.0
60.0,-48.0,-18.0,11.0
62.0,-48.0,-18.0,11.0
64.0,-48.0,-18.0,11.0
-66.0,-46.0,-18.0,535.0
-64.0,-46.0,-18.0,535.0
-62.0,-46.0,-18.0,138.0
-60.0,-46.0,-18.0,138.0
-58.0,-46.0,-18.0,138.0
-56.0,-46.0,-18.0,138.0
-54.0,-46.0,-18.0,138.0
-52.0,-46.0,-18.0,507.0
-50.0,-46.0,-18.0,507.0
-48.0,-46.0,-18.0,507.0
-46.0,-46.0,-18.0,507.0
-44.0,-46.0,-18.0,507.0
-42.0,-46.0,-18.0,507.0
-40.0,-46.0,-18.0,507.0
-38.0,-46.0,-18.0,507.0
-36.0,-46.0,-18.0,507.0
-34.0,-46.0,-18.0,507.0
-32.0,-46.0,-18.0,507.0
-30.0,-46.0,-18.0,547.0
-28.0,-46.0,-18.0,547.0
-26.0,-46.0,-18.0,371.0
24.0,-46.0,-18.0,451.0
26.0,-46.0,-18.0,451.0
28.0,-46.0,-18.0,451.0
30.0,-46.0,-18.0,273.0
32.0,-46.0,-18.0,273.0
34.0,-46.0,-18.0,273.0
36.0,-46.0,-18.0,273.0
38.0,-46.0,-18.0,273.0
40.0,-46.0,-18.0,273.0
42.0,-46.0,-18.0,336.0
44.0,-46.0,-18.0,336.0
46.0,-46.0,-18.0,336.0
48.0,-46.0,-18.0,336.0
50.0,-46.0,-18.0,336.0
52.0,-46.0,-18.0,336.0
54.0,-46.0,-18.0,336.0
56.0,-46.0,-18.0,336.0
58.0,-46.0,-18.0,11.0
60.0,-46.0,-18.0,11.0
62.0,-46.0,-18.0,11.0
64.0,-46.0,-18.0,11.0
-66.0,-44.0,-18.0,535.0
-64.0,-44.0,-18.0,535.0
-62.0,-44.0,-18.0,138.0
-60.0,-44.0,-18.0,138.0
-58.0,-44.0,-18.0,138.0
-56.0,-44.0,-18.0,138.0
-54.0,-44.0,-18.0,138.0
-52.0,-44.0,-18.0,507.0
-50.0,-44.0,-18.0,507.0
-48.0,-44.0,-18.0,507.0
-46.0,-44.0,-18.0,507.0
-44.0,-44.0,-18.0,507.0
-42.0,-44.0,-18.0,507.0
-40.0,-44.0,-18.0,507.0
-38.0,-44.0,-18.0,507.0
-36.0,-44.0,-18.0,507.0
-34.0,-44.0,-18.0,507.0
-32.0,-44.0,-18.0,507.0
-30.0,-44.0,-18.0,492.0
-28.0,-44.0,-18.0,492.0
-26.0,-44.0,-18.0,371.0
24.0,-44.0,-18.0,451.0
26.0,-44.0,-18.0,451.0
28.0,-44.0,-18.0,273.0
30.0,-44.0,-18.0,273.0
32.0,-44.0,-18.0,273.0
34.0,-44.0,-18.0,273.0
36.0,-44.0,-18.0,273.0
38.0,-44.0,-18.0,273.0
40.0,-44.0,-18.0,273.0
42.0,-44.0,-18.0,336.0
44.0,-44.0,-18.0,336.0
46.0,-44.0,-18.0,336.0
48.0,-44.0,-18.0,336.0
50.0,-44.0,-18.0,336.0
52.0,-44.0,-18.0,336.0
54.0,-44.0,-18.0,336.0
56.0,-44.0,-18.0,336.0
58.0,-44.0,-18.0,269.0
60.0,-44.0,-18.0,11.0
62.0,-44.0,-18.0,11.0
64.0,-44.0,-18.0,11.0
-66.0,-42.0,-18.0,535.0
-64.0,-42.0,-18.0,535.0
-62.0,-42.0,-18.0,535.0
-60.0,-42.0,-18.0,138.0
-58.0,-42.0,-18.0,138.0
-56.0,-42.0,-18.0,138.0
-54.0,-42.0,-18.0,138.0
-52.0,-42.0,-18.0,507.0
-50.0,-42.0,-18.0,507.0
-48.0,-42.0,-18.0,507.0
-46.0,-42.0,-18.0,507.0
-44.0,-42.0,-18.0,507.0
-42.0,-42.0,-18.0,507.0
-40.0,-42.0,-18.0,507.0
-38.0,-42.0,-18.0,507.0
-36.0,-42.0,-18.0,507.0
-34.0,-42.0,-18.0,507.0
-32.0,-42.0,-18.0,492.0
-30.0,-42.0,-18.0,492.0
-28.0,-42.0,-18.0,492.0
-26.0,-42.0,-18.0,492.0
24.0,-42.0,-18.0,451.0
26.0,-42.0,-18.0,273.0
28.0,-42.0,-18.0,273.0
30.0,-42.0,-18.0,273.0
32.0,-42.0,-18.0,273.0
34.0,-42.0,-18.0,273.0
36.0,-42.0,-18.0,273.0
38.0,-42.0,-18.0,273.0
40.0,-42.0,-18.0,273.0
42.0,-42.0,-18.0,273.0
44.0,-42.0,-18.0,336.0
46.0,-42.0,-18.0,336.0
48.0,-42.0,-18.0,336.0
50.0,-42.0,-18.0,336.0
52.0,-42.0,-18.0,269.0
54.0,-42.0,-18.0,269.0
56.0,-42.0,-18.0,269.0
58.0,-42.0,-18.0,269.0
60.0,-42.0,-18.0,269.0
62.0,-42.0,-18.0,269.0
64.0,-42.0,-18.0,11.0
66.0,-42.0,-18.0,11.0
-68.0,-40.0,-18.0,535.0
-66.0,-40.0,-18.0,535.0
-64.0,-40.0,-18.0,535.0
-62.0,-40.0,-18.0,535.0
-60.0,-40.0,-18.0,138.0
-58.0,-40.0,-18.0,138.0
-56.0,-40.0,-18.0,138.0
-54.0,-40.0,-18.0,138.0
-52.0,-40.0,-18.0,507.0
-50.0,-40.0,-18.0,507.0
-48.0,-40.0,-18.0,507.0
-46.0,-40.0,-18.0,507.0
-44.0,-40.0,-18.0,507.0
-42.0,-40.0,-18.0,507.0
-40.0,-40.0,-18.0,507.0
-38.0,-40.0,-18.0,507.0
-36.0,-40.0,-18.0,507.0
-34.0,-40.0,-18.0,492.0
-32.0,-40.0,-18.0,492.0
-30.0,-40.0,-18.0,492.0
-28.0,-40.0,-18.0,492.0
-26.0,-40.0,-18.0,492.0
-24.0,-40.0,-18.0,492.0
24.0,-40.0,-18.0,273.0
26.0,-40.0,-18.0,273.0
28.0,-40.0,-18.0,273.0
30.0,-40.0,-18.0,273.0
32.0,-40.0,-18.0,273.0
34.0,-40.0,-18.0,273.0
36.0,-40.0,-18.0,273.0
38.0,-40.0,-18.0,273.0
40.0,-40.0,-18.0,273.0
42.0,-40.0,-18.0,273.0
44.0,-40.0,-18.0,273.0
46.0,-40.0,-18.0,269.0
48.0,-40.0,-18.0,269.0
50.0,-40.0,-18.0,269.0
52.0,-40.0,-18.0,269.0
54.0,-40.0,-18.0,269.0
56.0,-40.0,-18.0,269.0
58.0,-40.0,-18.0,269.0
60.0,-40.0,-18.0,269.0
62.0,-40.0,-18.0,269.0
64.0,-40.0,-18.0,269.0
66.0,-40.0,-18.0,11.0
-68.0,-38.0,-18.0,535.0
-66.0,-38.0,-18.0,535.0
-64.0,-38.0,-18.0,535.0
-62.0,-38.0,-18.0,535.0
-60.0,-38.0,-18.0,169.0
-58.0,-38.0,-18.0,138.0
-56.0,-38.0,-18.0,138.0
-54.0,-38.0,-18.0,138.0
-52.0,-38.0,-18.0,138.0
-50.0,-38.0,-18.0,507.0
-48.0,-38.0,-18.0,507.0
-46.0,-38.0,-18.0,507.0
-44.0,-38.0,-18.0,507.0
-42.0,-38.0,-18.0,507.0
-40.0,-38.0,-18.0,480.0
-38.0,-38.0,-18.0,480.0
-36.0,-38.0,-18.0,490.0
-34.0,-38.0,-18.0,490.0
-32.0,-38.0,-18.0,492.0
-30.0,-38.0,-18.0,492.0
-28.0,-38.0,-18.0,492.0
-26.0,-38.0,-18.0,492.0
-24.0,-38.0,-18.0,492.0
24.0,-38.0,-18.0,332.0
26.0,-38.0,-18.0,273.0
28.0,-38.0,-18.0,273.0
30.0,-38.0,-18.0,273.0
32.0,-38.0,-18.0,273.0
34.0,-38.0,-18.0,273.0
36.0,-38.0,-18.0,273.0
38.0,-38.0,-18.0,273.0
40.0,-38.0,-18.0,273.0
42.0,-38.0,-18.0,273.0
44.0,-38.0,-18.0,273.0
46.0,-38.0,-18.0,269.0
48.0,-38.0,-18.0,269.0
50.0,-38.0,-18.0,269.0
52.0,-38.0,-18.0,269.0
54.0,-38.0,-18.0,269.0
56.0,-38.0,-18.0,269.0
58.0,-38.0,-18.0,269.0
60.0,-38.0,-18.0,269.0
62.0,-38.0,-18.0,269.0
64.0,-38.0,-18.0,26.0
66.0,-38.0,-18.0,26.0
-68.0,-36.0,-18.0,38.0
-66.0,-36.0,-18.0,38.0
-64.0,-36.0,-18.0,38.0
-62.0,-36.0,-18.0,38.0
-60.0,-36.0,-18.0,38.0
-58.0,-36.0,-18.0,169.0
-56.0,-36.0,-18.0,169.0
-54.0,-36.0,-18.0,169.0
-52.0,-36.0,-18.0,169.0
-50.0,-36.0,-18.0,507.0
-48.0,-36.0,-18.0,480.0
-46.0,-36.0,-18.0,480.0
-44.0,-36.0,-18.0,480.0
-42.0,-36.0,-18.0,480.0
-40.0,-36.0,-18.0,480.0
-38.0,-36.0,-18.0,490.0
-36.0,-36.0,-18.0,490.0
-34.0,-36.0,-18.0,490.0
-32.0,-36.0,-18.0,492.0
-30.0,-36.0,-18.0,492.0
-28.0,-36.0,-18.0,492.0
-26.0,-36.0,-18.0,492.0
-24.0,-36.0,-18.0,492.0
26.0,-36.0,-18.0,332.0
28.0,-36.0,-18.0,273.0
30.0,-36.0,-18.0,273.0
32.0,-36.0,-18.0,273.0
34.0,-36.0,-18.0,273.0
36.0,-36.0,-18.0,273.0
38.0,-36.0,-18.0,273.0
40.0,-36.0,-18.0,273.0
42.0,-36.0,-18.0,273.0
44.0,-36.0,-18.0,526.0
46.0,-36.0,-18.0,526.0
48.0,-36.0,-18.0,269.0
50.0,-36.0,-18.0,269.0
52.0,-36.0,-18.0,269.0
54.0,-36.0,-18.0,269.0
56.0,-36.0,-18.0,269.0
58.0,-36.0,-18.0,269.0
60.0,-36.0,-18.0,269.0
62.0,-36.0,-18.0,26.0
64.0,-36.0,-18.0,26.0
66.0,-36.0,-18.0,26.0
68.0,-36.0,-18.0,26.0
-68.0,-34.0,-18.0,38.0
-66.0,-34.0,-18.0,38.0
-64.0,-34.0,-18.0,38.0
-62.0,-34.0,-18.0,38.0
-60.0,-34.0,-18.0,38.0
-58.0,-34.0,-18.0,38.0
-56.0,-34.0,-18.0,38.0
-54.0,-34.0,-18.0,38.0
-52.0,-34.0,-18.0,169.0
-50.0,-34.0,-18.0,480.0
-48.0,-34.0,-18.0,480.0
-46.0,-34.0,-18.0,480.0
-44.0,-34.0,-18.0,480.0
-42.0,-34.0,-18.0,480.0
-40.0,-34.0,-18.0,490.0
-38.0,-34.0,-18.0,490.0
-36.0,-34.0,-18.0,490.0
-34.0,-34.0,-18.0,490.0
-32.0,-34.0,-18.0,492.0
-30.0,-34.0,-18.0,492.0
-28.0,-34.0,-18.0,492.0
-26.0,-34.0,-18.0,492.0
-24.0,-34.0,-18.0,492.0
-22.0,-34.0,-18.0,492.0
28.0,-34.0,-18.0,332.0
30.0,-34.0,-18.0,273.0
32.0,-34.0,-18.0,273.0
34.0,-34.0,-18.0,273.0
36.0,-34.0,-18.0,273.0
38.0,-34.0,-18.0,273.0
40.0,-34.0,-18.0,273.0
42.0,-34.0,-18.0,526.0
44.0,-34.0,-18.0,526.0
46.0,-34.0,-18.0,526.0
48.0,-34.0,-18.0,526.0
50.0,-34.0,-18.0,269.0
52.0,-34.0,-18.0,269.0
54.0,-34.0,-18.0,269.0
56.0,-34.0,-18.0,269.0
58.0,-34.0,-18.0,436.0
60.0,-34.0,-18.0,436.0
62.0,-34.0,-18.0,26.0
64.0,-34.0,-18.0,26.0
66.0,-34.0,-18.0,26.0
68.0,-34.0,-18.0,26.0
-68.0,-32.0,-18.0,38.0
-66.0,-32.0,-18.0,38.0
-64.0,-32.0,-18.0,38.0
-62.0,-32.0,-18.0,38.0
-60.0,-32.0,-18.0,38.0
-58.0,-32.0,-18.0,38.0
-56.0,-32.0,-18.0,38.0
-54.0,-32.0,-18.0,38.0
-52.0,-32.0,-18.0,38.0
-50.0,-32.0,-18.0,480.0
-48.0,-32.0,-18.0,480.0
-46.0,-32.0,-18.0,480.0
-44.0,-32.0,-18.0,480.0
-42.0,-32.0,-18.0,490.0
-40.0,-32.0,-18.0,490.0
-38.0,-32.0,-18.0,490.0
-36.0,-32.0,-18.0,490.0
-34.0,-32.0,-18.0,490.0
-32.0,-32.0,-18.0,490.0
-30.0,-32.0,-18.0,492.0
-28.0,-32.0,-18.0,492.0
-26.0,-32.0,-18.0,492.0
-24.0,-32.0,-18.0,492.0
-22.0,-32.0,-18.0,492.0
24.0,-32.0,-18.0,332.0
26.0,-32.0,-18.0,332.0
28.0,-32.0,-18.0,332.0
30.0,-32.0,-18.0,332.0
32.0,-32.0,-18.0,273.0
34.0,-32.0,-18.0,273.0
36.0,-32.0,-18.0,273.0
38.0,-32.0,-18.0,273.0
40.0,-32.0,-18.0,526.0
42.0,-32.0,-18.0,526.0
44.0,-32.0,-18.0,526.0
46.0,-32.0,-18.0,526.0
48.0,-32.0,-18.0,526.0
50.0,-32.0,-18.0,526.0
52.0,-32.0,-18.0,269.0
54.0,-32.0,-18.0,436.0
56.0,-32.0,-18.0,436.0
58.0,-32.0,-18.0,436.0
60.0,-32.0,-18.0,436.0
62.0,-32.0,-18.0,26.0
64.0,-32.0,-18.0,26.0
66.0,-32.0,-18.0,26.0
68.0,-32.0,-18.0,26.0
-70.0,-30.0,-18.0,417.0
-68.0,-30.0,-18.0,417.0
-66.0,-30.0,-18.0,417.0
-64.0,-30.0,-18.0,38.0
-62.0,-30.0,-18.0,38.0
-60.0,-30.0,-18.0,38.0
-58.0,-30.0,-18.0,38.0
-56.0,-30.0,-18.0,38.0
-54.0,-30.0,-18.0,38.0
-52.0,-30.0,-18.0,38.0
-50.0,-30.0,-18.0,558.0
-48.0,-30.0,-18.0,480.0
-46.0,-30.0,-18.0,480.0
-44.0,-30.0,-18.0,490.0
-42.0,-30.0,-18.0,490.0
-40.0,-30.0,-18.0,490.0
-38.0,-30.0,-18.0,490.0
-36.0,-30.0,-18.0,490.0
-34.0,-30.0,-18.0,490.0
-32.0,-30.0,-18.0,490.0
-30.0,-30.0,-18.0,492.0
-28.0,-30.0,-18.0,492.0
-26.0,-30.0,-18.0,492.0
-24.0,-30.0,-18.0,492.0
-22.0,-30.0,-18.0,492.0
22.0,-30.0,-18.0,332.0
24.0,-30.0,-18.0,332.0
26.0,-30.0,-18.0,332.0
28.0,-30.0,-18.0,332.0
30.0,-30.0,-18.0,332.0
32.0,-30.0,-18.0,332.0
34.0,-30.0,-18.0,273.0
36.0,-30.0,-18.0,273.0
38.0,-30.0,-18.0,526.0
40.0,-30.0,-18.0,526.0
42.0,-30.0,-18.0,526.0
44.0,-30.0,-18.0,526.0
46.0,-30.0,-18.0,526.0
48.0,-30.0,-18.0,526.0
50.0,-30.0,-18.0,526.0
52.0,-30.0,-18.0,436.0
54.0,-30.0,-18.0,436.0
56.0,-30.0,-18.0,436.0
58.0,-30.0,-18.0,436.0
60.0,-30.0,-18.0,436.0
62.0,-30.0,-18.0,26.0
64.0,-30.0,-18.0,26.0
66.0,-30.0,-18.0,26.0
68.0,-30.0,-18.0,26.0
-70.0,-28.0,-18.0,417.0
-68.0,-28.0,-18.0,417.0
-66.0,-28.0,-18.0,417.0
-64.0,-28.0,-18.0,417.0
-62.0,-28.0,-18.0,417.0
-60.0,-28.0,-18.0,417.0
-58.0,-28.0,-18.0,417.0
-56.0,-28.0,-18.0,38.0
-52.0,-28.0,-18.0,558.0
-50.0,-28.0,-18.0,558.0
-48.0,-28.0,-18.0,558.0
-46.0,-28.0,-18.0,558.0
-44.0,-28.0,-18.0,490.0
-42.0,-28.0,-18.0,490.0
-40.0,-28.0,-18.0,490.0
-38.0,-28.0,-18.0,490.0
-36.0,-28.0,-18.0,490.0
-34.0,-28.0,-18.0,490.0
-32.0,-28.0,-18.0,490.0
-30.0,-28.0,-18.0,490.0
-28.0,-28.0,-18.0,492.0
-26.0,-28.0,-18.0,492.0
-24.0,-28.0,-18.0,492.0
-22.0,-28.0,-18.0,492.0
22.0,-28.0,-18.0,430.0
24.0,-28.0,-18.0,430.0
26.0,-28.0,-18.0,430.0
28.0,-28.0,-18.0,430.0
30.0,-28.0,-18.0,430.0
32.0,-28.0,-18.0,430.0
34.0,-28.0,-18.0,430.0
36.0,-28.0,-18.0,526.0
38.0,-28.0,-18.0,526.0
40.0,-28.0,-18.0,526.0
42.0,-28.0,-18.0,526.0
44.0,-28.0,-18.0,526.0
46.0,-28.0,-18.0,526.0
52.0,-28.0,-18.0,436.0
54.0,-28.0,-18.0,436.0
56.0,-28.0,-18.0,436.0
58.0,-28.0,-18.0,436.0
60.0,-28.0,-18.0,436.0
62.0,-28.0,-18.0,26.0
64.0,-28.0,-18.0,26.0
66.0,-28.0,-18.0,26.0
68.0,-28.0,-18.0,26.0
-70.0,-26.0,-18.0,417.0
-68.0,-26.0,-18.0,417.0
-66.0,-26.0,-18.0,417.0
-64.0,-26.0,-18.0,417.0
-62.0,-26.0,-18.0,417.0
-60.0,-26.0,-18.0,417.0
-58.0,-26.0,-18.0,417.0
-56.0,-26.0,-18.0,417.0
-50.0,-26.0,-18.0,558.0
-48.0,-26.0,-18.0,558.0
-46.0,-26.0,-18.0,558.0
-44.0,-26.0,-18.0,558.0
-42.0,-26.0,-18.0,490.0
-40.0,-26.0,-18.0,490.0
-38.0,-26.0,-18.0,490.0
-36.0,-26.0,-18.0,490.0
-34.0,-26.0,-18.0,490.0
-32.0,-26.0,-18.0,490.0
-30.0,-26.0,-18.0,490.0
-28.0,-26.0,-18.0,492.0
-26.0,-26.0,-18.0,492.0
-24.0,-26.0,-18.0,492.0
20.0,-26.0,-18.0,430.0
22.0,-26.0,-18.0,430.0
24.0,-26.0,-18.0,430.0
26.0,-26.0,-18.0,430.0
28.0,-26.0,-18.0,430.0
30.0,-26.0,-18.0,430.0
32.0,-26.0,-18.0,430.0
34.0,-26.0,-18.0,430.0
36.0,-26.0,-18.0,430.0
38.0,-26.0,-18.0,430.0
40.0,-26.0,-18.0,526.0
42.0,-26.0,-18.0,526.0
44.0,-26.0,-18.0,526.0
46.0,-26.0,-18.0,526.0
52.0,-26.0,-18.0,436.0
54.0,-26.0,-18.0,436.0
56.0,-26.0,-18.0,436.0
58.0,-26.0,-18.0,436.0
60.0,-26.0,-18.0,436.0
62.0,-26.0,-18.0,26.0
64.0,-26.0,-18.0,26.0
66.0,-26.0,-18.0,26.0
68.0,-26.0,-18.0,26.0
-70.0,-24.0,-18.0,417.0
-68.0,-24.0,-18.0,417.0
-66.0,-24.0,-18.0,417.0
-64.0,-24.0,-18.0,417.0
-62.0,-24.0,-18.0,417.0
-60.0,-24.0,-18.0,417.0
-58.0,-24.0,-18.0,417.0
-56.0,-24.0,-18.0,417.0
-54.0,-24.0,-18.0,417.0
-46.0,-24.0,-18.0,558.0
-44.0,-24.0,-18.0,558.0
-42.0,-24.0,-18.0,558.0
-40.0,-24.0,-18.0,490.0
-38.0,-24.0,-18.0,490.0
-36.0,-24.0,-18.0,490.0
-34.0,-24.0,-18.0,490.0
-32.0,-24.0,-18.0,490.0
-30.0,-24.0,-18.0,490.0
-28.0,-24.0,-18.0,492.0
-26.0,-24.0,-18.0,492.0
20.0,-24.0,-18.0,430.0
22.0,-24.0,-18.0,430.0
24.0,-24.0,-18.0,430.0
26.0,-24.0,-18.0,430.0
28.0,-24.0,-18.0,430.0
36.0,-24.0,-18.0,430.0
38.0,-24.0,-18.0,430.0
40.0,-24.0,-18.0,430.0
42.0,-24.0,-18.0,430.0
44.0,-24.0,-18.0,526.0
52.0,-24.0,-18.0,436.0
54.0,-24.0,-18.0,436.0
56.0,-24.0,-18.0,436.0
58.0,-24.0,-18.0,436.0
60.0,-24.0,-18.0,436.0
62.0,-24.0,-18.0,26.0
64.0,-24.0,-18.0,26.0
66.0,-24.0,-18.0,26.0
68.0,-24.0,-18.0,26.0
-70.0,-22.0,-18.0,417.0
-68.0,-22.0,-18.0,417.0
-66.0,-22.0,-18.0,417.0
-64.0,-22.0,-18.0,417.0
-62.0,-22.0,-18.0,417.0
-60.0,-22.0,-18.0,417.0
-58.0,-22.0,-18.0,417.0
-56.0,-22.0,-18.0,417.0
-54.0,-22.0,-18.0,417.0
-44.0,-22.0,-18.0,558.0
-42.0,-22.0,-18.0,558.0
-40.0,-22.0,-18.0,490.0
-38.0,-22.0,-18.0,490.0
-36.0,-22.0,-18.0,490.0
-34.0,-22.0,-18.0,490.0
-32.0,-22.0,-18.0,490.0
-30.0,-22.0,-18.0,490.0
-28.0,-22.0,-18.0,490.0
-26.0,-22.0,-18.0,492.0
-24.0,-22.0,-18.0,492.0
-22.0,-22.0,-18.0,492.0
-20.0,-22.0,-18.0,492.0
20.0,-22.0,-18.0,430.0
22.0,-22.0,-18.0,430.0
24.0,-22.0,-18.0,430.0
26.0,-22.0,-18.0,430.0
28.0,-22.0,-18.0,430.0
30.0,-22.0,-18.0,430.0
32.0,-22.0,-18.0,430.0
34.0,-22.0,-18.0,430.0
36.0,-22.0,-18.0,430.0
38.0,-22.0,-18.0,430.0
40.0,-22.0,-18.0,430.0
42.0,-22.0,-18.0,430.0
52.0,-22.0,-18.0,436.0
54.0,-22.0,-18.0,436.0
56.0,-22.0,-18.0,436.0
58.0,-22.0,-18.0,436.0
60.0,-22.0,-18.0,436.0
62.0,-22.0,-18.0,26.0
64.0,-22.0,-18.0,26.0
66.0,-22.0,-18.0,26.0
68.0,-22.0,-18.0,26.0
-70.0,-20.0,-18.0,417.0
-68.0,-20.0,-18.0,417.0
-66.0,-20.0,-18.0,417.0
-64.0,-20.0,-18.0,417.0
-62.0,-20.0,-18.0,417.0
-60.0,-20.0,-18.0,417.0
-58.0,-20.0,-18.0,417.0
-56.0,-20.0,-18.0,417.0
-54.0,-20.0,-18.0,558.0
-42.0,-20.0,-18.0,558.0
-40.0,-20.0,-18.0,558.0
-38.0,-20.0,-18.0,490.0
-36.0,-20.0,-18.0,490.0
-34.0,-20.0,-18.0,490.0
-32.0,-20.0,-18.0,490.0
-30.0,-20.0,-18.0,490.0
-28.0,-20.0,-18.0,490.0
-26.0,-20.0,-18.0,492.0
-24.0,-20.0,-18.0,492.0
-22.0,-20.0,-18.0,492.0
20.0,-20.0,-18.0,394.0
22.0,-20.0,-18.0,430.0
24.0,-20.0,-18.0,430.0
26.0,-20.0,-18.0,430.0
28.0,-20.0,-18.0,430.0
30.0,-20.0,-18.0,430.0
32.0,-20.0,-18.0,430.0
34.0,-20.0,-18.0,430.0
36.0,-20.0,-18.0,430.0
38.0,-20.0,-18.0,430.0
40.0,-20.0,-18.0,430.0
50.0,-20.0,-18.0,436.0
52.0,-20.0,-18.0,436.0
54.0,-20.0,-18.0,436.0
56.0,-20.0,-18.0,436.0
58.0,-20.0,-18.0,436.0
60.0,-20.0,-18.0,436.0
62.0,-20.0,-18.0,26.0
64.0,-20.0,-18.0,26.0
66.0,-20.0,-18.0,26.0
68.0,-20.0,-18.0,26.0
-70.0,-18.0,-18.0,417.0
-68.0,-18.0,-18.0,417.0
-66.0,-18.0,-18.0,417.0
-64.0,-18.0,-18.0,417.0
-62.0,-18.0,-18.0,417.0
-60.0,-18.0,-18.0,417.0
-58.0,-18.0,-18.0,417.0
-56.0,-18.0,-18.0,417.0
-54.0,-18.0,-18.0,558.0
-42.0,-18.0,-18.0,558.0
-40.0,-18.0,-18.0,558.0
-38.0,-18.0,-18.0,558.0
-36.0,-18.0,-18.0,490.0
-34.0,-18.0,-18.0,490.0
-32.0,-18.0,-18.0,490.0
-30.0,-18.0,-18.0,490.0
-28.0,-18.0,-18.0,490.0
-26.0,-18.0,-18.0,506.0
-24.0,-18.0,-18.0,136.0
-22.0,-18.0,-18.0,136.0
20.0,-18.0,-18.0,394.0
22.0,-18.0,-18.0,96.0
24.0,-18.0,-18.0,430.0
26.0,-18.0,-18.0,430.0
28.0,-18.0,-18.0,430.0
30.0,-18.0,-18.0,430.0
32.0,-18.0,-18.0,430.0
34.0,-18.0,-18.0,430.0
36.0,-18.0,-18.0,430.0
38.0,-18.0,-18.0,430.0
50.0,-18.0,-18.0,463.0
52.0,-18.0,-18.0,463.0
54.0,-18.0,-18.0,436.0
56.0,-18.0,-18.0,436.0
58.0,-18.0,-18.0,436.0
60.0,-18.0,-18.0,436.0
62.0,-18.0,-18.0,26.0
64.0,-18.0,-18.0,26.0
66.0,-18.0,-18.0,26.0
68.0,-18.0,-18.0,26.0
-70.0,-16.0,-18.0,417.0
-68.0,-16.0,-18.0,417.0
-66.0,-16.0,-18.0,417.0
-64.0,-16.0,-18.0,417.0
-62.0,-16.0,-18.0,417.0
-60.0,-16.0,-18.0,417.0
-58.0,-16.0,-18.0,417.0
-56.0,-16.0,-18.0,417.0
-54.0,-16.0,-18.0,558.0
-40.0,-16.0,-18.0,558.0
-38.0,-16.0,-18.0,558.0
-36.0,-16.0,-18.0,506.0
-34.0,-16.0,-18.0,506.0
-32.0,-16.0,-18.0,506.0
-30.0,-16.0,-18.0,506.0
-28.0,-16.0,-18.0,506.0
-26.0,-16.0,-18.0,506.0
-24.0,-16.0,-18.0,136.0
-22.0,-16.0,-18.0,136.0
20.0,-16.0,-18.0,394.0
22.0,-16.0,-18.0,96.0
24.0,-16.0,-18.0,96.0
26.0,-16.0,-18.0,96.0
28.0,-16.0,-18.0,430.0
30.0,-16.0,-18.0,430.0
32.0,-16.0,-18.0,430.0
34.0,-16.0,-18.0,430.0
36.0,-16.0,-18.0,430.0
38.0,-16.0,-18.0,430.0
50.0,-16.0,-18.0,463.0
52.0,-16.0,-18.0,463.0
54.0,-16.0,-18.0,463.0
56.0,-16.0,-18.0,463.0
58.0,-16.0,-18.0,436.0
60.0,-16.0,-18.0,436.0
62.0,-16.0,-18.0,26.0
64.0,-16.0,-18.0,26.0
66.0,-16.0,-18.0,26.0
68.0,-16.0,-18.0,26.0
-68.0,-14.0,-18.0,417.0
-66.0,-14.0,-18.0,417.0
-64.0,-14.0,-18.0,417.0
-62.0,-14.0,-18.0,417.0
-60.0,-14.0,-18.0,417.0
-58.0,-14.0,-18.0,417.0
-56.0,-14.0,-18.0,417.0
-54.0,-14.0,-18.0,558.0
-38.0,-14.0,-18.0,506.0
-36.0,-14.0,-18.0,506.0
-34.0,-14.0,-18.0,506.0
-32.0,-14.0,-18.0,506.0
-30.0,-14.0,-18.0,506.0
-28.0,-14.0,-18.0,506.0
-26.0,-14.0,-18.0,136.0
-24.0,-14.0,-18.0,136.0
-22.0,-14.0,-18.0,136.0
-20.0,-14.0,-18.0,396.0
18.0,-14.0,-18.0,483.0
20.0,-14.0,-18.0,483.0
22.0,-14.0,-18.0,96.0
24.0,-14.0,-18.0,96.0
26.0,-14.0,-18.0,96.0
28.0,-14.0,-18.0,96.0
30.0,-14.0,-18.0,96.0
32.0,-14.0,-18.0,430.0
34.0,-14.0,-18.0,430.0
36.0,-14.0,-18.0,430.0
38.0,-14.0,-18.0,430.0
50.0,-14.0,-18.0,463.0
52.0,-14.0,-18.0,463.0
54.0,-14.0,-18.0,463.0
56.0,-14.0,-18.0,456.0
58.0,-14.0,-18.0,456.0
60.0,-14.0,-18.0,456.0
62.0,-14.0,-18.0,26.0
64.0,-14.0,-18.0,26.0
66.0,-14.0,-18.0,26.0
68.0,-14.0,-18.0,26.0
-68.0,-12.0,-18.0,417.0
-66.0,-12.0,-18.0,417.0
-64.0,-12.0,-18.0,417.0
-62.0,-12.0,-18.0,417.0
-60.0,-12.0,-18.0,417.0
-58.0,-12.0,-18.0,417.0
-56.0,-12.0,-18.0,115.0
-54.0,-12.0,-18.0,115.0
-52.0,-12.0,-18.0,115.0
-50.0,-12.0,-18.0,558.0
-48.0,-12.0,-18.0,558.0
-38.0,-12.0,-18.0,506.0
-36.0,-12.0,-18.0,506.0
-34.0,-12.0,-18.0,506.0
-32.0,-12.0,-18.0,506.0
-30.0,-12.0,-18.0,506.0
-28.0,-12.0,-18.0,506.0
-26.0,-12.0,-18.0,136.0
-24.0,-12.0,-18.0,136.0
-22.0,-12.0,-18.0,136.0
-20.0,-12.0,-18.0,396.0
18.0,-12.0,-18.0,483.0
20.0,-12.0,-18.0,483.0
22.0,-12.0,-18.0,96.0
24.0,-12.0,-18.0,96.0
26.0,-12.0,-18.0,96.0
28.0,-12.0,-18.0,96.0
30.0,-12.0,-18.0,96.0
32.0,-12.0,-18.0,96.0
34.0,-12.0,-18.0,96.0
36.0,-12.0,-18.0,430.0
48.0,-12.0,-18.0,463.0
50.0,-12.0,-18.0,463.0
52.0,-12.0,-18.0,463.0
54.0,-12.0,-18.0,456.0
56.0,-12.0,-18.0,456.0
58.0,-12.0,-18.0,456.0
60.0,-12.0,-18.0,456.0
62.0,-12.0,-18.0,456.0
64.0,-12.0,-18.0,152.0
66.0,-12.0,-18.0,26.0
68.0,-12.0,-18.0,26.0
-68.0,-10.0,-18.0,397.0
-66.0,-10.0,-18.0,397.0
-64.0,-10.0,-18.0,397.0
-62.0,-10.0,-18.0,397.0
-60.0,-10.0,-18.0,115.0
-58.0,-10.0,-18.0,115.0
-56.0,-10.0,-18.0,115.0
-54.0,-10.0,-18.0,115.0
-52.0,-10.0,-18.0,115.0
-50.0,-10.0,-18.0,115.0
-48.0,-10.0,-18.0,115.0
-36.0,-10.0,-18.0,506.0
-34.0,-10.0,-18.0,506.0
-32.0,-10.0,-18.0,506.0
-30.0,-10.0,-18.0,506.0
-28.0,-10.0,-18.0,136.0
-26.0,-10.0,-18.0,136.0
-24.0,-10.0,-18.0,136.0
-22.0,-10.0,-18.0,136.0
-20.0,-10.0,-18.0,396.0
18.0,-10.0,-18.0,483.0
20.0,-10.0,-18.0,483.0
22.0,-10.0,-18.0,483.0
24.0,-10.0,-18.0,96.0
26.0,-10.0,-18.0,96.0
28.0,-10.0,-18.0,96.0
30.0,-10.0,-18.0,96.0
32.0,-10.0,-18.0,96.0
46.0,-10.0,-18.0,463.0
48.0,-10.0,-18.0,463.0
50.0,-10.0,-18.0,463.0
52.0,-10.0,-18.0,456.0
54.0,-10.0,-18.0,456.0
56.0,-10.0,-18.0,456.0
58.0,-10.0,-18.0,456.0
60.0,-10.0,-18.0,456.0
62.0,-10.0,-18.0,152.0
64.0,-10.0,-18.0,152.0
66.0,-10.0,-18.0,152.0
-68.0,-8.0,-18.0,397.0
-66.0,-8.0,-18.0,397.0
-64.0,-8.0,-18.0,397.0
-62.0,-8.0,-18.0,397.0
-60.0,-8.0,-18.0,397.0
-58.0,-8.0,-18.0,115.0
-56.0,-8.0,-18.0,115.0
-54.0,-8.0,-18.0,115.0
-52.0,-8.0,-18.0,115.0
-50.0,-8.0,-18.0,115.0
-48.0,-8.0,-18.0,115.0
-46.0,-8.0,-18.0,115.0
-36.0,-8.0,-18.0,506.0
-34.0,-8.0,-18.0,506.0
-32.0,-8.0,-18.0,506.0
-30.0,-8.0,-18.0,136.0
-28.0,-8.0,-18.0,136.0
-26.0,-8.0,-18.0,136.0
-24.0,-8.0,-18.0,136.0
-22.0,-8.0,-18.0,136.0
-20.0,-8.0,-18.0,396.0
-18.0,-8.0,-18.0,396.0
-16.0,-8.0,-18.0,396.0
16.0,-8.0,-18.0,483.0
18.0,-8.0,-18.0,483.0
20.0,-8.0,-18.0,483.0
22.0,-8.0,-18.0,483.0
24.0,-8.0,-18.0,96.0
26.0,-8.0,-18.0,96.0
28.0,-8.0,-18.0,96.0
30.0,-8.0,-18.0,96.0
46.0,-8.0,-18.0,463.0
48.0,-8.0,-18.0,463.0
50.0,-8.0,-18.0,456.0
52.0,-8.0,-18.0,456.0
54.0,-8.0,-18.0,456.0
56.0,-8.0,-18.0,456.0
58.0,-8.0,-18.0,456.0
60.0,-8.0,-18.0,152.0
62.0,-8.0,-18.0,152.0
64.0,-8.0,-18.0,152.0
66.0,-8.0,-18.0,152.0
-68.0,-6.0,-18.0,397.0
-66.0,-6.0,-18.0,397.0
-64.0,-6.0,-18.0,397.0
-62.0,-6.0,-18.0,397.0
-60.0,-6.0,-18.0,397.0
-58.0,-6.0,-18.0,115.0
-56.0,-6.0,-18.0,115.0
-54.0,-6.0,-18.0,115.0
-52.0,-6.0,-18.0,115.0
-50.0,-6.0,-18.0,115.0
-48.0,-6.0,-18.0,115.0
-46.0,-6.0,-18.0,115.0
-32.0,-6.0,-18.0,506.0
-30.0,-6.0,-18.0,136.0
-28.0,-6.0,-18.0,136.0
-26.0,-6.0,-18.0,136.0
-24.0,-6.0,-18.0,136.0
-22.0,-6.0,-18.0,136.0
-20.0,-6.0,-18.0,396.0
-18.0,-6.0,-18.0,396.0
-16.0,-6.0,-18.0,396.0
-14.0,-6.0,-18.0,396.0
14.0,-6.0,-18.0,483.0
16.0,-6.0,-18.0,483.0
18.0,-6.0,-18.0,483.0
20.0,-6.0,-18.0,483.0
22.0,-6.0,-18.0,483.0
24.0,-6.0,-18.0,590.0
26.0,-6.0,-18.0,590.0
28.0,-6.0,-18.0,590.0
30.0,-6.0,-18.0,96.0
40.0,-6.0,-18.0,463.0
42.0,-6.0,-18.0,463.0
44.0,-6.0,-18.0,463.0
46.0,-6.0,-18.0,463.0
48.0,-6.0,-18.0,456.0
50.0,-6.0,-18.0,456.0
52.0,-6.0,-18.0,456.0
54.0,-6.0,-18.0,456.0
56.0,-6.0,-18.0,456.0
58.0,-6.0,-18.0,152.0
60.0,-6.0,-18.0,152.0
62.0,-6.0,-18.0,152.0
64.0,-6.0,-18.0,152.0
66.0,-6.0,-18.0,152.0
-66.0,-4.0,-18.0,397.0
-64.0,-4.0,-18.0,397.0
-62.0,-4.0,-18.0,397.0
-60.0,-4.0,-18.0,397.0
-58.0,-4.0,-18.0,397.0
-56.0,-4.0,-18.0,115.0
-54.0,-4.0,-18.0,115.0
-52.0,-4.0,-18.0,115.0
-50.0,-4.0,-18.0,115.0
-48.0,-4.0,-18.0,115.0
-46.0,-4.0,-18.0,115.0
-32.0,-4.0,-18.0,136.0
-30.0,-4.0,-18.0,136.0
-28.0,-4.0,-18.0,136.0
-26.0,-4.0,-18.0,136.0
-24.0,-4.0,-18.0,136.0
-22.0,-4.0,-18.0,136.0
-20.0,-4.0,-18.0,396.0
-18.0,-4.0,-18.0,396.0
-16.0,-4.0,-18.0,396.0
-14.0,-4.0,-18.0,268.0
14.0,-4.0,-18.0,483.0
16.0,-4.0,-18.0,483.0
18.0,-4.0,-18.0,483.0
20.0,-4.0,-18.0,483.0
22.0,-4.0,-18.0,483.0
24.0,-4.0,-18.0,590.0
26.0,-4.0,-18.0,590.0
28.0,-4.0,-18.0,590.0
30.0,-4.0,-18.0,590.0
32.0,-4.0,-18.0,590.0
38.0,-4.0,-18.0,96.0
40.0,-4.0,-18.0,463.0
42.0,-4.0,-18.0,463.0
44.0,-4.0,-18.0,463.0
46.0,-4.0,-18.0,456.0
48.0,-4.0,-18.0,456.0
50.0,-4.0,-18.0,456.0
52.0,-4.0,-18.0,456.0
54.0,-4.0,-18.0,456.0
56.0,-4.0,-18.0,152.0
58.0,-4.0,-18.0,152.0
60.0,-4.0,-18.0,152.0
62.0,-4.0,-18.0,152.0
64.0,-4.0,-18.0,152.0
-66.0,-2.0,-18.0,397.0
-64.0,-2.0,-18.0,397.0
-62.0,-2.0,-18.0,397.0
-60.0,-2.0,-18.0,397.0
-58.0,-2.0,-18.0,397.0
-56.0,-2.0,-18.0,115.0
-54.0,-2.0,-18.0,115.0
-52.0,-2.0,-18.0,115.0
-50.0,-2.0,-18.0,115.0
-48.0,-2.0,-18.0,115.0
-46.0,-2.0,-18.0,115.0
-44.0,-2.0,-18.0,115.0
-42.0,-2.0,-18.0,115.0
-40.0,-2.0,-18.0,506.0
-38.0,-2.0,-18.0,506.0
-32.0,-2.0,-18.0,136.0
-30.0,-2.0,-18.0,136.0
-28.0,-2.0,-18.0,136.0
-26.0,-2.0,-18.0,136.0
-24.0,-2.0,-18.0,136.0
-22.0,-2.0,-18.0,136.0
-20.0,-2.0,-18.0,396.0
-18.0,-2.0,-18.0,396.0
-16.0,-2.0,-18.0,396.0
-14.0,-2.0,-18.0,268.0
14.0,-2.0,-18.0,483.0
16.0,-2.0,-18.0,483.0
18.0,-2.0,-18.0,483.0
20.0,-2.0,-18.0,483.0
22.0,-2.0,-18.0,590.0
24.0,-2.0,-18.0,590.0
26.0,-2.0,-18.0,590.0
28.0,-2.0,-18.0,590.0
30.0,-2.0,-18.0,590.0
32.0,-2.0,-18.0,590.0
38.0,-2.0,-18.0,314.0
40.0,-2.0,-18.0,314.0
42.0,-2.0,-18.0,463.0
44.0,-2.0,-18.0,456.0
46.0,-2.0,-18.0,456.0
48.0,-2.0,-18.0,456.0
50.0,-2.0,-18.0,456.0
52.0,-2.0,-18.0,456.0
54.0,-2.0,-18.0,152.0
56.0,-2.0,-18.0,152.0
58.0,-2.0,-18.0,152.0
60.0,-2.0,-18.0,152.0
62.0,-2.0,-18.0,152.0
64.0,-2.0,-18.0,152.0
-66.0,-0.0,-18.0,397.0
-64.0,-0.0,-18.0,397.0
-62.0,-0.0,-18.0,397.0
-60.0,-0.0,-18.0,397.0
-58.0,-0.0,-18.0,397.0
-56.0,-0.0,-18.0,397.0
-54.0,-0.0,-18.0,115.0
-52.0,-0.0,-18.0,115.0
-50.0,-0.0,-18.0,115.0
-48.0,-0.0,-18.0,115.0
-46.0,-0.0,-18.0,115.0
-44.0,-0.0,-18.0,115.0
-42.0,-0.0,-18.0,514.0
-40.0,-0.0,-18.0,278.0
-38.0,-0.0,-18.0,278.0
-34.0,-0.0,-18.0,136.0
-32.0,-0.0,-18.0,136.0
-30.0,-0.0,-18.0,136.0
-28.0,-0.0,-18.0,136.0
-26.0,-0.0,-18.0,136.0
-24.0,-0.0,-18.0,136.0
-22.0,-0.0,-18.0,136.0
-20.0,-0.0,-18.0,396.0
-18.0,-0.0,-18.0,396.0
-16.0,-0.0,-18.0,268.0
-14.0,-0.0,-18.0,268.0
16.0,-0.0,-18.0,483.0
18.0,-0.0,-18.0,483.0
20.0,-0.0,-18.0,483.0
22.0,-0.0,-18.0,590.0
24.0,-0.0,-18.0,590.0
26.0,-0.0,-18.0,590.0
28.0,-0.0,-18.0,590.0
30.0,-0.0,-18.0,590.0
32.0,-0.0,-18.0,590.0
34.0,-0.0,-18.0,590.0
38.0,-0.0,-18.0,314.0
40.0,-0.0,-18.0,314.0
42.0,-0.0,-18.0,314.0
44.0,-0.0,-18.0,456.0
46.0,-0.0,-18.0,456.0
48.0,-0.0,-18.0,456.0
50.0,-0.0,-18.0,456.0
52.0,-0.0,-18.0,152.0
54.0,-0.0,-18.0,152.0
56.0,-0.0,-18.0,152.0
58.0,-0.0,-18.0,152.0
60.0,-0.0,-18.0,152.0
62.0,-0.0,-18.0,152.0
64.0,-0.0,-18.0,152.0
-64.0,2.0,-18.0,397.0
-62.0,2.0,-18.0,397.0
-60.0,2.0,-18.0,397.0
-58.0,2.0,-18.0,397.0
-56.0,2.0,-18.0,397.0
-54.0,2.0,-18.0,477.0
-52.0,2.0,-18.0,477.0
-50.0,2.0,-18.0,477.0
-48.0,2.0,-18.0,115.0
-46.0,2.0,-18.0,115.0
-44.0,2.0,-18.0,514.0
-42.0,2.0,-18.0,514.0
-40.0,2.0,-18.0,514.0
-38.0,2.0,-18.0,514.0
-36.0,2.0,-18.0,174.0
-34.0,2.0,-18.0,136.0
-32.0,2.0,-18.0,136.0
-30.0,2.0,-18.0,136.0
-28.0,2.0,-18.0,136.0
-26.0,2.0,-18.0,136.0
-24.0,2.0,-18.0,136.0
-22.0,2.0,-18.0,136.0
-20.0,2.0,-18.0,396.0
-18.0,2.0,-18.0,396.0
-16.0,2.0,-18.0,268.0
20.0,2.0,-18.0,590.0
22.0,2.0,-18.0,590.0
24.0,2.0,-18.0,590.0
26.0,2.0,-18.0,590.0
28.0,2.0,-18.0,590.0
30.0,2.0,-18.0,590.0
32.0,2.0,-18.0,590.0
34.0,2.0,-18.0,590.0
36.0,2.0,-18.0,590.0
38.0,2.0,-18.0,314.0
40.0,2.0,-18.0,314.0
42.0,2.0,-18.0,314.0
44.0,2.0,-18.0,314.0
46.0,2.0,-18.0,207.0
48.0,2.0,-18.0,207.0
50.0,2.0,-18.0,207.0
52.0,2.0,-18.0,207.0
54.0,2.0,-18.0,152.0
56.0,2.0,-18.0,152.0
58.0,2.0,-18.0,152.0
60.0,2.0,-18.0,152.0
62.0,2.0,-18.0,152.0
-62.0,4.0,-18.0,397.0
-60.0,4.0,-18.0,397.0
-58.0,4.0,-18.0,397.0
-56.0,4.0,-18.0,397.0
-54.0,4.0,-18.0,477.0
-52.0,4.0,-18.0,477.0
-50.0,4.0,-18.0,477.0
-48.0,4.0,-18.0,522.0
-46.0,4.0,-18.0,522.0
-44.0,4.0,-18.0,514.0
-42.0,4.0,-18.0,514.0
-40.0,4.0,-18.0,514.0
-38.0,4.0,-18.0,514.0
-36.0,4.0,-18.0,174.0
-34.0,4.0,-18.0,174.0
-32.0,4.0,-18.0,136.0
-30.0,4.0,-18.0,136.0
-28.0,4.0,-18.0,136.0
-26.0,4.0,-18.0,136.0
-24.0,4.0,-18.0,136.0
-22.0,4.0,-18.0,136.0
-20.0,4.0,-18.0,396.0
26.0,4.0,-18.0,590.0
28.0,4.0,-18.0,590.0
30.0,4.0,-18.0,590.0
32.0,4.0,-18.0,590.0
34.0,4.0,-18.0,590.0
36.0,4.0,-18.0,590.0
38.0,4.0,-18.0,314.0
40.0,4.0,-18.0,314.0
42.0,4.0,-18.0,314.0
44.0,4.0,-18.0,207.0
46.0,4.0,-18.0,207.0
48.0,4.0,-18.0,207.0
50.0,4.0,-18.0,207.0
52.0,4.0,-18.0,207.0
54.0,4.0,-18.0,207.0
56.0,4.0,-18.0,207.0
58.0,4.0,-18.0,207.0
60.0,4.0,-18.0,207.0
-62.0,6.0,-18.0,397.0
-60.0,6.0,-18.0,397.0
-58.0,6.0,-18.0,397.0
-56.0,6.0,-18.0,477.0
-54.0,6.0,-18.0,477.0
-52.0,6.0,-18.0,477.0
-50.0,6.0,-18.0,522.0
-48.0,6.0,-18.0,522.0
-46.0,6.0,-18.0,522.0
-44.0,6.0,-18.0,514.0
-42.0,6.0,-18.0,514.0
-40.0,6.0,-18.0,514.0
-38.0,6.0,-18.0,514.0
-36.0,6.0,-18.0,174.0
-34.0,6.0,-18.0,174.0
-32.0,6.0,-18.0,174.0
-30.0,6.0,-18.0,554.0
-28.0,6.0,-18.0,554.0
-26.0,6.0,-18.0,554.0
12.0,6.0,-18.0,414.0
14.0,6.0,-18.0,414.0
16.0,6.0,-18.0,143.0
18.0,6.0,-18.0,143.0
20.0,6.0,-18.0,590.0
22.0,6.0,-18.0,590.0
28.0,6.0,-18.0,590.0
30.0,6.0,-18.0,590.0
32.0,6.0,-18.0,590.0
38.0,6.0,-18.0,314.0
40.0,6.0,-18.0,314.0
42.0,6.0,-18.0,314.0
44.0,6.0,-18.0,207.0
46.0,6.0,-18.0,207.0
48.0,6.0,-18.0,207.0
50.0,6.0,-18.0,207.0
52.0,6.0,-18.0,207.0
54.0,6.0,-18.0,207.0
56.0,6.0,-18.0,207.0
58.0,6.0,-18.0,207.0
60.0,6.0,-18.0,207.0
-60.0,8.0,-18.0,397.0
-58.0,8.0,-18.0,397.0
-56.0,8.0,-18.0,477.0
-54.0,8.0,-18.0,522.0
-52.0,8.0,-18.0,522.0
-50.0,8.0,-18.0,522.0
-48.0,8.0,-18.0,522.0
-46.0,8.0,-18.0,522.0
-44.0,8.0,-18.0,514.0
-42.0,8.0,-18.0,514.0
-40.0,8.0,-18.0,514.0
-38.0,8.0,-18.0,514.0
-34.0,8.0,-18.0,174.0
-32.0,8.0,-18.0,174.0
-30.0,8.0,-18.0,554.0
-28.0,8.0,-18.0,554.0
-22.0,8.0,-18.0,395.0
-20.0,8.0,-18.0,395.0
-18.0,8.0,-18.0,395.0
-16.0,8.0,-18.0,395.0
-14.0,8.0,-18.0,395.0
-12.0,8.0,-18.0,395.0
-10.0,8.0,-18.0,395.0
-8.0,8.0,-18.0,395.0
-6.0,8.0,-18.0,395.0
8.0,8.0,-18.0,294.0
10.0,8.0,-18.0,414.0
12.0,8.0,-18.0,414.0
14.0,8.0,-18.0,143.0
16.0,8.0,-18.0,143.0
18.0,8.0,-18.0,143.0
20.0,8.0,-18.0,143.0
22.0,8.0,-18.0,590.0
24.0,8.0,-18.0,590.0
26.0,8.0,-18.0,590.0
42.0,8.0,-18.0,429.0
44.0,8.0,-18.0,429.0
46.0,8.0,-18.0,207.0
48.0,8.0,-18.0,207.0
50.0,8.0,-18.0,207.0
52.0,8.0,-18.0,207.0
54.0,8.0,-18.0,207.0
56.0,8.0,-18.0,207.0
58.0,8.0,-18.0,207.0
-58.0,10.0,-18.0,426.0
-56.0,10.0,-18.0,426.0
-54.0,10.0,-18.0,522.0
-52.0,10.0,-18.0,522.0
-50.0,10.0,-18.0,522.0
-48.0,10.0,-18.0,522.0
-46.0,10.0,-18.0,522.0
-44.0,10.0,-18.0,514.0
-24.0,10.0,-18.0,554.0
-22.0,10.0,-18.0,395.0
-20.0,10.0,-18.0,395.0
-18.0,10.0,-18.0,395.0
-16.0,10.0,-18.0,395.0
-14.0,10.0,-18.0,395.0
-12.0,10.0,-18.0,395.0
-10.0,10.0,-18.0,395.0
-8.0,10.0,-18.0,395.0
-6.0,10.0,-18.0,107.0
-4.0,10.0,-18.0,107.0
4.0,10.0,-18.0,294.0
6.0,10.0,-18.0,294.0
8.0,10.0,-18.0,294.0
10.0,10.0,-18.0,294.0
12.0,10.0,-18.0,414.0
14.0,10.0,-18.0,143.0
16.0,10.0,-18.0,143.0
18.0,10.0,-18.0,143.0
20.0,10.0,-18.0,143.0
22.0,10.0,-18.0,143.0
24.0,10.0,-18.0,590.0
26.0,10.0,-18.0,590.0
28.0,10.0,-18.0,590.0
42.0,10.0,-18.0,429.0
44.0,10.0,-18.0,429.0
46.0,10.0,-18.0,429.0
48.0,10.0,-18.0,207.0
50.0,10.0,-18.0,207.0
52.0,10.0,-18.0,207.0
54.0,10.0,-18.0,207.0
56.0,10.0,-18.0,207.0
-58.0,12.0,-18.0,426.0
-56.0,12.0,-18.0,426.0
-54.0,12.0,-18.0,522.0
-52.0,12.0,-18.0,522.0
-50.0,12.0,-18.0,522.0
-48.0,12.0,-18.0,522.0
-46.0,12.0,-18.0,522.0
-26.0,12.0,-18.0,554.0
-24.0,12.0,-18.0,554.0
-22.0,12.0,-18.0,395.0
-20.0,12.0,-18.0,395.0
-18.0,12.0,-18.0,395.0
-16.0,12.0,-18.0,395.0
-14.0,12.0,-18.0,395.0
-12.0,12.0,-18.0,395.0
-10.0,12.0,-18.0,395.0
-8.0,12.0,-18.0,107.0
-6.0,12.0,-18.0,107.0
-4.0,12.0,-18.0,107.0
4.0,12.0,-18.0,294.0
6.0,12.0,-18.0,294.0
8.0,12.0,-18.0,294.0
10.0,12.0,-18.0,294.0
12.0,12.0,-18.0,294.0
14.0,12.0,-18.0,143.0
16.0,12.0,-18.0,143.0
18.0,12.0,-18.0,143.0
20.0,12.0,-18.0,143.0
22.0,12.0,-18.0,143.0
24.0,12.0,-18.0,536.0
26.0,12.0,-18.0,590.0
28.0,12.0,-18.0,590.0
42.0,12.0,-18.0,429.0
44.0,12.0,-18.0,429.0
46.0,12.0,-18.0,429.0
48.0,12.0,-18.0,429.0
50.0,12.0,-18.0,207.0
52.0,12.0,-18.0,207.0
54.0,12.0,-18.0,207.0
56.0,12.0,-18.0,207.0
-56.0,14.0,-18.0,426.0
-54.0,14.0,-18.0,522.0
-52.0,14.0,-18.0,522.0
-50.0,14.0,-18.0,522.0
-48.0,14.0,-18.0,522.0
-46.0,14.0,-18.0,57.0
-28.0,14.0,-18.0,554.0
-26.0,14.0,-18.0,554.0
-24.0,14.0,-18.0,395.0
-22.0,14.0,-18.0,395.0
-20.0,14.0,-18.0,395.0
-18.0,14.0,-18.0,395.0
-16.0,14.0,-18.0,395.0
-14.0,14.0,-18.0,395.0
-12.0,14.0,-18.0,395.0
-10.0,14.0,-18.0,107.0
-8.0,14.0,-18.0,107.0
-6.0,14.0,-18.0,107.0
-4.0,14.0,-18.0,107.0
-2.0,14.0,-18.0,107.0
2.0,14.0,-18.0,294.0
4.0,14.0,-18.0,294.0
6.0,14.0,-18.0,294.0
8.0,14.0,-18.0,294.0
10.0,14.0,-18.0,294.0
12.0,14.0,-18.0,294.0
14.0,14.0,-18.0,143.0
16.0,14.0,-18.0,143.0
18.0,14.0,-18.0,143.0
20.0,14.0,-18.0,143.0
22.0,14.0,-18.0,143.0
24.0,14.0,-18.0,536.0
26.0,14.0,-18.0,536.0
28.0,14.0,-18.0,536.0
42.0,14.0,-18.0,429.0
44.0,14.0,-18.0,429.0
46.0,14.0,-18.0,429.0
48.0,14.0,-18.0,429.0
50.0,14.0,-18.0,207.0
52.0,14.0,-18.0,207.0
54.0,14.0,-18.0,207.0
-56.0,16.0,-18.0,67.0
-54.0,16.0,-18.0,522.0
-52.0,16.0,-18.0,522.0
-50.0,16.0,-18.0,522.0
-48.0,16.0,-18.0,57.0
-46.0,16.0,-18.0,57.0
-28.0,16.0,-18.0,554.0
-26.0,16.0,-18.0,554.0
-24.0,16.0,-18.0,310.0
-22.0,16.0,-18.0,395.0
-20.0,16.0,-18.0,395.0
-18.0,16.0,-18.0,395.0
-16.0,16.0,-18.0,395.0
-14.0,16.0,-18.0,395.0
-12.0,16.0,-18.0,107.0
-10.0,16.0,-18.0,107.0
-8.0,16.0,-18.0,107.0
-6.0,16.0,-18.0,107.0
-4.0,16.0,-18.0,107.0
-2.0,16.0,-18.0,107.0
2.0,16.0,-18.0,560.0
4.0,16.0,-18.0,560.0
6.0,16.0,-18.0,560.0
8.0,16.0,-18.0,560.0
10.0,16.0,-18.0,560.0
12.0,16.0,-18.0,560.0
14.0,16.0,-18.0,228.0
16.0,16.0,-18.0,143.0
18.0,16.0,-18.0,143.0
20.0,16.0,-18.0,143.0
22.0,16.0,-18.0,143.0
24.0,16.0,-18.0,536.0
26.0,16.0,-18.0,536.0
28.0,16.0,-18.0,536.0
30.0,16.0,-18.0,536.0
42.0,16.0,-18.0,429.0
44.0,16.0,-18.0,429.0
46.0,16.0,-18.0,429.0
48.0,16.0,-18.0,429.0
50.0,16.0,-18.0,429.0
52.0,16.0,-18.0,207.0
54.0,16.0,-18.0,207.0
-54.0,18.0,-18.0,67.0
-52.0,18.0,-18.0,67.0
-50.0,18.0,-18.0,57.0
-48.0,18.0,-18.0,57.0
-46.0,18.0,-18.0,57.0
-28.0,18.0,-18.0,310.0
-26.0,18.0,-18.0,310.0
-24.0,18.0,-18.0,310.0
-22.0,18.0,-18.0,310.0
-20.0,18.0,-18.0,310.0
-18.0,18.0,-18.0,310.0
-16.0,18.0,-18.0,395.0
-14.0,18.0,-18.0,107.0
-12.0,18.0,-18.0,107.0
-10.0,18.0,-18.0,107.0
-8.0,18.0,-18.0,107.0
-6.0,18.0,-18.0,107.0
-4.0,18.0,-18.0,107.0
-2.0,18.0,-18.0,107.0
2.0,18.0,-18.0,560.0
4.0,18.0,-18.0,560.0
6.0,18.0,-18.0,560.0
8.0,18.0,-18.0,560.0
10.0,18.0,-18.0,560.0
12.0,18.0,-18.0,228.0
14.0,18.0,-18.0,109.0
16.0,18.0,-18.0,109.0
18.0,18.0,-18.0,109.0
20.0,18.0,-18.0,109.0
22.0,18.0,-18.0,109.0
24.0,18.0,-18.0,109.0
26.0,18.0,-18.0,536.0
28.0,18.0,-18.0,536.0
30.0,18.0,-18.0,536.0
32.0,18.0,-18.0,429.0
34.0,18.0,-18.0,429.0
36.0,18.0,-18.0,429.0
44.0,18.0,-18.0,429.0
46.0,18.0,-18.0,429.0
48.0,18.0,-18.0,429.0
50.0,18.0,-18.0,429.0
52.0,18.0,-18.0,429.0
-54.0,20.0,-18.0,67.0
-52.0,20.0,-18.0,67.0
-50.0,20.0,-18.0,67.0
-48.0,20.0,-18.0,57.0
-46.0,20.0,-18.0,57.0
-32.0,20.0,-18.0,53.0
-30.0,20.0,-18.0,53.0
-28.0,20.0,-18.0,310.0
-26.0,20.0,-18.0,310.0
-24.0,20.0,-18.0,310.0
-22.0,20.0,-18.0,310.0
-20.0,20.0,-18.0,310.0
-18.0,20.0,-18.0,310.0
-16.0,20.0,-18.0,310.0
-14.0,20.0,-18.0,107.0
-12.0,20.0,-18.0,107.0
-10.0,20.0,-18.0,107.0
-8.0,20.0,-18.0,107.0
-6.0,20.0,-18.0,107.0
-4.0,20.0,-18.0,107.0
-2.0,20.0,-18.0,107.0
2.0,20.0,-18.0,560.0
4.0,20.0,-18.0,560.0
6.0,20.0,-18.0,560.0
8.0,20.0,-18.0,560.0
10.0,20.0,-18.0,228.0
12.0,20.0,-18.0,109.0
14.0,20.0,-18.0,109.0
16.0,20.0,-18.0,109.0
18.0,20.0,-18.0,109.0
20.0,20.0,-18.0,109.0
22.0,20.0,-18.0,109.0
24.0,20.0,-18.0,109.0
26.0,20.0,-18.0,109.0
28.0,20.0,-18.0,536.0
30.0,20.0,-18.0,536.0
32.0,20.0,-18.0,429.0
34.0,20.0,-18.0,429.0
36.0,20.0,-18.0,429.0
38.0,20.0,-18.0,429.0
40.0,20.0,-18.0,429.0
44.0,20.0,-18.0,429.0
46.0,20.0,-18.0,429.0
48.0,20.0,-18.0,429.0
50.0,20.0,-18.0,429.0
52.0,20.0,-18.0,429.0
-52.0,22.0,-18.0,67.0
-50.0,22.0,-18.0,67.0
-48.0,22.0,-18.0,67.0
-46.0,22.0,-18.0,57.0
-34.0,22.0,-18.0,53.0
-32.0,22.0,-18.0,53.0
-30.0,22.0,-18.0,53.0
-28.0,22.0,-18.0,310.0
-26.0,22.0,-18.0,310.0
-24.0,22.0,-18.0,310.0
-22.0,22.0,-18.0,310.0
-20.0,22.0,-18.0,310.0
-18.0,22.0,-18.0,310.0
-16.0,22.0,-18.0,310.0
-14.0,22.0,-18.0,597.0
-12.0,22.0,-18.0,107.0
-10.0,22.0,-18.0,107.0
-8.0,22.0,-18.0,107.0
-6.0,22.0,-18.0,107.0
-4.0,22.0,-18.0,107.0
-2.0,22.0,-18.0,479.0
0.0,22.0,-18.0,479.0
2.0,22.0,-18.0,479.0
4.0,22.0,-18.0,479.0
6.0,22.0,-18.0,560.0
8.0,22.0,-18.0,560.0
10.0,22.0,-18.0,109.0
12.0,22.0,-18.0,109.0
14.0,22.0,-18.0,109.0
16.0,22.0,-18.0,109.0
18.0,22.0,-18.0,109.0
20.0,22.0,-18.0,109.0
22.0,22.0,-18.0,109.0
24.0,22.0,-18.0,109.0
26.0,22.0,-18.0,109.0
28.0,22.0,-18.0,109.0
30.0,22.0,-18.0,16.0
32.0,22.0,-18.0,429.0
34.0,22.0,-18.0,429.0
36.0,22.0,-18.0,429.0
38.0,22.0,-18.0,429.0
40.0,22.0,-18.0,429.0
42.0,22.0,-18.0,429.0
-50.0,24.0,-18.0,67.0
-48.0,24.0,-18.0,67.0
-36.0,24.0,-18.0,53.0
-34.0,24.0,-18.0,53.0
-32.0,24.0,-18.0,53.0
-30.0,24.0,-18.0,53.0
-28.0,24.0,-18.0,310.0
-26.0,24.0,-18.0,310.0
-24.0,24.0,-18.0,310.0
-22.0,24.0,-18.0,310.0
-20.0,24.0,-18.0,310.0
-18.0,24.0,-18.0,597.0
-16.0,24.0,-18.0,597.0
-14.0,24.0,-18.0,597.0
-12.0,24.0,-18.0,597.0
-10.0,24.0,-18.0,597.0
-8.0,24.0,-18.0,107.0
-6.0,24.0,-18.0,107.0
-4.0,24.0,-18.0,479.0
-2.0,24.0,-18.0,479.0
0.0,24.0,-18.0,479.0
2.0,24.0,-18.0,479.0
4.0,24.0,-18.0,479.0
6.0,24.0,-18.0,479.0
8.0,24.0,-18.0,109.0
10.0,24.0,-18.0,109.0
12.0,24.0,-18.0,109.0
14.0,24.0,-18.0,109.0
16.0,24.0,-18.0,109.0
18.0,24.0,-18.0,109.0
20.0,24.0,-18.0,109.0
22.0,24.0,-18.0,109.0
24.0,24.0,-18.0,109.0
26.0,24.0,-18.0,109.0
28.0,24.0,-18.0,16.0
30.0,24.0,-18.0,16.0
32.0,24.0,-18.0,16.0
34.0,24.0,-18.0,596.0
36.0,24.0,-18.0,429.0
38.0,24.0,-18.0,429.0
40.0,24.0,-18.0,429.0
42.0,24.0,-18.0,429.0
44.0,24.0,-18.0,429.0
-44.0,26.0,-18.0,475.0
-42.0,26.0,-18.0,53.0
-40.0,26.0,-18.0,53.0
-38.0,26.0,-18.0,53.0
-36.0,26.0,-18.0,53.0
-34.0,26.0,-18.0,53.0
-32.0,26.0,-18.0,53.0
-30.0,26.0,-18.0,53.0
-28.0,26.0,-18.0,53.0
-26.0,26.0,-18.0,310.0
-24.0,26.0,-18.0,310.0
-22.0,26.0,-18.0,310.0
-20.0,26.0,-18.0,597.0
-18.0,26.0,-18.0,597.0
-16.0,26.0,-18.0,597.0
-14.0,26.0,-18.0,597.0
-12.0,26.0,-18.0,597.0
-10.0,26.0,-18.0,597.0
-8.0,26.0,-18.0,597.0
-6.0,26.0,-18.0,479.0
-4.0,26.0,-18.0,479.0
-2.0,26.0,-18.0,479.0
0.0,26.0,-18.0,479.0
2.0,26.0,-18.0,479.0
4.0,26.0,-18.0,479.0
6.0,26.0,-18.0,479.0
8.0,26.0,-18.0,479.0
10.0,26.0,-18.0,109.0
12.0,26.0,-18.0,109.0
14.0,26.0,-18.0,109.0
16.0,26.0,-18.0,109.0
18.0,26.0,-18.0,109.0
20.0,26.0,-18.0,109.0
22.0,26.0,-18.0,109.0
24.0,26.0,-18.0,109.0
26.0,26.0,-18.0,16.0
28.0,26.0,-18.0,16.0
30.0,26.0,-18.0,16.0
32.0,26.0,-18.0,16.0
34.0,26.0,-18.0,596.0
36.0,26.0,-18.0,596.0
38.0,26.0,-18.0,596.0
40.0,26.0,-18.0,429.0
42.0,26.0,-18.0,429.0
44.0,26.0,-18.0,429.0
-46.0,28.0,-18.0,475.0
-44.0,28.0,-18.0,475.0
-42.0,28.0,-18.0,53.0
-40.0,28.0,-18.0,53.0
-38.0,28.0,-18.0,53.0
-36.0,28.0,-18.0,53.0
-34.0,28.0,-18.0,53.0
-32.0,28.0,-18.0,53.0
-30.0,28.0,-18.0,53.0
-28.0,28.0,-18.0,53.0
-26.0,28.0,-18.0,310.0
-24.0,28.0,-18.0,597.0
-22.0,28.0,-18.0,597.0
-20.0,28.0,-18.0,597.0
-18.0,28.0,-18.0,597.0
-16.0,28.0,-18.0,597.0
-14.0,28.0,-18.0,597.0
-12.0,28.0,-18.0,597.0
-10.0,28.0,-18.0,597.0
-8.0,28.0,-18.0,597.0
-6.0,28.0,-18.0,479.0
-4.0,28.0,-18.0,479.0
-2.0,28.0,-18.0,479.0
0.0,28.0,-18.0,479.0
2.0,28.0,-18.0,479.0
4.0,28.0,-18.0,479.0
6.0,28.0,-18.0,479.0
8.0,28.0,-18.0,252.0
10.0,28.0,-18.0,252.0
12.0,28.0,-18.0,109.0
14.0,28.0,-18.0,109.0
16.0,28.0,-18.0,109.0
18.0,28.0,-18.0,109.0
20.0,28.0,-18.0,109.0
22.0,28.0,-18.0,109.0
24.0,28.0,-18.0,109.0
26.0,28.0,-18.0,16.0
28.0,28.0,-18.0,16.0
30.0,28.0,-18.0,16.0
32.0,28.0,-18.0,596.0
34.0,28.0,-18.0,596.0
36.0,28.0,-18.0,596.0
38.0,28.0,-18.0,596.0
40.0,28.0,-18.0,596.0
42.0,28.0,-18.0,596.0
44.0,28.0,-18.0,429.0
46.0,28.0,-18.0,429.0
-46.0,30.0,-18.0,475.0
-44.0,30.0,-18.0,475.0
-42.0,30.0,-18.0,53.0
-40.0,30.0,-18.0,53.0
-38.0,30.0,-18.0,53.0
-36.0,30.0,-18.0,53.0
-34.0,30.0,-18.0,53.0
-32.0,30.0,-18.0,53.0
-30.0,30.0,-18.0,53.0
-28.0,30.0,-18.0,53.0
-26.0,30.0,-18.0,597.0
-24.0,30.0,-18.0,597.0
-22.0,30.0,-18.0,597.0
-20.0,30.0,-18.0,597.0
-18.0,30.0,-18.0,597.0
-16.0,30.0,-18.0,597.0
-14.0,30.0,-18.0,597.0
-12.0,30.0,-18.0,597.0
-10.0,30.0,-18.0,597.0
-8.0,30.0,-18.0,484.0
-6.0,30.0,-18.0,479.0
-4.0,30.0,-18.0,479.0
-2.0,30.0,-18.0,479.0
0.0,30.0,-18.0,479.0
2.0,30.0,-18.0,479.0
4.0,30.0,-18.0,479.0
6.0,30.0,-18.0,479.0
8.0,30.0,-18.0,252.0
10.0,30.0,-18.0,252.0
12.0,30.0,-18.0,252.0
14.0,30.0,-18.0,252.0
16.0,30.0,-18.0,109.0
18.0,30.0,-18.0,109.0
20.0,30.0,-18.0,109.0
22.0,30.0,-18.0,109.0
24.0,30.0,-18.0,16.0
26.0,30.0,-18.0,16.0
28.0,30.0,-18.0,16.0
30.0,30.0,-18.0,16.0
32.0,30.0,-18.0,596.0
34.0,30.0,-18.0,596.0
36.0,30.0,-18.0,596.0
38.0,30.0,-18.0,596.0
40.0,30.0,-18.0,596.0
42.0,30.0,-18.0,596.0
44.0,30.0,-18.0,596.0
46.0,30.0,-18.0,596.0
-46.0,32.0,-18.0,475.0
-44.0,32.0,-18.0,475.0
-42.0,32.0,-18.0,53.0
-40.0,32.0,-18.0,53.0
-38.0,32.0,-18.0,53.0
-36.0,32.0,-18.0,53.0
-34.0,32.0,-18.0,53.0
-32.0,32.0,-18.0,53.0
-30.0,32.0,-18.0,110.0
-28.0,32.0,-18.0,110.0
-26.0,32.0,-18.0,110.0
-24.0,32.0,-18.0,597.0
-22.0,32.0,-18.0,597.0
-20.0,32.0,-18.0,597.0
-18.0,32.0,-18.0,597.0
-16.0,32.0,-18.0,597.0
-14.0,32.0,-18.0,597.0
-12.0,32.0,-18.0,597.0
-10.0,32.0,-18.0,484.0
-8.0,32.0,-18.0,484.0
-6.0,32.0,-18.0,484.0
-4.0,32.0,-18.0,479.0
-2.0,32.0,-18.0,479.0
0.0,32.0,-18.0,479.0
2.0,32.0,-18.0,479.0
4.0,32.0,-18.0,479.0
6.0,32.0,-18.0,252.0
8.0,32.0,-18.0,252.0
10.0,32.0,-18.0,252.0
12.0,32.0,-18.0,252.0
14.0,32.0,-18.0,252.0
16.0,32.0,-18.0,252.0
18.0,32.0,-18.0,252.0
20.0,32.0,-18.0,109.0
22.0,32.0,-18.0,16.0
24.0,32.0,-18.0,16.0
26.0,32.0,-18.0,16.0
28.0,32.0,-18.0,16.0
30.0,32.0,-18.0,596.0
32.0,32.0,-18.0,596.0
34.0,32.0,-18.0,596.0
36.0,32.0,-18.0,596.0
38.0,32.0,-18.0,596.0
40.0,32.0,-18.0,596.0
42.0,32.0,-18.0,596.0
44.0,32.0,-18.0,596.0
46.0,32.0,-18.0,596.0
48.0,32.0,-18.0,383.0
-48.0,34.0,-18.0,475.0
-46.0,34.0,-18.0,475.0
-44.0,34.0,-18.0,475.0
-42.0,34.0,-18.0,53.0
-40.0,34.0,-18.0,53.0
-38.0,34.0,-18.0,53.0
-36.0,34.0,-18.0,53.0
-34.0,34.0,-18.0,110.0
-32.0,34.0,-18.0,110.0
-30.0,34.0,-18.0,110.0
-28.0,34.0,-18.0,110.0
-26.0,34.0,-18.0,110.0
-24.0,34.0,-18.0,110.0
-22.0,34.0,-18.0,597.0
-20.0,34.0,-18.0,597.0
-18.0,34.0,-18.0,597.0
-16.0,34.0,-18.0,597.0
-14.0,34.0,-18.0,484.0
-12.0,34.0,-18.0,484.0
-10.0,34.0,-18.0,484.0
-8.0,34.0,-18.0,484.0
-6.0,34.0,-18.0,484.0
-4.0,34.0,-18.0,112.0
-2.0,34.0,-18.0,112.0
0.0,34.0,-18.0,479.0
2.0,34.0,-18.0,479.0
4.0,34.0,-18.0,252.0
6.0,34.0,-18.0,252.0
8.0,34.0,-18.0,252.0
10.0,34.0,-18.0,252.0
12.0,34.0,-18.0,252.0
14.0,34.0,-18.0,252.0
18.0,34.0,-18.0,252.0
20.0,34.0,-18.0,252.0
22.0,34.0,-18.0,16.0
24.0,34.0,-18.0,16.0
26.0,34.0,-18.0,16.0
28.0,34.0,-18.0,16.0
30.0,34.0,-18.0,596.0
32.0,34.0,-18.0,596.0
34.0,34.0,-18.0,596.0
36.0,34.0,-18.0,596.0
38.0,34.0,-18.0,596.0
40.0,34.0,-18.0,596.0
42.0,34.0,-18.0,596.0
44.0,34.0,-18.0,596.0
46.0,34.0,-18.0,383.0
48.0,34.0,-18.0,383.0
-50.0,36.0,-18.0,538.0
-48.0,36.0,-18.0,475.0
-46.0,36.0,-18.0,475.0
-44.0,36.0,-18.0,245.0
-42.0,36.0,-18.0,245.0
-40.0,36.0,-18.0,245.0
-38.0,36.0,-18.0,110.0
-36.0,36.0,-18.0,110.0
-34.0,36.0,-18.0,110.0
-32.0,36.0,-18.0,110.0
-30.0,36.0,-18.0,110.0
-28.0,36.0,-18.0,110.0
-26.0,36.0,-18.0,110.0
-24.0,36.0,-18.0,110.0
-22.0,36.0,-18.0,597.0
-20.0,36.0,-18.0,597.0
-18.0,36.0,-18.0,298.0
-16.0,36.0,-18.0,298.0
-14.0,36.0,-18.0,298.0
-12.0,36.0,-18.0,298.0
-10.0,36.0,-18.0,298.0
-8.0,36.0,-18.0,298.0
-6.0,36.0,-18.0,298.0
-4.0,36.0,-18.0,112.0
-2.0,36.0,-18.0,112.0
0.0,36.0,-18.0,112.0
2.0,36.0,-18.0,112.0
4.0,36.0,-18.0,252.0
6.0,36.0,-18.0,252.0
8.0,36.0,-18.0,252.0
10.0,36.0,-18.0,252.0
12.0,36.0,-18.0,252.0
14.0,36.0,-18.0,252.0
20.0,36.0,-18.0,252.0
22.0,36.0,-18.0,16.0
24.0,36.0,-18.0,16.0
26.0,36.0,-18.0,16.0
28.0,36.0,-18.0,596.0
30.0,36.0,-18.0,596.0
32.0,36.0,-18.0,596.0
34.0,36.0,-18.0,596.0
36.0,36.0,-18.0,596.0
38.0,36.0,-18.0,596.0
40.0,36.0,-18.0,596.0
42.0,36.0,-18.0,596.0
44.0,36.0,-18.0,120.0
46.0,36.0,-18.0,383.0
48.0,36.0,-18.0,383.0
-50.0,38.0,-18.0,538.0
-48.0,38.0,-18.0,475.0
-46.0,38.0,-18.0,245.0
-44.0,38.0,-18.0,245.0
-42.0,38.0,-18.0,245.0
-40.0,38.0,-18.0,245.0
-38.0,38.0,-18.0,110.0
-36.0,38.0,-18.0,110.0
-34.0,38.0,-18.0,110.0
-32.0,38.0,-18.0,110.0
-30.0,38.0,-18.0,110.0
-28.0,38.0,-18.0,110.0
-26.0,38.0,-18.0,110.0
-24.0,38.0,-18.0,110.0
-22.0,38.0,-18.0,110.0
-20.0,38.0,-18.0,298.0
-18.0,38.0,-18.0,298.0
-16.0,38.0,-18.0,298.0
-14.0,38.0,-18.0,298.0
-12.0,38.0,-18.0,298.0
-10.0,38.0,-18.0,298.0
-8.0,38.0,-18.0,298.0
-6.0,38.0,-18.0,298.0
-4.0,38.0,-18.0,112.0
-2.0,38.0,-18.0,112.0
0.0,38.0,-18.0,112.0
2.0,38.0,-18.0,112.0
4.0,38.0,-18.0,252.0
6.0,38.0,-18.0,252.0
8.0,38.0,-18.0,252.0
10.0,38.0,-18.0,252.0
12.0,38.0,-18.0,252.0
20.0,38.0,-18.0,252.0
22.0,38.0,-18.0,252.0
24.0,38.0,-18.0,412.0
26.0,38.0,-18.0,412.0
28.0,38.0,-18.0,412.0
30.0,38.0,-18.0,412.0
32.0,38.0,-18.0,412.0
34.0,38.0,-18.0,412.0
36.0,38.0,-18.0,412.0
38.0,38.0,-18.0,412.0
40.0,38.0,-18.0,412.0
42.0,38.0,-18.0,120.0
44.0,38.0,-18.0,120.0
46.0,38.0,-18.0,383.0
48.0,38.0,-18.0,383.0
-50.0,40.0,-18.0,538.0
-48.0,40.0,-18.0,245.0
-46.0,40.0,-18.0,245.0
-44.0,40.0,-18.0,245.0
-42.0,40.0,-18.0,245.0
-40.0,40.0,-18.0,245.0
-38.0,40.0,-18.0,110.0
-36.0,40.0,-18.0,110.0
-34.0,40.0,-18.0,110.0
-32.0,40.0,-18.0,110.0
-30.0,40.0,-18.0,110.0
-28.0,40.0,-18.0,110.0
-26.0,40.0,-18.0,110.0
-24.0,40.0,-18.0,110.0
-22.0,40.0,-18.0,588.0
-20.0,40.0,-18.0,588.0
-18.0,40.0,-18.0,588.0
-16.0,40.0,-18.0,298.0
-12.0,40.0,-18.0,298.0
-10.0,40.0,-18.0,298.0
-8.0,40.0,-18.0,298.0
-6.0,40.0,-18.0,502.0
-4.0,40.0,-18.0,502.0
-2.0,40.0,-18.0,502.0
0.0,40.0,-18.0,112.0
2.0,40.0,-18.0,112.0
4.0,40.0,-18.0,252.0
6.0,40.0,-18.0,252.0
8.0,40.0,-18.0,252.0
10.0,40.0,-18.0,252.0
12.0,40.0,-18.0,252.0
20.0,40.0,-18.0,252.0
22.0,40.0,-18.0,252.0
24.0,40.0,-18.0,412.0
26.0,40.0,-18.0,412.0
28.0,40.0,-18.0,412.0
30.0,40.0,-18.0,412.0
32.0,40.0,-18.0,412.0
34.0,40.0,-18.0,412.0
36.0,40.0,-18.0,412.0
38.0,40.0,-18.0,412.0
40.0,40.0,-18.0,120.0
42.0,40.0,-18.0,120.0
44.0,40.0,-18.0,120.0
46.0,40.0,-18.0,383.0
48.0,40.0,-18.0,383.0
-48.0,42.0,-18.0,15.0
-46.0,42.0,-18.0,245.0
-44.0,42.0,-18.0,245.0
-42.0,42.0,-18.0,245.0
-40.0,42.0,-18.0,245.0
-38.0,42.0,-18.0,110.0
-36.0,42.0,-18.0,110.0
-34.0,42.0,-18.0,110.0
-32.0,42.0,-18.0,110.0
-30.0,42.0,-18.0,110.0
-28.0,42.0,-18.0,110.0
-26.0,42.0,-18.0,110.0
-24.0,42.0,-18.0,110.0
-22.0,42.0,-18.0,588.0
-20.0,42.0,-18.0,588.0
-18.0,42.0,-18.0,588.0
-16.0,42.0,-18.0,588.0
-14.0,42.0,-18.0,588.0
-12.0,42.0,-18.0,298.0
-10.0,42.0,-18.0,298.0
-8.0,42.0,-18.0,502.0
-6.0,42.0,-18.0,502.0
-4.0,42.0,-18.0,502.0
-2.0,42.0,-18.0,502.0
0.0,42.0,-18.0,502.0
2.0,42.0,-18.0,502.0
4.0,42.0,-18.0,252.0
6.0,42.0,-18.0,252.0
8.0,42.0,-18.0,252.0
10.0,42.0,-18.0,252.0
12.0,42.0,-18.0,252.0
18.0,42.0,-18.0,252.0
20.0,42.0,-18.0,252.0
22.0,42.0,-18.0,412.0
24.0,42.0,-18.0,412.0
26.0,42.0,-18.0,412.0
28.0,42.0,-18.0,412.0
30.0,42.0,-18.0,412.0
32.0,42.0,-18.0,412.0
34.0,42.0,-18.0,412.0
36.0,42.0,-18.0,412.0
38.0,42.0,-18.0,412.0
40.0,42.0,-18.0,120.0
42.0,42.0,-18.0,120.0
44.0,42.0,-18.0,120.0
46.0,42.0,-18.0,120.0
48.0,42.0,-18.0,383.0
-48.0,44.0,-18.0,15.0
-46.0,44.0,-18.0,15.0
-44.0,44.0,-18.0,15.0
-42.0,44.0,-18.0,15.0
-40.0,44.0,-18.0,245.0
-38.0,44.0,-18.0,110.0
-36.0,44.0,-18.0,110.0
-34.0,44.0,-18.0,110.0
-32.0,44.0,-18.0,110.0
-30.0,44.0,-18.0,110.0
-28.0,44.0,-18.0,110.0
-26.0,44.0,-18.0,110.0
-24.0,44.0,-18.0,110.0
-22.0,44.0,-18.0,588.0
-20.0,44.0,-18.0,588.0
-18.0,44.0,-18.0,588.0
-16.0,44.0,-18.0,588.0
-14.0,44.0,-18.0,588.0
-10.0,44.0,-18.0,588.0
-8.0,44.0,-18.0,502.0
-6.0,44.0,-18.0,502.0
-4.0,44.0,-18.0,502.0
-2.0,44.0,-18.0,502.0
0.0,44.0,-18.0,502.0
2.0,44.0,-18.0,502.0
4.0,44.0,-18.0,252.0
6.0,44.0,-18.0,252.0
8.0,44.0,-18.0,252.0
10.0,44.0,-18.0,252.0
16.0,44.0,-18.0,252.0
18.0,44.0,-18.0,252.0
20.0,44.0,-18.0,252.0
22.0,44.0,-18.0,412.0
24.0,44.0,-18.0,412.0
26.0,44.0,-18.0,412.0
28.0,44.0,-18.0,412.0
30.0,44.0,-18.0,412.0
32.0,44.0,-18.0,412.0
34.0,44.0,-18.0,412.0
36.0,44.0,-18.0,412.0
38.0,44.0,-18.0,120.0
40.0,44.0,-18.0,120.0
42.0,44.0,-18.0,120.0
44.0,44.0,-18.0,120.0
46.0,44.0,-18.0,120.0
-46.0,46.0,-18.0,15.0
-44.0,46.0,-18.0,15.0
-42.0,46.0,-18.0,15.0
-40.0,46.0,-18.0,15.0
-38.0,46.0,-18.0,15.0
-36.0,46.0,-18.0,110.0
-34.0,46.0,-18.0,110.0
-32.0,46.0,-18.0,110.0
-30.0,46.0,-18.0,110.0
-28.0,46.0,-18.0,110.0
-26.0,46.0,-18.0,110.0
-24.0,46.0,-18.0,110.0
-22.0,46.0,-18.0,509.0
-20.0,46.0,-18.0,509.0
-18.0,46.0,-18.0,509.0
-16.0,46.0,-18.0,509.0
-14.0,46.0,-18.0,509.0
-10.0,46.0,-18.0,509.0
-8.0,46.0,-18.0,502.0
-6.0,46.0,-18.0,502.0
-4.0,46.0,-18.0,502.0
-2.0,46.0,-18.0,502.0
0.0,46.0,-18.0,502.0
2.0,46.0,-18.0,502.0
4.0,46.0,-18.0,502.0
6.0,46.0,-18.0,252.0
8.0,46.0,-18.0,252.0
16.0,46.0,-18.0,252.0
18.0,46.0,-18.0,252.0
20.0,46.0,-18.0,252.0
22.0,46.0,-18.0,412.0
24.0,46.0,-18.0,412.0
26.0,46.0,-18.0,412.0
28.0,46.0,-18.0,412.0
30.0,46.0,-18.0,412.0
32.0,46.0,-18.0,412.0
34.0,46.0,-18.0,412.0
36.0,46.0,-18.0,412.0
38.0,46.0,-18.0,120.0
40.0,46.0,-18.0,120.0
42.0,46.0,-18.0,120.0
44.0,46.0,-18.0,120.0
-44.0,48.0,-18.0,15.0
-42.0,48.0,-18.0,15.0
-40.0,48.0,-18.0,15.0
-38.0,48.0,-18.0,15.0
-36.0,48.0,-18.0,15.0
-34.0,48.0,-18.0,110.0
-32.0,48.0,-18.0,110.0
-30.0,48.0,-18.0,110.0
-26.0,48.0,-18.0,110.0
-24.0,48.0,-18.0,509.0
-22.0,48.0,-18.0,509.0
-20.0,48.0,-18.0,509.0
-18.0,48.0,-18.0,509.0
-16.0,48.0,-18.0,509.0
-14.0,48.0,-18.0,509.0
-10.0,48.0,-18.0,509.0
-8.0,48.0,-18.0,509.0
-6.0,48.0,-18.0,502.0
-4.0,48.0,-18.0,502.0
-2.0,48.0,-18.0,502.0
0.0,48.0,-18.0,502.0
2.0,48.0,-18.0,502.0
4.0,48.0,-18.0,334.0
6.0,48.0,-18.0,334.0
8.0,48.0,-18.0,334.0
16.0,48.0,-18.0,334.0
18.0,48.0,-18.0,334.0
20.0,48.0,-18.0,334.0
22.0,48.0,-18.0,412.0
24.0,48.0,-18.0,412.0
26.0,48.0,-18.0,412.0
28.0,48.0,-18.0,412.0
30.0,48.0,-18.0,412.0
32.0,48.0,-18.0,412.0
34.0,48.0,-18.0,573.0
36.0,48.0,-18.0,573.0
38.0,48.0,-18.0,573.0
40.0,48.0,-18.0,120.0
42.0,48.0,-18.0,120.0
-34.0,50.0,-18.0,15.0
-32.0,50.0,-18.0,110.0
-26.0,50.0,-18.0,509.0
-24.0,50.0,-18.0,509.0
-22.0,50.0,-18.0,509.0
-20.0,50.0,-18.0,509.0
-18.0,50.0,-18.0,509.0
-16.0,50.0,-18.0,509.0
-14.0,50.0,-18.0,509.0
-8.0,50.0,-18.0,509.0
-6.0,50.0,-18.0,509.0
-4.0,50.0,-18.0,502.0
-2.0,50.0,-18.0,502.0
0.0,50.0,-18.0,502.0
2.0,50.0,-18.0,224.0
4.0,50.0,-18.0,224.0
6.0,50.0,-18.0,334.0
8.0,50.0,-18.0,334.0
16.0,50.0,-18.0,334.0
18.0,50.0,-18.0,334.0
20.0,50.0,-18.0,334.0
22.0,50.0,-18.0,334.0
24.0,50.0,-18.0,573.0
-26.0,52.0,-18.0,35.0
-24.0,52.0,-18.0,509.0
-22.0,52.0,-18.0,509.0
-20.0,52.0,-18.0,509.0
-18.0,52.0,-18.0,509.0
-16.0,52.0,-18.0,509.0
-14.0,52.0,-18.0,509.0
-8.0,52.0,-18.0,509.0
-6.0,52.0,-18.0,509.0
-4.0,52.0,-18.0,509.0
-2.0,52.0,-18.0,224.0
0.0,52.0,-18.0,224.0
2.0,52.0,-18.0,224.0
4.0,52.0,-18.0,224.0
6.0,52.0,-18.0,334.0
8.0,52.0,-18.0,334.0
10.0,52.0,-18.0,334.0
16.0,52.0,-18.0,334.0
18.0,52.0,-18.0,334.0
20.0,52.0,-18.0,334.0
22.0,52.0,-18.0,377.0
-26.0,54.0,-18.0,35.0
-24.0,54.0,-18.0,509.0
-22.0,54.0,-18.0,509.0
-20.0,54.0,-18.0,509.0
-18.0,54.0,-18.0,509.0
-16.0,54.0,-18.0,509.0
-14.0,54.0,-18.0,509.0
-8.0,54.0,-18.0,509.0
-6.0,54.0,-18.0,509.0
-4.0,54.0,-18.0,224.0
-2.0,54.0,-18.0,224.0
0.0,54.0,-18.0,224.0
2.0,54.0,-18.0,224.0
4.0,54.0,-18.0,224.0
6.0,54.0,-18.0,224.0
8.0,54.0,-18.0,334.0
10.0,54.0,-18.0,334.0
14.0,54.0,-18.0,334.0
16.0,54.0,-18.0,334.0
18.0,54.0,-18.0,334.0
20.0,54.0,-18.0,377.0
22.0,54.0,-18.0,377.0
-26.0,56.0,-18.0,35.0
-24.0,56.0,-18.0,509.0
-22.0,56.0,-18.0,509.0
-20.0,56.0,-18.0,509.0
-18.0,56.0,-18.0,509.0
-16.0,56.0,-18.0,509.0
-14.0,56.0,-18.0,509.0
-12.0,56.0,-18.0,509.0
-8.0,56.0,-18.0,509.0
-6.0,56.0,-18.0,509.0
-4.0,56.0,-18.0,224.0
-2.0,56.0,-18.0,224.0
0.0,56.0,-18.0,224.0
2.0,56.0,-18.0,224.0
4.0,56.0,-18.0,224.0
6.0,56.0,-18.0,224.0
8.0,56.0,-18.0,224.0
10.0,56.0,-18.0,334.0
14.0,56.0,-18.0,334.0
16.0,56.0,-18.0,334.0
18.0,56.0,-18.0,377.0
20.0,56.0,-18.0,377.0
22.0,56.0,-18.0,377.0
-26.0,58.0,-18.0,35.0
-24.0,58.0,-18.0,35.0
-22.0,58.0,-18.0,509.0
-20.0,58.0,-18.0,509.0
-18.0,58.0,-18.0,509.0
-16.0,58.0,-18.0,509.0
-14.0,58.0,-18.0,509.0
-12.0,58.0,-18.0,509.0
-8.0,58.0,-18.0,509.0
-6.0,58.0,-18.0,509.0
-4.0,58.0,-18.0,224.0
-2.0,58.0,-18.0,224.0
2.0,58.0,-18.0,224.0
4.0,58.0,-18.0,224.0
6.0,58.0,-18.0,224.0
8.0,58.0,-18.0,224.0
12.0,58.0,-18.0,334.0
14.0,58.0,-18.0,334.0
16.0,58.0,-18.0,377.0
18.0,58.0,-18.0,377.0
20.0,58.0,-18.0,377.0
22.0,58.0,-18.0,377.0
-24.0,60.0,-18.0,35.0
-22.0,60.0,-18.0,509.0
-20.0,60.0,-18.0,509.0
-18.0,60.0,-18.0,509.0
-16.0,60.0,-18.0,509.0
-14.0,60.0,-18.0,509.0
-12.0,60.0,-18.0,509.0
-10.0,60.0,-18.0,509.0
-8.0,60.0,-18.0,509.0
-6.0,60.0,-18.0,224.0
-4.0,60.0,-18.0,224.0
-2.0,60.0,-18.0,224.0
2.0,60.0,-18.0,224.0
4.0,60.0,-18.0,224.0
6.0,60.0,-18.0,224.0
8.0,60.0,-18.0,224.0
10.0,60.0,-18.0,224.0
12.0,60.0,-18.0,334.0
14.0,60.0,-18.0,334.0
16.0,60.0,-18.0,377.0
18.0,60.0,-18.0,377.0
20.0,60.0,-18.0,377.0
-24.0,62.0,-18.0,35.0
-22.0,62.0,-18.0,341.0
-20.0,62.0,-18.0,341.0
-18.0,62.0,-18.0,341.0
-16.0,62.0,-18.0,509.0
-14.0,62.0,-18.0,509.0
-12.0,62.0,-18.0,509.0
-10.0,62.0,-18.0,509.0
-8.0,62.0,-18.0,509.0
-6.0,62.0,-18.0,224.0
-4.0,62.0,-18.0,224.0
-2.0,62.0,-18.0,224.0
2.0,62.0,-18.0,224.0
4.0,62.0,-18.0,224.0
6.0,62.0,-18.0,224.0
8.0,62.0,-18.0,224.0
10.0,62.0,-18.0,224.0
12.0,62.0,-18.0,224.0
14.0,62.0,-18.0,377.0
16.0,62.0,-18.0,377.0
18.0,62.0,-18.0,377.0
20.0,62.0,-18.0,377.0
-20.0,64.0,-18.0,341.0
-18.0,64.0,-18.0,341.0
-16.0,64.0,-18.0,559.0
-14.0,64.0,-18.0,559.0
-12.0,64.0,-18.0,559.0
-10.0,64.0,-18.0,559.0
-8.0,64.0,-18.0,224.0
-6.0,64.0,-18.0,224.0
-4.0,64.0,-18.0,224.0
-2.0,64.0,-18.0,224.0
0.0,64.0,-18.0,224.0
2.0,64.0,-18.0,224.0
4.0,64.0,-18.0,224.0
6.0,64.0,-18.0,224.0
8.0,64.0,-18.0,224.0
10.0,64.0,-18.0,224.0
12.0,64.0,-18.0,377.0
14.0,64.0,-18.0,377.0
16.0,64.0,-18.0,377.0
-16.0,66.0,-18.0,559.0
-14.0,66.0,-18.0,559.0
-12.0,66.0,-18.0,559.0
-10.0,66.0,-18.0,559.0
-8.0,66.0,-18.0,559.0
-6.0,66.0,-18.0,224.0
-4.0,66.0,-18.0,224.0
4.0,66.0,-18.0,224.0
6.0,66.0,-18.0,224.0
8.0,66.0,-18.0,224.0
10.0,66.0,-18.0,224.0
12.0,66.0,-18.0,377.0
14.0,66.0,-18.0,377.0
-10.0,68.0,-18.0,559.0
-8.0,68.0,-18.0,559.0
12.0,-102.0,-16.0,127.0
14.0,-102.0,-16.0,127.0
16.0,-102.0,-16.0,127.0
18.0,-102.0,-16.0,275.0
6.0,-100.0,-16.0,127.0
8.0,-100.0,-16.0,127.0
10.0,-100.0,-16.0,127.0
12.0,-100.0,-16.0,127.0
14.0,-100.0,-16.0,127.0
16.0,-100.0,-16.0,127.0
18.0,-100.0,-16.0,275.0
20.0,-100.0,-16.0,275.0
22.0,-100.0,-16.0,275.0
24.0,-100.0,-16.0,275.0
-26.0,-98.0,-16.0,234.0
-24.0,-98.0,-16.0,234.0
-22.0,-98.0,-16.0,234.0
-20.0,-98.0,-16.0,234.0
-18.0,-98.0,-16.0,234.0
-16.0,-98.0,-16.0,489.0
6.0,-98.0,-16.0,127.0
8.0,-98.0,-16.0,127.0
10.0,-98.0,-16.0,127.0
12.0,-98.0,-16.0,127.0
14.0,-98.0,-16.0,127.0
16.0,-98.0,-16.0,127.0
18.0,-98.0,-16.0,127.0
20.0,-98.0,-16.0,275.0
22.0,-98.0,-16.0,275.0
24.0,-98.0,-16.0,275.0
26.0,-98.0,-16.0,275.0
28.0,-98.0,-16.0,275.0
-30.0,-96.0,-16.0,545.0
-28.0,-96.0,-16.0,192.0
-26.0,-96.0,-16.0,192.0
-24.0,-96.0,-16.0,192.0
-22.0,-96.0,-16.0,234.0
-20.0,-96.0,-16.0,234.0
-18.0,-96.0,-16.0,489.0
-16.0,-96.0,-16.0,489.0
-14.0,-96.0,-16.0,489.0
4.0,-96.0,-16.0,127.0
6.0,-96.0,-16.0,127.0
8.0,-96.0,-16.0,127.0
10.0,-96.0,-16.0,127.0
12.0,-96.0,-16.0,127.0
14.0,-96.0,-16.0,127.0
16.0,-96.0,-16.0,127.0
18.0,-96.0,-16.0,127.0
20.0,-96.0,-16.0,275.0
22.0,-96.0,-16.0,275.0
24.0,-96.0,-16.0,275.0
26.0,-96.0,-16.0,275.0
28.0,-96.0,-16.0,275.0
30.0,-96.0,-16.0,275.0
-32.0,-94.0,-16.0,545.0
-30.0,-94.0,-16.0,545.0
-28.0,-94.0,-16.0,192.0
-26.0,-94.0,-16.0,192.0
-24.0,-94.0,-16.0,192.0
-22.0,-94.0,-16.0,192.0
-20.0,-94.0,-16.0,192.0
-18.0,-94.0,-16.0,489.0
-16.0,-94.0,-16.0,489.0
-14.0,-94.0,-16.0,489.0
-12.0,-94.0,-16.0,489.0
-8.0,-94.0,-16.0,489.0
4.0,-94.0,-16.0,127.0
6.0,-94.0,-16.0,127.0
8.0,-94.0,-16.0,127.0
10.0,-94.0,-16.0,127.0
12.0,-94.0,-16.0,127.0
14.0,-94.0,-16.0,127.0
16.0,-94.0,-16.0,127.0
18.0,-94.0,-16.0,567.0
20.0,-94.0,-16.0,275.0
22.0,-94.0,-16.0,275.0
24.0,-94.0,-16.0,275.0
26.0,-94.0,-16.0,275.0
28.0,-94.0,-16.0,275.0
30.0,-94.0,-16.0,275.0
32.0,-94.0,-16.0,275.0
34.0,-94.0,-16.0,275.0
-36.0,-92.0,-16.0,545.0
-34.0,-92.0,-16.0,545.0
-32.0,-92.0,-16.0,545.0
-30.0,-92.0,-16.0,545.0
-28.0,-92.0,-16.0,192.0
-26.0,-92.0,-16.0,192.0
-24.0,-92.0,-16.0,192.0
-22.0,-92.0,-16.0,192.0
-20.0,-92.0,-16.0,192.0
-18.0,-92.0,-16.0,489.0
-16.0,-92.0,-16.0,489.0
-14.0,-92.0,-16.0,489.0
-12.0,-92.0,-16.0,489.0
-10.0,-92.0,-16.0,489.0
-8.0,-92.0,-16.0,489.0
-6.0,-92.0,-16.0,489.0
-4.0,-92.0,-16.0,489.0
2.0,-92.0,-16.0,127.0
4.0,-92.0,-16.0,127.0
6.0,-92.0,-16.0,127.0
8.0,-92.0,-16.0,127.0
10.0,-92.0,-16.0,127.0
12.0,-92.0,-16.0,127.0
14.0,-92.0,-16.0,127.0
16.0,-92.0,-16.0,567.0
18.0,-92.0,-16.0,567.0
20.0,-92.0,-16.0,567.0
22.0,-92.0,-16.0,327.0
24.0,-92.0,-16.0,275.0
26.0,-92.0,-16.0,275.0
28.0,-92.0,-16.0,275.0
30.0,-92.0,-16.0,275.0
32.0,-92.0,-16.0,275.0
34.0,-92.0,-16.0,275.0
36.0,-92.0,-16.0,275.0
-38.0,-90.0,-16.0,545.0
-36.0,-90.0,-16.0,545.0
-34.0,-90.0,-16.0,545.0
-32.0,-90.0,-16.0,545.0
-30.0,-90.0,-16.0,545.0
-28.0,-90.0,-16.0,192.0
-26.0,-90.0,-16.0,192.0
-24.0,-90.0,-16.0,192.0
-22.0,-90.0,-16.0,192.0
-20.0,-90.0,-16.0,192.0
-18.0,-90.0,-16.0,192.0
-16.0,-90.0,-16.0,489.0
-14.0,-90.0,-16.0,489.0
-12.0,-90.0,-16.0,489.0
-10.0,-90.0,-16.0,489.0
-8.0,-90.0,-16.0,489.0
-6.0,-90.0,-16.0,489.0
-4.0,-90.0,-16.0,489.0
-2.0,-90.0,-16.0,127.0
0.0,-90.0,-16.0,127.0
2.0,-90.0,-16.0,127.0
4.0,-90.0,-16.0,127.0
6.0,-90.0,-16.0,127.0
8.0,-90.0,-16.0,127.0
10.0,-90.0,-16.0,127.0
12.0,-90.0,-16.0,127.0
14.0,-90.0,-16.0,567.0
16.0,-90.0,-16.0,567.0
18.0,-90.0,-16.0,567.0
20.0,-90.0,-16.0,567.0
22.0,-90.0,-16.0,327.0
24.0,-90.0,-16.0,327.0
26.0,-90.0,-16.0,327.0
28.0,-90.0,-16.0,327.0
30.0,-90.0,-16.0,327.0
32.0,-90.0,-16.0,327.0
34.0,-90.0,-16.0,275.0
36.0,-90.0,-16.0,546.0
38.0,-90.0,-16.0,546.0
40.0,-90.0,-16.0,546.0
-42.0,-88.0,-16.0,510.0
-40.0,-88.0,-16.0,36.0
-38.0,-88.0,-16.0,545.0
-36.0,-88.0,-16.0,545.0
-34.0,-88.0,-16.0,545.0
-32.0,-88.0,-16.0,545.0
-30.0,-88.0,-16.0,545.0
-28.0,-88.0,-16.0,192.0
-26.0,-88.0,-16.0,192.0
-24.0,-88.0,-16.0,192.0
-22.0,-88.0,-16.0,192.0
-20.0,-88.0,-16.0,192.0
-18.0,-88.0,-16.0,192.0
-16.0,-88.0,-16.0,489.0
-14.0,-88.0,-16.0,489.0
-12.0,-88.0,-16.0,489.0
-10.0,-88.0,-16.0,489.0
-8.0,-88.0,-16.0,489.0
-6.0,-88.0,-16.0,489.0
-4.0,-88.0,-16.0,489.0
-2.0,-88.0,-16.0,127.0
0.0,-88.0,-16.0,127.0
2.0,-88.0,-16.0,127.0
4.0,-88.0,-16.0,127.0
6.0,-88.0,-16.0,127.0
8.0,-88.0,-16.0,127.0
10.0,-88.0,-16.0,127.0
12.0,-88.0,-16.0,567.0
14.0,-88.0,-16.0,567.0
16.0,-88.0,-16.0,567.0
18.0,-88.0,-16.0,567.0
20.0,-88.0,-16.0,567.0
22.0,-88.0,-16.0,327.0
24.0,-88.0,-16.0,327.0
26.0,-88.0,-16.0,327.0
28.0,-88.0,-16.0,327.0
30.0,-88.0,-16.0,327.0
32.0,-88.0,-16.0,327.0
34.0,-88.0,-16.0,546.0
36.0,-88.0,-16.0,546.0
38.0,-88.0,-16.0,546.0
40.0,-88.0,-16.0,546.0
42.0,-88.0,-16.0,546.0
-44.0,-86.0,-16.0,36.0
-42.0,-86.0,-16.0,36.0
-40.0,-86.0,-16.0,36.0
-38.0,-86.0,-16.0,36.0
-36.0,-86.0,-16.0,545.0
-34.0,-86.0,-16.0,545.0
-32.0,-86.0,-16.0,545.0
-30.0,-86.0,-16.0,545.0
-28.0,-86.0,-16.0,192.0
-26.0,-86.0,-16.0,192.0
-24.0,-86.0,-16.0,192.0
-22.0,-86.0,-16.0,192.0
-20.0,-86.0,-16.0,568.0
-18.0,-86.0,-16.0,568.0
-16.0,-86.0,-16.0,568.0
-14.0,-86.0,-16.0,489.0
-12.0,-86.0,-16.0,489.0
-10.0,-86.0,-16.0,489.0
-8.0,-86.0,-16.0,489.0
-6.0,-86.0,-16.0,489.0
-4.0,-86.0,-16.0,489.0
-2.0,-86.0,-16.0,127.0
0.0,-86.0,-16.0,127.0
2.0,-86.0,-16.0,127.0
4.0,-86.0,-16.0,127.0
6.0,-86.0,-16.0,127.0
8.0,-86.0,-16.0,127.0
10.0,-86.0,-16.0,567.0
12.0,-86.0,-16.0,567.0
14.0,-86.0,-16.0,567.0
16.0,-86.0,-16.0,567.0
18.0,-86.0,-16.0,567.0
20.0,-86.0,-16.0,567.0
22.0,-86.0,-16.0,327.0
24.0,-86.0,-16.0,327.0
26.0,-86.0,-16.0,327.0
28.0,-86.0,-16.0,327.0
30.0,-86.0,-16.0,327.0
32.0,-86.0,-16.0,327.0
34.0,-86.0,-16.0,546.0
36.0,-86.0,-16.0,546.0
38.0,-86.0,-16.0,546.0
40.0,-86.0,-16.0,546.0
42.0,-86.0,-16.0,546.0
44.0,-86.0,-16.0,546.0
-46.0,-84.0,-16.0,36.0
-44.0,-84.0,-16.0,36.0
-42.0,-84.0,-16.0,36.0
-40.0,-84.0,-16.0,36.0
-38.0,-84.0,-16.0,36.0
-36.0,-84.0,-16.0,36.0
-34.0,-84.0,-16.0,545.0
-32.0,-84.0,-16.0,545.0
-30.0,-84.0,-16.0,545.0
-28.0,-84.0,-16.0,192.0
-26.0,-84.0,-16.0,192.0
-24.0,-84.0,-16.0,568.0
-22.0,-84.0,-16.0,568.0
-20.0,-84.0,-16.0,568.0
-18.0,-84.0,-16.0,568.0
-16.0,-84.0,-16.0,568.0
-14.0,-84.0,-16.0,568.0
-12.0,-84.0,-16.0,568.0
-10.0,-84.0,-16.0,489.0
-8.0,-84.0,-16.0,489.0
-6.0,-84.0,-16.0,489.0
-4.0,-84.0,-16.0,489.0
-2.0,-84.0,-16.0,127.0
0.0,-84.0,-16.0,127.0
2.0,-84.0,-16.0,127.0
4.0,-84.0,-16.0,127.0
6.0,-84.0,-16.0,127.0
8.0,-84.0,-16.0,567.0
10.0,-84.0,-16.0,567.0
12.0,-84.0,-16.0,567.0
14.0,-84.0,-16.0,567.0
16.0,-84.0,-16.0,567.0
18.0,-84.0,-16.0,567.0
20.0,-84.0,-16.0,567.0
22.0,-84.0,-16.0,327.0
24.0,-84.0,-16.0,327.0
26.0,-84.0,-16.0,327.0
28.0,-84.0,-16.0,327.0
30.0,-84.0,-16.0,327.0
32.0,-84.0,-16.0,327.0
34.0,-84.0,-16.0,546.0
36.0,-84.0,-16.0,546.0
38.0,-84.0,-16.0,546.0
40.0,-84.0,-16.0,546.0
42.0,-84.0,-16.0,546.0
44.0,-84.0,-16.0,546.0
-46.0,-82.0,-16.0,36.0
-44.0,-82.0,-16.0,36.0
-42.0,-82.0,-16.0,36.0
-40.0,-82.0,-16.0,36.0
-38.0,-82.0,-16.0,36.0
-36.0,-82.0,-16.0,36.0
-34.0,-82.0,-16.0,36.0
-32.0,-82.0,-16.0,287.0
-30.0,-82.0,-16.0,287.0
-28.0,-82.0,-16.0,287.0
-26.0,-82.0,-16.0,568.0
-24.0,-82.0,-16.0,568.0
-22.0,-82.0,-16.0,568.0
-20.0,-82.0,-16.0,568.0
-18.0,-82.0,-16.0,568.0
-16.0,-82.0,-16.0,568.0
-14.0,-82.0,-16.0,568.0
-12.0,-82.0,-16.0,568.0
-10.0,-82.0,-16.0,568.0
-8.0,-82.0,-16.0,64.0
-6.0,-82.0,-16.0,64.0
-4.0,-82.0,-16.0,64.0
2.0,-82.0,-16.0,127.0
4.0,-82.0,-16.0,127.0
6.0,-82.0,-16.0,567.0
8.0,-82.0,-16.0,567.0
10.0,-82.0,-16.0,567.0
12.0,-82.0,-16.0,567.0
14.0,-82.0,-16.0,567.0
16.0,-82.0,-16.0,567.0
18.0,-82.0,-16.0,567.0
20.0,-82.0,-16.0,567.0
22.0,-82.0,-16.0,327.0
24.0,-82.0,-16.0,327.0
26.0,-82.0,-16.0,327.0
28.0,-82.0,-16.0,327.0
30.0,-82.0,-16.0,327.0
32.0,-82.0,-16.0,327.0
34.0,-82.0,-16.0,546.0
36.0,-82.0,-16.0,546.0
38.0,-82.0,-16.0,546.0
40.0,-82.0,-16.0,546.0
42.0,-82.0,-16.0,546.0
44.0,-82.0,-16.0,277.0
46.0,-82.0,-16.0,277.0
-48.0,-80.0,-16.0,2.0
-46.0,-80.0,-16.0,36.0
-44.0,-80.0,-16.0,36.0
-42.0,-80.0,-16.0,36.0
-40.0,-80.0,-16.0,36.0
-38.0,-80.0,-16.0,36.0
-36.0,-80.0,-16.0,36.0
-34.0,-80.0,-16.0,36.0
-32.0,-80.0,-16.0,444.0
-30.0,-80.0,-16.0,287.0
-28.0,-80.0,-16.0,287.0
-26.0,-80.0,-16.0,568.0
-24.0,-80.0,-16.0,568.0
-22.0,-80.0,-16.0,568.0
-20.0,-80.0,-16.0,568.0
-18.0,-80.0,-16.0,568.0
-16.0,-80.0,-16.0,568.0
-14.0,-80.0,-16.0,568.0
-12.0,-80.0,-16.0,568.0
-10.0,-80.0,-16.0,568.0
-8.0,-80.0,-16.0,64.0
-6.0,-80.0,-16.0,64.0
4.0,-80.0,-16.0,567.0
6.0,-80.0,-16.0,567.0
8.0,-80.0,-16.0,567.0
10.0,-80.0,-16.0,567.0
12.0,-80.0,-16.0,567.0
14.0,-80.0,-16.0,567.0
16.0,-80.0,-16.0,567.0
18.0,-80.0,-16.0,567.0
20.0,-80.0,-16.0,567.0
22.0,-80.0,-16.0,327.0
24.0,-80.0,-16.0,327.0
26.0,-80.0,-16.0,327.0
28.0,-80.0,-16.0,327.0
30.0,-80.0,-16.0,327.0
32.0,-80.0,-16.0,327.0
34.0,-80.0,-16.0,546.0
36.0,-80.0,-16.0,546.0
38.0,-80.0,-16.0,546.0
40.0,-80.0,-16.0,546.0
42.0,-80.0,-16.0,277.0
44.0,-80.0,-16.0,277.0
46.0,-80.0,-16.0,277.0
-48.0,-78.0,-16.0,2.0
-46.0,-78.0,-16.0,2.0
-44.0,-78.0,-16.0,36.0
-42.0,-78.0,-16.0,36.0
-40.0,-78.0,-16.0,36.0
-38.0,-78.0,-16.0,36.0
-36.0,-78.0,-16.0,36.0
-34.0,-78.0,-16.0,36.0
-32.0,-78.0,-16.0,444.0
-30.0,-78.0,-16.0,444.0
-28.0,-78.0,-16.0,287.0
-26.0,-78.0,-16.0,568.0
-24.0,-78.0,-16.0,568.0
-22.0,-78.0,-16.0,568.0
-20.0,-78.0,-16.0,568.0
-18.0,-78.0,-16.0,568.0
-16.0,-78.0,-16.0,568.0
-14.0,-78.0,-16.0,568.0
-12.0,-78.0,-16.0,568.0
-10.0,-78.0,-16.0,64.0
4.0,-78.0,-16.0,567.0
6.0,-78.0,-16.0,567.0
8.0,-78.0,-16.0,567.0
10.0,-78.0,-16.0,567.0
12.0,-78.0,-16.0,567.0
14.0,-78.0,-16.0,567.0
16.0,-78.0,-16.0,567.0
18.0,-78.0,-16.0,567.0
20.0,-78.0,-16.0,567.0
22.0,-78.0,-16.0,327.0
24.0,-78.0,-16.0,327.0
26.0,-78.0,-16.0,327.0
28.0,-78.0,-16.0,327.0
30.0,-78.0,-16.0,327.0
32.0,-78.0,-16.0,546.0
34.0,-78.0,-16.0,546.0
36.0,-78.0,-16.0,546.0
38.0,-78.0,-16.0,546.0
40.0,-78.0,-16.0,106.0
42.0,-78.0,-16.0,277.0
44.0,-78.0,-16.0,277.0
46.0,-78.0,-16.0,277.0
-48.0,-76.0,-16.0,2.0
-46.0,-76.0,-16.0,2.0
-44.0,-76.0,-16.0,36.0
-42.0,-76.0,-16.0,36.0
-40.0,-76.0,-16.0,36.0
-38.0,-76.0,-16.0,36.0
-36.0,-76.0,-16.0,36.0
-34.0,-76.0,-16.0,444.0
-32.0,-76.0,-16.0,444.0
-30.0,-76.0,-16.0,444.0
-28.0,-76.0,-16.0,444.0
-26.0,-76.0,-16.0,444.0
-24.0,-76.0,-16.0,568.0
-22.0,-76.0,-16.0,568.0
-20.0,-76.0,-16.0,568.0
-18.0,-76.0,-16.0,568.0
-16.0,-76.0,-16.0,568.0
-14.0,-76.0,-16.0,568.0
-12.0,-76.0,-16.0,568.0
10.0,-76.0,-16.0,362.0
12.0,-76.0,-16.0,567.0
14.0,-76.0,-16.0,567.0
16.0,-76.0,-16.0,567.0
18.0,-76.0,-16.0,567.0
20.0,-76.0,-16.0,431.0
22.0,-76.0,-16.0,327.0
24.0,-76.0,-16.0,327.0
26.0,-76.0,-16.0,327.0
28.0,-76.0,-16.0,327.0
30.0,-76.0,-16.0,327.0
32.0,-76.0,-16.0,546.0
34.0,-76.0,-16.0,546.0
36.0,-76.0,-16.0,106.0
38.0,-76.0,-16.0,106.0
40.0,-76.0,-16.0,106.0
42.0,-76.0,-16.0,277.0
44.0,-76.0,-16.0,277.0
46.0,-76.0,-16.0,277.0
-46.0,-74.0,-16.0,2.0
-44.0,-74.0,-16.0,2.0
-42.0,-74.0,-16.0,36.0
-40.0,-74.0,-16.0,36.0
-38.0,-74.0,-16.0,36.0
-36.0,-74.0,-16.0,36.0
-34.0,-74.0,-16.0,444.0
-32.0,-74.0,-16.0,444.0
-30.0,-74.0,-16.0,444.0
-28.0,-74.0,-16.0,444.0
-26.0,-74.0,-16.0,444.0
-24.0,-74.0,-16.0,444.0
-22.0,-74.0,-16.0,568.0
-20.0,-74.0,-16.0,568.0
-18.0,-74.0,-16.0,568.0
-16.0,-74.0,-16.0,568.0
-14.0,-74.0,-16.0,568.0
12.0,-74.0,-16.0,362.0
14.0,-74.0,-16.0,362.0
16.0,-74.0,-16.0,431.0
18.0,-74.0,-16.0,431.0
20.0,-74.0,-16.0,431.0
22.0,-74.0,-16.0,431.0
24.0,-74.0,-16.0,357.0
26.0,-74.0,-16.0,357.0
28.0,-74.0,-16.0,327.0
30.0,-74.0,-16.0,327.0
32.0,-74.0,-16.0,106.0
34.0,-74.0,-16.0,106.0
36.0,-74.0,-16.0,106.0
38.0,-74.0,-16.0,106.0
40.0,-74.0,-16.0,277.0
42.0,-74.0,-16.0,277.0
44.0,-74.0,-16.0,277.0
46.0,-74.0,-16.0,277.0
48.0,-74.0,-16.0,277.0
50.0,-74.0,-16.0,277.0
-52.0,-72.0,-16.0,2.0
-50.0,-72.0,-16.0,2.0
-48.0,-72.0,-16.0,2.0
-46.0,-72.0,-16.0,2.0
-44.0,-72.0,-16.0,2.0
-42.0,-72.0,-16.0,2.0
-40.0,-72.0,-16.0,36.0
-38.0,-72.0,-16.0,36.0
-36.0,-72.0,-16.0,444.0
-34.0,-72.0,-16.0,444.0
-32.0,-72.0,-16.0,444.0
-30.0,-72.0,-16.0,444.0
-28.0,-72.0,-16.0,444.0
-26.0,-72.0,-16.0,444.0
-24.0,-72.0,-16.0,579.0
-22.0,-72.0,-16.0,579.0
-20.0,-72.0,-16.0,579.0
-18.0,-72.0,-16.0,579.0
-16.0,-72.0,-16.0,568.0
14.0,-72.0,-16.0,431.0
16.0,-72.0,-16.0,431.0
18.0,-72.0,-16.0,431.0
20.0,-72.0,-16.0,431.0
22.0,-72.0,-16.0,431.0
24.0,-72.0,-16.0,357.0
26.0,-72.0,-16.0,357.0
28.0,-72.0,-16.0,357.0
30.0,-72.0,-16.0,357.0
32.0,-72.0,-16.0,476.0
34.0,-72.0,-16.0,476.0
36.0,-72.0,-16.0,476.0
38.0,-72.0,-16.0,476.0
40.0,-72.0,-16.0,476.0
42.0,-72.0,-16.0,277.0
44.0,-72.0,-16.0,277.0
46.0,-72.0,-16.0,277.0
48.0,-72.0,-16.0,277.0
50.0,-72.0,-16.0,350.0
52.0,-72.0,-16.0,350.0
-54.0,-70.0,-16.0,2.0
-52.0,-70.0,-16.0,2.0
-50.0,-70.0,-16.0,2.0
-48.0,-70.0,-16.0,2.0
-46.0,-70.0,-16.0,2.0
-44.0,-70.0,-16.0,2.0
-42.0,-70.0,-16.0,2.0
-40.0,-70.0,-16.0,36.0
-38.0,-70.0,-16.0,36.0
-36.0,-70.0,-16.0,444.0
-34.0,-70.0,-16.0,444.0
-32.0,-70.0,-16.0,444.0
-30.0,-70.0,-16.0,444.0
-28.0,-70.0,-16.0,444.0
-26.0,-70.0,-16.0,444.0
-24.0,-70.0,-16.0,579.0
-22.0,-70.0,-16.0,579.0
-20.0,-70.0,-16.0,579.0
-18.0,-70.0,-16.0,579.0
18.0,-70.0,-16.0,431.0
20.0,-70.0,-16.0,431.0
22.0,-70.0,-16.0,431.0
24.0,-70.0,-16.0,357.0
26.0,-70.0,-16.0,357.0
28.0,-70.0,-16.0,357.0
30.0,-70.0,-16.0,357.0
32.0,-70.0,-16.0,476.0
36.0,-70.0,-16.0,476.0
38.0,-70.0,-16.0,476.0
40.0,-70.0,-16.0,476.0
42.0,-70.0,-16.0,476.0
44.0,-70.0,-16.0,476.0
46.0,-70.0,-16.0,350.0
48.0,-70.0,-16.0,350.0
50.0,-70.0,-16.0,350.0
52.0,-70.0,-16.0,350.0
54.0,-70.0,-16.0,350.0
-54.0,-68.0,-16.0,2.0
-52.0,-68.0,-16.0,2.0
-50.0,-68.0,-16.0,2.0
-48.0,-68.0,-16.0,2.0
-46.0,-68.0,-16.0,2.0
-44.0,-68.0,-16.0,2.0
-42.0,-68.0,-16.0,2.0
-40.0,-68.0,-16.0,2.0
-38.0,-68.0,-16.0,444.0
-36.0,-68.0,-16.0,444.0
-34.0,-68.0,-16.0,444.0
-32.0,-68.0,-16.0,444.0
-30.0,-68.0,-16.0,444.0
-28.0,-68.0,-16.0,444.0
-26.0,-68.0,-16.0,579.0
-24.0,-68.0,-16.0,579.0
-22.0,-68.0,-16.0,579.0
-20.0,-68.0,-16.0,579.0
20.0,-68.0,-16.0,431.0
22.0,-68.0,-16.0,431.0
24.0,-68.0,-16.0,357.0
26.0,-68.0,-16.0,357.0
28.0,-68.0,-16.0,357.0
30.0,-68.0,-16.0,476.0
32.0,-68.0,-16.0,476.0
36.0,-68.0,-16.0,476.0
38.0,-68.0,-16.0,476.0
40.0,-68.0,-16.0,476.0
42.0,-68.0,-16.0,476.0
44.0,-68.0,-16.0,476.0
46.0,-68.0,-16.0,350.0
48.0,-68.0,-16.0,350.0
50.0,-68.0,-16.0,350.0
52.0,-68.0,-16.0,350.0
54.0,-68.0,-16.0,350.0
56.0,-68.0,-16.0,350.0
-56.0,-66.0,-16.0,2.0
-54.0,-66.0,-16.0,2.0
-52.0,-66.0,-16.0,2.0
-50.0,-66.0,-16.0,2.0
-48.0,-66.0,-16.0,2.0
-46.0,-66.0,-16.0,2.0
-44.0,-66.0,-16.0,2.0
-42.0,-66.0,-16.0,2.0
-40.0,-66.0,-16.0,2.0
-38.0,-66.0,-16.0,444.0
-36.0,-66.0,-16.0,444.0
-34.0,-66.0,-16.0,444.0
-32.0,-66.0,-16.0,444.0
-30.0,-66.0,-16.0,178.0
-28.0,-66.0,-16.0,579.0
-26.0,-66.0,-16.0,579.0
-24.0,-66.0,-16.0,579.0
22.0,-66.0,-16.0,431.0
24.0,-66.0,-16.0,357.0
26.0,-66.0,-16.0,357.0
28.0,-66.0,-16.0,357.0
30.0,-66.0,-16.0,476.0
32.0,-66.0,-16.0,476.0
34.0,-66.0,-16.0,476.0
36.0,-66.0,-16.0,476.0
38.0,-66.0,-16.0,476.0
40.0,-66.0,-16.0,476.0
42.0,-66.0,-16.0,476.0
44.0,-66.0,-16.0,476.0
46.0,-66.0,-16.0,350.0
48.0,-66.0,-16.0,350.0
50.0,-66.0,-16.0,350.0
52.0,-66.0,-16.0,350.0
54.0,-66.0,-16.0,350.0
56.0,-66.0,-16.0,350.0
-58.0,-64.0,-16.0,388.0
-56.0,-64.0,-16.0,2.0
-54.0,-64.0,-16.0,2.0
-52.0,-64.0,-16.0,2.0
-50.0,-64.0,-16.0,2.0
-48.0,-64.0,-16.0,2.0
-46.0,-64.0,-16.0,2.0
-44.0,-64.0,-16.0,2.0
-42.0,-64.0,-16.0,2.0
-40.0,-64.0,-16.0,2.0
-38.0,-64.0,-16.0,444.0
-36.0,-64.0,-16.0,178.0
-34.0,-64.0,-16.0,178.0
-32.0,-64.0,-16.0,178.0
-30.0,-64.0,-16.0,178.0
-28.0,-64.0,-16.0,579.0
-26.0,-64.0,-16.0,579.0
-24.0,-64.0,-16.0,579.0
24.0,-64.0,-16.0,357.0
26.0,-64.0,-16.0,357.0
28.0,-64.0,-16.0,357.0
30.0,-64.0,-16.0,476.0
32.0,-64.0,-16.0,476.0
34.0,-64.0,-16.0,476.0
36.0,-64.0,-16.0,476.0
38.0,-64.0,-16.0,476.0
40.0,-64.0,-16.0,476.0
42.0,-64.0,-16.0,476.0
44.0,-64.0,-16.0,476.0
46.0,-64.0,-16.0,350.0
48.0,-64.0,-16.0,350.0
50.0,-64.0,-16.0,350.0
52.0,-64.0,-16.0,350.0
54.0,-64.0,-16.0,350.0
56.0,-64.0,-16.0,350.0
58.0,-64.0,-16.0,11.0
-60.0,-62.0,-16.0,459.0
-58.0,-62.0,-16.0,459.0
-56.0,-62.0,-16.0,459.0
-54.0,-62.0,-16.0,459.0
-52.0,-62.0,-16.0,459.0
-50.0,-62.0,-16.0,459.0
-48.0,-62.0,-16.0,459.0
-46.0,-62.0,-16.0,2.0
-44.0,-62.0,-16.0,2.0
-42.0,-62.0,-16.0,2.0
-40.0,-62.0,-16.0,2.0
-38.0,-62.0,-16.0,178.0
-36.0,-62.0,-16.0,178.0
-34.0,-62.0,-16.0,178.0
-32.0,-62.0,-16.0,178.0
-30.0,-62.0,-16.0,178.0
-28.0,-62.0,-16.0,579.0
-26.0,-62.0,-16.0,579.0
-24.0,-62.0,-16.0,579.0
24.0,-62.0,-16.0,451.0
26.0,-62.0,-16.0,451.0
28.0,-62.0,-16.0,451.0
30.0,-62.0,-16.0,476.0
32.0,-62.0,-16.0,476.0
34.0,-62.0,-16.0,476.0
36.0,-62.0,-16.0,476.0
38.0,-62.0,-16.0,476.0
40.0,-62.0,-16.0,476.0
42.0,-62.0,-16.0,476.0
44.0,-62.0,-16.0,476.0
46.0,-62.0,-16.0,476.0
48.0,-62.0,-16.0,350.0
50.0,-62.0,-16.0,350.0
52.0,-62.0,-16.0,350.0
54.0,-62.0,-16.0,350.0
56.0,-62.0,-16.0,350.0
58.0,-62.0,-16.0,11.0
60.0,-62.0,-16.0,11.0
-60.0,-60.0,-16.0,459.0
-58.0,-60.0,-16.0,459.0
-56.0,-60.0,-16.0,459.0
-54.0,-60.0,-16.0,459.0
-52.0,-60.0,-16.0,459.0
-50.0,-60.0,-16.0,459.0
-48.0,-60.0,-16.0,459.0
-46.0,-60.0,-16.0,459.0
-44.0,-60.0,-16.0,459.0
-42.0,-60.0,-16.0,459.0
-40.0,-60.0,-16.0,459.0
-38.0,-60.0,-16.0,178.0
-36.0,-60.0,-16.0,178.0
-34.0,-60.0,-16.0,178.0
-32.0,-60.0,-16.0,178.0
-30.0,-60.0,-16.0,178.0
-28.0,-60.0,-16.0,579.0
-26.0,-60.0,-16.0,579.0
24.0,-60.0,-16.0,451.0
26.0,-60.0,-16.0,451.0
28.0,-60.0,-16.0,451.0
30.0,-60.0,-16.0,451.0
32.0,-60.0,-16.0,476.0
34.0,-60.0,-16.0,476.0
36.0,-60.0,-16.0,476.0
38.0,-60.0,-16.0,476.0
40.0,-60.0,-16.0,476.0
42.0,-60.0,-16.0,476.0
44.0,-60.0,-16.0,476.0
46.0,-60.0,-16.0,476.0
48.0,-60.0,-16.0,350.0
50.0,-60.0,-16.0,350.0
52.0,-60.0,-16.0,350.0
54.0,-60.0,-16.0,350.0
56.0,-60.0,-16.0,11.0
58.0,-60.0,-16.0,11.0
60.0,-60.0,-16.0,11.0
-62.0,-58.0,-16.0,459.0
-60.0,-58.0,-16.0,459.0
-58.0,-58.0,-16.0,459.0
-56.0,-58.0,-16.0,459.0
-54.0,-58.0,-16.0,459.0
-52.0,-58.0,-16.0,459.0
-50.0,-58.0,-16.0,459.0
-48.0,-58.0,-16.0,459.0
-46.0,-58.0,-16.0,459.0
-44.0,-58.0,-16.0,459.0
-42.0,-58.0,-16.0,459.0
-40.0,-58.0,-16.0,459.0
-38.0,-58.0,-16.0,178.0
-36.0,-58.0,-16.0,178.0
-34.0,-58.0,-16.0,178.0
-32.0,-58.0,-16.0,178.0
-30.0,-58.0,-16.0,178.0
-28.0,-58.0,-16.0,579.0
-26.0,-58.0,-16.0,579.0
24.0,-58.0,-16.0,451.0
26.0,-58.0,-16.0,451.0
32.0,-58.0,-16.0,476.0
34.0,-58.0,-16.0,476.0
36.0,-58.0,-16.0,476.0
38.0,-58.0,-16.0,476.0
40.0,-58.0,-16.0,476.0
42.0,-58.0,-16.0,476.0
44.0,-58.0,-16.0,476.0
46.0,-58.0,-16.0,476.0
48.0,-58.0,-16.0,350.0
50.0,-58.0,-16.0,350.0
52.0,-58.0,-16.0,350.0
54.0,-58.0,-16.0,11.0
56.0,-58.0,-16.0,11.0
58.0,-58.0,-16.0,11.0
60.0,-58.0,-16.0,11.0
62.0,-58.0,-16.0,11.0
-62.0,-56.0,-16.0,459.0
-60.0,-56.0,-16.0,459.0
-58.0,-56.0,-16.0,459.0
-56.0,-56.0,-16.0,459.0
-54.0,-56.0,-16.0,459.0
-52.0,-56.0,-16.0,459.0
-50.0,-56.0,-16.0,459.0
-48.0,-56.0,-16.0,459.0
-46.0,-56.0,-16.0,459.0
-44.0,-56.0,-16.0,459.0
-42.0,-56.0,-16.0,459.0
-40.0,-56.0,-16.0,459.0
-38.0,-56.0,-16.0,459.0
-36.0,-56.0,-16.0,178.0
-34.0,-56.0,-16.0,178.0
-32.0,-56.0,-16.0,178.0
-30.0,-56.0,-16.0,178.0
-28.0,-56.0,-16.0,579.0
-26.0,-56.0,-16.0,579.0
24.0,-56.0,-16.0,451.0
26.0,-56.0,-16.0,451.0
34.0,-56.0,-16.0,316.0
36.0,-56.0,-16.0,316.0
38.0,-56.0,-16.0,316.0
40.0,-56.0,-16.0,316.0
42.0,-56.0,-16.0,316.0
44.0,-56.0,-16.0,316.0
46.0,-56.0,-16.0,316.0
48.0,-56.0,-16.0,350.0
50.0,-56.0,-16.0,350.0
52.0,-56.0,-16.0,11.0
54.0,-56.0,-16.0,11.0
56.0,-56.0,-16.0,11.0
58.0,-56.0,-16.0,11.0
60.0,-56.0,-16.0,11.0
62.0,-56.0,-16.0,11.0
-64.0,-54.0,-16.0,535.0
-62.0,-54.0,-16.0,459.0
-60.0,-54.0,-16.0,459.0
-58.0,-54.0,-16.0,459.0
-56.0,-54.0,-16.0,459.0
-54.0,-54.0,-16.0,459.0
-52.0,-54.0,-16.0,459.0
-50.0,-54.0,-16.0,459.0
-48.0,-54.0,-16.0,459.0
-46.0,-54.0,-16.0,459.0
-44.0,-54.0,-16.0,459.0
-42.0,-54.0,-16.0,459.0
-40.0,-54.0,-16.0,459.0
-38.0,-54.0,-16.0,459.0
-36.0,-54.0,-16.0,459.0
-34.0,-54.0,-16.0,178.0
-32.0,-54.0,-16.0,178.0
-30.0,-54.0,-16.0,178.0
-28.0,-54.0,-16.0,579.0
-26.0,-54.0,-16.0,579.0
24.0,-54.0,-16.0,451.0
26.0,-54.0,-16.0,451.0
32.0,-54.0,-16.0,451.0
34.0,-54.0,-16.0,316.0
36.0,-54.0,-16.0,316.0
38.0,-54.0,-16.0,316.0
40.0,-54.0,-16.0,316.0
42.0,-54.0,-16.0,316.0
44.0,-54.0,-16.0,316.0
46.0,-54.0,-16.0,316.0
48.0,-54.0,-16.0,316.0
50.0,-54.0,-16.0,11.0
52.0,-54.0,-16.0,11.0
54.0,-54.0,-16.0,11.0
56.0,-54.0,-16.0,11.0
58.0,-54.0,-16.0,11.0
60.0,-54.0,-16.0,11.0
62.0,-54.0,-16.0,11.0
64.0,-54.0,-16.0,11.0
-64.0,-52.0,-16.0,535.0
-62.0,-52.0,-16.0,535.0
-60.0,-52.0,-16.0,459.0
-58.0,-52.0,-16.0,459.0
-56.0,-52.0,-16.0,459.0
-54.0,-52.0,-16.0,459.0
-52.0,-52.0,-16.0,459.0
-50.0,-52.0,-16.0,459.0
-48.0,-52.0,-16.0,459.0
-46.0,-52.0,-16.0,459.0
-44.0,-52.0,-16.0,459.0
-42.0,-52.0,-16.0,459.0
-40.0,-52.0,-16.0,459.0
-38.0,-52.0,-16.0,459.0
-36.0,-52.0,-16.0,459.0
-34.0,-52.0,-16.0,178.0
-32.0,-52.0,-16.0,178.0
-30.0,-52.0,-16.0,547.0
-28.0,-52.0,-16.0,547.0
-26.0,-52.0,-16.0,547.0
24.0,-52.0,-16.0,451.0
30.0,-52.0,-16.0,451.0
32.0,-52.0,-16.0,451.0
34.0,-52.0,-16.0,316.0
36.0,-52.0,-16.0,316.0
38.0,-52.0,-16.0,316.0
40.0,-52.0,-16.0,316.0
42.0,-52.0,-16.0,316.0
44.0,-52.0,-16.0,316.0
46.0,-52.0,-16.0,316.0
48.0,-52.0,-16.0,336.0
50.0,-52.0,-16.0,336.0
52.0,-52.0,-16.0,11.0
54.0,-52.0,-16.0,11.0
56.0,-52.0,-16.0,11.0
58.0,-52.0,-16.0,11.0
60.0,-52.0,-16.0,11.0
62.0,-52.0,-16.0,11.0
64.0,-52.0,-16.0,11.0
-64.0,-50.0,-16.0,535.0
-62.0,-50.0,-16.0,535.0
-60.0,-50.0,-16.0,535.0
-58.0,-50.0,-16.0,459.0
-56.0,-50.0,-16.0,459.0
-54.0,-50.0,-16.0,459.0
-52.0,-50.0,-16.0,459.0
-50.0,-50.0,-16.0,459.0
-48.0,-50.0,-16.0,459.0
-46.0,-50.0,-16.0,459.0
-44.0,-50.0,-16.0,459.0
-42.0,-50.0,-16.0,459.0
-40.0,-50.0,-16.0,459.0
-38.0,-50.0,-16.0,459.0
-36.0,-50.0,-16.0,459.0
-34.0,-50.0,-16.0,459.0
-32.0,-50.0,-16.0,547.0
-30.0,-50.0,-16.0,547.0
-28.0,-50.0,-16.0,547.0
-26.0,-50.0,-16.0,547.0
26.0,-50.0,-16.0,451.0
28.0,-50.0,-16.0,451.0
30.0,-50.0,-16.0,451.0
32.0,-50.0,-16.0,451.0
34.0,-50.0,-16.0,316.0
36.0,-50.0,-16.0,316.0
38.0,-50.0,-16.0,316.0
40.0,-50.0,-16.0,316.0
42.0,-50.0,-16.0,316.0
44.0,-50.0,-16.0,316.0
46.0,-50.0,-16.0,336.0
48.0,-50.0,-16.0,336.0
50.0,-50.0,-16.0,336.0
52.0,-50.0,-16.0,336.0
54.0,-50.0,-16.0,11.0
56.0,-50.0,-16.0,11.0
58.0,-50.0,-16.0,11.0
60.0,-50.0,-16.0,11.0
62.0,-50.0,-16.0,11.0
64.0,-50.0,-16.0,11.0
-66.0,-48.0,-16.0,535.0
-64.0,-48.0,-16.0,535.0
-62.0,-48.0,-16.0,535.0
-60.0,-48.0,-16.0,535.0
-58.0,-48.0,-16.0,535.0
-56.0,-48.0,-16.0,507.0
-54.0,-48.0,-16.0,507.0
-52.0,-48.0,-16.0,507.0
-50.0,-48.0,-16.0,507.0
-48.0,-48.0,-16.0,507.0
-46.0,-48.0,-16.0,507.0
-44.0,-48.0,-16.0,507.0
-42.0,-48.0,-16.0,507.0
-40.0,-48.0,-16.0,507.0
-38.0,-48.0,-16.0,507.0
-36.0,-48.0,-16.0,507.0
-34.0,-48.0,-16.0,507.0
-32.0,-48.0,-16.0,547.0
-30.0,-48.0,-16.0,547.0
-28.0,-48.0,-16.0,547.0
24.0,-48.0,-16.0,451.0
26.0,-48.0,-16.0,451.0
28.0,-48.0,-16.0,451.0
30.0,-48.0,-16.0,451.0
32.0,-48.0,-16.0,451.0
34.0,-48.0,-16.0,273.0
36.0,-48.0,-16.0,316.0
38.0,-48.0,-16.0,316.0
40.0,-48.0,-16.0,316.0
42.0,-48.0,-16.0,336.0
44.0,-48.0,-16.0,336.0
46.0,-48.0,-16.0,336.0
48.0,-48.0,-16.0,336.0
50.0,-48.0,-16.0,336.0
52.0,-48.0,-16.0,336.0
54.0,-48.0,-16.0,336.0
56.0,-48.0,-16.0,11.0
58.0,-48.0,-16.0,11.0
60.0,-48.0,-16.0,11.0
62.0,-48.0,-16.0,11.0
64.0,-48.0,-16.0,11.0
-66.0,-46.0,-16.0,535.0
-64.0,-46.0,-16.0,535.0
-62.0,-46.0,-16.0,535.0
-60.0,-46.0,-16.0,535.0
-58.0,-46.0,-16.0,535.0
-56.0,-46.0,-16.0,507.0
-54.0,-46.0,-16.0,507.0
-52.0,-46.0,-16.0,507.0
-50.0,-46.0,-16.0,507.0
-48.0,-46.0,-16.0,507.0
-46.0,-46.0,-16.0,507.0
-44.0,-46.0,-16.0,507.0
-42.0,-46.0,-16.0,507.0
-40.0,-46.0,-16.0,507.0
-38.0,-46.0,-16.0,507.0
-36.0,-46.0,-16.0,507.0
-34.0,-46.0,-16.0,507.0
-32.0,-46.0,-16.0,547.0
-30.0,-46.0,-16.0,547.0
-28.0,-46.0,-16.0,547.0
-26.0,-46.0,-16.0,371.0
24.0,-46.0,-16.0,451.0
26.0,-46.0,-16.0,451.0
28.0,-46.0,-16.0,451.0
30.0,-46.0,-16.0,451.0
32.0,-46.0,-16.0,273.0
34.0,-46.0,-16.0,273.0
36.0,-46.0,-16.0,273.0
38.0,-46.0,-16.0,273.0
40.0,-46.0,-16.0,273.0
42.0,-46.0,-16.0,336.0
44.0,-46.0,-16.0,336.0
46.0,-46.0,-16.0,336.0
48.0,-46.0,-16.0,336.0
50.0,-46.0,-16.0,336.0
52.0,-46.0,-16.0,336.0
54.0,-46.0,-16.0,336.0
56.0,-46.0,-16.0,336.0
58.0,-46.0,-16.0,11.0
60.0,-46.0,-16.0,11.0
62.0,-46.0,-16.0,11.0
64.0,-46.0,-16.0,11.0
-66.0,-44.0,-16.0,535.0
-64.0,-44.0,-16.0,535.0
-62.0,-44.0,-16.0,535.0
-60.0,-44.0,-16.0,535.0
-58.0,-44.0,-16.0,535.0
-56.0,-44.0,-16.0,507.0
-54.0,-44.0,-16.0,507.0
-52.0,-44.0,-16.0,507.0
-50.0,-44.0,-16.0,507.0
-48.0,-44.0,-16.0,507.0
-46.0,-44.0,-16.0,507.0
-44.0,-44.0,-16.0,507.0
-42.0,-44.0,-16.0,507.0
-40.0,-44.0,-16.0,507.0
-38.0,-44.0,-16.0,507.0
-36.0,-44.0,-16.0,507.0
-34.0,-44.0,-16.0,507.0
-32.0,-44.0,-16.0,492.0
-30.0,-44.0,-16.0,492.0
-28.0,-44.0,-16.0,492.0
-26.0,-44.0,-16.0,371.0
18.0,-44.0,-16.0,451.0
24.0,-44.0,-16.0,451.0
26.0,-44.0,-16.0,451.0
28.0,-44.0,-16.0,451.0
30.0,-44.0,-16.0,273.0
32.0,-44.0,-16.0,273.0
34.0,-44.0,-16.0,273.0
36.0,-44.0,-16.0,273.0
38.0,-44.0,-16.0,273.0
40.0,-44.0,-16.0,273.0
42.0,-44.0,-16.0,273.0
44.0,-44.0,-16.0,336.0
46.0,-44.0,-16.0,336.0
48.0,-44.0,-16.0,336.0
50.0,-44.0,-16.0,336.0
52.0,-44.0,-16.0,336.0
54.0,-44.0,-16.0,336.0
56.0,-44.0,-16.0,336.0
58.0,-44.0,-16.0,11.0
60.0,-44.0,-16.0,11.0
62.0,-44.0,-16.0,11.0
64.0,-44.0,-16.0,11.0
66.0,-44.0,-16.0,11.0
-68.0,-42.0,-16.0,535.0
-66.0,-42.0,-16.0,535.0
-64.0,-42.0,-16.0,535.0
-62.0,-42.0,-16.0,535.0
-60.0,-42.0,-16.0,535.0
-58.0,-42.0,-16.0,535.0
-56.0,-42.0,-16.0,507.0
-54.0,-42.0,-16.0,507.0
-52.0,-42.0,-16.0,507.0
-50.0,-42.0,-16.0,507.0
-48.0,-42.0,-16.0,507.0
-46.0,-42.0,-16.0,507.0
-44.0,-42.0,-16.0,507.0
-42.0,-42.0,-16.0,507.0
-40.0,-42.0,-16.0,507.0
-38.0,-42.0,-16.0,507.0
-36.0,-42.0,-16.0,507.0
-34.0,-42.0,-16.0,507.0
-32.0,-42.0,-16.0,492.0
-30.0,-42.0,-16.0,492.0
-28.0,-42.0,-16.0,492.0
-26.0,-42.0,-16.0,492.0
-24.0,-42.0,-16.0,492.0
18.0,-42.0,-16.0,451.0
24.0,-42.0,-16.0,451.0
26.0,-42.0,-16.0,451.0
28.0,-42.0,-16.0,273.0
30.0,-42.0,-16.0,273.0
32.0,-42.0,-16.0,273.0
34.0,-42.0,-16.0,273.0
36.0,-42.0,-16.0,273.0
38.0,-42.0,-16.0,273.0
40.0,-42.0,-16.0,273.0
42.0,-42.0,-16.0,273.0
44.0,-42.0,-16.0,273.0
46.0,-42.0,-16.0,336.0
48.0,-42.0,-16.0,336.0
50.0,-42.0,-16.0,336.0
52.0,-42.0,-16.0,269.0
54.0,-42.0,-16.0,269.0
56.0,-42.0,-16.0,269.0
58.0,-42.0,-16.0,269.0
60.0,-42.0,-16.0,269.0
62.0,-42.0,-16.0,11.0
64.0,-42.0,-16.0,11.0
66.0,-42.0,-16.0,11.0
-68.0,-40.0,-16.0,535.0
-66.0,-40.0,-16.0,535.0
-64.0,-40.0,-16.0,535.0
-62.0,-40.0,-16.0,535.0
-60.0,-40.0,-16.0,535.0
-58.0,-40.0,-16.0,535.0
-56.0,-40.0,-16.0,535.0
-54.0,-40.0,-16.0,507.0
-52.0,-40.0,-16.0,507.0
-50.0,-40.0,-16.0,507.0
-48.0,-40.0,-16.0,507.0
-46.0,-40.0,-16.0,507.0
-44.0,-40.0,-16.0,507.0
-42.0,-40.0,-16.0,507.0
-40.0,-40.0,-16.0,507.0
-38.0,-40.0,-16.0,507.0
-36.0,-40.0,-16.0,507.0
-34.0,-40.0,-16.0,492.0
-32.0,-40.0,-16.0,492.0
-30.0,-40.0,-16.0,492.0
-28.0,-40.0,-16.0,492.0
-26.0,-40.0,-16.0,492.0
-24.0,-40.0,-16.0,492.0
18.0,-40.0,-16.0,513.0
24.0,-40.0,-16.0,273.0
26.0,-40.0,-16.0,273.0
28.0,-40.0,-16.0,273.0
30.0,-40.0,-16.0,273.0
32.0,-40.0,-16.0,273.0
34.0,-40.0,-16.0,273.0
36.0,-40.0,-16.0,273.0
38.0,-40.0,-16.0,273.0
40.0,-40.0,-16.0,273.0
42.0,-40.0,-16.0,273.0
44.0,-40.0,-16.0,273.0
46.0,-40.0,-16.0,269.0
48.0,-40.0,-16.0,269.0
50.0,-40.0,-16.0,269.0
52.0,-40.0,-16.0,269.0
54.0,-40.0,-16.0,269.0
56.0,-40.0,-16.0,269.0
58.0,-40.0,-16.0,269.0
60.0,-40.0,-16.0,269.0
62.0,-40.0,-16.0,269.0
64.0,-40.0,-16.0,11.0
66.0,-40.0,-16.0,11.0
-68.0,-38.0,-16.0,535.0
-66.0,-38.0,-16.0,535.0
-64.0,-38.0,-16.0,535.0
-62.0,-38.0,-16.0,535.0
-60.0,-38.0,-16.0,535.0
-58.0,-38.0,-16.0,535.0
-56.0,-38.0,-16.0,38.0
-54.0,-38.0,-16.0,507.0
-52.0,-38.0,-16.0,507.0
-50.0,-38.0,-16.0,507.0
-48.0,-38.0,-16.0,507.0
-46.0,-38.0,-16.0,507.0
-44.0,-38.0,-16.0,507.0
-42.0,-38.0,-16.0,507.0
-40.0,-38.0,-16.0,507.0
-38.0,-38.0,-16.0,490.0
-36.0,-38.0,-16.0,490.0
-34.0,-38.0,-16.0,492.0
-32.0,-38.0,-16.0,492.0
-30.0,-38.0,-16.0,492.0
-28.0,-38.0,-16.0,492.0
-26.0,-38.0,-16.0,492.0
-24.0,-38.0,-16.0,492.0
26.0,-38.0,-16.0,273.0
28.0,-38.0,-16.0,273.0
30.0,-38.0,-16.0,273.0
32.0,-38.0,-16.0,273.0
34.0,-38.0,-16.0,273.0
36.0,-38.0,-16.0,273.0
38.0,-38.0,-16.0,273.0
40.0,-38.0,-16.0,273.0
42.0,-38.0,-16.0,273.0
44.0,-38.0,-16.0,273.0
46.0,-38.0,-16.0,526.0
48.0,-38.0,-16.0,269.0
50.0,-38.0,-16.0,269.0
52.0,-38.0,-16.0,269.0
54.0,-38.0,-16.0,269.0
56.0,-38.0,-16.0,269.0
58.0,-38.0,-16.0,269.0
60.0,-38.0,-16.0,269.0
62.0,-38.0,-16.0,269.0
64.0,-38.0,-16.0,26.0
66.0,-38.0,-16.0,26.0
68.0,-38.0,-16.0,26.0
-68.0,-36.0,-16.0,38.0
-66.0,-36.0,-16.0,38.0
-64.0,-36.0,-16.0,38.0
-62.0,-36.0,-16.0,38.0
-60.0,-36.0,-16.0,38.0
-58.0,-36.0,-16.0,38.0
-56.0,-36.0,-16.0,38.0
-54.0,-36.0,-16.0,38.0
-52.0,-36.0,-16.0,507.0
-50.0,-36.0,-16.0,507.0
-48.0,-36.0,-16.0,507.0
-46.0,-36.0,-16.0,507.0
-44.0,-36.0,-16.0,507.0
-42.0,-36.0,-16.0,490.0
-40.0,-36.0,-16.0,490.0
-38.0,-36.0,-16.0,490.0
-36.0,-36.0,-16.0,490.0
-34.0,-36.0,-16.0,490.0
-32.0,-36.0,-16.0,492.0
-30.0,-36.0,-16.0,492.0
-28.0,-36.0,-16.0,492.0
-26.0,-36.0,-16.0,492.0
-24.0,-36.0,-16.0,492.0
30.0,-36.0,-16.0,273.0
32.0,-36.0,-16.0,273.0
34.0,-36.0,-16.0,273.0
38.0,-36.0,-16.0,273.0
40.0,-36.0,-16.0,273.0
42.0,-36.0,-16.0,273.0
44.0,-36.0,-16.0,526.0
46.0,-36.0,-16.0,526.0
48.0,-36.0,-16.0,526.0
50.0,-36.0,-16.0,269.0
52.0,-36.0,-16.0,269.0
54.0,-36.0,-16.0,269.0
56.0,-36.0,-16.0,269.0
58.0,-36.0,-16.0,269.0
60.0,-36.0,-16.0,436.0
62.0,-36.0,-16.0,436.0
64.0,-36.0,-16.0,26.0
66.0,-36.0,-16.0,26.0
68.0,-36.0,-16.0,26.0
-68.0,-34.0,-16.0,38.0
-66.0,-34.0,-16.0,38.0
-64.0,-34.0,-16.0,38.0
-62.0,-34.0,-16.0,38.0
-60.0,-34.0,-16.0,38.0
-58.0,-34.0,-16.0,38.0
-56.0,-34.0,-16.0,38.0
-54.0,-34.0,-16.0,38.0
-52.0,-34.0,-16.0,38.0
-50.0,-34.0,-16.0,38.0
-48.0,-34.0,-16.0,507.0
-46.0,-34.0,-16.0,490.0
-44.0,-34.0,-16.0,490.0
-40.0,-34.0,-16.0,490.0
-38.0,-34.0,-16.0,490.0
-36.0,-34.0,-16.0,490.0
-34.0,-34.0,-16.0,490.0
-32.0,-34.0,-16.0,492.0
-30.0,-34.0,-16.0,492.0
-28.0,-34.0,-16.0,492.0
-26.0,-34.0,-16.0,492.0
-24.0,-34.0,-16.0,492.0
54.0,-34.0,-16.0,269.0
56.0,-34.0,-16.0,436.0
58.0,-34.0,-16.0,436.0
60.0,-34.0,-16.0,436.0
62.0,-34.0,-16.0,436.0
64.0,-34.0,-16.0,26.0
66.0,-34.0,-16.0,26.0
68.0,-34.0,-16.0,26.0
-70.0,-32.0,-16.0,38.0
-68.0,-32.0,-16.0,38.0
-66.0,-32.0,-16.0,38.0
-64.0,-32.0,-16.0,38.0
-62.0,-32.0,-16.0,38.0
-60.0,-32.0,-16.0,38.0
-58.0,-32.0,-16.0,38.0
-56.0,-32.0,-16.0,38.0
-54.0,-32.0,-16.0,38.0
-48.0,-32.0,-16.0,490.0
-40.0,-32.0,-16.0,490.0
-38.0,-32.0,-16.0,490.0
-36.0,-32.0,-16.0,490.0
-34.0,-32.0,-16.0,490.0
-32.0,-32.0,-16.0,492.0
-30.0,-32.0,-16.0,492.0
-28.0,-32.0,-16.0,492.0
-26.0,-32.0,-16.0,492.0
-24.0,-32.0,-16.0,492.0
-22.0,-32.0,-16.0,492.0
54.0,-32.0,-16.0,436.0
56.0,-32.0,-16.0,436.0
58.0,-32.0,-16.0,436.0
60.0,-32.0,-16.0,436.0
62.0,-32.0,-16.0,436.0
64.0,-32.0,-16.0,26.0
66.0,-32.0,-16.0,26.0
68.0,-32.0,-16.0,26.0
-70.0,-30.0,-16.0,417.0
-68.0,-30.0,-16.0,38.0
-66.0,-30.0,-16.0,38.0
-64.0,-30.0,-16.0,38.0
-62.0,-30.0,-16.0,38.0
-60.0,-30.0,-16.0,38.0
-58.0,-30.0,-16.0,38.0
-56.0,-30.0,-16.0,38.0
-54.0,-30.0,-16.0,38.0
-42.0,-30.0,-16.0,490.0
-40.0,-30.0,-16.0,490.0
-38.0,-30.0,-16.0,490.0
-36.0,-30.0,-16.0,490.0
-34.0,-30.0,-16.0,490.0
-32.0,-30.0,-16.0,490.0
-30.0,-30.0,-16.0,492.0
-28.0,-30.0,-16.0,492.0
-26.0,-30.0,-16.0,492.0
-24.0,-30.0,-16.0,492.0
-22.0,-30.0,-16.0,492.0
24.0,-30.0,-16.0,332.0
26.0,-30.0,-16.0,332.0
28.0,-30.0,-16.0,273.0
30.0,-30.0,-16.0,273.0
32.0,-30.0,-16.0,273.0
34.0,-30.0,-16.0,273.0
42.0,-30.0,-16.0,526.0
52.0,-30.0,-16.0,436.0
54.0,-30.0,-16.0,436.0
56.0,-30.0,-16.0,436.0
58.0,-30.0,-16.0,436.0
60.0,-30.0,-16.0,436.0
62.0,-30.0,-16.0,436.0
64.0,-30.0,-16.0,26.0
66.0,-30.0,-16.0,26.0
68.0,-30.0,-16.0,26.0
-70.0,-28.0,-16.0,417.0
-68.0,-28.0,-16.0,417.0
-66.0,-28.0,-16.0,417.0
-64.0,-28.0,-16.0,417.0
-62.0,-28.0,-16.0,417.0
-60.0,-28.0,-16.0,38.0
-58.0,-28.0,-16.0,38.0
-56.0,-28.0,-16.0,38.0
-42.0,-28.0,-16.0,490.0
-40.0,-28.0,-16.0,490.0
-38.0,-28.0,-16.0,490.0
-36.0,-28.0,-16.0,490.0
-34.0,-28.0,-16.0,490.0
-32.0,-28.0,-16.0,490.0
-30.0,-28.0,-16.0,492.0
-28.0,-28.0,-16.0,492.0
-26.0,-28.0,-16.0,492.0
-24.0,-28.0,-16.0,492.0
24.0,-28.0,-16.0,430.0
26.0,-28.0,-16.0,430.0
28.0,-28.0,-16.0,430.0
30.0,-28.0,-16.0,430.0
32.0,-28.0,-16.0,430.0
34.0,-28.0,-16.0,430.0
36.0,-28.0,-16.0,430.0
38.0,-28.0,-16.0,526.0
40.0,-28.0,-16.0,526.0
42.0,-28.0,-16.0,526.0
52.0,-28.0,-16.0,436.0
54.0,-28.0,-16.0,436.0
56.0,-28.0,-16.0,436.0
58.0,-28.0,-16.0,436.0
60.0,-28.0,-16.0,436.0
62.0,-28.0,-16.0,436.0
64.0,-28.0,-16.0,26.0
66.0,-28.0,-16.0,26.0
68.0,-28.0,-16.0,26.0
-70.0,-26.0,-16.0,417.0
-68.0,-26.0,-16.0,417.0
-66.0,-26.0,-16.0,417.0
-64.0,-26.0,-16.0,417.0
-62.0,-26.0,-16.0,417.0
-60.0,-26.0,-16.0,417.0
-58.0,-26.0,-16.0,417.0
-56.0,-26.0,-16.0,417.0
-42.0,-26.0,-16.0,490.0
-40.0,-26.0,-16.0,490.0
-38.0,-26.0,-16.0,490.0
-36.0,-26.0,-16.0,490.0
-34.0,-26.0,-16.0,490.0
-32.0,-26.0,-16.0,490.0
-30.0,-26.0,-16.0,490.0
-28.0,-26.0,-16.0,492.0
-26.0,-26.0,-16.0,492.0
24.0,-26.0,-16.0,430.0
26.0,-26.0,-16.0,430.0
28.0,-26.0,-16.0,430.0
30.0,-26.0,-16.0,430.0
32.0,-26.0,-16.0,430.0
34.0,-26.0,-16.0,430.0
36.0,-26.0,-16.0,430.0
52.0,-26.0,-16.0,436.0
54.0,-26.0,-16.0,436.0
56.0,-26.0,-16.0,436.0
58.0,-26.0,-16.0,436.0
60.0,-26.0,-16.0,436.0
62.0,-26.0,-16.0,436.0
64.0,-26.0,-16.0,26.0
66.0,-26.0,-16.0,26.0
68.0,-26.0,-16.0,26.0
-70.0,-24.0,-16.0,417.0
-68.0,-24.0,-16.0,417.0
-66.0,-24.0,-16.0,417.0
-64.0,-24.0,-16.0,417.0
-62.0,-24.0,-16.0,417.0
-60.0,-24.0,-16.0,417.0
-58.0,-24.0,-16.0,417.0
-56.0,-24.0,-16.0,417.0
-54.0,-24.0,-16.0,417.0
-40.0,-24.0,-16.0,490.0
-38.0,-24.0,-16.0,490.0
-36.0,-24.0,-16.0,490.0
-34.0,-24.0,-16.0,490.0
-32.0,-24.0,-16.0,490.0
-30.0,-24.0,-16.0,490.0
-28.0,-24.0,-16.0,492.0
-26.0,-24.0,-16.0,492.0
-24.0,-24.0,-16.0,492.0
20.0,-24.0,-16.0,430.0
22.0,-24.0,-16.0,430.0
24.0,-24.0,-16.0,430.0
26.0,-24.0,-16.0,430.0
28.0,-24.0,-16.0,430.0
30.0,-24.0,-16.0,430.0
36.0,-24.0,-16.0,430.0
52.0,-24.0,-16.0,436.0
54.0,-24.0,-16.0,436.0
56.0,-24.0,-16.0,436.0
58.0,-24.0,-16.0,436.0
60.0,-24.0,-16.0,436.0
62.0,-24.0,-16.0,436.0
64.0,-24.0,-16.0,26.0
66.0,-24.0,-16.0,26.0
68.0,-24.0,-16.0,26.0
-70.0,-22.0,-16.0,417.0
-68.0,-22.0,-16.0,417.0
-66.0,-22.0,-16.0,417.0
-64.0,-22.0,-16.0,417.0
-62.0,-22.0,-16.0,417.0
-60.0,-22.0,-16.0,417.0
-58.0,-22.0,-16.0,417.0
-56.0,-22.0,-16.0,417.0
-54.0,-22.0,-16.0,417.0
-40.0,-22.0,-16.0,490.0
-38.0,-22.0,-16.0,490.0
-36.0,-22.0,-16.0,490.0
-34.0,-22.0,-16.0,490.0
-32.0,-22.0,-16.0,490.0
-30.0,-22.0,-16.0,490.0
-28.0,-22.0,-16.0,492.0
-26.0,-22.0,-16.0,492.0
-24.0,-22.0,-16.0,492.0
-22.0,-22.0,-16.0,492.0
20.0,-22.0,-16.0,430.0
22.0,-22.0,-16.0,430.0
24.0,-22.0,-16.0,430.0
26.0,-22.0,-16.0,430.0
28.0,-22.0,-16.0,430.0
30.0,-22.0,-16.0,430.0
32.0,-22.0,-16.0,430.0
34.0,-22.0,-16.0,430.0
36.0,-22.0,-16.0,430.0
38.0,-22.0,-16.0,430.0
50.0,-22.0,-16.0,436.0
52.0,-22.0,-16.0,436.0
54.0,-22.0,-16.0,436.0
56.0,-22.0,-16.0,436.0
58.0,-22.0,-16.0,436.0
60.0,-22.0,-16.0,436.0
62.0,-22.0,-16.0,436.0
64.0,-22.0,-16.0,26.0
66.0,-22.0,-16.0,26.0
68.0,-22.0,-16.0,26.0
-70.0,-20.0,-16.0,417.0
-68.0,-20.0,-16.0,417.0
-66.0,-20.0,-16.0,417.0
-64.0,-20.0,-16.0,417.0
-62.0,-20.0,-16.0,417.0
-60.0,-20.0,-16.0,417.0
-58.0,-20.0,-16.0,417.0
-56.0,-20.0,-16.0,417.0
-54.0,-20.0,-16.0,417.0
-40.0,-20.0,-16.0,490.0
-38.0,-20.0,-16.0,490.0
-36.0,-20.0,-16.0,490.0
-34.0,-20.0,-16.0,490.0
-32.0,-20.0,-16.0,490.0
-30.0,-20.0,-16.0,490.0
-28.0,-20.0,-16.0,490.0
-26.0,-20.0,-16.0,492.0
-24.0,-20.0,-16.0,492.0
-22.0,-20.0,-16.0,492.0
22.0,-20.0,-16.0,430.0
24.0,-20.0,-16.0,430.0
26.0,-20.0,-16.0,430.0
28.0,-20.0,-16.0,430.0
30.0,-20.0,-16.0,430.0
32.0,-20.0,-16.0,430.0
34.0,-20.0,-16.0,430.0
36.0,-20.0,-16.0,430.0
38.0,-20.0,-16.0,430.0
50.0,-20.0,-16.0,436.0
52.0,-20.0,-16.0,436.0
54.0,-20.0,-16.0,436.0
56.0,-20.0,-16.0,436.0
58.0,-20.0,-16.0,436.0
60.0,-20.0,-16.0,436.0
62.0,-20.0,-16.0,436.0
64.0,-20.0,-16.0,26.0
66.0,-20.0,-16.0,26.0
68.0,-20.0,-16.0,26.0
-70.0,-18.0,-16.0,417.0
-68.0,-18.0,-16.0,417.0
-66.0,-18.0,-16.0,417.0
-64.0,-18.0,-16.0,417.0
-62.0,-18.0,-16.0,417.0
-60.0,-18.0,-16.0,417.0
-58.0,-18.0,-16.0,417.0
-56.0,-18.0,-16.0,417.0
-54.0,-18.0,-16.0,417.0
-40.0,-18.0,-16.0,558.0
-38.0,-18.0,-16.0,490.0
-36.0,-18.0,-16.0,490.0
-34.0,-18.0,-16.0,490.0
-32.0,-18.0,-16.0,490.0
-30.0,-18.0,-16.0,490.0
-28.0,-18.0,-16.0,198.0
-26.0,-18.0,-16.0,198.0
-24.0,-18.0,-16.0,492.0
24.0,-18.0,-16.0,430.0
26.0,-18.0,-16.0,430.0
28.0,-18.0,-16.0,430.0
30.0,-18.0,-16.0,430.0
32.0,-18.0,-16.0,430.0
34.0,-18.0,-16.0,430.0
36.0,-18.0,-16.0,430.0
38.0,-18.0,-16.0,430.0
48.0,-18.0,-16.0,463.0
50.0,-18.0,-16.0,463.0
52.0,-18.0,-16.0,463.0
54.0,-18.0,-16.0,436.0
56.0,-18.0,-16.0,436.0
58.0,-18.0,-16.0,436.0
60.0,-18.0,-16.0,436.0
62.0,-18.0,-16.0,436.0
64.0,-18.0,-16.0,26.0
66.0,-18.0,-16.0,26.0
68.0,-18.0,-16.0,26.0
-70.0,-16.0,-16.0,417.0
-68.0,-16.0,-16.0,417.0
-66.0,-16.0,-16.0,417.0
-64.0,-16.0,-16.0,417.0
-62.0,-16.0,-16.0,417.0
-60.0,-16.0,-16.0,417.0
-58.0,-16.0,-16.0,417.0
-56.0,-16.0,-16.0,417.0
-54.0,-16.0,-16.0,417.0
-52.0,-16.0,-16.0,558.0
-38.0,-16.0,-16.0,490.0
-36.0,-16.0,-16.0,490.0
-34.0,-16.0,-16.0,490.0
-32.0,-16.0,-16.0,198.0
-30.0,-16.0,-16.0,198.0
-28.0,-16.0,-16.0,198.0
-26.0,-16.0,-16.0,198.0
22.0,-16.0,-16.0,96.0
24.0,-16.0,-16.0,430.0
26.0,-16.0,-16.0,430.0
28.0,-16.0,-16.0,430.0
30.0,-16.0,-16.0,430.0
32.0,-16.0,-16.0,430.0
34.0,-16.0,-16.0,430.0
36.0,-16.0,-16.0,430.0
38.0,-16.0,-16.0,430.0
48.0,-16.0,-16.0,463.0
50.0,-16.0,-16.0,463.0
52.0,-16.0,-16.0,463.0
54.0,-16.0,-16.0,463.0
56.0,-16.0,-16.0,463.0
58.0,-16.0,-16.0,436.0
60.0,-16.0,-16.0,436.0
62.0,-16.0,-16.0,436.0
64.0,-16.0,-16.0,26.0
66.0,-16.0,-16.0,26.0
68.0,-16.0,-16.0,26.0
-70.0,-14.0,-16.0,417.0
-68.0,-14.0,-16.0,417.0
-66.0,-14.0,-16.0,417.0
-64.0,-14.0,-16.0,417.0
-62.0,-14.0,-16.0,417.0
-60.0,-14.0,-16.0,417.0
-58.0,-14.0,-16.0,417.0
-56.0,-14.0,-16.0,417.0
-54.0,-14.0,-16.0,115.0
-52.0,-14.0,-16.0,558.0
-50.0,-14.0,-16.0,558.0
-48.0,-14.0,-16.0,558.0
-38.0,-14.0,-16.0,558.0
-36.0,-14.0,-16.0,198.0
-34.0,-14.0,-16.0,198.0
-32.0,-14.0,-16.0,198.0
-30.0,-14.0,-16.0,198.0
-28.0,-14.0,-16.0,198.0
-26.0,-14.0,-16.0,136.0
-24.0,-14.0,-16.0,136.0
-22.0,-14.0,-16.0,136.0
20.0,-14.0,-16.0,483.0
22.0,-14.0,-16.0,96.0
24.0,-14.0,-16.0,96.0
26.0,-14.0,-16.0,96.0
28.0,-14.0,-16.0,430.0
30.0,-14.0,-16.0,430.0
32.0,-14.0,-16.0,430.0
34.0,-14.0,-16.0,430.0
36.0,-14.0,-16.0,430.0
48.0,-14.0,-16.0,463.0
50.0,-14.0,-16.0,463.0
52.0,-14.0,-16.0,463.0
54.0,-14.0,-16.0,463.0
56.0,-14.0,-16.0,463.0
58.0,-14.0,-16.0,456.0
60.0,-14.0,-16.0,456.0
62.0,-14.0,-16.0,456.0
64.0,-14.0,-16.0,26.0
66.0,-14.0,-16.0,26.0
68.0,-14.0,-16.0,26.0
-70.0,-12.0,-16.0,417.0
-68.0,-12.0,-16.0,417.0
-66.0,-12.0,-16.0,417.0
-64.0,-12.0,-16.0,417.0
-62.0,-12.0,-16.0,417.0
-60.0,-12.0,-16.0,417.0
-58.0,-12.0,-16.0,115.0
-56.0,-12.0,-16.0,115.0
-54.0,-12.0,-16.0,115.0
-52.0,-12.0,-16.0,115.0
-50.0,-12.0,-16.0,115.0
-48.0,-12.0,-16.0,115.0
-46.0,-12.0,-16.0,558.0
-36.0,-12.0,-16.0,198.0
-34.0,-12.0,-16.0,198.0
-32.0,-12.0,-16.0,198.0
-30.0,-12.0,-16.0,198.0
-28.0,-12.0,-16.0,136.0
-26.0,-12.0,-16.0,136.0
-24.0,-12.0,-16.0,136.0
-22.0,-12.0,-16.0,136.0
20.0,-12.0,-16.0,483.0
22.0,-12.0,-16.0,96.0
24.0,-12.0,-16.0,96.0
26.0,-12.0,-16.0,96.0
28.0,-12.0,-16.0,96.0
30.0,-12.0,-16.0,96.0
32.0,-12.0,-16.0,430.0
48.0,-12.0,-16.0,463.0
50.0,-12.0,-16.0,463.0
52.0,-12.0,-16.0,463.0
54.0,-12.0,-16.0,463.0
56.0,-12.0,-16.0,456.0
58.0,-12.0,-16.0,456.0
60.0,-12.0,-16.0,456.0
62.0,-12.0,-16.0,456.0
64.0,-12.0,-16.0,70.0
66.0,-12.0,-16.0,70.0
68.0,-12.0,-16.0,70.0
-68.0,-10.0,-16.0,397.0
-66.0,-10.0,-16.0,397.0
-64.0,-10.0,-16.0,397.0
-62.0,-10.0,-16.0,397.0
-60.0,-10.0,-16.0,115.0
-58.0,-10.0,-16.0,115.0
-56.0,-10.0,-16.0,115.0
-54.0,-10.0,-16.0,115.0
-52.0,-10.0,-16.0,115.0
-50.0,-10.0,-16.0,115.0
-48.0,-10.0,-16.0,115.0
-46.0,-10.0,-16.0,115.0
-36.0,-10.0,-16.0,506.0
-34.0,-10.0,-16.0,198.0
-32.0,-10.0,-16.0,198.0
-30.0,-10.0,-16.0,136.0
-28.0,-10.0,-16.0,136.0
-26.0,-10.0,-16.0,136.0
-24.0,-10.0,-16.0,136.0
-22.0,-10.0,-16.0,136.0
20.0,-10.0,-16.0,483.0
22.0,-10.0,-16.0,483.0
24.0,-10.0,-16.0,96.0
26.0,-10.0,-16.0,96.0
28.0,-10.0,-16.0,96.0
46.0,-10.0,-16.0,463.0
48.0,-10.0,-16.0,463.0
50.0,-10.0,-16.0,463.0
52.0,-10.0,-16.0,463.0
54.0,-10.0,-16.0,456.0
56.0,-10.0,-16.0,456.0
58.0,-10.0,-16.0,456.0
60.0,-10.0,-16.0,456.0
62.0,-10.0,-16.0,456.0
64.0,-10.0,-16.0,70.0
66.0,-10.0,-16.0,70.0
68.0,-10.0,-16.0,70.0
-68.0,-8.0,-16.0,397.0
-66.0,-8.0,-16.0,397.0
-64.0,-8.0,-16.0,397.0
-62.0,-8.0,-16.0,397.0
-60.0,-8.0,-16.0,115.0
-58.0,-8.0,-16.0,115.0
-56.0,-8.0,-16.0,115.0
-54.0,-8.0,-16.0,115.0
-52.0,-8.0,-16.0,115.0
-50.0,-8.0,-16.0,115.0
-48.0,-8.0,-16.0,115.0
-46.0,-8.0,-16.0,115.0
-22.0,-8.0,-16.0,136.0
-20.0,-8.0,-16.0,396.0
-18.0,-8.0,-16.0,396.0
18.0,-8.0,-16.0,483.0
20.0,-8.0,-16.0,483.0
22.0,-8.0,-16.0,483.0
24.0,-8.0,-16.0,590.0
26.0,-8.0,-16.0,96.0
28.0,-8.0,-16.0,96.0
42.0,-8.0,-16.0,463.0
46.0,-8.0,-16.0,463.0
48.0,-8.0,-16.0,463.0
50.0,-8.0,-16.0,463.0
52.0,-8.0,-16.0,456.0
54.0,-8.0,-16.0,456.0
56.0,-8.0,-16.0,456.0
58.0,-8.0,-16.0,456.0
60.0,-8.0,-16.0,456.0
62.0,-8.0,-16.0,456.0
64.0,-8.0,-16.0,70.0
66.0,-8.0,-16.0,70.0
-68.0,-6.0,-16.0,397.0
-66.0,-6.0,-16.0,397.0
-64.0,-6.0,-16.0,397.0
-62.0,-6.0,-16.0,397.0
-60.0,-6.0,-16.0,397.0
-58.0,-6.0,-16.0,115.0
-56.0,-6.0,-16.0,115.0
-54.0,-6.0,-16.0,115.0
-52.0,-6.0,-16.0,115.0
-50.0,-6.0,-16.0,115.0
-48.0,-6.0,-16.0,115.0
-46.0,-6.0,-16.0,115.0
-26.0,-6.0,-16.0,136.0
-24.0,-6.0,-16.0,136.0
-22.0,-6.0,-16.0,136.0
-20.0,-6.0,-16.0,396.0
-18.0,-6.0,-16.0,396.0
-16.0,-6.0,-16.0,396.0
16.0,-6.0,-16.0,483.0
18.0,-6.0,-16.0,483.0
20.0,-6.0,-16.0,483.0
22.0,-6.0,-16.0,483.0
24.0,-6.0,-16.0,590.0
26.0,-6.0,-16.0,590.0
28.0,-6.0,-16.0,590.0
38.0,-6.0,-16.0,96.0
40.0,-6.0,-16.0,463.0
42.0,-6.0,-16.0,463.0
44.0,-6.0,-16.0,463.0
46.0,-6.0,-16.0,463.0
48.0,-6.0,-16.0,463.0
50.0,-6.0,-16.0,456.0
52.0,-6.0,-16.0,456.0
54.0,-6.0,-16.0,456.0
56.0,-6.0,-16.0,456.0
58.0,-6.0,-16.0,456.0
60.0,-6.0,-16.0,456.0
62.0,-6.0,-16.0,152.0
64.0,-6.0,-16.0,152.0
66.0,-6.0,-16.0,70.0
-66.0,-4.0,-16.0,397.0
-64.0,-4.0,-16.0,397.0
-62.0,-4.0,-16.0,397.0
-60.0,-4.0,-16.0,397.0
-58.0,-4.0,-16.0,115.0
-56.0,-4.0,-16.0,115.0
-54.0,-4.0,-16.0,115.0
-52.0,-4.0,-16.0,115.0
-50.0,-4.0,-16.0,115.0
-48.0,-4.0,-16.0,115.0
-46.0,-4.0,-16.0,115.0
-44.0,-4.0,-16.0,115.0
-42.0,-4.0,-16.0,115.0
-40.0,-4.0,-16.0,506.0
-38.0,-4.0,-16.0,506.0
-30.0,-4.0,-16.0,136.0
-28.0,-4.0,-16.0,136.0
-26.0,-4.0,-16.0,136.0
-24.0,-4.0,-16.0,136.0
-22.0,-4.0,-16.0,136.0
-20.0,-4.0,-16.0,396.0
-18.0,-4.0,-16.0,396.0
-16.0,-4.0,-16.0,396.0
16.0,-4.0,-16.0,483.0
18.0,-4.0,-16.0,483.0
20.0,-4.0,-16.0,483.0
22.0,-4.0,-16.0,590.0
24.0,-4.0,-16.0,590.0
26.0,-4.0,-16.0,590.0
28.0,-4.0,-16.0,590.0
30.0,-4.0,-16.0,590.0
38.0,-4.0,-16.0,314.0
40.0,-4.0,-16.0,314.0
42.0,-4.0,-16.0,463.0
44.0,-4.0,-16.0,463.0
46.0,-4.0,-16.0,463.0
48.0,-4.0,-16.0,456.0
50.0,-4.0,-16.0,456.0
52.0,-4.0,-16.0,456.0
54.0,-4.0,-16.0,456.0
56.0,-4.0,-16.0,456.0
58.0,-4.0,-16.0,456.0
60.0,-4.0,-16.0,152.0
62.0,-4.0,-16.0,152.0
64.0,-4.0,-16.0,152.0
66.0,-4.0,-16.0,70.0
-66.0,-2.0,-16.0,397.0
-64.0,-2.0,-16.0,397.0
-62.0,-2.0,-16.0,397.0
-60.0,-2.0,-16.0,397.0
-58.0,-2.0,-16.0,397.0
-56.0,-2.0,-16.0,115.0
-54.0,-2.0,-16.0,115.0
-52.0,-2.0,-16.0,115.0
-50.0,-2.0,-16.0,115.0
-48.0,-2.0,-16.0,115.0
-46.0,-2.0,-16.0,115.0
-44.0,-2.0,-16.0,115.0
-42.0,-2.0,-16.0,115.0
-40.0,-2.0,-16.0,278.0
-38.0,-2.0,-16.0,278.0
-36.0,-2.0,-16.0,506.0
-32.0,-2.0,-16.0,136.0
-30.0,-2.0,-16.0,136.0
-28.0,-2.0,-16.0,136.0
-26.0,-2.0,-16.0,136.0
-24.0,-2.0,-16.0,136.0
-22.0,-2.0,-16.0,136.0
-20.0,-2.0,-16.0,396.0
-18.0,-2.0,-16.0,396.0
-16.0,-2.0,-16.0,396.0
16.0,-2.0,-16.0,483.0
18.0,-2.0,-16.0,483.0
20.0,-2.0,-16.0,483.0
22.0,-2.0,-16.0,590.0
24.0,-2.0,-16.0,590.0
26.0,-2.0,-16.0,590.0
28.0,-2.0,-16.0,590.0
30.0,-2.0,-16.0,590.0
40.0,-2.0,-16.0,314.0
42.0,-2.0,-16.0,314.0
44.0,-2.0,-16.0,463.0
46.0,-2.0,-16.0,456.0
48.0,-2.0,-16.0,456.0
50.0,-2.0,-16.0,456.0
52.0,-2.0,-16.0,456.0
54.0,-2.0,-16.0,456.0
56.0,-2.0,-16.0,456.0
58.0,-2.0,-16.0,152.0
60.0,-2.0,-16.0,152.0
62.0,-2.0,-16.0,152.0
64.0,-2.0,-16.0,152.0
-66.0,-0.0,-16.0,397.0
-64.0,-0.0,-16.0,397.0
-62.0,-0.0,-16.0,397.0
-60.0,-0.0,-16.0,397.0
-58.0,-0.0,-16.0,397.0
-56.0,-0.0,-16.0,397.0
-54.0,-0.0,-16.0,115.0
-52.0,-0.0,-16.0,115.0
-50.0,-0.0,-16.0,115.0
-48.0,-0.0,-16.0,115.0
-46.0,-0.0,-16.0,115.0
-44.0,-0.0,-16.0,115.0
-42.0,-0.0,-16.0,278.0
-40.0,-0.0,-16.0,278.0
-38.0,-0.0,-16.0,278.0
-36.0,-0.0,-16.0,278.0
-34.0,-0.0,-16.0,136.0
-32.0,-0.0,-16.0,136.0
-30.0,-0.0,-16.0,136.0
-28.0,-0.0,-16.0,136.0
-26.0,-0.0,-16.0,136.0
-24.0,-0.0,-16.0,136.0
-22.0,-0.0,-16.0,136.0
-20.0,-0.0,-16.0,396.0
-18.0,-0.0,-16.0,396.0
-16.0,-0.0,-16.0,396.0
18.0,-0.0,-16.0,483.0
20.0,-0.0,-16.0,590.0
22.0,-0.0,-16.0,590.0
24.0,-0.0,-16.0,590.0
26.0,-0.0,-16.0,590.0
28.0,-0.0,-16.0,590.0
30.0,-0.0,-16.0,590.0
32.0,-0.0,-16.0,590.0
38.0,-0.0,-16.0,314.0
40.0,-0.0,-16.0,314.0
42.0,-0.0,-16.0,314.0
44.0,-0.0,-16.0,314.0
46.0,-0.0,-16.0,456.0
48.0,-0.0,-16.0,456.0
50.0,-0.0,-16.0,456.0
52.0,-0.0,-16.0,456.0
54.0,-0.0,-16.0,456.0
56.0,-0.0,-16.0,152.0
58.0,-0.0,-16.0,152.0
60.0,-0.0,-16.0,152.0
62.0,-0.0,-16.0,152.0
64.0,-0.0,-16.0,152.0
-64.0,2.0,-16.0,397.0
-62.0,2.0,-16.0,397.0
-60.0,2.0,-16.0,397.0
-58.0,2.0,-16.0,397.0
-56.0,2.0,-16.0,397.0
-54.0,2.0,-16.0,477.0
-52.0,2.0,-16.0,477.0
-50.0,2.0,-16.0,477.0
-48.0,2.0,-16.0,115.0
-46.0,2.0,-16.0,115.0
-44.0,2.0,-16.0,278.0
-42.0,2.0,-16.0,278.0
-40.0,2.0,-16.0,278.0
-38.0,2.0,-16.0,278.0
-36.0,2.0,-16.0,278.0
-34.0,2.0,-16.0,401.0
-32.0,2.0,-16.0,136.0
-30.0,2.0,-16.0,136.0
-28.0,2.0,-16.0,136.0
-26.0,2.0,-16.0,136.0
-24.0,2.0,-16.0,136.0
-22.0,2.0,-16.0,136.0
-20.0,2.0,-16.0,396.0
-18.0,2.0,-16.0,396.0
24.0,2.0,-16.0,590.0
26.0,2.0,-16.0,590.0
28.0,2.0,-16.0,590.0
30.0,2.0,-16.0,590.0
32.0,2.0,-16.0,590.0
34.0,2.0,-16.0,590.0
38.0,2.0,-16.0,314.0
40.0,2.0,-16.0,314.0
42.0,2.0,-16.0,314.0
44.0,2.0,-16.0,314.0
46.0,2.0,-16.0,314.0
48.0,2.0,-16.0,207.0
50.0,2.0,-16.0,207.0
52.0,2.0,-16.0,456.0
54.0,2.0,-16.0,152.0
56.0,2.0,-16.0,152.0
58.0,2.0,-16.0,152.0
60.0,2.0,-16.0,152.0
62.0,2.0,-16.0,152.0
-62.0,4.0,-16.0,397.0
-60.0,4.0,-16.0,397.0
-58.0,4.0,-16.0,397.0
-56.0,4.0,-16.0,477.0
-54.0,4.0,-16.0,477.0
-52.0,4.0,-16.0,477.0
-50.0,4.0,-16.0,477.0
-48.0,4.0,-16.0,477.0
-46.0,4.0,-16.0,522.0
-44.0,4.0,-16.0,278.0
-42.0,4.0,-16.0,278.0
-40.0,4.0,-16.0,278.0
-38.0,4.0,-16.0,278.0
-36.0,4.0,-16.0,278.0
-32.0,4.0,-16.0,401.0
-30.0,4.0,-16.0,401.0
-28.0,4.0,-16.0,136.0
-26.0,4.0,-16.0,136.0
-24.0,4.0,-16.0,136.0
26.0,4.0,-16.0,590.0
28.0,4.0,-16.0,590.0
30.0,4.0,-16.0,590.0
32.0,4.0,-16.0,590.0
34.0,4.0,-16.0,590.0
40.0,4.0,-16.0,314.0
44.0,4.0,-16.0,314.0
46.0,4.0,-16.0,314.0
48.0,4.0,-16.0,207.0
50.0,4.0,-16.0,207.0
52.0,4.0,-16.0,207.0
54.0,4.0,-16.0,207.0
56.0,4.0,-16.0,207.0
58.0,4.0,-16.0,207.0
60.0,4.0,-16.0,207.0
-62.0,6.0,-16.0,397.0
-60.0,6.0,-16.0,397.0
-58.0,6.0,-16.0,397.0
-56.0,6.0,-16.0,477.0
-54.0,6.0,-16.0,477.0
-52.0,6.0,-16.0,477.0
-50.0,6.0,-16.0,477.0
-48.0,6.0,-16.0,522.0
-46.0,6.0,-16.0,522.0
-44.0,6.0,-16.0,522.0
-42.0,6.0,-16.0,278.0
-40.0,6.0,-16.0,278.0
-38.0,6.0,-16.0,278.0
-32.0,6.0,-16.0,401.0
-30.0,6.0,-16.0,401.0
-28.0,6.0,-16.0,401.0
-26.0,6.0,-16.0,136.0
14.0,6.0,-16.0,414.0
16.0,6.0,-16.0,414.0
18.0,6.0,-16.0,143.0
20.0,6.0,-16.0,590.0
22.0,6.0,-16.0,590.0
30.0,6.0,-16.0,590.0
44.0,6.0,-16.0,314.0
46.0,6.0,-16.0,314.0
48.0,6.0,-16.0,207.0
50.0,6.0,-16.0,207.0
52.0,6.0,-16.0,207.0
54.0,6.0,-16.0,207.0
56.0,6.0,-16.0,207.0
58.0,6.0,-16.0,207.0
60.0,6.0,-16.0,207.0
-60.0,8.0,-16.0,397.0
-58.0,8.0,-16.0,477.0
-56.0,8.0,-16.0,477.0
-54.0,8.0,-16.0,477.0
-52.0,8.0,-16.0,522.0
-50.0,8.0,-16.0,522.0
-48.0,8.0,-16.0,522.0
-46.0,8.0,-16.0,522.0
-32.0,8.0,-16.0,401.0
-30.0,8.0,-16.0,401.0
-28.0,8.0,-16.0,401.0
-22.0,8.0,-16.0,395.0
-20.0,8.0,-16.0,395.0
-18.0,8.0,-16.0,395.0
-16.0,8.0,-16.0,395.0
-14.0,8.0,-16.0,395.0
-12.0,8.0,-16.0,395.0
8.0,8.0,-16.0,414.0
10.0,8.0,-16.0,414.0
12.0,8.0,-16.0,414.0
14.0,8.0,-16.0,414.0
16.0,8.0,-16.0,414.0
18.0,8.0,-16.0,143.0
20.0,8.0,-16.0,143.0
22.0,8.0,-16.0,590.0
24.0,8.0,-16.0,590.0
26.0,8.0,-16.0,590.0
44.0,8.0,-16.0,314.0
46.0,8.0,-16.0,429.0
48.0,8.0,-16.0,207.0
50.0,8.0,-16.0,207.0
52.0,8.0,-16.0,207.0
54.0,8.0,-16.0,207.0
56.0,8.0,-16.0,207.0
58.0,8.0,-16.0,207.0
-58.0,10.0,-16.0,477.0
-56.0,10.0,-16.0,477.0
-54.0,10.0,-16.0,522.0
-52.0,10.0,-16.0,522.0
-50.0,10.0,-16.0,522.0
-48.0,10.0,-16.0,522.0
-46.0,10.0,-16.0,522.0
-24.0,10.0,-16.0,395.0
-22.0,10.0,-16.0,395.0
-20.0,10.0,-16.0,395.0
-18.0,10.0,-16.0,395.0
-16.0,10.0,-16.0,395.0
-14.0,10.0,-16.0,395.0
-12.0,10.0,-16.0,395.0
-10.0,10.0,-16.0,395.0
-8.0,10.0,-16.0,395.0
-6.0,10.0,-16.0,107.0
-4.0,10.0,-16.0,107.0
4.0,10.0,-16.0,294.0
6.0,10.0,-16.0,294.0
8.0,10.0,-16.0,294.0
10.0,10.0,-16.0,414.0
12.0,10.0,-16.0,414.0
14.0,10.0,-16.0,414.0
16.0,10.0,-16.0,143.0
18.0,10.0,-16.0,143.0
20.0,10.0,-16.0,143.0
22.0,10.0,-16.0,536.0
24.0,10.0,-16.0,536.0
26.0,10.0,-16.0,590.0
28.0,10.0,-16.0,590.0
44.0,10.0,-16.0,429.0
46.0,10.0,-16.0,429.0
48.0,10.0,-16.0,207.0
50.0,10.0,-16.0,207.0
52.0,10.0,-16.0,207.0
54.0,10.0,-16.0,207.0
56.0,10.0,-16.0,207.0
-58.0,12.0,-16.0,522.0
-56.0,12.0,-16.0,522.0
-54.0,12.0,-16.0,522.0
-52.0,12.0,-16.0,522.0
-50.0,12.0,-16.0,522.0
-48.0,12.0,-16.0,522.0
-46.0,12.0,-16.0,57.0
-26.0,12.0,-16.0,401.0
-24.0,12.0,-16.0,395.0
-22.0,12.0,-16.0,395.0
-20.0,12.0,-16.0,395.0
-18.0,12.0,-16.0,395.0
-16.0,12.0,-16.0,395.0
-14.0,12.0,-16.0,395.0
-12.0,12.0,-16.0,395.0
-10.0,12.0,-16.0,395.0
-8.0,12.0,-16.0,107.0
-6.0,12.0,-16.0,107.0
-4.0,12.0,-16.0,107.0
4.0,12.0,-16.0,294.0
6.0,12.0,-16.0,294.0
8.0,12.0,-16.0,294.0
10.0,12.0,-16.0,294.0
12.0,12.0,-16.0,414.0
14.0,12.0,-16.0,414.0
16.0,12.0,-16.0,143.0
18.0,12.0,-16.0,143.0
20.0,12.0,-16.0,143.0
22.0,12.0,-16.0,536.0
24.0,12.0,-16.0,536.0
26.0,12.0,-16.0,536.0
28.0,12.0,-16.0,536.0
44.0,12.0,-16.0,429.0
46.0,12.0,-16.0,429.0
48.0,12.0,-16.0,429.0
50.0,12.0,-16.0,207.0
52.0,12.0,-16.0,207.0
54.0,12.0,-16.0,207.0
56.0,12.0,-16.0,207.0
-56.0,14.0,-16.0,522.0
-54.0,14.0,-16.0,522.0
-52.0,14.0,-16.0,522.0
-50.0,14.0,-16.0,522.0
-48.0,14.0,-16.0,57.0
-46.0,14.0,-16.0,57.0
-26.0,14.0,-16.0,554.0
-24.0,14.0,-16.0,395.0
-22.0,14.0,-16.0,395.0
-20.0,14.0,-16.0,395.0
-18.0,14.0,-16.0,395.0
-16.0,14.0,-16.0,395.0
-14.0,14.0,-16.0,395.0
-12.0,14.0,-16.0,395.0
-10.0,14.0,-16.0,107.0
-8.0,14.0,-16.0,107.0
-6.0,14.0,-16.0,107.0
-4.0,14.0,-16.0,107.0
-2.0,14.0,-16.0,107.0
2.0,14.0,-16.0,294.0
4.0,14.0,-16.0,294.0
6.0,14.0,-16.0,294.0
8.0,14.0,-16.0,294.0
10.0,14.0,-16.0,294.0
12.0,14.0,-16.0,294.0
14.0,14.0,-16.0,414.0
16.0,14.0,-16.0,143.0
18.0,14.0,-16.0,143.0
20.0,14.0,-16.0,536.0
22.0,14.0,-16.0,536.0
24.0,14.0,-16.0,536.0
26.0,14.0,-16.0,536.0
28.0,14.0,-16.0,536.0
44.0,14.0,-16.0,429.0
46.0,14.0,-16.0,429.0
48.0,14.0,-16.0,429.0
50.0,14.0,-16.0,429.0
52.0,14.0,-16.0,207.0
54.0,14.0,-16.0,207.0
56.0,14.0,-16.0,207.0
-56.0,16.0,-16.0,522.0
-54.0,16.0,-16.0,522.0
-52.0,16.0,-16.0,522.0
-50.0,16.0,-16.0,57.0
-48.0,16.0,-16.0,57.0
-46.0,16.0,-16.0,57.0
-38.0,16.0,-16.0,271.0
-36.0,16.0,-16.0,271.0
-34.0,16.0,-16.0,174.0
-28.0,16.0,-16.0,401.0
-26.0,16.0,-16.0,310.0
-24.0,16.0,-16.0,395.0
-22.0,16.0,-16.0,395.0
-20.0,16.0,-16.0,395.0
-18.0,16.0,-16.0,395.0
-16.0,16.0,-16.0,395.0
-14.0,16.0,-16.0,395.0
-12.0,16.0,-16.0,107.0
-10.0,16.0,-16.0,107.0
-8.0,16.0,-16.0,107.0
-6.0,16.0,-16.0,107.0
-4.0,16.0,-16.0,107.0
-2.0,16.0,-16.0,107.0
2.0,16.0,-16.0,560.0
4.0,16.0,-16.0,560.0
6.0,16.0,-16.0,560.0
8.0,16.0,-16.0,560.0
10.0,16.0,-16.0,560.0
12.0,16.0,-16.0,560.0
14.0,16.0,-16.0,560.0
16.0,16.0,-16.0,109.0
18.0,16.0,-16.0,109.0
20.0,16.0,-16.0,109.0
24.0,16.0,-16.0,536.0
26.0,16.0,-16.0,536.0
28.0,16.0,-16.0,536.0
44.0,16.0,-16.0,429.0
46.0,16.0,-16.0,429.0
48.0,16.0,-16.0,429.0
50.0,16.0,-16.0,429.0
52.0,16.0,-16.0,429.0
54.0,16.0,-16.0,207.0
-56.0,18.0,-16.0,522.0
-54.0,18.0,-16.0,522.0
-52.0,18.0,-16.0,57.0
-50.0,18.0,-16.0,57.0
-48.0,18.0,-16.0,57.0
-46.0,18.0,-16.0,57.0
-40.0,18.0,-16.0,271.0
-38.0,18.0,-16.0,271.0
-36.0,18.0,-16.0,271.0
-34.0,18.0,-16.0,271.0
-32.0,18.0,-16.0,174.0
-28.0,18.0,-16.0,310.0
-26.0,18.0,-16.0,310.0
-24.0,18.0,-16.0,310.0
-22.0,18.0,-16.0,310.0
-20.0,18.0,-16.0,395.0
-18.0,18.0,-16.0,395.0
-16.0,18.0,-16.0,395.0
-14.0,18.0,-16.0,107.0
-12.0,18.0,-16.0,107.0
-10.0,18.0,-16.0,107.0
-8.0,18.0,-16.0,107.0
-6.0,18.0,-16.0,107.0
-4.0,18.0,-16.0,107.0
-2.0,18.0,-16.0,107.0
2.0,18.0,-16.0,560.0
4.0,18.0,-16.0,560.0
6.0,18.0,-16.0,560.0
8.0,18.0,-16.0,560.0
10.0,18.0,-16.0,560.0
12.0,18.0,-16.0,560.0
14.0,18.0,-16.0,109.0
16.0,18.0,-16.0,109.0
18.0,18.0,-16.0,109.0
26.0,18.0,-16.0,536.0
28.0,18.0,-16.0,536.0
30.0,18.0,-16.0,536.0
32.0,18.0,-16.0,536.0
34.0,18.0,-16.0,429.0
36.0,18.0,-16.0,429.0
44.0,18.0,-16.0,429.0
46.0,18.0,-16.0,429.0
48.0,18.0,-16.0,429.0
50.0,18.0,-16.0,429.0
52.0,18.0,-16.0,429.0
-54.0,20.0,-16.0,67.0
-52.0,20.0,-16.0,57.0
-50.0,20.0,-16.0,57.0
-48.0,20.0,-16.0,57.0
-46.0,20.0,-16.0,57.0
-38.0,20.0,-16.0,271.0
-36.0,20.0,-16.0,271.0
-34.0,20.0,-16.0,53.0
-32.0,20.0,-16.0,53.0
-30.0,20.0,-16.0,53.0
-28.0,20.0,-16.0,310.0
-26.0,20.0,-16.0,310.0
-24.0,20.0,-16.0,310.0
-22.0,20.0,-16.0,310.0
-20.0,20.0,-16.0,310.0
-18.0,20.0,-16.0,310.0
-16.0,20.0,-16.0,107.0
-14.0,20.0,-16.0,107.0
-12.0,20.0,-16.0,107.0
-10.0,20.0,-16.0,107.0
-8.0,20.0,-16.0,107.0
-6.0,20.0,-16.0,107.0
-4.0,20.0,-16.0,107.0
-2.0,20.0,-16.0,107.0
0.0,20.0,-16.0,107.0
2.0,20.0,-16.0,560.0
4.0,20.0,-16.0,560.0
6.0,20.0,-16.0,560.0
8.0,20.0,-16.0,560.0
10.0,20.0,-16.0,560.0
12.0,20.0,-16.0,109.0
14.0,20.0,-16.0,109.0
16.0,20.0,-16.0,109.0
18.0,20.0,-16.0,109.0
26.0,20.0,-16.0,536.0
28.0,20.0,-16.0,536.0
30.0,20.0,-16.0,536.0
32.0,20.0,-16.0,536.0
34.0,20.0,-16.0,429.0
36.0,20.0,-16.0,429.0
38.0,20.0,-16.0,429.0
40.0,20.0,-16.0,429.0
42.0,20.0,-16.0,429.0
46.0,20.0,-16.0,429.0
48.0,20.0,-16.0,429.0
50.0,20.0,-16.0,429.0
52.0,20.0,-16.0,429.0
-52.0,22.0,-16.0,67.0
-50.0,22.0,-16.0,57.0
-48.0,22.0,-16.0,57.0
-38.0,22.0,-16.0,53.0
-36.0,22.0,-16.0,53.0
-34.0,22.0,-16.0,53.0
-32.0,22.0,-16.0,53.0
-30.0,22.0,-16.0,53.0
-28.0,22.0,-16.0,310.0
-26.0,22.0,-16.0,310.0
-24.0,22.0,-16.0,310.0
-22.0,22.0,-16.0,310.0
-20.0,22.0,-16.0,310.0
-18.0,22.0,-16.0,597.0
-16.0,22.0,-16.0,597.0
-14.0,22.0,-16.0,597.0
-12.0,22.0,-16.0,107.0
-10.0,22.0,-16.0,107.0
-8.0,22.0,-16.0,107.0
-6.0,22.0,-16.0,107.0
-4.0,22.0,-16.0,107.0
-2.0,22.0,-16.0,107.0
0.0,22.0,-16.0,479.0
2.0,22.0,-16.0,479.0
4.0,22.0,-16.0,560.0
6.0,22.0,-16.0,560.0
8.0,22.0,-16.0,560.0
10.0,22.0,-16.0,109.0
12.0,22.0,-16.0,109.0
14.0,22.0,-16.0,109.0
16.0,22.0,-16.0,109.0
22.0,22.0,-16.0,109.0
24.0,22.0,-16.0,109.0
26.0,22.0,-16.0,109.0
28.0,22.0,-16.0,536.0
30.0,22.0,-16.0,16.0
32.0,22.0,-16.0,16.0
34.0,22.0,-16.0,429.0
36.0,22.0,-16.0,429.0
38.0,22.0,-16.0,429.0
40.0,22.0,-16.0,429.0
42.0,22.0,-16.0,429.0
44.0,22.0,-16.0,429.0
-46.0,24.0,-16.0,475.0
-44.0,24.0,-16.0,475.0
-42.0,24.0,-16.0,53.0
-40.0,24.0,-16.0,53.0
-38.0,24.0,-16.0,53.0
-36.0,24.0,-16.0,53.0
-34.0,24.0,-16.0,53.0
-32.0,24.0,-16.0,53.0
-30.0,24.0,-16.0,53.0
-28.0,24.0,-16.0,53.0
-26.0,24.0,-16.0,310.0
-24.0,24.0,-16.0,310.0
-22.0,24.0,-16.0,310.0
-20.0,24.0,-16.0,597.0
-16.0,24.0,-16.0,597.0
-14.0,24.0,-16.0,597.0
-12.0,24.0,-16.0,597.0
-10.0,24.0,-16.0,597.0
-8.0,24.0,-16.0,107.0
-6.0,24.0,-16.0,107.0
-4.0,24.0,-16.0,479.0
-2.0,24.0,-16.0,479.0
0.0,24.0,-16.0,479.0
2.0,24.0,-16.0,479.0
4.0,24.0,-16.0,479.0
6.0,24.0,-16.0,479.0
8.0,24.0,-16.0,560.0
10.0,24.0,-16.0,109.0
12.0,24.0,-16.0,109.0
14.0,24.0,-16.0,109.0
16.0,24.0,-16.0,109.0
22.0,24.0,-16.0,109.0
24.0,24.0,-16.0,109.0
26.0,24.0,-16.0,109.0
28.0,24.0,-16.0,16.0
30.0,24.0,-16.0,16.0
32.0,24.0,-16.0,16.0
34.0,24.0,-16.0,16.0
36.0,24.0,-16.0,596.0
38.0,24.0,-16.0,429.0
40.0,24.0,-16.0,429.0
42.0,24.0,-16.0,429.0
44.0,24.0,-16.0,429.0
46.0,24.0,-16.0,429.0
-46.0,26.0,-16.0,475.0
-44.0,26.0,-16.0,475.0
-42.0,26.0,-16.0,53.0
-40.0,26.0,-16.0,53.0
-38.0,26.0,-16.0,53.0
-36.0,26.0,-16.0,53.0
-34.0,26.0,-16.0,53.0
-32.0,26.0,-16.0,53.0
-30.0,26.0,-16.0,53.0
-28.0,26.0,-16.0,53.0
-26.0,26.0,-16.0,310.0
-24.0,26.0,-16.0,597.0
-22.0,26.0,-16.0,597.0
-20.0,26.0,-16.0,597.0
-16.0,26.0,-16.0,597.0
-14.0,26.0,-16.0,597.0
-12.0,26.0,-16.0,597.0
-10.0,26.0,-16.0,597.0
-8.0,26.0,-16.0,597.0
-6.0,26.0,-16.0,479.0
-4.0,26.0,-16.0,479.0
-2.0,26.0,-16.0,479.0
0.0,26.0,-16.0,479.0
2.0,26.0,-16.0,479.0
4.0,26.0,-16.0,479.0
6.0,26.0,-16.0,479.0
8.0,26.0,-16.0,109.0
10.0,26.0,-16.0,109.0
12.0,26.0,-16.0,109.0
14.0,26.0,-16.0,109.0
16.0,26.0,-16.0,109.0
20.0,26.0,-16.0,109.0
22.0,26.0,-16.0,109.0
24.0,26.0,-16.0,109.0
26.0,26.0,-16.0,16.0
28.0,26.0,-16.0,16.0
30.0,26.0,-16.0,16.0
32.0,26.0,-16.0,16.0
34.0,26.0,-16.0,596.0
36.0,26.0,-16.0,596.0
38.0,26.0,-16.0,596.0
40.0,26.0,-16.0,596.0
42.0,26.0,-16.0,429.0
44.0,26.0,-16.0,429.0
46.0,26.0,-16.0,429.0
48.0,26.0,-16.0,429.0
-48.0,28.0,-16.0,475.0
-46.0,28.0,-16.0,475.0
-44.0,28.0,-16.0,475.0
-42.0,28.0,-16.0,53.0
-40.0,28.0,-16.0,53.0
-38.0,28.0,-16.0,53.0
-36.0,28.0,-16.0,53.0
-34.0,28.0,-16.0,53.0
-32.0,28.0,-16.0,53.0
-30.0,28.0,-16.0,53.0
-28.0,28.0,-16.0,53.0
-26.0,28.0,-16.0,597.0
-24.0,28.0,-16.0,597.0
-22.0,28.0,-16.0,597.0
-20.0,28.0,-16.0,597.0
-18.0,28.0,-16.0,597.0
-16.0,28.0,-16.0,597.0
-14.0,28.0,-16.0,597.0
-12.0,28.0,-16.0,597.0
-10.0,28.0,-16.0,597.0
-8.0,28.0,-16.0,597.0
-6.0,28.0,-16.0,479.0
-4.0,28.0,-16.0,479.0
-2.0,28.0,-16.0,479.0
0.0,28.0,-16.0,479.0
2.0,28.0,-16.0,479.0
4.0,28.0,-16.0,479.0
6.0,28.0,-16.0,479.0
8.0,28.0,-16.0,252.0
10.0,28.0,-16.0,252.0
12.0,28.0,-16.0,109.0
14.0,28.0,-16.0,109.0
16.0,28.0,-16.0,109.0
18.0,28.0,-16.0,109.0
20.0,28.0,-16.0,109.0
22.0,28.0,-16.0,109.0
24.0,28.0,-16.0,16.0
26.0,28.0,-16.0,16.0
28.0,28.0,-16.0,16.0
30.0,28.0,-16.0,16.0
32.0,28.0,-16.0,16.0
34.0,28.0,-16.0,596.0
36.0,28.0,-16.0,596.0
38.0,28.0,-16.0,596.0
40.0,28.0,-16.0,596.0
42.0,28.0,-16.0,596.0
44.0,28.0,-16.0,596.0
46.0,28.0,-16.0,429.0
48.0,28.0,-16.0,171.0
-48.0,30.0,-16.0,475.0
-46.0,30.0,-16.0,475.0
-44.0,30.0,-16.0,475.0
-42.0,30.0,-16.0,53.0
-40.0,30.0,-16.0,53.0
-38.0,30.0,-16.0,53.0
-36.0,30.0,-16.0,53.0
-34.0,30.0,-16.0,53.0
-32.0,30.0,-16.0,53.0
-30.0,30.0,-16.0,53.0
-28.0,30.0,-16.0,53.0
-26.0,30.0,-16.0,53.0
-24.0,30.0,-16.0,597.0
-22.0,30.0,-16.0,597.0
-20.0,30.0,-16.0,597.0
-18.0,30.0,-16.0,597.0
-16.0,30.0,-16.0,597.0
-14.0,30.0,-16.0,597.0
-12.0,30.0,-16.0,597.0
-10.0,30.0,-16.0,597.0
-8.0,30.0,-16.0,597.0
-6.0,30.0,-16.0,479.0
-4.0,30.0,-16.0,479.0
-2.0,30.0,-16.0,479.0
0.0,30.0,-16.0,479.0
2.0,30.0,-16.0,479.0
4.0,30.0,-16.0,479.0
6.0,30.0,-16.0,252.0
8.0,30.0,-16.0,252.0
10.0,30.0,-16.0,252.0
12.0,30.0,-16.0,252.0
14.0,30.0,-16.0,252.0
16.0,30.0,-16.0,109.0
18.0,30.0,-16.0,109.0
20.0,30.0,-16.0,109.0
22.0,30.0,-16.0,16.0
24.0,30.0,-16.0,16.0
26.0,30.0,-16.0,16.0
28.0,30.0,-16.0,16.0
30.0,30.0,-16.0,16.0
32.0,30.0,-16.0,596.0
34.0,30.0,-16.0,596.0
36.0,30.0,-16.0,596.0
38.0,30.0,-16.0,596.0
40.0,30.0,-16.0,596.0
42.0,30.0,-16.0,596.0
44.0,30.0,-16.0,596.0
46.0,30.0,-16.0,596.0
48.0,30.0,-16.0,171.0
-50.0,32.0,-16.0,475.0
-48.0,32.0,-16.0,475.0
-46.0,32.0,-16.0,475.0
-44.0,32.0,-16.0,475.0
-42.0,32.0,-16.0,53.0
-40.0,32.0,-16.0,53.0
-38.0,32.0,-16.0,53.0
-36.0,32.0,-16.0,53.0
-34.0,32.0,-16.0,53.0
-32.0,32.0,-16.0,53.0
-30.0,32.0,-16.0,53.0
-28.0,32.0,-16.0,110.0
-26.0,32.0,-16.0,110.0
-24.0,32.0,-16.0,597.0
-22.0,32.0,-16.0,597.0
-20.0,32.0,-16.0,597.0
-18.0,32.0,-16.0,597.0
-16.0,32.0,-16.0,597.0
-14.0,32.0,-16.0,597.0
-12.0,32.0,-16.0,597.0
-10.0,32.0,-16.0,597.0
-8.0,32.0,-16.0,484.0
-6.0,32.0,-16.0,112.0
-4.0,32.0,-16.0,112.0
-2.0,32.0,-16.0,112.0
0.0,32.0,-16.0,479.0
2.0,32.0,-16.0,479.0
4.0,32.0,-16.0,479.0
6.0,32.0,-16.0,252.0
8.0,32.0,-16.0,252.0
10.0,32.0,-16.0,252.0
12.0,32.0,-16.0,252.0
18.0,32.0,-16.0,252.0
20.0,32.0,-16.0,109.0
22.0,32.0,-16.0,16.0
24.0,32.0,-16.0,16.0
26.0,32.0,-16.0,16.0
28.0,32.0,-16.0,16.0
30.0,32.0,-16.0,16.0
32.0,32.0,-16.0,596.0
34.0,32.0,-16.0,596.0
36.0,32.0,-16.0,596.0
38.0,32.0,-16.0,596.0
40.0,32.0,-16.0,596.0
42.0,32.0,-16.0,596.0
44.0,32.0,-16.0,596.0
46.0,32.0,-16.0,596.0
48.0,32.0,-16.0,383.0
50.0,32.0,-16.0,383.0
-50.0,34.0,-16.0,538.0
-48.0,34.0,-16.0,475.0
-46.0,34.0,-16.0,475.0
-44.0,34.0,-16.0,475.0
-42.0,34.0,-16.0,53.0
-40.0,34.0,-16.0,53.0
-38.0,34.0,-16.0,53.0
-36.0,34.0,-16.0,53.0
-34.0,34.0,-16.0,53.0
-32.0,34.0,-16.0,110.0
-30.0,34.0,-16.0,110.0
-28.0,34.0,-16.0,110.0
-26.0,34.0,-16.0,110.0
-24.0,34.0,-16.0,110.0
-22.0,34.0,-16.0,597.0
-20.0,34.0,-16.0,597.0
-18.0,34.0,-16.0,597.0
-16.0,34.0,-16.0,597.0
-14.0,34.0,-16.0,597.0
-12.0,34.0,-16.0,484.0
-8.0,34.0,-16.0,484.0
-6.0,34.0,-16.0,112.0
-4.0,34.0,-16.0,112.0
-2.0,34.0,-16.0,112.0
0.0,34.0,-16.0,112.0
2.0,34.0,-16.0,112.0
4.0,34.0,-16.0,252.0
6.0,34.0,-16.0,252.0
8.0,34.0,-16.0,252.0
10.0,34.0,-16.0,252.0
20.0,34.0,-16.0,252.0
22.0,34.0,-16.0,16.0
24.0,34.0,-16.0,16.0
26.0,34.0,-16.0,16.0
28.0,34.0,-16.0,16.0
30.0,34.0,-16.0,596.0
32.0,34.0,-16.0,596.0
34.0,34.0,-16.0,596.0
36.0,34.0,-16.0,596.0
38.0,34.0,-16.0,596.0
40.0,34.0,-16.0,596.0
42.0,34.0,-16.0,596.0
44.0,34.0,-16.0,596.0
46.0,34.0,-16.0,383.0
48.0,34.0,-16.0,383.0
50.0,34.0,-16.0,383.0
-52.0,36.0,-16.0,538.0
-50.0,36.0,-16.0,538.0
-48.0,36.0,-16.0,475.0
-46.0,36.0,-16.0,475.0
-44.0,36.0,-16.0,475.0
-42.0,36.0,-16.0,245.0
-40.0,36.0,-16.0,245.0
-38.0,36.0,-16.0,245.0
-36.0,36.0,-16.0,110.0
-34.0,36.0,-16.0,110.0
-32.0,36.0,-16.0,110.0
-30.0,36.0,-16.0,110.0
-28.0,36.0,-16.0,110.0
-26.0,36.0,-16.0,110.0
-24.0,36.0,-16.0,110.0
-22.0,36.0,-16.0,597.0
-20.0,36.0,-16.0,597.0
-18.0,36.0,-16.0,597.0
-16.0,36.0,-16.0,298.0
-8.0,36.0,-16.0,298.0
-6.0,36.0,-16.0,112.0
-4.0,36.0,-16.0,112.0
-2.0,36.0,-16.0,112.0
0.0,36.0,-16.0,112.0
2.0,36.0,-16.0,112.0
4.0,36.0,-16.0,252.0
6.0,36.0,-16.0,252.0
8.0,36.0,-16.0,252.0
10.0,36.0,-16.0,252.0
20.0,36.0,-16.0,252.0
22.0,36.0,-16.0,16.0
24.0,36.0,-16.0,16.0
26.0,36.0,-16.0,16.0
28.0,36.0,-16.0,16.0
30.0,36.0,-16.0,596.0
32.0,36.0,-16.0,596.0
34.0,36.0,-16.0,596.0
36.0,36.0,-16.0,596.0
38.0,36.0,-16.0,596.0
40.0,36.0,-16.0,596.0
42.0,36.0,-16.0,596.0
44.0,36.0,-16.0,383.0
46.0,36.0,-16.0,383.0
48.0,36.0,-16.0,383.0
50.0,36.0,-16.0,383.0
-52.0,38.0,-16.0,538.0
-50.0,38.0,-16.0,538.0
-48.0,38.0,-16.0,538.0
-46.0,38.0,-16.0,245.0
-44.0,38.0,-16.0,245.0
-42.0,38.0,-16.0,245.0
-40.0,38.0,-16.0,245.0
-38.0,38.0,-16.0,245.0
-36.0,38.0,-16.0,110.0
-34.0,38.0,-16.0,110.0
-32.0,38.0,-16.0,110.0
-30.0,38.0,-16.0,110.0
-28.0,38.0,-16.0,110.0
-26.0,38.0,-16.0,110.0
-24.0,38.0,-16.0,110.0
-22.0,38.0,-16.0,110.0
-20.0,38.0,-16.0,298.0
-18.0,38.0,-16.0,298.0
-8.0,38.0,-16.0,298.0
-6.0,38.0,-16.0,112.0
-4.0,38.0,-16.0,112.0
-2.0,38.0,-16.0,112.0
0.0,38.0,-16.0,112.0
2.0,38.0,-16.0,112.0
4.0,38.0,-16.0,252.0
6.0,38.0,-16.0,252.0
8.0,38.0,-16.0,252.0
10.0,38.0,-16.0,252.0
20.0,38.0,-16.0,252.0
22.0,38.0,-16.0,16.0
24.0,38.0,-16.0,16.0
26.0,38.0,-16.0,412.0
28.0,38.0,-16.0,412.0
30.0,38.0,-16.0,412.0
32.0,38.0,-16.0,412.0
34.0,38.0,-16.0,412.0
36.0,38.0,-16.0,412.0
38.0,38.0,-16.0,412.0
40.0,38.0,-16.0,120.0
42.0,38.0,-16.0,120.0
44.0,38.0,-16.0,383.0
46.0,38.0,-16.0,383.0
48.0,38.0,-16.0,383.0
50.0,38.0,-16.0,383.0
-52.0,40.0,-16.0,538.0
-50.0,40.0,-16.0,538.0
-48.0,40.0,-16.0,245.0
-46.0,40.0,-16.0,245.0
-44.0,40.0,-16.0,245.0
-42.0,40.0,-16.0,245.0
-40.0,40.0,-16.0,245.0
-38.0,40.0,-16.0,245.0
-36.0,40.0,-16.0,110.0
-34.0,40.0,-16.0,110.0
-32.0,40.0,-16.0,110.0
-30.0,40.0,-16.0,110.0
-28.0,40.0,-16.0,110.0
-26.0,40.0,-16.0,110.0
-24.0,40.0,-16.0,110.0
-22.0,40.0,-16.0,110.0
-20.0,40.0,-16.0,588.0
-18.0,40.0,-16.0,298.0
-8.0,40.0,-16.0,298.0
-6.0,40.0,-16.0,112.0
-4.0,40.0,-16.0,112.0
-2.0,40.0,-16.0,112.0
0.0,40.0,-16.0,112.0
2.0,40.0,-16.0,112.0
4.0,40.0,-16.0,252.0
6.0,40.0,-16.0,252.0
8.0,40.0,-16.0,252.0
10.0,40.0,-16.0,252.0
20.0,40.0,-16.0,252.0
22.0,40.0,-16.0,412.0
24.0,40.0,-16.0,412.0
26.0,40.0,-16.0,412.0
28.0,40.0,-16.0,412.0
30.0,40.0,-16.0,412.0
32.0,40.0,-16.0,412.0
34.0,40.0,-16.0,412.0
36.0,40.0,-16.0,412.0
38.0,40.0,-16.0,412.0
40.0,40.0,-16.0,120.0
42.0,40.0,-16.0,120.0
44.0,40.0,-16.0,120.0
46.0,40.0,-16.0,383.0
48.0,40.0,-16.0,383.0
50.0,40.0,-16.0,383.0
-50.0,42.0,-16.0,538.0
-48.0,42.0,-16.0,15.0
-46.0,42.0,-16.0,15.0
-44.0,42.0,-16.0,245.0
-42.0,42.0,-16.0,245.0
-40.0,42.0,-16.0,245.0
-38.0,42.0,-16.0,245.0
-36.0,42.0,-16.0,110.0
-34.0,42.0,-16.0,110.0
-32.0,42.0,-16.0,110.0
-30.0,42.0,-16.0,110.0
-28.0,42.0,-16.0,110.0
-26.0,42.0,-16.0,110.0
-24.0,42.0,-16.0,110.0
-22.0,42.0,-16.0,588.0
-20.0,42.0,-16.0,588.0
-18.0,42.0,-16.0,588.0
-16.0,42.0,-16.0,588.0
-8.0,42.0,-16.0,298.0
-6.0,42.0,-16.0,112.0
-4.0,42.0,-16.0,112.0
-2.0,42.0,-16.0,112.0
0.0,42.0,-16.0,112.0
2.0,42.0,-16.0,112.0
4.0,42.0,-16.0,252.0
6.0,42.0,-16.0,252.0
8.0,42.0,-16.0,252.0
10.0,42.0,-16.0,252.0
20.0,42.0,-16.0,252.0
22.0,42.0,-16.0,412.0
24.0,42.0,-16.0,412.0
26.0,42.0,-16.0,412.0
28.0,42.0,-16.0,412.0
30.0,42.0,-16.0,412.0
32.0,42.0,-16.0,412.0
34.0,42.0,-16.0,412.0
36.0,42.0,-16.0,412.0
38.0,42.0,-16.0,120.0
40.0,42.0,-16.0,120.0
42.0,42.0,-16.0,120.0
44.0,42.0,-16.0,120.0
46.0,42.0,-16.0,383.0
48.0,42.0,-16.0,383.0
50.0,42.0,-16.0,383.0
-50.0,44.0,-16.0,15.0
-48.0,44.0,-16.0,15.0
-46.0,44.0,-16.0,15.0
-44.0,44.0,-16.0,15.0
-42.0,44.0,-16.0,15.0
-40.0,44.0,-16.0,15.0
-38.0,44.0,-16.0,245.0
-36.0,44.0,-16.0,110.0
-34.0,44.0,-16.0,110.0
-32.0,44.0,-16.0,110.0
-30.0,44.0,-16.0,110.0
-28.0,44.0,-16.0,110.0
-26.0,44.0,-16.0,110.0
-24.0,44.0,-16.0,110.0
-22.0,44.0,-16.0,509.0
-20.0,44.0,-16.0,509.0
-18.0,44.0,-16.0,509.0
-16.0,44.0,-16.0,509.0
-8.0,44.0,-16.0,502.0
-6.0,44.0,-16.0,502.0
-4.0,44.0,-16.0,502.0
-2.0,44.0,-16.0,502.0
0.0,44.0,-16.0,112.0
2.0,44.0,-16.0,112.0
4.0,44.0,-16.0,252.0
6.0,44.0,-16.0,252.0
8.0,44.0,-16.0,252.0
10.0,44.0,-16.0,252.0
20.0,44.0,-16.0,252.0
22.0,44.0,-16.0,412.0
24.0,44.0,-16.0,412.0
26.0,44.0,-16.0,412.0
28.0,44.0,-16.0,412.0
30.0,44.0,-16.0,412.0
32.0,44.0,-16.0,412.0
34.0,44.0,-16.0,412.0
36.0,44.0,-16.0,412.0
38.0,44.0,-16.0,120.0
40.0,44.0,-16.0,120.0
42.0,44.0,-16.0,120.0
44.0,44.0,-16.0,120.0
46.0,44.0,-16.0,383.0
48.0,44.0,-16.0,383.0
-48.0,46.0,-16.0,15.0
-46.0,46.0,-16.0,15.0
-44.0,46.0,-16.0,15.0
-42.0,46.0,-16.0,15.0
-40.0,46.0,-16.0,15.0
-38.0,46.0,-16.0,15.0
-36.0,46.0,-16.0,15.0
-34.0,46.0,-16.0,110.0
-32.0,46.0,-16.0,110.0
-30.0,46.0,-16.0,110.0
-28.0,46.0,-16.0,110.0
-26.0,46.0,-16.0,110.0
-24.0,46.0,-16.0,110.0
-22.0,46.0,-16.0,509.0
-20.0,46.0,-16.0,509.0
-18.0,46.0,-16.0,509.0
-16.0,46.0,-16.0,509.0
-8.0,46.0,-16.0,509.0
-6.0,46.0,-16.0,502.0
-4.0,46.0,-16.0,502.0
-2.0,46.0,-16.0,502.0
0.0,46.0,-16.0,502.0
2.0,46.0,-16.0,502.0
4.0,46.0,-16.0,6.0
6.0,46.0,-16.0,252.0
8.0,46.0,-16.0,252.0
10.0,46.0,-16.0,252.0
18.0,46.0,-16.0,252.0
20.0,46.0,-16.0,252.0
22.0,46.0,-16.0,412.0
24.0,46.0,-16.0,412.0
26.0,46.0,-16.0,412.0
28.0,46.0,-16.0,412.0
30.0,46.0,-16.0,412.0
32.0,46.0,-16.0,412.0
34.0,46.0,-16.0,412.0
36.0,46.0,-16.0,120.0
38.0,46.0,-16.0,120.0
40.0,46.0,-16.0,120.0
42.0,46.0,-16.0,120.0
44.0,46.0,-16.0,120.0
46.0,46.0,-16.0,120.0
-48.0,48.0,-16.0,15.0
-46.0,48.0,-16.0,15.0
-44.0,48.0,-16.0,15.0
-42.0,48.0,-16.0,15.0
-40.0,48.0,-16.0,15.0
-38.0,48.0,-16.0,15.0
-36.0,48.0,-16.0,15.0
-34.0,48.0,-16.0,15.0
-32.0,48.0,-16.0,110.0
-30.0,48.0,-16.0,110.0
-28.0,48.0,-16.0,110.0
-26.0,48.0,-16.0,110.0
-24.0,48.0,-16.0,509.0
-22.0,48.0,-16.0,509.0
-20.0,48.0,-16.0,509.0
-18.0,48.0,-16.0,509.0
-16.0,48.0,-16.0,509.0
-8.0,48.0,-16.0,509.0
-6.0,48.0,-16.0,509.0
-4.0,48.0,-16.0,502.0
-2.0,48.0,-16.0,502.0
0.0,48.0,-16.0,502.0
2.0,48.0,-16.0,6.0
4.0,48.0,-16.0,6.0
6.0,48.0,-16.0,6.0
8.0,48.0,-16.0,6.0
18.0,48.0,-16.0,334.0
20.0,48.0,-16.0,334.0
22.0,48.0,-16.0,412.0
24.0,48.0,-16.0,412.0
26.0,48.0,-16.0,412.0
28.0,48.0,-16.0,412.0
30.0,48.0,-16.0,412.0
32.0,48.0,-16.0,412.0
34.0,48.0,-16.0,412.0
36.0,48.0,-16.0,120.0
38.0,48.0,-16.0,120.0
40.0,48.0,-16.0,120.0
42.0,48.0,-16.0,120.0
44.0,48.0,-16.0,120.0
46.0,48.0,-16.0,120.0
-46.0,50.0,-16.0,15.0
-44.0,50.0,-16.0,15.0
-42.0,50.0,-16.0,15.0
-40.0,50.0,-16.0,15.0
-38.0,50.0,-16.0,15.0
-36.0,50.0,-16.0,15.0
-34.0,50.0,-16.0,15.0
-32.0,50.0,-16.0,15.0
-30.0,50.0,-16.0,110.0
-28.0,50.0,-16.0,35.0
-26.0,50.0,-16.0,35.0
-24.0,50.0,-16.0,509.0
-22.0,50.0,-16.0,509.0
-20.0,50.0,-16.0,509.0
-18.0,50.0,-16.0,509.0
-16.0,50.0,-16.0,509.0
-8.0,50.0,-16.0,509.0
-6.0,50.0,-16.0,509.0
-4.0,50.0,-16.0,509.0
-2.0,50.0,-16.0,502.0
0.0,50.0,-16.0,224.0
2.0,50.0,-16.0,224.0
4.0,50.0,-16.0,224.0
6.0,50.0,-16.0,224.0
8.0,50.0,-16.0,334.0
16.0,50.0,-16.0,334.0
18.0,50.0,-16.0,334.0
20.0,50.0,-16.0,334.0
22.0,50.0,-16.0,377.0
24.0,50.0,-16.0,573.0
26.0,50.0,-16.0,573.0
28.0,50.0,-16.0,573.0
30.0,50.0,-16.0,573.0
32.0,50.0,-16.0,573.0
34.0,50.0,-16.0,573.0
36.0,50.0,-16.0,573.0
38.0,50.0,-16.0,573.0
40.0,50.0,-16.0,573.0
42.0,50.0,-16.0,573.0
44.0,50.0,-16.0,573.0
-42.0,52.0,-16.0,15.0
-40.0,52.0,-16.0,15.0
-38.0,52.0,-16.0,15.0
-36.0,52.0,-16.0,15.0
-34.0,52.0,-16.0,15.0
-32.0,52.0,-16.0,15.0
-30.0,52.0,-16.0,35.0
-28.0,52.0,-16.0,35.0
-26.0,52.0,-16.0,35.0
-24.0,52.0,-16.0,509.0
-22.0,52.0,-16.0,509.0
-20.0,52.0,-16.0,509.0
-18.0,52.0,-16.0,509.0
-16.0,52.0,-16.0,509.0
-14.0,52.0,-16.0,509.0
-8.0,52.0,-16.0,509.0
-6.0,52.0,-16.0,509.0
-4.0,52.0,-16.0,509.0
-2.0,52.0,-16.0,224.0
0.0,52.0,-16.0,224.0
2.0,52.0,-16.0,224.0
4.0,52.0,-16.0,224.0
6.0,52.0,-16.0,224.0
8.0,52.0,-16.0,224.0
10.0,52.0,-16.0,334.0
16.0,52.0,-16.0,334.0
18.0,52.0,-16.0,334.0
20.0,52.0,-16.0,377.0
22.0,52.0,-16.0,377.0
24.0,52.0,-16.0,573.0
26.0,52.0,-16.0,573.0
28.0,52.0,-16.0,573.0
30.0,52.0,-16.0,573.0
32.0,52.0,-16.0,573.0
34.0,52.0,-16.0,573.0
36.0,52.0,-16.0,573.0
38.0,52.0,-16.0,573.0
40.0,52.0,-16.0,573.0
-40.0,54.0,-16.0,15.0
-38.0,54.0,-16.0,15.0
-36.0,54.0,-16.0,15.0
-34.0,54.0,-16.0,15.0
-32.0,54.0,-16.0,35.0
-30.0,54.0,-16.0,35.0
-28.0,54.0,-16.0,35.0
-26.0,54.0,-16.0,35.0
-24.0,54.0,-16.0,35.0
-22.0,54.0,-16.0,509.0
-20.0,54.0,-16.0,509.0
-18.0,54.0,-16.0,509.0
-16.0,54.0,-16.0,509.0
-14.0,54.0,-16.0,509.0
-8.0,54.0,-16.0,509.0
-6.0,54.0,-16.0,509.0
-4.0,54.0,-16.0,224.0
-2.0,54.0,-16.0,224.0
0.0,54.0,-16.0,224.0
2.0,54.0,-16.0,224.0
4.0,54.0,-16.0,224.0
6.0,54.0,-16.0,224.0
8.0,54.0,-16.0,224.0
10.0,54.0,-16.0,334.0
16.0,54.0,-16.0,334.0
18.0,54.0,-16.0,377.0
20.0,54.0,-16.0,377.0
22.0,54.0,-16.0,377.0
24.0,54.0,-16.0,377.0
26.0,54.0,-16.0,573.0
28.0,54.0,-16.0,573.0
30.0,54.0,-16.0,573.0
32.0,54.0,-16.0,573.0
34.0,54.0,-16.0,573.0
36.0,54.0,-16.0,573.0
38.0,54.0,-16.0,573.0
-38.0,56.0,-16.0,154.0
-36.0,56.0,-16.0,154.0
-34.0,56.0,-16.0,35.0
-32.0,56.0,-16.0,35.0
-30.0,56.0,-16.0,35.0
-28.0,56.0,-16.0,35.0
-26.0,56.0,-16.0,35.0
-24.0,56.0,-16.0,35.0
-22.0,56.0,-16.0,509.0
-20.0,56.0,-16.0,509.0
-18.0,56.0,-16.0,509.0
-16.0,56.0,-16.0,509.0
-14.0,56.0,-16.0,509.0
-8.0,56.0,-16.0,509.0
-6.0,56.0,-16.0,509.0
-4.0,56.0,-16.0,224.0
-2.0,56.0,-16.0,224.0
2.0,56.0,-16.0,224.0
4.0,56.0,-16.0,224.0
6.0,56.0,-16.0,224.0
8.0,56.0,-16.0,224.0
10.0,56.0,-16.0,224.0
14.0,56.0,-16.0,334.0
16.0,56.0,-16.0,377.0
18.0,56.0,-16.0,377.0
20.0,56.0,-16.0,377.0
22.0,56.0,-16.0,377.0
24.0,56.0,-16.0,377.0
26.0,56.0,-16.0,377.0
28.0,56.0,-16.0,573.0
30.0,56.0,-16.0,573.0
32.0,56.0,-16.0,573.0
34.0,56.0,-16.0,573.0
36.0,56.0,-16.0,573.0
-36.0,58.0,-16.0,154.0
-34.0,58.0,-16.0,35.0
-32.0,58.0,-16.0,35.0
-30.0,58.0,-16.0,35.0
-28.0,58.0,-16.0,35.0
-26.0,58.0,-16.0,35.0
-24.0,58.0,-16.0,35.0
-22.0,58.0,-16.0,35.0
-20.0,58.0,-16.0,509.0
-18.0,58.0,-16.0,509.0
-16.0,58.0,-16.0,509.0
-14.0,58.0,-16.0,509.0
-8.0,58.0,-16.0,509.0
-6.0,58.0,-16.0,224.0
-4.0,58.0,-16.0,224.0
-2.0,58.0,-16.0,224.0
2.0,58.0,-16.0,224.0
4.0,58.0,-16.0,224.0
6.0,58.0,-16.0,224.0
8.0,58.0,-16.0,224.0
10.0,58.0,-16.0,224.0
14.0,58.0,-16.0,377.0
16.0,58.0,-16.0,377.0
18.0,58.0,-16.0,377.0
20.0,58.0,-16.0,377.0
22.0,58.0,-16.0,377.0
24.0,58.0,-16.0,377.0
26.0,58.0,-16.0,377.0
28.0,58.0,-16.0,573.0
30.0,58.0,-16.0,573.0
32.0,58.0,-16.0,573.0
-34.0,60.0,-16.0,35.0
-32.0,60.0,-16.0,35.0
-30.0,60.0,-16.0,35.0
-28.0,60.0,-16.0,35.0
-26.0,60.0,-16.0,35.0
-24.0,60.0,-16.0,35.0
-22.0,60.0,-16.0,35.0
-20.0,60.0,-16.0,341.0
-18.0,60.0,-16.0,509.0
-16.0,60.0,-16.0,509.0
-14.0,60.0,-16.0,509.0
-12.0,60.0,-16.0,509.0
-8.0,60.0,-16.0,509.0
-6.0,60.0,-16.0,224.0
-4.0,60.0,-16.0,224.0
-2.0,60.0,-16.0,224.0
2.0,60.0,-16.0,224.0
4.0,60.0,-16.0,224.0
6.0,60.0,-16.0,224.0
8.0,60.0,-16.0,224.0
10.0,60.0,-16.0,224.0
12.0,60.0,-16.0,224.0
14.0,60.0,-16.0,377.0
16.0,60.0,-16.0,377.0
18.0,60.0,-16.0,377.0
20.0,60.0,-16.0,377.0
22.0,60.0,-16.0,377.0
24.0,60.0,-16.0,377.0
26.0,60.0,-16.0,377.0
28.0,60.0,-16.0,377.0
30.0,60.0,-16.0,573.0
-30.0,62.0,-16.0,35.0
-28.0,62.0,-16.0,35.0
-26.0,62.0,-16.0,35.0
-24.0,62.0,-16.0,35.0
-22.0,62.0,-16.0,341.0
-20.0,62.0,-16.0,341.0
-18.0,62.0,-16.0,341.0
-16.0,62.0,-16.0,559.0
-14.0,62.0,-16.0,559.0
-12.0,62.0,-16.0,559.0
-10.0,62.0,-16.0,559.0
-8.0,62.0,-16.0,509.0
-6.0,62.0,-16.0,224.0
-4.0,62.0,-16.0,224.0
-2.0,62.0,-16.0,224.0
0.0,62.0,-16.0,224.0
2.0,62.0,-16.0,224.0
4.0,62.0,-16.0,224.0
6.0,62.0,-16.0,224.0
8.0,62.0,-16.0,224.0
10.0,62.0,-16.0,224.0
12.0,62.0,-16.0,224.0
14.0,62.0,-16.0,377.0
16.0,62.0,-16.0,377.0
18.0,62.0,-16.0,377.0
20.0,62.0,-16.0,377.0
22.0,62.0,-16.0,377.0
24.0,62.0,-16.0,377.0
26.0,62.0,-16.0,377.0
-26.0,64.0,-16.0,35.0
-24.0,64.0,-16.0,341.0
-22.0,64.0,-16.0,341.0
-20.0,64.0,-16.0,341.0
-18.0,64.0,-16.0,341.0
-16.0,64.0,-16.0,559.0
-14.0,64.0,-16.0,559.0
-12.0,64.0,-16.0,559.0
-10.0,64.0,-16.0,559.0
-8.0,64.0,-16.0,559.0
-6.0,64.0,-16.0,224.0
-4.0,64.0,-16.0,224.0
-2.0,64.0,-16.0,224.0
0.0,64.0,-16.0,224.0
2.0,64.0,-16.0,224.0
4.0,64.0,-16.0,224.0
6.0,64.0,-16.0,224.0
8.0,64.0,-16.0,224.0
10.0,64.0,-16.0,224.0
12.0,64.0,-16.0,377.0
14.0,64.0,-16.0,377.0
16.0,64.0,-16.0,377.0
18.0,64.0,-16.0,377.0
20.0,64.0,-16.0,377.0
22.0,64.0,-16.0,377.0
-22.0,66.0,-16.0,341.0
-20.0,66.0,-16.0,341.0
-18.0,66.0,-16.0,341.0
-16.0,66.0,-16.0,559.0
-14.0,66.0,-16.0,559.0
-12.0,66.0,-16.0,559.0
-10.0,66.0,-16.0,559.0
-8.0,66.0,-16.0,559.0
-6.0,66.0,-16.0,224.0
-4.0,66.0,-16.0,224.0
-2.0,66.0,-16.0,224.0
2.0,66.0,-16.0,224.0
4.0,66.0,-16.0,224.0
6.0,66.0,-16.0,224.0
8.0,66.0,-16.0,224.0
10.0,66.0,-16.0,224.0
12.0,66.0,-16.0,377.0
14.0,66.0,-16.0,377.0
16.0,66.0,-16.0,377.0
18.0,66.0,-16.0,377.0
-16.0,68.0,-16.0,559.0
-14.0,68.0,-16.0,559.0
-12.0,68.0,-16.0,559.0
-10.0,68.0,-16.0,559.0
-8.0,68.0,-16.0,559.0
-6.0,68.0,-16.0,224.0
-4.0,68.0,-16.0,224.0
6.0,68.0,-16.0,224.0
8.0,68.0,-16.0,224.0
10.0,68.0,-16.0,224.0
8.0,-102.0,-14.0,127.0
10.0,-102.0,-14.0,127.0
12.0,-102.0,-14.0,127.0
14.0,-102.0,-14.0,127.0
16.0,-102.0,-14.0,325.0
18.0,-102.0,-14.0,325.0
20.0,-102.0,-14.0,275.0
22.0,-102.0,-14.0,275.0
-24.0,-100.0,-14.0,234.0
-22.0,-100.0,-14.0,234.0
-20.0,-100.0,-14.0,234.0
-18.0,-100.0,-14.0,234.0
-16.0,-100.0,-14.0,234.0
4.0,-100.0,-14.0,127.0
6.0,-100.0,-14.0,127.0
8.0,-100.0,-14.0,127.0
10.0,-100.0,-14.0,127.0
12.0,-100.0,-14.0,127.0
14.0,-100.0,-14.0,127.0
16.0,-100.0,-14.0,325.0
18.0,-100.0,-14.0,325.0
20.0,-100.0,-14.0,275.0
22.0,-100.0,-14.0,275.0
24.0,-100.0,-14.0,275.0
26.0,-100.0,-14.0,275.0
-28.0,-98.0,-14.0,234.0
-26.0,-98.0,-14.0,234.0
-24.0,-98.0,-14.0,234.0
-22.0,-98.0,-14.0,234.0
-20.0,-98.0,-14.0,234.0
-18.0,-98.0,-14.0,234.0
-16.0,-98.0,-14.0,489.0
-14.0,-98.0,-14.0,489.0
4.0,-98.0,-14.0,127.0
6.0,-98.0,-14.0,127.0
8.0,-98.0,-14.0,127.0
10.0,-98.0,-14.0,127.0
12.0,-98.0,-14.0,127.0
14.0,-98.0,-14.0,127.0
16.0,-98.0,-14.0,325.0
18.0,-98.0,-14.0,325.0
20.0,-98.0,-14.0,275.0
22.0,-98.0,-14.0,275.0
24.0,-98.0,-14.0,275.0
26.0,-98.0,-14.0,275.0
28.0,-98.0,-14.0,275.0
30.0,-98.0,-14.0,275.0
-32.0,-96.0,-14.0,545.0
-30.0,-96.0,-14.0,545.0
-28.0,-96.0,-14.0,545.0
-26.0,-96.0,-14.0,234.0
-24.0,-96.0,-14.0,234.0
-22.0,-96.0,-14.0,234.0
-20.0,-96.0,-14.0,234.0
-18.0,-96.0,-14.0,234.0
-16.0,-96.0,-14.0,489.0
-14.0,-96.0,-14.0,489.0
-12.0,-96.0,-14.0,489.0
2.0,-96.0,-14.0,127.0
4.0,-96.0,-14.0,127.0
6.0,-96.0,-14.0,127.0
8.0,-96.0,-14.0,127.0
10.0,-96.0,-14.0,127.0
12.0,-96.0,-14.0,127.0
14.0,-96.0,-14.0,127.0
16.0,-96.0,-14.0,567.0
18.0,-96.0,-14.0,325.0
20.0,-96.0,-14.0,275.0
22.0,-96.0,-14.0,275.0
24.0,-96.0,-14.0,275.0
26.0,-96.0,-14.0,275.0
28.0,-96.0,-14.0,275.0
30.0,-96.0,-14.0,275.0
32.0,-96.0,-14.0,275.0
-34.0,-94.0,-14.0,545.0
-32.0,-94.0,-14.0,545.0
-30.0,-94.0,-14.0,545.0
-28.0,-94.0,-14.0,545.0
-26.0,-94.0,-14.0,545.0
-24.0,-94.0,-14.0,192.0
-22.0,-94.0,-14.0,234.0
-20.0,-94.0,-14.0,234.0
-18.0,-94.0,-14.0,489.0
-16.0,-94.0,-14.0,489.0
-14.0,-94.0,-14.0,489.0
-12.0,-94.0,-14.0,489.0
-10.0,-94.0,-14.0,489.0
-8.0,-94.0,-14.0,489.0
-6.0,-94.0,-14.0,489.0
2.0,-94.0,-14.0,127.0
4.0,-94.0,-14.0,127.0
6.0,-94.0,-14.0,127.0
8.0,-94.0,-14.0,127.0
10.0,-94.0,-14.0,127.0
12.0,-94.0,-14.0,127.0
14.0,-94.0,-14.0,567.0
16.0,-94.0,-14.0,567.0
18.0,-94.0,-14.0,567.0
20.0,-94.0,-14.0,325.0
22.0,-94.0,-14.0,275.0
24.0,-94.0,-14.0,275.0
26.0,-94.0,-14.0,275.0
28.0,-94.0,-14.0,275.0
30.0,-94.0,-14.0,275.0
32.0,-94.0,-14.0,275.0
34.0,-94.0,-14.0,275.0
36.0,-94.0,-14.0,275.0
-38.0,-92.0,-14.0,545.0
-36.0,-92.0,-14.0,545.0
-34.0,-92.0,-14.0,545.0
-32.0,-92.0,-14.0,545.0
-30.0,-92.0,-14.0,545.0
-28.0,-92.0,-14.0,545.0
-26.0,-92.0,-14.0,545.0
-24.0,-92.0,-14.0,192.0
-22.0,-92.0,-14.0,192.0
-20.0,-92.0,-14.0,192.0
-18.0,-92.0,-14.0,489.0
-16.0,-92.0,-14.0,489.0
-14.0,-92.0,-14.0,489.0
-12.0,-92.0,-14.0,489.0
-10.0,-92.0,-14.0,489.0
-8.0,-92.0,-14.0,489.0
-6.0,-92.0,-14.0,489.0
-4.0,-92.0,-14.0,489.0
-2.0,-92.0,-14.0,489.0
0.0,-92.0,-14.0,127.0
2.0,-92.0,-14.0,127.0
4.0,-92.0,-14.0,127.0
6.0,-92.0,-14.0,127.0
8.0,-92.0,-14.0,127.0
10.0,-92.0,-14.0,127.0
12.0,-92.0,-14.0,567.0
14.0,-92.0,-14.0,567.0
16.0,-92.0,-14.0,567.0
18.0,-92.0,-14.0,567.0
20.0,-92.0,-14.0,567.0
22.0,-92.0,-14.0,275.0
24.0,-92.0,-14.0,275.0
26.0,-92.0,-14.0,275.0
28.0,-92.0,-14.0,275.0
30.0,-92.0,-14.0,275.0
32.0,-92.0,-14.0,275.0
34.0,-92.0,-14.0,275.0
36.0,-92.0,-14.0,275.0
38.0,-92.0,-14.0,546.0
-40.0,-90.0,-14.0,510.0
-38.0,-90.0,-14.0,545.0
-36.0,-90.0,-14.0,545.0
-34.0,-90.0,-14.0,545.0
-32.0,-90.0,-14.0,545.0
-30.0,-90.0,-14.0,545.0
-28.0,-90.0,-14.0,545.0
-26.0,-90.0,-14.0,545.0
-24.0,-90.0,-14.0,192.0
-22.0,-90.0,-14.0,192.0
-20.0,-90.0,-14.0,192.0
-18.0,-90.0,-14.0,489.0
-16.0,-90.0,-14.0,489.0
-14.0,-90.0,-14.0,489.0
-12.0,-90.0,-14.0,489.0
-10.0,-90.0,-14.0,489.0
-8.0,-90.0,-14.0,489.0
-6.0,-90.0,-14.0,489.0
-4.0,-90.0,-14.0,489.0
-2.0,-90.0,-14.0,489.0
0.0,-90.0,-14.0,127.0
2.0,-90.0,-14.0,127.0
4.0,-90.0,-14.0,127.0
6.0,-90.0,-14.0,127.0
8.0,-90.0,-14.0,127.0
10.0,-90.0,-14.0,567.0
12.0,-90.0,-14.0,567.0
14.0,-90.0,-14.0,567.0
16.0,-90.0,-14.0,567.0
18.0,-90.0,-14.0,567.0
20.0,-90.0,-14.0,567.0
22.0,-90.0,-14.0,327.0
24.0,-90.0,-14.0,327.0
26.0,-90.0,-14.0,327.0
28.0,-90.0,-14.0,327.0
30.0,-90.0,-14.0,327.0
32.0,-90.0,-14.0,275.0
34.0,-90.0,-14.0,275.0
36.0,-90.0,-14.0,546.0
38.0,-90.0,-14.0,546.0
40.0,-90.0,-14.0,546.0
-42.0,-88.0,-14.0,510.0
-40.0,-88.0,-14.0,510.0
-38.0,-88.0,-14.0,545.0
-36.0,-88.0,-14.0,545.0
-34.0,-88.0,-14.0,545.0
-32.0,-88.0,-14.0,545.0
-30.0,-88.0,-14.0,545.0
-28.0,-88.0,-14.0,545.0
-26.0,-88.0,-14.0,545.0
-24.0,-88.0,-14.0,192.0
-22.0,-88.0,-14.0,192.0
-20.0,-88.0,-14.0,192.0
-18.0,-88.0,-14.0,489.0
-16.0,-88.0,-14.0,489.0
-14.0,-88.0,-14.0,489.0
-12.0,-88.0,-14.0,489.0
-10.0,-88.0,-14.0,489.0
-8.0,-88.0,-14.0,489.0
-6.0,-88.0,-14.0,489.0
-4.0,-88.0,-14.0,489.0
-2.0,-88.0,-14.0,489.0
0.0,-88.0,-14.0,127.0
2.0,-88.0,-14.0,127.0
4.0,-88.0,-14.0,127.0
6.0,-88.0,-14.0,127.0
8.0,-88.0,-14.0,567.0
10.0,-88.0,-14.0,567.0
12.0,-88.0,-14.0,567.0
14.0,-88.0,-14.0,567.0
16.0,-88.0,-14.0,567.0
18.0,-88.0,-14.0,567.0
20.0,-88.0,-14.0,567.0
22.0,-88.0,-14.0,327.0
24.0,-88.0,-14.0,327.0
26.0,-88.0,-14.0,327.0
28.0,-88.0,-14.0,327.0
30.0,-88.0,-14.0,327.0
32.0,-88.0,-14.0,327.0
34.0,-88.0,-14.0,546.0
36.0,-88.0,-14.0,546.0
38.0,-88.0,-14.0,546.0
40.0,-88.0,-14.0,546.0
42.0,-88.0,-14.0,546.0
-44.0,-86.0,-14.0,510.0
-42.0,-86.0,-14.0,510.0
-40.0,-86.0,-14.0,36.0
-38.0,-86.0,-14.0,36.0
-36.0,-86.0,-14.0,545.0
-34.0,-86.0,-14.0,545.0
-32.0,-86.0,-14.0,545.0
-30.0,-86.0,-14.0,545.0
-28.0,-86.0,-14.0,545.0
-26.0,-86.0,-14.0,545.0
-24.0,-86.0,-14.0,192.0
-22.0,-86.0,-14.0,192.0
-20.0,-86.0,-14.0,568.0
-18.0,-86.0,-14.0,568.0
-16.0,-86.0,-14.0,568.0
-14.0,-86.0,-14.0,489.0
-12.0,-86.0,-14.0,489.0
-10.0,-86.0,-14.0,489.0
-8.0,-86.0,-14.0,489.0
-6.0,-86.0,-14.0,489.0
-4.0,-86.0,-14.0,489.0
-2.0,-86.0,-14.0,489.0
0.0,-86.0,-14.0,127.0
2.0,-86.0,-14.0,127.0
4.0,-86.0,-14.0,127.0
6.0,-86.0,-14.0,567.0
8.0,-86.0,-14.0,567.0
10.0,-86.0,-14.0,567.0
12.0,-86.0,-14.0,567.0
14.0,-86.0,-14.0,567.0
16.0,-86.0,-14.0,567.0
18.0,-86.0,-14.0,567.0
20.0,-86.0,-14.0,567.0
22.0,-86.0,-14.0,327.0
24.0,-86.0,-14.0,327.0
26.0,-86.0,-14.0,327.0
28.0,-86.0,-14.0,327.0
30.0,-86.0,-14.0,327.0
32.0,-86.0,-14.0,327.0
34.0,-86.0,-14.0,546.0
36.0,-86.0,-14.0,546.0
38.0,-86.0,-14.0,546.0
40.0,-86.0,-14.0,546.0
42.0,-86.0,-14.0,546.0
44.0,-86.0,-14.0,546.0
-46.0,-84.0,-14.0,36.0
-44.0,-84.0,-14.0,36.0
-42.0,-84.0,-14.0,36.0
-40.0,-84.0,-14.0,36.0
-38.0,-84.0,-14.0,36.0
-36.0,-84.0,-14.0,36.0
-34.0,-84.0,-14.0,545.0
-32.0,-84.0,-14.0,545.0
-30.0,-84.0,-14.0,287.0
-28.0,-84.0,-14.0,287.0
-26.0,-84.0,-14.0,287.0
-24.0,-84.0,-14.0,287.0
-22.0,-84.0,-14.0,568.0
-20.0,-84.0,-14.0,568.0
-18.0,-84.0,-14.0,568.0
-16.0,-84.0,-14.0,568.0
-14.0,-84.0,-14.0,568.0
-12.0,-84.0,-14.0,489.0
-10.0,-84.0,-14.0,489.0
-8.0,-84.0,-14.0,489.0
-6.0,-84.0,-14.0,489.0
-4.0,-84.0,-14.0,64.0
-2.0,-84.0,-14.0,64.0
0.0,-84.0,-14.0,127.0
2.0,-84.0,-14.0,127.0
4.0,-84.0,-14.0,567.0
6.0,-84.0,-14.0,567.0
8.0,-84.0,-14.0,567.0
10.0,-84.0,-14.0,567.0
12.0,-84.0,-14.0,567.0
14.0,-84.0,-14.0,567.0
16.0,-84.0,-14.0,567.0
18.0,-84.0,-14.0,567.0
20.0,-84.0,-14.0,567.0
22.0,-84.0,-14.0,327.0
24.0,-84.0,-14.0,327.0
26.0,-84.0,-14.0,327.0
28.0,-84.0,-14.0,327.0
30.0,-84.0,-14.0,327.0
32.0,-84.0,-14.0,327.0
34.0,-84.0,-14.0,546.0
36.0,-84.0,-14.0,546.0
38.0,-84.0,-14.0,546.0
40.0,-84.0,-14.0,546.0
42.0,-84.0,-14.0,546.0
44.0,-84.0,-14.0,277.0
46.0,-84.0,-14.0,277.0
-48.0,-82.0,-14.0,36.0
-46.0,-82.0,-14.0,36.0
-44.0,-82.0,-14.0,36.0
-42.0,-82.0,-14.0,36.0
-40.0,-82.0,-14.0,36.0
-38.0,-82.0,-14.0,36.0
-36.0,-82.0,-14.0,36.0
-34.0,-82.0,-14.0,36.0
-32.0,-82.0,-14.0,287.0
-30.0,-82.0,-14.0,287.0
-28.0,-82.0,-14.0,287.0
-26.0,-82.0,-14.0,287.0
-24.0,-82.0,-14.0,287.0
-22.0,-82.0,-14.0,568.0
-20.0,-82.0,-14.0,568.0
-18.0,-82.0,-14.0,568.0
-16.0,-82.0,-14.0,568.0
-14.0,-82.0,-14.0,568.0
-12.0,-82.0,-14.0,568.0
-10.0,-82.0,-14.0,64.0
-8.0,-82.0,-14.0,64.0
-6.0,-82.0,-14.0,64.0
-4.0,-82.0,-14.0,64.0
-2.0,-82.0,-14.0,64.0
0.0,-82.0,-14.0,127.0
2.0,-82.0,-14.0,567.0
4.0,-82.0,-14.0,567.0
6.0,-82.0,-14.0,567.0
8.0,-82.0,-14.0,567.0
10.0,-82.0,-14.0,567.0
12.0,-82.0,-14.0,567.0
14.0,-82.0,-14.0,567.0
16.0,-82.0,-14.0,567.0
18.0,-82.0,-14.0,567.0
20.0,-82.0,-14.0,567.0
22.0,-82.0,-14.0,327.0
24.0,-82.0,-14.0,327.0
26.0,-82.0,-14.0,327.0
28.0,-82.0,-14.0,327.0
30.0,-82.0,-14.0,327.0
32.0,-82.0,-14.0,327.0
34.0,-82.0,-14.0,546.0
36.0,-82.0,-14.0,546.0
38.0,-82.0,-14.0,546.0
40.0,-82.0,-14.0,546.0
42.0,-82.0,-14.0,277.0
44.0,-82.0,-14.0,277.0
46.0,-82.0,-14.0,277.0
-48.0,-80.0,-14.0,36.0
-46.0,-80.0,-14.0,36.0
-44.0,-80.0,-14.0,36.0
-42.0,-80.0,-14.0,36.0
-40.0,-80.0,-14.0,36.0
-38.0,-80.0,-14.0,36.0
-36.0,-80.0,-14.0,36.0
-34.0,-80.0,-14.0,36.0
-32.0,-80.0,-14.0,287.0
-30.0,-80.0,-14.0,287.0
-28.0,-80.0,-14.0,287.0
-26.0,-80.0,-14.0,287.0
-24.0,-80.0,-14.0,287.0
-22.0,-80.0,-14.0,568.0
-20.0,-80.0,-14.0,568.0
-18.0,-80.0,-14.0,568.0
-16.0,-80.0,-14.0,568.0
-14.0,-80.0,-14.0,568.0
-12.0,-80.0,-14.0,64.0
-10.0,-80.0,-14.0,64.0
-8.0,-80.0,-14.0,64.0
-6.0,-80.0,-14.0,64.0
-4.0,-80.0,-14.0,64.0
-2.0,-80.0,-14.0,64.0
0.0,-80.0,-14.0,64.0
2.0,-80.0,-14.0,567.0
4.0,-80.0,-14.0,567.0
6.0,-80.0,-14.0,567.0
8.0,-80.0,-14.0,567.0
10.0,-80.0,-14.0,567.0
12.0,-80.0,-14.0,567.0
14.0,-80.0,-14.0,567.0
16.0,-80.0,-14.0,567.0
18.0,-80.0,-14.0,567.0
20.0,-80.0,-14.0,567.0
22.0,-80.0,-14.0,327.0
24.0,-80.0,-14.0,327.0
26.0,-80.0,-14.0,327.0
28.0,-80.0,-14.0,327.0
30.0,-80.0,-14.0,327.0
32.0,-80.0,-14.0,327.0
34.0,-80.0,-14.0,546.0
36.0,-80.0,-14.0,546.0
38.0,-80.0,-14.0,546.0
40.0,-80.0,-14.0,546.0
42.0,-80.0,-14.0,277.0
44.0,-80.0,-14.0,277.0
46.0,-80.0,-14.0,277.0
48.0,-80.0,-14.0,277.0
-50.0,-78.0,-14.0,2.0
-48.0,-78.0,-14.0,2.0
-46.0,-78.0,-14.0,36.0
-44.0,-78.0,-14.0,36.0
-42.0,-78.0,-14.0,36.0
-40.0,-78.0,-14.0,36.0
-38.0,-78.0,-14.0,36.0
-36.0,-78.0,-14.0,36.0
-34.0,-78.0,-14.0,36.0
-32.0,-78.0,-14.0,444.0
-30.0,-78.0,-14.0,287.0
-28.0,-78.0,-14.0,287.0
-26.0,-78.0,-14.0,287.0
-24.0,-78.0,-14.0,287.0
-22.0,-78.0,-14.0,568.0
-20.0,-78.0,-14.0,568.0
-18.0,-78.0,-14.0,568.0
-16.0,-78.0,-14.0,568.0
-14.0,-78.0,-14.0,568.0
-12.0,-78.0,-14.0,64.0
-10.0,-78.0,-14.0,64.0
-8.0,-78.0,-14.0,64.0
-6.0,-78.0,-14.0,64.0
-4.0,-78.0,-14.0,64.0
2.0,-78.0,-14.0,362.0
4.0,-78.0,-14.0,362.0
6.0,-78.0,-14.0,567.0
8.0,-78.0,-14.0,567.0
10.0,-78.0,-14.0,567.0
12.0,-78.0,-14.0,567.0
14.0,-78.0,-14.0,567.0
16.0,-78.0,-14.0,567.0
18.0,-78.0,-14.0,567.0
20.0,-78.0,-14.0,567.0
22.0,-78.0,-14.0,327.0
24.0,-78.0,-14.0,327.0
26.0,-78.0,-14.0,327.0
28.0,-78.0,-14.0,327.0
30.0,-78.0,-14.0,327.0
32.0,-78.0,-14.0,546.0
34.0,-78.0,-14.0,546.0
36.0,-78.0,-14.0,546.0
38.0,-78.0,-14.0,546.0
40.0,-78.0,-14.0,277.0
42.0,-78.0,-14.0,277.0
44.0,-78.0,-14.0,277.0
46.0,-78.0,-14.0,277.0
48.0,-78.0,-14.0,277.0
-50.0,-76.0,-14.0,2.0
-48.0,-76.0,-14.0,2.0
-46.0,-76.0,-14.0,36.0
-44.0,-76.0,-14.0,36.0
-42.0,-76.0,-14.0,36.0
-40.0,-76.0,-14.0,36.0
-38.0,-76.0,-14.0,36.0
-36.0,-76.0,-14.0,36.0
-34.0,-76.0,-14.0,36.0
-32.0,-76.0,-14.0,444.0
-30.0,-76.0,-14.0,444.0
-28.0,-76.0,-14.0,444.0
-26.0,-76.0,-14.0,287.0
-24.0,-76.0,-14.0,287.0
-22.0,-76.0,-14.0,568.0
-20.0,-76.0,-14.0,568.0
-18.0,-76.0,-14.0,568.0
-16.0,-76.0,-14.0,568.0
-14.0,-76.0,-14.0,64.0
-12.0,-76.0,-14.0,64.0
-10.0,-76.0,-14.0,64.0
-8.0,-76.0,-14.0,64.0
6.0,-76.0,-14.0,362.0
8.0,-76.0,-14.0,362.0
10.0,-76.0,-14.0,362.0
12.0,-76.0,-14.0,362.0
14.0,-76.0,-14.0,362.0
16.0,-76.0,-14.0,362.0
18.0,-76.0,-14.0,431.0
20.0,-76.0,-14.0,431.0
22.0,-76.0,-14.0,431.0
24.0,-76.0,-14.0,357.0
26.0,-76.0,-14.0,327.0
28.0,-76.0,-14.0,327.0
30.0,-76.0,-14.0,327.0
32.0,-76.0,-14.0,546.0
34.0,-76.0,-14.0,546.0
36.0,-76.0,-14.0,546.0
38.0,-76.0,-14.0,277.0
40.0,-76.0,-14.0,277.0
42.0,-76.0,-14.0,277.0
44.0,-76.0,-14.0,277.0
46.0,-76.0,-14.0,277.0
48.0,-76.0,-14.0,277.0
-52.0,-74.0,-14.0,2.0
-50.0,-74.0,-14.0,2.0
-46.0,-74.0,-14.0,2.0
-44.0,-74.0,-14.0,36.0
-42.0,-74.0,-14.0,36.0
-40.0,-74.0,-14.0,36.0
-38.0,-74.0,-14.0,36.0
-36.0,-74.0,-14.0,36.0
-34.0,-74.0,-14.0,444.0
-32.0,-74.0,-14.0,444.0
-30.0,-74.0,-14.0,444.0
-28.0,-74.0,-14.0,444.0
-26.0,-74.0,-14.0,444.0
-24.0,-74.0,-14.0,287.0
-22.0,-74.0,-14.0,568.0
-20.0,-74.0,-14.0,568.0
-18.0,-74.0,-14.0,568.0
-16.0,-74.0,-14.0,568.0
-14.0,-74.0,-14.0,64.0
-12.0,-74.0,-14.0,64.0
-10.0,-74.0,-14.0,64.0
8.0,-74.0,-14.0,362.0
10.0,-74.0,-14.0,362.0
12.0,-74.0,-14.0,362.0
14.0,-74.0,-14.0,362.0
16.0,-74.0,-14.0,431.0
18.0,-74.0,-14.0,431.0
20.0,-74.0,-14.0,431.0
22.0,-74.0,-14.0,431.0
24.0,-74.0,-14.0,357.0
26.0,-74.0,-14.0,357.0
28.0,-74.0,-14.0,357.0
30.0,-74.0,-14.0,587.0
32.0,-74.0,-14.0,587.0
34.0,-74.0,-14.0,587.0
36.0,-74.0,-14.0,587.0
38.0,-74.0,-14.0,277.0
40.0,-74.0,-14.0,277.0
42.0,-74.0,-14.0,277.0
44.0,-74.0,-14.0,277.0
46.0,-74.0,-14.0,277.0
48.0,-74.0,-14.0,277.0
50.0,-74.0,-14.0,277.0
-52.0,-72.0,-14.0,2.0
-50.0,-72.0,-14.0,2.0
-48.0,-72.0,-14.0,2.0
-46.0,-72.0,-14.0,2.0
-44.0,-72.0,-14.0,2.0
-42.0,-72.0,-14.0,36.0
-40.0,-72.0,-14.0,36.0
-38.0,-72.0,-14.0,36.0
-36.0,-72.0,-14.0,36.0
-34.0,-72.0,-14.0,444.0
-32.0,-72.0,-14.0,444.0
-30.0,-72.0,-14.0,444.0
-28.0,-72.0,-14.0,444.0
-26.0,-72.0,-14.0,444.0
-24.0,-72.0,-14.0,579.0
-22.0,-72.0,-14.0,579.0
-20.0,-72.0,-14.0,579.0
-18.0,-72.0,-14.0,579.0
-16.0,-72.0,-14.0,64.0
-14.0,-72.0,-14.0,64.0
-12.0,-72.0,-14.0,64.0
10.0,-72.0,-14.0,362.0
12.0,-72.0,-14.0,362.0
14.0,-72.0,-14.0,362.0
16.0,-72.0,-14.0,431.0
18.0,-72.0,-14.0,431.0
20.0,-72.0,-14.0,431.0
22.0,-72.0,-14.0,431.0
24.0,-72.0,-14.0,357.0
26.0,-72.0,-14.0,357.0
28.0,-72.0,-14.0,357.0
30.0,-72.0,-14.0,357.0
32.0,-72.0,-14.0,587.0
34.0,-72.0,-14.0,587.0
36.0,-72.0,-14.0,476.0
38.0,-72.0,-14.0,476.0
40.0,-72.0,-14.0,277.0
42.0,-72.0,-14.0,277.0
44.0,-72.0,-14.0,277.0
46.0,-72.0,-14.0,277.0
48.0,-72.0,-14.0,277.0
50.0,-72.0,-14.0,277.0
52.0,-72.0,-14.0,277.0
-54.0,-70.0,-14.0,2.0
-52.0,-70.0,-14.0,2.0
-50.0,-70.0,-14.0,2.0
-48.0,-70.0,-14.0,2.0
-46.0,-70.0,-14.0,2.0
-44.0,-70.0,-14.0,2.0
-42.0,-70.0,-14.0,36.0
-40.0,-70.0,-14.0,36.0
-36.0,-70.0,-14.0,444.0
-34.0,-70.0,-14.0,444.0
-32.0,-70.0,-14.0,444.0
-30.0,-70.0,-14.0,444.0
-28.0,-70.0,-14.0,444.0
-26.0,-70.0,-14.0,444.0
-24.0,-70.0,-14.0,579.0
-22.0,-70.0,-14.0,579.0
-20.0,-70.0,-14.0,579.0
-18.0,-70.0,-14.0,579.0
-16.0,-70.0,-14.0,579.0
-14.0,-70.0,-14.0,64.0
12.0,-70.0,-14.0,362.0
14.0,-70.0,-14.0,431.0
16.0,-70.0,-14.0,431.0
18.0,-70.0,-14.0,431.0
20.0,-70.0,-14.0,431.0
22.0,-70.0,-14.0,431.0
24.0,-70.0,-14.0,357.0
26.0,-70.0,-14.0,357.0
28.0,-70.0,-14.0,357.0
30.0,-70.0,-14.0,357.0
32.0,-70.0,-14.0,587.0
34.0,-70.0,-14.0,476.0
36.0,-70.0,-14.0,476.0
38.0,-70.0,-14.0,476.0
40.0,-70.0,-14.0,476.0
42.0,-70.0,-14.0,476.0
44.0,-70.0,-14.0,476.0
46.0,-70.0,-14.0,277.0
48.0,-70.0,-14.0,350.0
50.0,-70.0,-14.0,350.0
52.0,-70.0,-14.0,350.0
54.0,-70.0,-14.0,350.0
-54.0,-68.0,-14.0,2.0
-52.0,-68.0,-14.0,2.0
-50.0,-68.0,-14.0,2.0
-48.0,-68.0,-14.0,2.0
-46.0,-68.0,-14.0,2.0
-44.0,-68.0,-14.0,2.0
-42.0,-68.0,-14.0,2.0
-40.0,-68.0,-14.0,36.0
-38.0,-68.0,-14.0,36.0
-36.0,-68.0,-14.0,444.0
-34.0,-68.0,-14.0,444.0
-32.0,-68.0,-14.0,444.0
-30.0,-68.0,-14.0,444.0
-28.0,-68.0,-14.0,178.0
-26.0,-68.0,-14.0,579.0
-24.0,-68.0,-14.0,579.0
-22.0,-68.0,-14.0,579.0
-20.0,-68.0,-14.0,579.0
-18.0,-68.0,-14.0,579.0
-16.0,-68.0,-14.0,579.0
-14.0,-68.0,-14.0,579.0
14.0,-68.0,-14.0,431.0
16.0,-68.0,-14.0,431.0
18.0,-68.0,-14.0,431.0
20.0,-68.0,-14.0,431.0
22.0,-68.0,-14.0,431.0
24.0,-68.0,-14.0,357.0
26.0,-68.0,-14.0,357.0
28.0,-68.0,-14.0,357.0
30.0,-68.0,-14.0,357.0
32.0,-68.0,-14.0,476.0
34.0,-68.0,-14.0,476.0
36.0,-68.0,-14.0,476.0
38.0,-68.0,-14.0,476.0
40.0,-68.0,-14.0,476.0
42.0,-68.0,-14.0,476.0
44.0,-68.0,-14.0,476.0
46.0,-68.0,-14.0,350.0
48.0,-68.0,-14.0,350.0
50.0,-68.0,-14.0,350.0
52.0,-68.0,-14.0,350.0
54.0,-68.0,-14.0,350.0
56.0,-68.0,-14.0,350.0
-56.0,-66.0,-14.0,388.0
-54.0,-66.0,-14.0,2.0
-52.0,-66.0,-14.0,2.0
-50.0,-66.0,-14.0,2.0
-48.0,-66.0,-14.0,2.0
-46.0,-66.0,-14.0,2.0
-44.0,-66.0,-14.0,2.0
-42.0,-66.0,-14.0,2.0
-40.0,-66.0,-14.0,2.0
-38.0,-66.0,-14.0,444.0
-36.0,-66.0,-14.0,444.0
-34.0,-66.0,-14.0,178.0
-32.0,-66.0,-14.0,178.0
-30.0,-66.0,-14.0,178.0
-28.0,-66.0,-14.0,178.0
-26.0,-66.0,-14.0,579.0
-24.0,-66.0,-14.0,579.0
-22.0,-66.0,-14.0,579.0
-20.0,-66.0,-14.0,579.0
-18.0,-66.0,-14.0,579.0
-16.0,-66.0,-14.0,579.0
16.0,-66.0,-14.0,431.0
18.0,-66.0,-14.0,431.0
20.0,-66.0,-14.0,431.0
22.0,-66.0,-14.0,431.0
24.0,-66.0,-14.0,357.0
26.0,-66.0,-14.0,357.0
28.0,-66.0,-14.0,357.0
30.0,-66.0,-14.0,357.0
32.0,-66.0,-14.0,476.0
34.0,-66.0,-14.0,476.0
36.0,-66.0,-14.0,476.0
38.0,-66.0,-14.0,476.0
40.0,-66.0,-14.0,476.0
42.0,-66.0,-14.0,476.0
44.0,-66.0,-14.0,476.0
46.0,-66.0,-14.0,350.0
48.0,-66.0,-14.0,350.0
50.0,-66.0,-14.0,350.0
52.0,-66.0,-14.0,350.0
54.0,-66.0,-14.0,350.0
56.0,-66.0,-14.0,350.0
58.0,-66.0,-14.0,350.0
-58.0,-64.0,-14.0,388.0
-56.0,-64.0,-14.0,388.0
-54.0,-64.0,-14.0,388.0
-52.0,-64.0,-14.0,2.0
-50.0,-64.0,-14.0,2.0
-48.0,-64.0,-14.0,2.0
-46.0,-64.0,-14.0,2.0
-44.0,-64.0,-14.0,2.0
-42.0,-64.0,-14.0,2.0
-40.0,-64.0,-14.0,2.0
-38.0,-64.0,-14.0,178.0
-36.0,-64.0,-14.0,178.0
-34.0,-64.0,-14.0,178.0
-32.0,-64.0,-14.0,178.0
-30.0,-64.0,-14.0,178.0
-28.0,-64.0,-14.0,178.0
-26.0,-64.0,-14.0,579.0
-24.0,-64.0,-14.0,579.0
-22.0,-64.0,-14.0,579.0
-20.0,-64.0,-14.0,579.0
-18.0,-64.0,-14.0,579.0
18.0,-64.0,-14.0,431.0
20.0,-64.0,-14.0,431.0
22.0,-64.0,-14.0,431.0
24.0,-64.0,-14.0,357.0
26.0,-64.0,-14.0,357.0
28.0,-64.0,-14.0,357.0
30.0,-64.0,-14.0,357.0
32.0,-64.0,-14.0,476.0
34.0,-64.0,-14.0,476.0
36.0,-64.0,-14.0,476.0
38.0,-64.0,-14.0,476.0
40.0,-64.0,-14.0,476.0
42.0,-64.0,-14.0,476.0
44.0,-64.0,-14.0,476.0
46.0,-64.0,-14.0,476.0
48.0,-64.0,-14.0,350.0
50.0,-64.0,-14.0,350.0
52.0,-64.0,-14.0,350.0
54.0,-64.0,-14.0,350.0
56.0,-64.0,-14.0,350.0
58.0,-64.0,-14.0,11.0
-60.0,-62.0,-14.0,388.0
-58.0,-62.0,-14.0,388.0
-56.0,-62.0,-14.0,388.0
-54.0,-62.0,-14.0,459.0
-52.0,-62.0,-14.0,459.0
-50.0,-62.0,-14.0,459.0
-48.0,-62.0,-14.0,459.0
-46.0,-62.0,-14.0,459.0
-44.0,-62.0,-14.0,2.0
-42.0,-62.0,-14.0,2.0
-40.0,-62.0,-14.0,178.0
-38.0,-62.0,-14.0,178.0
-36.0,-62.0,-14.0,178.0
-34.0,-62.0,-14.0,178.0
-32.0,-62.0,-14.0,178.0
-30.0,-62.0,-14.0,178.0
-28.0,-62.0,-14.0,178.0
-26.0,-62.0,-14.0,579.0
-24.0,-62.0,-14.0,579.0
-22.0,-62.0,-14.0,579.0
-20.0,-62.0,-14.0,579.0
18.0,-62.0,-14.0,431.0
20.0,-62.0,-14.0,451.0
22.0,-62.0,-14.0,451.0
24.0,-62.0,-14.0,451.0
26.0,-62.0,-14.0,451.0
28.0,-62.0,-14.0,451.0
30.0,-62.0,-14.0,476.0
32.0,-62.0,-14.0,476.0
34.0,-62.0,-14.0,476.0
36.0,-62.0,-14.0,476.0
38.0,-62.0,-14.0,476.0
40.0,-62.0,-14.0,476.0
42.0,-62.0,-14.0,476.0
44.0,-62.0,-14.0,476.0
46.0,-62.0,-14.0,476.0
48.0,-62.0,-14.0,350.0
50.0,-62.0,-14.0,350.0
52.0,-62.0,-14.0,350.0
54.0,-62.0,-14.0,350.0
56.0,-62.0,-14.0,11.0
58.0,-62.0,-14.0,11.0
60.0,-62.0,-14.0,11.0
-60.0,-60.0,-14.0,388.0
-58.0,-60.0,-14.0,459.0
-56.0,-60.0,-14.0,459.0
-54.0,-60.0,-14.0,459.0
-52.0,-60.0,-14.0,459.0
-50.0,-60.0,-14.0,459.0
-48.0,-60.0,-14.0,459.0
-46.0,-60.0,-14.0,459.0
-44.0,-60.0,-14.0,459.0
-42.0,-60.0,-14.0,459.0
-40.0,-60.0,-14.0,459.0
-38.0,-60.0,-14.0,178.0
-36.0,-60.0,-14.0,178.0
-34.0,-60.0,-14.0,178.0
-30.0,-60.0,-14.0,178.0
-28.0,-60.0,-14.0,178.0
-26.0,-60.0,-14.0,579.0
-24.0,-60.0,-14.0,579.0
-22.0,-60.0,-14.0,579.0
-20.0,-60.0,-14.0,579.0
18.0,-60.0,-14.0,451.0
20.0,-60.0,-14.0,451.0
22.0,-60.0,-14.0,451.0
24.0,-60.0,-14.0,451.0
26.0,-60.0,-14.0,451.0
28.0,-60.0,-14.0,451.0
30.0,-60.0,-14.0,451.0
32.0,-60.0,-14.0,476.0
34.0,-60.0,-14.0,476.0
36.0,-60.0,-14.0,476.0
38.0,-60.0,-14.0,476.0
40.0,-60.0,-14.0,476.0
42.0,-60.0,-14.0,476.0
44.0,-60.0,-14.0,476.0
46.0,-60.0,-14.0,476.0
48.0,-60.0,-14.0,350.0
50.0,-60.0,-14.0,350.0
52.0,-60.0,-14.0,350.0
54.0,-60.0,-14.0,11.0
56.0,-60.0,-14.0,11.0
58.0,-60.0,-14.0,11.0
60.0,-60.0,-14.0,11.0
-62.0,-58.0,-14.0,459.0
-60.0,-58.0,-14.0,459.0
-58.0,-58.0,-14.0,459.0
-56.0,-58.0,-14.0,459.0
-54.0,-58.0,-14.0,459.0
-52.0,-58.0,-14.0,459.0
-50.0,-58.0,-14.0,459.0
-48.0,-58.0,-14.0,459.0
-46.0,-58.0,-14.0,459.0
-44.0,-58.0,-14.0,459.0
-42.0,-58.0,-14.0,459.0
-40.0,-58.0,-14.0,459.0
-38.0,-58.0,-14.0,178.0
-36.0,-58.0,-14.0,178.0
-34.0,-58.0,-14.0,178.0
-30.0,-58.0,-14.0,178.0
-28.0,-58.0,-14.0,178.0
-26.0,-58.0,-14.0,579.0
-24.0,-58.0,-14.0,579.0
-22.0,-58.0,-14.0,579.0
20.0,-58.0,-14.0,451.0
22.0,-58.0,-14.0,451.0
24.0,-58.0,-14.0,451.0
26.0,-58.0,-14.0,451.0
28.0,-58.0,-14.0,451.0
30.0,-58.0,-14.0,451.0
32.0,-58.0,-14.0,476.0
34.0,-58.0,-14.0,476.0
36.0,-58.0,-14.0,476.0
38.0,-58.0,-14.0,476.0
40.0,-58.0,-14.0,476.0
42.0,-58.0,-14.0,476.0
44.0,-58.0,-14.0,476.0
46.0,-58.0,-14.0,476.0
48.0,-58.0,-14.0,350.0
50.0,-58.0,-14.0,350.0
52.0,-58.0,-14.0,350.0
54.0,-58.0,-14.0,11.0
56.0,-58.0,-14.0,11.0
58.0,-58.0,-14.0,11.0
60.0,-58.0,-14.0,11.0
62.0,-58.0,-14.0,11.0
-64.0,-56.0,-14.0,535.0
-62.0,-56.0,-14.0,459.0
-60.0,-56.0,-14.0,459.0
-58.0,-56.0,-14.0,459.0
-56.0,-56.0,-14.0,459.0
-54.0,-56.0,-14.0,459.0
-52.0,-56.0,-14.0,459.0
-50.0,-56.0,-14.0,459.0
-48.0,-56.0,-14.0,459.0
-46.0,-56.0,-14.0,459.0
-44.0,-56.0,-14.0,459.0
-42.0,-56.0,-14.0,459.0
-40.0,-56.0,-14.0,459.0
-38.0,-56.0,-14.0,459.0
-36.0,-56.0,-14.0,178.0
-34.0,-56.0,-14.0,178.0
-32.0,-56.0,-14.0,178.0
-28.0,-56.0,-14.0,178.0
-26.0,-56.0,-14.0,547.0
-24.0,-56.0,-14.0,547.0
-22.0,-56.0,-14.0,371.0
20.0,-56.0,-14.0,451.0
22.0,-56.0,-14.0,451.0
24.0,-56.0,-14.0,451.0
26.0,-56.0,-14.0,451.0
28.0,-56.0,-14.0,451.0
34.0,-56.0,-14.0,476.0
36.0,-56.0,-14.0,476.0
38.0,-56.0,-14.0,476.0
40.0,-56.0,-14.0,476.0
42.0,-56.0,-14.0,476.0
44.0,-56.0,-14.0,476.0
46.0,-56.0,-14.0,476.0
48.0,-56.0,-14.0,350.0
50.0,-56.0,-14.0,350.0
52.0,-56.0,-14.0,11.0
54.0,-56.0,-14.0,11.0
56.0,-56.0,-14.0,11.0
58.0,-56.0,-14.0,11.0
60.0,-56.0,-14.0,11.0
62.0,-56.0,-14.0,11.0
-64.0,-54.0,-14.0,535.0
-62.0,-54.0,-14.0,535.0
-60.0,-54.0,-14.0,459.0
-58.0,-54.0,-14.0,459.0
-56.0,-54.0,-14.0,459.0
-54.0,-54.0,-14.0,459.0
-52.0,-54.0,-14.0,459.0
-50.0,-54.0,-14.0,459.0
-48.0,-54.0,-14.0,459.0
-46.0,-54.0,-14.0,459.0
-44.0,-54.0,-14.0,459.0
-42.0,-54.0,-14.0,459.0
-40.0,-54.0,-14.0,459.0
-38.0,-54.0,-14.0,459.0
-36.0,-54.0,-14.0,178.0
-34.0,-54.0,-14.0,178.0
-32.0,-54.0,-14.0,178.0
-28.0,-54.0,-14.0,547.0
-26.0,-54.0,-14.0,547.0
-24.0,-54.0,-14.0,547.0
-22.0,-54.0,-14.0,371.0
-20.0,-54.0,-14.0,371.0
20.0,-54.0,-14.0,451.0
22.0,-54.0,-14.0,451.0
24.0,-54.0,-14.0,451.0
26.0,-54.0,-14.0,451.0
28.0,-54.0,-14.0,451.0
34.0,-54.0,-14.0,316.0
36.0,-54.0,-14.0,316.0
38.0,-54.0,-14.0,316.0
40.0,-54.0,-14.0,316.0
42.0,-54.0,-14.0,316.0
44.0,-54.0,-14.0,316.0
46.0,-54.0,-14.0,316.0
48.0,-54.0,-14.0,316.0
50.0,-54.0,-14.0,11.0
52.0,-54.0,-14.0,11.0
54.0,-54.0,-14.0,11.0
56.0,-54.0,-14.0,11.0
58.0,-54.0,-14.0,11.0
60.0,-54.0,-14.0,11.0
62.0,-54.0,-14.0,11.0
64.0,-54.0,-14.0,11.0
-64.0,-52.0,-14.0,535.0
-62.0,-52.0,-14.0,535.0
-60.0,-52.0,-14.0,535.0
-58.0,-52.0,-14.0,459.0
-56.0,-52.0,-14.0,459.0
-54.0,-52.0,-14.0,459.0
-52.0,-52.0,-14.0,459.0
-50.0,-52.0,-14.0,459.0
-48.0,-52.0,-14.0,459.0
-46.0,-52.0,-14.0,459.0
-44.0,-52.0,-14.0,459.0
-42.0,-52.0,-14.0,459.0
-40.0,-52.0,-14.0,459.0
-38.0,-52.0,-14.0,459.0
-36.0,-52.0,-14.0,459.0
-34.0,-52.0,-14.0,178.0
-32.0,-52.0,-14.0,547.0
-28.0,-52.0,-14.0,547.0
-26.0,-52.0,-14.0,547.0
-24.0,-52.0,-14.0,371.0
-22.0,-52.0,-14.0,371.0
-20.0,-52.0,-14.0,371.0
18.0,-52.0,-14.0,451.0
20.0,-52.0,-14.0,451.0
22.0,-52.0,-14.0,451.0
24.0,-52.0,-14.0,451.0
26.0,-52.0,-14.0,451.0
32.0,-52.0,-14.0,451.0
34.0,-52.0,-14.0,316.0
36.0,-52.0,-14.0,316.0
38.0,-52.0,-14.0,316.0
40.0,-52.0,-14.0,316.0
42.0,-52.0,-14.0,316.0
44.0,-52.0,-14.0,316.0
46.0,-52.0,-14.0,316.0
48.0,-52.0,-14.0,336.0
50.0,-52.0,-14.0,11.0
52.0,-52.0,-14.0,11.0
54.0,-52.0,-14.0,11.0
56.0,-52.0,-14.0,11.0
58.0,-52.0,-14.0,11.0
60.0,-52.0,-14.0,11.0
62.0,-52.0,-14.0,11.0
64.0,-52.0,-14.0,11.0
-66.0,-50.0,-14.0,535.0
-64.0,-50.0,-14.0,535.0
-62.0,-50.0,-14.0,535.0
-60.0,-50.0,-14.0,535.0
-58.0,-50.0,-14.0,535.0
-56.0,-50.0,-14.0,459.0
-54.0,-50.0,-14.0,459.0
-52.0,-50.0,-14.0,459.0
-50.0,-50.0,-14.0,459.0
-48.0,-50.0,-14.0,459.0
-46.0,-50.0,-14.0,459.0
-44.0,-50.0,-14.0,459.0
-42.0,-50.0,-14.0,459.0
-40.0,-50.0,-14.0,459.0
-38.0,-50.0,-14.0,459.0
-36.0,-50.0,-14.0,459.0
-34.0,-50.0,-14.0,547.0
-28.0,-50.0,-14.0,547.0
-26.0,-50.0,-14.0,547.0
-24.0,-50.0,-14.0,371.0
-22.0,-50.0,-14.0,371.0
-20.0,-50.0,-14.0,371.0
18.0,-50.0,-14.0,451.0
20.0,-50.0,-14.0,451.0
22.0,-50.0,-14.0,451.0
24.0,-50.0,-14.0,451.0
26.0,-50.0,-14.0,451.0
30.0,-50.0,-14.0,451.0
32.0,-50.0,-14.0,451.0
34.0,-50.0,-14.0,451.0
36.0,-50.0,-14.0,316.0
38.0,-50.0,-14.0,316.0
40.0,-50.0,-14.0,316.0
42.0,-50.0,-14.0,316.0
44.0,-50.0,-14.0,316.0
46.0,-50.0,-14.0,336.0
48.0,-50.0,-14.0,336.0
50.0,-50.0,-14.0,336.0
52.0,-50.0,-14.0,11.0
54.0,-50.0,-14.0,11.0
56.0,-50.0,-14.0,11.0
58.0,-50.0,-14.0,11.0
60.0,-50.0,-14.0,11.0
62.0,-50.0,-14.0,11.0
64.0,-50.0,-14.0,11.0
-66.0,-48.0,-14.0,535.0
-64.0,-48.0,-14.0,535.0
-62.0,-48.0,-14.0,535.0
-60.0,-48.0,-14.0,535.0
-58.0,-48.0,-14.0,535.0
-56.0,-48.0,-14.0,507.0
-54.0,-48.0,-14.0,507.0
-52.0,-48.0,-14.0,507.0
-50.0,-48.0,-14.0,507.0
-48.0,-48.0,-14.0,507.0
-46.0,-48.0,-14.0,507.0
-44.0,-48.0,-14.0,507.0
-42.0,-48.0,-14.0,507.0
-40.0,-48.0,-14.0,507.0
-38.0,-48.0,-14.0,507.0
-36.0,-48.0,-14.0,507.0
-26.0,-48.0,-14.0,547.0
-24.0,-48.0,-14.0,371.0
-22.0,-48.0,-14.0,371.0
-20.0,-48.0,-14.0,371.0
18.0,-48.0,-14.0,451.0
20.0,-48.0,-14.0,451.0
22.0,-48.0,-14.0,451.0
26.0,-48.0,-14.0,451.0
28.0,-48.0,-14.0,451.0
30.0,-48.0,-14.0,451.0
32.0,-48.0,-14.0,451.0
34.0,-48.0,-14.0,273.0
36.0,-48.0,-14.0,273.0
38.0,-48.0,-14.0,273.0
40.0,-48.0,-14.0,273.0
42.0,-48.0,-14.0,336.0
44.0,-48.0,-14.0,336.0
46.0,-48.0,-14.0,336.0
48.0,-48.0,-14.0,336.0
50.0,-48.0,-14.0,336.0
52.0,-48.0,-14.0,336.0
54.0,-48.0,-14.0,11.0
56.0,-48.0,-14.0,11.0
58.0,-48.0,-14.0,11.0
60.0,-48.0,-14.0,11.0
62.0,-48.0,-14.0,11.0
64.0,-48.0,-14.0,11.0
-66.0,-46.0,-14.0,535.0
-64.0,-46.0,-14.0,535.0
-62.0,-46.0,-14.0,535.0
-60.0,-46.0,-14.0,535.0
-58.0,-46.0,-14.0,535.0
-56.0,-46.0,-14.0,507.0
-54.0,-46.0,-14.0,507.0
-52.0,-46.0,-14.0,507.0
-50.0,-46.0,-14.0,507.0
-48.0,-46.0,-14.0,507.0
-46.0,-46.0,-14.0,507.0
-44.0,-46.0,-14.0,507.0
-42.0,-46.0,-14.0,507.0
-40.0,-46.0,-14.0,507.0
-38.0,-46.0,-14.0,507.0
-26.0,-46.0,-14.0,371.0
-24.0,-46.0,-14.0,371.0
-22.0,-46.0,-14.0,371.0
-20.0,-46.0,-14.0,371.0
-18.0,-46.0,-14.0,371.0
18.0,-46.0,-14.0,451.0
20.0,-46.0,-14.0,451.0
22.0,-46.0,-14.0,451.0
24.0,-46.0,-14.0,451.0
26.0,-46.0,-14.0,451.0
28.0,-46.0,-14.0,451.0
30.0,-46.0,-14.0,451.0
32.0,-46.0,-14.0,273.0
34.0,-46.0,-14.0,273.0
36.0,-46.0,-14.0,273.0
38.0,-46.0,-14.0,273.0
40.0,-46.0,-14.0,273.0
42.0,-46.0,-14.0,273.0
44.0,-46.0,-14.0,336.0
46.0,-46.0,-14.0,336.0
48.0,-46.0,-14.0,336.0
50.0,-46.0,-14.0,336.0
52.0,-46.0,-14.0,336.0
54.0,-46.0,-14.0,336.0
56.0,-46.0,-14.0,11.0
58.0,-46.0,-14.0,11.0
60.0,-46.0,-14.0,11.0
62.0,-46.0,-14.0,11.0
64.0,-46.0,-14.0,11.0
66.0,-46.0,-14.0,11.0
-68.0,-44.0,-14.0,535.0
-66.0,-44.0,-14.0,535.0
-64.0,-44.0,-14.0,535.0
-62.0,-44.0,-14.0,535.0
-60.0,-44.0,-14.0,535.0
-58.0,-44.0,-14.0,535.0
-56.0,-44.0,-14.0,507.0
-54.0,-44.0,-14.0,507.0
-52.0,-44.0,-14.0,507.0
-50.0,-44.0,-14.0,507.0
-48.0,-44.0,-14.0,507.0
-46.0,-44.0,-14.0,507.0
-44.0,-44.0,-14.0,507.0
-42.0,-44.0,-14.0,507.0
-40.0,-44.0,-14.0,507.0
-32.0,-44.0,-14.0,492.0
-30.0,-44.0,-14.0,492.0
-28.0,-44.0,-14.0,547.0
-26.0,-44.0,-14.0,371.0
-24.0,-44.0,-14.0,371.0
-22.0,-44.0,-14.0,371.0
-20.0,-44.0,-14.0,371.0
-18.0,-44.0,-14.0,371.0
16.0,-44.0,-14.0,513.0
18.0,-44.0,-14.0,451.0
20.0,-44.0,-14.0,451.0
22.0,-44.0,-14.0,451.0
24.0,-44.0,-14.0,451.0
26.0,-44.0,-14.0,451.0
28.0,-44.0,-14.0,451.0
30.0,-44.0,-14.0,273.0
32.0,-44.0,-14.0,273.0
34.0,-44.0,-14.0,273.0
36.0,-44.0,-14.0,273.0
38.0,-44.0,-14.0,273.0
40.0,-44.0,-14.0,273.0
42.0,-44.0,-14.0,273.0
44.0,-44.0,-14.0,273.0
46.0,-44.0,-14.0,336.0
48.0,-44.0,-14.0,336.0
50.0,-44.0,-14.0,336.0
52.0,-44.0,-14.0,336.0
54.0,-44.0,-14.0,336.0
56.0,-44.0,-14.0,336.0
58.0,-44.0,-14.0,11.0
60.0,-44.0,-14.0,11.0
62.0,-44.0,-14.0,11.0
64.0,-44.0,-14.0,11.0
66.0,-44.0,-14.0,11.0
-68.0,-42.0,-14.0,535.0
-66.0,-42.0,-14.0,535.0
-64.0,-42.0,-14.0,535.0
-62.0,-42.0,-14.0,535.0
-60.0,-42.0,-14.0,535.0
-58.0,-42.0,-14.0,535.0
-56.0,-42.0,-14.0,535.0
-54.0,-42.0,-14.0,507.0
-52.0,-42.0,-14.0,507.0
-50.0,-42.0,-14.0,507.0
-48.0,-42.0,-14.0,507.0
-46.0,-42.0,-14.0,507.0
-44.0,-42.0,-14.0,507.0
-42.0,-42.0,-14.0,507.0
-40.0,-42.0,-14.0,507.0
-34.0,-42.0,-14.0,492.0
-32.0,-42.0,-14.0,492.0
-30.0,-42.0,-14.0,492.0
-28.0,-42.0,-14.0,492.0
-26.0,-42.0,-14.0,492.0
-24.0,-42.0,-14.0,492.0
-22.0,-42.0,-14.0,371.0
-20.0,-42.0,-14.0,371.0
-18.0,-42.0,-14.0,371.0
16.0,-42.0,-14.0,513.0
18.0,-42.0,-14.0,513.0
20.0,-42.0,-14.0,513.0
24.0,-42.0,-14.0,451.0
26.0,-42.0,-14.0,451.0
28.0,-42.0,-14.0,273.0
30.0,-42.0,-14.0,273.0
32.0,-42.0,-14.0,273.0
34.0,-42.0,-14.0,273.0
36.0,-42.0,-14.0,273.0
38.0,-42.0,-14.0,273.0
40.0,-42.0,-14.0,273.0
42.0,-42.0,-14.0,273.0
44.0,-42.0,-14.0,273.0
46.0,-42.0,-14.0,336.0
48.0,-42.0,-14.0,336.0
50.0,-42.0,-14.0,336.0
52.0,-42.0,-14.0,269.0
54.0,-42.0,-14.0,269.0
56.0,-42.0,-14.0,269.0
58.0,-42.0,-14.0,269.0
60.0,-42.0,-14.0,11.0
62.0,-42.0,-14.0,11.0
64.0,-42.0,-14.0,11.0
66.0,-42.0,-14.0,11.0
68.0,-42.0,-14.0,11.0
-68.0,-40.0,-14.0,535.0
-66.0,-40.0,-14.0,535.0
-64.0,-40.0,-14.0,535.0
-62.0,-40.0,-14.0,535.0
-60.0,-40.0,-14.0,535.0
-58.0,-40.0,-14.0,535.0
-56.0,-40.0,-14.0,535.0
-54.0,-40.0,-14.0,507.0
-52.0,-40.0,-14.0,507.0
-50.0,-40.0,-14.0,507.0
-48.0,-40.0,-14.0,507.0
-46.0,-40.0,-14.0,507.0
-44.0,-40.0,-14.0,507.0
-42.0,-40.0,-14.0,507.0
-40.0,-40.0,-14.0,507.0
-36.0,-40.0,-14.0,507.0
-34.0,-40.0,-14.0,492.0
-32.0,-40.0,-14.0,492.0
-30.0,-40.0,-14.0,492.0
-28.0,-40.0,-14.0,492.0
-26.0,-40.0,-14.0,492.0
-24.0,-40.0,-14.0,492.0
-22.0,-40.0,-14.0,492.0
-20.0,-40.0,-14.0,492.0
-18.0,-40.0,-14.0,371.0
16.0,-40.0,-14.0,513.0
18.0,-40.0,-14.0,513.0
20.0,-40.0,-14.0,513.0
24.0,-40.0,-14.0,513.0
26.0,-40.0,-14.0,273.0
28.0,-40.0,-14.0,273.0
30.0,-40.0,-14.0,273.0
32.0,-40.0,-14.0,273.0
34.0,-40.0,-14.0,273.0
36.0,-40.0,-14.0,273.0
38.0,-40.0,-14.0,273.0
40.0,-40.0,-14.0,273.0
42.0,-40.0,-14.0,273.0
44.0,-40.0,-14.0,273.0
46.0,-40.0,-14.0,273.0
48.0,-40.0,-14.0,269.0
50.0,-40.0,-14.0,269.0
52.0,-40.0,-14.0,269.0
54.0,-40.0,-14.0,269.0
56.0,-40.0,-14.0,269.0
58.0,-40.0,-14.0,269.0
60.0,-40.0,-14.0,269.0
62.0,-40.0,-14.0,269.0
64.0,-40.0,-14.0,11.0
66.0,-40.0,-14.0,11.0
68.0,-40.0,-14.0,11.0
-68.0,-38.0,-14.0,535.0
-66.0,-38.0,-14.0,535.0
-64.0,-38.0,-14.0,535.0
-62.0,-38.0,-14.0,535.0
-60.0,-38.0,-14.0,535.0
-58.0,-38.0,-14.0,535.0
-56.0,-38.0,-14.0,535.0
-54.0,-38.0,-14.0,507.0
-52.0,-38.0,-14.0,507.0
-50.0,-38.0,-14.0,507.0
-48.0,-38.0,-14.0,507.0
-46.0,-38.0,-14.0,507.0
-44.0,-38.0,-14.0,507.0
-36.0,-38.0,-14.0,490.0
-34.0,-38.0,-14.0,492.0
-32.0,-38.0,-14.0,492.0
-30.0,-38.0,-14.0,492.0
-28.0,-38.0,-14.0,492.0
-26.0,-38.0,-14.0,492.0
-22.0,-38.0,-14.0,492.0
-20.0,-38.0,-14.0,492.0
18.0,-38.0,-14.0,513.0
20.0,-38.0,-14.0,513.0
30.0,-38.0,-14.0,273.0
32.0,-38.0,-14.0,273.0
34.0,-38.0,-14.0,273.0
36.0,-38.0,-14.0,273.0
42.0,-38.0,-14.0,273.0
44.0,-38.0,-14.0,273.0
46.0,-38.0,-14.0,273.0
52.0,-38.0,-14.0,269.0
54.0,-38.0,-14.0,269.0
56.0,-38.0,-14.0,269.0
58.0,-38.0,-14.0,269.0
60.0,-38.0,-14.0,269.0
62.0,-38.0,-14.0,436.0
64.0,-38.0,-14.0,26.0
66.0,-38.0,-14.0,26.0
68.0,-38.0,-14.0,26.0
-70.0,-36.0,-14.0,535.0
-68.0,-36.0,-14.0,535.0
-66.0,-36.0,-14.0,38.0
-64.0,-36.0,-14.0,38.0
-62.0,-36.0,-14.0,38.0
-60.0,-36.0,-14.0,38.0
-58.0,-36.0,-14.0,38.0
-56.0,-36.0,-14.0,38.0
-54.0,-36.0,-14.0,38.0
-52.0,-36.0,-14.0,38.0
-50.0,-36.0,-14.0,507.0
-48.0,-36.0,-14.0,507.0
-46.0,-36.0,-14.0,507.0
-36.0,-36.0,-14.0,490.0
-34.0,-36.0,-14.0,492.0
-32.0,-36.0,-14.0,492.0
-30.0,-36.0,-14.0,492.0
-28.0,-36.0,-14.0,492.0
-26.0,-36.0,-14.0,492.0
-24.0,-36.0,-14.0,492.0
52.0,-36.0,-14.0,269.0
54.0,-36.0,-14.0,269.0
56.0,-36.0,-14.0,269.0
58.0,-36.0,-14.0,436.0
60.0,-36.0,-14.0,436.0
62.0,-36.0,-14.0,436.0
64.0,-36.0,-14.0,26.0
66.0,-36.0,-14.0,26.0
68.0,-36.0,-14.0,26.0
-70.0,-34.0,-14.0,38.0
-68.0,-34.0,-14.0,38.0
-66.0,-34.0,-14.0,38.0
-64.0,-34.0,-14.0,38.0
-62.0,-34.0,-14.0,38.0
-60.0,-34.0,-14.0,38.0
-58.0,-34.0,-14.0,38.0
-56.0,-34.0,-14.0,38.0
-54.0,-34.0,-14.0,38.0
-52.0,-34.0,-14.0,38.0
-38.0,-34.0,-14.0,490.0
-36.0,-34.0,-14.0,490.0
-34.0,-34.0,-14.0,490.0
-32.0,-34.0,-14.0,492.0
-30.0,-34.0,-14.0,492.0
-28.0,-34.0,-14.0,492.0
-26.0,-34.0,-14.0,492.0
-24.0,-34.0,-14.0,492.0
52.0,-34.0,-14.0,269.0
54.0,-34.0,-14.0,436.0
56.0,-34.0,-14.0,436.0
58.0,-34.0,-14.0,436.0
60.0,-34.0,-14.0,436.0
62.0,-34.0,-14.0,436.0
64.0,-34.0,-14.0,26.0
66.0,-34.0,-14.0,26.0
68.0,-34.0,-14.0,26.0
-70.0,-32.0,-14.0,38.0
-68.0,-32.0,-14.0,38.0
-66.0,-32.0,-14.0,38.0
-64.0,-32.0,-14.0,38.0
-62.0,-32.0,-14.0,38.0
-60.0,-32.0,-14.0,38.0
-58.0,-32.0,-14.0,38.0
-56.0,-32.0,-14.0,38.0
-54.0,-32.0,-14.0,38.0
-38.0,-32.0,-14.0,490.0
-36.0,-32.0,-14.0,490.0
-34.0,-32.0,-14.0,490.0
-32.0,-32.0,-14.0,492.0
-30.0,-32.0,-14.0,492.0
-28.0,-32.0,-14.0,492.0
-26.0,-32.0,-14.0,492.0
-24.0,-32.0,-14.0,492.0
-22.0,-32.0,-14.0,492.0
52.0,-32.0,-14.0,436.0
54.0,-32.0,-14.0,436.0
56.0,-32.0,-14.0,436.0
58.0,-32.0,-14.0,436.0
60.0,-32.0,-14.0,436.0
62.0,-32.0,-14.0,436.0
64.0,-32.0,-14.0,26.0
66.0,-32.0,-14.0,26.0
68.0,-32.0,-14.0,26.0
-70.0,-30.0,-14.0,38.0
-68.0,-30.0,-14.0,38.0
-66.0,-30.0,-14.0,38.0
-64.0,-30.0,-14.0,38.0
-62.0,-30.0,-14.0,38.0
-60.0,-30.0,-14.0,38.0
-58.0,-30.0,-14.0,38.0
-56.0,-30.0,-14.0,38.0
-54.0,-30.0,-14.0,38.0
-38.0,-30.0,-14.0,490.0
-36.0,-30.0,-14.0,490.0
-34.0,-30.0,-14.0,490.0
-32.0,-30.0,-14.0,492.0
-30.0,-30.0,-14.0,492.0
-28.0,-30.0,-14.0,492.0
-26.0,-30.0,-14.0,492.0
-24.0,-30.0,-14.0,492.0
26.0,-30.0,-14.0,273.0
28.0,-30.0,-14.0,273.0
30.0,-30.0,-14.0,273.0
32.0,-30.0,-14.0,273.0
52.0,-30.0,-14.0,436.0
54.0,-30.0,-14.0,436.0
56.0,-30.0,-14.0,436.0
58.0,-30.0,-14.0,436.0
60.0,-30.0,-14.0,436.0
62.0,-30.0,-14.0,436.0
64.0,-30.0,-14.0,26.0
66.0,-30.0,-14.0,26.0
68.0,-30.0,-14.0,26.0
-70.0,-28.0,-14.0,417.0
-68.0,-28.0,-14.0,417.0
-66.0,-28.0,-14.0,417.0
-64.0,-28.0,-14.0,38.0
-62.0,-28.0,-14.0,38.0
-60.0,-28.0,-14.0,38.0
-58.0,-28.0,-14.0,38.0
-56.0,-28.0,-14.0,38.0
-38.0,-28.0,-14.0,490.0
-36.0,-28.0,-14.0,490.0
-34.0,-28.0,-14.0,490.0
-32.0,-28.0,-14.0,490.0
-30.0,-28.0,-14.0,492.0
-28.0,-28.0,-14.0,492.0
-26.0,-28.0,-14.0,492.0
22.0,-28.0,-14.0,430.0
24.0,-28.0,-14.0,430.0
26.0,-28.0,-14.0,430.0
28.0,-28.0,-14.0,430.0
30.0,-28.0,-14.0,430.0
32.0,-28.0,-14.0,430.0
34.0,-28.0,-14.0,430.0
36.0,-28.0,-14.0,430.0
52.0,-28.0,-14.0,436.0
54.0,-28.0,-14.0,436.0
56.0,-28.0,-14.0,436.0
58.0,-28.0,-14.0,436.0
60.0,-28.0,-14.0,436.0
62.0,-28.0,-14.0,436.0
64.0,-28.0,-14.0,26.0
66.0,-28.0,-14.0,26.0
68.0,-28.0,-14.0,26.0
-70.0,-26.0,-14.0,417.0
-68.0,-26.0,-14.0,417.0
-66.0,-26.0,-14.0,417.0
-64.0,-26.0,-14.0,417.0
-62.0,-26.0,-14.0,417.0
-60.0,-26.0,-14.0,417.0
-58.0,-26.0,-14.0,417.0
-56.0,-26.0,-14.0,38.0
-38.0,-26.0,-14.0,490.0
-36.0,-26.0,-14.0,490.0
-34.0,-26.0,-14.0,490.0
-32.0,-26.0,-14.0,490.0
-30.0,-26.0,-14.0,492.0
-28.0,-26.0,-14.0,492.0
-26.0,-26.0,-14.0,492.0
-24.0,-26.0,-14.0,492.0
22.0,-26.0,-14.0,430.0
24.0,-26.0,-14.0,430.0
26.0,-26.0,-14.0,430.0
28.0,-26.0,-14.0,430.0
30.0,-26.0,-14.0,430.0
32.0,-26.0,-14.0,430.0
34.0,-26.0,-14.0,430.0
36.0,-26.0,-14.0,430.0
54.0,-26.0,-14.0,436.0
56.0,-26.0,-14.0,436.0
58.0,-26.0,-14.0,436.0
60.0,-26.0,-14.0,436.0
62.0,-26.0,-14.0,436.0
64.0,-26.0,-14.0,26.0
66.0,-26.0,-14.0,26.0
68.0,-26.0,-14.0,26.0
70.0,-26.0,-14.0,26.0
-70.0,-24.0,-14.0,417.0
-68.0,-24.0,-14.0,417.0
-66.0,-24.0,-14.0,417.0
-64.0,-24.0,-14.0,417.0
-62.0,-24.0,-14.0,417.0
-60.0,-24.0,-14.0,417.0
-58.0,-24.0,-14.0,417.0
-56.0,-24.0,-14.0,417.0
-40.0,-24.0,-14.0,490.0
-38.0,-24.0,-14.0,490.0
-36.0,-24.0,-14.0,490.0
-34.0,-24.0,-14.0,490.0
-32.0,-24.0,-14.0,490.0
-30.0,-24.0,-14.0,490.0
-28.0,-24.0,-14.0,492.0
-26.0,-24.0,-14.0,492.0
-24.0,-24.0,-14.0,492.0
-22.0,-24.0,-14.0,492.0
22.0,-24.0,-14.0,430.0
24.0,-24.0,-14.0,430.0
26.0,-24.0,-14.0,430.0
28.0,-24.0,-14.0,430.0
30.0,-24.0,-14.0,430.0
32.0,-24.0,-14.0,430.0
34.0,-24.0,-14.0,430.0
36.0,-24.0,-14.0,430.0
38.0,-24.0,-14.0,430.0
52.0,-24.0,-14.0,436.0
54.0,-24.0,-14.0,436.0
56.0,-24.0,-14.0,436.0
58.0,-24.0,-14.0,436.0
60.0,-24.0,-14.0,436.0
62.0,-24.0,-14.0,436.0
64.0,-24.0,-14.0,26.0
66.0,-24.0,-14.0,26.0
68.0,-24.0,-14.0,26.0
70.0,-24.0,-14.0,26.0
-70.0,-22.0,-14.0,417.0
-68.0,-22.0,-14.0,417.0
-66.0,-22.0,-14.0,417.0
-64.0,-22.0,-14.0,417.0
-62.0,-22.0,-14.0,417.0
-60.0,-22.0,-14.0,417.0
-58.0,-22.0,-14.0,417.0
-56.0,-22.0,-14.0,417.0
-40.0,-22.0,-14.0,490.0
-38.0,-22.0,-14.0,490.0
-36.0,-22.0,-14.0,490.0
-34.0,-22.0,-14.0,490.0
-32.0,-22.0,-14.0,490.0
-30.0,-22.0,-14.0,490.0
-28.0,-22.0,-14.0,492.0
-26.0,-22.0,-14.0,492.0
-24.0,-22.0,-14.0,492.0
-22.0,-22.0,-14.0,492.0
22.0,-22.0,-14.0,430.0
24.0,-22.0,-14.0,430.0
26.0,-22.0,-14.0,430.0
28.0,-22.0,-14.0,430.0
30.0,-22.0,-14.0,430.0
32.0,-22.0,-14.0,430.0
34.0,-22.0,-14.0,430.0
36.0,-22.0,-14.0,430.0
38.0,-22.0,-14.0,430.0
48.0,-22.0,-14.0,321.0
50.0,-22.0,-14.0,436.0
52.0,-22.0,-14.0,436.0
54.0,-22.0,-14.0,436.0
56.0,-22.0,-14.0,436.0
58.0,-22.0,-14.0,436.0
60.0,-22.0,-14.0,436.0
62.0,-22.0,-14.0,436.0
64.0,-22.0,-14.0,26.0
66.0,-22.0,-14.0,26.0
68.0,-22.0,-14.0,26.0
70.0,-22.0,-14.0,26.0
-70.0,-20.0,-14.0,417.0
-68.0,-20.0,-14.0,417.0
-66.0,-20.0,-14.0,417.0
-64.0,-20.0,-14.0,417.0
-62.0,-20.0,-14.0,417.0
-60.0,-20.0,-14.0,417.0
-58.0,-20.0,-14.0,417.0
-56.0,-20.0,-14.0,417.0
-40.0,-20.0,-14.0,490.0
-38.0,-20.0,-14.0,490.0
-36.0,-20.0,-14.0,490.0
-34.0,-20.0,-14.0,490.0
-32.0,-20.0,-14.0,490.0
-30.0,-20.0,-14.0,490.0
-28.0,-20.0,-14.0,492.0
-26.0,-20.0,-14.0,492.0
-24.0,-20.0,-14.0,492.0
26.0,-20.0,-14.0,430.0
28.0,-20.0,-14.0,430.0
30.0,-20.0,-14.0,430.0
32.0,-20.0,-14.0,430.0
34.0,-20.0,-14.0,430.0
36.0,-20.0,-14.0,430.0
38.0,-20.0,-14.0,430.0
48.0,-20.0,-14.0,321.0
50.0,-20.0,-14.0,321.0
52.0,-20.0,-14.0,436.0
54.0,-20.0,-14.0,436.0
56.0,-20.0,-14.0,436.0
58.0,-20.0,-14.0,436.0
60.0,-20.0,-14.0,436.0
62.0,-20.0,-14.0,436.0
64.0,-20.0,-14.0,26.0
66.0,-20.0,-14.0,26.0
68.0,-20.0,-14.0,26.0
-70.0,-18.0,-14.0,417.0
-68.0,-18.0,-14.0,417.0
-66.0,-18.0,-14.0,417.0
-64.0,-18.0,-14.0,417.0
-62.0,-18.0,-14.0,417.0
-60.0,-18.0,-14.0,417.0
-58.0,-18.0,-14.0,417.0
-56.0,-18.0,-14.0,417.0
-54.0,-18.0,-14.0,417.0
-52.0,-18.0,-14.0,558.0
-50.0,-18.0,-14.0,558.0
-38.0,-18.0,-14.0,490.0
-36.0,-18.0,-14.0,490.0
-34.0,-18.0,-14.0,490.0
-32.0,-18.0,-14.0,490.0
-30.0,-18.0,-14.0,198.0
-28.0,-18.0,-14.0,198.0
-26.0,-18.0,-14.0,198.0
28.0,-18.0,-14.0,430.0
30.0,-18.0,-14.0,430.0
32.0,-18.0,-14.0,430.0
34.0,-18.0,-14.0,430.0
36.0,-18.0,-14.0,430.0
38.0,-18.0,-14.0,430.0
48.0,-18.0,-14.0,321.0
50.0,-18.0,-14.0,321.0
52.0,-18.0,-14.0,436.0
54.0,-18.0,-14.0,436.0
56.0,-18.0,-14.0,436.0
58.0,-18.0,-14.0,436.0
60.0,-18.0,-14.0,436.0
62.0,-18.0,-14.0,436.0
64.0,-18.0,-14.0,26.0
66.0,-18.0,-14.0,26.0
68.0,-18.0,-14.0,26.0
-70.0,-16.0,-14.0,417.0
-68.0,-16.0,-14.0,417.0
-66.0,-16.0,-14.0,417.0
-64.0,-16.0,-14.0,417.0
-62.0,-16.0,-14.0,417.0
-60.0,-16.0,-14.0,417.0
-58.0,-16.0,-14.0,417.0
-56.0,-16.0,-14.0,417.0
-54.0,-16.0,-14.0,417.0
-52.0,-16.0,-14.0,558.0
-50.0,-16.0,-14.0,558.0
-48.0,-16.0,-14.0,558.0
-38.0,-16.0,-14.0,490.0
-36.0,-16.0,-14.0,490.0
-34.0,-16.0,-14.0,198.0
-32.0,-16.0,-14.0,198.0
-30.0,-16.0,-14.0,198.0
-28.0,-16.0,-14.0,198.0
24.0,-16.0,-14.0,430.0
26.0,-16.0,-14.0,430.0
28.0,-16.0,-14.0,430.0
30.0,-16.0,-14.0,430.0
32.0,-16.0,-14.0,430.0
34.0,-16.0,-14.0,430.0
36.0,-16.0,-14.0,430.0
48.0,-16.0,-14.0,463.0
50.0,-16.0,-14.0,463.0
52.0,-16.0,-14.0,463.0
54.0,-16.0,-14.0,463.0
56.0,-16.0,-14.0,436.0
58.0,-16.0,-14.0,436.0
60.0,-16.0,-14.0,436.0
62.0,-16.0,-14.0,436.0
64.0,-16.0,-14.0,70.0
66.0,-16.0,-14.0,26.0
68.0,-16.0,-14.0,26.0
-70.0,-14.0,-14.0,417.0
-68.0,-14.0,-14.0,417.0
-66.0,-14.0,-14.0,417.0
-64.0,-14.0,-14.0,417.0
-62.0,-14.0,-14.0,417.0
-60.0,-14.0,-14.0,417.0
-58.0,-14.0,-14.0,417.0
-56.0,-14.0,-14.0,417.0
-54.0,-14.0,-14.0,115.0
-52.0,-14.0,-14.0,115.0
-50.0,-14.0,-14.0,115.0
-48.0,-14.0,-14.0,558.0
-46.0,-14.0,-14.0,558.0
-36.0,-14.0,-14.0,198.0
-34.0,-14.0,-14.0,198.0
-32.0,-14.0,-14.0,198.0
-30.0,-14.0,-14.0,198.0
-28.0,-14.0,-14.0,198.0
-26.0,-14.0,-14.0,198.0
-24.0,-14.0,-14.0,198.0
22.0,-14.0,-14.0,96.0
24.0,-14.0,-14.0,430.0
26.0,-14.0,-14.0,430.0
28.0,-14.0,-14.0,430.0
30.0,-14.0,-14.0,430.0
32.0,-14.0,-14.0,430.0
46.0,-14.0,-14.0,463.0
48.0,-14.0,-14.0,463.0
50.0,-14.0,-14.0,463.0
52.0,-14.0,-14.0,463.0
54.0,-14.0,-14.0,463.0
56.0,-14.0,-14.0,463.0
58.0,-14.0,-14.0,463.0
60.0,-14.0,-14.0,70.0
62.0,-14.0,-14.0,70.0
64.0,-14.0,-14.0,70.0
66.0,-14.0,-14.0,70.0
68.0,-14.0,-14.0,70.0
-70.0,-12.0,-14.0,417.0
-68.0,-12.0,-14.0,417.0
-66.0,-12.0,-14.0,417.0
-64.0,-12.0,-14.0,417.0
-62.0,-12.0,-14.0,417.0
-60.0,-12.0,-14.0,417.0
-58.0,-12.0,-14.0,115.0
-56.0,-12.0,-14.0,115.0
-54.0,-12.0,-14.0,115.0
-52.0,-12.0,-14.0,115.0
-50.0,-12.0,-14.0,115.0
-48.0,-12.0,-14.0,115.0
-46.0,-12.0,-14.0,115.0
-34.0,-12.0,-14.0,198.0
-32.0,-12.0,-14.0,198.0
-30.0,-12.0,-14.0,198.0
-28.0,-12.0,-14.0,198.0
-26.0,-12.0,-14.0,198.0
-24.0,-12.0,-14.0,136.0
22.0,-12.0,-14.0,483.0
24.0,-12.0,-14.0,96.0
26.0,-12.0,-14.0,96.0
28.0,-12.0,-14.0,430.0
30.0,-12.0,-14.0,430.0
46.0,-12.0,-14.0,463.0
48.0,-12.0,-14.0,463.0
50.0,-12.0,-14.0,463.0
52.0,-12.0,-14.0,463.0
54.0,-12.0,-14.0,463.0
56.0,-12.0,-14.0,463.0
58.0,-12.0,-14.0,456.0
60.0,-12.0,-14.0,70.0
62.0,-12.0,-14.0,70.0
64.0,-12.0,-14.0,70.0
66.0,-12.0,-14.0,70.0
68.0,-12.0,-14.0,70.0
-68.0,-10.0,-14.0,417.0
-66.0,-10.0,-14.0,417.0
-64.0,-10.0,-14.0,417.0
-62.0,-10.0,-14.0,115.0
-60.0,-10.0,-14.0,115.0
-58.0,-10.0,-14.0,115.0
-56.0,-10.0,-14.0,115.0
-54.0,-10.0,-14.0,115.0
-52.0,-10.0,-14.0,115.0
-50.0,-10.0,-14.0,115.0
-48.0,-10.0,-14.0,115.0
-46.0,-10.0,-14.0,115.0
-30.0,-10.0,-14.0,198.0
-28.0,-10.0,-14.0,198.0
22.0,-10.0,-14.0,483.0
24.0,-10.0,-14.0,96.0
26.0,-10.0,-14.0,96.0
40.0,-10.0,-14.0,457.0
42.0,-10.0,-14.0,463.0
46.0,-10.0,-14.0,463.0
48.0,-10.0,-14.0,463.0
50.0,-10.0,-14.0,463.0
52.0,-10.0,-14.0,463.0
54.0,-10.0,-14.0,463.0
56.0,-10.0,-14.0,456.0
58.0,-10.0,-14.0,456.0
60.0,-10.0,-14.0,456.0
62.0,-10.0,-14.0,70.0
64.0,-10.0,-14.0,70.0
66.0,-10.0,-14.0,70.0
68.0,-10.0,-14.0,70.0
-68.0,-8.0,-14.0,397.0
-66.0,-8.0,-14.0,397.0
-64.0,-8.0,-14.0,397.0
-62.0,-8.0,-14.0,397.0
-60.0,-8.0,-14.0,115.0
-58.0,-8.0,-14.0,115.0
-56.0,-8.0,-14.0,115.0
-54.0,-8.0,-14.0,115.0
-52.0,-8.0,-14.0,115.0
-50.0,-8.0,-14.0,115.0
-48.0,-8.0,-14.0,115.0
-46.0,-8.0,-14.0,115.0
20.0,-8.0,-14.0,483.0
22.0,-8.0,-14.0,483.0
24.0,-8.0,-14.0,590.0
26.0,-8.0,-14.0,590.0
38.0,-8.0,-14.0,457.0
40.0,-8.0,-14.0,463.0
42.0,-8.0,-14.0,463.0
44.0,-8.0,-14.0,463.0
46.0,-8.0,-14.0,463.0
48.0,-8.0,-14.0,463.0
50.0,-8.0,-14.0,463.0
52.0,-8.0,-14.0,463.0
54.0,-8.0,-14.0,456.0
56.0,-8.0,-14.0,456.0
58.0,-8.0,-14.0,456.0
60.0,-8.0,-14.0,456.0
62.0,-8.0,-14.0,70.0
64.0,-8.0,-14.0,70.0
66.0,-8.0,-14.0,70.0
-68.0,-6.0,-14.0,397.0
-66.0,-6.0,-14.0,397.0
-64.0,-6.0,-14.0,397.0
-62.0,-6.0,-14.0,397.0
-60.0,-6.0,-14.0,115.0
-58.0,-6.0,-14.0,115.0
-56.0,-6.0,-14.0,115.0
-54.0,-6.0,-14.0,115.0
-52.0,-6.0,-14.0,115.0
-50.0,-6.0,-14.0,115.0
-48.0,-6.0,-14.0,115.0
-46.0,-6.0,-14.0,115.0
-44.0,-6.0,-14.0,115.0
-42.0,-6.0,-14.0,115.0
-40.0,-6.0,-14.0,591.0
-24.0,-6.0,-14.0,136.0
-22.0,-6.0,-14.0,136.0
-20.0,-6.0,-14.0,396.0
-18.0,-6.0,-14.0,396.0
18.0,-6.0,-14.0,483.0
20.0,-6.0,-14.0,483.0
22.0,-6.0,-14.0,483.0
24.0,-6.0,-14.0,590.0
26.0,-6.0,-14.0,590.0
38.0,-6.0,-14.0,355.0
40.0,-6.0,-14.0,355.0
42.0,-6.0,-14.0,463.0
44.0,-6.0,-14.0,463.0
46.0,-6.0,-14.0,463.0
48.0,-6.0,-14.0,463.0
50.0,-6.0,-14.0,463.0
52.0,-6.0,-14.0,456.0
54.0,-6.0,-14.0,456.0
56.0,-6.0,-14.0,456.0
58.0,-6.0,-14.0,456.0
60.0,-6.0,-14.0,456.0
62.0,-6.0,-14.0,70.0
64.0,-6.0,-14.0,70.0
66.0,-6.0,-14.0,70.0
-66.0,-4.0,-14.0,397.0
-64.0,-4.0,-14.0,397.0
-62.0,-4.0,-14.0,397.0
-60.0,-4.0,-14.0,397.0
-58.0,-4.0,-14.0,115.0
-56.0,-4.0,-14.0,115.0
-54.0,-4.0,-14.0,115.0
-52.0,-4.0,-14.0,115.0
-50.0,-4.0,-14.0,115.0
-48.0,-4.0,-14.0,115.0
-46.0,-4.0,-14.0,115.0
-44.0,-4.0,-14.0,115.0
-42.0,-4.0,-14.0,115.0
-40.0,-4.0,-14.0,278.0
-38.0,-4.0,-14.0,591.0
-30.0,-4.0,-14.0,136.0
-28.0,-4.0,-14.0,136.0
-26.0,-4.0,-14.0,136.0
-24.0,-4.0,-14.0,136.0
-22.0,-4.0,-14.0,136.0
-20.0,-4.0,-14.0,396.0
-18.0,-4.0,-14.0,396.0
18.0,-4.0,-14.0,483.0
20.0,-4.0,-14.0,483.0
22.0,-4.0,-14.0,590.0
24.0,-4.0,-14.0,590.0
26.0,-4.0,-14.0,590.0
40.0,-4.0,-14.0,314.0
42.0,-4.0,-14.0,355.0
44.0,-4.0,-14.0,463.0
46.0,-4.0,-14.0,463.0
48.0,-4.0,-14.0,463.0
50.0,-4.0,-14.0,456.0
52.0,-4.0,-14.0,456.0
54.0,-4.0,-14.0,456.0
56.0,-4.0,-14.0,456.0
58.0,-4.0,-14.0,456.0
60.0,-4.0,-14.0,456.0
62.0,-4.0,-14.0,70.0
64.0,-4.0,-14.0,70.0
-66.0,-2.0,-14.0,397.0
-64.0,-2.0,-14.0,397.0
-62.0,-2.0,-14.0,397.0
-60.0,-2.0,-14.0,397.0
-58.0,-2.0,-14.0,397.0
-56.0,-2.0,-14.0,115.0
-54.0,-2.0,-14.0,115.0
-52.0,-2.0,-14.0,115.0
-50.0,-2.0,-14.0,115.0
-48.0,-2.0,-14.0,115.0
-46.0,-2.0,-14.0,115.0
-44.0,-2.0,-14.0,115.0
-42.0,-2.0,-14.0,278.0
-40.0,-2.0,-14.0,278.0
-38.0,-2.0,-14.0,278.0
-30.0,-2.0,-14.0,136.0
-28.0,-2.0,-14.0,136.0
-26.0,-2.0,-14.0,136.0
-24.0,-2.0,-14.0,136.0
-22.0,-2.0,-14.0,136.0
-20.0,-2.0,-14.0,396.0
-18.0,-2.0,-14.0,396.0
18.0,-2.0,-14.0,483.0
20.0,-2.0,-14.0,483.0
22.0,-2.0,-14.0,590.0
24.0,-2.0,-14.0,590.0
26.0,-2.0,-14.0,590.0
28.0,-2.0,-14.0,590.0
42.0,-2.0,-14.0,314.0
44.0,-2.0,-14.0,314.0
46.0,-2.0,-14.0,463.0
48.0,-2.0,-14.0,456.0
50.0,-2.0,-14.0,456.0
52.0,-2.0,-14.0,456.0
54.0,-2.0,-14.0,456.0
56.0,-2.0,-14.0,456.0
58.0,-2.0,-14.0,456.0
60.0,-2.0,-14.0,456.0
62.0,-2.0,-14.0,70.0
64.0,-2.0,-14.0,70.0
-64.0,-0.0,-14.0,397.0
-62.0,-0.0,-14.0,397.0
-60.0,-0.0,-14.0,397.0
-58.0,-0.0,-14.0,397.0
-56.0,-0.0,-14.0,115.0
-54.0,-0.0,-14.0,115.0
-52.0,-0.0,-14.0,115.0
-50.0,-0.0,-14.0,115.0
-48.0,-0.0,-14.0,115.0
-46.0,-0.0,-14.0,115.0
-44.0,-0.0,-14.0,115.0
-42.0,-0.0,-14.0,278.0
-40.0,-0.0,-14.0,278.0
-38.0,-0.0,-14.0,278.0
-30.0,-0.0,-14.0,136.0
-28.0,-0.0,-14.0,136.0
-26.0,-0.0,-14.0,136.0
-24.0,-0.0,-14.0,136.0
-22.0,-0.0,-14.0,136.0
-20.0,-0.0,-14.0,396.0
-18.0,-0.0,-14.0,396.0
20.0,-0.0,-14.0,590.0
22.0,-0.0,-14.0,590.0
24.0,-0.0,-14.0,590.0
26.0,-0.0,-14.0,590.0
28.0,-0.0,-14.0,590.0
30.0,-0.0,-14.0,590.0
44.0,-0.0,-14.0,314.0
46.0,-0.0,-14.0,314.0
48.0,-0.0,-14.0,456.0
50.0,-0.0,-14.0,456.0
52.0,-0.0,-14.0,456.0
54.0,-0.0,-14.0,456.0
56.0,-0.0,-14.0,456.0
58.0,-0.0,-14.0,456.0
60.0,-0.0,-14.0,152.0
62.0,-0.0,-14.0,152.0
-64.0,2.0,-14.0,397.0
-62.0,2.0,-14.0,397.0
-60.0,2.0,-14.0,397.0
-58.0,2.0,-14.0,397.0
-56.0,2.0,-14.0,477.0
-54.0,2.0,-14.0,477.0
-52.0,2.0,-14.0,477.0
-50.0,2.0,-14.0,477.0
-48.0,2.0,-14.0,115.0
-46.0,2.0,-14.0,115.0
-44.0,2.0,-14.0,278.0
-42.0,2.0,-14.0,278.0
-40.0,2.0,-14.0,278.0
-38.0,2.0,-14.0,278.0
-30.0,2.0,-14.0,401.0
-28.0,2.0,-14.0,136.0
-26.0,2.0,-14.0,136.0
-24.0,2.0,-14.0,136.0
-22.0,2.0,-14.0,136.0
26.0,2.0,-14.0,590.0
28.0,2.0,-14.0,590.0
30.0,2.0,-14.0,590.0
32.0,2.0,-14.0,590.0
44.0,2.0,-14.0,314.0
46.0,2.0,-14.0,314.0
48.0,2.0,-14.0,314.0
50.0,2.0,-14.0,456.0
52.0,2.0,-14.0,456.0
54.0,2.0,-14.0,456.0
56.0,2.0,-14.0,456.0
58.0,2.0,-14.0,152.0
60.0,2.0,-14.0,152.0
62.0,2.0,-14.0,152.0
-62.0,4.0,-14.0,397.0
-60.0,4.0,-14.0,397.0
-58.0,4.0,-14.0,397.0
-56.0,4.0,-14.0,477.0
-54.0,4.0,-14.0,477.0
-52.0,4.0,-14.0,477.0
-50.0,4.0,-14.0,477.0
-48.0,4.0,-14.0,477.0
-46.0,4.0,-14.0,477.0
-44.0,4.0,-14.0,278.0
-42.0,4.0,-14.0,278.0
-40.0,4.0,-14.0,278.0
-38.0,4.0,-14.0,278.0
-30.0,4.0,-14.0,401.0
-28.0,4.0,-14.0,401.0
28.0,4.0,-14.0,590.0
30.0,4.0,-14.0,590.0
32.0,4.0,-14.0,590.0
44.0,4.0,-14.0,314.0
46.0,4.0,-14.0,314.0
48.0,4.0,-14.0,314.0
50.0,4.0,-14.0,207.0
52.0,4.0,-14.0,207.0
54.0,4.0,-14.0,207.0
56.0,4.0,-14.0,241.0
58.0,4.0,-14.0,241.0
60.0,4.0,-14.0,241.0
-60.0,6.0,-14.0,397.0
-58.0,6.0,-14.0,477.0
-56.0,6.0,-14.0,477.0
-54.0,6.0,-14.0,477.0
-52.0,6.0,-14.0,477.0
-50.0,6.0,-14.0,477.0
-48.0,6.0,-14.0,477.0
-46.0,6.0,-14.0,522.0
-42.0,6.0,-14.0,278.0
-40.0,6.0,-14.0,278.0
-38.0,6.0,-14.0,278.0
-32.0,6.0,-14.0,401.0
-30.0,6.0,-14.0,401.0
-28.0,6.0,-14.0,401.0
44.0,6.0,-14.0,314.0
46.0,6.0,-14.0,314.0
48.0,6.0,-14.0,314.0
50.0,6.0,-14.0,207.0
52.0,6.0,-14.0,207.0
54.0,6.0,-14.0,207.0
56.0,6.0,-14.0,207.0
58.0,6.0,-14.0,207.0
-60.0,8.0,-14.0,397.0
-58.0,8.0,-14.0,477.0
-56.0,8.0,-14.0,477.0
-54.0,8.0,-14.0,477.0
-52.0,8.0,-14.0,477.0
-50.0,8.0,-14.0,522.0
-48.0,8.0,-14.0,522.0
-46.0,8.0,-14.0,522.0
-30.0,8.0,-14.0,401.0
14.0,8.0,-14.0,414.0
16.0,8.0,-14.0,414.0
46.0,8.0,-14.0,314.0
48.0,8.0,-14.0,314.0
50.0,8.0,-14.0,207.0
52.0,8.0,-14.0,207.0
54.0,8.0,-14.0,207.0
56.0,8.0,-14.0,207.0
58.0,8.0,-14.0,207.0
-58.0,10.0,-14.0,477.0
-56.0,10.0,-14.0,477.0
-54.0,10.0,-14.0,477.0
-52.0,10.0,-14.0,522.0
-50.0,10.0,-14.0,522.0
-48.0,10.0,-14.0,522.0
-46.0,10.0,-14.0,57.0
-16.0,10.0,-14.0,395.0
-14.0,10.0,-14.0,395.0
-12.0,10.0,-14.0,395.0
-10.0,10.0,-14.0,395.0
-6.0,10.0,-14.0,107.0
6.0,10.0,-14.0,294.0
8.0,10.0,-14.0,414.0
10.0,10.0,-14.0,414.0
12.0,10.0,-14.0,414.0
14.0,10.0,-14.0,414.0
16.0,10.0,-14.0,414.0
38.0,10.0,-14.0,314.0
40.0,10.0,-14.0,314.0
46.0,10.0,-14.0,314.0
48.0,10.0,-14.0,429.0
50.0,10.0,-14.0,207.0
52.0,10.0,-14.0,207.0
54.0,10.0,-14.0,207.0
56.0,10.0,-14.0,207.0
58.0,10.0,-14.0,207.0
-58.0,12.0,-14.0,477.0
-56.0,12.0,-14.0,522.0
-54.0,12.0,-14.0,522.0
-52.0,12.0,-14.0,522.0
-50.0,12.0,-14.0,522.0
-48.0,12.0,-14.0,57.0
-46.0,12.0,-14.0,57.0
-38.0,12.0,-14.0,278.0
-36.0,12.0,-14.0,278.0
-16.0,12.0,-14.0,395.0
-14.0,12.0,-14.0,395.0
-12.0,12.0,-14.0,395.0
-10.0,12.0,-14.0,395.0
-8.0,12.0,-14.0,107.0
-6.0,12.0,-14.0,107.0
-4.0,12.0,-14.0,107.0
4.0,12.0,-14.0,294.0
6.0,12.0,-14.0,294.0
8.0,12.0,-14.0,294.0
10.0,12.0,-14.0,414.0
12.0,12.0,-14.0,414.0
14.0,12.0,-14.0,414.0
16.0,12.0,-14.0,414.0
18.0,12.0,-14.0,536.0
34.0,12.0,-14.0,165.0
36.0,12.0,-14.0,314.0
38.0,12.0,-14.0,314.0
40.0,12.0,-14.0,314.0
46.0,12.0,-14.0,429.0
48.0,12.0,-14.0,429.0
50.0,12.0,-14.0,429.0
52.0,12.0,-14.0,207.0
54.0,12.0,-14.0,207.0
56.0,12.0,-14.0,207.0
-58.0,14.0,-14.0,522.0
-56.0,14.0,-14.0,522.0
-54.0,14.0,-14.0,522.0
-52.0,14.0,-14.0,522.0
-50.0,14.0,-14.0,57.0
-48.0,14.0,-14.0,57.0
-46.0,14.0,-14.0,57.0
-40.0,14.0,-14.0,271.0
-38.0,14.0,-14.0,271.0
-36.0,14.0,-14.0,271.0
-34.0,14.0,-14.0,401.0
-16.0,14.0,-14.0,395.0
-14.0,14.0,-14.0,395.0
-12.0,14.0,-14.0,395.0
-10.0,14.0,-14.0,107.0
-8.0,14.0,-14.0,107.0
-6.0,14.0,-14.0,107.0
-4.0,14.0,-14.0,107.0
4.0,14.0,-14.0,560.0
6.0,14.0,-14.0,560.0
8.0,14.0,-14.0,560.0
10.0,14.0,-14.0,560.0
12.0,14.0,-14.0,414.0
14.0,14.0,-14.0,414.0
34.0,14.0,-14.0,165.0
36.0,14.0,-14.0,314.0
38.0,14.0,-14.0,429.0
40.0,14.0,-14.0,429.0
44.0,14.0,-14.0,429.0
46.0,14.0,-14.0,429.0
48.0,14.0,-14.0,429.0
50.0,14.0,-14.0,429.0
52.0,14.0,-14.0,207.0
54.0,14.0,-14.0,207.0
56.0,14.0,-14.0,207.0
-56.0,16.0,-14.0,522.0
-54.0,16.0,-14.0,522.0
-52.0,16.0,-14.0,57.0
-50.0,16.0,-14.0,57.0
-48.0,16.0,-14.0,57.0
-46.0,16.0,-14.0,57.0
-40.0,16.0,-14.0,271.0
-38.0,16.0,-14.0,271.0
-36.0,16.0,-14.0,271.0
-34.0,16.0,-14.0,271.0
-32.0,16.0,-14.0,401.0
-16.0,16.0,-14.0,395.0
-14.0,16.0,-14.0,395.0
-12.0,16.0,-14.0,107.0
-10.0,16.0,-14.0,107.0
-8.0,16.0,-14.0,107.0
-6.0,16.0,-14.0,107.0
-4.0,16.0,-14.0,107.0
2.0,16.0,-14.0,560.0
4.0,16.0,-14.0,560.0
6.0,16.0,-14.0,560.0
8.0,16.0,-14.0,560.0
10.0,16.0,-14.0,560.0
12.0,16.0,-14.0,560.0
14.0,16.0,-14.0,560.0
16.0,16.0,-14.0,109.0
32.0,16.0,-14.0,536.0
34.0,16.0,-14.0,165.0
36.0,16.0,-14.0,429.0
44.0,16.0,-14.0,429.0
46.0,16.0,-14.0,429.0
48.0,16.0,-14.0,429.0
50.0,16.0,-14.0,429.0
52.0,16.0,-14.0,429.0
54.0,16.0,-14.0,207.0
-56.0,18.0,-14.0,522.0
-54.0,18.0,-14.0,57.0
-52.0,18.0,-14.0,57.0
-50.0,18.0,-14.0,57.0
-48.0,18.0,-14.0,57.0
-46.0,18.0,-14.0,57.0
-40.0,18.0,-14.0,271.0
-38.0,18.0,-14.0,271.0
-36.0,18.0,-14.0,271.0
-34.0,18.0,-14.0,271.0
-32.0,18.0,-14.0,271.0
-30.0,18.0,-14.0,401.0
-16.0,18.0,-14.0,395.0
-14.0,18.0,-14.0,107.0
-12.0,18.0,-14.0,107.0
-10.0,18.0,-14.0,107.0
-8.0,18.0,-14.0,107.0
-6.0,18.0,-14.0,107.0
-4.0,18.0,-14.0,107.0
-2.0,18.0,-14.0,107.0
2.0,18.0,-14.0,560.0
4.0,18.0,-14.0,560.0
6.0,18.0,-14.0,560.0
8.0,18.0,-14.0,560.0
10.0,18.0,-14.0,560.0
12.0,18.0,-14.0,560.0
14.0,18.0,-14.0,109.0
16.0,18.0,-14.0,109.0
46.0,18.0,-14.0,429.0
48.0,18.0,-14.0,429.0
50.0,18.0,-14.0,429.0
52.0,18.0,-14.0,429.0
-52.0,20.0,-14.0,57.0
-50.0,20.0,-14.0,57.0
-48.0,20.0,-14.0,57.0
-40.0,20.0,-14.0,271.0
-38.0,20.0,-14.0,271.0
-36.0,20.0,-14.0,271.0
-34.0,20.0,-14.0,53.0
-32.0,20.0,-14.0,53.0
-30.0,20.0,-14.0,53.0
-28.0,20.0,-14.0,132.0
-26.0,20.0,-14.0,132.0
-16.0,20.0,-14.0,132.0
-14.0,20.0,-14.0,107.0
-12.0,20.0,-14.0,107.0
-10.0,20.0,-14.0,107.0
-8.0,20.0,-14.0,107.0
-6.0,20.0,-14.0,107.0
-4.0,20.0,-14.0,107.0
-2.0,20.0,-14.0,107.0
0.0,20.0,-14.0,560.0
2.0,20.0,-14.0,560.0
4.0,20.0,-14.0,560.0
6.0,20.0,-14.0,560.0
8.0,20.0,-14.0,560.0
10.0,20.0,-14.0,560.0
12.0,20.0,-14.0,560.0
14.0,20.0,-14.0,109.0
16.0,20.0,-14.0,109.0
28.0,20.0,-14.0,536.0
30.0,20.0,-14.0,536.0
32.0,20.0,-14.0,536.0
34.0,20.0,-14.0,429.0
36.0,20.0,-14.0,429.0
38.0,20.0,-14.0,429.0
40.0,20.0,-14.0,429.0
42.0,20.0,-14.0,429.0
44.0,20.0,-14.0,429.0
-50.0,22.0,-14.0,57.0
-48.0,22.0,-14.0,271.0
-46.0,22.0,-14.0,271.0
-44.0,22.0,-14.0,271.0
-42.0,22.0,-14.0,271.0
-38.0,22.0,-14.0,53.0
-36.0,22.0,-14.0,53.0
-34.0,22.0,-14.0,53.0
-32.0,22.0,-14.0,53.0
-30.0,22.0,-14.0,53.0
-28.0,22.0,-14.0,53.0
-26.0,22.0,-14.0,132.0
-24.0,22.0,-14.0,132.0
-16.0,22.0,-14.0,597.0
-14.0,22.0,-14.0,597.0
-12.0,22.0,-14.0,107.0
-10.0,22.0,-14.0,107.0
-8.0,22.0,-14.0,107.0
-6.0,22.0,-14.0,107.0
-4.0,22.0,-14.0,107.0
-2.0,22.0,-14.0,107.0
0.0,22.0,-14.0,479.0
2.0,22.0,-14.0,560.0
4.0,22.0,-14.0,560.0
6.0,22.0,-14.0,560.0
8.0,22.0,-14.0,560.0
12.0,22.0,-14.0,109.0
14.0,22.0,-14.0,109.0
16.0,22.0,-14.0,109.0
28.0,22.0,-14.0,536.0
30.0,22.0,-14.0,16.0
32.0,22.0,-14.0,16.0
34.0,22.0,-14.0,16.0
36.0,22.0,-14.0,429.0
38.0,22.0,-14.0,429.0
40.0,22.0,-14.0,429.0
42.0,22.0,-14.0,429.0
44.0,22.0,-14.0,429.0
46.0,22.0,-14.0,429.0
-48.0,24.0,-14.0,475.0
-46.0,24.0,-14.0,475.0
-44.0,24.0,-14.0,475.0
-42.0,24.0,-14.0,475.0
-40.0,24.0,-14.0,53.0
-38.0,24.0,-14.0,53.0
-36.0,24.0,-14.0,53.0
-34.0,24.0,-14.0,53.0
-32.0,24.0,-14.0,53.0
-30.0,24.0,-14.0,53.0
-28.0,24.0,-14.0,53.0
-26.0,24.0,-14.0,132.0
-24.0,24.0,-14.0,132.0
-14.0,24.0,-14.0,597.0
-12.0,24.0,-14.0,597.0
-10.0,24.0,-14.0,597.0
-8.0,24.0,-14.0,107.0
-6.0,24.0,-14.0,107.0
-4.0,24.0,-14.0,107.0
-2.0,24.0,-14.0,479.0
0.0,24.0,-14.0,479.0
2.0,24.0,-14.0,479.0
4.0,24.0,-14.0,479.0
6.0,24.0,-14.0,560.0
8.0,24.0,-14.0,560.0
12.0,24.0,-14.0,109.0
14.0,24.0,-14.0,109.0
26.0,24.0,-14.0,16.0
28.0,24.0,-14.0,16.0
30.0,24.0,-14.0,16.0
32.0,24.0,-14.0,16.0
34.0,24.0,-14.0,16.0
36.0,24.0,-14.0,596.0
38.0,24.0,-14.0,596.0
40.0,24.0,-14.0,429.0
42.0,24.0,-14.0,429.0
44.0,24.0,-14.0,429.0
46.0,24.0,-14.0,429.0
48.0,24.0,-14.0,429.0
-48.0,26.0,-14.0,475.0
-46.0,26.0,-14.0,475.0
-44.0,26.0,-14.0,475.0
-42.0,26.0,-14.0,475.0
-40.0,26.0,-14.0,53.0
-38.0,26.0,-14.0,53.0
-36.0,26.0,-14.0,53.0
-34.0,26.0,-14.0,53.0
-32.0,26.0,-14.0,53.0
-30.0,26.0,-14.0,53.0
-28.0,26.0,-14.0,53.0
-26.0,26.0,-14.0,53.0
-24.0,26.0,-14.0,597.0
-14.0,26.0,-14.0,597.0
-12.0,26.0,-14.0,597.0
-10.0,26.0,-14.0,597.0
-8.0,26.0,-14.0,597.0
-6.0,26.0,-14.0,479.0
-4.0,26.0,-14.0,479.0
-2.0,26.0,-14.0,479.0
0.0,26.0,-14.0,479.0
2.0,26.0,-14.0,479.0
4.0,26.0,-14.0,479.0
6.0,26.0,-14.0,479.0
8.0,26.0,-14.0,109.0
14.0,26.0,-14.0,109.0
24.0,26.0,-14.0,16.0
26.0,26.0,-14.0,16.0
28.0,26.0,-14.0,16.0
30.0,26.0,-14.0,16.0
32.0,26.0,-14.0,16.0
34.0,26.0,-14.0,16.0
36.0,26.0,-14.0,596.0
38.0,26.0,-14.0,596.0
40.0,26.0,-14.0,596.0
42.0,26.0,-14.0,596.0
44.0,26.0,-14.0,171.0
46.0,26.0,-14.0,171.0
48.0,26.0,-14.0,171.0
50.0,26.0,-14.0,171.0
-50.0,28.0,-14.0,475.0
-48.0,28.0,-14.0,475.0
-46.0,28.0,-14.0,475.0
-44.0,28.0,-14.0,475.0
-42.0,28.0,-14.0,475.0
-40.0,28.0,-14.0,53.0
-38.0,28.0,-14.0,53.0
-36.0,28.0,-14.0,53.0
-34.0,28.0,-14.0,53.0
-32.0,28.0,-14.0,53.0
-30.0,28.0,-14.0,53.0
-28.0,28.0,-14.0,53.0
-26.0,28.0,-14.0,53.0
-24.0,28.0,-14.0,597.0
-22.0,28.0,-14.0,597.0
-12.0,28.0,-14.0,597.0
-8.0,28.0,-14.0,597.0
-6.0,28.0,-14.0,479.0
-4.0,28.0,-14.0,479.0
-2.0,28.0,-14.0,479.0
0.0,28.0,-14.0,479.0
2.0,28.0,-14.0,479.0
4.0,28.0,-14.0,479.0
6.0,28.0,-14.0,479.0
8.0,28.0,-14.0,252.0
10.0,28.0,-14.0,252.0
20.0,28.0,-14.0,109.0
22.0,28.0,-14.0,109.0
24.0,28.0,-14.0,16.0
26.0,28.0,-14.0,16.0
30.0,28.0,-14.0,16.0
32.0,28.0,-14.0,16.0
34.0,28.0,-14.0,596.0
36.0,28.0,-14.0,596.0
38.0,28.0,-14.0,596.0
40.0,28.0,-14.0,596.0
42.0,28.0,-14.0,596.0
44.0,28.0,-14.0,596.0
46.0,28.0,-14.0,171.0
48.0,28.0,-14.0,171.0
50.0,28.0,-14.0,171.0
-50.0,30.0,-14.0,475.0
-48.0,30.0,-14.0,475.0
-46.0,30.0,-14.0,475.0
-44.0,30.0,-14.0,475.0
-42.0,30.0,-14.0,475.0
-40.0,30.0,-14.0,53.0
-38.0,30.0,-14.0,53.0
-36.0,30.0,-14.0,53.0
-34.0,30.0,-14.0,53.0
-32.0,30.0,-14.0,53.0
-30.0,30.0,-14.0,53.0
-28.0,30.0,-14.0,53.0
-26.0,30.0,-14.0,53.0
-24.0,30.0,-14.0,597.0
-22.0,30.0,-14.0,597.0
-20.0,30.0,-14.0,597.0
-18.0,30.0,-14.0,597.0
-16.0,30.0,-14.0,597.0
-8.0,30.0,-14.0,597.0
-6.0,30.0,-14.0,112.0
-4.0,30.0,-14.0,112.0
-2.0,30.0,-14.0,112.0
0.0,30.0,-14.0,479.0
2.0,30.0,-14.0,479.0
4.0,30.0,-14.0,479.0
6.0,30.0,-14.0,252.0
8.0,30.0,-14.0,252.0
10.0,30.0,-14.0,252.0
20.0,30.0,-14.0,109.0
22.0,30.0,-14.0,16.0
24.0,30.0,-14.0,16.0
26.0,30.0,-14.0,16.0
28.0,30.0,-14.0,16.0
30.0,30.0,-14.0,16.0
32.0,30.0,-14.0,16.0
34.0,30.0,-14.0,596.0
36.0,30.0,-14.0,596.0
38.0,30.0,-14.0,596.0
40.0,30.0,-14.0,596.0
42.0,30.0,-14.0,596.0
44.0,30.0,-14.0,596.0
46.0,30.0,-14.0,171.0
48.0,30.0,-14.0,171.0
50.0,30.0,-14.0,171.0
-50.0,32.0,-14.0,538.0
-48.0,32.0,-14.0,475.0
-46.0,32.0,-14.0,475.0
-44.0,32.0,-14.0,475.0
-42.0,32.0,-14.0,475.0
-40.0,32.0,-14.0,53.0
-38.0,32.0,-14.0,53.0
-36.0,32.0,-14.0,53.0
-34.0,32.0,-14.0,53.0
-32.0,32.0,-14.0,53.0
-30.0,32.0,-14.0,53.0
-28.0,32.0,-14.0,53.0
-26.0,32.0,-14.0,110.0
-24.0,32.0,-14.0,597.0
-22.0,32.0,-14.0,597.0
-20.0,32.0,-14.0,597.0
-18.0,32.0,-14.0,597.0
-16.0,32.0,-14.0,597.0
-8.0,32.0,-14.0,112.0
-6.0,32.0,-14.0,112.0
-4.0,32.0,-14.0,112.0
-2.0,32.0,-14.0,112.0
0.0,32.0,-14.0,112.0
2.0,32.0,-14.0,112.0
4.0,32.0,-14.0,112.0
6.0,32.0,-14.0,252.0
8.0,32.0,-14.0,252.0
10.0,32.0,-14.0,252.0
20.0,32.0,-14.0,16.0
22.0,32.0,-14.0,16.0
24.0,32.0,-14.0,16.0
26.0,32.0,-14.0,16.0
28.0,32.0,-14.0,16.0
30.0,32.0,-14.0,16.0
32.0,32.0,-14.0,596.0
34.0,32.0,-14.0,596.0
36.0,32.0,-14.0,596.0
38.0,32.0,-14.0,596.0
40.0,32.0,-14.0,596.0
42.0,32.0,-14.0,596.0
44.0,32.0,-14.0,596.0
46.0,32.0,-14.0,383.0
48.0,32.0,-14.0,171.0
50.0,32.0,-14.0,171.0
-52.0,34.0,-14.0,538.0
-50.0,34.0,-14.0,538.0
-48.0,34.0,-14.0,475.0
-46.0,34.0,-14.0,475.0
-44.0,34.0,-14.0,475.0
-42.0,34.0,-14.0,475.0
-40.0,34.0,-14.0,53.0
-38.0,34.0,-14.0,53.0
-36.0,34.0,-14.0,53.0
-34.0,34.0,-14.0,53.0
-32.0,34.0,-14.0,53.0
-30.0,34.0,-14.0,110.0
-28.0,34.0,-14.0,110.0
-26.0,34.0,-14.0,110.0
-24.0,34.0,-14.0,110.0
-22.0,34.0,-14.0,597.0
-20.0,34.0,-14.0,597.0
-18.0,34.0,-14.0,597.0
-16.0,34.0,-14.0,597.0
-8.0,34.0,-14.0,112.0
-6.0,34.0,-14.0,112.0
-4.0,34.0,-14.0,112.0
-2.0,34.0,-14.0,112.0
0.0,34.0,-14.0,112.0
2.0,34.0,-14.0,112.0
4.0,34.0,-14.0,112.0
6.0,34.0,-14.0,252.0
8.0,34.0,-14.0,252.0
10.0,34.0,-14.0,252.0
20.0,34.0,-14.0,16.0
22.0,34.0,-14.0,16.0
24.0,34.0,-14.0,16.0
26.0,34.0,-14.0,16.0
28.0,34.0,-14.0,16.0
30.0,34.0,-14.0,16.0
32.0,34.0,-14.0,596.0
34.0,34.0,-14.0,596.0
36.0,34.0,-14.0,596.0
38.0,34.0,-14.0,596.0
40.0,34.0,-14.0,596.0
42.0,34.0,-14.0,596.0
44.0,34.0,-14.0,383.0
46.0,34.0,-14.0,383.0
48.0,34.0,-14.0,383.0
50.0,34.0,-14.0,383.0
52.0,34.0,-14.0,383.0
-52.0,36.0,-14.0,538.0
-50.0,36.0,-14.0,538.0
-48.0,36.0,-14.0,475.0
-46.0,36.0,-14.0,475.0
-44.0,36.0,-14.0,475.0
-42.0,36.0,-14.0,245.0
-40.0,36.0,-14.0,245.0
-38.0,36.0,-14.0,245.0
-36.0,36.0,-14.0,245.0
-34.0,36.0,-14.0,110.0
-32.0,36.0,-14.0,110.0
-30.0,36.0,-14.0,110.0
-28.0,36.0,-14.0,110.0
-26.0,36.0,-14.0,110.0
-24.0,36.0,-14.0,110.0
-22.0,36.0,-14.0,597.0
-20.0,36.0,-14.0,597.0
-18.0,36.0,-14.0,597.0
-8.0,36.0,-14.0,112.0
-6.0,36.0,-14.0,112.0
-4.0,36.0,-14.0,112.0
-2.0,36.0,-14.0,112.0
0.0,36.0,-14.0,112.0
2.0,36.0,-14.0,112.0
4.0,36.0,-14.0,112.0
6.0,36.0,-14.0,252.0
8.0,36.0,-14.0,252.0
10.0,36.0,-14.0,252.0
20.0,36.0,-14.0,252.0
22.0,36.0,-14.0,16.0
24.0,36.0,-14.0,16.0
26.0,36.0,-14.0,16.0
28.0,36.0,-14.0,16.0
30.0,36.0,-14.0,596.0
32.0,36.0,-14.0,596.0
34.0,36.0,-14.0,596.0
36.0,36.0,-14.0,596.0
38.0,36.0,-14.0,596.0
40.0,36.0,-14.0,596.0
42.0,36.0,-14.0,596.0
44.0,36.0,-14.0,383.0
46.0,36.0,-14.0,383.0
48.0,36.0,-14.0,383.0
50.0,36.0,-14.0,383.0
52.0,36.0,-14.0,383.0
-52.0,38.0,-14.0,538.0
-50.0,38.0,-14.0,538.0
-48.0,38.0,-14.0,538.0
-46.0,38.0,-14.0,245.0
-44.0,38.0,-14.0,245.0
-42.0,38.0,-14.0,245.0
-40.0,38.0,-14.0,245.0
-38.0,38.0,-14.0,245.0
-36.0,38.0,-14.0,245.0
-34.0,38.0,-14.0,110.0
-32.0,38.0,-14.0,110.0
-30.0,38.0,-14.0,110.0
-28.0,38.0,-14.0,110.0
-26.0,38.0,-14.0,110.0
-24.0,38.0,-14.0,110.0
-22.0,38.0,-14.0,110.0
-20.0,38.0,-14.0,597.0
-8.0,38.0,-14.0,112.0
-6.0,38.0,-14.0,112.0
-4.0,38.0,-14.0,112.0
-2.0,38.0,-14.0,112.0
0.0,38.0,-14.0,112.0
2.0,38.0,-14.0,112.0
4.0,38.0,-14.0,112.0
6.0,38.0,-14.0,252.0
8.0,38.0,-14.0,252.0
10.0,38.0,-14.0,252.0
20.0,38.0,-14.0,252.0
22.0,38.0,-14.0,16.0
24.0,38.0,-14.0,16.0
26.0,38.0,-14.0,16.0
28.0,38.0,-14.0,412.0
30.0,38.0,-14.0,412.0
32.0,38.0,-14.0,412.0
34.0,38.0,-14.0,412.0
36.0,38.0,-14.0,412.0
38.0,38.0,-14.0,412.0
40.0,38.0,-14.0,120.0
42.0,38.0,-14.0,120.0
44.0,38.0,-14.0,383.0
46.0,38.0,-14.0,383.0
48.0,38.0,-14.0,383.0
50.0,38.0,-14.0,383.0
52.0,38.0,-14.0,383.0
-52.0,40.0,-14.0,538.0
-50.0,40.0,-14.0,538.0
-48.0,40.0,-14.0,538.0
-46.0,40.0,-14.0,245.0
-44.0,40.0,-14.0,245.0
-42.0,40.0,-14.0,245.0
-40.0,40.0,-14.0,245.0
-38.0,40.0,-14.0,245.0
-36.0,40.0,-14.0,245.0
-34.0,40.0,-14.0,110.0
-32.0,40.0,-14.0,110.0
-30.0,40.0,-14.0,110.0
-28.0,40.0,-14.0,110.0
-26.0,40.0,-14.0,110.0
-24.0,40.0,-14.0,110.0
-22.0,40.0,-14.0,110.0
-20.0,40.0,-14.0,588.0
-8.0,40.0,-14.0,112.0
-6.0,40.0,-14.0,112.0
-4.0,40.0,-14.0,112.0
-2.0,40.0,-14.0,112.0
0.0,40.0,-14.0,112.0
2.0,40.0,-14.0,112.0
4.0,40.0,-14.0,112.0
6.0,40.0,-14.0,252.0
8.0,40.0,-14.0,252.0
10.0,40.0,-14.0,252.0
20.0,40.0,-14.0,252.0
22.0,40.0,-14.0,16.0
24.0,40.0,-14.0,412.0
26.0,40.0,-14.0,412.0
28.0,40.0,-14.0,412.0
30.0,40.0,-14.0,412.0
32.0,40.0,-14.0,412.0
34.0,40.0,-14.0,412.0
36.0,40.0,-14.0,412.0
38.0,40.0,-14.0,120.0
40.0,40.0,-14.0,120.0
42.0,40.0,-14.0,120.0
44.0,40.0,-14.0,383.0
46.0,40.0,-14.0,383.0
48.0,40.0,-14.0,383.0
50.0,40.0,-14.0,383.0
-52.0,42.0,-14.0,538.0
-50.0,42.0,-14.0,538.0
-48.0,42.0,-14.0,15.0
-46.0,42.0,-14.0,15.0
-44.0,42.0,-14.0,15.0
-42.0,42.0,-14.0,245.0
-40.0,42.0,-14.0,245.0
-38.0,42.0,-14.0,245.0
-36.0,42.0,-14.0,245.0
-34.0,42.0,-14.0,110.0
-32.0,42.0,-14.0,110.0
-30.0,42.0,-14.0,110.0
-28.0,42.0,-14.0,110.0
-26.0,42.0,-14.0,110.0
-24.0,42.0,-14.0,110.0
-22.0,42.0,-14.0,110.0
-20.0,42.0,-14.0,509.0
-8.0,42.0,-14.0,112.0
-6.0,42.0,-14.0,112.0
-4.0,42.0,-14.0,112.0
-2.0,42.0,-14.0,112.0
0.0,42.0,-14.0,112.0
2.0,42.0,-14.0,112.0
4.0,42.0,-14.0,112.0
6.0,42.0,-14.0,252.0
8.0,42.0,-14.0,252.0
10.0,42.0,-14.0,252.0
12.0,42.0,-14.0,252.0
20.0,42.0,-14.0,252.0
22.0,42.0,-14.0,412.0
24.0,42.0,-14.0,412.0
26.0,42.0,-14.0,412.0
28.0,42.0,-14.0,412.0
30.0,42.0,-14.0,412.0
32.0,42.0,-14.0,412.0
34.0,42.0,-14.0,412.0
36.0,42.0,-14.0,412.0
38.0,42.0,-14.0,120.0
40.0,42.0,-14.0,120.0
42.0,42.0,-14.0,120.0
44.0,42.0,-14.0,383.0
46.0,42.0,-14.0,383.0
48.0,42.0,-14.0,383.0
50.0,42.0,-14.0,383.0
-50.0,44.0,-14.0,15.0
-48.0,44.0,-14.0,15.0
-46.0,44.0,-14.0,15.0
-44.0,44.0,-14.0,15.0
-42.0,44.0,-14.0,15.0
-40.0,44.0,-14.0,15.0
-38.0,44.0,-14.0,15.0
-36.0,44.0,-14.0,245.0
-34.0,44.0,-14.0,110.0
-32.0,44.0,-14.0,110.0
-30.0,44.0,-14.0,110.0
-28.0,44.0,-14.0,110.0
-26.0,44.0,-14.0,110.0
-24.0,44.0,-14.0,110.0
-22.0,44.0,-14.0,509.0
-20.0,44.0,-14.0,509.0
-8.0,44.0,-14.0,112.0
-6.0,44.0,-14.0,112.0
-4.0,44.0,-14.0,112.0
-2.0,44.0,-14.0,112.0
0.0,44.0,-14.0,112.0
2.0,44.0,-14.0,112.0
4.0,44.0,-14.0,112.0
6.0,44.0,-14.0,252.0
8.0,44.0,-14.0,252.0
10.0,44.0,-14.0,252.0
12.0,44.0,-14.0,252.0
20.0,44.0,-14.0,252.0
22.0,44.0,-14.0,412.0
24.0,44.0,-14.0,412.0
26.0,44.0,-14.0,412.0
28.0,44.0,-14.0,412.0
30.0,44.0,-14.0,412.0
32.0,44.0,-14.0,412.0
34.0,44.0,-14.0,412.0
36.0,44.0,-14.0,120.0
38.0,44.0,-14.0,120.0
40.0,44.0,-14.0,120.0
42.0,44.0,-14.0,120.0
44.0,44.0,-14.0,120.0
46.0,44.0,-14.0,383.0
48.0,44.0,-14.0,383.0
50.0,44.0,-14.0,383.0
-50.0,46.0,-14.0,15.0
-48.0,46.0,-14.0,15.0
-46.0,46.0,-14.0,15.0
-44.0,46.0,-14.0,15.0
-42.0,46.0,-14.0,15.0
-40.0,46.0,-14.0,15.0
-38.0,46.0,-14.0,15.0
-36.0,46.0,-14.0,15.0
-34.0,46.0,-14.0,15.0
-32.0,46.0,-14.0,110.0
-30.0,46.0,-14.0,110.0
-28.0,46.0,-14.0,110.0
-26.0,46.0,-14.0,110.0
-24.0,46.0,-14.0,110.0
-22.0,46.0,-14.0,509.0
-20.0,46.0,-14.0,509.0
-18.0,46.0,-14.0,509.0
-10.0,46.0,-14.0,509.0
-8.0,46.0,-14.0,509.0
-6.0,46.0,-14.0,509.0
-4.0,46.0,-14.0,112.0
-2.0,46.0,-14.0,112.0
0.0,46.0,-14.0,112.0
2.0,46.0,-14.0,6.0
4.0,46.0,-14.0,6.0
6.0,46.0,-14.0,6.0
8.0,46.0,-14.0,6.0
10.0,46.0,-14.0,252.0
18.0,46.0,-14.0,252.0
20.0,46.0,-14.0,412.0
22.0,46.0,-14.0,412.0
24.0,46.0,-14.0,412.0
26.0,46.0,-14.0,412.0
28.0,46.0,-14.0,412.0
30.0,46.0,-14.0,412.0
32.0,46.0,-14.0,412.0
34.0,46.0,-14.0,412.0
36.0,46.0,-14.0,120.0
38.0,46.0,-14.0,120.0
40.0,46.0,-14.0,120.0
42.0,46.0,-14.0,120.0
44.0,46.0,-14.0,120.0
46.0,46.0,-14.0,383.0
48.0,46.0,-14.0,383.0
-48.0,48.0,-14.0,15.0
-46.0,48.0,-14.0,15.0
-44.0,48.0,-14.0,15.0
-42.0,48.0,-14.0,15.0
-40.0,48.0,-14.0,15.0
-38.0,48.0,-14.0,15.0
-36.0,48.0,-14.0,15.0
-34.0,48.0,-14.0,15.0
-32.0,48.0,-14.0,15.0
-30.0,48.0,-14.0,110.0
-28.0,48.0,-14.0,110.0
-26.0,48.0,-14.0,35.0
-24.0,48.0,-14.0,509.0
-22.0,48.0,-14.0,509.0
-20.0,48.0,-14.0,509.0
-18.0,48.0,-14.0,509.0
-10.0,48.0,-14.0,509.0
-8.0,48.0,-14.0,509.0
-6.0,48.0,-14.0,509.0
-4.0,48.0,-14.0,509.0
-2.0,48.0,-14.0,6.0
0.0,48.0,-14.0,6.0
2.0,48.0,-14.0,6.0
4.0,48.0,-14.0,6.0
6.0,48.0,-14.0,6.0
8.0,48.0,-14.0,6.0
10.0,48.0,-14.0,6.0
18.0,48.0,-14.0,252.0
20.0,48.0,-14.0,412.0
22.0,48.0,-14.0,412.0
24.0,48.0,-14.0,412.0
26.0,48.0,-14.0,412.0
28.0,48.0,-14.0,412.0
30.0,48.0,-14.0,412.0
32.0,48.0,-14.0,412.0
34.0,48.0,-14.0,120.0
36.0,48.0,-14.0,120.0
38.0,48.0,-14.0,120.0
40.0,48.0,-14.0,120.0
42.0,48.0,-14.0,120.0
44.0,48.0,-14.0,120.0
46.0,48.0,-14.0,383.0
-48.0,50.0,-14.0,15.0
-46.0,50.0,-14.0,15.0
-44.0,50.0,-14.0,15.0
-42.0,50.0,-14.0,15.0
-40.0,50.0,-14.0,15.0
-38.0,50.0,-14.0,15.0
-36.0,50.0,-14.0,15.0
-34.0,50.0,-14.0,15.0
-32.0,50.0,-14.0,15.0
-30.0,50.0,-14.0,35.0
-28.0,50.0,-14.0,35.0
-26.0,50.0,-14.0,35.0
-24.0,50.0,-14.0,35.0
-22.0,50.0,-14.0,509.0
-20.0,50.0,-14.0,509.0
-18.0,50.0,-14.0,509.0
-10.0,50.0,-14.0,509.0
-8.0,50.0,-14.0,509.0
-6.0,50.0,-14.0,509.0
-4.0,50.0,-14.0,509.0
-2.0,50.0,-14.0,6.0
0.0,50.0,-14.0,6.0
2.0,50.0,-14.0,6.0
4.0,50.0,-14.0,6.0
6.0,50.0,-14.0,6.0
8.0,50.0,-14.0,6.0
10.0,50.0,-14.0,6.0
18.0,50.0,-14.0,334.0
20.0,50.0,-14.0,377.0
22.0,50.0,-14.0,377.0
24.0,50.0,-14.0,412.0
26.0,50.0,-14.0,573.0
28.0,50.0,-14.0,573.0
30.0,50.0,-14.0,573.0
32.0,50.0,-14.0,573.0
34.0,50.0,-14.0,573.0
36.0,50.0,-14.0,573.0
38.0,50.0,-14.0,573.0
40.0,50.0,-14.0,573.0
42.0,50.0,-14.0,120.0
44.0,50.0,-14.0,120.0
46.0,50.0,-14.0,120.0
-46.0,52.0,-14.0,15.0
-44.0,52.0,-14.0,15.0
-42.0,52.0,-14.0,15.0
-40.0,52.0,-14.0,15.0
-38.0,52.0,-14.0,15.0
-36.0,52.0,-14.0,15.0
-34.0,52.0,-14.0,15.0
-32.0,52.0,-14.0,35.0
-30.0,52.0,-14.0,35.0
-28.0,52.0,-14.0,35.0
-26.0,52.0,-14.0,35.0
-24.0,52.0,-14.0,35.0
-22.0,52.0,-14.0,509.0
-20.0,52.0,-14.0,509.0
-18.0,52.0,-14.0,509.0
-8.0,52.0,-14.0,509.0
-6.0,52.0,-14.0,509.0
-4.0,52.0,-14.0,509.0
-2.0,52.0,-14.0,6.0
0.0,52.0,-14.0,6.0
2.0,52.0,-14.0,6.0
4.0,52.0,-14.0,6.0
6.0,52.0,-14.0,6.0
8.0,52.0,-14.0,6.0
10.0,52.0,-14.0,6.0
18.0,52.0,-14.0,377.0
20.0,52.0,-14.0,377.0
22.0,52.0,-14.0,377.0
24.0,52.0,-14.0,573.0
26.0,52.0,-14.0,573.0
28.0,52.0,-14.0,573.0
30.0,52.0,-14.0,573.0
32.0,52.0,-14.0,573.0
34.0,52.0,-14.0,573.0
36.0,52.0,-14.0,573.0
38.0,52.0,-14.0,573.0
40.0,52.0,-14.0,573.0
42.0,52.0,-14.0,573.0
44.0,52.0,-14.0,573.0
-44.0,54.0,-14.0,15.0
-42.0,54.0,-14.0,15.0
-40.0,54.0,-14.0,15.0
-38.0,54.0,-14.0,15.0
-36.0,54.0,-14.0,15.0
-34.0,54.0,-14.0,35.0
-32.0,54.0,-14.0,35.0
-30.0,54.0,-14.0,35.0
-28.0,54.0,-14.0,35.0
-26.0,54.0,-14.0,35.0
-24.0,54.0,-14.0,35.0
-22.0,54.0,-14.0,509.0
-20.0,54.0,-14.0,509.0
-18.0,54.0,-14.0,509.0
-16.0,54.0,-14.0,509.0
-8.0,54.0,-14.0,509.0
-6.0,54.0,-14.0,509.0
-4.0,54.0,-14.0,224.0
-2.0,54.0,-14.0,224.0
0.0,54.0,-14.0,224.0
2.0,54.0,-14.0,224.0
4.0,54.0,-14.0,224.0
6.0,54.0,-14.0,224.0
8.0,54.0,-14.0,224.0
10.0,54.0,-14.0,224.0
16.0,54.0,-14.0,377.0
18.0,54.0,-14.0,377.0
20.0,54.0,-14.0,377.0
22.0,54.0,-14.0,377.0
24.0,54.0,-14.0,377.0
26.0,54.0,-14.0,573.0
28.0,54.0,-14.0,573.0
30.0,54.0,-14.0,573.0
32.0,54.0,-14.0,573.0
34.0,54.0,-14.0,573.0
36.0,54.0,-14.0,573.0
38.0,54.0,-14.0,573.0
40.0,54.0,-14.0,573.0
42.0,54.0,-14.0,573.0
-42.0,56.0,-14.0,154.0
-40.0,56.0,-14.0,154.0
-38.0,56.0,-14.0,154.0
-36.0,56.0,-14.0,154.0
-34.0,56.0,-14.0,35.0
-32.0,56.0,-14.0,35.0
-30.0,56.0,-14.0,35.0
-28.0,56.0,-14.0,35.0
-26.0,56.0,-14.0,35.0
-24.0,56.0,-14.0,35.0
-22.0,56.0,-14.0,35.0
-20.0,56.0,-14.0,509.0
-18.0,56.0,-14.0,509.0
-16.0,56.0,-14.0,509.0
-8.0,56.0,-14.0,509.0
-6.0,56.0,-14.0,509.0
-4.0,56.0,-14.0,224.0
-2.0,56.0,-14.0,224.0
0.0,56.0,-14.0,224.0
2.0,56.0,-14.0,224.0
4.0,56.0,-14.0,224.0
6.0,56.0,-14.0,224.0
8.0,56.0,-14.0,224.0
10.0,56.0,-14.0,224.0
16.0,56.0,-14.0,377.0
18.0,56.0,-14.0,377.0
20.0,56.0,-14.0,377.0
22.0,56.0,-14.0,377.0
24.0,56.0,-14.0,377.0
26.0,56.0,-14.0,377.0
28.0,56.0,-14.0,573.0
30.0,56.0,-14.0,573.0
32.0,56.0,-14.0,573.0
34.0,56.0,-14.0,573.0
36.0,56.0,-14.0,573.0
38.0,56.0,-14.0,573.0
40.0,56.0,-14.0,573.0
-40.0,58.0,-14.0,154.0
-38.0,58.0,-14.0,154.0
-36.0,58.0,-14.0,154.0
-34.0,58.0,-14.0,35.0
-32.0,58.0,-14.0,35.0
-30.0,58.0,-14.0,35.0
-28.0,58.0,-14.0,35.0
-26.0,58.0,-14.0,35.0
-24.0,58.0,-14.0,35.0
-22.0,58.0,-14.0,35.0
-20.0,58.0,-14.0,509.0
-18.0,58.0,-14.0,509.0
-16.0,58.0,-14.0,509.0
-8.0,58.0,-14.0,509.0
-6.0,58.0,-14.0,224.0
-4.0,58.0,-14.0,224.0
-2.0,58.0,-14.0,224.0
2.0,58.0,-14.0,224.0
4.0,58.0,-14.0,224.0
6.0,58.0,-14.0,224.0
8.0,58.0,-14.0,224.0
10.0,58.0,-14.0,224.0
14.0,58.0,-14.0,377.0
16.0,58.0,-14.0,377.0
18.0,58.0,-14.0,377.0
20.0,58.0,-14.0,377.0
22.0,58.0,-14.0,377.0
24.0,58.0,-14.0,377.0
26.0,58.0,-14.0,377.0
28.0,58.0,-14.0,573.0
30.0,58.0,-14.0,573.0
32.0,58.0,-14.0,573.0
34.0,58.0,-14.0,573.0
36.0,58.0,-14.0,573.0
38.0,58.0,-14.0,573.0
-38.0,60.0,-14.0,154.0
-36.0,60.0,-14.0,154.0
-34.0,60.0,-14.0,35.0
-32.0,60.0,-14.0,35.0
-30.0,60.0,-14.0,35.0
-28.0,60.0,-14.0,35.0
-26.0,60.0,-14.0,35.0
-24.0,60.0,-14.0,35.0
-22.0,60.0,-14.0,35.0
-20.0,60.0,-14.0,341.0
-18.0,60.0,-14.0,341.0
-16.0,60.0,-14.0,559.0
-8.0,60.0,-14.0,509.0
-6.0,60.0,-14.0,224.0
-4.0,60.0,-14.0,224.0
-2.0,60.0,-14.0,224.0
2.0,60.0,-14.0,224.0
4.0,60.0,-14.0,224.0
6.0,60.0,-14.0,224.0
8.0,60.0,-14.0,224.0
10.0,60.0,-14.0,224.0
12.0,60.0,-14.0,224.0
14.0,60.0,-14.0,377.0
16.0,60.0,-14.0,377.0
18.0,60.0,-14.0,377.0
20.0,60.0,-14.0,377.0
22.0,60.0,-14.0,377.0
24.0,60.0,-14.0,377.0
26.0,60.0,-14.0,377.0
28.0,60.0,-14.0,377.0
30.0,60.0,-14.0,573.0
32.0,60.0,-14.0,573.0
34.0,60.0,-14.0,573.0
-34.0,62.0,-14.0,35.0
-32.0,62.0,-14.0,35.0
-30.0,62.0,-14.0,35.0
-28.0,62.0,-14.0,35.0
-26.0,62.0,-14.0,35.0
-24.0,62.0,-14.0,35.0
-22.0,62.0,-14.0,341.0
-20.0,62.0,-14.0,341.0
-18.0,62.0,-14.0,341.0
-16.0,62.0,-14.0,559.0
-14.0,62.0,-14.0,559.0
-12.0,62.0,-14.0,559.0
-10.0,62.0,-14.0,559.0
-8.0,62.0,-14.0,559.0
-6.0,62.0,-14.0,224.0
-4.0,62.0,-14.0,224.0
-2.0,62.0,-14.0,224.0
0.0,62.0,-14.0,224.0
2.0,62.0,-14.0,224.0
4.0,62.0,-14.0,224.0
6.0,62.0,-14.0,224.0
8.0,62.0,-14.0,224.0
10.0,62.0,-14.0,224.0
12.0,62.0,-14.0,377.0
14.0,62.0,-14.0,377.0
16.0,62.0,-14.0,377.0
18.0,62.0,-14.0,377.0
20.0,62.0,-14.0,377.0
22.0,62.0,-14.0,377.0
24.0,62.0,-14.0,377.0
26.0,62.0,-14.0,377.0
28.0,62.0,-14.0,377.0
30.0,62.0,-14.0,377.0
32.0,62.0,-14.0,573.0
-30.0,64.0,-14.0,35.0
-28.0,64.0,-14.0,35.0
-26.0,64.0,-14.0,35.0
-24.0,64.0,-14.0,341.0
-22.0,64.0,-14.0,341.0
-20.0,64.0,-14.0,341.0
-18.0,64.0,-14.0,341.0
-16.0,64.0,-14.0,559.0
-14.0,64.0,-14.0,559.0
-12.0,64.0,-14.0,559.0
-10.0,64.0,-14.0,559.0
-8.0,64.0,-14.0,559.0
-6.0,64.0,-14.0,224.0
-4.0,64.0,-14.0,224.0
-2.0,64.0,-14.0,224.0
0.0,64.0,-14.0,224.0
2.0,64.0,-14.0,224.0
4.0,64.0,-14.0,224.0
6.0,64.0,-14.0,224.0
8.0,64.0,-14.0,224.0
10.0,64.0,-14.0,224.0
12.0,64.0,-14.0,377.0
14.0,64.0,-14.0,377.0
16.0,64.0,-14.0,377.0
18.0,64.0,-14.0,377.0
20.0,64.0,-14.0,377.0
22.0,64.0,-14.0,377.0
24.0,64.0,-14.0,377.0
26.0,64.0,-14.0,377.0
-26.0,66.0,-14.0,341.0
-24.0,66.0,-14.0,341.0
-22.0,66.0,-14.0,341.0
-20.0,66.0,-14.0,341.0
-18.0,66.0,-14.0,341.0
-16.0,66.0,-14.0,559.0
-14.0,66.0,-14.0,559.0
-12.0,66.0,-14.0,559.0
-10.0,66.0,-14.0,559.0
-8.0,66.0,-14.0,559.0
-6.0,66.0,-14.0,559.0
-4.0,66.0,-14.0,224.0
-2.0,66.0,-14.0,224.0
2.0,66.0,-14.0,224.0
4.0,66.0,-14.0,224.0
6.0,66.0,-14.0,224.0
8.0,66.0,-14.0,224.0
10.0,66.0,-14.0,224.0
12.0,66.0,-14.0,377.0
14.0,66.0,-14.0,377.0
16.0,66.0,-14.0,377.0
18.0,66.0,-14.0,377.0
20.0,66.0,-14.0,377.0
22.0,66.0,-14.0,377.0
-20.0,68.0,-14.0,341.0
-18.0,68.0,-14.0,341.0
-16.0,68.0,-14.0,559.0
-14.0,68.0,-14.0,559.0
-12.0,68.0,-14.0,559.0
-10.0,68.0,-14.0,559.0
-8.0,68.0,-14.0,559.0
-6.0,68.0,-14.0,559.0
-4.0,68.0,-14.0,224.0
4.0,68.0,-14.0,224.0
6.0,68.0,-14.0,224.0
8.0,68.0,-14.0,224.0
10.0,68.0,-14.0,224.0
12.0,68.0,-14.0,422.0
14.0,68.0,-14.0,377.0
16.0,68.0,-14.0,377.0
12.0,-104.0,-12.0,325.0
14.0,-104.0,-12.0,325.0
16.0,-104.0,-12.0,325.0
18.0,-104.0,-12.0,325.0
-22.0,-102.0,-12.0,234.0
-20.0,-102.0,-12.0,234.0
-18.0,-102.0,-12.0,234.0
-16.0,-102.0,-12.0,234.0
6.0,-102.0,-12.0,127.0
8.0,-102.0,-12.0,127.0
10.0,-102.0,-12.0,127.0
12.0,-102.0,-12.0,325.0
14.0,-102.0,-12.0,325.0
16.0,-102.0,-12.0,325.0
18.0,-102.0,-12.0,325.0
20.0,-102.0,-12.0,325.0
22.0,-102.0,-12.0,275.0
24.0,-102.0,-12.0,275.0
-26.0,-100.0,-12.0,234.0
-24.0,-100.0,-12.0,234.0
-22.0,-100.0,-12.0,234.0
-20.0,-100.0,-12.0,234.0
-18.0,-100.0,-12.0,234.0
-16.0,-100.0,-12.0,234.0
-14.0,-100.0,-12.0,489.0
4.0,-100.0,-12.0,127.0
6.0,-100.0,-12.0,127.0
8.0,-100.0,-12.0,127.0
10.0,-100.0,-12.0,127.0
12.0,-100.0,-12.0,325.0
14.0,-100.0,-12.0,325.0
16.0,-100.0,-12.0,325.0
18.0,-100.0,-12.0,325.0
20.0,-100.0,-12.0,325.0
22.0,-100.0,-12.0,275.0
24.0,-100.0,-12.0,275.0
26.0,-100.0,-12.0,275.0
28.0,-100.0,-12.0,275.0
-30.0,-98.0,-12.0,234.0
-28.0,-98.0,-12.0,234.0
-26.0,-98.0,-12.0,234.0
-24.0,-98.0,-12.0,234.0
-22.0,-98.0,-12.0,234.0
-20.0,-98.0,-12.0,234.0
-18.0,-98.0,-12.0,234.0
-16.0,-98.0,-12.0,489.0
-14.0,-98.0,-12.0,489.0
2.0,-98.0,-12.0,127.0
4.0,-98.0,-12.0,127.0
6.0,-98.0,-12.0,127.0
8.0,-98.0,-12.0,127.0
10.0,-98.0,-12.0,127.0
12.0,-98.0,-12.0,127.0
14.0,-98.0,-12.0,325.0
16.0,-98.0,-12.0,325.0
18.0,-98.0,-12.0,325.0
20.0,-98.0,-12.0,325.0
22.0,-98.0,-12.0,275.0
24.0,-98.0,-12.0,275.0
26.0,-98.0,-12.0,275.0
28.0,-98.0,-12.0,275.0
30.0,-98.0,-12.0,275.0
-32.0,-96.0,-12.0,545.0
-30.0,-96.0,-12.0,545.0
-28.0,-96.0,-12.0,234.0
-26.0,-96.0,-12.0,234.0
-24.0,-96.0,-12.0,234.0
-22.0,-96.0,-12.0,234.0
-20.0,-96.0,-12.0,234.0
-18.0,-96.0,-12.0,234.0
-16.0,-96.0,-12.0,489.0
-14.0,-96.0,-12.0,489.0
-12.0,-96.0,-12.0,489.0
-10.0,-96.0,-12.0,489.0
2.0,-96.0,-12.0,127.0
4.0,-96.0,-12.0,127.0
6.0,-96.0,-12.0,127.0
8.0,-96.0,-12.0,127.0
10.0,-96.0,-12.0,127.0
12.0,-96.0,-12.0,127.0
14.0,-96.0,-12.0,325.0
16.0,-96.0,-12.0,325.0
18.0,-96.0,-12.0,325.0
20.0,-96.0,-12.0,325.0
22.0,-96.0,-12.0,325.0
24.0,-96.0,-12.0,275.0
26.0,-96.0,-12.0,275.0
28.0,-96.0,-12.0,275.0
30.0,-96.0,-12.0,275.0
32.0,-96.0,-12.0,275.0
34.0,-96.0,-12.0,275.0
-36.0,-94.0,-12.0,545.0
-34.0,-94.0,-12.0,545.0
-32.0,-94.0,-12.0,545.0
-30.0,-94.0,-12.0,545.0
-28.0,-94.0,-12.0,545.0
-26.0,-94.0,-12.0,545.0
-24.0,-94.0,-12.0,234.0
-22.0,-94.0,-12.0,234.0
-20.0,-94.0,-12.0,234.0
-18.0,-94.0,-12.0,489.0
-16.0,-94.0,-12.0,489.0
-14.0,-94.0,-12.0,489.0
-12.0,-94.0,-12.0,489.0
-10.0,-94.0,-12.0,489.0
-8.0,-94.0,-12.0,489.0
-6.0,-94.0,-12.0,489.0
-4.0,-94.0,-12.0,489.0
0.0,-94.0,-12.0,127.0
2.0,-94.0,-12.0,127.0
4.0,-94.0,-12.0,127.0
6.0,-94.0,-12.0,127.0
8.0,-94.0,-12.0,127.0
10.0,-94.0,-12.0,127.0
12.0,-94.0,-12.0,567.0
14.0,-94.0,-12.0,567.0
16.0,-94.0,-12.0,567.0
18.0,-94.0,-12.0,325.0
20.0,-94.0,-12.0,325.0
22.0,-94.0,-12.0,325.0
24.0,-94.0,-12.0,275.0
26.0,-94.0,-12.0,275.0
28.0,-94.0,-12.0,275.0
30.0,-94.0,-12.0,275.0
32.0,-94.0,-12.0,275.0
34.0,-94.0,-12.0,275.0
36.0,-94.0,-12.0,275.0
-38.0,-92.0,-12.0,545.0
-36.0,-92.0,-12.0,545.0
-34.0,-92.0,-12.0,545.0
-32.0,-92.0,-12.0,545.0
-30.0,-92.0,-12.0,545.0
-28.0,-92.0,-12.0,545.0
-26.0,-92.0,-12.0,545.0
-24.0,-92.0,-12.0,545.0
-22.0,-92.0,-12.0,234.0
-20.0,-92.0,-12.0,234.0
-18.0,-92.0,-12.0,489.0
-16.0,-92.0,-12.0,489.0
-14.0,-92.0,-12.0,489.0
-12.0,-92.0,-12.0,489.0
-10.0,-92.0,-12.0,489.0
-8.0,-92.0,-12.0,489.0
-6.0,-92.0,-12.0,489.0
-4.0,-92.0,-12.0,489.0
-2.0,-92.0,-12.0,489.0
0.0,-92.0,-12.0,127.0
2.0,-92.0,-12.0,127.0
4.0,-92.0,-12.0,127.0
6.0,-92.0,-12.0,127.0
8.0,-92.0,-12.0,127.0
10.0,-92.0,-12.0,567.0
12.0,-92.0,-12.0,567.0
14.0,-92.0,-12.0,567.0
16.0,-92.0,-12.0,567.0
18.0,-92.0,-12.0,567.0
20.0,-92.0,-12.0,325.0
22.0,-92.0,-12.0,325.0
24.0,-92.0,-12.0,275.0
26.0,-92.0,-12.0,275.0
28.0,-92.0,-12.0,275.0
30.0,-92.0,-12.0,275.0
32.0,-92.0,-12.0,275.0
34.0,-92.0,-12.0,275.0
36.0,-92.0,-12.0,275.0
38.0,-92.0,-12.0,275.0
-40.0,-90.0,-12.0,510.0
-38.0,-90.0,-12.0,545.0
-36.0,-90.0,-12.0,545.0
-34.0,-90.0,-12.0,545.0
-32.0,-90.0,-12.0,545.0
-30.0,-90.0,-12.0,545.0
-28.0,-90.0,-12.0,545.0
-26.0,-90.0,-12.0,545.0
-24.0,-90.0,-12.0,545.0
-22.0,-90.0,-12.0,545.0
-20.0,-90.0,-12.0,192.0
-18.0,-90.0,-12.0,489.0
-16.0,-90.0,-12.0,489.0
-14.0,-90.0,-12.0,489.0
-12.0,-90.0,-12.0,489.0
-10.0,-90.0,-12.0,489.0
-8.0,-90.0,-12.0,489.0
-6.0,-90.0,-12.0,489.0
-4.0,-90.0,-12.0,489.0
-2.0,-90.0,-12.0,489.0
0.0,-90.0,-12.0,127.0
2.0,-90.0,-12.0,127.0
4.0,-90.0,-12.0,127.0
6.0,-90.0,-12.0,127.0
8.0,-90.0,-12.0,567.0
10.0,-90.0,-12.0,567.0
12.0,-90.0,-12.0,567.0
14.0,-90.0,-12.0,567.0
16.0,-90.0,-12.0,567.0
18.0,-90.0,-12.0,567.0
20.0,-90.0,-12.0,567.0
22.0,-90.0,-12.0,325.0
24.0,-90.0,-12.0,327.0
26.0,-90.0,-12.0,327.0
28.0,-90.0,-12.0,327.0
30.0,-90.0,-12.0,275.0
32.0,-90.0,-12.0,275.0
34.0,-90.0,-12.0,275.0
36.0,-90.0,-12.0,546.0
38.0,-90.0,-12.0,546.0
40.0,-90.0,-12.0,571.0
42.0,-90.0,-12.0,571.0
-42.0,-88.0,-12.0,510.0
-40.0,-88.0,-12.0,510.0
-38.0,-88.0,-12.0,510.0
-36.0,-88.0,-12.0,545.0
-34.0,-88.0,-12.0,545.0
-32.0,-88.0,-12.0,545.0
-30.0,-88.0,-12.0,545.0
-28.0,-88.0,-12.0,545.0
-26.0,-88.0,-12.0,545.0
-24.0,-88.0,-12.0,545.0
-22.0,-88.0,-12.0,545.0
-20.0,-88.0,-12.0,192.0
-18.0,-88.0,-12.0,489.0
-16.0,-88.0,-12.0,489.0
-14.0,-88.0,-12.0,489.0
-12.0,-88.0,-12.0,489.0
-10.0,-88.0,-12.0,489.0
-8.0,-88.0,-12.0,489.0
-6.0,-88.0,-12.0,489.0
-4.0,-88.0,-12.0,489.0
-2.0,-88.0,-12.0,489.0
0.0,-88.0,-12.0,127.0
2.0,-88.0,-12.0,127.0
4.0,-88.0,-12.0,127.0
6.0,-88.0,-12.0,567.0
8.0,-88.0,-12.0,567.0
10.0,-88.0,-12.0,567.0
12.0,-88.0,-12.0,567.0
14.0,-88.0,-12.0,567.0
16.0,-88.0,-12.0,567.0
18.0,-88.0,-12.0,567.0
20.0,-88.0,-12.0,567.0
22.0,-88.0,-12.0,567.0
24.0,-88.0,-12.0,327.0
26.0,-88.0,-12.0,327.0
28.0,-88.0,-12.0,327.0
30.0,-88.0,-12.0,327.0
32.0,-88.0,-12.0,327.0
34.0,-88.0,-12.0,546.0
36.0,-88.0,-12.0,546.0
38.0,-88.0,-12.0,546.0
40.0,-88.0,-12.0,546.0
42.0,-88.0,-12.0,571.0
-44.0,-86.0,-12.0,510.0
-42.0,-86.0,-12.0,510.0
-40.0,-86.0,-12.0,510.0
-38.0,-86.0,-12.0,510.0
-36.0,-86.0,-12.0,545.0
-34.0,-86.0,-12.0,545.0
-32.0,-86.0,-12.0,545.0
-30.0,-86.0,-12.0,545.0
-28.0,-86.0,-12.0,545.0
-26.0,-86.0,-12.0,545.0
-24.0,-86.0,-12.0,287.0
-22.0,-86.0,-12.0,287.0
-20.0,-86.0,-12.0,568.0
-18.0,-86.0,-12.0,568.0
-16.0,-86.0,-12.0,489.0
-14.0,-86.0,-12.0,489.0
-12.0,-86.0,-12.0,489.0
-10.0,-86.0,-12.0,489.0
-8.0,-86.0,-12.0,489.0
-6.0,-86.0,-12.0,489.0
-4.0,-86.0,-12.0,489.0
-2.0,-86.0,-12.0,489.0
0.0,-86.0,-12.0,127.0
2.0,-86.0,-12.0,127.0
4.0,-86.0,-12.0,567.0
6.0,-86.0,-12.0,567.0
8.0,-86.0,-12.0,567.0
10.0,-86.0,-12.0,567.0
12.0,-86.0,-12.0,567.0
14.0,-86.0,-12.0,567.0
16.0,-86.0,-12.0,567.0
18.0,-86.0,-12.0,567.0
20.0,-86.0,-12.0,567.0
22.0,-86.0,-12.0,567.0
24.0,-86.0,-12.0,327.0
26.0,-86.0,-12.0,327.0
28.0,-86.0,-12.0,327.0
30.0,-86.0,-12.0,327.0
32.0,-86.0,-12.0,327.0
34.0,-86.0,-12.0,546.0
36.0,-86.0,-12.0,546.0
38.0,-86.0,-12.0,546.0
40.0,-86.0,-12.0,546.0
42.0,-86.0,-12.0,571.0
44.0,-86.0,-12.0,571.0
-46.0,-84.0,-12.0,510.0
-44.0,-84.0,-12.0,510.0
-42.0,-84.0,-12.0,36.0
-40.0,-84.0,-12.0,36.0
-38.0,-84.0,-12.0,36.0
-36.0,-84.0,-12.0,36.0
-34.0,-84.0,-12.0,545.0
-32.0,-84.0,-12.0,287.0
-30.0,-84.0,-12.0,287.0
-28.0,-84.0,-12.0,287.0
-26.0,-84.0,-12.0,287.0
-24.0,-84.0,-12.0,287.0
-22.0,-84.0,-12.0,287.0
-20.0,-84.0,-12.0,568.0
-18.0,-84.0,-12.0,568.0
-16.0,-84.0,-12.0,568.0
-14.0,-84.0,-12.0,568.0
-12.0,-84.0,-12.0,489.0
-10.0,-84.0,-12.0,64.0
-8.0,-84.0,-12.0,64.0
-6.0,-84.0,-12.0,64.0
-4.0,-84.0,-12.0,64.0
-2.0,-84.0,-12.0,64.0
0.0,-84.0,-12.0,127.0
2.0,-84.0,-12.0,567.0
4.0,-84.0,-12.0,567.0
6.0,-84.0,-12.0,567.0
8.0,-84.0,-12.0,567.0
10.0,-84.0,-12.0,567.0
12.0,-84.0,-12.0,567.0
14.0,-84.0,-12.0,567.0
16.0,-84.0,-12.0,567.0
18.0,-84.0,-12.0,567.0
20.0,-84.0,-12.0,567.0
22.0,-84.0,-12.0,567.0
24.0,-84.0,-12.0,327.0
26.0,-84.0,-12.0,327.0
28.0,-84.0,-12.0,327.0
30.0,-84.0,-12.0,327.0
32.0,-84.0,-12.0,327.0
34.0,-84.0,-12.0,546.0
36.0,-84.0,-12.0,546.0
38.0,-84.0,-12.0,546.0
40.0,-84.0,-12.0,546.0
42.0,-84.0,-12.0,571.0
44.0,-84.0,-12.0,277.0
46.0,-84.0,-12.0,277.0
-48.0,-82.0,-12.0,36.0
-46.0,-82.0,-12.0,36.0
-44.0,-82.0,-12.0,36.0
-42.0,-82.0,-12.0,36.0
-40.0,-82.0,-12.0,36.0
-38.0,-82.0,-12.0,36.0
-36.0,-82.0,-12.0,36.0
-34.0,-82.0,-12.0,36.0
-32.0,-82.0,-12.0,287.0
-30.0,-82.0,-12.0,287.0
-28.0,-82.0,-12.0,287.0
-26.0,-82.0,-12.0,287.0
-24.0,-82.0,-12.0,287.0
-22.0,-82.0,-12.0,287.0
-20.0,-82.0,-12.0,568.0
-18.0,-82.0,-12.0,568.0
-16.0,-82.0,-12.0,568.0
-14.0,-82.0,-12.0,568.0
-12.0,-82.0,-12.0,64.0
-10.0,-82.0,-12.0,64.0
-8.0,-82.0,-12.0,64.0
-6.0,-82.0,-12.0,64.0
-4.0,-82.0,-12.0,64.0
-2.0,-82.0,-12.0,64.0
0.0,-82.0,-12.0,64.0
2.0,-82.0,-12.0,567.0
4.0,-82.0,-12.0,567.0
6.0,-82.0,-12.0,567.0
8.0,-82.0,-12.0,567.0
10.0,-82.0,-12.0,567.0
12.0,-82.0,-12.0,567.0
14.0,-82.0,-12.0,567.0
16.0,-82.0,-12.0,567.0
18.0,-82.0,-12.0,567.0
20.0,-82.0,-12.0,567.0
22.0,-82.0,-12.0,567.0
24.0,-82.0,-12.0,327.0
26.0,-82.0,-12.0,327.0
28.0,-82.0,-12.0,327.0
30.0,-82.0,-12.0,327.0
32.0,-82.0,-12.0,327.0
34.0,-82.0,-12.0,546.0
36.0,-82.0,-12.0,546.0
38.0,-82.0,-12.0,546.0
40.0,-82.0,-12.0,546.0
42.0,-82.0,-12.0,277.0
44.0,-82.0,-12.0,277.0
46.0,-82.0,-12.0,277.0
-48.0,-80.0,-12.0,36.0
-46.0,-80.0,-12.0,36.0
-44.0,-80.0,-12.0,36.0
-42.0,-80.0,-12.0,36.0
-40.0,-80.0,-12.0,36.0
-38.0,-80.0,-12.0,36.0
-36.0,-80.0,-12.0,36.0
-34.0,-80.0,-12.0,36.0
-32.0,-80.0,-12.0,287.0
-30.0,-80.0,-12.0,287.0
-28.0,-80.0,-12.0,287.0
-26.0,-80.0,-12.0,287.0
-24.0,-80.0,-12.0,287.0
-22.0,-80.0,-12.0,287.0
-20.0,-80.0,-12.0,568.0
-18.0,-80.0,-12.0,568.0
-16.0,-80.0,-12.0,568.0
-14.0,-80.0,-12.0,64.0
-12.0,-80.0,-12.0,64.0
-10.0,-80.0,-12.0,64.0
-8.0,-80.0,-12.0,64.0
-6.0,-80.0,-12.0,64.0
-4.0,-80.0,-12.0,64.0
-2.0,-80.0,-12.0,64.0
0.0,-80.0,-12.0,450.0
2.0,-80.0,-12.0,567.0
4.0,-80.0,-12.0,567.0
6.0,-80.0,-12.0,567.0
8.0,-80.0,-12.0,567.0
10.0,-80.0,-12.0,567.0
12.0,-80.0,-12.0,567.0
14.0,-80.0,-12.0,567.0
16.0,-80.0,-12.0,567.0
18.0,-80.0,-12.0,567.0
20.0,-80.0,-12.0,567.0
22.0,-80.0,-12.0,567.0
24.0,-80.0,-12.0,327.0
26.0,-80.0,-12.0,327.0
28.0,-80.0,-12.0,327.0
30.0,-80.0,-12.0,327.0
32.0,-80.0,-12.0,327.0
34.0,-80.0,-12.0,546.0
36.0,-80.0,-12.0,546.0
38.0,-80.0,-12.0,546.0
40.0,-80.0,-12.0,277.0
42.0,-80.0,-12.0,277.0
44.0,-80.0,-12.0,277.0
46.0,-80.0,-12.0,277.0
48.0,-80.0,-12.0,277.0
-50.0,-78.0,-12.0,2.0
-48.0,-78.0,-12.0,36.0
-46.0,-78.0,-12.0,36.0
-44.0,-78.0,-12.0,36.0
-42.0,-78.0,-12.0,36.0
-40.0,-78.0,-12.0,36.0
-38.0,-78.0,-12.0,36.0
-36.0,-78.0,-12.0,36.0
-34.0,-78.0,-12.0,36.0
-32.0,-78.0,-12.0,36.0
-30.0,-78.0,-12.0,287.0
-28.0,-78.0,-12.0,287.0
-26.0,-78.0,-12.0,287.0
-24.0,-78.0,-12.0,287.0
-22.0,-78.0,-12.0,287.0
-20.0,-78.0,-12.0,568.0
-18.0,-78.0,-12.0,568.0
-16.0,-78.0,-12.0,568.0
-14.0,-78.0,-12.0,64.0
-12.0,-78.0,-12.0,64.0
-10.0,-78.0,-12.0,64.0
-8.0,-78.0,-12.0,64.0
-6.0,-78.0,-12.0,64.0
-4.0,-78.0,-12.0,64.0
-2.0,-78.0,-12.0,64.0
0.0,-78.0,-12.0,450.0
2.0,-78.0,-12.0,362.0
4.0,-78.0,-12.0,362.0
6.0,-78.0,-12.0,362.0
8.0,-78.0,-12.0,362.0
10.0,-78.0,-12.0,362.0
12.0,-78.0,-12.0,362.0
14.0,-78.0,-12.0,567.0
16.0,-78.0,-12.0,567.0
18.0,-78.0,-12.0,567.0
20.0,-78.0,-12.0,567.0
22.0,-78.0,-12.0,431.0
24.0,-78.0,-12.0,327.0
26.0,-78.0,-12.0,327.0
28.0,-78.0,-12.0,327.0
30.0,-78.0,-12.0,327.0
32.0,-78.0,-12.0,569.0
34.0,-78.0,-12.0,569.0
36.0,-78.0,-12.0,569.0
38.0,-78.0,-12.0,277.0
40.0,-78.0,-12.0,277.0
42.0,-78.0,-12.0,277.0
44.0,-78.0,-12.0,277.0
46.0,-78.0,-12.0,277.0
48.0,-78.0,-12.0,277.0
-50.0,-76.0,-12.0,2.0
-48.0,-76.0,-12.0,36.0
-46.0,-76.0,-12.0,36.0
-44.0,-76.0,-12.0,36.0
-42.0,-76.0,-12.0,36.0
-40.0,-76.0,-12.0,36.0
-38.0,-76.0,-12.0,36.0
-36.0,-76.0,-12.0,36.0
-34.0,-76.0,-12.0,36.0
-32.0,-76.0,-12.0,444.0
-30.0,-76.0,-12.0,444.0
-28.0,-76.0,-12.0,287.0
-26.0,-76.0,-12.0,287.0
-24.0,-76.0,-12.0,287.0
-22.0,-76.0,-12.0,287.0
-20.0,-76.0,-12.0,568.0
-18.0,-76.0,-12.0,568.0
-16.0,-76.0,-12.0,64.0
-14.0,-76.0,-12.0,64.0
-12.0,-76.0,-12.0,64.0
-10.0,-76.0,-12.0,64.0
-8.0,-76.0,-12.0,64.0
-6.0,-76.0,-12.0,64.0
-4.0,-76.0,-12.0,64.0
4.0,-76.0,-12.0,362.0
6.0,-76.0,-12.0,362.0
8.0,-76.0,-12.0,362.0
10.0,-76.0,-12.0,362.0
12.0,-76.0,-12.0,362.0
14.0,-76.0,-12.0,362.0
16.0,-76.0,-12.0,362.0
18.0,-76.0,-12.0,431.0
20.0,-76.0,-12.0,431.0
22.0,-76.0,-12.0,431.0
24.0,-76.0,-12.0,357.0
26.0,-76.0,-12.0,357.0
28.0,-76.0,-12.0,357.0
30.0,-76.0,-12.0,587.0
32.0,-76.0,-12.0,587.0
34.0,-76.0,-12.0,587.0
36.0,-76.0,-12.0,569.0
38.0,-76.0,-12.0,277.0
40.0,-76.0,-12.0,277.0
42.0,-76.0,-12.0,277.0
44.0,-76.0,-12.0,277.0
46.0,-76.0,-12.0,277.0
48.0,-76.0,-12.0,277.0
50.0,-76.0,-12.0,277.0
-52.0,-74.0,-12.0,2.0
-50.0,-74.0,-12.0,2.0
-48.0,-74.0,-12.0,2.0
-46.0,-74.0,-12.0,36.0
-44.0,-74.0,-12.0,36.0
-42.0,-74.0,-12.0,36.0
-40.0,-74.0,-12.0,36.0
-38.0,-74.0,-12.0,36.0
-36.0,-74.0,-12.0,36.0
-34.0,-74.0,-12.0,36.0
-32.0,-74.0,-12.0,444.0
-30.0,-74.0,-12.0,444.0
-28.0,-74.0,-12.0,444.0
-26.0,-74.0,-12.0,444.0
-24.0,-74.0,-12.0,287.0
-22.0,-74.0,-12.0,287.0
-20.0,-74.0,-12.0,568.0
-18.0,-74.0,-12.0,568.0
-16.0,-74.0,-12.0,64.0
-14.0,-74.0,-12.0,64.0
-12.0,-74.0,-12.0,64.0
-10.0,-74.0,-12.0,64.0
-8.0,-74.0,-12.0,64.0
-6.0,-74.0,-12.0,64.0
4.0,-74.0,-12.0,362.0
6.0,-74.0,-12.0,362.0
8.0,-74.0,-12.0,362.0
10.0,-74.0,-12.0,362.0
12.0,-74.0,-12.0,362.0
14.0,-74.0,-12.0,362.0
16.0,-74.0,-12.0,362.0
18.0,-74.0,-12.0,431.0
20.0,-74.0,-12.0,431.0
22.0,-74.0,-12.0,431.0
24.0,-74.0,-12.0,357.0
26.0,-74.0,-12.0,357.0
28.0,-74.0,-12.0,357.0
30.0,-74.0,-12.0,587.0
32.0,-74.0,-12.0,587.0
34.0,-74.0,-12.0,587.0
36.0,-74.0,-12.0,587.0
38.0,-74.0,-12.0,277.0
40.0,-74.0,-12.0,277.0
42.0,-74.0,-12.0,277.0
44.0,-74.0,-12.0,277.0
46.0,-74.0,-12.0,277.0
48.0,-74.0,-12.0,277.0
50.0,-74.0,-12.0,277.0
52.0,-74.0,-12.0,277.0
-54.0,-72.0,-12.0,2.0
-52.0,-72.0,-12.0,2.0
-50.0,-72.0,-12.0,2.0
-48.0,-72.0,-12.0,2.0
-46.0,-72.0,-12.0,2.0
-44.0,-72.0,-12.0,36.0
-42.0,-72.0,-12.0,36.0
-40.0,-72.0,-12.0,36.0
-38.0,-72.0,-12.0,36.0
-36.0,-72.0,-12.0,36.0
-34.0,-72.0,-12.0,444.0
-32.0,-72.0,-12.0,444.0
-30.0,-72.0,-12.0,444.0
-28.0,-72.0,-12.0,444.0
-26.0,-72.0,-12.0,444.0
-24.0,-72.0,-12.0,579.0
-22.0,-72.0,-12.0,579.0
-20.0,-72.0,-12.0,579.0
-18.0,-72.0,-12.0,64.0
-16.0,-72.0,-12.0,64.0
-14.0,-72.0,-12.0,64.0
-12.0,-72.0,-12.0,64.0
-10.0,-72.0,-12.0,64.0
-8.0,-72.0,-12.0,64.0
6.0,-72.0,-12.0,362.0
8.0,-72.0,-12.0,362.0
10.0,-72.0,-12.0,362.0
12.0,-72.0,-12.0,362.0
14.0,-72.0,-12.0,362.0
16.0,-72.0,-12.0,431.0
18.0,-72.0,-12.0,431.0
20.0,-72.0,-12.0,431.0
22.0,-72.0,-12.0,431.0
24.0,-72.0,-12.0,357.0
26.0,-72.0,-12.0,357.0
28.0,-72.0,-12.0,357.0
30.0,-72.0,-12.0,587.0
32.0,-72.0,-12.0,587.0
34.0,-72.0,-12.0,587.0
36.0,-72.0,-12.0,587.0
38.0,-72.0,-12.0,587.0
40.0,-72.0,-12.0,277.0
42.0,-72.0,-12.0,277.0
44.0,-72.0,-12.0,277.0
46.0,-72.0,-12.0,277.0
48.0,-72.0,-12.0,277.0
50.0,-72.0,-12.0,277.0
52.0,-72.0,-12.0,277.0
54.0,-72.0,-12.0,277.0
-54.0,-70.0,-12.0,2.0
-52.0,-70.0,-12.0,2.0
-50.0,-70.0,-12.0,2.0
-48.0,-70.0,-12.0,2.0
-46.0,-70.0,-12.0,2.0
-44.0,-70.0,-12.0,36.0
-42.0,-70.0,-12.0,36.0
-40.0,-70.0,-12.0,36.0
-38.0,-70.0,-12.0,36.0
-36.0,-70.0,-12.0,36.0
-34.0,-70.0,-12.0,444.0
-32.0,-70.0,-12.0,444.0
-30.0,-70.0,-12.0,444.0
-28.0,-70.0,-12.0,444.0
-26.0,-70.0,-12.0,178.0
-24.0,-70.0,-12.0,579.0
-22.0,-70.0,-12.0,579.0
-20.0,-70.0,-12.0,579.0
-18.0,-70.0,-12.0,579.0
-16.0,-70.0,-12.0,64.0
-14.0,-70.0,-12.0,64.0
-12.0,-70.0,-12.0,64.0
-10.0,-70.0,-12.0,64.0
8.0,-70.0,-12.0,362.0
10.0,-70.0,-12.0,362.0
12.0,-70.0,-12.0,362.0
14.0,-70.0,-12.0,431.0
16.0,-70.0,-12.0,431.0
18.0,-70.0,-12.0,431.0
20.0,-70.0,-12.0,431.0
22.0,-70.0,-12.0,431.0
24.0,-70.0,-12.0,357.0
26.0,-70.0,-12.0,357.0
28.0,-70.0,-12.0,357.0
30.0,-70.0,-12.0,357.0
32.0,-70.0,-12.0,587.0
34.0,-70.0,-12.0,587.0
36.0,-70.0,-12.0,587.0
38.0,-70.0,-12.0,476.0
40.0,-70.0,-12.0,476.0
44.0,-70.0,-12.0,277.0
46.0,-70.0,-12.0,277.0
48.0,-70.0,-12.0,277.0
50.0,-70.0,-12.0,277.0
52.0,-70.0,-12.0,350.0
54.0,-70.0,-12.0,350.0
-56.0,-68.0,-12.0,388.0
-54.0,-68.0,-12.0,388.0
-52.0,-68.0,-12.0,2.0
-50.0,-68.0,-12.0,2.0
-48.0,-68.0,-12.0,2.0
-46.0,-68.0,-12.0,2.0
-44.0,-68.0,-12.0,2.0
-42.0,-68.0,-12.0,36.0
-40.0,-68.0,-12.0,36.0
-38.0,-68.0,-12.0,36.0
-36.0,-68.0,-12.0,444.0
-34.0,-68.0,-12.0,444.0
-32.0,-68.0,-12.0,178.0
-30.0,-68.0,-12.0,178.0
-28.0,-68.0,-12.0,178.0
-26.0,-68.0,-12.0,178.0
-24.0,-68.0,-12.0,579.0
-22.0,-68.0,-12.0,579.0
-20.0,-68.0,-12.0,579.0
-18.0,-68.0,-12.0,579.0
-16.0,-68.0,-12.0,579.0
-14.0,-68.0,-12.0,579.0
-12.0,-68.0,-12.0,64.0
10.0,-68.0,-12.0,362.0
12.0,-68.0,-12.0,362.0
14.0,-68.0,-12.0,431.0
16.0,-68.0,-12.0,431.0
18.0,-68.0,-12.0,431.0
20.0,-68.0,-12.0,431.0
22.0,-68.0,-12.0,431.0
24.0,-68.0,-12.0,357.0
26.0,-68.0,-12.0,357.0
28.0,-68.0,-12.0,357.0
30.0,-68.0,-12.0,357.0
32.0,-68.0,-12.0,587.0
34.0,-68.0,-12.0,587.0
36.0,-68.0,-12.0,476.0
38.0,-68.0,-12.0,476.0
46.0,-68.0,-12.0,350.0
48.0,-68.0,-12.0,350.0
50.0,-68.0,-12.0,350.0
52.0,-68.0,-12.0,350.0
54.0,-68.0,-12.0,350.0
56.0,-68.0,-12.0,350.0
-56.0,-66.0,-12.0,388.0
-54.0,-66.0,-12.0,388.0
-52.0,-66.0,-12.0,388.0
-50.0,-66.0,-12.0,2.0
-48.0,-66.0,-12.0,2.0
-46.0,-66.0,-12.0,2.0
-44.0,-66.0,-12.0,2.0
-42.0,-66.0,-12.0,2.0
-40.0,-66.0,-12.0,36.0
-38.0,-66.0,-12.0,36.0
-36.0,-66.0,-12.0,178.0
-34.0,-66.0,-12.0,178.0
-32.0,-66.0,-12.0,178.0
-30.0,-66.0,-12.0,178.0
-28.0,-66.0,-12.0,178.0
-26.0,-66.0,-12.0,178.0
-24.0,-66.0,-12.0,579.0
-22.0,-66.0,-12.0,579.0
-20.0,-66.0,-12.0,579.0
-18.0,-66.0,-12.0,579.0
-16.0,-66.0,-12.0,579.0
-14.0,-66.0,-12.0,579.0
-12.0,-66.0,-12.0,579.0
14.0,-66.0,-12.0,431.0
16.0,-66.0,-12.0,431.0
18.0,-66.0,-12.0,431.0
20.0,-66.0,-12.0,431.0
22.0,-66.0,-12.0,431.0
24.0,-66.0,-12.0,357.0
26.0,-66.0,-12.0,357.0
28.0,-66.0,-12.0,357.0
30.0,-66.0,-12.0,357.0
32.0,-66.0,-12.0,357.0
34.0,-66.0,-12.0,476.0
36.0,-66.0,-12.0,476.0
38.0,-66.0,-12.0,476.0
44.0,-66.0,-12.0,476.0
46.0,-66.0,-12.0,476.0
48.0,-66.0,-12.0,350.0
50.0,-66.0,-12.0,350.0
52.0,-66.0,-12.0,350.0
54.0,-66.0,-12.0,350.0
56.0,-66.0,-12.0,350.0
58.0,-66.0,-12.0,350.0
-58.0,-64.0,-12.0,388.0
-56.0,-64.0,-12.0,388.0
-54.0,-64.0,-12.0,388.0
-52.0,-64.0,-12.0,388.0
-50.0,-64.0,-12.0,388.0
-48.0,-64.0,-12.0,2.0
-46.0,-64.0,-12.0,2.0
-44.0,-64.0,-12.0,2.0
-42.0,-64.0,-12.0,2.0
-40.0,-64.0,-12.0,36.0
-38.0,-64.0,-12.0,178.0
-36.0,-64.0,-12.0,178.0
-34.0,-64.0,-12.0,178.0
-32.0,-64.0,-12.0,178.0
-30.0,-64.0,-12.0,178.0
-28.0,-64.0,-12.0,178.0
-26.0,-64.0,-12.0,178.0
-24.0,-64.0,-12.0,579.0
-22.0,-64.0,-12.0,579.0
-20.0,-64.0,-12.0,579.0
-18.0,-64.0,-12.0,579.0
-16.0,-64.0,-12.0,579.0
-14.0,-64.0,-12.0,579.0
14.0,-64.0,-12.0,431.0
16.0,-64.0,-12.0,431.0
18.0,-64.0,-12.0,431.0
20.0,-64.0,-12.0,431.0
22.0,-64.0,-12.0,431.0
24.0,-64.0,-12.0,357.0
26.0,-64.0,-12.0,357.0
28.0,-64.0,-12.0,357.0
30.0,-64.0,-12.0,357.0
32.0,-64.0,-12.0,476.0
34.0,-64.0,-12.0,476.0
36.0,-64.0,-12.0,476.0
38.0,-64.0,-12.0,476.0
44.0,-64.0,-12.0,476.0
46.0,-64.0,-12.0,476.0
48.0,-64.0,-12.0,350.0
50.0,-64.0,-12.0,350.0
52.0,-64.0,-12.0,350.0
54.0,-64.0,-12.0,350.0
56.0,-64.0,-12.0,350.0
58.0,-64.0,-12.0,11.0
60.0,-64.0,-12.0,11.0
-60.0,-62.0,-12.0,388.0
-58.0,-62.0,-12.0,388.0
-56.0,-62.0,-12.0,388.0
-54.0,-62.0,-12.0,388.0
-52.0,-62.0,-12.0,388.0
-50.0,-62.0,-12.0,388.0
-48.0,-62.0,-12.0,459.0
-46.0,-62.0,-12.0,459.0
-44.0,-62.0,-12.0,459.0
-42.0,-62.0,-12.0,2.0
-40.0,-62.0,-12.0,178.0
-38.0,-62.0,-12.0,178.0
-36.0,-62.0,-12.0,178.0
-34.0,-62.0,-12.0,178.0
-32.0,-62.0,-12.0,178.0
-30.0,-62.0,-12.0,178.0
-28.0,-62.0,-12.0,178.0
-26.0,-62.0,-12.0,178.0
-24.0,-62.0,-12.0,579.0
-22.0,-62.0,-12.0,579.0
-20.0,-62.0,-12.0,579.0
-18.0,-62.0,-12.0,579.0
-16.0,-62.0,-12.0,371.0
14.0,-62.0,-12.0,431.0
16.0,-62.0,-12.0,431.0
18.0,-62.0,-12.0,431.0
20.0,-62.0,-12.0,431.0
22.0,-62.0,-12.0,451.0
24.0,-62.0,-12.0,451.0
26.0,-62.0,-12.0,357.0
28.0,-62.0,-12.0,357.0
30.0,-62.0,-12.0,357.0
32.0,-62.0,-12.0,476.0
34.0,-62.0,-12.0,476.0
36.0,-62.0,-12.0,476.0
44.0,-62.0,-12.0,476.0
46.0,-62.0,-12.0,476.0
48.0,-62.0,-12.0,350.0
50.0,-62.0,-12.0,350.0
52.0,-62.0,-12.0,350.0
54.0,-62.0,-12.0,350.0
56.0,-62.0,-12.0,11.0
58.0,-62.0,-12.0,11.0
60.0,-62.0,-12.0,11.0
-62.0,-60.0,-12.0,388.0
-60.0,-60.0,-12.0,388.0
-58.0,-60.0,-12.0,388.0
-56.0,-60.0,-12.0,388.0
-54.0,-60.0,-12.0,388.0
-52.0,-60.0,-12.0,459.0
-50.0,-60.0,-12.0,459.0
-48.0,-60.0,-12.0,459.0
-46.0,-60.0,-12.0,459.0
-44.0,-60.0,-12.0,459.0
-42.0,-60.0,-12.0,79.0
-40.0,-60.0,-12.0,79.0
-36.0,-60.0,-12.0,178.0
-34.0,-60.0,-12.0,178.0
-32.0,-60.0,-12.0,178.0
-30.0,-60.0,-12.0,178.0
-28.0,-60.0,-12.0,178.0
-26.0,-60.0,-12.0,178.0
-24.0,-60.0,-12.0,579.0
-22.0,-60.0,-12.0,579.0
-20.0,-60.0,-12.0,579.0
-18.0,-60.0,-12.0,371.0
-16.0,-60.0,-12.0,371.0
16.0,-60.0,-12.0,451.0
18.0,-60.0,-12.0,451.0
20.0,-60.0,-12.0,451.0
22.0,-60.0,-12.0,451.0
24.0,-60.0,-12.0,451.0
26.0,-60.0,-12.0,451.0
28.0,-60.0,-12.0,451.0
30.0,-60.0,-12.0,451.0
32.0,-60.0,-12.0,476.0
34.0,-60.0,-12.0,476.0
36.0,-60.0,-12.0,476.0
38.0,-60.0,-12.0,476.0
40.0,-60.0,-12.0,476.0
42.0,-60.0,-12.0,476.0
44.0,-60.0,-12.0,476.0
46.0,-60.0,-12.0,476.0
48.0,-60.0,-12.0,350.0
50.0,-60.0,-12.0,350.0
52.0,-60.0,-12.0,350.0
54.0,-60.0,-12.0,11.0
56.0,-60.0,-12.0,11.0
58.0,-60.0,-12.0,11.0
60.0,-60.0,-12.0,11.0
62.0,-60.0,-12.0,11.0
-62.0,-58.0,-12.0,388.0
-60.0,-58.0,-12.0,388.0
-58.0,-58.0,-12.0,459.0
-56.0,-58.0,-12.0,459.0
-54.0,-58.0,-12.0,459.0
-52.0,-58.0,-12.0,459.0
-50.0,-58.0,-12.0,459.0
-48.0,-58.0,-12.0,459.0
-46.0,-58.0,-12.0,459.0
-44.0,-58.0,-12.0,459.0
-42.0,-58.0,-12.0,79.0
-40.0,-58.0,-12.0,79.0
-38.0,-58.0,-12.0,178.0
-30.0,-58.0,-12.0,178.0
-28.0,-58.0,-12.0,178.0
-26.0,-58.0,-12.0,547.0
-24.0,-58.0,-12.0,547.0
-22.0,-58.0,-12.0,547.0
-20.0,-58.0,-12.0,371.0
-18.0,-58.0,-12.0,371.0
-16.0,-58.0,-12.0,371.0
16.0,-58.0,-12.0,451.0
18.0,-58.0,-12.0,451.0
20.0,-58.0,-12.0,451.0
22.0,-58.0,-12.0,451.0
24.0,-58.0,-12.0,451.0
26.0,-58.0,-12.0,451.0
28.0,-58.0,-12.0,451.0
32.0,-58.0,-12.0,451.0
34.0,-58.0,-12.0,476.0
36.0,-58.0,-12.0,476.0
38.0,-58.0,-12.0,476.0
40.0,-58.0,-12.0,476.0
42.0,-58.0,-12.0,476.0
44.0,-58.0,-12.0,476.0
46.0,-58.0,-12.0,476.0
48.0,-58.0,-12.0,350.0
50.0,-58.0,-12.0,350.0
52.0,-58.0,-12.0,11.0
54.0,-58.0,-12.0,11.0
56.0,-58.0,-12.0,11.0
58.0,-58.0,-12.0,11.0
60.0,-58.0,-12.0,11.0
62.0,-58.0,-12.0,11.0
-64.0,-56.0,-12.0,535.0
-62.0,-56.0,-12.0,535.0
-60.0,-56.0,-12.0,459.0
-58.0,-56.0,-12.0,459.0
-56.0,-56.0,-12.0,459.0
-54.0,-56.0,-12.0,459.0
-52.0,-56.0,-12.0,459.0
-50.0,-56.0,-12.0,459.0
-48.0,-56.0,-12.0,459.0
-46.0,-56.0,-12.0,459.0
-44.0,-56.0,-12.0,459.0
-42.0,-56.0,-12.0,79.0
-40.0,-56.0,-12.0,79.0
-38.0,-56.0,-12.0,79.0
-36.0,-56.0,-12.0,178.0
-30.0,-56.0,-12.0,178.0
-28.0,-56.0,-12.0,547.0
-26.0,-56.0,-12.0,547.0
-24.0,-56.0,-12.0,547.0
-22.0,-56.0,-12.0,371.0
-20.0,-56.0,-12.0,371.0
-18.0,-56.0,-12.0,371.0
18.0,-56.0,-12.0,451.0
20.0,-56.0,-12.0,451.0
22.0,-56.0,-12.0,451.0
24.0,-56.0,-12.0,451.0
26.0,-56.0,-12.0,451.0
28.0,-56.0,-12.0,451.0
32.0,-56.0,-12.0,451.0
34.0,-56.0,-12.0,476.0
36.0,-56.0,-12.0,476.0
38.0,-56.0,-12.0,476.0
40.0,-56.0,-12.0,476.0
42.0,-56.0,-12.0,476.0
44.0,-56.0,-12.0,476.0
46.0,-56.0,-12.0,476.0
48.0,-56.0,-12.0,476.0
50.0,-56.0,-12.0,11.0
52.0,-56.0,-12.0,11.0
54.0,-56.0,-12.0,11.0
56.0,-56.0,-12.0,11.0
58.0,-56.0,-12.0,11.0
60.0,-56.0,-12.0,11.0
62.0,-56.0,-12.0,11.0
-64.0,-54.0,-12.0,535.0
-62.0,-54.0,-12.0,535.0
-60.0,-54.0,-12.0,459.0
-58.0,-54.0,-12.0,459.0
-56.0,-54.0,-12.0,459.0
-54.0,-54.0,-12.0,459.0
-52.0,-54.0,-12.0,459.0
-50.0,-54.0,-12.0,459.0
-48.0,-54.0,-12.0,459.0
-46.0,-54.0,-12.0,459.0
-44.0,-54.0,-12.0,459.0
-42.0,-54.0,-12.0,79.0
-40.0,-54.0,-12.0,79.0
-38.0,-54.0,-12.0,79.0
-36.0,-54.0,-12.0,79.0
-32.0,-54.0,-12.0,178.0
-30.0,-54.0,-12.0,547.0
-28.0,-54.0,-12.0,547.0
-26.0,-54.0,-12.0,547.0
-24.0,-54.0,-12.0,547.0
-22.0,-54.0,-12.0,371.0
-20.0,-54.0,-12.0,371.0
-18.0,-54.0,-12.0,371.0
16.0,-54.0,-12.0,451.0
18.0,-54.0,-12.0,451.0
20.0,-54.0,-12.0,451.0
22.0,-54.0,-12.0,451.0
24.0,-54.0,-12.0,451.0
26.0,-54.0,-12.0,451.0
28.0,-54.0,-12.0,451.0
34.0,-54.0,-12.0,451.0
36.0,-54.0,-12.0,476.0
38.0,-54.0,-12.0,476.0
40.0,-54.0,-12.0,476.0
42.0,-54.0,-12.0,476.0
44.0,-54.0,-12.0,476.0
46.0,-54.0,-12.0,476.0
48.0,-54.0,-12.0,476.0
50.0,-54.0,-12.0,11.0
52.0,-54.0,-12.0,11.0
54.0,-54.0,-12.0,11.0
56.0,-54.0,-12.0,11.0
58.0,-54.0,-12.0,11.0
60.0,-54.0,-12.0,11.0
62.0,-54.0,-12.0,11.0
64.0,-54.0,-12.0,11.0
-66.0,-52.0,-12.0,535.0
-64.0,-52.0,-12.0,535.0
-62.0,-52.0,-12.0,535.0
-60.0,-52.0,-12.0,535.0
-58.0,-52.0,-12.0,137.0
-56.0,-52.0,-12.0,459.0
-54.0,-52.0,-12.0,459.0
-52.0,-52.0,-12.0,459.0
-50.0,-52.0,-12.0,459.0
-48.0,-52.0,-12.0,459.0
-46.0,-52.0,-12.0,459.0
-44.0,-52.0,-12.0,459.0
-42.0,-52.0,-12.0,79.0
-40.0,-52.0,-12.0,79.0
-38.0,-52.0,-12.0,79.0
-30.0,-52.0,-12.0,547.0
-28.0,-52.0,-12.0,547.0
-26.0,-52.0,-12.0,547.0
-24.0,-52.0,-12.0,547.0
-22.0,-52.0,-12.0,371.0
-20.0,-52.0,-12.0,371.0
-18.0,-52.0,-12.0,371.0
16.0,-52.0,-12.0,451.0
18.0,-52.0,-12.0,451.0
20.0,-52.0,-12.0,451.0
22.0,-52.0,-12.0,451.0
24.0,-52.0,-12.0,451.0
26.0,-52.0,-12.0,451.0
28.0,-52.0,-12.0,451.0
38.0,-52.0,-12.0,316.0
40.0,-52.0,-12.0,316.0
42.0,-52.0,-12.0,316.0
44.0,-52.0,-12.0,316.0
46.0,-52.0,-12.0,316.0
48.0,-52.0,-12.0,336.0
50.0,-52.0,-12.0,11.0
52.0,-52.0,-12.0,11.0
54.0,-52.0,-12.0,11.0
56.0,-52.0,-12.0,11.0
58.0,-52.0,-12.0,11.0
60.0,-52.0,-12.0,11.0
62.0,-52.0,-12.0,11.0
64.0,-52.0,-12.0,11.0
66.0,-52.0,-12.0,11.0
-66.0,-50.0,-12.0,535.0
-64.0,-50.0,-12.0,535.0
-62.0,-50.0,-12.0,535.0
-60.0,-50.0,-12.0,535.0
-58.0,-50.0,-12.0,535.0
-56.0,-50.0,-12.0,507.0
-54.0,-50.0,-12.0,507.0
-52.0,-50.0,-12.0,507.0
-50.0,-50.0,-12.0,507.0
-48.0,-50.0,-12.0,507.0
-46.0,-50.0,-12.0,507.0
-44.0,-50.0,-12.0,507.0
-42.0,-50.0,-12.0,507.0
-40.0,-50.0,-12.0,507.0
-26.0,-50.0,-12.0,547.0
-24.0,-50.0,-12.0,371.0
-22.0,-50.0,-12.0,371.0
-20.0,-50.0,-12.0,371.0
-18.0,-50.0,-12.0,371.0
16.0,-50.0,-12.0,451.0
18.0,-50.0,-12.0,451.0
20.0,-50.0,-12.0,451.0
22.0,-50.0,-12.0,451.0
24.0,-50.0,-12.0,451.0
26.0,-50.0,-12.0,451.0
36.0,-50.0,-12.0,316.0
38.0,-50.0,-12.0,316.0
40.0,-50.0,-12.0,316.0
42.0,-50.0,-12.0,316.0
44.0,-50.0,-12.0,316.0
46.0,-50.0,-12.0,336.0
48.0,-50.0,-12.0,336.0
50.0,-50.0,-12.0,336.0
52.0,-50.0,-12.0,11.0
54.0,-50.0,-12.0,11.0
56.0,-50.0,-12.0,11.0
58.0,-50.0,-12.0,11.0
60.0,-50.0,-12.0,11.0
62.0,-50.0,-12.0,11.0
64.0,-50.0,-12.0,11.0
66.0,-50.0,-12.0,11.0
-66.0,-48.0,-12.0,535.0
-64.0,-48.0,-12.0,535.0
-62.0,-48.0,-12.0,535.0
-60.0,-48.0,-12.0,535.0
-58.0,-48.0,-12.0,535.0
-56.0,-48.0,-12.0,507.0
-54.0,-48.0,-12.0,507.0
-52.0,-48.0,-12.0,507.0
-50.0,-48.0,-12.0,507.0
-48.0,-48.0,-12.0,507.0
-46.0,-48.0,-12.0,507.0
-44.0,-48.0,-12.0,507.0
-42.0,-48.0,-12.0,507.0
-26.0,-48.0,-12.0,547.0
-24.0,-48.0,-12.0,371.0
-22.0,-48.0,-12.0,371.0
-20.0,-48.0,-12.0,371.0
-18.0,-48.0,-12.0,371.0
16.0,-48.0,-12.0,451.0
18.0,-48.0,-12.0,451.0
20.0,-48.0,-12.0,451.0
22.0,-48.0,-12.0,451.0
24.0,-48.0,-12.0,451.0
36.0,-48.0,-12.0,273.0
38.0,-48.0,-12.0,273.0
40.0,-48.0,-12.0,273.0
42.0,-48.0,-12.0,273.0
44.0,-48.0,-12.0,336.0
46.0,-48.0,-12.0,336.0
48.0,-48.0,-12.0,336.0
50.0,-48.0,-12.0,336.0
52.0,-48.0,-12.0,336.0
54.0,-48.0,-12.0,11.0
56.0,-48.0,-12.0,11.0
58.0,-48.0,-12.0,11.0
60.0,-48.0,-12.0,11.0
62.0,-48.0,-12.0,11.0
64.0,-48.0,-12.0,11.0
66.0,-48.0,-12.0,11.0
-68.0,-46.0,-12.0,535.0
-66.0,-46.0,-12.0,535.0
-64.0,-46.0,-12.0,535.0
-62.0,-46.0,-12.0,535.0
-60.0,-46.0,-12.0,535.0
-58.0,-46.0,-12.0,535.0
-56.0,-46.0,-12.0,507.0
-54.0,-46.0,-12.0,507.0
-52.0,-46.0,-12.0,507.0
-50.0,-46.0,-12.0,507.0
-48.0,-46.0,-12.0,507.0
-46.0,-46.0,-12.0,507.0
-44.0,-46.0,-12.0,507.0
-42.0,-46.0,-12.0,507.0
-26.0,-46.0,-12.0,547.0
-24.0,-46.0,-12.0,371.0
-22.0,-46.0,-12.0,371.0
-20.0,-46.0,-12.0,371.0
-18.0,-46.0,-12.0,371.0
16.0,-46.0,-12.0,513.0
18.0,-46.0,-12.0,513.0
20.0,-46.0,-12.0,451.0
22.0,-46.0,-12.0,451.0
40.0,-46.0,-12.0,273.0
42.0,-46.0,-12.0,273.0
44.0,-46.0,-12.0,336.0
46.0,-46.0,-12.0,336.0
48.0,-46.0,-12.0,336.0
50.0,-46.0,-12.0,336.0
52.0,-46.0,-12.0,336.0
54.0,-46.0,-12.0,11.0
56.0,-46.0,-12.0,11.0
58.0,-46.0,-12.0,11.0
60.0,-46.0,-12.0,11.0
62.0,-46.0,-12.0,11.0
64.0,-46.0,-12.0,11.0
66.0,-46.0,-12.0,11.0
-68.0,-44.0,-12.0,535.0
-66.0,-44.0,-12.0,535.0
-64.0,-44.0,-12.0,535.0
-62.0,-44.0,-12.0,535.0
-60.0,-44.0,-12.0,535.0
-58.0,-44.0,-12.0,535.0
-56.0,-44.0,-12.0,535.0
-54.0,-44.0,-12.0,507.0
-52.0,-44.0,-12.0,507.0
-50.0,-44.0,-12.0,507.0
-48.0,-44.0,-12.0,507.0
-46.0,-44.0,-12.0,507.0
-44.0,-44.0,-12.0,507.0
-42.0,-44.0,-12.0,507.0
-32.0,-44.0,-12.0,492.0
-30.0,-44.0,-12.0,492.0
-28.0,-44.0,-12.0,547.0
-26.0,-44.0,-12.0,371.0
-24.0,-44.0,-12.0,371.0
-22.0,-44.0,-12.0,371.0
-20.0,-44.0,-12.0,371.0
-18.0,-44.0,-12.0,371.0
-16.0,-44.0,-12.0,371.0
16.0,-44.0,-12.0,513.0
18.0,-44.0,-12.0,513.0
20.0,-44.0,-12.0,513.0
22.0,-44.0,-12.0,513.0
26.0,-44.0,-12.0,451.0
28.0,-44.0,-12.0,451.0
30.0,-44.0,-12.0,273.0
32.0,-44.0,-12.0,273.0
40.0,-44.0,-12.0,273.0
42.0,-44.0,-12.0,273.0
44.0,-44.0,-12.0,273.0
46.0,-44.0,-12.0,336.0
48.0,-44.0,-12.0,336.0
50.0,-44.0,-12.0,336.0
52.0,-44.0,-12.0,336.0
54.0,-44.0,-12.0,336.0
56.0,-44.0,-12.0,11.0
58.0,-44.0,-12.0,11.0
60.0,-44.0,-12.0,11.0
62.0,-44.0,-12.0,11.0
64.0,-44.0,-12.0,11.0
66.0,-44.0,-12.0,11.0
68.0,-44.0,-12.0,11.0
-68.0,-42.0,-12.0,535.0
-66.0,-42.0,-12.0,535.0
-64.0,-42.0,-12.0,535.0
-62.0,-42.0,-12.0,535.0
-60.0,-42.0,-12.0,535.0
-58.0,-42.0,-12.0,535.0
-56.0,-42.0,-12.0,535.0
-54.0,-42.0,-12.0,507.0
-52.0,-42.0,-12.0,507.0
-50.0,-42.0,-12.0,507.0
-48.0,-42.0,-12.0,507.0
-46.0,-42.0,-12.0,507.0
-44.0,-42.0,-12.0,507.0
-42.0,-42.0,-12.0,507.0
-34.0,-42.0,-12.0,492.0
-32.0,-42.0,-12.0,492.0
-30.0,-42.0,-12.0,492.0
-28.0,-42.0,-12.0,492.0
-26.0,-42.0,-12.0,492.0
-24.0,-42.0,-12.0,492.0
-22.0,-42.0,-12.0,371.0
-20.0,-42.0,-12.0,371.0
-18.0,-42.0,-12.0,371.0
-16.0,-42.0,-12.0,371.0
14.0,-42.0,-12.0,513.0
16.0,-42.0,-12.0,513.0
18.0,-42.0,-12.0,513.0
20.0,-42.0,-12.0,513.0
22.0,-42.0,-12.0,513.0
26.0,-42.0,-12.0,513.0
28.0,-42.0,-12.0,513.0
30.0,-42.0,-12.0,273.0
32.0,-42.0,-12.0,273.0
34.0,-42.0,-12.0,273.0
40.0,-42.0,-12.0,273.0
42.0,-42.0,-12.0,273.0
44.0,-42.0,-12.0,273.0
46.0,-42.0,-12.0,273.0
48.0,-42.0,-12.0,336.0
50.0,-42.0,-12.0,336.0
52.0,-42.0,-12.0,269.0
54.0,-42.0,-12.0,269.0
56.0,-42.0,-12.0,269.0
58.0,-42.0,-12.0,269.0
60.0,-42.0,-12.0,11.0
62.0,-42.0,-12.0,11.0
64.0,-42.0,-12.0,11.0
66.0,-42.0,-12.0,11.0
68.0,-42.0,-12.0,11.0
-68.0,-40.0,-12.0,535.0
-66.0,-40.0,-12.0,535.0
-64.0,-40.0,-12.0,535.0
-62.0,-40.0,-12.0,535.0
-60.0,-40.0,-12.0,535.0
-58.0,-40.0,-12.0,535.0
-56.0,-40.0,-12.0,535.0
-54.0,-40.0,-12.0,507.0
-52.0,-40.0,-12.0,507.0
-50.0,-40.0,-12.0,507.0
-48.0,-40.0,-12.0,507.0
-46.0,-40.0,-12.0,507.0
-44.0,-40.0,-12.0,507.0
-34.0,-40.0,-12.0,492.0
-32.0,-40.0,-12.0,492.0
-30.0,-40.0,-12.0,492.0
-28.0,-40.0,-12.0,492.0
-26.0,-40.0,-12.0,492.0
-24.0,-40.0,-12.0,492.0
-22.0,-40.0,-12.0,492.0
-20.0,-40.0,-12.0,492.0
-18.0,-40.0,-12.0,371.0
-16.0,-40.0,-12.0,371.0
14.0,-40.0,-12.0,513.0
16.0,-40.0,-12.0,513.0
18.0,-40.0,-12.0,513.0
20.0,-40.0,-12.0,513.0
26.0,-40.0,-12.0,513.0
28.0,-40.0,-12.0,273.0
30.0,-40.0,-12.0,273.0
32.0,-40.0,-12.0,273.0
34.0,-40.0,-12.0,273.0
42.0,-40.0,-12.0,273.0
44.0,-40.0,-12.0,273.0
46.0,-40.0,-12.0,273.0
48.0,-40.0,-12.0,269.0
52.0,-40.0,-12.0,269.0
54.0,-40.0,-12.0,269.0
56.0,-40.0,-12.0,269.0
58.0,-40.0,-12.0,269.0
60.0,-40.0,-12.0,269.0
62.0,-40.0,-12.0,11.0
64.0,-40.0,-12.0,11.0
66.0,-40.0,-12.0,11.0
68.0,-40.0,-12.0,11.0
-70.0,-38.0,-12.0,535.0
-68.0,-38.0,-12.0,535.0
-66.0,-38.0,-12.0,535.0
-64.0,-38.0,-12.0,535.0
-62.0,-38.0,-12.0,535.0
-60.0,-38.0,-12.0,535.0
-58.0,-38.0,-12.0,535.0
-56.0,-38.0,-12.0,535.0
-54.0,-38.0,-12.0,535.0
-52.0,-38.0,-12.0,507.0
-50.0,-38.0,-12.0,507.0
-48.0,-38.0,-12.0,507.0
-34.0,-38.0,-12.0,492.0
-32.0,-38.0,-12.0,492.0
-30.0,-38.0,-12.0,492.0
-28.0,-38.0,-12.0,492.0
-26.0,-38.0,-12.0,492.0
18.0,-38.0,-12.0,513.0
52.0,-38.0,-12.0,269.0
54.0,-38.0,-12.0,269.0
56.0,-38.0,-12.0,269.0
58.0,-38.0,-12.0,269.0
60.0,-38.0,-12.0,436.0
62.0,-38.0,-12.0,436.0
64.0,-38.0,-12.0,436.0
66.0,-38.0,-12.0,26.0
68.0,-38.0,-12.0,26.0
-70.0,-36.0,-12.0,535.0
-68.0,-36.0,-12.0,535.0
-66.0,-36.0,-12.0,535.0
-64.0,-36.0,-12.0,38.0
-62.0,-36.0,-12.0,38.0
-60.0,-36.0,-12.0,38.0
-58.0,-36.0,-12.0,38.0
-56.0,-36.0,-12.0,38.0
-54.0,-36.0,-12.0,38.0
-34.0,-36.0,-12.0,492.0
-32.0,-36.0,-12.0,492.0
-30.0,-36.0,-12.0,492.0
-28.0,-36.0,-12.0,492.0
-26.0,-36.0,-12.0,492.0
52.0,-36.0,-12.0,269.0
54.0,-36.0,-12.0,269.0
56.0,-36.0,-12.0,436.0
58.0,-36.0,-12.0,436.0
60.0,-36.0,-12.0,436.0
62.0,-36.0,-12.0,436.0
64.0,-36.0,-12.0,436.0
66.0,-36.0,-12.0,26.0
68.0,-36.0,-12.0,26.0
-70.0,-34.0,-12.0,38.0
-68.0,-34.0,-12.0,38.0
-66.0,-34.0,-12.0,38.0
-64.0,-34.0,-12.0,38.0
-62.0,-34.0,-12.0,38.0
-60.0,-34.0,-12.0,38.0
-58.0,-34.0,-12.0,38.0
-56.0,-34.0,-12.0,38.0
-54.0,-34.0,-12.0,38.0
-36.0,-34.0,-12.0,490.0
-34.0,-34.0,-12.0,492.0
-32.0,-34.0,-12.0,492.0
-30.0,-34.0,-12.0,492.0
-28.0,-34.0,-12.0,492.0
-26.0,-34.0,-12.0,492.0
14.0,-34.0,-12.0,513.0
16.0,-34.0,-12.0,513.0
54.0,-34.0,-12.0,436.0
56.0,-34.0,-12.0,436.0
58.0,-34.0,-12.0,436.0
60.0,-34.0,-12.0,436.0
62.0,-34.0,-12.0,436.0
64.0,-34.0,-12.0,436.0
66.0,-34.0,-12.0,26.0
68.0,-34.0,-12.0,26.0
-70.0,-32.0,-12.0,38.0
-68.0,-32.0,-12.0,38.0
-66.0,-32.0,-12.0,38.0
-64.0,-32.0,-12.0,38.0
-62.0,-32.0,-12.0,38.0
-60.0,-32.0,-12.0,38.0
-58.0,-32.0,-12.0,38.0
-56.0,-32.0,-12.0,38.0
-36.0,-32.0,-12.0,490.0
-34.0,-32.0,-12.0,490.0
-32.0,-32.0,-12.0,492.0
-30.0,-32.0,-12.0,492.0
-28.0,-32.0,-12.0,492.0
14.0,-32.0,-12.0,513.0
16.0,-32.0,-12.0,513.0
54.0,-32.0,-12.0,436.0
56.0,-32.0,-12.0,436.0
58.0,-32.0,-12.0,436.0
60.0,-32.0,-12.0,436.0
62.0,-32.0,-12.0,436.0
64.0,-32.0,-12.0,436.0
66.0,-32.0,-12.0,26.0
68.0,-32.0,-12.0,26.0
-70.0,-30.0,-12.0,38.0
-68.0,-30.0,-12.0,38.0
-66.0,-30.0,-12.0,38.0
-64.0,-30.0,-12.0,38.0
-62.0,-30.0,-12.0,38.0
-60.0,-30.0,-12.0,38.0
-58.0,-30.0,-12.0,38.0
-56.0,-30.0,-12.0,38.0
-36.0,-30.0,-12.0,490.0
-34.0,-30.0,-12.0,490.0
-32.0,-30.0,-12.0,492.0
-30.0,-30.0,-12.0,492.0
-28.0,-30.0,-12.0,492.0
16.0,-30.0,-12.0,513.0
26.0,-30.0,-12.0,273.0
28.0,-30.0,-12.0,273.0
30.0,-30.0,-12.0,273.0
32.0,-30.0,-12.0,273.0
54.0,-30.0,-12.0,436.0
56.0,-30.0,-12.0,436.0
58.0,-30.0,-12.0,436.0
60.0,-30.0,-12.0,436.0
62.0,-30.0,-12.0,436.0
64.0,-30.0,-12.0,436.0
66.0,-30.0,-12.0,26.0
68.0,-30.0,-12.0,26.0
70.0,-30.0,-12.0,26.0
-70.0,-28.0,-12.0,417.0
-68.0,-28.0,-12.0,38.0
-66.0,-28.0,-12.0,38.0
-64.0,-28.0,-12.0,38.0
-62.0,-28.0,-12.0,38.0
-60.0,-28.0,-12.0,38.0
-58.0,-28.0,-12.0,38.0
-56.0,-28.0,-12.0,38.0
-36.0,-28.0,-12.0,490.0
-34.0,-28.0,-12.0,490.0
-32.0,-28.0,-12.0,492.0
-30.0,-28.0,-12.0,492.0
-28.0,-28.0,-12.0,492.0
-26.0,-28.0,-12.0,492.0
22.0,-28.0,-12.0,430.0
24.0,-28.0,-12.0,430.0
26.0,-28.0,-12.0,430.0
28.0,-28.0,-12.0,430.0
30.0,-28.0,-12.0,430.0
32.0,-28.0,-12.0,430.0
34.0,-28.0,-12.0,430.0
54.0,-28.0,-12.0,436.0
56.0,-28.0,-12.0,436.0
58.0,-28.0,-12.0,436.0
60.0,-28.0,-12.0,436.0
62.0,-28.0,-12.0,436.0
64.0,-28.0,-12.0,436.0
66.0,-28.0,-12.0,26.0
68.0,-28.0,-12.0,26.0
70.0,-28.0,-12.0,26.0
-70.0,-26.0,-12.0,417.0
-68.0,-26.0,-12.0,417.0
-66.0,-26.0,-12.0,417.0
-64.0,-26.0,-12.0,417.0
-62.0,-26.0,-12.0,417.0
-60.0,-26.0,-12.0,38.0
-58.0,-26.0,-12.0,38.0
-38.0,-26.0,-12.0,490.0
-36.0,-26.0,-12.0,490.0
-34.0,-26.0,-12.0,490.0
-32.0,-26.0,-12.0,490.0
-30.0,-26.0,-12.0,492.0
-28.0,-26.0,-12.0,492.0
-26.0,-26.0,-12.0,492.0
-24.0,-26.0,-12.0,492.0
22.0,-26.0,-12.0,430.0
24.0,-26.0,-12.0,430.0
26.0,-26.0,-12.0,430.0
28.0,-26.0,-12.0,430.0
30.0,-26.0,-12.0,430.0
32.0,-26.0,-12.0,430.0
34.0,-26.0,-12.0,430.0
36.0,-26.0,-12.0,430.0
54.0,-26.0,-12.0,436.0
56.0,-26.0,-12.0,436.0
58.0,-26.0,-12.0,436.0
60.0,-26.0,-12.0,436.0
62.0,-26.0,-12.0,436.0
64.0,-26.0,-12.0,436.0
66.0,-26.0,-12.0,26.0
68.0,-26.0,-12.0,26.0
70.0,-26.0,-12.0,26.0
-70.0,-24.0,-12.0,417.0
-68.0,-24.0,-12.0,417.0
-66.0,-24.0,-12.0,417.0
-64.0,-24.0,-12.0,417.0
-62.0,-24.0,-12.0,417.0
-60.0,-24.0,-12.0,417.0
-58.0,-24.0,-12.0,417.0
-56.0,-24.0,-12.0,417.0
-54.0,-24.0,-12.0,417.0
-38.0,-24.0,-12.0,490.0
-36.0,-24.0,-12.0,490.0
-34.0,-24.0,-12.0,490.0
-32.0,-24.0,-12.0,490.0
-30.0,-24.0,-12.0,492.0
-28.0,-24.0,-12.0,492.0
-26.0,-24.0,-12.0,492.0
-24.0,-24.0,-12.0,492.0
24.0,-24.0,-12.0,430.0
26.0,-24.0,-12.0,430.0
28.0,-24.0,-12.0,430.0
30.0,-24.0,-12.0,430.0
32.0,-24.0,-12.0,430.0
34.0,-24.0,-12.0,430.0
36.0,-24.0,-12.0,430.0
48.0,-24.0,-12.0,321.0
50.0,-24.0,-12.0,436.0
52.0,-24.0,-12.0,436.0
54.0,-24.0,-12.0,436.0
56.0,-24.0,-12.0,436.0
58.0,-24.0,-12.0,436.0
60.0,-24.0,-12.0,436.0
62.0,-24.0,-12.0,436.0
64.0,-24.0,-12.0,436.0
66.0,-24.0,-12.0,26.0
68.0,-24.0,-12.0,26.0
70.0,-24.0,-12.0,26.0
-70.0,-22.0,-12.0,417.0
-68.0,-22.0,-12.0,417.0
-66.0,-22.0,-12.0,417.0
-64.0,-22.0,-12.0,417.0
-62.0,-22.0,-12.0,417.0
-60.0,-22.0,-12.0,417.0
-58.0,-22.0,-12.0,417.0
-56.0,-22.0,-12.0,417.0
-54.0,-22.0,-12.0,417.0
-52.0,-22.0,-12.0,417.0
-50.0,-22.0,-12.0,558.0
-48.0,-22.0,-12.0,558.0
-38.0,-22.0,-12.0,490.0
-36.0,-22.0,-12.0,490.0
-34.0,-22.0,-12.0,490.0
-32.0,-22.0,-12.0,490.0
-30.0,-22.0,-12.0,490.0
-28.0,-22.0,-12.0,492.0
-26.0,-22.0,-12.0,492.0
-24.0,-22.0,-12.0,492.0
26.0,-22.0,-12.0,430.0
28.0,-22.0,-12.0,430.0
30.0,-22.0,-12.0,430.0
32.0,-22.0,-12.0,430.0
34.0,-22.0,-12.0,430.0
36.0,-22.0,-12.0,430.0
48.0,-22.0,-12.0,321.0
50.0,-22.0,-12.0,321.0
52.0,-22.0,-12.0,436.0
54.0,-22.0,-12.0,436.0
56.0,-22.0,-12.0,436.0
58.0,-22.0,-12.0,436.0
60.0,-22.0,-12.0,436.0
62.0,-22.0,-12.0,436.0
64.0,-22.0,-12.0,436.0
66.0,-22.0,-12.0,26.0
68.0,-22.0,-12.0,26.0
70.0,-22.0,-12.0,26.0
-70.0,-20.0,-12.0,417.0
-68.0,-20.0,-12.0,417.0
-66.0,-20.0,-12.0,417.0
-64.0,-20.0,-12.0,417.0
-62.0,-20.0,-12.0,417.0
-60.0,-20.0,-12.0,417.0
-58.0,-20.0,-12.0,417.0
-56.0,-20.0,-12.0,417.0
-54.0,-20.0,-12.0,417.0
-52.0,-20.0,-12.0,417.0
-50.0,-20.0,-12.0,558.0
-48.0,-20.0,-12.0,558.0
-46.0,-20.0,-12.0,490.0
-38.0,-20.0,-12.0,490.0
-36.0,-20.0,-12.0,490.0
-34.0,-20.0,-12.0,490.0
-32.0,-20.0,-12.0,490.0
-30.0,-20.0,-12.0,490.0
-28.0,-20.0,-12.0,492.0
-26.0,-20.0,-12.0,492.0
28.0,-20.0,-12.0,430.0
30.0,-20.0,-12.0,430.0
32.0,-20.0,-12.0,430.0
34.0,-20.0,-12.0,430.0
36.0,-20.0,-12.0,430.0
46.0,-20.0,-12.0,321.0
48.0,-20.0,-12.0,321.0
50.0,-20.0,-12.0,321.0
52.0,-20.0,-12.0,436.0
54.0,-20.0,-12.0,436.0
56.0,-20.0,-12.0,436.0
58.0,-20.0,-12.0,436.0
60.0,-20.0,-12.0,436.0
62.0,-20.0,-12.0,436.0
64.0,-20.0,-12.0,436.0
66.0,-20.0,-12.0,26.0
68.0,-20.0,-12.0,26.0
70.0,-20.0,-12.0,26.0
-70.0,-18.0,-12.0,417.0
-68.0,-18.0,-12.0,417.0
-66.0,-18.0,-12.0,417.0
-64.0,-18.0,-12.0,417.0
-62.0,-18.0,-12.0,417.0
-60.0,-18.0,-12.0,417.0
-58.0,-18.0,-12.0,417.0
-56.0,-18.0,-12.0,417.0
-54.0,-18.0,-12.0,417.0
-52.0,-18.0,-12.0,417.0
-50.0,-18.0,-12.0,558.0
-48.0,-18.0,-12.0,558.0
-46.0,-18.0,-12.0,558.0
-36.0,-18.0,-12.0,490.0
-34.0,-18.0,-12.0,490.0
-32.0,-18.0,-12.0,198.0
-30.0,-18.0,-12.0,198.0
28.0,-18.0,-12.0,430.0
30.0,-18.0,-12.0,430.0
32.0,-18.0,-12.0,430.0
34.0,-18.0,-12.0,430.0
36.0,-18.0,-12.0,430.0
46.0,-18.0,-12.0,321.0
48.0,-18.0,-12.0,321.0
50.0,-18.0,-12.0,321.0
52.0,-18.0,-12.0,321.0
54.0,-18.0,-12.0,436.0
56.0,-18.0,-12.0,436.0
58.0,-18.0,-12.0,436.0
60.0,-18.0,-12.0,436.0
62.0,-18.0,-12.0,436.0
64.0,-18.0,-12.0,70.0
66.0,-18.0,-12.0,70.0
68.0,-18.0,-12.0,70.0
-70.0,-16.0,-12.0,417.0
-68.0,-16.0,-12.0,417.0
-66.0,-16.0,-12.0,417.0
-64.0,-16.0,-12.0,417.0
-62.0,-16.0,-12.0,417.0
-60.0,-16.0,-12.0,417.0
-58.0,-16.0,-12.0,417.0
-56.0,-16.0,-12.0,417.0
-54.0,-16.0,-12.0,417.0
-52.0,-16.0,-12.0,564.0
-50.0,-16.0,-12.0,558.0
-48.0,-16.0,-12.0,558.0
-46.0,-16.0,-12.0,558.0
-34.0,-16.0,-12.0,198.0
-32.0,-16.0,-12.0,198.0
-30.0,-16.0,-12.0,198.0
28.0,-16.0,-12.0,430.0
30.0,-16.0,-12.0,430.0
32.0,-16.0,-12.0,430.0
46.0,-16.0,-12.0,321.0
48.0,-16.0,-12.0,321.0
50.0,-16.0,-12.0,321.0
52.0,-16.0,-12.0,321.0
54.0,-16.0,-12.0,463.0
56.0,-16.0,-12.0,436.0
58.0,-16.0,-12.0,436.0
60.0,-16.0,-12.0,70.0
62.0,-16.0,-12.0,70.0
64.0,-16.0,-12.0,70.0
66.0,-16.0,-12.0,70.0
68.0,-16.0,-12.0,70.0
-70.0,-14.0,-12.0,417.0
-68.0,-14.0,-12.0,417.0
-66.0,-14.0,-12.0,417.0
-64.0,-14.0,-12.0,417.0
-62.0,-14.0,-12.0,417.0
-60.0,-14.0,-12.0,417.0
-58.0,-14.0,-12.0,417.0
-56.0,-14.0,-12.0,417.0
-54.0,-14.0,-12.0,564.0
-52.0,-14.0,-12.0,115.0
-50.0,-14.0,-12.0,115.0
-48.0,-14.0,-12.0,115.0
-46.0,-14.0,-12.0,115.0
-32.0,-14.0,-12.0,198.0
-30.0,-14.0,-12.0,198.0
-28.0,-14.0,-12.0,198.0
26.0,-14.0,-12.0,430.0
28.0,-14.0,-12.0,430.0
46.0,-14.0,-12.0,321.0
48.0,-14.0,-12.0,321.0
50.0,-14.0,-12.0,463.0
52.0,-14.0,-12.0,463.0
54.0,-14.0,-12.0,463.0
56.0,-14.0,-12.0,463.0
58.0,-14.0,-12.0,70.0
60.0,-14.0,-12.0,70.0
62.0,-14.0,-12.0,70.0
64.0,-14.0,-12.0,70.0
66.0,-14.0,-12.0,70.0
68.0,-14.0,-12.0,70.0
-70.0,-12.0,-12.0,417.0
-68.0,-12.0,-12.0,417.0
-66.0,-12.0,-12.0,417.0
-64.0,-12.0,-12.0,417.0
-62.0,-12.0,-12.0,417.0
-60.0,-12.0,-12.0,417.0
-58.0,-12.0,-12.0,564.0
-56.0,-12.0,-12.0,115.0
-54.0,-12.0,-12.0,115.0
-52.0,-12.0,-12.0,115.0
-50.0,-12.0,-12.0,115.0
-48.0,-12.0,-12.0,115.0
-46.0,-12.0,-12.0,115.0
-30.0,-12.0,-12.0,198.0
-28.0,-12.0,-12.0,198.0
24.0,-12.0,-12.0,430.0
26.0,-12.0,-12.0,430.0
28.0,-12.0,-12.0,430.0
40.0,-12.0,-12.0,457.0
42.0,-12.0,-12.0,321.0
44.0,-12.0,-12.0,321.0
46.0,-12.0,-12.0,321.0
48.0,-12.0,-12.0,463.0
50.0,-12.0,-12.0,463.0
52.0,-12.0,-12.0,463.0
54.0,-12.0,-12.0,463.0
56.0,-12.0,-12.0,463.0
58.0,-12.0,-12.0,70.0
60.0,-12.0,-12.0,70.0
62.0,-12.0,-12.0,70.0
64.0,-12.0,-12.0,70.0
66.0,-12.0,-12.0,70.0
68.0,-12.0,-12.0,70.0
-68.0,-10.0,-12.0,417.0
-66.0,-10.0,-12.0,417.0
-64.0,-10.0,-12.0,13.0
-62.0,-10.0,-12.0,564.0
-60.0,-10.0,-12.0,115.0
-58.0,-10.0,-12.0,115.0
-56.0,-10.0,-12.0,115.0
-54.0,-10.0,-12.0,115.0
-52.0,-10.0,-12.0,115.0
-50.0,-10.0,-12.0,115.0
-48.0,-10.0,-12.0,115.0
-46.0,-10.0,-12.0,115.0
-44.0,-10.0,-12.0,115.0
38.0,-10.0,-12.0,457.0
40.0,-10.0,-12.0,457.0
42.0,-10.0,-12.0,457.0
44.0,-10.0,-12.0,463.0
46.0,-10.0,-12.0,463.0
48.0,-10.0,-12.0,463.0
50.0,-10.0,-12.0,463.0
52.0,-10.0,-12.0,463.0
54.0,-10.0,-12.0,463.0
56.0,-10.0,-12.0,463.0
58.0,-10.0,-12.0,70.0
60.0,-10.0,-12.0,70.0
62.0,-10.0,-12.0,70.0
64.0,-10.0,-12.0,70.0
66.0,-10.0,-12.0,70.0
68.0,-10.0,-12.0,70.0
-68.0,-8.0,-12.0,397.0
-66.0,-8.0,-12.0,397.0
-64.0,-8.0,-12.0,397.0
-62.0,-8.0,-12.0,115.0
-60.0,-8.0,-12.0,115.0
-58.0,-8.0,-12.0,115.0
-56.0,-8.0,-12.0,115.0
-54.0,-8.0,-12.0,115.0
-52.0,-8.0,-12.0,115.0
-50.0,-8.0,-12.0,115.0
-48.0,-8.0,-12.0,115.0
-46.0,-8.0,-12.0,115.0
-44.0,-8.0,-12.0,115.0
-42.0,-8.0,-12.0,115.0
-40.0,-8.0,-12.0,198.0
38.0,-8.0,-12.0,457.0
40.0,-8.0,-12.0,457.0
42.0,-8.0,-12.0,457.0
44.0,-8.0,-12.0,463.0
46.0,-8.0,-12.0,463.0
48.0,-8.0,-12.0,463.0
50.0,-8.0,-12.0,463.0
52.0,-8.0,-12.0,463.0
54.0,-8.0,-12.0,463.0
56.0,-8.0,-12.0,456.0
58.0,-8.0,-12.0,70.0
60.0,-8.0,-12.0,70.0
62.0,-8.0,-12.0,70.0
64.0,-8.0,-12.0,70.0
66.0,-8.0,-12.0,70.0
-68.0,-6.0,-12.0,397.0
-66.0,-6.0,-12.0,397.0
-64.0,-6.0,-12.0,397.0
-62.0,-6.0,-12.0,397.0
-60.0,-6.0,-12.0,115.0
-58.0,-6.0,-12.0,115.0
-56.0,-6.0,-12.0,115.0
-54.0,-6.0,-12.0,115.0
-52.0,-6.0,-12.0,115.0
-50.0,-6.0,-12.0,115.0
-48.0,-6.0,-12.0,115.0
-46.0,-6.0,-12.0,115.0
-44.0,-6.0,-12.0,115.0
-42.0,-6.0,-12.0,115.0
-40.0,-6.0,-12.0,591.0
20.0,-6.0,-12.0,483.0
22.0,-6.0,-12.0,483.0
40.0,-6.0,-12.0,355.0
42.0,-6.0,-12.0,355.0
44.0,-6.0,-12.0,355.0
46.0,-6.0,-12.0,463.0
48.0,-6.0,-12.0,463.0
50.0,-6.0,-12.0,463.0
52.0,-6.0,-12.0,463.0
54.0,-6.0,-12.0,456.0
56.0,-6.0,-12.0,456.0
58.0,-6.0,-12.0,70.0
60.0,-6.0,-12.0,70.0
62.0,-6.0,-12.0,70.0
64.0,-6.0,-12.0,70.0
66.0,-6.0,-12.0,70.0
-66.0,-4.0,-12.0,397.0
-64.0,-4.0,-12.0,397.0
-62.0,-4.0,-12.0,397.0
-60.0,-4.0,-12.0,397.0
-58.0,-4.0,-12.0,115.0
-56.0,-4.0,-12.0,115.0
-54.0,-4.0,-12.0,115.0
-52.0,-4.0,-12.0,115.0
-50.0,-4.0,-12.0,115.0
-48.0,-4.0,-12.0,115.0
-46.0,-4.0,-12.0,115.0
-44.0,-4.0,-12.0,115.0
-42.0,-4.0,-12.0,115.0
-40.0,-4.0,-12.0,591.0
-38.0,-4.0,-12.0,591.0
-22.0,-4.0,-12.0,136.0
-20.0,-4.0,-12.0,396.0
20.0,-4.0,-12.0,483.0
22.0,-4.0,-12.0,590.0
24.0,-4.0,-12.0,590.0
42.0,-4.0,-12.0,355.0
44.0,-4.0,-12.0,355.0
46.0,-4.0,-12.0,355.0
48.0,-4.0,-12.0,463.0
50.0,-4.0,-12.0,463.0
52.0,-4.0,-12.0,456.0
54.0,-4.0,-12.0,456.0
56.0,-4.0,-12.0,456.0
58.0,-4.0,-12.0,456.0
60.0,-4.0,-12.0,70.0
62.0,-4.0,-12.0,70.0
64.0,-4.0,-12.0,70.0
-66.0,-2.0,-12.0,397.0
-64.0,-2.0,-12.0,397.0
-62.0,-2.0,-12.0,397.0
-60.0,-2.0,-12.0,397.0
-58.0,-2.0,-12.0,115.0
-56.0,-2.0,-12.0,115.0
-54.0,-2.0,-12.0,115.0
-52.0,-2.0,-12.0,115.0
-50.0,-2.0,-12.0,115.0
-48.0,-2.0,-12.0,115.0
-46.0,-2.0,-12.0,115.0
-44.0,-2.0,-12.0,115.0
-42.0,-2.0,-12.0,278.0
-40.0,-2.0,-12.0,278.0
-38.0,-2.0,-12.0,278.0
-26.0,-2.0,-12.0,136.0
-24.0,-2.0,-12.0,136.0
-22.0,-2.0,-12.0,136.0
-20.0,-2.0,-12.0,396.0
22.0,-2.0,-12.0,590.0
24.0,-2.0,-12.0,590.0
26.0,-2.0,-12.0,590.0
40.0,-2.0,-12.0,314.0
44.0,-2.0,-12.0,355.0
46.0,-2.0,-12.0,355.0
48.0,-2.0,-12.0,355.0
50.0,-2.0,-12.0,456.0
52.0,-2.0,-12.0,456.0
54.0,-2.0,-12.0,456.0
56.0,-2.0,-12.0,456.0
58.0,-2.0,-12.0,456.0
60.0,-2.0,-12.0,70.0
62.0,-2.0,-12.0,70.0
-64.0,-0.0,-12.0,397.0
-62.0,-0.0,-12.0,397.0
-60.0,-0.0,-12.0,397.0
-58.0,-0.0,-12.0,397.0
-56.0,-0.0,-12.0,115.0
-54.0,-0.0,-12.0,115.0
-52.0,-0.0,-12.0,115.0
-50.0,-0.0,-12.0,115.0
-48.0,-0.0,-12.0,115.0
-46.0,-0.0,-12.0,115.0
-44.0,-0.0,-12.0,278.0
-42.0,-0.0,-12.0,278.0
-40.0,-0.0,-12.0,278.0
-38.0,-0.0,-12.0,278.0
40.0,-0.0,-12.0,314.0
42.0,-0.0,-12.0,314.0
44.0,-0.0,-12.0,314.0
46.0,-0.0,-12.0,314.0
48.0,-0.0,-12.0,314.0
50.0,-0.0,-12.0,241.0
52.0,-0.0,-12.0,241.0
54.0,-0.0,-12.0,241.0
56.0,-0.0,-12.0,241.0
58.0,-0.0,-12.0,241.0
60.0,-0.0,-12.0,70.0
62.0,-0.0,-12.0,70.0
-62.0,2.0,-12.0,397.0
-60.0,2.0,-12.0,397.0
-58.0,2.0,-12.0,397.0
-56.0,2.0,-12.0,477.0
-54.0,2.0,-12.0,477.0
-52.0,2.0,-12.0,477.0
-50.0,2.0,-12.0,477.0
-48.0,2.0,-12.0,115.0
-46.0,2.0,-12.0,278.0
-44.0,2.0,-12.0,278.0
-42.0,2.0,-12.0,278.0
-40.0,2.0,-12.0,278.0
-38.0,2.0,-12.0,278.0
38.0,2.0,-12.0,314.0
40.0,2.0,-12.0,314.0
46.0,2.0,-12.0,314.0
48.0,2.0,-12.0,314.0
50.0,2.0,-12.0,241.0
52.0,2.0,-12.0,241.0
54.0,2.0,-12.0,241.0
56.0,2.0,-12.0,241.0
58.0,2.0,-12.0,241.0
60.0,2.0,-12.0,241.0
-62.0,4.0,-12.0,397.0
-60.0,4.0,-12.0,397.0
-58.0,4.0,-12.0,477.0
-56.0,4.0,-12.0,477.0
-54.0,4.0,-12.0,477.0
-52.0,4.0,-12.0,477.0
-50.0,4.0,-12.0,477.0
-48.0,4.0,-12.0,477.0
-46.0,4.0,-12.0,278.0
-42.0,4.0,-12.0,278.0
-40.0,4.0,-12.0,278.0
-38.0,4.0,-12.0,278.0
38.0,4.0,-12.0,314.0
40.0,4.0,-12.0,314.0
46.0,4.0,-12.0,314.0
48.0,4.0,-12.0,314.0
50.0,4.0,-12.0,241.0
52.0,4.0,-12.0,241.0
54.0,4.0,-12.0,241.0
56.0,4.0,-12.0,241.0
58.0,4.0,-12.0,241.0
60.0,4.0,-12.0,241.0
-60.0,6.0,-12.0,397.0
-58.0,6.0,-12.0,477.0
-56.0,6.0,-12.0,477.0
-54.0,6.0,-12.0,477.0
-52.0,6.0,-12.0,477.0
-50.0,6.0,-12.0,477.0
-48.0,6.0,-12.0,477.0
38.0,6.0,-12.0,314.0
40.0,6.0,-12.0,314.0
46.0,6.0,-12.0,314.0
48.0,6.0,-12.0,314.0
50.0,6.0,-12.0,241.0
52.0,6.0,-12.0,241.0
54.0,6.0,-12.0,241.0
56.0,6.0,-12.0,241.0
58.0,6.0,-12.0,241.0
-60.0,8.0,-12.0,477.0
-58.0,8.0,-12.0,477.0
-56.0,8.0,-12.0,477.0
-54.0,8.0,-12.0,477.0
-52.0,8.0,-12.0,477.0
-50.0,8.0,-12.0,477.0
-48.0,8.0,-12.0,522.0
16.0,8.0,-12.0,414.0
18.0,8.0,-12.0,414.0
20.0,8.0,-12.0,536.0
22.0,8.0,-12.0,536.0
24.0,8.0,-12.0,165.0
38.0,8.0,-12.0,314.0
40.0,8.0,-12.0,314.0
42.0,8.0,-12.0,314.0
46.0,8.0,-12.0,314.0
48.0,8.0,-12.0,314.0
50.0,8.0,-12.0,241.0
52.0,8.0,-12.0,241.0
54.0,8.0,-12.0,241.0
56.0,8.0,-12.0,241.0
58.0,8.0,-12.0,241.0
-60.0,10.0,-12.0,477.0
-58.0,10.0,-12.0,477.0
-56.0,10.0,-12.0,477.0
-54.0,10.0,-12.0,477.0
-52.0,10.0,-12.0,477.0
-50.0,10.0,-12.0,522.0
-48.0,10.0,-12.0,57.0
-24.0,10.0,-12.0,401.0
-22.0,10.0,-12.0,401.0
-20.0,10.0,-12.0,395.0
-18.0,10.0,-12.0,395.0
-16.0,10.0,-12.0,395.0
8.0,10.0,-12.0,414.0
10.0,10.0,-12.0,414.0
12.0,10.0,-12.0,414.0
14.0,10.0,-12.0,414.0
16.0,10.0,-12.0,414.0
18.0,10.0,-12.0,536.0
20.0,10.0,-12.0,536.0
22.0,10.0,-12.0,536.0
24.0,10.0,-12.0,536.0
36.0,10.0,-12.0,314.0
38.0,10.0,-12.0,314.0
40.0,10.0,-12.0,314.0
42.0,10.0,-12.0,314.0
46.0,10.0,-12.0,314.0
48.0,10.0,-12.0,314.0
50.0,10.0,-12.0,314.0
52.0,10.0,-12.0,241.0
54.0,10.0,-12.0,241.0
56.0,10.0,-12.0,241.0
58.0,10.0,-12.0,241.0
-58.0,12.0,-12.0,477.0
-56.0,12.0,-12.0,477.0
-54.0,12.0,-12.0,522.0
-52.0,12.0,-12.0,522.0
-50.0,12.0,-12.0,57.0
-48.0,12.0,-12.0,57.0
-40.0,12.0,-12.0,278.0
-38.0,12.0,-12.0,278.0
-36.0,12.0,-12.0,278.0
-24.0,12.0,-12.0,401.0
-22.0,12.0,-12.0,395.0
-20.0,12.0,-12.0,395.0
-18.0,12.0,-12.0,395.0
-16.0,12.0,-12.0,395.0
-14.0,12.0,-12.0,395.0
-12.0,12.0,-12.0,395.0
-10.0,12.0,-12.0,395.0
-8.0,12.0,-12.0,589.0
8.0,12.0,-12.0,414.0
10.0,12.0,-12.0,414.0
12.0,12.0,-12.0,414.0
14.0,12.0,-12.0,414.0
16.0,12.0,-12.0,414.0
18.0,12.0,-12.0,536.0
20.0,12.0,-12.0,536.0
22.0,12.0,-12.0,536.0
24.0,12.0,-12.0,536.0
34.0,12.0,-12.0,165.0
36.0,12.0,-12.0,314.0
38.0,12.0,-12.0,314.0
40.0,12.0,-12.0,314.0
42.0,12.0,-12.0,314.0
46.0,12.0,-12.0,314.0
48.0,12.0,-12.0,314.0
50.0,12.0,-12.0,429.0
52.0,12.0,-12.0,207.0
54.0,12.0,-12.0,241.0
56.0,12.0,-12.0,241.0
-58.0,14.0,-12.0,477.0
-56.0,14.0,-12.0,522.0
-54.0,14.0,-12.0,522.0
-52.0,14.0,-12.0,57.0
-50.0,14.0,-12.0,57.0
-48.0,14.0,-12.0,57.0
-42.0,14.0,-12.0,271.0
-40.0,14.0,-12.0,271.0
-38.0,14.0,-12.0,271.0
-36.0,14.0,-12.0,271.0
-34.0,14.0,-12.0,401.0
-24.0,14.0,-12.0,132.0
-22.0,14.0,-12.0,132.0
-20.0,14.0,-12.0,132.0
-18.0,14.0,-12.0,395.0
-16.0,14.0,-12.0,395.0
-14.0,14.0,-12.0,395.0
-12.0,14.0,-12.0,395.0
-10.0,14.0,-12.0,589.0
-8.0,14.0,-12.0,589.0
8.0,14.0,-12.0,560.0
10.0,14.0,-12.0,560.0
12.0,14.0,-12.0,414.0
14.0,14.0,-12.0,414.0
16.0,14.0,-12.0,414.0
18.0,14.0,-12.0,536.0
20.0,14.0,-12.0,536.0
22.0,14.0,-12.0,536.0
32.0,14.0,-12.0,165.0
34.0,14.0,-12.0,165.0
36.0,14.0,-12.0,314.0
38.0,14.0,-12.0,314.0
40.0,14.0,-12.0,314.0
42.0,14.0,-12.0,314.0
46.0,14.0,-12.0,429.0
48.0,14.0,-12.0,429.0
50.0,14.0,-12.0,429.0
52.0,14.0,-12.0,429.0
54.0,14.0,-12.0,207.0
56.0,14.0,-12.0,207.0
-56.0,16.0,-12.0,522.0
-54.0,16.0,-12.0,57.0
-52.0,16.0,-12.0,57.0
-50.0,16.0,-12.0,57.0
-48.0,16.0,-12.0,57.0
-42.0,16.0,-12.0,271.0
-40.0,16.0,-12.0,271.0
-38.0,16.0,-12.0,271.0
-36.0,16.0,-12.0,271.0
-34.0,16.0,-12.0,271.0
-32.0,16.0,-12.0,401.0
-22.0,16.0,-12.0,132.0
-20.0,16.0,-12.0,132.0
-18.0,16.0,-12.0,132.0
-16.0,16.0,-12.0,132.0
-14.0,16.0,-12.0,395.0
-12.0,16.0,-12.0,589.0
-10.0,16.0,-12.0,589.0
-8.0,16.0,-12.0,107.0
2.0,16.0,-12.0,560.0
4.0,16.0,-12.0,560.0
6.0,16.0,-12.0,560.0
8.0,16.0,-12.0,560.0
10.0,16.0,-12.0,560.0
12.0,16.0,-12.0,560.0
16.0,16.0,-12.0,560.0
18.0,16.0,-12.0,536.0
20.0,16.0,-12.0,536.0
32.0,16.0,-12.0,165.0
34.0,16.0,-12.0,165.0
36.0,16.0,-12.0,165.0
38.0,16.0,-12.0,314.0
40.0,16.0,-12.0,429.0
46.0,16.0,-12.0,429.0
48.0,16.0,-12.0,429.0
50.0,16.0,-12.0,429.0
52.0,16.0,-12.0,429.0
54.0,16.0,-12.0,429.0
-54.0,18.0,-12.0,57.0
-52.0,18.0,-12.0,57.0
-50.0,18.0,-12.0,57.0
-48.0,18.0,-12.0,57.0
-42.0,18.0,-12.0,271.0
-40.0,18.0,-12.0,271.0
-38.0,18.0,-12.0,271.0
-36.0,18.0,-12.0,271.0
-34.0,18.0,-12.0,271.0
-32.0,18.0,-12.0,271.0
-20.0,18.0,-12.0,132.0
-18.0,18.0,-12.0,132.0
-16.0,18.0,-12.0,132.0
-14.0,18.0,-12.0,132.0
-12.0,18.0,-12.0,589.0
-10.0,18.0,-12.0,107.0
-4.0,18.0,-12.0,107.0
2.0,18.0,-12.0,560.0
4.0,18.0,-12.0,560.0
6.0,18.0,-12.0,560.0
10.0,18.0,-12.0,560.0
12.0,18.0,-12.0,560.0
34.0,18.0,-12.0,165.0
36.0,18.0,-12.0,429.0
48.0,18.0,-12.0,429.0
50.0,18.0,-12.0,429.0
52.0,18.0,-12.0,429.0
-52.0,20.0,-12.0,57.0
-50.0,20.0,-12.0,57.0
-48.0,20.0,-12.0,271.0
-42.0,20.0,-12.0,271.0
-40.0,20.0,-12.0,271.0
-38.0,20.0,-12.0,271.0
-36.0,20.0,-12.0,271.0
-34.0,20.0,-12.0,271.0
-32.0,20.0,-12.0,53.0
-30.0,20.0,-12.0,53.0
-6.0,20.0,-12.0,107.0
-4.0,20.0,-12.0,107.0
-2.0,20.0,-12.0,107.0
0.0,20.0,-12.0,560.0
2.0,20.0,-12.0,560.0
4.0,20.0,-12.0,560.0
6.0,20.0,-12.0,560.0
8.0,20.0,-12.0,560.0
34.0,20.0,-12.0,536.0
36.0,20.0,-12.0,429.0
38.0,20.0,-12.0,429.0
40.0,20.0,-12.0,429.0
42.0,20.0,-12.0,429.0
44.0,20.0,-12.0,429.0
-52.0,22.0,-12.0,57.0
-48.0,22.0,-12.0,271.0
-46.0,22.0,-12.0,271.0
-44.0,22.0,-12.0,271.0
-42.0,22.0,-12.0,271.0
-40.0,22.0,-12.0,271.0
-38.0,22.0,-12.0,271.0
-36.0,22.0,-12.0,53.0
-34.0,22.0,-12.0,53.0
-32.0,22.0,-12.0,53.0
-30.0,22.0,-12.0,53.0
-28.0,22.0,-12.0,132.0
-26.0,22.0,-12.0,132.0
-6.0,22.0,-12.0,107.0
-4.0,22.0,-12.0,107.0
-2.0,22.0,-12.0,107.0
0.0,22.0,-12.0,479.0
2.0,22.0,-12.0,560.0
4.0,22.0,-12.0,560.0
6.0,22.0,-12.0,560.0
8.0,22.0,-12.0,560.0
28.0,22.0,-12.0,536.0
30.0,22.0,-12.0,16.0
32.0,22.0,-12.0,16.0
34.0,22.0,-12.0,16.0
36.0,22.0,-12.0,16.0
38.0,22.0,-12.0,429.0
40.0,22.0,-12.0,429.0
42.0,22.0,-12.0,429.0
44.0,22.0,-12.0,429.0
46.0,22.0,-12.0,429.0
48.0,22.0,-12.0,171.0
-48.0,24.0,-12.0,475.0
-46.0,24.0,-12.0,475.0
-44.0,24.0,-12.0,475.0
-42.0,24.0,-12.0,475.0
-40.0,24.0,-12.0,53.0
-38.0,24.0,-12.0,53.0
-36.0,24.0,-12.0,53.0
-34.0,24.0,-12.0,53.0
-32.0,24.0,-12.0,53.0
-30.0,24.0,-12.0,53.0
-28.0,24.0,-12.0,53.0
-26.0,24.0,-12.0,132.0
-24.0,24.0,-12.0,132.0
-6.0,24.0,-12.0,107.0
-4.0,24.0,-12.0,107.0
-2.0,24.0,-12.0,479.0
0.0,24.0,-12.0,479.0
2.0,24.0,-12.0,479.0
4.0,24.0,-12.0,560.0
6.0,24.0,-12.0,560.0
8.0,24.0,-12.0,560.0
26.0,24.0,-12.0,16.0
28.0,24.0,-12.0,16.0
30.0,24.0,-12.0,16.0
32.0,24.0,-12.0,16.0
34.0,24.0,-12.0,16.0
36.0,24.0,-12.0,16.0
38.0,24.0,-12.0,596.0
40.0,24.0,-12.0,596.0
42.0,24.0,-12.0,171.0
44.0,24.0,-12.0,171.0
46.0,24.0,-12.0,171.0
48.0,24.0,-12.0,171.0
50.0,24.0,-12.0,171.0
-50.0,26.0,-12.0,475.0
-48.0,26.0,-12.0,475.0
-46.0,26.0,-12.0,475.0
-44.0,26.0,-12.0,475.0
-42.0,26.0,-12.0,475.0
-40.0,26.0,-12.0,53.0
-38.0,26.0,-12.0,53.0
-36.0,26.0,-12.0,53.0
-34.0,26.0,-12.0,53.0
-32.0,26.0,-12.0,53.0
-30.0,26.0,-12.0,53.0
-28.0,26.0,-12.0,53.0
-26.0,26.0,-12.0,132.0
-6.0,26.0,-12.0,107.0
-4.0,26.0,-12.0,479.0
-2.0,26.0,-12.0,479.0
0.0,26.0,-12.0,479.0
2.0,26.0,-12.0,479.0
4.0,26.0,-12.0,479.0
6.0,26.0,-12.0,479.0
8.0,26.0,-12.0,560.0
26.0,26.0,-12.0,16.0
28.0,26.0,-12.0,16.0
30.0,26.0,-12.0,16.0
32.0,26.0,-12.0,16.0
34.0,26.0,-12.0,16.0
36.0,26.0,-12.0,596.0
38.0,26.0,-12.0,596.0
40.0,26.0,-12.0,596.0
42.0,26.0,-12.0,596.0
44.0,26.0,-12.0,171.0
46.0,26.0,-12.0,171.0
48.0,26.0,-12.0,171.0
50.0,26.0,-12.0,171.0
-50.0,28.0,-12.0,475.0
-48.0,28.0,-12.0,475.0
-46.0,28.0,-12.0,475.0
-44.0,28.0,-12.0,475.0
-42.0,28.0,-12.0,475.0
-40.0,28.0,-12.0,53.0
-38.0,28.0,-12.0,53.0
-36.0,28.0,-12.0,53.0
-34.0,28.0,-12.0,53.0
-32.0,28.0,-12.0,53.0
-30.0,28.0,-12.0,53.0
-28.0,28.0,-12.0,53.0
-26.0,28.0,-12.0,53.0
-8.0,28.0,-12.0,597.0
-6.0,28.0,-12.0,112.0
-4.0,28.0,-12.0,112.0
-2.0,28.0,-12.0,112.0
0.0,28.0,-12.0,479.0
2.0,28.0,-12.0,479.0
4.0,28.0,-12.0,479.0
6.0,28.0,-12.0,479.0
8.0,28.0,-12.0,252.0
10.0,28.0,-12.0,252.0
30.0,28.0,-12.0,16.0
32.0,28.0,-12.0,16.0
34.0,28.0,-12.0,16.0
36.0,28.0,-12.0,596.0
38.0,28.0,-12.0,596.0
40.0,28.0,-12.0,596.0
42.0,28.0,-12.0,596.0
44.0,28.0,-12.0,171.0
46.0,28.0,-12.0,171.0
48.0,28.0,-12.0,171.0
50.0,28.0,-12.0,171.0
-52.0,30.0,-12.0,538.0
-50.0,30.0,-12.0,475.0
-48.0,30.0,-12.0,475.0
-46.0,30.0,-12.0,475.0
-44.0,30.0,-12.0,475.0
-42.0,30.0,-12.0,475.0
-40.0,30.0,-12.0,53.0
-38.0,30.0,-12.0,53.0
-36.0,30.0,-12.0,53.0
-34.0,30.0,-12.0,53.0
-32.0,30.0,-12.0,53.0
-30.0,30.0,-12.0,53.0
-28.0,30.0,-12.0,53.0
-26.0,30.0,-12.0,53.0
-24.0,30.0,-12.0,597.0
-22.0,30.0,-12.0,597.0
-8.0,30.0,-12.0,112.0
-6.0,30.0,-12.0,112.0
-4.0,30.0,-12.0,112.0
-2.0,30.0,-12.0,112.0
0.0,30.0,-12.0,112.0
2.0,30.0,-12.0,112.0
4.0,30.0,-12.0,112.0
6.0,30.0,-12.0,252.0
8.0,30.0,-12.0,252.0
10.0,30.0,-12.0,252.0
24.0,30.0,-12.0,16.0
28.0,30.0,-12.0,16.0
30.0,30.0,-12.0,16.0
32.0,30.0,-12.0,16.0
38.0,30.0,-12.0,596.0
40.0,30.0,-12.0,596.0
42.0,30.0,-12.0,596.0
44.0,30.0,-12.0,171.0
46.0,30.0,-12.0,171.0
48.0,30.0,-12.0,171.0
50.0,30.0,-12.0,171.0
52.0,30.0,-12.0,171.0
-52.0,32.0,-12.0,538.0
-50.0,32.0,-12.0,538.0
-48.0,32.0,-12.0,475.0
-46.0,32.0,-12.0,475.0
-44.0,32.0,-12.0,475.0
-42.0,32.0,-12.0,475.0
-40.0,32.0,-12.0,53.0
-38.0,32.0,-12.0,53.0
-36.0,32.0,-12.0,53.0
-34.0,32.0,-12.0,53.0
-32.0,32.0,-12.0,53.0
-30.0,32.0,-12.0,53.0
-28.0,32.0,-12.0,53.0
-26.0,32.0,-12.0,53.0
-24.0,32.0,-12.0,597.0
-22.0,32.0,-12.0,597.0
-20.0,32.0,-12.0,597.0
-8.0,32.0,-12.0,112.0
-6.0,32.0,-12.0,112.0
-4.0,32.0,-12.0,112.0
-2.0,32.0,-12.0,112.0
0.0,32.0,-12.0,112.0
2.0,32.0,-12.0,112.0
4.0,32.0,-12.0,112.0
6.0,32.0,-12.0,252.0
8.0,32.0,-12.0,252.0
10.0,32.0,-12.0,252.0
22.0,32.0,-12.0,16.0
24.0,32.0,-12.0,16.0
26.0,32.0,-12.0,16.0
28.0,32.0,-12.0,16.0
30.0,32.0,-12.0,16.0
32.0,32.0,-12.0,16.0
34.0,32.0,-12.0,596.0
40.0,32.0,-12.0,596.0
42.0,32.0,-12.0,596.0
44.0,32.0,-12.0,596.0
46.0,32.0,-12.0,171.0
48.0,32.0,-12.0,171.0
50.0,32.0,-12.0,171.0
52.0,32.0,-12.0,171.0
-54.0,34.0,-12.0,538.0
-52.0,34.0,-12.0,538.0
-50.0,34.0,-12.0,538.0
-48.0,34.0,-12.0,475.0
-46.0,34.0,-12.0,475.0
-44.0,34.0,-12.0,475.0
-42.0,34.0,-12.0,475.0
-40.0,34.0,-12.0,53.0
-38.0,34.0,-12.0,53.0
-36.0,34.0,-12.0,53.0
-34.0,34.0,-12.0,53.0
-32.0,34.0,-12.0,53.0
-30.0,34.0,-12.0,53.0
-28.0,34.0,-12.0,110.0
-26.0,34.0,-12.0,110.0
-24.0,34.0,-12.0,110.0
-22.0,34.0,-12.0,597.0
-20.0,34.0,-12.0,597.0
-8.0,34.0,-12.0,112.0
-6.0,34.0,-12.0,112.0
-4.0,34.0,-12.0,112.0
-2.0,34.0,-12.0,112.0
0.0,34.0,-12.0,112.0
2.0,34.0,-12.0,112.0
4.0,34.0,-12.0,112.0
6.0,34.0,-12.0,252.0
8.0,34.0,-12.0,252.0
10.0,34.0,-12.0,252.0
22.0,34.0,-12.0,16.0
24.0,34.0,-12.0,16.0
26.0,34.0,-12.0,16.0
28.0,34.0,-12.0,16.0
30.0,34.0,-12.0,16.0
32.0,34.0,-12.0,596.0
34.0,34.0,-12.0,596.0
38.0,34.0,-12.0,596.0
40.0,34.0,-12.0,596.0
42.0,34.0,-12.0,596.0
44.0,34.0,-12.0,383.0
46.0,34.0,-12.0,383.0
48.0,34.0,-12.0,383.0
50.0,34.0,-12.0,383.0
52.0,34.0,-12.0,383.0
-54.0,36.0,-12.0,538.0
-52.0,36.0,-12.0,538.0
-50.0,36.0,-12.0,538.0
-48.0,36.0,-12.0,538.0
-46.0,36.0,-12.0,475.0
-44.0,36.0,-12.0,475.0
-42.0,36.0,-12.0,245.0
-40.0,36.0,-12.0,245.0
-38.0,36.0,-12.0,245.0
-36.0,36.0,-12.0,245.0
-34.0,36.0,-12.0,245.0
-32.0,36.0,-12.0,110.0
-30.0,36.0,-12.0,110.0
-28.0,36.0,-12.0,110.0
-26.0,36.0,-12.0,110.0
-24.0,36.0,-12.0,110.0
-22.0,36.0,-12.0,597.0
-20.0,36.0,-12.0,597.0
-10.0,36.0,-12.0,112.0
-8.0,36.0,-12.0,112.0
-6.0,36.0,-12.0,112.0
-4.0,36.0,-12.0,112.0
-2.0,36.0,-12.0,112.0
0.0,36.0,-12.0,112.0
2.0,36.0,-12.0,112.0
4.0,36.0,-12.0,112.0
6.0,36.0,-12.0,252.0
8.0,36.0,-12.0,252.0
10.0,36.0,-12.0,252.0
20.0,36.0,-12.0,16.0
22.0,36.0,-12.0,16.0
24.0,36.0,-12.0,16.0
26.0,36.0,-12.0,16.0
28.0,36.0,-12.0,16.0
30.0,36.0,-12.0,16.0
32.0,36.0,-12.0,596.0
34.0,36.0,-12.0,596.0
36.0,36.0,-12.0,596.0
38.0,36.0,-12.0,596.0
40.0,36.0,-12.0,596.0
42.0,36.0,-12.0,383.0
44.0,36.0,-12.0,383.0
46.0,36.0,-12.0,383.0
48.0,36.0,-12.0,383.0
50.0,36.0,-12.0,383.0
52.0,36.0,-12.0,383.0
-54.0,38.0,-12.0,538.0
-52.0,38.0,-12.0,538.0
-50.0,38.0,-12.0,538.0
-48.0,38.0,-12.0,538.0
-46.0,38.0,-12.0,475.0
-44.0,38.0,-12.0,245.0
-42.0,38.0,-12.0,245.0
-40.0,38.0,-12.0,245.0
-38.0,38.0,-12.0,245.0
-36.0,38.0,-12.0,245.0
-34.0,38.0,-12.0,245.0
-32.0,38.0,-12.0,110.0
-30.0,38.0,-12.0,110.0
-28.0,38.0,-12.0,110.0
-26.0,38.0,-12.0,110.0
-24.0,38.0,-12.0,110.0
-22.0,38.0,-12.0,110.0
-20.0,38.0,-12.0,597.0
-10.0,38.0,-12.0,112.0
-8.0,38.0,-12.0,112.0
-6.0,38.0,-12.0,112.0
-4.0,38.0,-12.0,112.0
-2.0,38.0,-12.0,112.0
0.0,38.0,-12.0,112.0
2.0,38.0,-12.0,112.0
4.0,38.0,-12.0,112.0
6.0,38.0,-12.0,252.0
8.0,38.0,-12.0,252.0
10.0,38.0,-12.0,252.0
12.0,38.0,-12.0,252.0
20.0,38.0,-12.0,16.0
22.0,38.0,-12.0,16.0
24.0,38.0,-12.0,16.0
26.0,38.0,-12.0,16.0
28.0,38.0,-12.0,16.0
30.0,38.0,-12.0,596.0
32.0,38.0,-12.0,596.0
34.0,38.0,-12.0,596.0
36.0,38.0,-12.0,596.0
38.0,38.0,-12.0,596.0
40.0,38.0,-12.0,120.0
42.0,38.0,-12.0,383.0
44.0,38.0,-12.0,383.0
46.0,38.0,-12.0,383.0
48.0,38.0,-12.0,383.0
50.0,38.0,-12.0,383.0
52.0,38.0,-12.0,383.0
-54.0,40.0,-12.0,538.0
-52.0,40.0,-12.0,538.0
-50.0,40.0,-12.0,538.0
-48.0,40.0,-12.0,538.0
-46.0,40.0,-12.0,245.0
-44.0,40.0,-12.0,245.0
-42.0,40.0,-12.0,245.0
-40.0,40.0,-12.0,245.0
-38.0,40.0,-12.0,245.0
-36.0,40.0,-12.0,245.0
-34.0,40.0,-12.0,245.0
-32.0,40.0,-12.0,110.0
-30.0,40.0,-12.0,110.0
-28.0,40.0,-12.0,110.0
-26.0,40.0,-12.0,110.0
-24.0,40.0,-12.0,110.0
-22.0,40.0,-12.0,110.0
-20.0,40.0,-12.0,298.0
-10.0,40.0,-12.0,112.0
-8.0,40.0,-12.0,112.0
-6.0,40.0,-12.0,112.0
-4.0,40.0,-12.0,112.0
-2.0,40.0,-12.0,112.0
0.0,40.0,-12.0,112.0
2.0,40.0,-12.0,112.0
4.0,40.0,-12.0,112.0
6.0,40.0,-12.0,252.0
8.0,40.0,-12.0,252.0
10.0,40.0,-12.0,252.0
12.0,40.0,-12.0,252.0
22.0,40.0,-12.0,16.0
24.0,40.0,-12.0,16.0
26.0,40.0,-12.0,412.0
28.0,40.0,-12.0,412.0
30.0,40.0,-12.0,412.0
32.0,40.0,-12.0,412.0
34.0,40.0,-12.0,412.0
36.0,40.0,-12.0,412.0
38.0,40.0,-12.0,120.0
40.0,40.0,-12.0,120.0
42.0,40.0,-12.0,383.0
44.0,40.0,-12.0,383.0
46.0,40.0,-12.0,383.0
48.0,40.0,-12.0,383.0
50.0,40.0,-12.0,383.0
52.0,40.0,-12.0,383.0
-52.0,42.0,-12.0,538.0
-50.0,42.0,-12.0,538.0
-48.0,42.0,-12.0,15.0
-46.0,42.0,-12.0,15.0
-44.0,42.0,-12.0,15.0
-42.0,42.0,-12.0,15.0
-40.0,42.0,-12.0,245.0
-38.0,42.0,-12.0,245.0
-36.0,42.0,-12.0,245.0
-34.0,42.0,-12.0,245.0
-32.0,42.0,-12.0,110.0
-30.0,42.0,-12.0,110.0
-28.0,42.0,-12.0,110.0
-26.0,42.0,-12.0,110.0
-24.0,42.0,-12.0,110.0
-22.0,42.0,-12.0,110.0
-20.0,42.0,-12.0,509.0
-10.0,42.0,-12.0,112.0
-8.0,42.0,-12.0,112.0
-6.0,42.0,-12.0,112.0
-4.0,42.0,-12.0,112.0
-2.0,42.0,-12.0,112.0
0.0,42.0,-12.0,112.0
2.0,42.0,-12.0,112.0
4.0,42.0,-12.0,112.0
6.0,42.0,-12.0,252.0
8.0,42.0,-12.0,252.0
10.0,42.0,-12.0,252.0
12.0,42.0,-12.0,252.0
22.0,42.0,-12.0,412.0
24.0,42.0,-12.0,412.0
26.0,42.0,-12.0,412.0
28.0,42.0,-12.0,412.0
30.0,42.0,-12.0,412.0
32.0,42.0,-12.0,412.0
34.0,42.0,-12.0,412.0
36.0,42.0,-12.0,120.0
38.0,42.0,-12.0,120.0
40.0,42.0,-12.0,120.0
42.0,42.0,-12.0,120.0
44.0,42.0,-12.0,383.0
46.0,42.0,-12.0,383.0
48.0,42.0,-12.0,383.0
50.0,42.0,-12.0,383.0
52.0,42.0,-12.0,383.0
-52.0,44.0,-12.0,538.0
-50.0,44.0,-12.0,15.0
-48.0,44.0,-12.0,15.0
-46.0,44.0,-12.0,15.0
-44.0,44.0,-12.0,15.0
-42.0,44.0,-12.0,15.0
-40.0,44.0,-12.0,15.0
-38.0,44.0,-12.0,15.0
-36.0,44.0,-12.0,15.0
-34.0,44.0,-12.0,245.0
-32.0,44.0,-12.0,110.0
-30.0,44.0,-12.0,110.0
-28.0,44.0,-12.0,110.0
-26.0,44.0,-12.0,110.0
-24.0,44.0,-12.0,110.0
-22.0,44.0,-12.0,509.0
-20.0,44.0,-12.0,509.0
-10.0,44.0,-12.0,509.0
-8.0,44.0,-12.0,112.0
-6.0,44.0,-12.0,112.0
-4.0,44.0,-12.0,112.0
-2.0,44.0,-12.0,112.0
0.0,44.0,-12.0,112.0
2.0,44.0,-12.0,112.0
4.0,44.0,-12.0,6.0
6.0,44.0,-12.0,6.0
8.0,44.0,-12.0,252.0
10.0,44.0,-12.0,252.0
12.0,44.0,-12.0,252.0
22.0,44.0,-12.0,412.0
24.0,44.0,-12.0,412.0
26.0,44.0,-12.0,412.0
28.0,44.0,-12.0,412.0
30.0,44.0,-12.0,412.0
32.0,44.0,-12.0,412.0
34.0,44.0,-12.0,412.0
36.0,44.0,-12.0,120.0
38.0,44.0,-12.0,120.0
40.0,44.0,-12.0,120.0
42.0,44.0,-12.0,120.0
44.0,44.0,-12.0,383.0
46.0,44.0,-12.0,383.0
48.0,44.0,-12.0,383.0
50.0,44.0,-12.0,383.0
-50.0,46.0,-12.0,15.0
-48.0,46.0,-12.0,15.0
-46.0,46.0,-12.0,15.0
-44.0,46.0,-12.0,15.0
-42.0,46.0,-12.0,15.0
-40.0,46.0,-12.0,15.0
-38.0,46.0,-12.0,15.0
-36.0,46.0,-12.0,15.0
-34.0,46.0,-12.0,15.0
-32.0,46.0,-12.0,15.0
-30.0,46.0,-12.0,110.0
-28.0,46.0,-12.0,110.0
-26.0,46.0,-12.0,110.0
-24.0,46.0,-12.0,110.0
-22.0,46.0,-12.0,509.0
-20.0,46.0,-12.0,509.0
-10.0,46.0,-12.0,509.0
-8.0,46.0,-12.0,509.0
-6.0,46.0,-12.0,112.0
-4.0,46.0,-12.0,112.0
-2.0,46.0,-12.0,112.0
0.0,46.0,-12.0,6.0
2.0,46.0,-12.0,6.0
4.0,46.0,-12.0,6.0
6.0,46.0,-12.0,6.0
8.0,46.0,-12.0,6.0
10.0,46.0,-12.0,6.0
12.0,46.0,-12.0,6.0
20.0,46.0,-12.0,412.0
22.0,46.0,-12.0,412.0
24.0,46.0,-12.0,412.0
26.0,46.0,-12.0,412.0
28.0,46.0,-12.0,412.0
30.0,46.0,-12.0,412.0
32.0,46.0,-12.0,412.0
34.0,46.0,-12.0,120.0
36.0,46.0,-12.0,120.0
38.0,46.0,-12.0,120.0
40.0,46.0,-12.0,120.0
42.0,46.0,-12.0,120.0
44.0,46.0,-12.0,383.0
46.0,46.0,-12.0,383.0
48.0,46.0,-12.0,383.0
-50.0,48.0,-12.0,15.0
-48.0,48.0,-12.0,15.0
-46.0,48.0,-12.0,15.0
-44.0,48.0,-12.0,15.0
-42.0,48.0,-12.0,15.0
-40.0,48.0,-12.0,15.0
-38.0,48.0,-12.0,15.0
-36.0,48.0,-12.0,15.0
-34.0,48.0,-12.0,15.0
-32.0,48.0,-12.0,15.0
-30.0,48.0,-12.0,15.0
-28.0,48.0,-12.0,35.0
-26.0,48.0,-12.0,35.0
-24.0,48.0,-12.0,35.0
-22.0,48.0,-12.0,509.0
-20.0,48.0,-12.0,509.0
-18.0,48.0,-12.0,509.0
-10.0,48.0,-12.0,509.0
-8.0,48.0,-12.0,509.0
-6.0,48.0,-12.0,509.0
-4.0,48.0,-12.0,6.0
-2.0,48.0,-12.0,6.0
0.0,48.0,-12.0,6.0
2.0,48.0,-12.0,6.0
4.0,48.0,-12.0,6.0
6.0,48.0,-12.0,6.0
8.0,48.0,-12.0,6.0
10.0,48.0,-12.0,6.0
12.0,48.0,-12.0,6.0
20.0,48.0,-12.0,412.0
22.0,48.0,-12.0,412.0
24.0,48.0,-12.0,412.0
26.0,48.0,-12.0,412.0
28.0,48.0,-12.0,412.0
30.0,48.0,-12.0,412.0
32.0,48.0,-12.0,412.0
34.0,48.0,-12.0,120.0
36.0,48.0,-12.0,120.0
38.0,48.0,-12.0,120.0
40.0,48.0,-12.0,120.0
42.0,48.0,-12.0,120.0
44.0,48.0,-12.0,120.0
46.0,48.0,-12.0,383.0
48.0,48.0,-12.0,383.0
-48.0,50.0,-12.0,15.0
-46.0,50.0,-12.0,15.0
-44.0,50.0,-12.0,15.0
-42.0,50.0,-12.0,15.0
-40.0,50.0,-12.0,15.0
-38.0,50.0,-12.0,15.0
-36.0,50.0,-12.0,15.0
-34.0,50.0,-12.0,15.0
-32.0,50.0,-12.0,15.0
-30.0,50.0,-12.0,35.0
-28.0,50.0,-12.0,35.0
-26.0,50.0,-12.0,35.0
-24.0,50.0,-12.0,35.0
-22.0,50.0,-12.0,509.0
-20.0,50.0,-12.0,509.0
-18.0,50.0,-12.0,509.0
-10.0,50.0,-12.0,509.0
-8.0,50.0,-12.0,509.0
-6.0,50.0,-12.0,509.0
-4.0,50.0,-12.0,6.0
-2.0,50.0,-12.0,6.0
0.0,50.0,-12.0,6.0
2.0,50.0,-12.0,6.0
4.0,50.0,-12.0,6.0
6.0,50.0,-12.0,6.0
8.0,50.0,-12.0,6.0
10.0,50.0,-12.0,6.0
12.0,50.0,-12.0,6.0
20.0,50.0,-12.0,377.0
22.0,50.0,-12.0,377.0
24.0,50.0,-12.0,412.0
26.0,50.0,-12.0,412.0
28.0,50.0,-12.0,573.0
30.0,50.0,-12.0,573.0
32.0,50.0,-12.0,573.0
34.0,50.0,-12.0,573.0
36.0,50.0,-12.0,573.0
38.0,50.0,-12.0,120.0
40.0,50.0,-12.0,120.0
42.0,50.0,-12.0,120.0
44.0,50.0,-12.0,120.0
46.0,50.0,-12.0,383.0
-46.0,52.0,-12.0,15.0
-44.0,52.0,-12.0,15.0
-42.0,52.0,-12.0,15.0
-40.0,52.0,-12.0,15.0
-38.0,52.0,-12.0,15.0
-36.0,52.0,-12.0,15.0
-34.0,52.0,-12.0,15.0
-32.0,52.0,-12.0,35.0
-30.0,52.0,-12.0,35.0
-28.0,52.0,-12.0,35.0
-26.0,52.0,-12.0,35.0
-24.0,52.0,-12.0,35.0
-22.0,52.0,-12.0,35.0
-20.0,52.0,-12.0,509.0
-18.0,52.0,-12.0,509.0
-10.0,52.0,-12.0,509.0
-8.0,52.0,-12.0,509.0
-6.0,52.0,-12.0,509.0
-4.0,52.0,-12.0,6.0
-2.0,52.0,-12.0,6.0
0.0,52.0,-12.0,6.0
2.0,52.0,-12.0,6.0
4.0,52.0,-12.0,6.0
6.0,52.0,-12.0,6.0
8.0,52.0,-12.0,6.0
10.0,52.0,-12.0,6.0
20.0,52.0,-12.0,377.0
22.0,52.0,-12.0,377.0
24.0,52.0,-12.0,377.0
26.0,52.0,-12.0,573.0
28.0,52.0,-12.0,573.0
30.0,52.0,-12.0,573.0
32.0,52.0,-12.0,573.0
34.0,52.0,-12.0,573.0
36.0,52.0,-12.0,573.0
38.0,52.0,-12.0,573.0
40.0,52.0,-12.0,573.0
42.0,52.0,-12.0,573.0
44.0,52.0,-12.0,339.0
-44.0,54.0,-12.0,154.0
-42.0,54.0,-12.0,154.0
-40.0,54.0,-12.0,154.0
-38.0,54.0,-12.0,154.0
-36.0,54.0,-12.0,154.0
-34.0,54.0,-12.0,35.0
-32.0,54.0,-12.0,35.0
-30.0,54.0,-12.0,35.0
-28.0,54.0,-12.0,35.0
-26.0,54.0,-12.0,35.0
-24.0,54.0,-12.0,35.0
-22.0,54.0,-12.0,35.0
-20.0,54.0,-12.0,509.0
-10.0,54.0,-12.0,509.0
-8.0,54.0,-12.0,509.0
-6.0,54.0,-12.0,509.0
-4.0,54.0,-12.0,6.0
-2.0,54.0,-12.0,6.0
0.0,54.0,-12.0,6.0
2.0,54.0,-12.0,6.0
4.0,54.0,-12.0,6.0
6.0,54.0,-12.0,6.0
8.0,54.0,-12.0,6.0
10.0,54.0,-12.0,6.0
20.0,54.0,-12.0,377.0
22.0,54.0,-12.0,377.0
24.0,54.0,-12.0,377.0
26.0,54.0,-12.0,573.0
28.0,54.0,-12.0,573.0
30.0,54.0,-12.0,573.0
32.0,54.0,-12.0,573.0
34.0,54.0,-12.0,573.0
36.0,54.0,-12.0,573.0
38.0,54.0,-12.0,573.0
40.0,54.0,-12.0,573.0
42.0,54.0,-12.0,573.0
-44.0,56.0,-12.0,154.0
-42.0,56.0,-12.0,154.0
-40.0,56.0,-12.0,154.0
-38.0,56.0,-12.0,154.0
-36.0,56.0,-12.0,154.0
-34.0,56.0,-12.0,35.0
-32.0,56.0,-12.0,35.0
-30.0,56.0,-12.0,35.0
-28.0,56.0,-12.0,35.0
-26.0,56.0,-12.0,35.0
-24.0,56.0,-12.0,35.0
-22.0,56.0,-12.0,35.0
-20.0,56.0,-12.0,35.0
-10.0,56.0,-12.0,509.0
-8.0,56.0,-12.0,509.0
-6.0,56.0,-12.0,509.0
-4.0,56.0,-12.0,224.0
-2.0,56.0,-12.0,224.0
0.0,56.0,-12.0,224.0
2.0,56.0,-12.0,224.0
4.0,56.0,-12.0,224.0
6.0,56.0,-12.0,224.0
8.0,56.0,-12.0,224.0
10.0,56.0,-12.0,224.0
18.0,56.0,-12.0,377.0
20.0,56.0,-12.0,377.0
22.0,56.0,-12.0,377.0
24.0,56.0,-12.0,377.0
26.0,56.0,-12.0,377.0
28.0,56.0,-12.0,573.0
30.0,56.0,-12.0,573.0
32.0,56.0,-12.0,573.0
34.0,56.0,-12.0,573.0
36.0,56.0,-12.0,573.0
38.0,56.0,-12.0,573.0
40.0,56.0,-12.0,573.0
42.0,56.0,-12.0,573.0
-42.0,58.0,-12.0,154.0
-40.0,58.0,-12.0,154.0
-38.0,58.0,-12.0,154.0
-36.0,58.0,-12.0,154.0
-34.0,58.0,-12.0,35.0
-32.0,58.0,-12.0,35.0
-30.0,58.0,-12.0,35.0
-28.0,58.0,-12.0,35.0
-26.0,58.0,-12.0,35.0
-24.0,58.0,-12.0,35.0
-22.0,58.0,-12.0,35.0
-18.0,58.0,-12.0,341.0
-8.0,58.0,-12.0,509.0
-6.0,58.0,-12.0,224.0
-4.0,58.0,-12.0,224.0
-2.0,58.0,-12.0,224.0
0.0,58.0,-12.0,224.0
2.0,58.0,-12.0,224.0
4.0,58.0,-12.0,224.0
6.0,58.0,-12.0,224.0
8.0,58.0,-12.0,224.0
10.0,58.0,-12.0,224.0
16.0,58.0,-12.0,377.0
18.0,58.0,-12.0,377.0
20.0,58.0,-12.0,377.0
22.0,58.0,-12.0,377.0
24.0,58.0,-12.0,377.0
26.0,58.0,-12.0,377.0
28.0,58.0,-12.0,573.0
30.0,58.0,-12.0,573.0
32.0,58.0,-12.0,573.0
34.0,58.0,-12.0,573.0
36.0,58.0,-12.0,573.0
38.0,58.0,-12.0,573.0
40.0,58.0,-12.0,573.0
-40.0,60.0,-12.0,154.0
-38.0,60.0,-12.0,154.0
-36.0,60.0,-12.0,154.0
-34.0,60.0,-12.0,35.0
-32.0,60.0,-12.0,35.0
-30.0,60.0,-12.0,35.0
-28.0,60.0,-12.0,35.0
-26.0,60.0,-12.0,35.0
-24.0,60.0,-12.0,35.0
-22.0,60.0,-12.0,35.0
-18.0,60.0,-12.0,341.0
-16.0,60.0,-12.0,559.0
-8.0,60.0,-12.0,559.0
-6.0,60.0,-12.0,224.0
-4.0,60.0,-12.0,224.0
-2.0,60.0,-12.0,224.0
0.0,60.0,-12.0,224.0
2.0,60.0,-12.0,224.0
4.0,60.0,-12.0,224.0
6.0,60.0,-12.0,224.0
8.0,60.0,-12.0,224.0
10.0,60.0,-12.0,224.0
16.0,60.0,-12.0,377.0
18.0,60.0,-12.0,377.0
20.0,60.0,-12.0,377.0
22.0,60.0,-12.0,377.0
24.0,60.0,-12.0,377.0
26.0,60.0,-12.0,377.0
28.0,60.0,-12.0,377.0
30.0,60.0,-12.0,573.0
32.0,60.0,-12.0,573.0
34.0,60.0,-12.0,573.0
36.0,60.0,-12.0,573.0
38.0,60.0,-12.0,573.0
-38.0,62.0,-12.0,154.0
-36.0,62.0,-12.0,154.0
-34.0,62.0,-12.0,35.0
-32.0,62.0,-12.0,35.0
-30.0,62.0,-12.0,35.0
-28.0,62.0,-12.0,35.0
-26.0,62.0,-12.0,35.0
-24.0,62.0,-12.0,35.0
-22.0,62.0,-12.0,341.0
-20.0,62.0,-12.0,341.0
-18.0,62.0,-12.0,341.0
-16.0,62.0,-12.0,559.0
-14.0,62.0,-12.0,559.0
-12.0,62.0,-12.0,559.0
-8.0,62.0,-12.0,559.0
-6.0,62.0,-12.0,224.0
-4.0,62.0,-12.0,224.0
-2.0,62.0,-12.0,224.0
0.0,62.0,-12.0,224.0
2.0,62.0,-12.0,224.0
4.0,62.0,-12.0,224.0
6.0,62.0,-12.0,224.0
8.0,62.0,-12.0,224.0
10.0,62.0,-12.0,224.0
12.0,62.0,-12.0,422.0
14.0,62.0,-12.0,377.0
16.0,62.0,-12.0,377.0
18.0,62.0,-12.0,377.0
20.0,62.0,-12.0,377.0
22.0,62.0,-12.0,377.0
24.0,62.0,-12.0,377.0
26.0,62.0,-12.0,377.0
28.0,62.0,-12.0,377.0
30.0,62.0,-12.0,377.0
32.0,62.0,-12.0,573.0
34.0,62.0,-12.0,573.0
-34.0,64.0,-12.0,35.0
-32.0,64.0,-12.0,35.0
-30.0,64.0,-12.0,35.0
-28.0,64.0,-12.0,35.0
-26.0,64.0,-12.0,35.0
-24.0,64.0,-12.0,341.0
-22.0,64.0,-12.0,341.0
-20.0,64.0,-12.0,341.0
-18.0,64.0,-12.0,341.0
-16.0,64.0,-12.0,559.0
-14.0,64.0,-12.0,559.0
-12.0,64.0,-12.0,559.0
-10.0,64.0,-12.0,559.0
-8.0,64.0,-12.0,559.0
-6.0,64.0,-12.0,559.0
-4.0,64.0,-12.0,224.0
-2.0,64.0,-12.0,224.0
0.0,64.0,-12.0,224.0
2.0,64.0,-12.0,224.0
4.0,64.0,-12.0,224.0
6.0,64.0,-12.0,224.0
8.0,64.0,-12.0,224.0
10.0,64.0,-12.0,224.0
12.0,64.0,-12.0,422.0
14.0,64.0,-12.0,422.0
16.0,64.0,-12.0,377.0
18.0,64.0,-12.0,377.0
20.0,64.0,-12.0,377.0
22.0,64.0,-12.0,377.0
24.0,64.0,-12.0,377.0
26.0,64.0,-12.0,377.0
28.0,64.0,-12.0,377.0
30.0,64.0,-12.0,377.0
-30.0,66.0,-12.0,35.0
-28.0,66.0,-12.0,35.0
-26.0,66.0,-12.0,341.0
-24.0,66.0,-12.0,341.0
-22.0,66.0,-12.0,341.0
-20.0,66.0,-12.0,341.0
-18.0,66.0,-12.0,341.0
-16.0,66.0,-12.0,559.0
-14.0,66.0,-12.0,559.0
-12.0,66.0,-12.0,559.0
-10.0,66.0,-12.0,559.0
-8.0,66.0,-12.0,559.0
-6.0,66.0,-12.0,559.0
-4.0,66.0,-12.0,224.0
-2.0,66.0,-12.0,224.0
0.0,66.0,-12.0,224.0
2.0,66.0,-12.0,224.0
4.0,66.0,-12.0,224.0
6.0,66.0,-12.0,224.0
8.0,66.0,-12.0,224.0
10.0,66.0,-12.0,422.0
12.0,66.0,-12.0,422.0
14.0,66.0,-12.0,422.0
16.0,66.0,-12.0,422.0
18.0,66.0,-12.0,377.0
20.0,66.0,-12.0,377.0
22.0,66.0,-12.0,377.0
24.0,66.0,-12.0,377.0
26.0,66.0,-12.0,377.0
-22.0,68.0,-12.0,341.0
-20.0,68.0,-12.0,341.0
-18.0,68.0,-12.0,341.0
-16.0,68.0,-12.0,559.0
-14.0,68.0,-12.0,559.0
-12.0,68.0,-12.0,559.0
-10.0,68.0,-12.0,559.0
-8.0,68.0,-12.0,559.0
-6.0,68.0,-12.0,559.0
-4.0,68.0,-12.0,224.0
-2.0,68.0,-12.0,224.0
4.0,68.0,-12.0,224.0
6.0,68.0,-12.0,224.0
8.0,68.0,-12.0,224.0
10.0,68.0,-12.0,422.0
12.0,68.0,-12.0,422.0
14.0,68.0,-12.0,422.0
16.0,68.0,-12.0,422.0
18.0,68.0,-12.0,422.0
-12.0,70.0,-12.0,559.0
-10.0,70.0,-12.0,559.0
-8.0,70.0,-12.0,559.0
-6.0,70.0,-12.0,559.0
6.0,70.0,-12.0,224.0
8.0,70.0,-12.0,224.0
8.0,-104.0,-10.0,380.0
10.0,-104.0,-10.0,380.0
12.0,-104.0,-10.0,325.0
14.0,-104.0,-10.0,325.0
16.0,-104.0,-10.0,325.0
18.0,-104.0,-10.0,325.0
20.0,-104.0,-10.0,325.0
-24.0,-102.0,-10.0,234.0
-22.0,-102.0,-10.0,234.0
-20.0,-102.0,-10.0,234.0
-18.0,-102.0,-10.0,234.0
-16.0,-102.0,-10.0,234.0
-14.0,-102.0,-10.0,234.0
4.0,-102.0,-10.0,125.0
6.0,-102.0,-10.0,125.0
8.0,-102.0,-10.0,380.0
10.0,-102.0,-10.0,325.0
12.0,-102.0,-10.0,325.0
14.0,-102.0,-10.0,325.0
16.0,-102.0,-10.0,325.0
18.0,-102.0,-10.0,325.0
20.0,-102.0,-10.0,325.0
22.0,-102.0,-10.0,325.0
24.0,-102.0,-10.0,275.0
-28.0,-100.0,-10.0,234.0
-26.0,-100.0,-10.0,234.0
-24.0,-100.0,-10.0,234.0
-22.0,-100.0,-10.0,234.0
-20.0,-100.0,-10.0,234.0
-18.0,-100.0,-10.0,234.0
-16.0,-100.0,-10.0,234.0
-14.0,-100.0,-10.0,489.0
-12.0,-100.0,-10.0,489.0
2.0,-100.0,-10.0,125.0
4.0,-100.0,-10.0,125.0
6.0,-100.0,-10.0,125.0
8.0,-100.0,-10.0,127.0
10.0,-100.0,-10.0,325.0
12.0,-100.0,-10.0,325.0
14.0,-100.0,-10.0,325.0
16.0,-100.0,-10.0,325.0
18.0,-100.0,-10.0,325.0
20.0,-100.0,-10.0,325.0
22.0,-100.0,-10.0,325.0
24.0,-100.0,-10.0,275.0
26.0,-100.0,-10.0,275.0
28.0,-100.0,-10.0,275.0
-30.0,-98.0,-10.0,234.0
-28.0,-98.0,-10.0,234.0
-26.0,-98.0,-10.0,234.0
-24.0,-98.0,-10.0,234.0
-22.0,-98.0,-10.0,234.0
-20.0,-98.0,-10.0,234.0
-18.0,-98.0,-10.0,234.0
-16.0,-98.0,-10.0,234.0
-14.0,-98.0,-10.0,489.0
-12.0,-98.0,-10.0,489.0
-10.0,-98.0,-10.0,489.0
-8.0,-98.0,-10.0,489.0
2.0,-98.0,-10.0,125.0
4.0,-98.0,-10.0,125.0
6.0,-98.0,-10.0,125.0
8.0,-98.0,-10.0,127.0
10.0,-98.0,-10.0,325.0
12.0,-98.0,-10.0,325.0
14.0,-98.0,-10.0,325.0
16.0,-98.0,-10.0,325.0
18.0,-98.0,-10.0,325.0
20.0,-98.0,-10.0,325.0
22.0,-98.0,-10.0,325.0
24.0,-98.0,-10.0,325.0
26.0,-98.0,-10.0,275.0
28.0,-98.0,-10.0,275.0
30.0,-98.0,-10.0,275.0
32.0,-98.0,-10.0,275.0
-34.0,-96.0,-10.0,545.0
-32.0,-96.0,-10.0,545.0
-30.0,-96.0,-10.0,545.0
-28.0,-96.0,-10.0,234.0
-26.0,-96.0,-10.0,234.0
-24.0,-96.0,-10.0,234.0
-22.0,-96.0,-10.0,234.0
-20.0,-96.0,-10.0,234.0
-18.0,-96.0,-10.0,234.0
-16.0,-96.0,-10.0,489.0
-14.0,-96.0,-10.0,489.0
-12.0,-96.0,-10.0,489.0
-10.0,-96.0,-10.0,489.0
-8.0,-96.0,-10.0,489.0
-6.0,-96.0,-10.0,489.0
0.0,-96.0,-10.0,125.0
2.0,-96.0,-10.0,125.0
4.0,-96.0,-10.0,125.0
6.0,-96.0,-10.0,127.0
8.0,-96.0,-10.0,127.0
10.0,-96.0,-10.0,567.0
12.0,-96.0,-10.0,325.0
14.0,-96.0,-10.0,325.0
16.0,-96.0,-10.0,325.0
18.0,-96.0,-10.0,325.0
20.0,-96.0,-10.0,325.0
22.0,-96.0,-10.0,325.0
24.0,-96.0,-10.0,325.0
26.0,-96.0,-10.0,275.0
28.0,-96.0,-10.0,275.0
30.0,-96.0,-10.0,275.0
32.0,-96.0,-10.0,275.0
34.0,-96.0,-10.0,275.0
-36.0,-94.0,-10.0,545.0
-34.0,-94.0,-10.0,545.0
-32.0,-94.0,-10.0,545.0
-30.0,-94.0,-10.0,545.0
-28.0,-94.0,-10.0,545.0
-26.0,-94.0,-10.0,234.0
-24.0,-94.0,-10.0,234.0
-22.0,-94.0,-10.0,234.0
-20.0,-94.0,-10.0,234.0
-18.0,-94.0,-10.0,234.0
-16.0,-94.0,-10.0,489.0
-14.0,-94.0,-10.0,489.0
-12.0,-94.0,-10.0,489.0
-10.0,-94.0,-10.0,489.0
-8.0,-94.0,-10.0,489.0
-6.0,-94.0,-10.0,489.0
-4.0,-94.0,-10.0,489.0
-2.0,-94.0,-10.0,489.0
0.0,-94.0,-10.0,125.0
2.0,-94.0,-10.0,125.0
4.0,-94.0,-10.0,125.0
6.0,-94.0,-10.0,127.0
8.0,-94.0,-10.0,567.0
10.0,-94.0,-10.0,567.0
12.0,-94.0,-10.0,567.0
14.0,-94.0,-10.0,325.0
16.0,-94.0,-10.0,325.0
18.0,-94.0,-10.0,325.0
20.0,-94.0,-10.0,325.0
22.0,-94.0,-10.0,325.0
24.0,-94.0,-10.0,325.0
26.0,-94.0,-10.0,275.0
28.0,-94.0,-10.0,275.0
30.0,-94.0,-10.0,275.0
32.0,-94.0,-10.0,275.0
34.0,-94.0,-10.0,275.0
36.0,-94.0,-10.0,275.0
-40.0,-92.0,-10.0,510.0
-38.0,-92.0,-10.0,510.0
-36.0,-92.0,-10.0,545.0
-34.0,-92.0,-10.0,545.0
-32.0,-92.0,-10.0,545.0
-30.0,-92.0,-10.0,545.0
-28.0,-92.0,-10.0,545.0
-26.0,-92.0,-10.0,545.0
-24.0,-92.0,-10.0,545.0
-22.0,-92.0,-10.0,234.0
-20.0,-92.0,-10.0,234.0
-18.0,-92.0,-10.0,489.0
-16.0,-92.0,-10.0,489.0
-14.0,-92.0,-10.0,489.0
-12.0,-92.0,-10.0,489.0
-10.0,-92.0,-10.0,489.0
-8.0,-92.0,-10.0,489.0
-6.0,-92.0,-10.0,489.0
-4.0,-92.0,-10.0,489.0
-2.0,-92.0,-10.0,489.0
0.0,-92.0,-10.0,125.0
2.0,-92.0,-10.0,125.0
4.0,-92.0,-10.0,127.0
6.0,-92.0,-10.0,567.0
8.0,-92.0,-10.0,567.0
10.0,-92.0,-10.0,567.0
12.0,-92.0,-10.0,567.0
14.0,-92.0,-10.0,567.0
16.0,-92.0,-10.0,325.0
18.0,-92.0,-10.0,325.0
20.0,-92.0,-10.0,325.0
22.0,-92.0,-10.0,325.0
24.0,-92.0,-10.0,325.0
26.0,-92.0,-10.0,275.0
28.0,-92.0,-10.0,275.0
30.0,-92.0,-10.0,275.0
32.0,-92.0,-10.0,275.0
34.0,-92.0,-10.0,275.0
36.0,-92.0,-10.0,275.0
38.0,-92.0,-10.0,571.0
40.0,-92.0,-10.0,571.0
-42.0,-90.0,-10.0,510.0
-40.0,-90.0,-10.0,510.0
-38.0,-90.0,-10.0,510.0
-36.0,-90.0,-10.0,545.0
-34.0,-90.0,-10.0,545.0
-32.0,-90.0,-10.0,545.0
-30.0,-90.0,-10.0,545.0
-28.0,-90.0,-10.0,545.0
-26.0,-90.0,-10.0,545.0
-24.0,-90.0,-10.0,545.0
-22.0,-90.0,-10.0,545.0
-20.0,-90.0,-10.0,234.0
-18.0,-90.0,-10.0,489.0
-16.0,-90.0,-10.0,489.0
-14.0,-90.0,-10.0,489.0
-12.0,-90.0,-10.0,489.0
-10.0,-90.0,-10.0,489.0
-8.0,-90.0,-10.0,489.0
-6.0,-90.0,-10.0,489.0
-4.0,-90.0,-10.0,489.0
-2.0,-90.0,-10.0,489.0
0.0,-90.0,-10.0,125.0
2.0,-90.0,-10.0,125.0
4.0,-90.0,-10.0,567.0
6.0,-90.0,-10.0,567.0
8.0,-90.0,-10.0,567.0
10.0,-90.0,-10.0,567.0
12.0,-90.0,-10.0,567.0
14.0,-90.0,-10.0,567.0
16.0,-90.0,-10.0,567.0
18.0,-90.0,-10.0,567.0
20.0,-90.0,-10.0,325.0
22.0,-90.0,-10.0,325.0
24.0,-90.0,-10.0,325.0
26.0,-90.0,-10.0,327.0
28.0,-90.0,-10.0,440.0
30.0,-90.0,-10.0,440.0
32.0,-90.0,-10.0,440.0
34.0,-90.0,-10.0,440.0
36.0,-90.0,-10.0,440.0
38.0,-90.0,-10.0,571.0
40.0,-90.0,-10.0,571.0
42.0,-90.0,-10.0,571.0
-44.0,-88.0,-10.0,510.0
-42.0,-88.0,-10.0,510.0
-40.0,-88.0,-10.0,510.0
-38.0,-88.0,-10.0,510.0
-36.0,-88.0,-10.0,545.0
-34.0,-88.0,-10.0,545.0
-32.0,-88.0,-10.0,545.0
-30.0,-88.0,-10.0,545.0
-28.0,-88.0,-10.0,545.0
-26.0,-88.0,-10.0,545.0
-24.0,-88.0,-10.0,545.0
-22.0,-88.0,-10.0,545.0
-20.0,-88.0,-10.0,545.0
-18.0,-88.0,-10.0,489.0
-16.0,-88.0,-10.0,489.0
-14.0,-88.0,-10.0,489.0
-12.0,-88.0,-10.0,489.0
-10.0,-88.0,-10.0,489.0
-8.0,-88.0,-10.0,489.0
-6.0,-88.0,-10.0,489.0
-4.0,-88.0,-10.0,489.0
-2.0,-88.0,-10.0,489.0
0.0,-88.0,-10.0,125.0
2.0,-88.0,-10.0,567.0
4.0,-88.0,-10.0,567.0
6.0,-88.0,-10.0,567.0
8.0,-88.0,-10.0,567.0
10.0,-88.0,-10.0,567.0
12.0,-88.0,-10.0,567.0
14.0,-88.0,-10.0,567.0
16.0,-88.0,-10.0,567.0
18.0,-88.0,-10.0,567.0
20.0,-88.0,-10.0,567.0
22.0,-88.0,-10.0,325.0
24.0,-88.0,-10.0,327.0
26.0,-88.0,-10.0,327.0
28.0,-88.0,-10.0,440.0
30.0,-88.0,-10.0,440.0
32.0,-88.0,-10.0,440.0
34.0,-88.0,-10.0,440.0
36.0,-88.0,-10.0,440.0
38.0,-88.0,-10.0,571.0
40.0,-88.0,-10.0,571.0
42.0,-88.0,-10.0,571.0
44.0,-88.0,-10.0,571.0
-46.0,-86.0,-10.0,510.0
-44.0,-86.0,-10.0,510.0
-42.0,-86.0,-10.0,510.0
-40.0,-86.0,-10.0,510.0
-38.0,-86.0,-10.0,510.0
-36.0,-86.0,-10.0,545.0
-34.0,-86.0,-10.0,545.0
-32.0,-86.0,-10.0,545.0
-30.0,-86.0,-10.0,545.0
-28.0,-86.0,-10.0,545.0
-26.0,-86.0,-10.0,287.0
-24.0,-86.0,-10.0,287.0
-22.0,-86.0,-10.0,287.0
-20.0,-86.0,-10.0,287.0
-18.0,-86.0,-10.0,287.0
-16.0,-86.0,-10.0,489.0
-14.0,-86.0,-10.0,489.0
-12.0,-86.0,-10.0,489.0
-10.0,-86.0,-10.0,489.0
-8.0,-86.0,-10.0,489.0
-6.0,-86.0,-10.0,489.0
-4.0,-86.0,-10.0,489.0
-2.0,-86.0,-10.0,64.0
0.0,-86.0,-10.0,125.0
2.0,-86.0,-10.0,567.0
4.0,-86.0,-10.0,567.0
6.0,-86.0,-10.0,567.0
8.0,-86.0,-10.0,567.0
10.0,-86.0,-10.0,567.0
12.0,-86.0,-10.0,567.0
14.0,-86.0,-10.0,567.0
16.0,-86.0,-10.0,567.0
18.0,-86.0,-10.0,567.0
20.0,-86.0,-10.0,567.0
22.0,-86.0,-10.0,567.0
24.0,-86.0,-10.0,327.0
26.0,-86.0,-10.0,327.0
28.0,-86.0,-10.0,440.0
30.0,-86.0,-10.0,440.0
32.0,-86.0,-10.0,440.0
34.0,-86.0,-10.0,440.0
36.0,-86.0,-10.0,440.0
38.0,-86.0,-10.0,571.0
40.0,-86.0,-10.0,571.0
42.0,-86.0,-10.0,571.0
44.0,-86.0,-10.0,571.0
-46.0,-84.0,-10.0,510.0
-44.0,-84.0,-10.0,510.0
-42.0,-84.0,-10.0,510.0
-40.0,-84.0,-10.0,510.0
-38.0,-84.0,-10.0,510.0
-36.0,-84.0,-10.0,36.0
-34.0,-84.0,-10.0,287.0
-32.0,-84.0,-10.0,287.0
-30.0,-84.0,-10.0,287.0
-28.0,-84.0,-10.0,287.0
-26.0,-84.0,-10.0,287.0
-24.0,-84.0,-10.0,287.0
-22.0,-84.0,-10.0,287.0
-20.0,-84.0,-10.0,287.0
-18.0,-84.0,-10.0,287.0
-16.0,-84.0,-10.0,568.0
-14.0,-84.0,-10.0,64.0
-12.0,-84.0,-10.0,64.0
-10.0,-84.0,-10.0,64.0
-8.0,-84.0,-10.0,64.0
-6.0,-84.0,-10.0,64.0
-4.0,-84.0,-10.0,64.0
-2.0,-84.0,-10.0,64.0
0.0,-84.0,-10.0,64.0
2.0,-84.0,-10.0,567.0
4.0,-84.0,-10.0,567.0
6.0,-84.0,-10.0,567.0
8.0,-84.0,-10.0,567.0
10.0,-84.0,-10.0,567.0
12.0,-84.0,-10.0,567.0
14.0,-84.0,-10.0,567.0
16.0,-84.0,-10.0,567.0
18.0,-84.0,-10.0,567.0
20.0,-84.0,-10.0,567.0
22.0,-84.0,-10.0,567.0
24.0,-84.0,-10.0,327.0
26.0,-84.0,-10.0,327.0
28.0,-84.0,-10.0,440.0
30.0,-84.0,-10.0,440.0
32.0,-84.0,-10.0,440.0
34.0,-84.0,-10.0,440.0
36.0,-84.0,-10.0,440.0
38.0,-84.0,-10.0,569.0
40.0,-84.0,-10.0,571.0
42.0,-84.0,-10.0,571.0
44.0,-84.0,-10.0,571.0
46.0,-84.0,-10.0,571.0
-48.0,-82.0,-10.0,510.0
-46.0,-82.0,-10.0,510.0
-44.0,-82.0,-10.0,510.0
-42.0,-82.0,-10.0,36.0
-40.0,-82.0,-10.0,36.0
-38.0,-82.0,-10.0,36.0
-36.0,-82.0,-10.0,36.0
-34.0,-82.0,-10.0,287.0
-32.0,-82.0,-10.0,287.0
-30.0,-82.0,-10.0,287.0
-28.0,-82.0,-10.0,287.0
-26.0,-82.0,-10.0,287.0
-24.0,-82.0,-10.0,287.0
-22.0,-82.0,-10.0,287.0
-20.0,-82.0,-10.0,287.0
-18.0,-82.0,-10.0,287.0
-16.0,-82.0,-10.0,64.0
-14.0,-82.0,-10.0,64.0
-12.0,-82.0,-10.0,64.0
-10.0,-82.0,-10.0,64.0
-8.0,-82.0,-10.0,64.0
-6.0,-82.0,-10.0,64.0
-4.0,-82.0,-10.0,64.0
-2.0,-82.0,-10.0,64.0
0.0,-82.0,-10.0,64.0
2.0,-82.0,-10.0,567.0
4.0,-82.0,-10.0,567.0
6.0,-82.0,-10.0,567.0
8.0,-82.0,-10.0,567.0
10.0,-82.0,-10.0,567.0
12.0,-82.0,-10.0,567.0
14.0,-82.0,-10.0,567.0
16.0,-82.0,-10.0,567.0
18.0,-82.0,-10.0,567.0
20.0,-82.0,-10.0,567.0
22.0,-82.0,-10.0,567.0
24.0,-82.0,-10.0,327.0
26.0,-82.0,-10.0,327.0
28.0,-82.0,-10.0,440.0
30.0,-82.0,-10.0,440.0
32.0,-82.0,-10.0,440.0
34.0,-82.0,-10.0,440.0
36.0,-82.0,-10.0,569.0
38.0,-82.0,-10.0,569.0
40.0,-82.0,-10.0,569.0
42.0,-82.0,-10.0,277.0
44.0,-82.0,-10.0,277.0
46.0,-82.0,-10.0,277.0
48.0,-82.0,-10.0,277.0
-50.0,-80.0,-10.0,510.0
-48.0,-80.0,-10.0,36.0
-46.0,-80.0,-10.0,36.0
-44.0,-80.0,-10.0,36.0
-42.0,-80.0,-10.0,36.0
-40.0,-80.0,-10.0,36.0
-38.0,-80.0,-10.0,36.0
-36.0,-80.0,-10.0,36.0
-34.0,-80.0,-10.0,36.0
-32.0,-80.0,-10.0,287.0
-30.0,-80.0,-10.0,287.0
-28.0,-80.0,-10.0,287.0
-26.0,-80.0,-10.0,287.0
-24.0,-80.0,-10.0,287.0
-22.0,-80.0,-10.0,287.0
-20.0,-80.0,-10.0,287.0
-18.0,-80.0,-10.0,287.0
-16.0,-80.0,-10.0,64.0
-14.0,-80.0,-10.0,64.0
-12.0,-80.0,-10.0,64.0
-10.0,-80.0,-10.0,64.0
-8.0,-80.0,-10.0,64.0
-6.0,-80.0,-10.0,64.0
-4.0,-80.0,-10.0,64.0
-2.0,-80.0,-10.0,64.0
0.0,-80.0,-10.0,450.0
2.0,-80.0,-10.0,450.0
4.0,-80.0,-10.0,362.0
6.0,-80.0,-10.0,362.0
8.0,-80.0,-10.0,567.0
10.0,-80.0,-10.0,567.0
12.0,-80.0,-10.0,567.0
14.0,-80.0,-10.0,567.0
16.0,-80.0,-10.0,567.0
18.0,-80.0,-10.0,567.0
20.0,-80.0,-10.0,567.0
22.0,-80.0,-10.0,567.0
24.0,-80.0,-10.0,327.0
26.0,-80.0,-10.0,327.0
28.0,-80.0,-10.0,440.0
30.0,-80.0,-10.0,440.0
32.0,-80.0,-10.0,440.0
34.0,-80.0,-10.0,569.0
36.0,-80.0,-10.0,569.0
38.0,-80.0,-10.0,569.0
40.0,-80.0,-10.0,569.0
42.0,-80.0,-10.0,277.0
44.0,-80.0,-10.0,277.0
46.0,-80.0,-10.0,277.0
48.0,-80.0,-10.0,277.0
-50.0,-78.0,-10.0,36.0
-48.0,-78.0,-10.0,36.0
-46.0,-78.0,-10.0,36.0
-44.0,-78.0,-10.0,36.0
-42.0,-78.0,-10.0,36.0
-40.0,-78.0,-10.0,36.0
-38.0,-78.0,-10.0,36.0
-36.0,-78.0,-10.0,36.0
-34.0,-78.0,-10.0,36.0
-32.0,-78.0,-10.0,287.0
-30.0,-78.0,-10.0,287.0
-28.0,-78.0,-10.0,287.0
-26.0,-78.0,-10.0,287.0
-24.0,-78.0,-10.0,287.0
-22.0,-78.0,-10.0,287.0
-20.0,-78.0,-10.0,287.0
-18.0,-78.0,-10.0,64.0
-16.0,-78.0,-10.0,64.0
-14.0,-78.0,-10.0,64.0
-12.0,-78.0,-10.0,64.0
-10.0,-78.0,-10.0,64.0
-8.0,-78.0,-10.0,64.0
-6.0,-78.0,-10.0,64.0
-4.0,-78.0,-10.0,64.0
-2.0,-78.0,-10.0,450.0
0.0,-78.0,-10.0,450.0
2.0,-78.0,-10.0,450.0
4.0,-78.0,-10.0,362.0
6.0,-78.0,-10.0,362.0
8.0,-78.0,-10.0,362.0
10.0,-78.0,-10.0,362.0
12.0,-78.0,-10.0,362.0
14.0,-78.0,-10.0,362.0
16.0,-78.0,-10.0,362.0
18.0,-78.0,-10.0,362.0
20.0,-78.0,-10.0,431.0
22.0,-78.0,-10.0,464.0
24.0,-78.0,-10.0,357.0
26.0,-78.0,-10.0,357.0
28.0,-78.0,-10.0,587.0
30.0,-78.0,-10.0,587.0
32.0,-78.0,-10.0,569.0
34.0,-78.0,-10.0,569.0
36.0,-78.0,-10.0,569.0
38.0,-78.0,-10.0,569.0
40.0,-78.0,-10.0,277.0
42.0,-78.0,-10.0,277.0
44.0,-78.0,-10.0,277.0
46.0,-78.0,-10.0,277.0
48.0,-78.0,-10.0,277.0
50.0,-78.0,-10.0,277.0
-52.0,-76.0,-10.0,2.0
-50.0,-76.0,-10.0,36.0
-48.0,-76.0,-10.0,36.0
-46.0,-76.0,-10.0,36.0
-44.0,-76.0,-10.0,36.0
-42.0,-76.0,-10.0,36.0
-40.0,-76.0,-10.0,36.0
-38.0,-76.0,-10.0,36.0
-36.0,-76.0,-10.0,36.0
-34.0,-76.0,-10.0,36.0
-32.0,-76.0,-10.0,36.0
-30.0,-76.0,-10.0,287.0
-28.0,-76.0,-10.0,287.0
-26.0,-76.0,-10.0,287.0
-24.0,-76.0,-10.0,287.0
-22.0,-76.0,-10.0,287.0
-20.0,-76.0,-10.0,287.0
-18.0,-76.0,-10.0,64.0
-16.0,-76.0,-10.0,64.0
-14.0,-76.0,-10.0,64.0
-12.0,-76.0,-10.0,64.0
-10.0,-76.0,-10.0,64.0
-8.0,-76.0,-10.0,64.0
-6.0,-76.0,-10.0,64.0
-4.0,-76.0,-10.0,450.0
-2.0,-76.0,-10.0,450.0
2.0,-76.0,-10.0,450.0
4.0,-76.0,-10.0,362.0
6.0,-76.0,-10.0,362.0
8.0,-76.0,-10.0,362.0
10.0,-76.0,-10.0,362.0
12.0,-76.0,-10.0,362.0
14.0,-76.0,-10.0,362.0
16.0,-76.0,-10.0,362.0
18.0,-76.0,-10.0,362.0
20.0,-76.0,-10.0,431.0
22.0,-76.0,-10.0,357.0
24.0,-76.0,-10.0,357.0
26.0,-76.0,-10.0,357.0
28.0,-76.0,-10.0,587.0
30.0,-76.0,-10.0,587.0
32.0,-76.0,-10.0,587.0
34.0,-76.0,-10.0,587.0
36.0,-76.0,-10.0,569.0
38.0,-76.0,-10.0,569.0
40.0,-76.0,-10.0,277.0
42.0,-76.0,-10.0,277.0
44.0,-76.0,-10.0,277.0
46.0,-76.0,-10.0,277.0
48.0,-76.0,-10.0,277.0
50.0,-76.0,-10.0,277.0
52.0,-76.0,-10.0,277.0
-52.0,-74.0,-10.0,2.0
-50.0,-74.0,-10.0,2.0
-48.0,-74.0,-10.0,36.0
-46.0,-74.0,-10.0,36.0
-44.0,-74.0,-10.0,36.0
-42.0,-74.0,-10.0,36.0
-40.0,-74.0,-10.0,36.0
-38.0,-74.0,-10.0,36.0
-36.0,-74.0,-10.0,36.0
-34.0,-74.0,-10.0,36.0
-32.0,-74.0,-10.0,444.0
-30.0,-74.0,-10.0,444.0
-28.0,-74.0,-10.0,444.0
-26.0,-74.0,-10.0,287.0
-24.0,-74.0,-10.0,287.0
-22.0,-74.0,-10.0,287.0
-20.0,-74.0,-10.0,287.0
-18.0,-74.0,-10.0,64.0
-16.0,-74.0,-10.0,64.0
-14.0,-74.0,-10.0,64.0
-12.0,-74.0,-10.0,64.0
-10.0,-74.0,-10.0,64.0
-8.0,-74.0,-10.0,64.0
-6.0,-74.0,-10.0,64.0
-4.0,-74.0,-10.0,450.0
4.0,-74.0,-10.0,362.0
6.0,-74.0,-10.0,362.0
8.0,-74.0,-10.0,362.0
10.0,-74.0,-10.0,362.0
12.0,-74.0,-10.0,362.0
14.0,-74.0,-10.0,362.0
16.0,-74.0,-10.0,362.0
18.0,-74.0,-10.0,431.0
20.0,-74.0,-10.0,431.0
22.0,-74.0,-10.0,357.0
24.0,-74.0,-10.0,357.0
26.0,-74.0,-10.0,357.0
28.0,-74.0,-10.0,357.0
30.0,-74.0,-10.0,587.0
32.0,-74.0,-10.0,587.0
34.0,-74.0,-10.0,587.0
36.0,-74.0,-10.0,587.0
38.0,-74.0,-10.0,587.0
40.0,-74.0,-10.0,277.0
42.0,-74.0,-10.0,277.0
44.0,-74.0,-10.0,277.0
46.0,-74.0,-10.0,277.0
48.0,-74.0,-10.0,277.0
50.0,-74.0,-10.0,277.0
52.0,-74.0,-10.0,277.0
-54.0,-72.0,-10.0,388.0
-52.0,-72.0,-10.0,388.0
-50.0,-72.0,-10.0,2.0
-48.0,-72.0,-10.0,2.0
-46.0,-72.0,-10.0,36.0
-44.0,-72.0,-10.0,36.0
-42.0,-72.0,-10.0,36.0
-40.0,-72.0,-10.0,36.0
-38.0,-72.0,-10.0,36.0
-36.0,-72.0,-10.0,36.0
-34.0,-72.0,-10.0,36.0
-32.0,-72.0,-10.0,444.0
-30.0,-72.0,-10.0,444.0
-28.0,-72.0,-10.0,444.0
-26.0,-72.0,-10.0,444.0
-24.0,-72.0,-10.0,287.0
-22.0,-72.0,-10.0,287.0
-20.0,-72.0,-10.0,64.0
-18.0,-72.0,-10.0,64.0
-16.0,-72.0,-10.0,64.0
-14.0,-72.0,-10.0,64.0
-12.0,-72.0,-10.0,64.0
-10.0,-72.0,-10.0,64.0
-8.0,-72.0,-10.0,64.0
-6.0,-72.0,-10.0,450.0
4.0,-72.0,-10.0,362.0
6.0,-72.0,-10.0,362.0
8.0,-72.0,-10.0,362.0
10.0,-72.0,-10.0,362.0
12.0,-72.0,-10.0,362.0
14.0,-72.0,-10.0,362.0
16.0,-72.0,-10.0,431.0
18.0,-72.0,-10.0,431.0
20.0,-72.0,-10.0,431.0
22.0,-72.0,-10.0,357.0
24.0,-72.0,-10.0,357.0
26.0,-72.0,-10.0,357.0
28.0,-72.0,-10.0,357.0
30.0,-72.0,-10.0,587.0
32.0,-72.0,-10.0,587.0
34.0,-72.0,-10.0,587.0
36.0,-72.0,-10.0,587.0
38.0,-72.0,-10.0,587.0
40.0,-72.0,-10.0,587.0
42.0,-72.0,-10.0,277.0
44.0,-72.0,-10.0,277.0
46.0,-72.0,-10.0,277.0
48.0,-72.0,-10.0,277.0
50.0,-72.0,-10.0,277.0
52.0,-72.0,-10.0,277.0
54.0,-72.0,-10.0,277.0
-56.0,-70.0,-10.0,388.0
-54.0,-70.0,-10.0,388.0
-52.0,-70.0,-10.0,388.0
-50.0,-70.0,-10.0,388.0
-48.0,-70.0,-10.0,2.0
-46.0,-70.0,-10.0,36.0
-44.0,-70.0,-10.0,36.0
-42.0,-70.0,-10.0,36.0
-40.0,-70.0,-10.0,36.0
-38.0,-70.0,-10.0,36.0
-36.0,-70.0,-10.0,36.0
-34.0,-70.0,-10.0,444.0
-32.0,-70.0,-10.0,444.0
-30.0,-70.0,-10.0,178.0
-28.0,-70.0,-10.0,178.0
-26.0,-70.0,-10.0,178.0
-24.0,-70.0,-10.0,579.0
-22.0,-70.0,-10.0,579.0
-20.0,-70.0,-10.0,579.0
-18.0,-70.0,-10.0,579.0
-16.0,-70.0,-10.0,64.0
-14.0,-70.0,-10.0,64.0
-12.0,-70.0,-10.0,64.0
-10.0,-70.0,-10.0,64.0
-8.0,-70.0,-10.0,450.0
6.0,-70.0,-10.0,362.0
8.0,-70.0,-10.0,362.0
10.0,-70.0,-10.0,362.0
12.0,-70.0,-10.0,362.0
14.0,-70.0,-10.0,362.0
16.0,-70.0,-10.0,431.0
18.0,-70.0,-10.0,431.0
20.0,-70.0,-10.0,431.0
22.0,-70.0,-10.0,357.0
24.0,-70.0,-10.0,357.0
26.0,-70.0,-10.0,357.0
28.0,-70.0,-10.0,357.0
30.0,-70.0,-10.0,357.0
32.0,-70.0,-10.0,587.0
34.0,-70.0,-10.0,587.0
36.0,-70.0,-10.0,587.0
38.0,-70.0,-10.0,587.0
40.0,-70.0,-10.0,587.0
42.0,-70.0,-10.0,277.0
44.0,-70.0,-10.0,277.0
46.0,-70.0,-10.0,277.0
48.0,-70.0,-10.0,277.0
50.0,-70.0,-10.0,277.0
52.0,-70.0,-10.0,277.0
54.0,-70.0,-10.0,277.0
56.0,-70.0,-10.0,350.0
-56.0,-68.0,-10.0,388.0
-54.0,-68.0,-10.0,388.0
-52.0,-68.0,-10.0,388.0
-50.0,-68.0,-10.0,388.0
-48.0,-68.0,-10.0,388.0
-46.0,-68.0,-10.0,2.0
-44.0,-68.0,-10.0,36.0
-42.0,-68.0,-10.0,36.0
-40.0,-68.0,-10.0,36.0
-38.0,-68.0,-10.0,36.0
-36.0,-68.0,-10.0,36.0
-34.0,-68.0,-10.0,178.0
-32.0,-68.0,-10.0,178.0
-30.0,-68.0,-10.0,178.0
-28.0,-68.0,-10.0,178.0
-26.0,-68.0,-10.0,178.0
-24.0,-68.0,-10.0,579.0
-22.0,-68.0,-10.0,579.0
-20.0,-68.0,-10.0,579.0
-18.0,-68.0,-10.0,579.0
-16.0,-68.0,-10.0,579.0
-14.0,-68.0,-10.0,64.0
-12.0,-68.0,-10.0,64.0
-10.0,-68.0,-10.0,450.0
8.0,-68.0,-10.0,362.0
10.0,-68.0,-10.0,362.0
12.0,-68.0,-10.0,362.0
14.0,-68.0,-10.0,431.0
16.0,-68.0,-10.0,431.0
18.0,-68.0,-10.0,431.0
20.0,-68.0,-10.0,431.0
22.0,-68.0,-10.0,357.0
24.0,-68.0,-10.0,357.0
26.0,-68.0,-10.0,357.0
28.0,-68.0,-10.0,357.0
30.0,-68.0,-10.0,357.0
32.0,-68.0,-10.0,587.0
34.0,-68.0,-10.0,587.0
36.0,-68.0,-10.0,587.0
38.0,-68.0,-10.0,587.0
40.0,-68.0,-10.0,476.0
42.0,-68.0,-10.0,476.0
44.0,-68.0,-10.0,476.0
46.0,-68.0,-10.0,277.0
48.0,-68.0,-10.0,277.0
50.0,-68.0,-10.0,350.0
52.0,-68.0,-10.0,350.0
54.0,-68.0,-10.0,350.0
56.0,-68.0,-10.0,350.0
-58.0,-66.0,-10.0,388.0
-56.0,-66.0,-10.0,388.0
-54.0,-66.0,-10.0,388.0
-52.0,-66.0,-10.0,388.0
-50.0,-66.0,-10.0,388.0
-48.0,-66.0,-10.0,388.0
-46.0,-66.0,-10.0,388.0
-44.0,-66.0,-10.0,2.0
-42.0,-66.0,-10.0,36.0
-40.0,-66.0,-10.0,36.0
-38.0,-66.0,-10.0,36.0
-36.0,-66.0,-10.0,178.0
-34.0,-66.0,-10.0,178.0
-32.0,-66.0,-10.0,178.0
-30.0,-66.0,-10.0,178.0
-28.0,-66.0,-10.0,178.0
-26.0,-66.0,-10.0,178.0
-24.0,-66.0,-10.0,579.0
-22.0,-66.0,-10.0,579.0
-20.0,-66.0,-10.0,579.0
-18.0,-66.0,-10.0,579.0
-16.0,-66.0,-10.0,579.0
-14.0,-66.0,-10.0,579.0
-12.0,-66.0,-10.0,64.0
10.0,-66.0,-10.0,362.0
12.0,-66.0,-10.0,431.0
14.0,-66.0,-10.0,431.0
16.0,-66.0,-10.0,431.0
18.0,-66.0,-10.0,431.0
20.0,-66.0,-10.0,431.0
22.0,-66.0,-10.0,357.0
24.0,-66.0,-10.0,357.0
26.0,-66.0,-10.0,357.0
28.0,-66.0,-10.0,357.0
30.0,-66.0,-10.0,357.0
32.0,-66.0,-10.0,587.0
34.0,-66.0,-10.0,587.0
36.0,-66.0,-10.0,587.0
38.0,-66.0,-10.0,476.0
40.0,-66.0,-10.0,476.0
42.0,-66.0,-10.0,476.0
44.0,-66.0,-10.0,476.0
46.0,-66.0,-10.0,476.0
48.0,-66.0,-10.0,350.0
50.0,-66.0,-10.0,350.0
52.0,-66.0,-10.0,350.0
54.0,-66.0,-10.0,350.0
56.0,-66.0,-10.0,350.0
58.0,-66.0,-10.0,11.0
-60.0,-64.0,-10.0,388.0
-58.0,-64.0,-10.0,388.0
-56.0,-64.0,-10.0,388.0
-54.0,-64.0,-10.0,388.0
-52.0,-64.0,-10.0,388.0
-50.0,-64.0,-10.0,388.0
-48.0,-64.0,-10.0,388.0
-46.0,-64.0,-10.0,388.0
-44.0,-64.0,-10.0,388.0
-42.0,-64.0,-10.0,36.0
-40.0,-64.0,-10.0,36.0
-38.0,-64.0,-10.0,178.0
-32.0,-64.0,-10.0,178.0
-30.0,-64.0,-10.0,178.0
-28.0,-64.0,-10.0,178.0
-26.0,-64.0,-10.0,178.0
-24.0,-64.0,-10.0,579.0
-22.0,-64.0,-10.0,579.0
-20.0,-64.0,-10.0,579.0
-18.0,-64.0,-10.0,579.0
-16.0,-64.0,-10.0,579.0
-14.0,-64.0,-10.0,371.0
-12.0,-64.0,-10.0,371.0
10.0,-64.0,-10.0,362.0
12.0,-64.0,-10.0,431.0
14.0,-64.0,-10.0,431.0
16.0,-64.0,-10.0,431.0
18.0,-64.0,-10.0,431.0
20.0,-64.0,-10.0,431.0
22.0,-64.0,-10.0,357.0
24.0,-64.0,-10.0,357.0
26.0,-64.0,-10.0,357.0
28.0,-64.0,-10.0,357.0
30.0,-64.0,-10.0,357.0
32.0,-64.0,-10.0,357.0
34.0,-64.0,-10.0,476.0
36.0,-64.0,-10.0,476.0
38.0,-64.0,-10.0,476.0
40.0,-64.0,-10.0,476.0
42.0,-64.0,-10.0,476.0
44.0,-64.0,-10.0,476.0
46.0,-64.0,-10.0,476.0
48.0,-64.0,-10.0,350.0
50.0,-64.0,-10.0,350.0
52.0,-64.0,-10.0,350.0
54.0,-64.0,-10.0,350.0
56.0,-64.0,-10.0,11.0
58.0,-64.0,-10.0,11.0
60.0,-64.0,-10.0,11.0
-60.0,-62.0,-10.0,388.0
-58.0,-62.0,-10.0,388.0
-56.0,-62.0,-10.0,388.0
-54.0,-62.0,-10.0,388.0
-52.0,-62.0,-10.0,388.0
-50.0,-62.0,-10.0,388.0
-48.0,-62.0,-10.0,388.0
-46.0,-62.0,-10.0,388.0
-44.0,-62.0,-10.0,79.0
-42.0,-62.0,-10.0,79.0
-34.0,-62.0,-10.0,178.0
-32.0,-62.0,-10.0,178.0
-30.0,-62.0,-10.0,178.0
-28.0,-62.0,-10.0,178.0
-26.0,-62.0,-10.0,178.0
-24.0,-62.0,-10.0,579.0
-22.0,-62.0,-10.0,579.0
-20.0,-62.0,-10.0,579.0
-18.0,-62.0,-10.0,371.0
-16.0,-62.0,-10.0,371.0
-14.0,-62.0,-10.0,371.0
12.0,-62.0,-10.0,431.0
14.0,-62.0,-10.0,431.0
16.0,-62.0,-10.0,431.0
18.0,-62.0,-10.0,431.0
20.0,-62.0,-10.0,431.0
22.0,-62.0,-10.0,357.0
24.0,-62.0,-10.0,357.0
26.0,-62.0,-10.0,357.0
30.0,-62.0,-10.0,357.0
32.0,-62.0,-10.0,357.0
34.0,-62.0,-10.0,476.0
36.0,-62.0,-10.0,476.0
38.0,-62.0,-10.0,476.0
40.0,-62.0,-10.0,476.0
42.0,-62.0,-10.0,476.0
44.0,-62.0,-10.0,476.0
46.0,-62.0,-10.0,476.0
48.0,-62.0,-10.0,350.0
50.0,-62.0,-10.0,350.0
52.0,-62.0,-10.0,350.0
54.0,-62.0,-10.0,350.0
56.0,-62.0,-10.0,11.0
58.0,-62.0,-10.0,11.0
60.0,-62.0,-10.0,11.0
62.0,-62.0,-10.0,11.0
-62.0,-60.0,-10.0,388.0
-60.0,-60.0,-10.0,388.0
-58.0,-60.0,-10.0,388.0
-56.0,-60.0,-10.0,388.0
-54.0,-60.0,-10.0,388.0
-52.0,-60.0,-10.0,388.0
-50.0,-60.0,-10.0,388.0
-48.0,-60.0,-10.0,79.0
-46.0,-60.0,-10.0,79.0
-44.0,-60.0,-10.0,79.0
-42.0,-60.0,-10.0,79.0
-32.0,-60.0,-10.0,178.0
-30.0,-60.0,-10.0,178.0
-28.0,-60.0,-10.0,178.0
-26.0,-60.0,-10.0,178.0
-24.0,-60.0,-10.0,547.0
-22.0,-60.0,-10.0,547.0
-20.0,-60.0,-10.0,371.0
-18.0,-60.0,-10.0,371.0
-16.0,-60.0,-10.0,371.0
-14.0,-60.0,-10.0,371.0
12.0,-60.0,-10.0,431.0
14.0,-60.0,-10.0,431.0
16.0,-60.0,-10.0,431.0
18.0,-60.0,-10.0,451.0
20.0,-60.0,-10.0,451.0
22.0,-60.0,-10.0,451.0
24.0,-60.0,-10.0,451.0
26.0,-60.0,-10.0,451.0
28.0,-60.0,-10.0,451.0
32.0,-60.0,-10.0,451.0
34.0,-60.0,-10.0,476.0
36.0,-60.0,-10.0,476.0
42.0,-60.0,-10.0,476.0
44.0,-60.0,-10.0,476.0
46.0,-60.0,-10.0,476.0
48.0,-60.0,-10.0,350.0
50.0,-60.0,-10.0,350.0
52.0,-60.0,-10.0,350.0
54.0,-60.0,-10.0,11.0
56.0,-60.0,-10.0,11.0
58.0,-60.0,-10.0,11.0
60.0,-60.0,-10.0,11.0
62.0,-60.0,-10.0,11.0
-64.0,-58.0,-10.0,388.0
-62.0,-58.0,-10.0,388.0
-60.0,-58.0,-10.0,388.0
-58.0,-58.0,-10.0,388.0
-56.0,-58.0,-10.0,388.0
-54.0,-58.0,-10.0,388.0
-52.0,-58.0,-10.0,79.0
-50.0,-58.0,-10.0,79.0
-48.0,-58.0,-10.0,79.0
-46.0,-58.0,-10.0,79.0
-44.0,-58.0,-10.0,79.0
-42.0,-58.0,-10.0,79.0
-40.0,-58.0,-10.0,79.0
-30.0,-58.0,-10.0,178.0
-28.0,-58.0,-10.0,547.0
-26.0,-58.0,-10.0,547.0
-24.0,-58.0,-10.0,547.0
-22.0,-58.0,-10.0,547.0
-20.0,-58.0,-10.0,371.0
-18.0,-58.0,-10.0,371.0
-16.0,-58.0,-10.0,371.0
-14.0,-58.0,-10.0,371.0
14.0,-58.0,-10.0,451.0
16.0,-58.0,-10.0,451.0
18.0,-58.0,-10.0,451.0
20.0,-58.0,-10.0,451.0
22.0,-58.0,-10.0,451.0
24.0,-58.0,-10.0,451.0
26.0,-58.0,-10.0,451.0
28.0,-58.0,-10.0,451.0
32.0,-58.0,-10.0,451.0
34.0,-58.0,-10.0,476.0
36.0,-58.0,-10.0,476.0
42.0,-58.0,-10.0,476.0
44.0,-58.0,-10.0,476.0
46.0,-58.0,-10.0,476.0
48.0,-58.0,-10.0,476.0
50.0,-58.0,-10.0,350.0
52.0,-58.0,-10.0,11.0
54.0,-58.0,-10.0,11.0
56.0,-58.0,-10.0,11.0
58.0,-58.0,-10.0,11.0
60.0,-58.0,-10.0,11.0
62.0,-58.0,-10.0,11.0
-64.0,-56.0,-10.0,535.0
-62.0,-56.0,-10.0,137.0
-60.0,-56.0,-10.0,137.0
-58.0,-56.0,-10.0,137.0
-56.0,-56.0,-10.0,459.0
-54.0,-56.0,-10.0,459.0
-52.0,-56.0,-10.0,79.0
-50.0,-56.0,-10.0,79.0
-48.0,-56.0,-10.0,79.0
-46.0,-56.0,-10.0,79.0
-44.0,-56.0,-10.0,79.0
-42.0,-56.0,-10.0,79.0
-40.0,-56.0,-10.0,79.0
-30.0,-56.0,-10.0,547.0
-26.0,-56.0,-10.0,547.0
-24.0,-56.0,-10.0,547.0
-22.0,-56.0,-10.0,547.0
-20.0,-56.0,-10.0,371.0
-18.0,-56.0,-10.0,371.0
-16.0,-56.0,-10.0,371.0
14.0,-56.0,-10.0,451.0
16.0,-56.0,-10.0,451.0
18.0,-56.0,-10.0,451.0
20.0,-56.0,-10.0,451.0
22.0,-56.0,-10.0,451.0
24.0,-56.0,-10.0,451.0
26.0,-56.0,-10.0,451.0
28.0,-56.0,-10.0,451.0
34.0,-56.0,-10.0,451.0
36.0,-56.0,-10.0,476.0
42.0,-56.0,-10.0,476.0
44.0,-56.0,-10.0,476.0
46.0,-56.0,-10.0,476.0
48.0,-56.0,-10.0,476.0
50.0,-56.0,-10.0,11.0
52.0,-56.0,-10.0,11.0
54.0,-56.0,-10.0,11.0
56.0,-56.0,-10.0,11.0
58.0,-56.0,-10.0,11.0
60.0,-56.0,-10.0,11.0
62.0,-56.0,-10.0,11.0
64.0,-56.0,-10.0,11.0
-64.0,-54.0,-10.0,535.0
-62.0,-54.0,-10.0,535.0
-60.0,-54.0,-10.0,137.0
-58.0,-54.0,-10.0,137.0
-56.0,-54.0,-10.0,137.0
-54.0,-54.0,-10.0,459.0
-52.0,-54.0,-10.0,79.0
-50.0,-54.0,-10.0,79.0
-48.0,-54.0,-10.0,79.0
-46.0,-54.0,-10.0,79.0
-44.0,-54.0,-10.0,79.0
-42.0,-54.0,-10.0,79.0
-40.0,-54.0,-10.0,79.0
-32.0,-54.0,-10.0,547.0
-30.0,-54.0,-10.0,547.0
-28.0,-54.0,-10.0,547.0
-26.0,-54.0,-10.0,547.0
-24.0,-54.0,-10.0,547.0
-22.0,-54.0,-10.0,371.0
-20.0,-54.0,-10.0,371.0
-18.0,-54.0,-10.0,371.0
-16.0,-54.0,-10.0,371.0
14.0,-54.0,-10.0,451.0
16.0,-54.0,-10.0,451.0
18.0,-54.0,-10.0,451.0
20.0,-54.0,-10.0,451.0
22.0,-54.0,-10.0,451.0
24.0,-54.0,-10.0,451.0
26.0,-54.0,-10.0,451.0
28.0,-54.0,-10.0,451.0
34.0,-54.0,-10.0,451.0
36.0,-54.0,-10.0,476.0
40.0,-54.0,-10.0,476.0
42.0,-54.0,-10.0,476.0
44.0,-54.0,-10.0,476.0
46.0,-54.0,-10.0,476.0
48.0,-54.0,-10.0,373.0
50.0,-54.0,-10.0,11.0
52.0,-54.0,-10.0,11.0
54.0,-54.0,-10.0,11.0
56.0,-54.0,-10.0,11.0
58.0,-54.0,-10.0,11.0
60.0,-54.0,-10.0,11.0
62.0,-54.0,-10.0,11.0
64.0,-54.0,-10.0,11.0
-66.0,-52.0,-10.0,535.0
-64.0,-52.0,-10.0,535.0
-62.0,-52.0,-10.0,535.0
-60.0,-52.0,-10.0,535.0
-58.0,-52.0,-10.0,137.0
-56.0,-52.0,-10.0,137.0
-54.0,-52.0,-10.0,137.0
-52.0,-52.0,-10.0,137.0
-50.0,-52.0,-10.0,79.0
-48.0,-52.0,-10.0,79.0
-46.0,-52.0,-10.0,79.0
-44.0,-52.0,-10.0,79.0
-42.0,-52.0,-10.0,79.0
-40.0,-52.0,-10.0,79.0
-32.0,-52.0,-10.0,547.0
-30.0,-52.0,-10.0,547.0
-28.0,-52.0,-10.0,547.0
-26.0,-52.0,-10.0,547.0
-24.0,-52.0,-10.0,547.0
-22.0,-52.0,-10.0,371.0
-20.0,-52.0,-10.0,371.0
-18.0,-52.0,-10.0,371.0
-16.0,-52.0,-10.0,371.0
14.0,-52.0,-10.0,451.0
16.0,-52.0,-10.0,451.0
18.0,-52.0,-10.0,451.0
20.0,-52.0,-10.0,451.0
22.0,-52.0,-10.0,451.0
24.0,-52.0,-10.0,451.0
26.0,-52.0,-10.0,451.0
28.0,-52.0,-10.0,451.0
40.0,-52.0,-10.0,476.0
42.0,-52.0,-10.0,476.0
44.0,-52.0,-10.0,476.0
46.0,-52.0,-10.0,476.0
48.0,-52.0,-10.0,581.0
50.0,-52.0,-10.0,11.0
52.0,-52.0,-10.0,11.0
54.0,-52.0,-10.0,11.0
56.0,-52.0,-10.0,11.0
58.0,-52.0,-10.0,11.0
60.0,-52.0,-10.0,11.0
62.0,-52.0,-10.0,11.0
64.0,-52.0,-10.0,11.0
66.0,-52.0,-10.0,11.0
-66.0,-50.0,-10.0,535.0
-64.0,-50.0,-10.0,535.0
-62.0,-50.0,-10.0,535.0
-60.0,-50.0,-10.0,535.0
-58.0,-50.0,-10.0,137.0
-56.0,-50.0,-10.0,137.0
-54.0,-50.0,-10.0,137.0
-52.0,-50.0,-10.0,507.0
-50.0,-50.0,-10.0,507.0
-48.0,-50.0,-10.0,507.0
-46.0,-50.0,-10.0,507.0
-44.0,-50.0,-10.0,79.0
-42.0,-50.0,-10.0,79.0
-26.0,-50.0,-10.0,547.0
-24.0,-50.0,-10.0,547.0
-22.0,-50.0,-10.0,371.0
-20.0,-50.0,-10.0,371.0
-18.0,-50.0,-10.0,371.0
-16.0,-50.0,-10.0,371.0
14.0,-50.0,-10.0,513.0
16.0,-50.0,-10.0,451.0
18.0,-50.0,-10.0,451.0
20.0,-50.0,-10.0,451.0
22.0,-50.0,-10.0,451.0
24.0,-50.0,-10.0,451.0
26.0,-50.0,-10.0,451.0
40.0,-50.0,-10.0,316.0
42.0,-50.0,-10.0,316.0
44.0,-50.0,-10.0,316.0
46.0,-50.0,-10.0,336.0
48.0,-50.0,-10.0,581.0
50.0,-50.0,-10.0,581.0
52.0,-50.0,-10.0,11.0
54.0,-50.0,-10.0,11.0
56.0,-50.0,-10.0,11.0
58.0,-50.0,-10.0,11.0
60.0,-50.0,-10.0,11.0
62.0,-50.0,-10.0,11.0
64.0,-50.0,-10.0,11.0
66.0,-50.0,-10.0,11.0
-68.0,-48.0,-10.0,535.0
-66.0,-48.0,-10.0,535.0
-64.0,-48.0,-10.0,535.0
-62.0,-48.0,-10.0,535.0
-60.0,-48.0,-10.0,535.0
-58.0,-48.0,-10.0,535.0
-56.0,-48.0,-10.0,137.0
-54.0,-48.0,-10.0,137.0
-52.0,-48.0,-10.0,507.0
-50.0,-48.0,-10.0,507.0
-48.0,-48.0,-10.0,507.0
-46.0,-48.0,-10.0,507.0
-44.0,-48.0,-10.0,507.0
-42.0,-48.0,-10.0,507.0
-28.0,-48.0,-10.0,547.0
-26.0,-48.0,-10.0,547.0
-24.0,-48.0,-10.0,371.0
-22.0,-48.0,-10.0,371.0
-20.0,-48.0,-10.0,371.0
-18.0,-48.0,-10.0,371.0
-16.0,-48.0,-10.0,371.0
14.0,-48.0,-10.0,513.0
16.0,-48.0,-10.0,513.0
18.0,-48.0,-10.0,513.0
20.0,-48.0,-10.0,513.0
22.0,-48.0,-10.0,451.0
24.0,-48.0,-10.0,451.0
42.0,-48.0,-10.0,273.0
44.0,-48.0,-10.0,336.0
46.0,-48.0,-10.0,336.0
48.0,-48.0,-10.0,336.0
50.0,-48.0,-10.0,581.0
52.0,-48.0,-10.0,581.0
54.0,-48.0,-10.0,11.0
56.0,-48.0,-10.0,11.0
58.0,-48.0,-10.0,11.0
60.0,-48.0,-10.0,11.0
62.0,-48.0,-10.0,11.0
64.0,-48.0,-10.0,11.0
66.0,-48.0,-10.0,11.0
-68.0,-46.0,-10.0,535.0
-66.0,-46.0,-10.0,535.0
-64.0,-46.0,-10.0,535.0
-62.0,-46.0,-10.0,535.0
-60.0,-46.0,-10.0,535.0
-58.0,-46.0,-10.0,535.0
-56.0,-46.0,-10.0,137.0
-54.0,-46.0,-10.0,507.0
-52.0,-46.0,-10.0,507.0
-50.0,-46.0,-10.0,507.0
-48.0,-46.0,-10.0,507.0
-46.0,-46.0,-10.0,507.0
-44.0,-46.0,-10.0,507.0
-26.0,-46.0,-10.0,547.0
-24.0,-46.0,-10.0,371.0
-22.0,-46.0,-10.0,371.0
-20.0,-46.0,-10.0,371.0
-18.0,-46.0,-10.0,371.0
-16.0,-46.0,-10.0,371.0
-14.0,-46.0,-10.0,371.0
14.0,-46.0,-10.0,513.0
16.0,-46.0,-10.0,513.0
18.0,-46.0,-10.0,513.0
20.0,-46.0,-10.0,513.0
22.0,-46.0,-10.0,513.0
24.0,-46.0,-10.0,513.0
42.0,-46.0,-10.0,273.0
44.0,-46.0,-10.0,273.0
46.0,-46.0,-10.0,336.0
48.0,-46.0,-10.0,336.0
50.0,-46.0,-10.0,336.0
52.0,-46.0,-10.0,581.0
54.0,-46.0,-10.0,11.0
56.0,-46.0,-10.0,11.0
58.0,-46.0,-10.0,11.0
60.0,-46.0,-10.0,11.0
62.0,-46.0,-10.0,11.0
64.0,-46.0,-10.0,11.0
66.0,-46.0,-10.0,11.0
68.0,-46.0,-10.0,11.0
-68.0,-44.0,-10.0,535.0
-66.0,-44.0,-10.0,535.0
-64.0,-44.0,-10.0,535.0
-62.0,-44.0,-10.0,535.0
-60.0,-44.0,-10.0,535.0
-58.0,-44.0,-10.0,535.0
-56.0,-44.0,-10.0,535.0
-54.0,-44.0,-10.0,507.0
-52.0,-44.0,-10.0,507.0
-26.0,-44.0,-10.0,547.0
-24.0,-44.0,-10.0,371.0
-22.0,-44.0,-10.0,371.0
-20.0,-44.0,-10.0,371.0
-18.0,-44.0,-10.0,371.0
-16.0,-44.0,-10.0,371.0
-14.0,-44.0,-10.0,371.0
14.0,-44.0,-10.0,513.0
16.0,-44.0,-10.0,513.0
18.0,-44.0,-10.0,513.0
20.0,-44.0,-10.0,513.0
22.0,-44.0,-10.0,513.0
24.0,-44.0,-10.0,513.0
44.0,-44.0,-10.0,273.0
46.0,-44.0,-10.0,273.0
48.0,-44.0,-10.0,336.0
52.0,-44.0,-10.0,336.0
54.0,-44.0,-10.0,581.0
56.0,-44.0,-10.0,11.0
58.0,-44.0,-10.0,11.0
60.0,-44.0,-10.0,11.0
62.0,-44.0,-10.0,11.0
64.0,-44.0,-10.0,11.0
66.0,-44.0,-10.0,11.0
68.0,-44.0,-10.0,11.0
-68.0,-42.0,-10.0,535.0
-66.0,-42.0,-10.0,535.0
-64.0,-42.0,-10.0,535.0
-62.0,-42.0,-10.0,535.0
-60.0,-42.0,-10.0,535.0
-58.0,-42.0,-10.0,535.0
-56.0,-42.0,-10.0,535.0
-54.0,-42.0,-10.0,507.0
-52.0,-42.0,-10.0,507.0
-34.0,-42.0,-10.0,492.0
-32.0,-42.0,-10.0,492.0
-30.0,-42.0,-10.0,492.0
-26.0,-42.0,-10.0,492.0
-24.0,-42.0,-10.0,492.0
-22.0,-42.0,-10.0,371.0
-20.0,-42.0,-10.0,371.0
-18.0,-42.0,-10.0,371.0
-16.0,-42.0,-10.0,371.0
-14.0,-42.0,-10.0,371.0
12.0,-42.0,-10.0,513.0
14.0,-42.0,-10.0,513.0
16.0,-42.0,-10.0,513.0
18.0,-42.0,-10.0,513.0
20.0,-42.0,-10.0,513.0
32.0,-42.0,-10.0,273.0
52.0,-42.0,-10.0,269.0
54.0,-42.0,-10.0,269.0
56.0,-42.0,-10.0,269.0
58.0,-42.0,-10.0,11.0
60.0,-42.0,-10.0,11.0
62.0,-42.0,-10.0,11.0
64.0,-42.0,-10.0,11.0
66.0,-42.0,-10.0,11.0
68.0,-42.0,-10.0,11.0
-70.0,-40.0,-10.0,535.0
-68.0,-40.0,-10.0,535.0
-66.0,-40.0,-10.0,535.0
-64.0,-40.0,-10.0,535.0
-62.0,-40.0,-10.0,535.0
-60.0,-40.0,-10.0,535.0
-58.0,-40.0,-10.0,535.0
-56.0,-40.0,-10.0,535.0
-54.0,-40.0,-10.0,535.0
-52.0,-40.0,-10.0,507.0
-32.0,-40.0,-10.0,492.0
-30.0,-40.0,-10.0,492.0
-26.0,-40.0,-10.0,492.0
-24.0,-40.0,-10.0,492.0
-22.0,-40.0,-10.0,492.0
-20.0,-40.0,-10.0,492.0
-18.0,-40.0,-10.0,371.0
-16.0,-40.0,-10.0,371.0
14.0,-40.0,-10.0,513.0
16.0,-40.0,-10.0,513.0
18.0,-40.0,-10.0,513.0
52.0,-40.0,-10.0,269.0
54.0,-40.0,-10.0,269.0
56.0,-40.0,-10.0,269.0
58.0,-40.0,-10.0,269.0
60.0,-40.0,-10.0,11.0
62.0,-40.0,-10.0,11.0
64.0,-40.0,-10.0,11.0
66.0,-40.0,-10.0,11.0
68.0,-40.0,-10.0,11.0
-70.0,-38.0,-10.0,535.0
-68.0,-38.0,-10.0,535.0
-66.0,-38.0,-10.0,535.0
-64.0,-38.0,-10.0,535.0
-62.0,-38.0,-10.0,535.0
-60.0,-38.0,-10.0,535.0
-58.0,-38.0,-10.0,535.0
-56.0,-38.0,-10.0,535.0
-54.0,-38.0,-10.0,535.0
-32.0,-38.0,-10.0,492.0
-30.0,-38.0,-10.0,492.0
54.0,-38.0,-10.0,269.0
56.0,-38.0,-10.0,269.0
58.0,-38.0,-10.0,436.0
60.0,-38.0,-10.0,436.0
62.0,-38.0,-10.0,436.0
64.0,-38.0,-10.0,436.0
66.0,-38.0,-10.0,436.0
68.0,-38.0,-10.0,26.0
-70.0,-36.0,-10.0,535.0
-68.0,-36.0,-10.0,535.0
-66.0,-36.0,-10.0,535.0
-64.0,-36.0,-10.0,535.0
-62.0,-36.0,-10.0,38.0
-60.0,-36.0,-10.0,38.0
-58.0,-36.0,-10.0,38.0
-56.0,-36.0,-10.0,38.0
-54.0,-36.0,-10.0,38.0
14.0,-36.0,-10.0,513.0
16.0,-36.0,-10.0,513.0
54.0,-36.0,-10.0,436.0
56.0,-36.0,-10.0,436.0
58.0,-36.0,-10.0,436.0
60.0,-36.0,-10.0,436.0
62.0,-36.0,-10.0,436.0
64.0,-36.0,-10.0,436.0
66.0,-36.0,-10.0,436.0
68.0,-36.0,-10.0,26.0
-70.0,-34.0,-10.0,38.0
-68.0,-34.0,-10.0,38.0
-66.0,-34.0,-10.0,38.0
-64.0,-34.0,-10.0,38.0
-62.0,-34.0,-10.0,38.0
-60.0,-34.0,-10.0,38.0
-58.0,-34.0,-10.0,38.0
-56.0,-34.0,-10.0,38.0
14.0,-34.0,-10.0,513.0
16.0,-34.0,-10.0,513.0
54.0,-34.0,-10.0,436.0
56.0,-34.0,-10.0,436.0
58.0,-34.0,-10.0,436.0
60.0,-34.0,-10.0,436.0
62.0,-34.0,-10.0,436.0
64.0,-34.0,-10.0,436.0
66.0,-34.0,-10.0,436.0
68.0,-34.0,-10.0,26.0
-70.0,-32.0,-10.0,38.0
-68.0,-32.0,-10.0,38.0
-66.0,-32.0,-10.0,38.0
-64.0,-32.0,-10.0,38.0
-62.0,-32.0,-10.0,38.0
-60.0,-32.0,-10.0,38.0
-58.0,-32.0,-10.0,38.0
14.0,-32.0,-10.0,513.0
16.0,-32.0,-10.0,513.0
54.0,-32.0,-10.0,436.0
56.0,-32.0,-10.0,436.0
58.0,-32.0,-10.0,436.0
60.0,-32.0,-10.0,436.0
62.0,-32.0,-10.0,436.0
64.0,-32.0,-10.0,436.0
66.0,-32.0,-10.0,436.0
68.0,-32.0,-10.0,26.0
70.0,-32.0,-10.0,26.0
-70.0,-30.0,-10.0,38.0
-68.0,-30.0,-10.0,38.0
-66.0,-30.0,-10.0,38.0
-64.0,-30.0,-10.0,38.0
-62.0,-30.0,-10.0,38.0
-60.0,-30.0,-10.0,38.0
-58.0,-30.0,-10.0,38.0
-32.0,-30.0,-10.0,492.0
-30.0,-30.0,-10.0,492.0
-28.0,-30.0,-10.0,492.0
-26.0,-30.0,-10.0,492.0
16.0,-30.0,-10.0,513.0
52.0,-30.0,-10.0,436.0
54.0,-30.0,-10.0,436.0
56.0,-30.0,-10.0,436.0
58.0,-30.0,-10.0,436.0
60.0,-30.0,-10.0,436.0
62.0,-30.0,-10.0,436.0
64.0,-30.0,-10.0,436.0
66.0,-30.0,-10.0,436.0
68.0,-30.0,-10.0,26.0
70.0,-30.0,-10.0,26.0
-70.0,-28.0,-10.0,38.0
-68.0,-28.0,-10.0,38.0
-66.0,-28.0,-10.0,38.0
-64.0,-28.0,-10.0,38.0
-62.0,-28.0,-10.0,38.0
-60.0,-28.0,-10.0,38.0
-58.0,-28.0,-10.0,38.0
-56.0,-28.0,-10.0,38.0
-54.0,-28.0,-10.0,38.0
-34.0,-28.0,-10.0,490.0
-32.0,-28.0,-10.0,492.0
-30.0,-28.0,-10.0,492.0
-28.0,-28.0,-10.0,492.0
-26.0,-28.0,-10.0,492.0
-24.0,-28.0,-10.0,492.0
52.0,-28.0,-10.0,436.0
54.0,-28.0,-10.0,436.0
56.0,-28.0,-10.0,436.0
58.0,-28.0,-10.0,436.0
60.0,-28.0,-10.0,436.0
62.0,-28.0,-10.0,436.0
64.0,-28.0,-10.0,436.0
66.0,-28.0,-10.0,436.0
68.0,-28.0,-10.0,26.0
70.0,-28.0,-10.0,26.0
-70.0,-26.0,-10.0,417.0
-68.0,-26.0,-10.0,417.0
-66.0,-26.0,-10.0,417.0
-64.0,-26.0,-10.0,38.0
-62.0,-26.0,-10.0,38.0
-60.0,-26.0,-10.0,38.0
-58.0,-26.0,-10.0,38.0
-56.0,-26.0,-10.0,38.0
-54.0,-26.0,-10.0,38.0
-52.0,-26.0,-10.0,38.0
-50.0,-26.0,-10.0,38.0
-48.0,-26.0,-10.0,490.0
-34.0,-26.0,-10.0,490.0
-32.0,-26.0,-10.0,492.0
-30.0,-26.0,-10.0,492.0
-28.0,-26.0,-10.0,492.0
-26.0,-26.0,-10.0,492.0
48.0,-26.0,-10.0,321.0
50.0,-26.0,-10.0,436.0
52.0,-26.0,-10.0,436.0
54.0,-26.0,-10.0,436.0
56.0,-26.0,-10.0,436.0
58.0,-26.0,-10.0,436.0
60.0,-26.0,-10.0,436.0
62.0,-26.0,-10.0,436.0
64.0,-26.0,-10.0,436.0
66.0,-26.0,-10.0,436.0
68.0,-26.0,-10.0,26.0
70.0,-26.0,-10.0,26.0
-70.0,-24.0,-10.0,417.0
-68.0,-24.0,-10.0,417.0
-66.0,-24.0,-10.0,417.0
-64.0,-24.0,-10.0,417.0
-62.0,-24.0,-10.0,417.0
-60.0,-24.0,-10.0,417.0
-58.0,-24.0,-10.0,417.0
-56.0,-24.0,-10.0,38.0
-54.0,-24.0,-10.0,38.0
-52.0,-24.0,-10.0,38.0
-50.0,-24.0,-10.0,38.0
-48.0,-24.0,-10.0,490.0
-46.0,-24.0,-10.0,490.0
-34.0,-24.0,-10.0,490.0
-32.0,-24.0,-10.0,490.0
-30.0,-24.0,-10.0,492.0
-28.0,-24.0,-10.0,492.0
-26.0,-24.0,-10.0,492.0
46.0,-24.0,-10.0,321.0
48.0,-24.0,-10.0,321.0
50.0,-24.0,-10.0,321.0
52.0,-24.0,-10.0,436.0
54.0,-24.0,-10.0,436.0
56.0,-24.0,-10.0,436.0
58.0,-24.0,-10.0,436.0
60.0,-24.0,-10.0,436.0
62.0,-24.0,-10.0,436.0
64.0,-24.0,-10.0,436.0
66.0,-24.0,-10.0,436.0
68.0,-24.0,-10.0,26.0
70.0,-24.0,-10.0,26.0
-70.0,-22.0,-10.0,417.0
-68.0,-22.0,-10.0,417.0
-66.0,-22.0,-10.0,417.0
-64.0,-22.0,-10.0,417.0
-62.0,-22.0,-10.0,417.0
-60.0,-22.0,-10.0,417.0
-58.0,-22.0,-10.0,417.0
-56.0,-22.0,-10.0,417.0
-54.0,-22.0,-10.0,417.0
-52.0,-22.0,-10.0,417.0
-50.0,-22.0,-10.0,417.0
-48.0,-22.0,-10.0,490.0
-46.0,-22.0,-10.0,490.0
-34.0,-22.0,-10.0,490.0
-32.0,-22.0,-10.0,490.0
-30.0,-22.0,-10.0,492.0
30.0,-22.0,-10.0,430.0
32.0,-22.0,-10.0,430.0
46.0,-22.0,-10.0,321.0
48.0,-22.0,-10.0,321.0
50.0,-22.0,-10.0,321.0
52.0,-22.0,-10.0,321.0
54.0,-22.0,-10.0,436.0
56.0,-22.0,-10.0,436.0
58.0,-22.0,-10.0,436.0
60.0,-22.0,-10.0,436.0
62.0,-22.0,-10.0,436.0
64.0,-22.0,-10.0,436.0
66.0,-22.0,-10.0,436.0
68.0,-22.0,-10.0,26.0
70.0,-22.0,-10.0,26.0
-70.0,-20.0,-10.0,417.0
-68.0,-20.0,-10.0,417.0
-66.0,-20.0,-10.0,417.0
-64.0,-20.0,-10.0,417.0
-62.0,-20.0,-10.0,417.0
-60.0,-20.0,-10.0,417.0
-58.0,-20.0,-10.0,417.0
-56.0,-20.0,-10.0,417.0
-54.0,-20.0,-10.0,417.0
-52.0,-20.0,-10.0,417.0
-50.0,-20.0,-10.0,558.0
-48.0,-20.0,-10.0,490.0
-46.0,-20.0,-10.0,490.0
32.0,-20.0,-10.0,430.0
46.0,-20.0,-10.0,321.0
48.0,-20.0,-10.0,321.0
50.0,-20.0,-10.0,321.0
52.0,-20.0,-10.0,321.0
54.0,-20.0,-10.0,436.0
56.0,-20.0,-10.0,436.0
58.0,-20.0,-10.0,436.0
60.0,-20.0,-10.0,436.0
62.0,-20.0,-10.0,436.0
64.0,-20.0,-10.0,70.0
66.0,-20.0,-10.0,70.0
68.0,-20.0,-10.0,70.0
-70.0,-18.0,-10.0,417.0
-68.0,-18.0,-10.0,417.0
-66.0,-18.0,-10.0,417.0
-64.0,-18.0,-10.0,417.0
-62.0,-18.0,-10.0,417.0
-60.0,-18.0,-10.0,417.0
-58.0,-18.0,-10.0,417.0
-56.0,-18.0,-10.0,417.0
-54.0,-18.0,-10.0,417.0
-52.0,-18.0,-10.0,13.0
-50.0,-18.0,-10.0,564.0
-48.0,-18.0,-10.0,558.0
-46.0,-18.0,-10.0,490.0
46.0,-18.0,-10.0,321.0
48.0,-18.0,-10.0,321.0
50.0,-18.0,-10.0,321.0
52.0,-18.0,-10.0,321.0
54.0,-18.0,-10.0,321.0
56.0,-18.0,-10.0,436.0
58.0,-18.0,-10.0,436.0
60.0,-18.0,-10.0,70.0
62.0,-18.0,-10.0,70.0
64.0,-18.0,-10.0,70.0
66.0,-18.0,-10.0,70.0
68.0,-18.0,-10.0,70.0
-70.0,-16.0,-10.0,417.0
-68.0,-16.0,-10.0,417.0
-66.0,-16.0,-10.0,417.0
-64.0,-16.0,-10.0,417.0
-62.0,-16.0,-10.0,417.0
-60.0,-16.0,-10.0,417.0
-58.0,-16.0,-10.0,13.0
-56.0,-16.0,-10.0,13.0
-54.0,-16.0,-10.0,13.0
-52.0,-16.0,-10.0,564.0
-50.0,-16.0,-10.0,564.0
-48.0,-16.0,-10.0,94.0
-46.0,-16.0,-10.0,94.0
44.0,-16.0,-10.0,321.0
46.0,-16.0,-10.0,321.0
48.0,-16.0,-10.0,321.0
50.0,-16.0,-10.0,321.0
52.0,-16.0,-10.0,321.0
54.0,-16.0,-10.0,321.0
56.0,-16.0,-10.0,70.0
58.0,-16.0,-10.0,70.0
60.0,-16.0,-10.0,70.0
62.0,-16.0,-10.0,70.0
64.0,-16.0,-10.0,70.0
66.0,-16.0,-10.0,70.0
68.0,-16.0,-10.0,70.0
-70.0,-14.0,-10.0,417.0
-68.0,-14.0,-10.0,417.0
-66.0,-14.0,-10.0,417.0
-64.0,-14.0,-10.0,13.0
-62.0,-14.0,-10.0,13.0
-60.0,-14.0,-10.0,13.0
-58.0,-14.0,-10.0,13.0
-56.0,-14.0,-10.0,564.0
-54.0,-14.0,-10.0,564.0
-52.0,-14.0,-10.0,564.0
-50.0,-14.0,-10.0,564.0
-48.0,-14.0,-10.0,94.0
-46.0,-14.0,-10.0,94.0
40.0,-14.0,-10.0,457.0
42.0,-14.0,-10.0,321.0
44.0,-14.0,-10.0,321.0
46.0,-14.0,-10.0,321.0
48.0,-14.0,-10.0,321.0
50.0,-14.0,-10.0,321.0
52.0,-14.0,-10.0,321.0
54.0,-14.0,-10.0,321.0
56.0,-14.0,-10.0,70.0
58.0,-14.0,-10.0,70.0
60.0,-14.0,-10.0,70.0
62.0,-14.0,-10.0,70.0
64.0,-14.0,-10.0,70.0
66.0,-14.0,-10.0,70.0
68.0,-14.0,-10.0,70.0
-70.0,-12.0,-10.0,13.0
-68.0,-12.0,-10.0,13.0
-66.0,-12.0,-10.0,13.0
-64.0,-12.0,-10.0,13.0
-62.0,-12.0,-10.0,13.0
-60.0,-12.0,-10.0,13.0
-58.0,-12.0,-10.0,564.0
-56.0,-12.0,-10.0,564.0
-54.0,-12.0,-10.0,564.0
-52.0,-12.0,-10.0,564.0
-50.0,-12.0,-10.0,564.0
-48.0,-12.0,-10.0,94.0
-46.0,-12.0,-10.0,94.0
-44.0,-12.0,-10.0,94.0
-42.0,-12.0,-10.0,198.0
38.0,-12.0,-10.0,457.0
40.0,-12.0,-10.0,457.0
42.0,-12.0,-10.0,457.0
44.0,-12.0,-10.0,321.0
46.0,-12.0,-10.0,321.0
48.0,-12.0,-10.0,321.0
50.0,-12.0,-10.0,321.0
52.0,-12.0,-10.0,463.0
54.0,-12.0,-10.0,463.0
56.0,-12.0,-10.0,70.0
58.0,-12.0,-10.0,70.0
60.0,-12.0,-10.0,70.0
62.0,-12.0,-10.0,70.0
64.0,-12.0,-10.0,70.0
66.0,-12.0,-10.0,70.0
-68.0,-10.0,-10.0,13.0
-66.0,-10.0,-10.0,13.0
-64.0,-10.0,-10.0,13.0
-62.0,-10.0,-10.0,13.0
-60.0,-10.0,-10.0,564.0
-58.0,-10.0,-10.0,564.0
-56.0,-10.0,-10.0,564.0
-54.0,-10.0,-10.0,564.0
-52.0,-10.0,-10.0,115.0
-50.0,-10.0,-10.0,115.0
-48.0,-10.0,-10.0,115.0
-46.0,-10.0,-10.0,115.0
-44.0,-10.0,-10.0,94.0
-42.0,-10.0,-10.0,198.0
-40.0,-10.0,-10.0,198.0
38.0,-10.0,-10.0,457.0
40.0,-10.0,-10.0,457.0
42.0,-10.0,-10.0,457.0
44.0,-10.0,-10.0,457.0
46.0,-10.0,-10.0,321.0
48.0,-10.0,-10.0,321.0
50.0,-10.0,-10.0,463.0
52.0,-10.0,-10.0,463.0
54.0,-10.0,-10.0,463.0
56.0,-10.0,-10.0,70.0
58.0,-10.0,-10.0,70.0
60.0,-10.0,-10.0,70.0
62.0,-10.0,-10.0,70.0
64.0,-10.0,-10.0,70.0
66.0,-10.0,-10.0,70.0
-68.0,-8.0,-10.0,397.0
-66.0,-8.0,-10.0,397.0
-64.0,-8.0,-10.0,564.0
-62.0,-8.0,-10.0,564.0
-60.0,-8.0,-10.0,564.0
-58.0,-8.0,-10.0,564.0
-56.0,-8.0,-10.0,115.0
-54.0,-8.0,-10.0,115.0
-52.0,-8.0,-10.0,115.0
-50.0,-8.0,-10.0,115.0
-48.0,-8.0,-10.0,115.0
-46.0,-8.0,-10.0,115.0
-44.0,-8.0,-10.0,115.0
-42.0,-8.0,-10.0,591.0
-40.0,-8.0,-10.0,591.0
40.0,-8.0,-10.0,457.0
42.0,-8.0,-10.0,457.0
44.0,-8.0,-10.0,355.0
46.0,-8.0,-10.0,355.0
48.0,-8.0,-10.0,463.0
50.0,-8.0,-10.0,463.0
52.0,-8.0,-10.0,463.0
54.0,-8.0,-10.0,463.0
56.0,-8.0,-10.0,70.0
58.0,-8.0,-10.0,70.0
60.0,-8.0,-10.0,70.0
62.0,-8.0,-10.0,70.0
64.0,-8.0,-10.0,70.0
66.0,-8.0,-10.0,70.0
-68.0,-6.0,-10.0,397.0
-66.0,-6.0,-10.0,397.0
-64.0,-6.0,-10.0,397.0
-62.0,-6.0,-10.0,397.0
-60.0,-6.0,-10.0,115.0
-58.0,-6.0,-10.0,115.0
-56.0,-6.0,-10.0,115.0
-54.0,-6.0,-10.0,115.0
-52.0,-6.0,-10.0,115.0
-50.0,-6.0,-10.0,115.0
-48.0,-6.0,-10.0,115.0
-46.0,-6.0,-10.0,115.0
-44.0,-6.0,-10.0,115.0
-42.0,-6.0,-10.0,591.0
-40.0,-6.0,-10.0,591.0
-32.0,-6.0,-10.0,198.0
-30.0,-6.0,-10.0,198.0
44.0,-6.0,-10.0,355.0
46.0,-6.0,-10.0,355.0
48.0,-6.0,-10.0,355.0
50.0,-6.0,-10.0,463.0
52.0,-6.0,-10.0,463.0
54.0,-6.0,-10.0,463.0
56.0,-6.0,-10.0,70.0
58.0,-6.0,-10.0,70.0
60.0,-6.0,-10.0,70.0
62.0,-6.0,-10.0,70.0
64.0,-6.0,-10.0,70.0
66.0,-6.0,-10.0,70.0
-66.0,-4.0,-10.0,397.0
-64.0,-4.0,-10.0,397.0
-62.0,-4.0,-10.0,397.0
-60.0,-4.0,-10.0,115.0
-58.0,-4.0,-10.0,115.0
-56.0,-4.0,-10.0,115.0
-54.0,-4.0,-10.0,115.0
-52.0,-4.0,-10.0,115.0
-50.0,-4.0,-10.0,115.0
-48.0,-4.0,-10.0,115.0
-46.0,-4.0,-10.0,115.0
-44.0,-4.0,-10.0,115.0
-42.0,-4.0,-10.0,115.0
-40.0,-4.0,-10.0,591.0
-32.0,-4.0,-10.0,591.0
-30.0,-4.0,-10.0,198.0
40.0,-4.0,-10.0,355.0
42.0,-4.0,-10.0,355.0
44.0,-4.0,-10.0,355.0
46.0,-4.0,-10.0,355.0
48.0,-4.0,-10.0,355.0
50.0,-4.0,-10.0,355.0
52.0,-4.0,-10.0,463.0
54.0,-4.0,-10.0,456.0
56.0,-4.0,-10.0,70.0
58.0,-4.0,-10.0,70.0
60.0,-4.0,-10.0,70.0
62.0,-4.0,-10.0,70.0
64.0,-4.0,-10.0,70.0
-64.0,-2.0,-10.0,397.0
-62.0,-2.0,-10.0,397.0
-60.0,-2.0,-10.0,397.0
-58.0,-2.0,-10.0,115.0
-56.0,-2.0,-10.0,115.0
-54.0,-2.0,-10.0,115.0
-52.0,-2.0,-10.0,115.0
-50.0,-2.0,-10.0,115.0
-48.0,-2.0,-10.0,115.0
-46.0,-2.0,-10.0,115.0
-44.0,-2.0,-10.0,115.0
-42.0,-2.0,-10.0,278.0
-40.0,-2.0,-10.0,278.0
-32.0,-2.0,-10.0,591.0
-30.0,-2.0,-10.0,401.0
38.0,-2.0,-10.0,314.0
40.0,-2.0,-10.0,314.0
42.0,-2.0,-10.0,355.0
44.0,-2.0,-10.0,355.0
46.0,-2.0,-10.0,355.0
48.0,-2.0,-10.0,355.0
50.0,-2.0,-10.0,355.0
52.0,-2.0,-10.0,241.0
54.0,-2.0,-10.0,241.0
56.0,-2.0,-10.0,241.0
58.0,-2.0,-10.0,70.0
60.0,-2.0,-10.0,70.0
62.0,-2.0,-10.0,70.0
-64.0,-0.0,-10.0,397.0
-62.0,-0.0,-10.0,397.0
-60.0,-0.0,-10.0,397.0
-58.0,-0.0,-10.0,115.0
-56.0,-0.0,-10.0,115.0
-54.0,-0.0,-10.0,115.0
-52.0,-0.0,-10.0,115.0
-50.0,-0.0,-10.0,115.0
-48.0,-0.0,-10.0,115.0
-46.0,-0.0,-10.0,115.0
-44.0,-0.0,-10.0,278.0
-42.0,-0.0,-10.0,278.0
-40.0,-0.0,-10.0,278.0
-32.0,-0.0,-10.0,401.0
-30.0,-0.0,-10.0,401.0
38.0,-0.0,-10.0,314.0
40.0,-0.0,-10.0,314.0
42.0,-0.0,-10.0,314.0
46.0,-0.0,-10.0,355.0
48.0,-0.0,-10.0,355.0
50.0,-0.0,-10.0,241.0
52.0,-0.0,-10.0,241.0
54.0,-0.0,-10.0,241.0
56.0,-0.0,-10.0,241.0
58.0,-0.0,-10.0,241.0
60.0,-0.0,-10.0,241.0
62.0,-0.0,-10.0,70.0
-62.0,2.0,-10.0,397.0
-60.0,2.0,-10.0,397.0
-58.0,2.0,-10.0,477.0
-56.0,2.0,-10.0,477.0
-54.0,2.0,-10.0,477.0
-52.0,2.0,-10.0,477.0
-50.0,2.0,-10.0,477.0
-48.0,2.0,-10.0,115.0
-46.0,2.0,-10.0,278.0
-32.0,2.0,-10.0,401.0
-30.0,2.0,-10.0,401.0
38.0,2.0,-10.0,314.0
40.0,2.0,-10.0,314.0
42.0,2.0,-10.0,314.0
46.0,2.0,-10.0,314.0
48.0,2.0,-10.0,241.0
50.0,2.0,-10.0,241.0
52.0,2.0,-10.0,241.0
54.0,2.0,-10.0,241.0
56.0,2.0,-10.0,241.0
58.0,2.0,-10.0,241.0
60.0,2.0,-10.0,241.0
-62.0,4.0,-10.0,397.0
-60.0,4.0,-10.0,397.0
-58.0,4.0,-10.0,477.0
-56.0,4.0,-10.0,477.0
-54.0,4.0,-10.0,477.0
-52.0,4.0,-10.0,477.0
-50.0,4.0,-10.0,477.0
-48.0,4.0,-10.0,477.0
-30.0,4.0,-10.0,401.0
24.0,4.0,-10.0,165.0
26.0,4.0,-10.0,165.0
38.0,4.0,-10.0,314.0
40.0,4.0,-10.0,314.0
42.0,4.0,-10.0,314.0
46.0,4.0,-10.0,314.0
48.0,4.0,-10.0,314.0
50.0,4.0,-10.0,241.0
52.0,4.0,-10.0,241.0
54.0,4.0,-10.0,241.0
56.0,4.0,-10.0,241.0
58.0,4.0,-10.0,241.0
60.0,4.0,-10.0,241.0
-62.0,6.0,-10.0,397.0
-60.0,6.0,-10.0,477.0
-58.0,6.0,-10.0,477.0
-56.0,6.0,-10.0,477.0
-54.0,6.0,-10.0,477.0
-52.0,6.0,-10.0,477.0
-50.0,6.0,-10.0,477.0
-48.0,6.0,-10.0,477.0
-28.0,6.0,-10.0,401.0
-26.0,6.0,-10.0,401.0
18.0,6.0,-10.0,414.0
20.0,6.0,-10.0,536.0
22.0,6.0,-10.0,165.0
24.0,6.0,-10.0,165.0
26.0,6.0,-10.0,165.0
28.0,6.0,-10.0,165.0
38.0,6.0,-10.0,314.0
40.0,6.0,-10.0,314.0
42.0,6.0,-10.0,314.0
46.0,6.0,-10.0,314.0
48.0,6.0,-10.0,314.0
50.0,6.0,-10.0,241.0
52.0,6.0,-10.0,241.0
54.0,6.0,-10.0,241.0
56.0,6.0,-10.0,241.0
58.0,6.0,-10.0,241.0
60.0,6.0,-10.0,241.0
-60.0,8.0,-10.0,477.0
-58.0,8.0,-10.0,477.0
-56.0,8.0,-10.0,477.0
-54.0,8.0,-10.0,477.0
-52.0,8.0,-10.0,477.0
-50.0,8.0,-10.0,477.0
-48.0,8.0,-10.0,477.0
-42.0,8.0,-10.0,278.0
-28.0,8.0,-10.0,401.0
-26.0,8.0,-10.0,401.0
-24.0,8.0,-10.0,401.0
-22.0,8.0,-10.0,401.0
-20.0,8.0,-10.0,401.0
-18.0,8.0,-10.0,395.0
14.0,8.0,-10.0,414.0
16.0,8.0,-10.0,414.0
18.0,8.0,-10.0,536.0
20.0,8.0,-10.0,536.0
22.0,8.0,-10.0,536.0
24.0,8.0,-10.0,165.0
26.0,8.0,-10.0,165.0
28.0,8.0,-10.0,165.0
38.0,8.0,-10.0,314.0
40.0,8.0,-10.0,314.0
42.0,8.0,-10.0,314.0
44.0,8.0,-10.0,314.0
46.0,8.0,-10.0,314.0
48.0,8.0,-10.0,314.0
50.0,8.0,-10.0,241.0
52.0,8.0,-10.0,241.0
54.0,8.0,-10.0,241.0
56.0,8.0,-10.0,241.0
58.0,8.0,-10.0,241.0
-60.0,10.0,-10.0,477.0
-58.0,10.0,-10.0,477.0
-56.0,10.0,-10.0,477.0
-54.0,10.0,-10.0,477.0
-52.0,10.0,-10.0,477.0
-50.0,10.0,-10.0,57.0
-48.0,10.0,-10.0,57.0
-44.0,10.0,-10.0,278.0
-42.0,10.0,-10.0,278.0
-40.0,10.0,-10.0,278.0
-38.0,10.0,-10.0,278.0
-28.0,10.0,-10.0,401.0
-26.0,10.0,-10.0,401.0
-24.0,10.0,-10.0,401.0
-22.0,10.0,-10.0,401.0
-20.0,10.0,-10.0,395.0
-18.0,10.0,-10.0,395.0
-16.0,10.0,-10.0,395.0
8.0,10.0,-10.0,414.0
10.0,10.0,-10.0,414.0
12.0,10.0,-10.0,414.0
14.0,10.0,-10.0,414.0
16.0,10.0,-10.0,414.0
18.0,10.0,-10.0,536.0
20.0,10.0,-10.0,536.0
22.0,10.0,-10.0,536.0
24.0,10.0,-10.0,536.0
26.0,10.0,-10.0,165.0
36.0,10.0,-10.0,314.0
38.0,10.0,-10.0,314.0
40.0,10.0,-10.0,314.0
42.0,10.0,-10.0,314.0
46.0,10.0,-10.0,314.0
48.0,10.0,-10.0,314.0
50.0,10.0,-10.0,241.0
52.0,10.0,-10.0,241.0
54.0,10.0,-10.0,241.0
56.0,10.0,-10.0,241.0
58.0,10.0,-10.0,241.0
-60.0,12.0,-10.0,477.0
-58.0,12.0,-10.0,477.0
-56.0,12.0,-10.0,477.0
-54.0,12.0,-10.0,477.0
-52.0,12.0,-10.0,57.0
-50.0,12.0,-10.0,57.0
-48.0,12.0,-10.0,57.0
-44.0,12.0,-10.0,57.0
-42.0,12.0,-10.0,271.0
-40.0,12.0,-10.0,278.0
-38.0,12.0,-10.0,278.0
-36.0,12.0,-10.0,278.0
-28.0,12.0,-10.0,401.0
-26.0,12.0,-10.0,401.0
-24.0,12.0,-10.0,401.0
-22.0,12.0,-10.0,132.0
-20.0,12.0,-10.0,132.0
-18.0,12.0,-10.0,132.0
-16.0,12.0,-10.0,395.0
-14.0,12.0,-10.0,589.0
-12.0,12.0,-10.0,589.0
-10.0,12.0,-10.0,589.0
-8.0,12.0,-10.0,589.0
6.0,12.0,-10.0,414.0
8.0,12.0,-10.0,414.0
10.0,12.0,-10.0,414.0
12.0,12.0,-10.0,414.0
14.0,12.0,-10.0,414.0
16.0,12.0,-10.0,414.0
18.0,12.0,-10.0,536.0
20.0,12.0,-10.0,536.0
22.0,12.0,-10.0,536.0
24.0,12.0,-10.0,536.0
26.0,12.0,-10.0,536.0
36.0,12.0,-10.0,314.0
38.0,12.0,-10.0,314.0
40.0,12.0,-10.0,314.0
42.0,12.0,-10.0,314.0
48.0,12.0,-10.0,314.0
50.0,12.0,-10.0,241.0
52.0,12.0,-10.0,241.0
54.0,12.0,-10.0,241.0
56.0,12.0,-10.0,241.0
58.0,12.0,-10.0,241.0
-58.0,14.0,-10.0,477.0
-56.0,14.0,-10.0,477.0
-54.0,14.0,-10.0,57.0
-52.0,14.0,-10.0,57.0
-50.0,14.0,-10.0,57.0
-48.0,14.0,-10.0,57.0
-44.0,14.0,-10.0,271.0
-42.0,14.0,-10.0,271.0
-40.0,14.0,-10.0,271.0
-38.0,14.0,-10.0,271.0
-36.0,14.0,-10.0,271.0
-26.0,14.0,-10.0,401.0
-24.0,14.0,-10.0,132.0
-22.0,14.0,-10.0,132.0
-20.0,14.0,-10.0,132.0
-18.0,14.0,-10.0,132.0
-16.0,14.0,-10.0,132.0
-14.0,14.0,-10.0,589.0
-12.0,14.0,-10.0,589.0
-10.0,14.0,-10.0,589.0
-8.0,14.0,-10.0,589.0
8.0,14.0,-10.0,560.0
10.0,14.0,-10.0,560.0
12.0,14.0,-10.0,414.0
14.0,14.0,-10.0,414.0
16.0,14.0,-10.0,536.0
18.0,14.0,-10.0,536.0
20.0,14.0,-10.0,536.0
22.0,14.0,-10.0,536.0
24.0,14.0,-10.0,536.0
26.0,14.0,-10.0,536.0
34.0,14.0,-10.0,165.0
36.0,14.0,-10.0,314.0
38.0,14.0,-10.0,314.0
40.0,14.0,-10.0,314.0
42.0,14.0,-10.0,314.0
48.0,14.0,-10.0,314.0
50.0,14.0,-10.0,241.0
52.0,14.0,-10.0,241.0
54.0,14.0,-10.0,241.0
56.0,14.0,-10.0,241.0
-56.0,16.0,-10.0,57.0
-54.0,16.0,-10.0,57.0
-52.0,16.0,-10.0,57.0
-50.0,16.0,-10.0,57.0
-44.0,16.0,-10.0,271.0
-42.0,16.0,-10.0,271.0
-40.0,16.0,-10.0,271.0
-38.0,16.0,-10.0,271.0
-36.0,16.0,-10.0,271.0
-34.0,16.0,-10.0,271.0
-26.0,16.0,-10.0,132.0
-24.0,16.0,-10.0,132.0
-22.0,16.0,-10.0,132.0
-20.0,16.0,-10.0,132.0
-18.0,16.0,-10.0,132.0
-16.0,16.0,-10.0,132.0
-14.0,16.0,-10.0,589.0
-12.0,16.0,-10.0,589.0
-10.0,16.0,-10.0,589.0
-8.0,16.0,-10.0,589.0
2.0,16.0,-10.0,560.0
4.0,16.0,-10.0,560.0
8.0,16.0,-10.0,560.0
10.0,16.0,-10.0,560.0
12.0,16.0,-10.0,560.0
14.0,16.0,-10.0,560.0
16.0,16.0,-10.0,536.0
18.0,16.0,-10.0,536.0
20.0,16.0,-10.0,536.0
22.0,16.0,-10.0,536.0
24.0,16.0,-10.0,536.0
34.0,16.0,-10.0,165.0
36.0,16.0,-10.0,165.0
38.0,16.0,-10.0,314.0
40.0,16.0,-10.0,314.0
42.0,16.0,-10.0,314.0
48.0,16.0,-10.0,429.0
50.0,16.0,-10.0,429.0
52.0,16.0,-10.0,241.0
-54.0,18.0,-10.0,57.0
-52.0,18.0,-10.0,57.0
-50.0,18.0,-10.0,57.0
-44.0,18.0,-10.0,271.0
-42.0,18.0,-10.0,271.0
-40.0,18.0,-10.0,271.0
-38.0,18.0,-10.0,271.0
-36.0,18.0,-10.0,271.0
-34.0,18.0,-10.0,271.0
-24.0,18.0,-10.0,132.0
-22.0,18.0,-10.0,132.0
-20.0,18.0,-10.0,132.0
-18.0,18.0,-10.0,132.0
-16.0,18.0,-10.0,132.0
-14.0,18.0,-10.0,132.0
-12.0,18.0,-10.0,589.0
-10.0,18.0,-10.0,589.0
-8.0,18.0,-10.0,589.0
2.0,18.0,-10.0,560.0
4.0,18.0,-10.0,560.0
6.0,18.0,-10.0,560.0
8.0,18.0,-10.0,560.0
10.0,18.0,-10.0,560.0
12.0,18.0,-10.0,560.0
14.0,18.0,-10.0,560.0
16.0,18.0,-10.0,109.0
18.0,18.0,-10.0,536.0
20.0,18.0,-10.0,536.0
22.0,18.0,-10.0,536.0
34.0,18.0,-10.0,165.0
36.0,18.0,-10.0,165.0
38.0,18.0,-10.0,314.0
40.0,18.0,-10.0,314.0
52.0,18.0,-10.0,171.0
-54.0,20.0,-10.0,57.0
-52.0,20.0,-10.0,57.0
-44.0,20.0,-10.0,271.0
-42.0,20.0,-10.0,271.0
-40.0,20.0,-10.0,271.0
-38.0,20.0,-10.0,271.0
-36.0,20.0,-10.0,271.0
-34.0,20.0,-10.0,271.0
-32.0,20.0,-10.0,271.0
-22.0,20.0,-10.0,132.0
-20.0,20.0,-10.0,132.0
-18.0,20.0,-10.0,132.0
-16.0,20.0,-10.0,132.0
-14.0,20.0,-10.0,132.0
-12.0,20.0,-10.0,589.0
-10.0,20.0,-10.0,589.0
-6.0,20.0,-10.0,589.0
-4.0,20.0,-10.0,589.0
-2.0,20.0,-10.0,589.0
2.0,20.0,-10.0,560.0
4.0,20.0,-10.0,560.0
6.0,20.0,-10.0,560.0
10.0,20.0,-10.0,560.0
12.0,20.0,-10.0,560.0
14.0,20.0,-10.0,560.0
40.0,20.0,-10.0,540.0
42.0,20.0,-10.0,540.0
44.0,20.0,-10.0,540.0
-48.0,22.0,-10.0,271.0
-46.0,22.0,-10.0,271.0
-44.0,22.0,-10.0,271.0
-42.0,22.0,-10.0,271.0
-40.0,22.0,-10.0,271.0
-38.0,22.0,-10.0,271.0
-36.0,22.0,-10.0,271.0
-34.0,22.0,-10.0,53.0
-32.0,22.0,-10.0,53.0
-16.0,22.0,-10.0,132.0
-14.0,22.0,-10.0,132.0
-12.0,22.0,-10.0,132.0
-10.0,22.0,-10.0,589.0
-6.0,22.0,-10.0,589.0
-4.0,22.0,-10.0,589.0
-2.0,22.0,-10.0,107.0
0.0,22.0,-10.0,560.0
2.0,22.0,-10.0,560.0
4.0,22.0,-10.0,560.0
6.0,22.0,-10.0,560.0
12.0,22.0,-10.0,560.0
14.0,22.0,-10.0,109.0
30.0,22.0,-10.0,16.0
32.0,22.0,-10.0,16.0
34.0,22.0,-10.0,16.0
36.0,22.0,-10.0,16.0
38.0,22.0,-10.0,16.0
40.0,22.0,-10.0,540.0
42.0,22.0,-10.0,171.0
44.0,22.0,-10.0,171.0
46.0,22.0,-10.0,171.0
48.0,22.0,-10.0,171.0
50.0,22.0,-10.0,171.0
-50.0,24.0,-10.0,271.0
-48.0,24.0,-10.0,271.0
-46.0,24.0,-10.0,271.0
-44.0,24.0,-10.0,271.0
-42.0,24.0,-10.0,271.0
-40.0,24.0,-10.0,271.0
-38.0,24.0,-10.0,53.0
-36.0,24.0,-10.0,53.0
-34.0,24.0,-10.0,53.0
-32.0,24.0,-10.0,53.0
-28.0,24.0,-10.0,132.0
-26.0,24.0,-10.0,132.0
-14.0,24.0,-10.0,132.0
-12.0,24.0,-10.0,132.0
-6.0,24.0,-10.0,589.0
-4.0,24.0,-10.0,107.0
-2.0,24.0,-10.0,479.0
0.0,24.0,-10.0,479.0
2.0,24.0,-10.0,560.0
4.0,24.0,-10.0,560.0
6.0,24.0,-10.0,560.0
28.0,24.0,-10.0,16.0
30.0,24.0,-10.0,16.0
32.0,24.0,-10.0,16.0
34.0,24.0,-10.0,16.0
36.0,24.0,-10.0,16.0
38.0,24.0,-10.0,596.0
40.0,24.0,-10.0,171.0
42.0,24.0,-10.0,171.0
44.0,24.0,-10.0,171.0
46.0,24.0,-10.0,171.0
48.0,24.0,-10.0,171.0
50.0,24.0,-10.0,171.0
52.0,24.0,-10.0,171.0
-50.0,26.0,-10.0,475.0
-48.0,26.0,-10.0,475.0
-46.0,26.0,-10.0,475.0
-44.0,26.0,-10.0,475.0
-42.0,26.0,-10.0,475.0
-40.0,26.0,-10.0,53.0
-38.0,26.0,-10.0,53.0
-36.0,26.0,-10.0,53.0
-34.0,26.0,-10.0,53.0
-32.0,26.0,-10.0,53.0
-30.0,26.0,-10.0,53.0
-28.0,26.0,-10.0,53.0
-26.0,26.0,-10.0,132.0
-6.0,26.0,-10.0,112.0
-4.0,26.0,-10.0,112.0
-2.0,26.0,-10.0,112.0
0.0,26.0,-10.0,479.0
2.0,26.0,-10.0,479.0
4.0,26.0,-10.0,479.0
6.0,26.0,-10.0,560.0
8.0,26.0,-10.0,560.0
28.0,26.0,-10.0,16.0
30.0,26.0,-10.0,16.0
32.0,26.0,-10.0,16.0
34.0,26.0,-10.0,16.0
36.0,26.0,-10.0,16.0
38.0,26.0,-10.0,596.0
40.0,26.0,-10.0,596.0
42.0,26.0,-10.0,171.0
44.0,26.0,-10.0,171.0
46.0,26.0,-10.0,171.0
48.0,26.0,-10.0,171.0
50.0,26.0,-10.0,171.0
52.0,26.0,-10.0,171.0
-52.0,28.0,-10.0,538.0
-50.0,28.0,-10.0,475.0
-48.0,28.0,-10.0,475.0
-46.0,28.0,-10.0,475.0
-44.0,28.0,-10.0,475.0
-42.0,28.0,-10.0,475.0
-40.0,28.0,-10.0,53.0
-38.0,28.0,-10.0,53.0
-36.0,28.0,-10.0,53.0
-34.0,28.0,-10.0,53.0
-32.0,28.0,-10.0,53.0
-30.0,28.0,-10.0,53.0
-28.0,28.0,-10.0,53.0
-26.0,28.0,-10.0,132.0
-8.0,28.0,-10.0,597.0
-6.0,28.0,-10.0,112.0
-4.0,28.0,-10.0,112.0
-2.0,28.0,-10.0,112.0
0.0,28.0,-10.0,112.0
2.0,28.0,-10.0,112.0
4.0,28.0,-10.0,112.0
6.0,28.0,-10.0,481.0
8.0,28.0,-10.0,481.0
30.0,28.0,-10.0,16.0
32.0,28.0,-10.0,16.0
34.0,28.0,-10.0,16.0
36.0,28.0,-10.0,596.0
38.0,28.0,-10.0,596.0
40.0,28.0,-10.0,596.0
42.0,28.0,-10.0,171.0
44.0,28.0,-10.0,171.0
46.0,28.0,-10.0,171.0
48.0,28.0,-10.0,171.0
50.0,28.0,-10.0,171.0
52.0,28.0,-10.0,171.0
-54.0,30.0,-10.0,538.0
-52.0,30.0,-10.0,538.0
-50.0,30.0,-10.0,538.0
-48.0,30.0,-10.0,475.0
-46.0,30.0,-10.0,475.0
-44.0,30.0,-10.0,475.0
-42.0,30.0,-10.0,475.0
-40.0,30.0,-10.0,53.0
-38.0,30.0,-10.0,53.0
-36.0,30.0,-10.0,53.0
-34.0,30.0,-10.0,53.0
-32.0,30.0,-10.0,53.0
-30.0,30.0,-10.0,53.0
-28.0,30.0,-10.0,53.0
-8.0,30.0,-10.0,112.0
-6.0,30.0,-10.0,112.0
-4.0,30.0,-10.0,112.0
-2.0,30.0,-10.0,112.0
0.0,30.0,-10.0,112.0
2.0,30.0,-10.0,112.0
4.0,30.0,-10.0,112.0
6.0,30.0,-10.0,481.0
8.0,30.0,-10.0,481.0
32.0,30.0,-10.0,16.0
34.0,30.0,-10.0,16.0
36.0,30.0,-10.0,596.0
38.0,30.0,-10.0,596.0
40.0,30.0,-10.0,596.0
42.0,30.0,-10.0,171.0
44.0,30.0,-10.0,171.0
46.0,30.0,-10.0,171.0
48.0,30.0,-10.0,171.0
50.0,30.0,-10.0,171.0
52.0,30.0,-10.0,171.0
-54.0,32.0,-10.0,538.0
-52.0,32.0,-10.0,538.0
-50.0,32.0,-10.0,538.0
-48.0,32.0,-10.0,475.0
-46.0,32.0,-10.0,475.0
-44.0,32.0,-10.0,475.0
-42.0,32.0,-10.0,475.0
-40.0,32.0,-10.0,53.0
-38.0,32.0,-10.0,53.0
-36.0,32.0,-10.0,53.0
-34.0,32.0,-10.0,53.0
-32.0,32.0,-10.0,53.0
-30.0,32.0,-10.0,53.0
-28.0,32.0,-10.0,53.0
-8.0,32.0,-10.0,112.0
-6.0,32.0,-10.0,112.0
-4.0,32.0,-10.0,112.0
-2.0,32.0,-10.0,112.0
0.0,32.0,-10.0,112.0
2.0,32.0,-10.0,112.0
4.0,32.0,-10.0,112.0
6.0,32.0,-10.0,481.0
8.0,32.0,-10.0,481.0
28.0,32.0,-10.0,16.0
30.0,32.0,-10.0,16.0
32.0,32.0,-10.0,16.0
38.0,32.0,-10.0,596.0
40.0,32.0,-10.0,596.0
42.0,32.0,-10.0,596.0
44.0,32.0,-10.0,171.0
46.0,32.0,-10.0,171.0
48.0,32.0,-10.0,171.0
50.0,32.0,-10.0,171.0
52.0,32.0,-10.0,171.0
-54.0,34.0,-10.0,538.0
-52.0,34.0,-10.0,538.0
-50.0,34.0,-10.0,538.0
-48.0,34.0,-10.0,475.0
-46.0,34.0,-10.0,475.0
-44.0,34.0,-10.0,475.0
-42.0,34.0,-10.0,475.0
-40.0,34.0,-10.0,53.0
-36.0,34.0,-10.0,53.0
-34.0,34.0,-10.0,53.0
-32.0,34.0,-10.0,53.0
-30.0,34.0,-10.0,53.0
-28.0,34.0,-10.0,53.0
-26.0,34.0,-10.0,110.0
-24.0,34.0,-10.0,110.0
-8.0,34.0,-10.0,112.0
-6.0,34.0,-10.0,112.0
-4.0,34.0,-10.0,112.0
-2.0,34.0,-10.0,112.0
0.0,34.0,-10.0,112.0
2.0,34.0,-10.0,112.0
4.0,34.0,-10.0,112.0
6.0,34.0,-10.0,481.0
8.0,34.0,-10.0,481.0
10.0,34.0,-10.0,481.0
24.0,34.0,-10.0,16.0
26.0,34.0,-10.0,16.0
28.0,34.0,-10.0,16.0
30.0,34.0,-10.0,16.0
32.0,34.0,-10.0,16.0
38.0,34.0,-10.0,596.0
40.0,34.0,-10.0,596.0
42.0,34.0,-10.0,596.0
46.0,34.0,-10.0,383.0
48.0,34.0,-10.0,171.0
50.0,34.0,-10.0,171.0
52.0,34.0,-10.0,171.0
54.0,34.0,-10.0,171.0
-54.0,36.0,-10.0,538.0
-52.0,36.0,-10.0,538.0
-50.0,36.0,-10.0,538.0
-48.0,36.0,-10.0,538.0
-46.0,36.0,-10.0,475.0
-44.0,36.0,-10.0,475.0
-42.0,36.0,-10.0,475.0
-40.0,36.0,-10.0,245.0
-38.0,36.0,-10.0,245.0
-36.0,36.0,-10.0,245.0
-34.0,36.0,-10.0,245.0
-32.0,36.0,-10.0,245.0
-30.0,36.0,-10.0,110.0
-28.0,36.0,-10.0,110.0
-26.0,36.0,-10.0,110.0
-24.0,36.0,-10.0,110.0
-22.0,36.0,-10.0,597.0
-10.0,36.0,-10.0,112.0
-8.0,36.0,-10.0,112.0
-6.0,36.0,-10.0,112.0
-4.0,36.0,-10.0,112.0
-2.0,36.0,-10.0,112.0
0.0,36.0,-10.0,112.0
2.0,36.0,-10.0,112.0
4.0,36.0,-10.0,112.0
6.0,36.0,-10.0,481.0
8.0,36.0,-10.0,481.0
10.0,36.0,-10.0,481.0
22.0,36.0,-10.0,16.0
24.0,36.0,-10.0,16.0
26.0,36.0,-10.0,16.0
28.0,36.0,-10.0,16.0
30.0,36.0,-10.0,16.0
32.0,36.0,-10.0,596.0
34.0,36.0,-10.0,596.0
36.0,36.0,-10.0,596.0
38.0,36.0,-10.0,596.0
40.0,36.0,-10.0,596.0
42.0,36.0,-10.0,383.0
44.0,36.0,-10.0,383.0
46.0,36.0,-10.0,383.0
48.0,36.0,-10.0,383.0
50.0,36.0,-10.0,383.0
52.0,36.0,-10.0,383.0
54.0,36.0,-10.0,383.0
-54.0,38.0,-10.0,538.0
-52.0,38.0,-10.0,538.0
-50.0,38.0,-10.0,538.0
-48.0,38.0,-10.0,538.0
-46.0,38.0,-10.0,475.0
-44.0,38.0,-10.0,245.0
-42.0,38.0,-10.0,245.0
-40.0,38.0,-10.0,245.0
-38.0,38.0,-10.0,245.0
-36.0,38.0,-10.0,245.0
-34.0,38.0,-10.0,245.0
-32.0,38.0,-10.0,245.0
-30.0,38.0,-10.0,110.0
-28.0,38.0,-10.0,110.0
-26.0,38.0,-10.0,110.0
-24.0,38.0,-10.0,110.0
-22.0,38.0,-10.0,110.0
-10.0,38.0,-10.0,112.0
-8.0,38.0,-10.0,112.0
-6.0,38.0,-10.0,112.0
-4.0,38.0,-10.0,112.0
-2.0,38.0,-10.0,112.0
0.0,38.0,-10.0,112.0
2.0,38.0,-10.0,112.0
4.0,38.0,-10.0,112.0
6.0,38.0,-10.0,481.0
8.0,38.0,-10.0,481.0
10.0,38.0,-10.0,481.0
12.0,38.0,-10.0,481.0
22.0,38.0,-10.0,16.0
24.0,38.0,-10.0,16.0
28.0,38.0,-10.0,16.0
30.0,38.0,-10.0,16.0
32.0,38.0,-10.0,596.0
34.0,38.0,-10.0,596.0
36.0,38.0,-10.0,596.0
38.0,38.0,-10.0,596.0
40.0,38.0,-10.0,383.0
42.0,38.0,-10.0,383.0
44.0,38.0,-10.0,383.0
46.0,38.0,-10.0,383.0
48.0,38.0,-10.0,383.0
50.0,38.0,-10.0,383.0
52.0,38.0,-10.0,383.0
-54.0,40.0,-10.0,538.0
-52.0,40.0,-10.0,538.0
-50.0,40.0,-10.0,538.0
-48.0,40.0,-10.0,538.0
-46.0,40.0,-10.0,338.0
-44.0,40.0,-10.0,245.0
-42.0,40.0,-10.0,245.0
-40.0,40.0,-10.0,245.0
-38.0,40.0,-10.0,245.0
-36.0,40.0,-10.0,245.0
-34.0,40.0,-10.0,245.0
-32.0,40.0,-10.0,245.0
-30.0,40.0,-10.0,110.0
-28.0,40.0,-10.0,110.0
-26.0,40.0,-10.0,110.0
-24.0,40.0,-10.0,110.0
-22.0,40.0,-10.0,110.0
-10.0,40.0,-10.0,112.0
-8.0,40.0,-10.0,112.0
-6.0,40.0,-10.0,112.0
-4.0,40.0,-10.0,112.0
-2.0,40.0,-10.0,112.0
0.0,40.0,-10.0,112.0
2.0,40.0,-10.0,112.0
4.0,40.0,-10.0,112.0
6.0,40.0,-10.0,481.0
8.0,40.0,-10.0,481.0
10.0,40.0,-10.0,481.0
12.0,40.0,-10.0,481.0
24.0,40.0,-10.0,16.0
26.0,40.0,-10.0,16.0
28.0,40.0,-10.0,412.0
30.0,40.0,-10.0,412.0
32.0,40.0,-10.0,412.0
34.0,40.0,-10.0,412.0
36.0,40.0,-10.0,120.0
38.0,40.0,-10.0,120.0
40.0,40.0,-10.0,120.0
42.0,40.0,-10.0,383.0
44.0,40.0,-10.0,383.0
46.0,40.0,-10.0,383.0
48.0,40.0,-10.0,383.0
50.0,40.0,-10.0,383.0
52.0,40.0,-10.0,383.0
-52.0,42.0,-10.0,538.0
-50.0,42.0,-10.0,538.0
-48.0,42.0,-10.0,338.0
-46.0,42.0,-10.0,15.0
-44.0,42.0,-10.0,15.0
-42.0,42.0,-10.0,15.0
-40.0,42.0,-10.0,15.0
-38.0,42.0,-10.0,245.0
-36.0,42.0,-10.0,245.0
-34.0,42.0,-10.0,245.0
-32.0,42.0,-10.0,245.0
-30.0,42.0,-10.0,110.0
-28.0,42.0,-10.0,110.0
-26.0,42.0,-10.0,110.0
-24.0,42.0,-10.0,110.0
-22.0,42.0,-10.0,110.0
-10.0,42.0,-10.0,112.0
-8.0,42.0,-10.0,112.0
-6.0,42.0,-10.0,112.0
-4.0,42.0,-10.0,112.0
-2.0,42.0,-10.0,112.0
0.0,42.0,-10.0,112.0
2.0,42.0,-10.0,112.0
4.0,42.0,-10.0,112.0
6.0,42.0,-10.0,481.0
8.0,42.0,-10.0,481.0
10.0,42.0,-10.0,481.0
12.0,42.0,-10.0,481.0
24.0,42.0,-10.0,412.0
28.0,42.0,-10.0,412.0
30.0,42.0,-10.0,412.0
32.0,42.0,-10.0,412.0
34.0,42.0,-10.0,412.0
36.0,42.0,-10.0,120.0
38.0,42.0,-10.0,120.0
40.0,42.0,-10.0,120.0
42.0,42.0,-10.0,383.0
44.0,42.0,-10.0,383.0
46.0,42.0,-10.0,383.0
48.0,42.0,-10.0,383.0
50.0,42.0,-10.0,383.0
52.0,42.0,-10.0,383.0
-52.0,44.0,-10.0,538.0
-50.0,44.0,-10.0,338.0
-48.0,44.0,-10.0,15.0
-46.0,44.0,-10.0,15.0
-44.0,44.0,-10.0,15.0
-42.0,44.0,-10.0,15.0
-40.0,44.0,-10.0,15.0
-38.0,44.0,-10.0,15.0
-36.0,44.0,-10.0,15.0
-34.0,44.0,-10.0,15.0
-32.0,44.0,-10.0,245.0
-30.0,44.0,-10.0,110.0
-28.0,44.0,-10.0,110.0
-26.0,44.0,-10.0,110.0
-24.0,44.0,-10.0,110.0
-22.0,44.0,-10.0,509.0
-12.0,44.0,-10.0,509.0
-10.0,44.0,-10.0,112.0
-8.0,44.0,-10.0,112.0
-6.0,44.0,-10.0,112.0
-4.0,44.0,-10.0,112.0
-2.0,44.0,-10.0,112.0
0.0,44.0,-10.0,112.0
2.0,44.0,-10.0,6.0
4.0,44.0,-10.0,6.0
6.0,44.0,-10.0,6.0
8.0,44.0,-10.0,6.0
10.0,44.0,-10.0,481.0
12.0,44.0,-10.0,481.0
24.0,44.0,-10.0,412.0
28.0,44.0,-10.0,412.0
30.0,44.0,-10.0,412.0
32.0,44.0,-10.0,412.0
34.0,44.0,-10.0,120.0
36.0,44.0,-10.0,120.0
38.0,44.0,-10.0,120.0
40.0,44.0,-10.0,120.0
42.0,44.0,-10.0,383.0
44.0,44.0,-10.0,383.0
46.0,44.0,-10.0,383.0
48.0,44.0,-10.0,383.0
50.0,44.0,-10.0,383.0
-50.0,46.0,-10.0,15.0
-48.0,46.0,-10.0,15.0
-46.0,46.0,-10.0,15.0
-44.0,46.0,-10.0,15.0
-42.0,46.0,-10.0,15.0
-40.0,46.0,-10.0,15.0
-38.0,46.0,-10.0,15.0
-36.0,46.0,-10.0,15.0
-34.0,46.0,-10.0,15.0
-32.0,46.0,-10.0,15.0
-30.0,46.0,-10.0,15.0
-28.0,46.0,-10.0,110.0
-26.0,46.0,-10.0,35.0
-24.0,46.0,-10.0,35.0
-22.0,46.0,-10.0,509.0
-12.0,46.0,-10.0,509.0
-10.0,46.0,-10.0,509.0
-8.0,46.0,-10.0,509.0
-6.0,46.0,-10.0,112.0
-4.0,46.0,-10.0,112.0
-2.0,46.0,-10.0,6.0
0.0,46.0,-10.0,6.0
2.0,46.0,-10.0,6.0
4.0,46.0,-10.0,6.0
6.0,46.0,-10.0,6.0
8.0,46.0,-10.0,6.0
10.0,46.0,-10.0,6.0
12.0,46.0,-10.0,6.0
26.0,46.0,-10.0,412.0
28.0,46.0,-10.0,412.0
30.0,46.0,-10.0,412.0
32.0,46.0,-10.0,412.0
34.0,46.0,-10.0,120.0
36.0,46.0,-10.0,120.0
38.0,46.0,-10.0,120.0
40.0,46.0,-10.0,120.0
42.0,46.0,-10.0,120.0
44.0,46.0,-10.0,383.0
46.0,46.0,-10.0,383.0
48.0,46.0,-10.0,383.0
50.0,46.0,-10.0,383.0
-50.0,48.0,-10.0,15.0
-48.0,48.0,-10.0,15.0
-46.0,48.0,-10.0,15.0
-44.0,48.0,-10.0,15.0
-42.0,48.0,-10.0,15.0
-40.0,48.0,-10.0,15.0
-38.0,48.0,-10.0,15.0
-36.0,48.0,-10.0,15.0
-34.0,48.0,-10.0,15.0
-32.0,48.0,-10.0,15.0
-30.0,48.0,-10.0,15.0
-28.0,48.0,-10.0,35.0
-26.0,48.0,-10.0,35.0
-24.0,48.0,-10.0,35.0
-22.0,48.0,-10.0,35.0
-20.0,48.0,-10.0,509.0
-12.0,48.0,-10.0,509.0
-10.0,48.0,-10.0,509.0
-8.0,48.0,-10.0,509.0
-6.0,48.0,-10.0,6.0
-4.0,48.0,-10.0,6.0
-2.0,48.0,-10.0,6.0
0.0,48.0,-10.0,6.0
2.0,48.0,-10.0,6.0
4.0,48.0,-10.0,6.0
6.0,48.0,-10.0,6.0
8.0,48.0,-10.0,6.0
10.0,48.0,-10.0,6.0
12.0,48.0,-10.0,6.0
26.0,48.0,-10.0,412.0
28.0,48.0,-10.0,412.0
30.0,48.0,-10.0,412.0
32.0,48.0,-10.0,120.0
34.0,48.0,-10.0,120.0
36.0,48.0,-10.0,120.0
38.0,48.0,-10.0,120.0
40.0,48.0,-10.0,120.0
42.0,48.0,-10.0,120.0
44.0,48.0,-10.0,383.0
46.0,48.0,-10.0,383.0
48.0,48.0,-10.0,383.0
-48.0,50.0,-10.0,15.0
-46.0,50.0,-10.0,15.0
-44.0,50.0,-10.0,15.0
-42.0,50.0,-10.0,15.0
-40.0,50.0,-10.0,15.0
-38.0,50.0,-10.0,15.0
-36.0,50.0,-10.0,15.0
-34.0,50.0,-10.0,15.0
-32.0,50.0,-10.0,15.0
-30.0,50.0,-10.0,35.0
-28.0,50.0,-10.0,35.0
-26.0,50.0,-10.0,35.0
-24.0,50.0,-10.0,35.0
-22.0,50.0,-10.0,35.0
-20.0,50.0,-10.0,509.0
-12.0,50.0,-10.0,509.0
-10.0,50.0,-10.0,509.0
-8.0,50.0,-10.0,509.0
-6.0,50.0,-10.0,6.0
-4.0,50.0,-10.0,6.0
-2.0,50.0,-10.0,6.0
0.0,50.0,-10.0,6.0
2.0,50.0,-10.0,6.0
4.0,50.0,-10.0,6.0
6.0,50.0,-10.0,6.0
8.0,50.0,-10.0,6.0
10.0,50.0,-10.0,6.0
12.0,50.0,-10.0,6.0
24.0,50.0,-10.0,412.0
26.0,50.0,-10.0,412.0
28.0,50.0,-10.0,412.0
30.0,50.0,-10.0,573.0
32.0,50.0,-10.0,573.0
34.0,50.0,-10.0,120.0
36.0,50.0,-10.0,120.0
38.0,50.0,-10.0,120.0
40.0,50.0,-10.0,339.0
42.0,50.0,-10.0,339.0
44.0,50.0,-10.0,339.0
46.0,50.0,-10.0,383.0
-48.0,52.0,-10.0,154.0
-46.0,52.0,-10.0,154.0
-44.0,52.0,-10.0,154.0
-42.0,52.0,-10.0,154.0
-40.0,52.0,-10.0,154.0
-38.0,52.0,-10.0,154.0
-36.0,52.0,-10.0,154.0
-34.0,52.0,-10.0,154.0
-32.0,52.0,-10.0,35.0
-30.0,52.0,-10.0,35.0
-28.0,52.0,-10.0,35.0
-26.0,52.0,-10.0,35.0
-24.0,52.0,-10.0,35.0
-22.0,52.0,-10.0,35.0
-12.0,52.0,-10.0,509.0
-10.0,52.0,-10.0,509.0
-8.0,52.0,-10.0,509.0
-6.0,52.0,-10.0,6.0
-4.0,52.0,-10.0,6.0
-2.0,52.0,-10.0,6.0
0.0,52.0,-10.0,6.0
2.0,52.0,-10.0,6.0
4.0,52.0,-10.0,6.0
6.0,52.0,-10.0,6.0
8.0,52.0,-10.0,6.0
10.0,52.0,-10.0,6.0
12.0,52.0,-10.0,6.0
22.0,52.0,-10.0,377.0
24.0,52.0,-10.0,377.0
26.0,52.0,-10.0,573.0
28.0,52.0,-10.0,573.0
30.0,52.0,-10.0,573.0
32.0,52.0,-10.0,573.0
34.0,52.0,-10.0,573.0
36.0,52.0,-10.0,573.0
38.0,52.0,-10.0,339.0
40.0,52.0,-10.0,339.0
42.0,52.0,-10.0,339.0
44.0,52.0,-10.0,339.0
46.0,52.0,-10.0,339.0
-46.0,54.0,-10.0,154.0
-44.0,54.0,-10.0,154.0
-42.0,54.0,-10.0,154.0
-40.0,54.0,-10.0,154.0
-38.0,54.0,-10.0,154.0
-36.0,54.0,-10.0,154.0
-34.0,54.0,-10.0,35.0
-32.0,54.0,-10.0,35.0
-30.0,54.0,-10.0,35.0
-28.0,54.0,-10.0,35.0
-26.0,54.0,-10.0,35.0
-24.0,54.0,-10.0,35.0
-22.0,54.0,-10.0,35.0
-10.0,54.0,-10.0,509.0
-8.0,54.0,-10.0,509.0
-6.0,54.0,-10.0,6.0
-4.0,54.0,-10.0,6.0
-2.0,54.0,-10.0,6.0
0.0,54.0,-10.0,6.0
2.0,54.0,-10.0,6.0
4.0,54.0,-10.0,6.0
6.0,54.0,-10.0,6.0
8.0,54.0,-10.0,6.0
10.0,54.0,-10.0,6.0
12.0,54.0,-10.0,6.0
22.0,54.0,-10.0,377.0
24.0,54.0,-10.0,377.0
26.0,54.0,-10.0,573.0
28.0,54.0,-10.0,573.0
30.0,54.0,-10.0,573.0
32.0,54.0,-10.0,573.0
34.0,54.0,-10.0,573.0
36.0,54.0,-10.0,573.0
38.0,54.0,-10.0,573.0
40.0,54.0,-10.0,339.0
42.0,54.0,-10.0,339.0
44.0,54.0,-10.0,339.0
-44.0,56.0,-10.0,154.0
-42.0,56.0,-10.0,154.0
-40.0,56.0,-10.0,154.0
-38.0,56.0,-10.0,154.0
-36.0,56.0,-10.0,154.0
-34.0,56.0,-10.0,35.0
-32.0,56.0,-10.0,35.0
-30.0,56.0,-10.0,35.0
-28.0,56.0,-10.0,35.0
-26.0,56.0,-10.0,35.0
-24.0,56.0,-10.0,35.0
-22.0,56.0,-10.0,35.0
-10.0,56.0,-10.0,509.0
-8.0,56.0,-10.0,509.0
-6.0,56.0,-10.0,6.0
-4.0,56.0,-10.0,6.0
-2.0,56.0,-10.0,6.0
0.0,56.0,-10.0,6.0
2.0,56.0,-10.0,6.0
4.0,56.0,-10.0,6.0
6.0,56.0,-10.0,6.0
8.0,56.0,-10.0,6.0
10.0,56.0,-10.0,6.0
12.0,56.0,-10.0,6.0
22.0,56.0,-10.0,377.0
24.0,56.0,-10.0,377.0
26.0,56.0,-10.0,377.0
28.0,56.0,-10.0,573.0
30.0,56.0,-10.0,573.0
32.0,56.0,-10.0,573.0
34.0,56.0,-10.0,573.0
36.0,56.0,-10.0,573.0
38.0,56.0,-10.0,573.0
40.0,56.0,-10.0,339.0
42.0,56.0,-10.0,339.0
-42.0,58.0,-10.0,154.0
-40.0,58.0,-10.0,154.0
-38.0,58.0,-10.0,154.0
-36.0,58.0,-10.0,154.0
-34.0,58.0,-10.0,35.0
-32.0,58.0,-10.0,35.0
-30.0,58.0,-10.0,35.0
-28.0,58.0,-10.0,35.0
-26.0,58.0,-10.0,35.0
-24.0,58.0,-10.0,35.0
-22.0,58.0,-10.0,35.0
-10.0,58.0,-10.0,557.0
-8.0,58.0,-10.0,557.0
-6.0,58.0,-10.0,224.0
-4.0,58.0,-10.0,224.0
-2.0,58.0,-10.0,224.0
0.0,58.0,-10.0,224.0
2.0,58.0,-10.0,224.0
4.0,58.0,-10.0,224.0
6.0,58.0,-10.0,224.0
8.0,58.0,-10.0,224.0
10.0,58.0,-10.0,224.0
22.0,58.0,-10.0,377.0
24.0,58.0,-10.0,377.0
26.0,58.0,-10.0,377.0
28.0,58.0,-10.0,377.0
30.0,58.0,-10.0,573.0
32.0,58.0,-10.0,573.0
34.0,58.0,-10.0,573.0
36.0,58.0,-10.0,573.0
38.0,58.0,-10.0,573.0
40.0,58.0,-10.0,573.0
-40.0,60.0,-10.0,154.0
-38.0,60.0,-10.0,154.0
-36.0,60.0,-10.0,154.0
-34.0,60.0,-10.0,35.0
-32.0,60.0,-10.0,35.0
-30.0,60.0,-10.0,35.0
-28.0,60.0,-10.0,35.0
-26.0,60.0,-10.0,35.0
-24.0,60.0,-10.0,35.0
-22.0,60.0,-10.0,35.0
-20.0,60.0,-10.0,341.0
-18.0,60.0,-10.0,341.0
-8.0,60.0,-10.0,557.0
-6.0,60.0,-10.0,224.0
-4.0,60.0,-10.0,224.0
-2.0,60.0,-10.0,224.0
0.0,60.0,-10.0,224.0
2.0,60.0,-10.0,224.0
4.0,60.0,-10.0,224.0
6.0,60.0,-10.0,224.0
8.0,60.0,-10.0,224.0
10.0,60.0,-10.0,224.0
12.0,60.0,-10.0,422.0
18.0,60.0,-10.0,377.0
20.0,60.0,-10.0,377.0
22.0,60.0,-10.0,377.0
24.0,60.0,-10.0,377.0
26.0,60.0,-10.0,377.0
28.0,60.0,-10.0,377.0
30.0,60.0,-10.0,573.0
32.0,60.0,-10.0,573.0
34.0,60.0,-10.0,573.0
36.0,60.0,-10.0,573.0
38.0,60.0,-10.0,573.0
-38.0,62.0,-10.0,154.0
-36.0,62.0,-10.0,154.0
-34.0,62.0,-10.0,35.0
-32.0,62.0,-10.0,35.0
-30.0,62.0,-10.0,35.0
-28.0,62.0,-10.0,35.0
-26.0,62.0,-10.0,35.0
-24.0,62.0,-10.0,35.0
-22.0,62.0,-10.0,341.0
-20.0,62.0,-10.0,341.0
-18.0,62.0,-10.0,341.0
-16.0,62.0,-10.0,559.0
-14.0,62.0,-10.0,559.0
-12.0,62.0,-10.0,559.0
-8.0,62.0,-10.0,559.0
-6.0,62.0,-10.0,559.0
-4.0,62.0,-10.0,224.0
-2.0,62.0,-10.0,224.0
0.0,62.0,-10.0,224.0
2.0,62.0,-10.0,224.0
4.0,62.0,-10.0,224.0
6.0,62.0,-10.0,224.0
8.0,62.0,-10.0,224.0
10.0,62.0,-10.0,224.0
12.0,62.0,-10.0,422.0
14.0,62.0,-10.0,422.0
16.0,62.0,-10.0,422.0
18.0,62.0,-10.0,422.0
20.0,62.0,-10.0,377.0
22.0,62.0,-10.0,377.0
24.0,62.0,-10.0,377.0
26.0,62.0,-10.0,377.0
28.0,62.0,-10.0,377.0
30.0,62.0,-10.0,377.0
32.0,62.0,-10.0,573.0
34.0,62.0,-10.0,573.0
36.0,62.0,-10.0,573.0
-36.0,64.0,-10.0,154.0
-34.0,64.0,-10.0,35.0
-32.0,64.0,-10.0,35.0
-30.0,64.0,-10.0,35.0
-28.0,64.0,-10.0,35.0
-26.0,64.0,-10.0,35.0
-24.0,64.0,-10.0,341.0
-22.0,64.0,-10.0,341.0
-20.0,64.0,-10.0,341.0
-18.0,64.0,-10.0,341.0
-16.0,64.0,-10.0,559.0
-14.0,64.0,-10.0,559.0
-12.0,64.0,-10.0,559.0
-10.0,64.0,-10.0,559.0
-8.0,64.0,-10.0,559.0
-6.0,64.0,-10.0,559.0
-4.0,64.0,-10.0,224.0
-2.0,64.0,-10.0,224.0
2.0,64.0,-10.0,224.0
4.0,64.0,-10.0,224.0
6.0,64.0,-10.0,224.0
8.0,64.0,-10.0,224.0
10.0,64.0,-10.0,422.0
12.0,64.0,-10.0,422.0
14.0,64.0,-10.0,422.0
16.0,64.0,-10.0,422.0
18.0,64.0,-10.0,422.0
20.0,64.0,-10.0,422.0
22.0,64.0,-10.0,377.0
24.0,64.0,-10.0,377.0
26.0,64.0,-10.0,377.0
28.0,64.0,-10.0,377.0
30.0,64.0,-10.0,377.0
32.0,64.0,-10.0,573.0
-32.0,66.0,-10.0,35.0
-30.0,66.0,-10.0,35.0
-28.0,66.0,-10.0,35.0
-26.0,66.0,-10.0,341.0
-24.0,66.0,-10.0,341.0
-22.0,66.0,-10.0,341.0
-20.0,66.0,-10.0,341.0
-18.0,66.0,-10.0,341.0
-16.0,66.0,-10.0,559.0
-14.0,66.0,-10.0,559.0
-12.0,66.0,-10.0,559.0
-10.0,66.0,-10.0,559.0
-8.0,66.0,-10.0,559.0
-6.0,66.0,-10.0,559.0
-4.0,66.0,-10.0,224.0
-2.0,66.0,-10.0,224.0
0.0,66.0,-10.0,224.0
2.0,66.0,-10.0,224.0
4.0,66.0,-10.0,224.0
6.0,66.0,-10.0,224.0
8.0,66.0,-10.0,224.0
10.0,66.0,-10.0,422.0
12.0,66.0,-10.0,422.0
14.0,66.0,-10.0,422.0
16.0,66.0,-10.0,422.0
18.0,66.0,-10.0,422.0
20.0,66.0,-10.0,422.0
22.0,66.0,-10.0,422.0
24.0,66.0,-10.0,377.0
26.0,66.0,-10.0,377.0
28.0,66.0,-10.0,377.0
-24.0,68.0,-10.0,341.0
-22.0,68.0,-10.0,341.0
-20.0,68.0,-10.0,341.0
-18.0,68.0,-10.0,341.0
-16.0,68.0,-10.0,559.0
-14.0,68.0,-10.0,559.0
-12.0,68.0,-10.0,559.0
-10.0,68.0,-10.0,559.0
-8.0,68.0,-10.0,559.0
-6.0,68.0,-10.0,559.0
-4.0,68.0,-10.0,559.0
-2.0,68.0,-10.0,224.0
2.0,68.0,-10.0,224.0
4.0,68.0,-10.0,224.0
6.0,68.0,-10.0,224.0
8.0,68.0,-10.0,422.0
10.0,68.0,-10.0,422.0
12.0,68.0,-10.0,422.0
14.0,68.0,-10.0,422.0
16.0,68.0,-10.0,422.0
18.0,68.0,-10.0,422.0
20.0,68.0,-10.0,422.0
22.0,68.0,-10.0,422.0
-16.0,70.0,-10.0,559.0
-14.0,70.0,-10.0,559.0
-12.0,70.0,-10.0,559.0
-10.0,70.0,-10.0,559.0
-8.0,70.0,-10.0,559.0
-6.0,70.0,-10.0,559.0
-4.0,70.0,-10.0,559.0
4.0,70.0,-10.0,224.0
6.0,70.0,-10.0,224.0
8.0,70.0,-10.0,422.0
10.0,70.0,-10.0,422.0
12.0,70.0,-10.0,422.0
6.0,-104.0,-8.0,380.0
8.0,-104.0,-8.0,380.0
10.0,-104.0,-8.0,380.0
12.0,-104.0,-8.0,325.0
14.0,-104.0,-8.0,325.0
16.0,-104.0,-8.0,325.0
18.0,-104.0,-8.0,325.0
20.0,-104.0,-8.0,325.0
22.0,-104.0,-8.0,325.0
-24.0,-102.0,-8.0,234.0
-22.0,-102.0,-8.0,234.0
-20.0,-102.0,-8.0,234.0
-18.0,-102.0,-8.0,234.0
-16.0,-102.0,-8.0,234.0
-14.0,-102.0,-8.0,234.0
-12.0,-102.0,-8.0,489.0
4.0,-102.0,-8.0,125.0
6.0,-102.0,-8.0,380.0
8.0,-102.0,-8.0,380.0
10.0,-102.0,-8.0,380.0
12.0,-102.0,-8.0,325.0
14.0,-102.0,-8.0,325.0
16.0,-102.0,-8.0,325.0
18.0,-102.0,-8.0,325.0
20.0,-102.0,-8.0,325.0
22.0,-102.0,-8.0,325.0
24.0,-102.0,-8.0,325.0
26.0,-102.0,-8.0,275.0
-28.0,-100.0,-8.0,234.0
-26.0,-100.0,-8.0,234.0
-24.0,-100.0,-8.0,234.0
-22.0,-100.0,-8.0,234.0
-20.0,-100.0,-8.0,234.0
-18.0,-100.0,-8.0,234.0
-16.0,-100.0,-8.0,234.0
-14.0,-100.0,-8.0,489.0
-12.0,-100.0,-8.0,489.0
-10.0,-100.0,-8.0,489.0
2.0,-100.0,-8.0,125.0
4.0,-100.0,-8.0,125.0
6.0,-100.0,-8.0,125.0
8.0,-100.0,-8.0,380.0
10.0,-100.0,-8.0,380.0
12.0,-100.0,-8.0,325.0
14.0,-100.0,-8.0,325.0
16.0,-100.0,-8.0,325.0
18.0,-100.0,-8.0,325.0
20.0,-100.0,-8.0,325.0
22.0,-100.0,-8.0,325.0
24.0,-100.0,-8.0,325.0
26.0,-100.0,-8.0,325.0
28.0,-100.0,-8.0,275.0
30.0,-100.0,-8.0,275.0
-32.0,-98.0,-8.0,234.0
-30.0,-98.0,-8.0,234.0
-28.0,-98.0,-8.0,234.0
-26.0,-98.0,-8.0,234.0
-24.0,-98.0,-8.0,234.0
-22.0,-98.0,-8.0,234.0
-20.0,-98.0,-8.0,234.0
-18.0,-98.0,-8.0,234.0
-16.0,-98.0,-8.0,234.0
-14.0,-98.0,-8.0,489.0
-12.0,-98.0,-8.0,489.0
-10.0,-98.0,-8.0,489.0
-8.0,-98.0,-8.0,489.0
0.0,-98.0,-8.0,125.0
2.0,-98.0,-8.0,125.0
4.0,-98.0,-8.0,125.0
6.0,-98.0,-8.0,125.0
8.0,-98.0,-8.0,380.0
10.0,-98.0,-8.0,325.0
12.0,-98.0,-8.0,325.0
14.0,-98.0,-8.0,325.0
16.0,-98.0,-8.0,325.0
18.0,-98.0,-8.0,325.0
20.0,-98.0,-8.0,325.0
22.0,-98.0,-8.0,325.0
24.0,-98.0,-8.0,325.0
26.0,-98.0,-8.0,325.0
28.0,-98.0,-8.0,275.0
30.0,-98.0,-8.0,275.0
32.0,-98.0,-8.0,275.0
-34.0,-96.0,-8.0,545.0
-32.0,-96.0,-8.0,545.0
-30.0,-96.0,-8.0,234.0
-28.0,-96.0,-8.0,234.0
-26.0,-96.0,-8.0,234.0
-24.0,-96.0,-8.0,234.0
-22.0,-96.0,-8.0,234.0
-20.0,-96.0,-8.0,234.0
-18.0,-96.0,-8.0,234.0
-16.0,-96.0,-8.0,489.0
-14.0,-96.0,-8.0,489.0
-12.0,-96.0,-8.0,489.0
-10.0,-96.0,-8.0,489.0
-8.0,-96.0,-8.0,489.0
-6.0,-96.0,-8.0,489.0
0.0,-96.0,-8.0,125.0
2.0,-96.0,-8.0,125.0
4.0,-96.0,-8.0,125.0
6.0,-96.0,-8.0,125.0
8.0,-96.0,-8.0,125.0
10.0,-96.0,-8.0,325.0
12.0,-96.0,-8.0,325.0
14.0,-96.0,-8.0,325.0
16.0,-96.0,-8.0,325.0
18.0,-96.0,-8.0,325.0
20.0,-96.0,-8.0,325.0
22.0,-96.0,-8.0,325.0
24.0,-96.0,-8.0,325.0
26.0,-96.0,-8.0,325.0
28.0,-96.0,-8.0,275.0
30.0,-96.0,-8.0,275.0
32.0,-96.0,-8.0,275.0
34.0,-96.0,-8.0,275.0
36.0,-96.0,-8.0,275.0
-38.0,-94.0,-8.0,510.0
-36.0,-94.0,-8.0,545.0
-34.0,-94.0,-8.0,545.0
-32.0,-94.0,-8.0,545.0
-30.0,-94.0,-8.0,545.0
-28.0,-94.0,-8.0,545.0
-26.0,-94.0,-8.0,234.0
-24.0,-94.0,-8.0,234.0
-22.0,-94.0,-8.0,234.0
-20.0,-94.0,-8.0,234.0
-18.0,-94.0,-8.0,234.0
-16.0,-94.0,-8.0,489.0
-14.0,-94.0,-8.0,489.0
-12.0,-94.0,-8.0,489.0
-10.0,-94.0,-8.0,489.0
-8.0,-94.0,-8.0,489.0
-6.0,-94.0,-8.0,489.0
-4.0,-94.0,-8.0,489.0
-2.0,-94.0,-8.0,125.0
0.0,-94.0,-8.0,125.0
2.0,-94.0,-8.0,125.0
4.0,-94.0,-8.0,125.0
6.0,-94.0,-8.0,125.0
8.0,-94.0,-8.0,125.0
10.0,-94.0,-8.0,325.0
12.0,-94.0,-8.0,325.0
14.0,-94.0,-8.0,325.0
16.0,-94.0,-8.0,325.0
18.0,-94.0,-8.0,325.0
20.0,-94.0,-8.0,325.0
22.0,-94.0,-8.0,325.0
24.0,-94.0,-8.0,325.0
26.0,-94.0,-8.0,325.0
28.0,-94.0,-8.0,275.0
30.0,-94.0,-8.0,275.0
32.0,-94.0,-8.0,275.0
34.0,-94.0,-8.0,275.0
36.0,-94.0,-8.0,440.0
38.0,-94.0,-8.0,571.0
-40.0,-92.0,-8.0,510.0
-38.0,-92.0,-8.0,510.0
-36.0,-92.0,-8.0,545.0
-34.0,-92.0,-8.0,545.0
-32.0,-92.0,-8.0,545.0
-30.0,-92.0,-8.0,545.0
-28.0,-92.0,-8.0,545.0
-26.0,-92.0,-8.0,545.0
-24.0,-92.0,-8.0,234.0
-22.0,-92.0,-8.0,234.0
-20.0,-92.0,-8.0,234.0
-18.0,-92.0,-8.0,489.0
-16.0,-92.0,-8.0,489.0
-14.0,-92.0,-8.0,489.0
-12.0,-92.0,-8.0,489.0
-10.0,-92.0,-8.0,489.0
-8.0,-92.0,-8.0,489.0
-6.0,-92.0,-8.0,489.0
-4.0,-92.0,-8.0,489.0
-2.0,-92.0,-8.0,125.0
0.0,-92.0,-8.0,125.0
2.0,-92.0,-8.0,125.0
4.0,-92.0,-8.0,125.0
6.0,-92.0,-8.0,125.0
8.0,-92.0,-8.0,567.0
10.0,-92.0,-8.0,567.0
12.0,-92.0,-8.0,567.0
14.0,-92.0,-8.0,325.0
16.0,-92.0,-8.0,325.0
18.0,-92.0,-8.0,325.0
20.0,-92.0,-8.0,325.0
22.0,-92.0,-8.0,325.0
24.0,-92.0,-8.0,325.0
26.0,-92.0,-8.0,325.0
28.0,-92.0,-8.0,440.0
30.0,-92.0,-8.0,440.0
32.0,-92.0,-8.0,440.0
34.0,-92.0,-8.0,440.0
36.0,-92.0,-8.0,440.0
38.0,-92.0,-8.0,571.0
40.0,-92.0,-8.0,571.0
-42.0,-90.0,-8.0,510.0
-40.0,-90.0,-8.0,510.0
-38.0,-90.0,-8.0,510.0
-36.0,-90.0,-8.0,510.0
-34.0,-90.0,-8.0,545.0
-32.0,-90.0,-8.0,545.0
-30.0,-90.0,-8.0,545.0
-28.0,-90.0,-8.0,545.0
-26.0,-90.0,-8.0,545.0
-24.0,-90.0,-8.0,545.0
-22.0,-90.0,-8.0,545.0
-20.0,-90.0,-8.0,234.0
-18.0,-90.0,-8.0,489.0
-16.0,-90.0,-8.0,489.0
-14.0,-90.0,-8.0,489.0
-12.0,-90.0,-8.0,489.0
-10.0,-90.0,-8.0,489.0
-8.0,-90.0,-8.0,489.0
-6.0,-90.0,-8.0,489.0
-4.0,-90.0,-8.0,489.0
-2.0,-90.0,-8.0,125.0
0.0,-90.0,-8.0,125.0
2.0,-90.0,-8.0,125.0
4.0,-90.0,-8.0,125.0
6.0,-90.0,-8.0,567.0
8.0,-90.0,-8.0,567.0
10.0,-90.0,-8.0,567.0
12.0,-90.0,-8.0,567.0
14.0,-90.0,-8.0,567.0
16.0,-90.0,-8.0,325.0
18.0,-90.0,-8.0,325.0
20.0,-90.0,-8.0,325.0
22.0,-90.0,-8.0,325.0
24.0,-90.0,-8.0,325.0
26.0,-90.0,-8.0,325.0
28.0,-90.0,-8.0,440.0
30.0,-90.0,-8.0,440.0
32.0,-90.0,-8.0,440.0
34.0,-90.0,-8.0,440.0
36.0,-90.0,-8.0,440.0
38.0,-90.0,-8.0,571.0
40.0,-90.0,-8.0,571.0
42.0,-90.0,-8.0,571.0
-44.0,-88.0,-8.0,510.0
-42.0,-88.0,-8.0,510.0
-40.0,-88.0,-8.0,510.0
-38.0,-88.0,-8.0,510.0
-36.0,-88.0,-8.0,510.0
-34.0,-88.0,-8.0,545.0
-32.0,-88.0,-8.0,545.0
-30.0,-88.0,-8.0,545.0
-28.0,-88.0,-8.0,545.0
-26.0,-88.0,-8.0,545.0
-24.0,-88.0,-8.0,545.0
-22.0,-88.0,-8.0,545.0
-20.0,-88.0,-8.0,287.0
-18.0,-88.0,-8.0,489.0
-16.0,-88.0,-8.0,489.0
-14.0,-88.0,-8.0,489.0
-12.0,-88.0,-8.0,489.0
-10.0,-88.0,-8.0,489.0
-8.0,-88.0,-8.0,489.0
-6.0,-88.0,-8.0,489.0
-4.0,-88.0,-8.0,489.0
-2.0,-88.0,-8.0,125.0
0.0,-88.0,-8.0,125.0
2.0,-88.0,-8.0,125.0
4.0,-88.0,-8.0,125.0
6.0,-88.0,-8.0,567.0
8.0,-88.0,-8.0,567.0
10.0,-88.0,-8.0,567.0
12.0,-88.0,-8.0,567.0
14.0,-88.0,-8.0,567.0
16.0,-88.0,-8.0,567.0
18.0,-88.0,-8.0,325.0
20.0,-88.0,-8.0,325.0
22.0,-88.0,-8.0,325.0
24.0,-88.0,-8.0,325.0
26.0,-88.0,-8.0,440.0
28.0,-88.0,-8.0,440.0
30.0,-88.0,-8.0,440.0
32.0,-88.0,-8.0,440.0
34.0,-88.0,-8.0,440.0
36.0,-88.0,-8.0,440.0
38.0,-88.0,-8.0,571.0
40.0,-88.0,-8.0,571.0
42.0,-88.0,-8.0,571.0
44.0,-88.0,-8.0,571.0
-46.0,-86.0,-8.0,510.0
-44.0,-86.0,-8.0,510.0
-42.0,-86.0,-8.0,510.0
-40.0,-86.0,-8.0,510.0
-38.0,-86.0,-8.0,510.0
-36.0,-86.0,-8.0,510.0
-34.0,-86.0,-8.0,545.0
-32.0,-86.0,-8.0,545.0
-30.0,-86.0,-8.0,545.0
-28.0,-86.0,-8.0,287.0
-24.0,-86.0,-8.0,287.0
-22.0,-86.0,-8.0,287.0
-20.0,-86.0,-8.0,287.0
-18.0,-86.0,-8.0,287.0
-16.0,-86.0,-8.0,489.0
-14.0,-86.0,-8.0,489.0
-12.0,-86.0,-8.0,489.0
-10.0,-86.0,-8.0,489.0
-8.0,-86.0,-8.0,64.0
-6.0,-86.0,-8.0,64.0
-4.0,-86.0,-8.0,64.0
-2.0,-86.0,-8.0,64.0
0.0,-86.0,-8.0,125.0
2.0,-86.0,-8.0,125.0
4.0,-86.0,-8.0,567.0
6.0,-86.0,-8.0,567.0
8.0,-86.0,-8.0,567.0
10.0,-86.0,-8.0,567.0
12.0,-86.0,-8.0,567.0
14.0,-86.0,-8.0,567.0
16.0,-86.0,-8.0,567.0
18.0,-86.0,-8.0,567.0
20.0,-86.0,-8.0,567.0
22.0,-86.0,-8.0,325.0
24.0,-86.0,-8.0,440.0
26.0,-86.0,-8.0,440.0
28.0,-86.0,-8.0,440.0
30.0,-86.0,-8.0,440.0
32.0,-86.0,-8.0,440.0
34.0,-86.0,-8.0,440.0
36.0,-86.0,-8.0,440.0
38.0,-86.0,-8.0,571.0
40.0,-86.0,-8.0,571.0
42.0,-86.0,-8.0,571.0
44.0,-86.0,-8.0,571.0
46.0,-86.0,-8.0,571.0
-48.0,-84.0,-8.0,510.0
-46.0,-84.0,-8.0,510.0
-44.0,-84.0,-8.0,510.0
-42.0,-84.0,-8.0,510.0
-40.0,-84.0,-8.0,510.0
-38.0,-84.0,-8.0,510.0
-36.0,-84.0,-8.0,510.0
-34.0,-84.0,-8.0,287.0
-24.0,-84.0,-8.0,287.0
-22.0,-84.0,-8.0,287.0
-20.0,-84.0,-8.0,287.0
-18.0,-84.0,-8.0,287.0
-16.0,-84.0,-8.0,64.0
-14.0,-84.0,-8.0,64.0
-12.0,-84.0,-8.0,64.0
-10.0,-84.0,-8.0,64.0
-8.0,-84.0,-8.0,64.0
-6.0,-84.0,-8.0,64.0
-4.0,-84.0,-8.0,64.0
-2.0,-84.0,-8.0,64.0
0.0,-84.0,-8.0,64.0
2.0,-84.0,-8.0,567.0
4.0,-84.0,-8.0,567.0
6.0,-84.0,-8.0,567.0
8.0,-84.0,-8.0,567.0
10.0,-84.0,-8.0,567.0
12.0,-84.0,-8.0,567.0
14.0,-84.0,-8.0,567.0
16.0,-84.0,-8.0,567.0
18.0,-84.0,-8.0,567.0
20.0,-84.0,-8.0,567.0
22.0,-84.0,-8.0,567.0
24.0,-84.0,-8.0,440.0
26.0,-84.0,-8.0,440.0
28.0,-84.0,-8.0,440.0
30.0,-84.0,-8.0,440.0
32.0,-84.0,-8.0,440.0
34.0,-84.0,-8.0,440.0
36.0,-84.0,-8.0,440.0
38.0,-84.0,-8.0,569.0
40.0,-84.0,-8.0,571.0
42.0,-84.0,-8.0,571.0
44.0,-84.0,-8.0,571.0
46.0,-84.0,-8.0,571.0
48.0,-84.0,-8.0,571.0
-48.0,-82.0,-8.0,510.0
-46.0,-82.0,-8.0,510.0
-44.0,-82.0,-8.0,510.0
-42.0,-82.0,-8.0,510.0
-40.0,-82.0,-8.0,510.0
-38.0,-82.0,-8.0,36.0
-36.0,-82.0,-8.0,36.0
-34.0,-82.0,-8.0,287.0
-32.0,-82.0,-8.0,287.0
-30.0,-82.0,-8.0,287.0
-28.0,-82.0,-8.0,287.0
-26.0,-82.0,-8.0,287.0
-20.0,-82.0,-8.0,287.0
-18.0,-82.0,-8.0,287.0
-16.0,-82.0,-8.0,64.0
-14.0,-82.0,-8.0,64.0
-12.0,-82.0,-8.0,64.0
-10.0,-82.0,-8.0,64.0
-8.0,-82.0,-8.0,64.0
-6.0,-82.0,-8.0,64.0
-4.0,-82.0,-8.0,64.0
-2.0,-82.0,-8.0,64.0
0.0,-82.0,-8.0,450.0
2.0,-82.0,-8.0,450.0
4.0,-82.0,-8.0,567.0
6.0,-82.0,-8.0,567.0
8.0,-82.0,-8.0,567.0
10.0,-82.0,-8.0,567.0
12.0,-82.0,-8.0,567.0
14.0,-82.0,-8.0,567.0
16.0,-82.0,-8.0,567.0
18.0,-82.0,-8.0,567.0
20.0,-82.0,-8.0,567.0
22.0,-82.0,-8.0,567.0
24.0,-82.0,-8.0,440.0
26.0,-82.0,-8.0,440.0
28.0,-82.0,-8.0,440.0
30.0,-82.0,-8.0,440.0
32.0,-82.0,-8.0,440.0
34.0,-82.0,-8.0,440.0
36.0,-82.0,-8.0,569.0
38.0,-82.0,-8.0,569.0
40.0,-82.0,-8.0,569.0
42.0,-82.0,-8.0,571.0
44.0,-82.0,-8.0,571.0
46.0,-82.0,-8.0,571.0
48.0,-82.0,-8.0,277.0
-50.0,-80.0,-8.0,510.0
-48.0,-80.0,-8.0,510.0
-46.0,-80.0,-8.0,510.0
-44.0,-80.0,-8.0,36.0
-42.0,-80.0,-8.0,36.0
-40.0,-80.0,-8.0,36.0
-38.0,-80.0,-8.0,36.0
-36.0,-80.0,-8.0,36.0
-34.0,-80.0,-8.0,36.0
-32.0,-80.0,-8.0,287.0
-30.0,-80.0,-8.0,287.0
-28.0,-80.0,-8.0,287.0
-26.0,-80.0,-8.0,287.0
-22.0,-80.0,-8.0,287.0
-20.0,-80.0,-8.0,287.0
-18.0,-80.0,-8.0,64.0
-16.0,-80.0,-8.0,64.0
-14.0,-80.0,-8.0,64.0
-12.0,-80.0,-8.0,64.0
-10.0,-80.0,-8.0,64.0
-8.0,-80.0,-8.0,64.0
-6.0,-80.0,-8.0,64.0
-4.0,-80.0,-8.0,64.0
-2.0,-80.0,-8.0,450.0
0.0,-80.0,-8.0,450.0
2.0,-80.0,-8.0,450.0
4.0,-80.0,-8.0,362.0
6.0,-80.0,-8.0,362.0
8.0,-80.0,-8.0,362.0
10.0,-80.0,-8.0,362.0
12.0,-80.0,-8.0,362.0
14.0,-80.0,-8.0,362.0
16.0,-80.0,-8.0,567.0
18.0,-80.0,-8.0,567.0
20.0,-80.0,-8.0,464.0
22.0,-80.0,-8.0,464.0
24.0,-80.0,-8.0,464.0
26.0,-80.0,-8.0,440.0
28.0,-80.0,-8.0,440.0
30.0,-80.0,-8.0,440.0
32.0,-80.0,-8.0,440.0
34.0,-80.0,-8.0,569.0
36.0,-80.0,-8.0,569.0
38.0,-80.0,-8.0,569.0
40.0,-80.0,-8.0,569.0
42.0,-80.0,-8.0,569.0
44.0,-80.0,-8.0,277.0
46.0,-80.0,-8.0,277.0
48.0,-80.0,-8.0,277.0
50.0,-80.0,-8.0,277.0
-52.0,-78.0,-8.0,510.0
-50.0,-78.0,-8.0,36.0
-48.0,-78.0,-8.0,36.0
-46.0,-78.0,-8.0,36.0
-44.0,-78.0,-8.0,36.0
-42.0,-78.0,-8.0,36.0
-40.0,-78.0,-8.0,36.0
-38.0,-78.0,-8.0,36.0
-36.0,-78.0,-8.0,36.0
-34.0,-78.0,-8.0,36.0
-32.0,-78.0,-8.0,287.0
-30.0,-78.0,-8.0,287.0
-28.0,-78.0,-8.0,287.0
-26.0,-78.0,-8.0,287.0
-24.0,-78.0,-8.0,287.0
-22.0,-78.0,-8.0,287.0
-20.0,-78.0,-8.0,287.0
-18.0,-78.0,-8.0,64.0
-16.0,-78.0,-8.0,64.0
-14.0,-78.0,-8.0,64.0
-12.0,-78.0,-8.0,64.0
-10.0,-78.0,-8.0,64.0
-8.0,-78.0,-8.0,64.0
-6.0,-78.0,-8.0,64.0
-4.0,-78.0,-8.0,64.0
-2.0,-78.0,-8.0,450.0
0.0,-78.0,-8.0,450.0
2.0,-78.0,-8.0,450.0
4.0,-78.0,-8.0,362.0
6.0,-78.0,-8.0,362.0
8.0,-78.0,-8.0,362.0
10.0,-78.0,-8.0,362.0
12.0,-78.0,-8.0,362.0
14.0,-78.0,-8.0,362.0
16.0,-78.0,-8.0,362.0
18.0,-78.0,-8.0,362.0
20.0,-78.0,-8.0,464.0
22.0,-78.0,-8.0,464.0
24.0,-78.0,-8.0,464.0
26.0,-78.0,-8.0,464.0
28.0,-78.0,-8.0,587.0
30.0,-78.0,-8.0,587.0
32.0,-78.0,-8.0,569.0
34.0,-78.0,-8.0,569.0
36.0,-78.0,-8.0,569.0
38.0,-78.0,-8.0,569.0
40.0,-78.0,-8.0,569.0
42.0,-78.0,-8.0,277.0
44.0,-78.0,-8.0,277.0
46.0,-78.0,-8.0,277.0
48.0,-78.0,-8.0,277.0
50.0,-78.0,-8.0,277.0
52.0,-78.0,-8.0,277.0
-52.0,-76.0,-8.0,388.0
-50.0,-76.0,-8.0,36.0
-48.0,-76.0,-8.0,36.0
-46.0,-76.0,-8.0,36.0
-44.0,-76.0,-8.0,36.0
-42.0,-76.0,-8.0,36.0
-40.0,-76.0,-8.0,36.0
-38.0,-76.0,-8.0,36.0
-36.0,-76.0,-8.0,36.0
-34.0,-76.0,-8.0,36.0
-32.0,-76.0,-8.0,36.0
-30.0,-76.0,-8.0,287.0
-28.0,-76.0,-8.0,287.0
-26.0,-76.0,-8.0,287.0
-24.0,-76.0,-8.0,287.0
-22.0,-76.0,-8.0,287.0
-20.0,-76.0,-8.0,287.0
-18.0,-76.0,-8.0,64.0
-16.0,-76.0,-8.0,64.0
-14.0,-76.0,-8.0,64.0
-12.0,-76.0,-8.0,64.0
-10.0,-76.0,-8.0,64.0
-8.0,-76.0,-8.0,64.0
-6.0,-76.0,-8.0,64.0
-4.0,-76.0,-8.0,450.0
-2.0,-76.0,-8.0,450.0
0.0,-76.0,-8.0,450.0
2.0,-76.0,-8.0,450.0
4.0,-76.0,-8.0,362.0
6.0,-76.0,-8.0,362.0
8.0,-76.0,-8.0,362.0
10.0,-76.0,-8.0,362.0
12.0,-76.0,-8.0,362.0
14.0,-76.0,-8.0,362.0
16.0,-76.0,-8.0,362.0
18.0,-76.0,-8.0,362.0
20.0,-76.0,-8.0,431.0
22.0,-76.0,-8.0,464.0
24.0,-76.0,-8.0,357.0
26.0,-76.0,-8.0,357.0
28.0,-76.0,-8.0,587.0
30.0,-76.0,-8.0,587.0
32.0,-76.0,-8.0,587.0
34.0,-76.0,-8.0,587.0
36.0,-76.0,-8.0,569.0
38.0,-76.0,-8.0,569.0
40.0,-76.0,-8.0,569.0
42.0,-76.0,-8.0,277.0
44.0,-76.0,-8.0,277.0
46.0,-76.0,-8.0,277.0
48.0,-76.0,-8.0,277.0
50.0,-76.0,-8.0,277.0
52.0,-76.0,-8.0,277.0
-54.0,-74.0,-8.0,388.0
-52.0,-74.0,-8.0,388.0
-50.0,-74.0,-8.0,36.0
-48.0,-74.0,-8.0,36.0
-46.0,-74.0,-8.0,36.0
-44.0,-74.0,-8.0,36.0
-42.0,-74.0,-8.0,36.0
-40.0,-74.0,-8.0,36.0
-38.0,-74.0,-8.0,36.0
-36.0,-74.0,-8.0,36.0
-34.0,-74.0,-8.0,36.0
-32.0,-74.0,-8.0,36.0
-30.0,-74.0,-8.0,444.0
-28.0,-74.0,-8.0,287.0
-26.0,-74.0,-8.0,287.0
-24.0,-74.0,-8.0,287.0
-22.0,-74.0,-8.0,287.0
-20.0,-74.0,-8.0,64.0
-18.0,-74.0,-8.0,64.0
-16.0,-74.0,-8.0,64.0
-14.0,-74.0,-8.0,64.0
-12.0,-74.0,-8.0,64.0
-10.0,-74.0,-8.0,64.0
-8.0,-74.0,-8.0,64.0
-6.0,-74.0,-8.0,450.0
-4.0,-74.0,-8.0,450.0
2.0,-74.0,-8.0,450.0
4.0,-74.0,-8.0,362.0
6.0,-74.0,-8.0,362.0
8.0,-74.0,-8.0,362.0
10.0,-74.0,-8.0,362.0
12.0,-74.0,-8.0,362.0
14.0,-74.0,-8.0,362.0
16.0,-74.0,-8.0,362.0
18.0,-74.0,-8.0,431.0
20.0,-74.0,-8.0,431.0
22.0,-74.0,-8.0,357.0
24.0,-74.0,-8.0,357.0
26.0,-74.0,-8.0,357.0
28.0,-74.0,-8.0,357.0
30.0,-74.0,-8.0,587.0
32.0,-74.0,-8.0,587.0
34.0,-74.0,-8.0,587.0
36.0,-74.0,-8.0,587.0
38.0,-74.0,-8.0,587.0
40.0,-74.0,-8.0,569.0
42.0,-74.0,-8.0,277.0
44.0,-74.0,-8.0,277.0
46.0,-74.0,-8.0,277.0
48.0,-74.0,-8.0,277.0
50.0,-74.0,-8.0,277.0
52.0,-74.0,-8.0,277.0
54.0,-74.0,-8.0,277.0
-54.0,-72.0,-8.0,388.0
-52.0,-72.0,-8.0,388.0
-50.0,-72.0,-8.0,388.0
-48.0,-72.0,-8.0,36.0
-46.0,-72.0,-8.0,36.0
-44.0,-72.0,-8.0,36.0
-42.0,-72.0,-8.0,36.0
-40.0,-72.0,-8.0,36.0
-38.0,-72.0,-8.0,36.0
-34.0,-72.0,-8.0,36.0
-32.0,-72.0,-8.0,444.0
-30.0,-72.0,-8.0,123.0
-28.0,-72.0,-8.0,123.0
-26.0,-72.0,-8.0,123.0
-24.0,-72.0,-8.0,123.0
-22.0,-72.0,-8.0,287.0
-20.0,-72.0,-8.0,64.0
-18.0,-72.0,-8.0,64.0
-16.0,-72.0,-8.0,64.0
-14.0,-72.0,-8.0,64.0
-12.0,-72.0,-8.0,64.0
-10.0,-72.0,-8.0,64.0
-8.0,-72.0,-8.0,450.0
-6.0,-72.0,-8.0,450.0
4.0,-72.0,-8.0,362.0
6.0,-72.0,-8.0,362.0
8.0,-72.0,-8.0,362.0
10.0,-72.0,-8.0,362.0
12.0,-72.0,-8.0,362.0
14.0,-72.0,-8.0,362.0
16.0,-72.0,-8.0,362.0
18.0,-72.0,-8.0,431.0
20.0,-72.0,-8.0,431.0
22.0,-72.0,-8.0,357.0
24.0,-72.0,-8.0,357.0
26.0,-72.0,-8.0,357.0
28.0,-72.0,-8.0,357.0
30.0,-72.0,-8.0,587.0
32.0,-72.0,-8.0,587.0
34.0,-72.0,-8.0,587.0
36.0,-72.0,-8.0,587.0
38.0,-72.0,-8.0,587.0
40.0,-72.0,-8.0,587.0
42.0,-72.0,-8.0,277.0
44.0,-72.0,-8.0,277.0
46.0,-72.0,-8.0,277.0
48.0,-72.0,-8.0,277.0
50.0,-72.0,-8.0,277.0
52.0,-72.0,-8.0,277.0
54.0,-72.0,-8.0,277.0
-56.0,-70.0,-8.0,388.0
-54.0,-70.0,-8.0,388.0
-52.0,-70.0,-8.0,388.0
-50.0,-70.0,-8.0,388.0
-48.0,-70.0,-8.0,388.0
-46.0,-70.0,-8.0,36.0
-44.0,-70.0,-8.0,36.0
-42.0,-70.0,-8.0,36.0
-40.0,-70.0,-8.0,36.0
-38.0,-70.0,-8.0,36.0
-34.0,-70.0,-8.0,123.0
-32.0,-70.0,-8.0,123.0
-30.0,-70.0,-8.0,123.0
-28.0,-70.0,-8.0,123.0
-26.0,-70.0,-8.0,123.0
-24.0,-70.0,-8.0,123.0
-22.0,-70.0,-8.0,123.0
-20.0,-70.0,-8.0,272.0
-18.0,-70.0,-8.0,64.0
-16.0,-70.0,-8.0,64.0
-14.0,-70.0,-8.0,64.0
-12.0,-70.0,-8.0,64.0
-10.0,-70.0,-8.0,64.0
-8.0,-70.0,-8.0,450.0
-6.0,-70.0,-8.0,450.0
4.0,-70.0,-8.0,362.0
6.0,-70.0,-8.0,362.0
8.0,-70.0,-8.0,362.0
10.0,-70.0,-8.0,362.0
12.0,-70.0,-8.0,362.0
14.0,-70.0,-8.0,362.0
16.0,-70.0,-8.0,431.0
18.0,-70.0,-8.0,431.0
20.0,-70.0,-8.0,431.0
22.0,-70.0,-8.0,357.0
24.0,-70.0,-8.0,357.0
26.0,-70.0,-8.0,357.0
28.0,-70.0,-8.0,357.0
30.0,-70.0,-8.0,587.0
32.0,-70.0,-8.0,587.0
34.0,-70.0,-8.0,587.0
36.0,-70.0,-8.0,587.0
38.0,-70.0,-8.0,587.0
40.0,-70.0,-8.0,587.0
42.0,-70.0,-8.0,587.0
44.0,-70.0,-8.0,277.0
46.0,-70.0,-8.0,277.0
48.0,-70.0,-8.0,277.0
50.0,-70.0,-8.0,277.0
52.0,-70.0,-8.0,277.0
54.0,-70.0,-8.0,277.0
-56.0,-68.0,-8.0,388.0
-54.0,-68.0,-8.0,388.0
-52.0,-68.0,-8.0,388.0
-50.0,-68.0,-8.0,388.0
-48.0,-68.0,-8.0,388.0
-46.0,-68.0,-8.0,388.0
-44.0,-68.0,-8.0,36.0
-42.0,-68.0,-8.0,36.0
-40.0,-68.0,-8.0,36.0
-38.0,-68.0,-8.0,36.0
-32.0,-68.0,-8.0,123.0
-30.0,-68.0,-8.0,123.0
-28.0,-68.0,-8.0,123.0
-26.0,-68.0,-8.0,123.0
-24.0,-68.0,-8.0,123.0
-22.0,-68.0,-8.0,123.0
-20.0,-68.0,-8.0,579.0
-18.0,-68.0,-8.0,272.0
-16.0,-68.0,-8.0,272.0
-14.0,-68.0,-8.0,64.0
-12.0,-68.0,-8.0,64.0
-10.0,-68.0,-8.0,450.0
-8.0,-68.0,-8.0,450.0
6.0,-68.0,-8.0,362.0
8.0,-68.0,-8.0,362.0
10.0,-68.0,-8.0,362.0
12.0,-68.0,-8.0,362.0
14.0,-68.0,-8.0,431.0
16.0,-68.0,-8.0,431.0
18.0,-68.0,-8.0,431.0
20.0,-68.0,-8.0,431.0
22.0,-68.0,-8.0,357.0
24.0,-68.0,-8.0,357.0
26.0,-68.0,-8.0,357.0
28.0,-68.0,-8.0,357.0
30.0,-68.0,-8.0,357.0
32.0,-68.0,-8.0,587.0
34.0,-68.0,-8.0,587.0
36.0,-68.0,-8.0,587.0
38.0,-68.0,-8.0,587.0
40.0,-68.0,-8.0,587.0
42.0,-68.0,-8.0,587.0
44.0,-68.0,-8.0,277.0
46.0,-68.0,-8.0,277.0
48.0,-68.0,-8.0,277.0
50.0,-68.0,-8.0,277.0
52.0,-68.0,-8.0,277.0
54.0,-68.0,-8.0,350.0
-58.0,-66.0,-8.0,388.0
-56.0,-66.0,-8.0,388.0
-54.0,-66.0,-8.0,388.0
-52.0,-66.0,-8.0,388.0
-50.0,-66.0,-8.0,388.0
-48.0,-66.0,-8.0,388.0
-46.0,-66.0,-8.0,388.0
-44.0,-66.0,-8.0,388.0
-42.0,-66.0,-8.0,36.0
-40.0,-66.0,-8.0,36.0
-38.0,-66.0,-8.0,123.0
-30.0,-66.0,-8.0,123.0
-28.0,-66.0,-8.0,123.0
-26.0,-66.0,-8.0,123.0
-24.0,-66.0,-8.0,123.0
-22.0,-66.0,-8.0,123.0
-20.0,-66.0,-8.0,579.0
-18.0,-66.0,-8.0,579.0
-16.0,-66.0,-8.0,272.0
-14.0,-66.0,-8.0,272.0
-12.0,-66.0,-8.0,450.0
-10.0,-66.0,-8.0,450.0
8.0,-66.0,-8.0,362.0
10.0,-66.0,-8.0,362.0
12.0,-66.0,-8.0,362.0
14.0,-66.0,-8.0,431.0
16.0,-66.0,-8.0,431.0
18.0,-66.0,-8.0,431.0
20.0,-66.0,-8.0,431.0
22.0,-66.0,-8.0,357.0
24.0,-66.0,-8.0,357.0
26.0,-66.0,-8.0,357.0
28.0,-66.0,-8.0,357.0
30.0,-66.0,-8.0,357.0
32.0,-66.0,-8.0,587.0
34.0,-66.0,-8.0,587.0
36.0,-66.0,-8.0,587.0
38.0,-66.0,-8.0,587.0
40.0,-66.0,-8.0,587.0
42.0,-66.0,-8.0,476.0
44.0,-66.0,-8.0,373.0
46.0,-66.0,-8.0,373.0
48.0,-66.0,-8.0,373.0
50.0,-66.0,-8.0,350.0
52.0,-66.0,-8.0,350.0
54.0,-66.0,-8.0,350.0
56.0,-66.0,-8.0,350.0
58.0,-66.0,-8.0,11.0
-60.0,-64.0,-8.0,388.0
-58.0,-64.0,-8.0,388.0
-56.0,-64.0,-8.0,388.0
-54.0,-64.0,-8.0,388.0
-52.0,-64.0,-8.0,388.0
-50.0,-64.0,-8.0,388.0
-48.0,-64.0,-8.0,388.0
-46.0,-64.0,-8.0,388.0
-44.0,-64.0,-8.0,388.0
-42.0,-64.0,-8.0,388.0
-40.0,-64.0,-8.0,123.0
-38.0,-64.0,-8.0,123.0
-30.0,-64.0,-8.0,123.0
-28.0,-64.0,-8.0,123.0
-26.0,-64.0,-8.0,123.0
-24.0,-64.0,-8.0,123.0
-22.0,-64.0,-8.0,123.0
-20.0,-64.0,-8.0,579.0
-18.0,-64.0,-8.0,371.0
-16.0,-64.0,-8.0,371.0
-14.0,-64.0,-8.0,371.0
-12.0,-64.0,-8.0,371.0
-10.0,-64.0,-8.0,450.0
10.0,-64.0,-8.0,362.0
12.0,-64.0,-8.0,431.0
14.0,-64.0,-8.0,431.0
16.0,-64.0,-8.0,431.0
18.0,-64.0,-8.0,431.0
20.0,-64.0,-8.0,431.0
22.0,-64.0,-8.0,357.0
24.0,-64.0,-8.0,357.0
26.0,-64.0,-8.0,357.0
28.0,-64.0,-8.0,357.0
32.0,-64.0,-8.0,357.0
34.0,-64.0,-8.0,587.0
36.0,-64.0,-8.0,587.0
38.0,-64.0,-8.0,587.0
40.0,-64.0,-8.0,476.0
42.0,-64.0,-8.0,476.0
44.0,-64.0,-8.0,373.0
46.0,-64.0,-8.0,373.0
48.0,-64.0,-8.0,373.0
50.0,-64.0,-8.0,373.0
52.0,-64.0,-8.0,350.0
54.0,-64.0,-8.0,350.0
56.0,-64.0,-8.0,11.0
58.0,-64.0,-8.0,11.0
60.0,-64.0,-8.0,11.0
-62.0,-62.0,-8.0,388.0
-60.0,-62.0,-8.0,388.0
-58.0,-62.0,-8.0,388.0
-56.0,-62.0,-8.0,388.0
-54.0,-62.0,-8.0,388.0
-52.0,-62.0,-8.0,388.0
-50.0,-62.0,-8.0,388.0
-48.0,-62.0,-8.0,388.0
-46.0,-62.0,-8.0,388.0
-44.0,-62.0,-8.0,79.0
-42.0,-62.0,-8.0,79.0
-30.0,-62.0,-8.0,123.0
-28.0,-62.0,-8.0,123.0
-26.0,-62.0,-8.0,123.0
-24.0,-62.0,-8.0,547.0
-22.0,-62.0,-8.0,547.0
-20.0,-62.0,-8.0,547.0
-18.0,-62.0,-8.0,371.0
-16.0,-62.0,-8.0,371.0
-14.0,-62.0,-8.0,371.0
-12.0,-62.0,-8.0,371.0
-10.0,-62.0,-8.0,371.0
10.0,-62.0,-8.0,431.0
12.0,-62.0,-8.0,431.0
14.0,-62.0,-8.0,431.0
16.0,-62.0,-8.0,431.0
18.0,-62.0,-8.0,431.0
20.0,-62.0,-8.0,431.0
22.0,-62.0,-8.0,357.0
24.0,-62.0,-8.0,357.0
26.0,-62.0,-8.0,357.0
34.0,-62.0,-8.0,587.0
36.0,-62.0,-8.0,476.0
38.0,-62.0,-8.0,476.0
40.0,-62.0,-8.0,476.0
42.0,-62.0,-8.0,373.0
44.0,-62.0,-8.0,373.0
46.0,-62.0,-8.0,373.0
48.0,-62.0,-8.0,373.0
50.0,-62.0,-8.0,373.0
52.0,-62.0,-8.0,350.0
54.0,-62.0,-8.0,11.0
56.0,-62.0,-8.0,11.0
58.0,-62.0,-8.0,11.0
60.0,-62.0,-8.0,11.0
62.0,-62.0,-8.0,11.0
-62.0,-60.0,-8.0,388.0
-60.0,-60.0,-8.0,388.0
-58.0,-60.0,-8.0,388.0
-56.0,-60.0,-8.0,388.0
-54.0,-60.0,-8.0,388.0
-52.0,-60.0,-8.0,388.0
-50.0,-60.0,-8.0,388.0
-48.0,-60.0,-8.0,79.0
-46.0,-60.0,-8.0,79.0
-44.0,-60.0,-8.0,79.0
-42.0,-60.0,-8.0,79.0
-30.0,-60.0,-8.0,123.0
-28.0,-60.0,-8.0,123.0
-26.0,-60.0,-8.0,547.0
-24.0,-60.0,-8.0,547.0
-22.0,-60.0,-8.0,547.0
-20.0,-60.0,-8.0,547.0
-18.0,-60.0,-8.0,371.0
-16.0,-60.0,-8.0,371.0
-14.0,-60.0,-8.0,371.0
-12.0,-60.0,-8.0,371.0
10.0,-60.0,-8.0,431.0
12.0,-60.0,-8.0,431.0
14.0,-60.0,-8.0,431.0
16.0,-60.0,-8.0,431.0
18.0,-60.0,-8.0,431.0
20.0,-60.0,-8.0,451.0
22.0,-60.0,-8.0,451.0
24.0,-60.0,-8.0,451.0
26.0,-60.0,-8.0,451.0
28.0,-60.0,-8.0,357.0
36.0,-60.0,-8.0,476.0
42.0,-60.0,-8.0,373.0
44.0,-60.0,-8.0,373.0
46.0,-60.0,-8.0,373.0
48.0,-60.0,-8.0,373.0
50.0,-60.0,-8.0,373.0
52.0,-60.0,-8.0,373.0
54.0,-60.0,-8.0,11.0
56.0,-60.0,-8.0,11.0
58.0,-60.0,-8.0,11.0
60.0,-60.0,-8.0,11.0
62.0,-60.0,-8.0,11.0
-64.0,-58.0,-8.0,388.0
-62.0,-58.0,-8.0,388.0
-60.0,-58.0,-8.0,388.0
-58.0,-58.0,-8.0,388.0
-56.0,-58.0,-8.0,388.0
-54.0,-58.0,-8.0,388.0
-52.0,-58.0,-8.0,388.0
-50.0,-58.0,-8.0,79.0
-48.0,-58.0,-8.0,79.0
-46.0,-58.0,-8.0,79.0
-44.0,-58.0,-8.0,79.0
-42.0,-58.0,-8.0,79.0
-40.0,-58.0,-8.0,79.0
-30.0,-58.0,-8.0,123.0
-28.0,-58.0,-8.0,547.0
-26.0,-58.0,-8.0,547.0
-24.0,-58.0,-8.0,547.0
-22.0,-58.0,-8.0,547.0
-20.0,-58.0,-8.0,371.0
-18.0,-58.0,-8.0,371.0
-16.0,-58.0,-8.0,371.0
-14.0,-58.0,-8.0,371.0
-12.0,-58.0,-8.0,371.0
12.0,-58.0,-8.0,451.0
14.0,-58.0,-8.0,451.0
16.0,-58.0,-8.0,451.0
18.0,-58.0,-8.0,451.0
20.0,-58.0,-8.0,451.0
22.0,-58.0,-8.0,451.0
24.0,-58.0,-8.0,451.0
26.0,-58.0,-8.0,451.0
28.0,-58.0,-8.0,451.0
42.0,-58.0,-8.0,373.0
44.0,-58.0,-8.0,373.0
46.0,-58.0,-8.0,373.0
48.0,-58.0,-8.0,373.0
50.0,-58.0,-8.0,373.0
52.0,-58.0,-8.0,11.0
54.0,-58.0,-8.0,11.0
56.0,-58.0,-8.0,11.0
58.0,-58.0,-8.0,11.0
60.0,-58.0,-8.0,11.0
62.0,-58.0,-8.0,11.0
64.0,-58.0,-8.0,11.0
-64.0,-56.0,-8.0,535.0
-62.0,-56.0,-8.0,225.0
-60.0,-56.0,-8.0,225.0
-58.0,-56.0,-8.0,225.0
-56.0,-56.0,-8.0,225.0
-54.0,-56.0,-8.0,225.0
-52.0,-56.0,-8.0,79.0
-50.0,-56.0,-8.0,79.0
-48.0,-56.0,-8.0,79.0
-46.0,-56.0,-8.0,79.0
-44.0,-56.0,-8.0,79.0
-42.0,-56.0,-8.0,79.0
-40.0,-56.0,-8.0,79.0
-28.0,-56.0,-8.0,547.0
-26.0,-56.0,-8.0,547.0
-24.0,-56.0,-8.0,547.0
-22.0,-56.0,-8.0,547.0
-20.0,-56.0,-8.0,371.0
-18.0,-56.0,-8.0,371.0
-16.0,-56.0,-8.0,371.0
-14.0,-56.0,-8.0,371.0
12.0,-56.0,-8.0,451.0
14.0,-56.0,-8.0,451.0
16.0,-56.0,-8.0,451.0
18.0,-56.0,-8.0,451.0
20.0,-56.0,-8.0,451.0
22.0,-56.0,-8.0,451.0
24.0,-56.0,-8.0,451.0
26.0,-56.0,-8.0,451.0
46.0,-56.0,-8.0,373.0
48.0,-56.0,-8.0,373.0
50.0,-56.0,-8.0,373.0
52.0,-56.0,-8.0,11.0
54.0,-56.0,-8.0,11.0
56.0,-56.0,-8.0,11.0
58.0,-56.0,-8.0,11.0
60.0,-56.0,-8.0,11.0
62.0,-56.0,-8.0,11.0
64.0,-56.0,-8.0,11.0
-66.0,-54.0,-8.0,535.0
-64.0,-54.0,-8.0,535.0
-62.0,-54.0,-8.0,535.0
-60.0,-54.0,-8.0,137.0
-58.0,-54.0,-8.0,137.0
-56.0,-54.0,-8.0,137.0
-54.0,-54.0,-8.0,137.0
-52.0,-54.0,-8.0,79.0
-50.0,-54.0,-8.0,79.0
-48.0,-54.0,-8.0,79.0
-46.0,-54.0,-8.0,79.0
-44.0,-54.0,-8.0,79.0
-42.0,-54.0,-8.0,79.0
-32.0,-54.0,-8.0,547.0
-28.0,-54.0,-8.0,547.0
-26.0,-54.0,-8.0,547.0
-24.0,-54.0,-8.0,547.0
-22.0,-54.0,-8.0,547.0
-20.0,-54.0,-8.0,371.0
-18.0,-54.0,-8.0,371.0
-16.0,-54.0,-8.0,371.0
-14.0,-54.0,-8.0,371.0
12.0,-54.0,-8.0,451.0
14.0,-54.0,-8.0,451.0
16.0,-54.0,-8.0,451.0
18.0,-54.0,-8.0,451.0
20.0,-54.0,-8.0,451.0
22.0,-54.0,-8.0,451.0
24.0,-54.0,-8.0,451.0
26.0,-54.0,-8.0,451.0
44.0,-54.0,-8.0,373.0
46.0,-54.0,-8.0,373.0
48.0,-54.0,-8.0,373.0
50.0,-54.0,-8.0,581.0
52.0,-54.0,-8.0,11.0
54.0,-54.0,-8.0,11.0
56.0,-54.0,-8.0,11.0
58.0,-54.0,-8.0,11.0
60.0,-54.0,-8.0,11.0
62.0,-54.0,-8.0,11.0
64.0,-54.0,-8.0,11.0
-66.0,-52.0,-8.0,535.0
-64.0,-52.0,-8.0,535.0
-62.0,-52.0,-8.0,535.0
-60.0,-52.0,-8.0,137.0
-58.0,-52.0,-8.0,137.0
-56.0,-52.0,-8.0,137.0
-54.0,-52.0,-8.0,137.0
-52.0,-52.0,-8.0,137.0
-50.0,-52.0,-8.0,79.0
-48.0,-52.0,-8.0,79.0
-46.0,-52.0,-8.0,79.0
-44.0,-52.0,-8.0,79.0
-28.0,-52.0,-8.0,547.0
-26.0,-52.0,-8.0,547.0
-24.0,-52.0,-8.0,547.0
-22.0,-52.0,-8.0,371.0
-20.0,-52.0,-8.0,371.0
-18.0,-52.0,-8.0,371.0
-16.0,-52.0,-8.0,371.0
-14.0,-52.0,-8.0,371.0
12.0,-52.0,-8.0,513.0
14.0,-52.0,-8.0,513.0
16.0,-52.0,-8.0,513.0
18.0,-52.0,-8.0,451.0
20.0,-52.0,-8.0,451.0
22.0,-52.0,-8.0,451.0
24.0,-52.0,-8.0,451.0
26.0,-52.0,-8.0,451.0
44.0,-52.0,-8.0,373.0
46.0,-52.0,-8.0,581.0
48.0,-52.0,-8.0,581.0
50.0,-52.0,-8.0,581.0
52.0,-52.0,-8.0,581.0
54.0,-52.0,-8.0,11.0
56.0,-52.0,-8.0,11.0
58.0,-52.0,-8.0,11.0
60.0,-52.0,-8.0,11.0
62.0,-52.0,-8.0,11.0
64.0,-52.0,-8.0,11.0
66.0,-52.0,-8.0,11.0
-66.0,-50.0,-8.0,535.0
-64.0,-50.0,-8.0,535.0
-62.0,-50.0,-8.0,535.0
-60.0,-50.0,-8.0,535.0
-58.0,-50.0,-8.0,137.0
-56.0,-50.0,-8.0,137.0
-54.0,-50.0,-8.0,137.0
-52.0,-50.0,-8.0,137.0
-50.0,-50.0,-8.0,137.0
-48.0,-50.0,-8.0,79.0
-46.0,-50.0,-8.0,79.0
-44.0,-50.0,-8.0,79.0
-28.0,-50.0,-8.0,547.0
-26.0,-50.0,-8.0,547.0
-24.0,-50.0,-8.0,547.0
-22.0,-50.0,-8.0,371.0
-20.0,-50.0,-8.0,371.0
-18.0,-50.0,-8.0,371.0
-16.0,-50.0,-8.0,371.0
-14.0,-50.0,-8.0,371.0
12.0,-50.0,-8.0,513.0
14.0,-50.0,-8.0,513.0
16.0,-50.0,-8.0,513.0
18.0,-50.0,-8.0,513.0
20.0,-50.0,-8.0,513.0
22.0,-50.0,-8.0,513.0
24.0,-50.0,-8.0,451.0
26.0,-50.0,-8.0,451.0
44.0,-50.0,-8.0,581.0
46.0,-50.0,-8.0,581.0
48.0,-50.0,-8.0,581.0
50.0,-50.0,-8.0,581.0
52.0,-50.0,-8.0,581.0
54.0,-50.0,-8.0,581.0
56.0,-50.0,-8.0,11.0
58.0,-50.0,-8.0,11.0
60.0,-50.0,-8.0,11.0
62.0,-50.0,-8.0,11.0
64.0,-50.0,-8.0,11.0
66.0,-50.0,-8.0,11.0
-68.0,-48.0,-8.0,535.0
-66.0,-48.0,-8.0,535.0
-64.0,-48.0,-8.0,535.0
-62.0,-48.0,-8.0,535.0
-60.0,-48.0,-8.0,535.0
-58.0,-48.0,-8.0,137.0
-56.0,-48.0,-8.0,137.0
-54.0,-48.0,-8.0,137.0
-52.0,-48.0,-8.0,137.0
-50.0,-48.0,-8.0,137.0
-48.0,-48.0,-8.0,507.0
-46.0,-48.0,-8.0,507.0
-28.0,-48.0,-8.0,547.0
-26.0,-48.0,-8.0,547.0
-24.0,-48.0,-8.0,547.0
-22.0,-48.0,-8.0,371.0
-20.0,-48.0,-8.0,371.0
-18.0,-48.0,-8.0,371.0
-16.0,-48.0,-8.0,371.0
-14.0,-48.0,-8.0,371.0
12.0,-48.0,-8.0,513.0
14.0,-48.0,-8.0,513.0
16.0,-48.0,-8.0,513.0
18.0,-48.0,-8.0,513.0
20.0,-48.0,-8.0,513.0
22.0,-48.0,-8.0,513.0
24.0,-48.0,-8.0,513.0
44.0,-48.0,-8.0,581.0
46.0,-48.0,-8.0,581.0
48.0,-48.0,-8.0,581.0
50.0,-48.0,-8.0,581.0
52.0,-48.0,-8.0,581.0
54.0,-48.0,-8.0,581.0
56.0,-48.0,-8.0,581.0
58.0,-48.0,-8.0,11.0
60.0,-48.0,-8.0,11.0
62.0,-48.0,-8.0,11.0
64.0,-48.0,-8.0,11.0
66.0,-48.0,-8.0,11.0
-68.0,-46.0,-8.0,535.0
-66.0,-46.0,-8.0,535.0
-64.0,-46.0,-8.0,535.0
-62.0,-46.0,-8.0,535.0
-60.0,-46.0,-8.0,535.0
-58.0,-46.0,-8.0,535.0
-56.0,-46.0,-8.0,137.0
-54.0,-46.0,-8.0,137.0
-52.0,-46.0,-8.0,137.0
-50.0,-46.0,-8.0,507.0
-28.0,-46.0,-8.0,547.0
-26.0,-46.0,-8.0,547.0
-24.0,-46.0,-8.0,371.0
-22.0,-46.0,-8.0,371.0
-20.0,-46.0,-8.0,371.0
-18.0,-46.0,-8.0,371.0
-16.0,-46.0,-8.0,371.0
-14.0,-46.0,-8.0,371.0
12.0,-46.0,-8.0,513.0
14.0,-46.0,-8.0,513.0
16.0,-46.0,-8.0,513.0
18.0,-46.0,-8.0,513.0
20.0,-46.0,-8.0,513.0
22.0,-46.0,-8.0,513.0
24.0,-46.0,-8.0,513.0
46.0,-46.0,-8.0,581.0
48.0,-46.0,-8.0,581.0
50.0,-46.0,-8.0,581.0
52.0,-46.0,-8.0,581.0
54.0,-46.0,-8.0,581.0
56.0,-46.0,-8.0,581.0
58.0,-46.0,-8.0,11.0
60.0,-46.0,-8.0,11.0
62.0,-46.0,-8.0,11.0
64.0,-46.0,-8.0,11.0
66.0,-46.0,-8.0,11.0
68.0,-46.0,-8.0,11.0
-68.0,-44.0,-8.0,535.0
-66.0,-44.0,-8.0,535.0
-64.0,-44.0,-8.0,535.0
-62.0,-44.0,-8.0,535.0
-60.0,-44.0,-8.0,535.0
-58.0,-44.0,-8.0,535.0
-56.0,-44.0,-8.0,535.0
-54.0,-44.0,-8.0,137.0
-52.0,-44.0,-8.0,137.0
-28.0,-44.0,-8.0,547.0
-26.0,-44.0,-8.0,547.0
-24.0,-44.0,-8.0,371.0
-22.0,-44.0,-8.0,371.0
-20.0,-44.0,-8.0,371.0
-18.0,-44.0,-8.0,371.0
-16.0,-44.0,-8.0,371.0
-14.0,-44.0,-8.0,371.0
12.0,-44.0,-8.0,513.0
14.0,-44.0,-8.0,513.0
16.0,-44.0,-8.0,513.0
18.0,-44.0,-8.0,513.0
20.0,-44.0,-8.0,513.0
22.0,-44.0,-8.0,513.0
24.0,-44.0,-8.0,513.0
52.0,-44.0,-8.0,581.0
54.0,-44.0,-8.0,581.0
56.0,-44.0,-8.0,581.0
58.0,-44.0,-8.0,581.0
60.0,-44.0,-8.0,11.0
62.0,-44.0,-8.0,11.0
64.0,-44.0,-8.0,11.0
66.0,-44.0,-8.0,11.0
68.0,-44.0,-8.0,11.0
-70.0,-42.0,-8.0,535.0
-68.0,-42.0,-8.0,535.0
-66.0,-42.0,-8.0,535.0
-64.0,-42.0,-8.0,535.0
-62.0,-42.0,-8.0,535.0
-60.0,-42.0,-8.0,535.0
-58.0,-42.0,-8.0,535.0
-56.0,-42.0,-8.0,535.0
-54.0,-42.0,-8.0,137.0
-52.0,-42.0,-8.0,507.0
-28.0,-42.0,-8.0,492.0
-26.0,-42.0,-8.0,492.0
-24.0,-42.0,-8.0,492.0
-22.0,-42.0,-8.0,371.0
-20.0,-42.0,-8.0,371.0
-18.0,-42.0,-8.0,371.0
-16.0,-42.0,-8.0,371.0
-14.0,-42.0,-8.0,371.0
14.0,-42.0,-8.0,513.0
16.0,-42.0,-8.0,513.0
18.0,-42.0,-8.0,513.0
54.0,-42.0,-8.0,581.0
56.0,-42.0,-8.0,581.0
58.0,-42.0,-8.0,581.0
60.0,-42.0,-8.0,581.0
62.0,-42.0,-8.0,11.0
64.0,-42.0,-8.0,11.0
66.0,-42.0,-8.0,11.0
68.0,-42.0,-8.0,11.0
-70.0,-40.0,-8.0,535.0
-68.0,-40.0,-8.0,535.0
-66.0,-40.0,-8.0,535.0
-64.0,-40.0,-8.0,535.0
-62.0,-40.0,-8.0,535.0
-60.0,-40.0,-8.0,535.0
-58.0,-40.0,-8.0,535.0
-56.0,-40.0,-8.0,535.0
-54.0,-40.0,-8.0,535.0
-28.0,-40.0,-8.0,492.0
-26.0,-40.0,-8.0,492.0
-24.0,-40.0,-8.0,492.0
-20.0,-40.0,-8.0,492.0
-18.0,-40.0,-8.0,371.0
-16.0,-40.0,-8.0,371.0
14.0,-40.0,-8.0,513.0
16.0,-40.0,-8.0,513.0
54.0,-40.0,-8.0,581.0
56.0,-40.0,-8.0,581.0
58.0,-40.0,-8.0,581.0
60.0,-40.0,-8.0,581.0
62.0,-40.0,-8.0,133.0
64.0,-40.0,-8.0,11.0
66.0,-40.0,-8.0,11.0
68.0,-40.0,-8.0,11.0
-70.0,-38.0,-8.0,535.0
-68.0,-38.0,-8.0,535.0
-66.0,-38.0,-8.0,535.0
-64.0,-38.0,-8.0,535.0
-62.0,-38.0,-8.0,535.0
-60.0,-38.0,-8.0,535.0
-58.0,-38.0,-8.0,535.0
-56.0,-38.0,-8.0,535.0
-54.0,-38.0,-8.0,535.0
14.0,-38.0,-8.0,513.0
16.0,-38.0,-8.0,513.0
56.0,-38.0,-8.0,133.0
58.0,-38.0,-8.0,133.0
60.0,-38.0,-8.0,133.0
62.0,-38.0,-8.0,133.0
64.0,-38.0,-8.0,133.0
66.0,-38.0,-8.0,184.0
68.0,-38.0,-8.0,184.0
70.0,-38.0,-8.0,184.0
-70.0,-36.0,-8.0,535.0
-68.0,-36.0,-8.0,535.0
-66.0,-36.0,-8.0,535.0
-64.0,-36.0,-8.0,535.0
-62.0,-36.0,-8.0,535.0
-60.0,-36.0,-8.0,38.0
-58.0,-36.0,-8.0,38.0
-56.0,-36.0,-8.0,38.0
14.0,-36.0,-8.0,513.0
16.0,-36.0,-8.0,513.0
56.0,-36.0,-8.0,436.0
58.0,-36.0,-8.0,436.0
60.0,-36.0,-8.0,436.0
62.0,-36.0,-8.0,436.0
64.0,-36.0,-8.0,436.0
66.0,-36.0,-8.0,184.0
68.0,-36.0,-8.0,184.0
70.0,-36.0,-8.0,184.0
-70.0,-34.0,-8.0,38.0
-68.0,-34.0,-8.0,38.0
-66.0,-34.0,-8.0,38.0
-64.0,-34.0,-8.0,38.0
-62.0,-34.0,-8.0,38.0
-60.0,-34.0,-8.0,38.0
-58.0,-34.0,-8.0,38.0
14.0,-34.0,-8.0,513.0
16.0,-34.0,-8.0,513.0
50.0,-34.0,-8.0,436.0
52.0,-34.0,-8.0,436.0
54.0,-34.0,-8.0,436.0
56.0,-34.0,-8.0,436.0
58.0,-34.0,-8.0,436.0
60.0,-34.0,-8.0,436.0
62.0,-34.0,-8.0,436.0
64.0,-34.0,-8.0,436.0
66.0,-34.0,-8.0,184.0
68.0,-34.0,-8.0,184.0
70.0,-34.0,-8.0,184.0
-70.0,-32.0,-8.0,38.0
-68.0,-32.0,-8.0,38.0
-66.0,-32.0,-8.0,38.0
-64.0,-32.0,-8.0,38.0
-62.0,-32.0,-8.0,38.0
-60.0,-32.0,-8.0,38.0
-58.0,-32.0,-8.0,38.0
-56.0,-32.0,-8.0,38.0
14.0,-32.0,-8.0,513.0
16.0,-32.0,-8.0,513.0
50.0,-32.0,-8.0,436.0
52.0,-32.0,-8.0,436.0
54.0,-32.0,-8.0,436.0
56.0,-32.0,-8.0,436.0
58.0,-32.0,-8.0,436.0
60.0,-32.0,-8.0,436.0
62.0,-32.0,-8.0,436.0
64.0,-32.0,-8.0,436.0
66.0,-32.0,-8.0,436.0
68.0,-32.0,-8.0,184.0
70.0,-32.0,-8.0,184.0
-70.0,-30.0,-8.0,38.0
-68.0,-30.0,-8.0,38.0
-66.0,-30.0,-8.0,38.0
-64.0,-30.0,-8.0,38.0
-62.0,-30.0,-8.0,38.0
-60.0,-30.0,-8.0,38.0
-58.0,-30.0,-8.0,38.0
-56.0,-30.0,-8.0,38.0
-54.0,-30.0,-8.0,38.0
-52.0,-30.0,-8.0,38.0
-50.0,-30.0,-8.0,59.0
-28.0,-30.0,-8.0,492.0
-26.0,-30.0,-8.0,492.0
-24.0,-30.0,-8.0,492.0
50.0,-30.0,-8.0,436.0
52.0,-30.0,-8.0,436.0
54.0,-30.0,-8.0,436.0
56.0,-30.0,-8.0,436.0
58.0,-30.0,-8.0,436.0
60.0,-30.0,-8.0,436.0
62.0,-30.0,-8.0,436.0
64.0,-30.0,-8.0,436.0
66.0,-30.0,-8.0,436.0
68.0,-30.0,-8.0,184.0
70.0,-30.0,-8.0,184.0
-70.0,-28.0,-8.0,38.0
-68.0,-28.0,-8.0,38.0
-66.0,-28.0,-8.0,38.0
-64.0,-28.0,-8.0,38.0
-62.0,-28.0,-8.0,38.0
-60.0,-28.0,-8.0,38.0
-58.0,-28.0,-8.0,38.0
-56.0,-28.0,-8.0,38.0
-54.0,-28.0,-8.0,38.0
-52.0,-28.0,-8.0,38.0
-50.0,-28.0,-8.0,59.0
-48.0,-28.0,-8.0,59.0
-28.0,-28.0,-8.0,492.0
-26.0,-28.0,-8.0,492.0
-24.0,-28.0,-8.0,492.0
50.0,-28.0,-8.0,321.0
52.0,-28.0,-8.0,436.0
54.0,-28.0,-8.0,436.0
56.0,-28.0,-8.0,436.0
58.0,-28.0,-8.0,436.0
60.0,-28.0,-8.0,436.0
62.0,-28.0,-8.0,436.0
64.0,-28.0,-8.0,436.0
66.0,-28.0,-8.0,436.0
68.0,-28.0,-8.0,184.0
70.0,-28.0,-8.0,184.0
-70.0,-26.0,-8.0,417.0
-68.0,-26.0,-8.0,38.0
-66.0,-26.0,-8.0,38.0
-64.0,-26.0,-8.0,38.0
-62.0,-26.0,-8.0,38.0
-60.0,-26.0,-8.0,38.0
-58.0,-26.0,-8.0,38.0
-56.0,-26.0,-8.0,38.0
-54.0,-26.0,-8.0,38.0
-52.0,-26.0,-8.0,38.0
-50.0,-26.0,-8.0,38.0
-48.0,-26.0,-8.0,490.0
-46.0,-26.0,-8.0,490.0
48.0,-26.0,-8.0,321.0
50.0,-26.0,-8.0,321.0
52.0,-26.0,-8.0,436.0
54.0,-26.0,-8.0,436.0
56.0,-26.0,-8.0,436.0
58.0,-26.0,-8.0,436.0
60.0,-26.0,-8.0,436.0
62.0,-26.0,-8.0,436.0
64.0,-26.0,-8.0,436.0
66.0,-26.0,-8.0,436.0
68.0,-26.0,-8.0,184.0
70.0,-26.0,-8.0,184.0
-70.0,-24.0,-8.0,417.0
-68.0,-24.0,-8.0,417.0
-66.0,-24.0,-8.0,417.0
-64.0,-24.0,-8.0,417.0
-62.0,-24.0,-8.0,529.0
-60.0,-24.0,-8.0,529.0
-58.0,-24.0,-8.0,529.0
-56.0,-24.0,-8.0,529.0
-54.0,-24.0,-8.0,529.0
-52.0,-24.0,-8.0,529.0
-50.0,-24.0,-8.0,529.0
-48.0,-24.0,-8.0,490.0
-46.0,-24.0,-8.0,490.0
-44.0,-24.0,-8.0,490.0
46.0,-24.0,-8.0,321.0
48.0,-24.0,-8.0,321.0
50.0,-24.0,-8.0,321.0
52.0,-24.0,-8.0,321.0
54.0,-24.0,-8.0,436.0
56.0,-24.0,-8.0,436.0
58.0,-24.0,-8.0,436.0
60.0,-24.0,-8.0,436.0
62.0,-24.0,-8.0,436.0
64.0,-24.0,-8.0,436.0
66.0,-24.0,-8.0,436.0
68.0,-24.0,-8.0,70.0
70.0,-24.0,-8.0,70.0
-70.0,-22.0,-8.0,417.0
-68.0,-22.0,-8.0,417.0
-66.0,-22.0,-8.0,417.0
-64.0,-22.0,-8.0,417.0
-62.0,-22.0,-8.0,417.0
-60.0,-22.0,-8.0,417.0
-58.0,-22.0,-8.0,417.0
-56.0,-22.0,-8.0,529.0
-54.0,-22.0,-8.0,529.0
-52.0,-22.0,-8.0,529.0
-50.0,-22.0,-8.0,529.0
-48.0,-22.0,-8.0,490.0
-46.0,-22.0,-8.0,490.0
-44.0,-22.0,-8.0,490.0
46.0,-22.0,-8.0,321.0
48.0,-22.0,-8.0,321.0
50.0,-22.0,-8.0,321.0
52.0,-22.0,-8.0,321.0
54.0,-22.0,-8.0,436.0
56.0,-22.0,-8.0,436.0
58.0,-22.0,-8.0,436.0
60.0,-22.0,-8.0,436.0
62.0,-22.0,-8.0,436.0
64.0,-22.0,-8.0,70.0
66.0,-22.0,-8.0,70.0
68.0,-22.0,-8.0,70.0
-70.0,-20.0,-8.0,417.0
-68.0,-20.0,-8.0,417.0
-66.0,-20.0,-8.0,417.0
-64.0,-20.0,-8.0,417.0
-62.0,-20.0,-8.0,417.0
-60.0,-20.0,-8.0,417.0
-58.0,-20.0,-8.0,13.0
-56.0,-20.0,-8.0,13.0
-54.0,-20.0,-8.0,13.0
-52.0,-20.0,-8.0,13.0
-50.0,-20.0,-8.0,13.0
-48.0,-20.0,-8.0,490.0
-46.0,-20.0,-8.0,490.0
-44.0,-20.0,-8.0,490.0
46.0,-20.0,-8.0,321.0
48.0,-20.0,-8.0,321.0
50.0,-20.0,-8.0,321.0
52.0,-20.0,-8.0,321.0
54.0,-20.0,-8.0,321.0
56.0,-20.0,-8.0,436.0
58.0,-20.0,-8.0,436.0
60.0,-20.0,-8.0,70.0
62.0,-20.0,-8.0,70.0
64.0,-20.0,-8.0,70.0
66.0,-20.0,-8.0,70.0
68.0,-20.0,-8.0,70.0
-70.0,-18.0,-8.0,417.0
-68.0,-18.0,-8.0,417.0
-66.0,-18.0,-8.0,417.0
-64.0,-18.0,-8.0,13.0
-62.0,-18.0,-8.0,13.0
-60.0,-18.0,-8.0,13.0
-58.0,-18.0,-8.0,13.0
-56.0,-18.0,-8.0,13.0
-54.0,-18.0,-8.0,13.0
-52.0,-18.0,-8.0,13.0
-50.0,-18.0,-8.0,564.0
-48.0,-18.0,-8.0,94.0
-46.0,-18.0,-8.0,490.0
-44.0,-18.0,-8.0,490.0
40.0,-18.0,-8.0,457.0
42.0,-18.0,-8.0,321.0
44.0,-18.0,-8.0,321.0
46.0,-18.0,-8.0,321.0
48.0,-18.0,-8.0,321.0
50.0,-18.0,-8.0,321.0
52.0,-18.0,-8.0,321.0
54.0,-18.0,-8.0,321.0
56.0,-18.0,-8.0,70.0
58.0,-18.0,-8.0,70.0
60.0,-18.0,-8.0,70.0
62.0,-18.0,-8.0,70.0
64.0,-18.0,-8.0,70.0
66.0,-18.0,-8.0,70.0
68.0,-18.0,-8.0,70.0
-70.0,-16.0,-8.0,13.0
-68.0,-16.0,-8.0,13.0
-66.0,-16.0,-8.0,13.0
-64.0,-16.0,-8.0,13.0
-62.0,-16.0,-8.0,13.0
-60.0,-16.0,-8.0,13.0
-58.0,-16.0,-8.0,13.0
-56.0,-16.0,-8.0,13.0
-54.0,-16.0,-8.0,13.0
-52.0,-16.0,-8.0,564.0
-50.0,-16.0,-8.0,564.0
-48.0,-16.0,-8.0,94.0
-46.0,-16.0,-8.0,94.0
40.0,-16.0,-8.0,457.0
42.0,-16.0,-8.0,321.0
44.0,-16.0,-8.0,321.0
46.0,-16.0,-8.0,321.0
48.0,-16.0,-8.0,321.0
50.0,-16.0,-8.0,321.0
52.0,-16.0,-8.0,321.0
54.0,-16.0,-8.0,321.0
56.0,-16.0,-8.0,70.0
58.0,-16.0,-8.0,70.0
60.0,-16.0,-8.0,70.0
62.0,-16.0,-8.0,70.0
64.0,-16.0,-8.0,70.0
66.0,-16.0,-8.0,70.0
68.0,-16.0,-8.0,70.0
-70.0,-14.0,-8.0,13.0
-68.0,-14.0,-8.0,13.0
-66.0,-14.0,-8.0,13.0
-64.0,-14.0,-8.0,13.0
-62.0,-14.0,-8.0,13.0
-60.0,-14.0,-8.0,13.0
-58.0,-14.0,-8.0,13.0
-56.0,-14.0,-8.0,13.0
-54.0,-14.0,-8.0,564.0
-52.0,-14.0,-8.0,564.0
-50.0,-14.0,-8.0,564.0
-48.0,-14.0,-8.0,94.0
-46.0,-14.0,-8.0,94.0
-44.0,-14.0,-8.0,94.0
38.0,-14.0,-8.0,457.0
40.0,-14.0,-8.0,457.0
42.0,-14.0,-8.0,457.0
44.0,-14.0,-8.0,321.0
46.0,-14.0,-8.0,321.0
48.0,-14.0,-8.0,321.0
50.0,-14.0,-8.0,321.0
52.0,-14.0,-8.0,321.0
54.0,-14.0,-8.0,418.0
56.0,-14.0,-8.0,70.0
58.0,-14.0,-8.0,70.0
60.0,-14.0,-8.0,70.0
62.0,-14.0,-8.0,70.0
64.0,-14.0,-8.0,70.0
66.0,-14.0,-8.0,70.0
68.0,-14.0,-8.0,70.0
-68.0,-12.0,-8.0,13.0
-66.0,-12.0,-8.0,13.0
-64.0,-12.0,-8.0,13.0
-62.0,-12.0,-8.0,13.0
-60.0,-12.0,-8.0,13.0
-58.0,-12.0,-8.0,564.0
-56.0,-12.0,-8.0,564.0
-54.0,-12.0,-8.0,564.0
-52.0,-12.0,-8.0,564.0
-50.0,-12.0,-8.0,564.0
-48.0,-12.0,-8.0,94.0
-46.0,-12.0,-8.0,94.0
-44.0,-12.0,-8.0,94.0
-42.0,-12.0,-8.0,198.0
38.0,-12.0,-8.0,457.0
40.0,-12.0,-8.0,457.0
42.0,-12.0,-8.0,457.0
44.0,-12.0,-8.0,457.0
46.0,-12.0,-8.0,321.0
48.0,-12.0,-8.0,321.0
50.0,-12.0,-8.0,321.0
52.0,-12.0,-8.0,418.0
54.0,-12.0,-8.0,418.0
56.0,-12.0,-8.0,70.0
58.0,-12.0,-8.0,70.0
60.0,-12.0,-8.0,70.0
62.0,-12.0,-8.0,70.0
64.0,-12.0,-8.0,70.0
66.0,-12.0,-8.0,70.0
-68.0,-10.0,-8.0,13.0
-66.0,-10.0,-8.0,13.0
-64.0,-10.0,-8.0,13.0
-62.0,-10.0,-8.0,13.0
-60.0,-10.0,-8.0,564.0
-58.0,-10.0,-8.0,564.0
-56.0,-10.0,-8.0,564.0
-54.0,-10.0,-8.0,564.0
-52.0,-10.0,-8.0,564.0
-50.0,-10.0,-8.0,564.0
-48.0,-10.0,-8.0,94.0
-46.0,-10.0,-8.0,94.0
-44.0,-10.0,-8.0,94.0
-42.0,-10.0,-8.0,591.0
-40.0,-10.0,-8.0,198.0
-32.0,-10.0,-8.0,198.0
30.0,-10.0,-8.0,457.0
40.0,-10.0,-8.0,457.0
42.0,-10.0,-8.0,457.0
44.0,-10.0,-8.0,457.0
46.0,-10.0,-8.0,321.0
48.0,-10.0,-8.0,321.0
52.0,-10.0,-8.0,418.0
54.0,-10.0,-8.0,70.0
56.0,-10.0,-8.0,70.0
58.0,-10.0,-8.0,70.0
60.0,-10.0,-8.0,70.0
62.0,-10.0,-8.0,70.0
64.0,-10.0,-8.0,70.0
66.0,-10.0,-8.0,70.0
-68.0,-8.0,-8.0,13.0
-66.0,-8.0,-8.0,13.0
-64.0,-8.0,-8.0,13.0
-62.0,-8.0,-8.0,564.0
-60.0,-8.0,-8.0,564.0
-58.0,-8.0,-8.0,564.0
-56.0,-8.0,-8.0,564.0
-54.0,-8.0,-8.0,564.0
-52.0,-8.0,-8.0,564.0
-50.0,-8.0,-8.0,564.0
-48.0,-8.0,-8.0,94.0
-46.0,-8.0,-8.0,94.0
-44.0,-8.0,-8.0,94.0
-42.0,-8.0,-8.0,591.0
-40.0,-8.0,-8.0,591.0
-32.0,-8.0,-8.0,198.0
-30.0,-8.0,-8.0,198.0
30.0,-8.0,-8.0,457.0
44.0,-8.0,-8.0,355.0
46.0,-8.0,-8.0,355.0
48.0,-8.0,-8.0,355.0
50.0,-8.0,-8.0,418.0
52.0,-8.0,-8.0,418.0
54.0,-8.0,-8.0,70.0
56.0,-8.0,-8.0,70.0
58.0,-8.0,-8.0,70.0
60.0,-8.0,-8.0,70.0
62.0,-8.0,-8.0,70.0
64.0,-8.0,-8.0,70.0
66.0,-8.0,-8.0,70.0
-66.0,-6.0,-8.0,397.0
-64.0,-6.0,-8.0,564.0
-62.0,-6.0,-8.0,564.0
-60.0,-6.0,-8.0,564.0
-58.0,-6.0,-8.0,564.0
-56.0,-6.0,-8.0,564.0
-54.0,-6.0,-8.0,564.0
-52.0,-6.0,-8.0,115.0
-50.0,-6.0,-8.0,115.0
-48.0,-6.0,-8.0,115.0
-46.0,-6.0,-8.0,94.0
-44.0,-6.0,-8.0,94.0
-42.0,-6.0,-8.0,591.0
-32.0,-6.0,-8.0,198.0
-30.0,-6.0,-8.0,198.0
28.0,-6.0,-8.0,37.0
30.0,-6.0,-8.0,37.0
32.0,-6.0,-8.0,37.0
40.0,-6.0,-8.0,355.0
42.0,-6.0,-8.0,355.0
44.0,-6.0,-8.0,355.0
46.0,-6.0,-8.0,355.0
48.0,-6.0,-8.0,355.0
50.0,-6.0,-8.0,355.0
52.0,-6.0,-8.0,418.0
54.0,-6.0,-8.0,70.0
56.0,-6.0,-8.0,70.0
58.0,-6.0,-8.0,70.0
60.0,-6.0,-8.0,70.0
62.0,-6.0,-8.0,70.0
64.0,-6.0,-8.0,70.0
-66.0,-4.0,-8.0,397.0
-64.0,-4.0,-8.0,397.0
-62.0,-4.0,-8.0,564.0
-60.0,-4.0,-8.0,564.0
-58.0,-4.0,-8.0,564.0
-56.0,-4.0,-8.0,115.0
-54.0,-4.0,-8.0,115.0
-52.0,-4.0,-8.0,115.0
-50.0,-4.0,-8.0,115.0
-48.0,-4.0,-8.0,115.0
-46.0,-4.0,-8.0,115.0
-32.0,-4.0,-8.0,591.0
-30.0,-4.0,-8.0,591.0
28.0,-4.0,-8.0,37.0
30.0,-4.0,-8.0,37.0
32.0,-4.0,-8.0,37.0
38.0,-4.0,-8.0,355.0
40.0,-4.0,-8.0,355.0
42.0,-4.0,-8.0,355.0
46.0,-4.0,-8.0,355.0
48.0,-4.0,-8.0,355.0
50.0,-4.0,-8.0,355.0
52.0,-4.0,-8.0,241.0
54.0,-4.0,-8.0,241.0
56.0,-4.0,-8.0,70.0
58.0,-4.0,-8.0,70.0
60.0,-4.0,-8.0,70.0
62.0,-4.0,-8.0,70.0
64.0,-4.0,-8.0,70.0
-64.0,-2.0,-8.0,397.0
-62.0,-2.0,-8.0,397.0
-60.0,-2.0,-8.0,115.0
-58.0,-2.0,-8.0,115.0
-56.0,-2.0,-8.0,115.0
-54.0,-2.0,-8.0,115.0
-52.0,-2.0,-8.0,115.0
-50.0,-2.0,-8.0,115.0
-48.0,-2.0,-8.0,115.0
-46.0,-2.0,-8.0,115.0
-32.0,-2.0,-8.0,591.0
-30.0,-2.0,-8.0,591.0
28.0,-2.0,-8.0,37.0
30.0,-2.0,-8.0,37.0
32.0,-2.0,-8.0,37.0
38.0,-2.0,-8.0,328.0
40.0,-2.0,-8.0,355.0
42.0,-2.0,-8.0,355.0
46.0,-2.0,-8.0,355.0
48.0,-2.0,-8.0,355.0
50.0,-2.0,-8.0,241.0
52.0,-2.0,-8.0,241.0
54.0,-2.0,-8.0,241.0
56.0,-2.0,-8.0,241.0
58.0,-2.0,-8.0,70.0
60.0,-2.0,-8.0,70.0
62.0,-2.0,-8.0,70.0
-64.0,-0.0,-8.0,397.0
-62.0,-0.0,-8.0,397.0
-60.0,-0.0,-8.0,397.0
-58.0,-0.0,-8.0,115.0
-56.0,-0.0,-8.0,115.0
-54.0,-0.0,-8.0,115.0
-52.0,-0.0,-8.0,115.0
-50.0,-0.0,-8.0,115.0
-48.0,-0.0,-8.0,115.0
-42.0,-0.0,-8.0,278.0
-40.0,-0.0,-8.0,278.0
-32.0,-0.0,-8.0,401.0
-30.0,-0.0,-8.0,401.0
28.0,-0.0,-8.0,37.0
30.0,-0.0,-8.0,37.0
38.0,-0.0,-8.0,314.0
40.0,-0.0,-8.0,314.0
42.0,-0.0,-8.0,328.0
46.0,-0.0,-8.0,355.0
48.0,-0.0,-8.0,355.0
50.0,-0.0,-8.0,241.0
52.0,-0.0,-8.0,241.0
54.0,-0.0,-8.0,241.0
56.0,-0.0,-8.0,241.0
58.0,-0.0,-8.0,241.0
60.0,-0.0,-8.0,241.0
62.0,-0.0,-8.0,70.0
-64.0,2.0,-8.0,397.0
-62.0,2.0,-8.0,397.0
-60.0,2.0,-8.0,397.0
-58.0,2.0,-8.0,477.0
-56.0,2.0,-8.0,477.0
-54.0,2.0,-8.0,477.0
-52.0,2.0,-8.0,477.0
-50.0,2.0,-8.0,477.0
-48.0,2.0,-8.0,115.0
-44.0,2.0,-8.0,278.0
-42.0,2.0,-8.0,278.0
-40.0,2.0,-8.0,278.0
-32.0,2.0,-8.0,401.0
-30.0,2.0,-8.0,401.0
-28.0,2.0,-8.0,401.0
26.0,2.0,-8.0,37.0
28.0,2.0,-8.0,37.0
30.0,2.0,-8.0,37.0
38.0,2.0,-8.0,314.0
40.0,2.0,-8.0,314.0
42.0,2.0,-8.0,314.0
46.0,2.0,-8.0,328.0
48.0,2.0,-8.0,241.0
50.0,2.0,-8.0,241.0
52.0,2.0,-8.0,241.0
54.0,2.0,-8.0,241.0
56.0,2.0,-8.0,241.0
58.0,2.0,-8.0,241.0
60.0,2.0,-8.0,241.0
62.0,2.0,-8.0,241.0
-62.0,4.0,-8.0,397.0
-60.0,4.0,-8.0,477.0
-58.0,4.0,-8.0,477.0
-56.0,4.0,-8.0,477.0
-54.0,4.0,-8.0,477.0
-52.0,4.0,-8.0,477.0
-50.0,4.0,-8.0,477.0
-48.0,4.0,-8.0,477.0
-44.0,4.0,-8.0,278.0
-42.0,4.0,-8.0,278.0
-40.0,4.0,-8.0,278.0
-38.0,4.0,-8.0,278.0
-32.0,4.0,-8.0,401.0
-30.0,4.0,-8.0,401.0
-28.0,4.0,-8.0,401.0
-26.0,4.0,-8.0,401.0
22.0,4.0,-8.0,165.0
24.0,4.0,-8.0,165.0
26.0,4.0,-8.0,165.0
28.0,4.0,-8.0,37.0
30.0,4.0,-8.0,37.0
38.0,4.0,-8.0,314.0
40.0,4.0,-8.0,314.0
42.0,4.0,-8.0,314.0
44.0,4.0,-8.0,314.0
48.0,4.0,-8.0,241.0
50.0,4.0,-8.0,241.0
52.0,4.0,-8.0,241.0
54.0,4.0,-8.0,241.0
56.0,4.0,-8.0,241.0
58.0,4.0,-8.0,241.0
60.0,4.0,-8.0,241.0
-62.0,6.0,-8.0,397.0
-60.0,6.0,-8.0,477.0
-58.0,6.0,-8.0,477.0
-56.0,6.0,-8.0,477.0
-54.0,6.0,-8.0,477.0
-52.0,6.0,-8.0,477.0
-50.0,6.0,-8.0,477.0
-48.0,6.0,-8.0,477.0
-44.0,6.0,-8.0,278.0
-42.0,6.0,-8.0,278.0
-40.0,6.0,-8.0,278.0
-32.0,6.0,-8.0,401.0
-30.0,6.0,-8.0,401.0
-28.0,6.0,-8.0,401.0
-26.0,6.0,-8.0,401.0
-24.0,6.0,-8.0,401.0
16.0,6.0,-8.0,414.0
18.0,6.0,-8.0,536.0
20.0,6.0,-8.0,165.0
22.0,6.0,-8.0,165.0
24.0,6.0,-8.0,165.0
26.0,6.0,-8.0,165.0
28.0,6.0,-8.0,165.0
30.0,6.0,-8.0,165.0
38.0,6.0,-8.0,314.0
40.0,6.0,-8.0,314.0
42.0,6.0,-8.0,314.0
44.0,6.0,-8.0,314.0
48.0,6.0,-8.0,241.0
50.0,6.0,-8.0,241.0
52.0,6.0,-8.0,241.0
54.0,6.0,-8.0,241.0
56.0,6.0,-8.0,241.0
58.0,6.0,-8.0,241.0
60.0,6.0,-8.0,241.0
-62.0,8.0,-8.0,477.0
-60.0,8.0,-8.0,477.0
-58.0,8.0,-8.0,477.0
-56.0,8.0,-8.0,477.0
-54.0,8.0,-8.0,477.0
-52.0,8.0,-8.0,477.0
-50.0,8.0,-8.0,477.0
-44.0,8.0,-8.0,278.0
-42.0,8.0,-8.0,278.0
-40.0,8.0,-8.0,278.0
-32.0,8.0,-8.0,401.0
-30.0,8.0,-8.0,401.0
-28.0,8.0,-8.0,401.0
-26.0,8.0,-8.0,401.0
-24.0,8.0,-8.0,401.0
-22.0,8.0,-8.0,401.0
-20.0,8.0,-8.0,401.0
-18.0,8.0,-8.0,395.0
-16.0,8.0,-8.0,589.0
14.0,8.0,-8.0,414.0
16.0,8.0,-8.0,414.0
18.0,8.0,-8.0,536.0
20.0,8.0,-8.0,536.0
22.0,8.0,-8.0,165.0
24.0,8.0,-8.0,165.0
26.0,8.0,-8.0,165.0
28.0,8.0,-8.0,165.0
30.0,8.0,-8.0,165.0
38.0,8.0,-8.0,314.0
40.0,8.0,-8.0,314.0
42.0,8.0,-8.0,314.0
44.0,8.0,-8.0,314.0
48.0,8.0,-8.0,241.0
50.0,8.0,-8.0,241.0
52.0,8.0,-8.0,241.0
54.0,8.0,-8.0,241.0
56.0,8.0,-8.0,241.0
58.0,8.0,-8.0,241.0
60.0,8.0,-8.0,241.0
-60.0,10.0,-8.0,477.0
-58.0,10.0,-8.0,477.0
-56.0,10.0,-8.0,477.0
-54.0,10.0,-8.0,477.0
-52.0,10.0,-8.0,477.0
-50.0,10.0,-8.0,477.0
-44.0,10.0,-8.0,278.0
-42.0,10.0,-8.0,278.0
-40.0,10.0,-8.0,278.0
-38.0,10.0,-8.0,278.0
-30.0,10.0,-8.0,401.0
-28.0,10.0,-8.0,401.0
-26.0,10.0,-8.0,401.0
-24.0,10.0,-8.0,401.0
-22.0,10.0,-8.0,401.0
-20.0,10.0,-8.0,132.0
-18.0,10.0,-8.0,132.0
-16.0,10.0,-8.0,589.0
-14.0,10.0,-8.0,589.0
6.0,10.0,-8.0,414.0
8.0,10.0,-8.0,414.0
10.0,10.0,-8.0,414.0
12.0,10.0,-8.0,414.0
14.0,10.0,-8.0,414.0
16.0,10.0,-8.0,414.0
18.0,10.0,-8.0,536.0
20.0,10.0,-8.0,536.0
22.0,10.0,-8.0,536.0
24.0,10.0,-8.0,165.0
26.0,10.0,-8.0,165.0
28.0,10.0,-8.0,165.0
38.0,10.0,-8.0,314.0
40.0,10.0,-8.0,314.0
42.0,10.0,-8.0,314.0
44.0,10.0,-8.0,314.0
48.0,10.0,-8.0,241.0
50.0,10.0,-8.0,241.0
52.0,10.0,-8.0,241.0
54.0,10.0,-8.0,241.0
56.0,10.0,-8.0,241.0
58.0,10.0,-8.0,241.0
-60.0,12.0,-8.0,477.0
-58.0,12.0,-8.0,477.0
-56.0,12.0,-8.0,477.0
-54.0,12.0,-8.0,477.0
-52.0,12.0,-8.0,34.0
-50.0,12.0,-8.0,34.0
-44.0,12.0,-8.0,271.0
-42.0,12.0,-8.0,278.0
-40.0,12.0,-8.0,278.0
-38.0,12.0,-8.0,278.0
-30.0,12.0,-8.0,401.0
-28.0,12.0,-8.0,401.0
-26.0,12.0,-8.0,401.0
-24.0,12.0,-8.0,401.0
-22.0,12.0,-8.0,132.0
-20.0,12.0,-8.0,132.0
-18.0,12.0,-8.0,132.0
-16.0,12.0,-8.0,589.0
-14.0,12.0,-8.0,589.0
-12.0,12.0,-8.0,589.0
-10.0,12.0,-8.0,589.0
-8.0,12.0,-8.0,589.0
6.0,12.0,-8.0,414.0
8.0,12.0,-8.0,414.0
10.0,12.0,-8.0,414.0
12.0,12.0,-8.0,414.0
14.0,12.0,-8.0,414.0
16.0,12.0,-8.0,536.0
18.0,12.0,-8.0,536.0
20.0,12.0,-8.0,536.0
22.0,12.0,-8.0,536.0
24.0,12.0,-8.0,536.0
26.0,12.0,-8.0,165.0
28.0,12.0,-8.0,165.0
36.0,12.0,-8.0,314.0
38.0,12.0,-8.0,314.0
40.0,12.0,-8.0,314.0
42.0,12.0,-8.0,314.0
44.0,12.0,-8.0,314.0
48.0,12.0,-8.0,314.0
50.0,12.0,-8.0,241.0
52.0,12.0,-8.0,241.0
54.0,12.0,-8.0,241.0
56.0,12.0,-8.0,241.0
58.0,12.0,-8.0,241.0
-58.0,14.0,-8.0,477.0
-56.0,14.0,-8.0,477.0
-54.0,14.0,-8.0,34.0
-52.0,14.0,-8.0,34.0
-46.0,14.0,-8.0,271.0
-44.0,14.0,-8.0,271.0
-42.0,14.0,-8.0,271.0
-40.0,14.0,-8.0,271.0
-38.0,14.0,-8.0,271.0
-36.0,14.0,-8.0,278.0
-28.0,14.0,-8.0,401.0
-26.0,14.0,-8.0,401.0
-24.0,14.0,-8.0,132.0
-22.0,14.0,-8.0,132.0
-20.0,14.0,-8.0,132.0
-18.0,14.0,-8.0,132.0
-16.0,14.0,-8.0,132.0
-14.0,14.0,-8.0,589.0
-12.0,14.0,-8.0,589.0
-10.0,14.0,-8.0,589.0
-8.0,14.0,-8.0,589.0
-6.0,14.0,-8.0,589.0
6.0,14.0,-8.0,560.0
8.0,14.0,-8.0,560.0
10.0,14.0,-8.0,560.0
12.0,14.0,-8.0,414.0
14.0,14.0,-8.0,414.0
16.0,14.0,-8.0,536.0
18.0,14.0,-8.0,536.0
20.0,14.0,-8.0,536.0
22.0,14.0,-8.0,536.0
24.0,14.0,-8.0,536.0
26.0,14.0,-8.0,536.0
28.0,14.0,-8.0,165.0
36.0,14.0,-8.0,314.0
38.0,14.0,-8.0,314.0
40.0,14.0,-8.0,314.0
42.0,14.0,-8.0,314.0
44.0,14.0,-8.0,314.0
50.0,14.0,-8.0,427.0
52.0,14.0,-8.0,241.0
54.0,14.0,-8.0,241.0
56.0,14.0,-8.0,241.0
-58.0,16.0,-8.0,151.0
-56.0,16.0,-8.0,34.0
-54.0,16.0,-8.0,34.0
-52.0,16.0,-8.0,34.0
-46.0,16.0,-8.0,271.0
-44.0,16.0,-8.0,271.0
-42.0,16.0,-8.0,271.0
-40.0,16.0,-8.0,271.0
-38.0,16.0,-8.0,271.0
-36.0,16.0,-8.0,271.0
-28.0,16.0,-8.0,401.0
-26.0,16.0,-8.0,132.0
-24.0,16.0,-8.0,132.0
-22.0,16.0,-8.0,132.0
-20.0,16.0,-8.0,132.0
-18.0,16.0,-8.0,132.0
-16.0,16.0,-8.0,132.0
-14.0,16.0,-8.0,589.0
-12.0,16.0,-8.0,589.0
-10.0,16.0,-8.0,589.0
-8.0,16.0,-8.0,589.0
-6.0,16.0,-8.0,589.0
6.0,16.0,-8.0,560.0
8.0,16.0,-8.0,560.0
10.0,16.0,-8.0,560.0
12.0,16.0,-8.0,560.0
14.0,16.0,-8.0,560.0
16.0,16.0,-8.0,536.0
18.0,16.0,-8.0,536.0
20.0,16.0,-8.0,536.0
22.0,16.0,-8.0,536.0
24.0,16.0,-8.0,536.0
26.0,16.0,-8.0,536.0
34.0,16.0,-8.0,165.0
36.0,16.0,-8.0,165.0
38.0,16.0,-8.0,314.0
40.0,16.0,-8.0,314.0
42.0,16.0,-8.0,314.0
52.0,16.0,-8.0,427.0
-56.0,18.0,-8.0,151.0
-54.0,18.0,-8.0,151.0
-52.0,18.0,-8.0,34.0
-44.0,18.0,-8.0,271.0
-42.0,18.0,-8.0,271.0
-40.0,18.0,-8.0,271.0
-38.0,18.0,-8.0,271.0
-36.0,18.0,-8.0,271.0
-34.0,18.0,-8.0,271.0
-26.0,18.0,-8.0,132.0
-24.0,18.0,-8.0,132.0
-22.0,18.0,-8.0,132.0
-20.0,18.0,-8.0,132.0
-18.0,18.0,-8.0,132.0
-16.0,18.0,-8.0,132.0
-14.0,18.0,-8.0,132.0
-12.0,18.0,-8.0,589.0
-10.0,18.0,-8.0,589.0
-8.0,18.0,-8.0,589.0
2.0,18.0,-8.0,560.0
4.0,18.0,-8.0,560.0
8.0,18.0,-8.0,560.0
10.0,18.0,-8.0,560.0
12.0,18.0,-8.0,560.0
14.0,18.0,-8.0,560.0
16.0,18.0,-8.0,536.0
18.0,18.0,-8.0,536.0
20.0,18.0,-8.0,536.0
22.0,18.0,-8.0,536.0
24.0,18.0,-8.0,536.0
34.0,18.0,-8.0,165.0
36.0,18.0,-8.0,165.0
38.0,18.0,-8.0,540.0
40.0,18.0,-8.0,540.0
42.0,18.0,-8.0,540.0
-44.0,20.0,-8.0,271.0
-42.0,20.0,-8.0,271.0
-40.0,20.0,-8.0,271.0
-38.0,20.0,-8.0,271.0
-36.0,20.0,-8.0,271.0
-34.0,20.0,-8.0,271.0
-32.0,20.0,-8.0,271.0
-24.0,20.0,-8.0,132.0
-22.0,20.0,-8.0,132.0
-20.0,20.0,-8.0,132.0
-18.0,20.0,-8.0,132.0
-16.0,20.0,-8.0,132.0
-14.0,20.0,-8.0,132.0
-12.0,20.0,-8.0,589.0
-10.0,20.0,-8.0,589.0
-8.0,20.0,-8.0,589.0
-4.0,20.0,-8.0,589.0
-2.0,20.0,-8.0,589.0
2.0,20.0,-8.0,560.0
4.0,20.0,-8.0,560.0
6.0,20.0,-8.0,560.0
8.0,20.0,-8.0,560.0
10.0,20.0,-8.0,560.0
12.0,20.0,-8.0,560.0
14.0,20.0,-8.0,560.0
16.0,20.0,-8.0,109.0
18.0,20.0,-8.0,536.0
20.0,20.0,-8.0,536.0
22.0,20.0,-8.0,536.0
34.0,20.0,-8.0,165.0
36.0,20.0,-8.0,540.0
38.0,20.0,-8.0,540.0
40.0,20.0,-8.0,540.0
46.0,20.0,-8.0,540.0
48.0,20.0,-8.0,540.0
-50.0,22.0,-8.0,271.0
-48.0,22.0,-8.0,271.0
-46.0,22.0,-8.0,271.0
-44.0,22.0,-8.0,271.0
-42.0,22.0,-8.0,271.0
-40.0,22.0,-8.0,271.0
-38.0,22.0,-8.0,271.0
-36.0,22.0,-8.0,271.0
-34.0,22.0,-8.0,53.0
-32.0,22.0,-8.0,53.0
-22.0,22.0,-8.0,132.0
-20.0,22.0,-8.0,132.0
-18.0,22.0,-8.0,132.0
-16.0,22.0,-8.0,132.0
-14.0,22.0,-8.0,132.0
-12.0,22.0,-8.0,132.0
-10.0,22.0,-8.0,589.0
-4.0,22.0,-8.0,589.0
-2.0,22.0,-8.0,589.0
0.0,22.0,-8.0,560.0
2.0,22.0,-8.0,560.0
4.0,22.0,-8.0,560.0
6.0,22.0,-8.0,560.0
10.0,22.0,-8.0,560.0
12.0,22.0,-8.0,560.0
14.0,22.0,-8.0,109.0
16.0,22.0,-8.0,109.0
34.0,22.0,-8.0,16.0
36.0,22.0,-8.0,16.0
38.0,22.0,-8.0,540.0
40.0,22.0,-8.0,540.0
42.0,22.0,-8.0,540.0
44.0,22.0,-8.0,171.0
46.0,22.0,-8.0,171.0
48.0,22.0,-8.0,171.0
50.0,22.0,-8.0,171.0
52.0,22.0,-8.0,171.0
-52.0,24.0,-8.0,151.0
-50.0,24.0,-8.0,271.0
-48.0,24.0,-8.0,271.0
-46.0,24.0,-8.0,271.0
-44.0,24.0,-8.0,271.0
-42.0,24.0,-8.0,271.0
-40.0,24.0,-8.0,271.0
-38.0,24.0,-8.0,53.0
-36.0,24.0,-8.0,53.0
-34.0,24.0,-8.0,53.0
-32.0,24.0,-8.0,53.0
-18.0,24.0,-8.0,132.0
-16.0,24.0,-8.0,132.0
-14.0,24.0,-8.0,132.0
-12.0,24.0,-8.0,132.0
-10.0,24.0,-8.0,589.0
-6.0,24.0,-8.0,589.0
-4.0,24.0,-8.0,589.0
-2.0,24.0,-8.0,589.0
0.0,24.0,-8.0,479.0
2.0,24.0,-8.0,560.0
4.0,24.0,-8.0,560.0
6.0,24.0,-8.0,560.0
12.0,24.0,-8.0,560.0
14.0,24.0,-8.0,109.0
16.0,24.0,-8.0,109.0
32.0,24.0,-8.0,16.0
34.0,24.0,-8.0,16.0
36.0,24.0,-8.0,16.0
38.0,24.0,-8.0,16.0
40.0,24.0,-8.0,171.0
42.0,24.0,-8.0,171.0
44.0,24.0,-8.0,171.0
46.0,24.0,-8.0,171.0
48.0,24.0,-8.0,171.0
50.0,24.0,-8.0,171.0
52.0,24.0,-8.0,171.0
-52.0,26.0,-8.0,538.0
-50.0,26.0,-8.0,475.0
-48.0,26.0,-8.0,475.0
-46.0,26.0,-8.0,475.0
-44.0,26.0,-8.0,475.0
-42.0,26.0,-8.0,475.0
-40.0,26.0,-8.0,475.0
-38.0,26.0,-8.0,53.0
-36.0,26.0,-8.0,53.0
-34.0,26.0,-8.0,53.0
-32.0,26.0,-8.0,53.0
-16.0,26.0,-8.0,132.0
-14.0,26.0,-8.0,132.0
-12.0,26.0,-8.0,132.0
-6.0,26.0,-8.0,589.0
-4.0,26.0,-8.0,112.0
-2.0,26.0,-8.0,112.0
0.0,26.0,-8.0,112.0
2.0,26.0,-8.0,112.0
4.0,26.0,-8.0,481.0
6.0,26.0,-8.0,481.0
8.0,26.0,-8.0,481.0
32.0,26.0,-8.0,16.0
34.0,26.0,-8.0,16.0
36.0,26.0,-8.0,16.0
38.0,26.0,-8.0,596.0
40.0,26.0,-8.0,171.0
42.0,26.0,-8.0,171.0
44.0,26.0,-8.0,171.0
46.0,26.0,-8.0,171.0
48.0,26.0,-8.0,171.0
50.0,26.0,-8.0,171.0
52.0,26.0,-8.0,171.0
-54.0,28.0,-8.0,538.0
-52.0,28.0,-8.0,538.0
-50.0,28.0,-8.0,475.0
-48.0,28.0,-8.0,475.0
-46.0,28.0,-8.0,475.0
-44.0,28.0,-8.0,475.0
-42.0,28.0,-8.0,475.0
-40.0,28.0,-8.0,475.0
-38.0,28.0,-8.0,53.0
-36.0,28.0,-8.0,53.0
-34.0,28.0,-8.0,53.0
-32.0,28.0,-8.0,53.0
-30.0,28.0,-8.0,53.0
-28.0,28.0,-8.0,53.0
-6.0,28.0,-8.0,112.0
-4.0,28.0,-8.0,112.0
-2.0,28.0,-8.0,112.0
0.0,28.0,-8.0,112.0
2.0,28.0,-8.0,112.0
4.0,28.0,-8.0,481.0
6.0,28.0,-8.0,481.0
8.0,28.0,-8.0,481.0
32.0,28.0,-8.0,16.0
34.0,28.0,-8.0,16.0
36.0,28.0,-8.0,16.0
38.0,28.0,-8.0,596.0
40.0,28.0,-8.0,171.0
42.0,28.0,-8.0,171.0
44.0,28.0,-8.0,171.0
46.0,28.0,-8.0,171.0
48.0,28.0,-8.0,171.0
50.0,28.0,-8.0,171.0
52.0,28.0,-8.0,171.0
-54.0,30.0,-8.0,538.0
-52.0,30.0,-8.0,538.0
-50.0,30.0,-8.0,538.0
-48.0,30.0,-8.0,475.0
-46.0,30.0,-8.0,475.0
-44.0,30.0,-8.0,475.0
-42.0,30.0,-8.0,475.0
-40.0,30.0,-8.0,475.0
-38.0,30.0,-8.0,53.0
-36.0,30.0,-8.0,53.0
-34.0,30.0,-8.0,53.0
-32.0,30.0,-8.0,53.0
-30.0,30.0,-8.0,53.0
-6.0,30.0,-8.0,112.0
-4.0,30.0,-8.0,112.0
-2.0,30.0,-8.0,112.0
0.0,30.0,-8.0,112.0
2.0,30.0,-8.0,112.0
4.0,30.0,-8.0,481.0
6.0,30.0,-8.0,481.0
8.0,30.0,-8.0,481.0
32.0,30.0,-8.0,16.0
34.0,30.0,-8.0,16.0
36.0,30.0,-8.0,596.0
38.0,30.0,-8.0,596.0
40.0,30.0,-8.0,596.0
42.0,30.0,-8.0,171.0
44.0,30.0,-8.0,171.0
46.0,30.0,-8.0,171.0
48.0,30.0,-8.0,171.0
50.0,30.0,-8.0,171.0
52.0,30.0,-8.0,171.0
54.0,30.0,-8.0,171.0
-54.0,32.0,-8.0,538.0
-52.0,32.0,-8.0,538.0
-50.0,32.0,-8.0,538.0
-48.0,32.0,-8.0,475.0
-46.0,32.0,-8.0,475.0
-44.0,32.0,-8.0,475.0
-42.0,32.0,-8.0,475.0
-40.0,32.0,-8.0,475.0
-38.0,32.0,-8.0,53.0
-36.0,32.0,-8.0,53.0
-34.0,32.0,-8.0,53.0
-32.0,32.0,-8.0,53.0
-8.0,32.0,-8.0,112.0
-6.0,32.0,-8.0,112.0
-4.0,32.0,-8.0,112.0
-2.0,32.0,-8.0,112.0
0.0,32.0,-8.0,112.0
2.0,32.0,-8.0,112.0
4.0,32.0,-8.0,481.0
6.0,32.0,-8.0,481.0
8.0,32.0,-8.0,481.0
36.0,32.0,-8.0,596.0
38.0,32.0,-8.0,596.0
40.0,32.0,-8.0,596.0
42.0,32.0,-8.0,171.0
46.0,32.0,-8.0,171.0
48.0,32.0,-8.0,171.0
50.0,32.0,-8.0,171.0
52.0,32.0,-8.0,171.0
54.0,32.0,-8.0,171.0
-54.0,34.0,-8.0,538.0
-52.0,34.0,-8.0,538.0
-50.0,34.0,-8.0,538.0
-48.0,34.0,-8.0,538.0
-46.0,34.0,-8.0,475.0
-44.0,34.0,-8.0,475.0
-42.0,34.0,-8.0,475.0
-34.0,34.0,-8.0,53.0
-8.0,34.0,-8.0,112.0
-6.0,34.0,-8.0,112.0
-4.0,34.0,-8.0,112.0
-2.0,34.0,-8.0,112.0
0.0,34.0,-8.0,112.0
2.0,34.0,-8.0,112.0
4.0,34.0,-8.0,481.0
6.0,34.0,-8.0,481.0
8.0,34.0,-8.0,481.0
38.0,34.0,-8.0,596.0
40.0,34.0,-8.0,596.0
46.0,34.0,-8.0,171.0
48.0,34.0,-8.0,171.0
50.0,34.0,-8.0,171.0
52.0,34.0,-8.0,171.0
54.0,34.0,-8.0,171.0
-54.0,36.0,-8.0,538.0
-52.0,36.0,-8.0,538.0
-50.0,36.0,-8.0,538.0
-48.0,36.0,-8.0,538.0
-46.0,36.0,-8.0,475.0
-44.0,36.0,-8.0,475.0
-42.0,36.0,-8.0,475.0
-40.0,36.0,-8.0,245.0
-38.0,36.0,-8.0,245.0
-32.0,36.0,-8.0,245.0
-30.0,36.0,-8.0,245.0
-10.0,36.0,-8.0,112.0
-8.0,36.0,-8.0,112.0
-6.0,36.0,-8.0,112.0
-4.0,36.0,-8.0,112.0
-2.0,36.0,-8.0,112.0
0.0,36.0,-8.0,112.0
2.0,36.0,-8.0,112.0
4.0,36.0,-8.0,481.0
6.0,36.0,-8.0,481.0
8.0,36.0,-8.0,481.0
10.0,36.0,-8.0,481.0
36.0,36.0,-8.0,596.0
38.0,36.0,-8.0,596.0
40.0,36.0,-8.0,383.0
46.0,36.0,-8.0,383.0
48.0,36.0,-8.0,383.0
50.0,36.0,-8.0,383.0
52.0,36.0,-8.0,383.0
54.0,36.0,-8.0,171.0
-54.0,38.0,-8.0,538.0
-52.0,38.0,-8.0,538.0
-50.0,38.0,-8.0,538.0
-48.0,38.0,-8.0,538.0
-46.0,38.0,-8.0,338.0
-44.0,38.0,-8.0,338.0
-42.0,38.0,-8.0,338.0
-40.0,38.0,-8.0,245.0
-38.0,38.0,-8.0,245.0
-36.0,38.0,-8.0,245.0
-34.0,38.0,-8.0,245.0
-32.0,38.0,-8.0,245.0
-30.0,38.0,-8.0,245.0
-28.0,38.0,-8.0,110.0
-10.0,38.0,-8.0,112.0
-8.0,38.0,-8.0,112.0
-6.0,38.0,-8.0,112.0
-4.0,38.0,-8.0,112.0
-2.0,38.0,-8.0,112.0
0.0,38.0,-8.0,112.0
2.0,38.0,-8.0,112.0
4.0,38.0,-8.0,481.0
6.0,38.0,-8.0,481.0
8.0,38.0,-8.0,481.0
10.0,38.0,-8.0,481.0
30.0,38.0,-8.0,16.0
32.0,38.0,-8.0,596.0
34.0,38.0,-8.0,596.0
36.0,38.0,-8.0,596.0
38.0,38.0,-8.0,596.0
40.0,38.0,-8.0,383.0
46.0,38.0,-8.0,383.0
48.0,38.0,-8.0,383.0
50.0,38.0,-8.0,383.0
52.0,38.0,-8.0,383.0
54.0,38.0,-8.0,383.0
-54.0,40.0,-8.0,538.0
-52.0,40.0,-8.0,538.0
-50.0,40.0,-8.0,538.0
-48.0,40.0,-8.0,338.0
-46.0,40.0,-8.0,338.0
-44.0,40.0,-8.0,338.0
-42.0,40.0,-8.0,338.0
-40.0,40.0,-8.0,338.0
-38.0,40.0,-8.0,245.0
-36.0,40.0,-8.0,245.0
-34.0,40.0,-8.0,245.0
-32.0,40.0,-8.0,245.0
-30.0,40.0,-8.0,245.0
-28.0,40.0,-8.0,110.0
-12.0,40.0,-8.0,112.0
-10.0,40.0,-8.0,112.0
-8.0,40.0,-8.0,112.0
-6.0,40.0,-8.0,112.0
-4.0,40.0,-8.0,112.0
-2.0,40.0,-8.0,112.0
0.0,40.0,-8.0,112.0
2.0,40.0,-8.0,112.0
4.0,40.0,-8.0,481.0
6.0,40.0,-8.0,481.0
8.0,40.0,-8.0,481.0
10.0,40.0,-8.0,481.0
30.0,40.0,-8.0,412.0
32.0,40.0,-8.0,412.0
34.0,40.0,-8.0,412.0
36.0,40.0,-8.0,120.0
38.0,40.0,-8.0,120.0
40.0,40.0,-8.0,383.0
42.0,40.0,-8.0,383.0
44.0,40.0,-8.0,383.0
46.0,40.0,-8.0,383.0
48.0,40.0,-8.0,383.0
50.0,40.0,-8.0,383.0
52.0,40.0,-8.0,383.0
-54.0,42.0,-8.0,538.0
-52.0,42.0,-8.0,538.0
-50.0,42.0,-8.0,338.0
-48.0,42.0,-8.0,338.0
-46.0,42.0,-8.0,338.0
-44.0,42.0,-8.0,338.0
-42.0,42.0,-8.0,338.0
-40.0,42.0,-8.0,338.0
-38.0,42.0,-8.0,15.0
-36.0,42.0,-8.0,245.0
-34.0,42.0,-8.0,245.0
-32.0,42.0,-8.0,245.0
-30.0,42.0,-8.0,245.0
-28.0,42.0,-8.0,110.0
-12.0,42.0,-8.0,112.0
-10.0,42.0,-8.0,112.0
-8.0,42.0,-8.0,112.0
-6.0,42.0,-8.0,112.0
-4.0,42.0,-8.0,112.0
-2.0,42.0,-8.0,112.0
0.0,42.0,-8.0,112.0
2.0,42.0,-8.0,112.0
4.0,42.0,-8.0,481.0
6.0,42.0,-8.0,481.0
8.0,42.0,-8.0,481.0
10.0,42.0,-8.0,481.0
12.0,42.0,-8.0,481.0
30.0,42.0,-8.0,412.0
32.0,42.0,-8.0,412.0
34.0,42.0,-8.0,120.0
36.0,42.0,-8.0,120.0
38.0,42.0,-8.0,120.0
40.0,42.0,-8.0,383.0
42.0,42.0,-8.0,383.0
44.0,42.0,-8.0,383.0
46.0,42.0,-8.0,383.0
48.0,42.0,-8.0,383.0
50.0,42.0,-8.0,383.0
52.0,42.0,-8.0,383.0
-52.0,44.0,-8.0,538.0
-50.0,44.0,-8.0,338.0
-48.0,44.0,-8.0,338.0
-46.0,44.0,-8.0,338.0
-44.0,44.0,-8.0,338.0
-42.0,44.0,-8.0,338.0
-40.0,44.0,-8.0,15.0
-38.0,44.0,-8.0,15.0
-36.0,44.0,-8.0,15.0
-34.0,44.0,-8.0,15.0
-32.0,44.0,-8.0,15.0
-30.0,44.0,-8.0,245.0
-28.0,44.0,-8.0,110.0
-12.0,44.0,-8.0,509.0
-10.0,44.0,-8.0,112.0
-8.0,44.0,-8.0,112.0
-6.0,44.0,-8.0,112.0
-4.0,44.0,-8.0,112.0
-2.0,44.0,-8.0,112.0
0.0,44.0,-8.0,6.0
2.0,44.0,-8.0,6.0
4.0,44.0,-8.0,6.0
6.0,44.0,-8.0,6.0
8.0,44.0,-8.0,481.0
10.0,44.0,-8.0,481.0
12.0,44.0,-8.0,481.0
30.0,44.0,-8.0,412.0
32.0,44.0,-8.0,412.0
40.0,44.0,-8.0,120.0
42.0,44.0,-8.0,383.0
44.0,44.0,-8.0,383.0
46.0,44.0,-8.0,383.0
48.0,44.0,-8.0,383.0
50.0,44.0,-8.0,383.0
52.0,44.0,-8.0,383.0
-50.0,46.0,-8.0,338.0
-48.0,46.0,-8.0,338.0
-46.0,46.0,-8.0,338.0
-44.0,46.0,-8.0,338.0
-42.0,46.0,-8.0,15.0
-40.0,46.0,-8.0,15.0
-38.0,46.0,-8.0,15.0
-36.0,46.0,-8.0,15.0
-34.0,46.0,-8.0,15.0
-32.0,46.0,-8.0,15.0
-30.0,46.0,-8.0,15.0
-12.0,46.0,-8.0,509.0
-10.0,46.0,-8.0,509.0
-8.0,46.0,-8.0,112.0
-6.0,46.0,-8.0,112.0
-4.0,46.0,-8.0,6.0
-2.0,46.0,-8.0,6.0
0.0,46.0,-8.0,6.0
2.0,46.0,-8.0,6.0
4.0,46.0,-8.0,6.0
6.0,46.0,-8.0,6.0
8.0,46.0,-8.0,6.0
10.0,46.0,-8.0,6.0
12.0,46.0,-8.0,6.0
14.0,46.0,-8.0,86.0
28.0,46.0,-8.0,412.0
30.0,46.0,-8.0,412.0
32.0,46.0,-8.0,120.0
34.0,46.0,-8.0,120.0
40.0,46.0,-8.0,120.0
42.0,46.0,-8.0,383.0
44.0,46.0,-8.0,383.0
46.0,46.0,-8.0,383.0
48.0,46.0,-8.0,383.0
50.0,46.0,-8.0,383.0
-50.0,48.0,-8.0,338.0
-48.0,48.0,-8.0,338.0
-46.0,48.0,-8.0,338.0
-44.0,48.0,-8.0,15.0
-42.0,48.0,-8.0,15.0
-40.0,48.0,-8.0,15.0
-38.0,48.0,-8.0,15.0
-36.0,48.0,-8.0,15.0
-34.0,48.0,-8.0,15.0
-32.0,48.0,-8.0,15.0
-12.0,48.0,-8.0,509.0
-10.0,48.0,-8.0,509.0
-8.0,48.0,-8.0,509.0
-6.0,48.0,-8.0,6.0
-4.0,48.0,-8.0,6.0
-2.0,48.0,-8.0,6.0
0.0,48.0,-8.0,6.0
2.0,48.0,-8.0,6.0
4.0,48.0,-8.0,6.0
6.0,48.0,-8.0,6.0
8.0,48.0,-8.0,6.0
10.0,48.0,-8.0,6.0
12.0,48.0,-8.0,6.0
14.0,48.0,-8.0,86.0
26.0,48.0,-8.0,412.0
28.0,48.0,-8.0,412.0
30.0,48.0,-8.0,412.0
32.0,48.0,-8.0,120.0
34.0,48.0,-8.0,120.0
36.0,48.0,-8.0,120.0
40.0,48.0,-8.0,339.0
42.0,48.0,-8.0,339.0
44.0,48.0,-8.0,383.0
46.0,48.0,-8.0,383.0
48.0,48.0,-8.0,383.0
-50.0,50.0,-8.0,338.0
-48.0,50.0,-8.0,338.0
-46.0,50.0,-8.0,15.0
-44.0,50.0,-8.0,15.0
-42.0,50.0,-8.0,15.0
-40.0,50.0,-8.0,15.0
-38.0,50.0,-8.0,15.0
-36.0,50.0,-8.0,15.0
-34.0,50.0,-8.0,15.0
-28.0,50.0,-8.0,35.0
-26.0,50.0,-8.0,35.0
-12.0,50.0,-8.0,509.0
-10.0,50.0,-8.0,509.0
-8.0,50.0,-8.0,509.0
-6.0,50.0,-8.0,6.0
-4.0,50.0,-8.0,6.0
-2.0,50.0,-8.0,6.0
0.0,50.0,-8.0,6.0
2.0,50.0,-8.0,6.0
4.0,50.0,-8.0,6.0
6.0,50.0,-8.0,6.0
8.0,50.0,-8.0,6.0
10.0,50.0,-8.0,6.0
12.0,50.0,-8.0,6.0
14.0,50.0,-8.0,86.0
26.0,50.0,-8.0,412.0
28.0,50.0,-8.0,412.0
34.0,50.0,-8.0,339.0
36.0,50.0,-8.0,339.0
38.0,50.0,-8.0,339.0
40.0,50.0,-8.0,339.0
42.0,50.0,-8.0,339.0
44.0,50.0,-8.0,339.0
46.0,50.0,-8.0,339.0
48.0,50.0,-8.0,383.0
-48.0,52.0,-8.0,154.0
-46.0,52.0,-8.0,154.0
-44.0,52.0,-8.0,154.0
-42.0,52.0,-8.0,154.0
-40.0,52.0,-8.0,154.0
-38.0,52.0,-8.0,154.0
-36.0,52.0,-8.0,154.0
-34.0,52.0,-8.0,154.0
-32.0,52.0,-8.0,35.0
-30.0,52.0,-8.0,35.0
-28.0,52.0,-8.0,35.0
-26.0,52.0,-8.0,35.0
-24.0,52.0,-8.0,35.0
-12.0,52.0,-8.0,509.0
-10.0,52.0,-8.0,509.0
-8.0,52.0,-8.0,509.0
-6.0,52.0,-8.0,6.0
-4.0,52.0,-8.0,6.0
-2.0,52.0,-8.0,6.0
0.0,52.0,-8.0,6.0
2.0,52.0,-8.0,6.0
4.0,52.0,-8.0,6.0
6.0,52.0,-8.0,6.0
8.0,52.0,-8.0,6.0
10.0,52.0,-8.0,6.0
12.0,52.0,-8.0,6.0
14.0,52.0,-8.0,86.0
36.0,52.0,-8.0,339.0
38.0,52.0,-8.0,339.0
40.0,52.0,-8.0,339.0
42.0,52.0,-8.0,339.0
44.0,52.0,-8.0,339.0
46.0,52.0,-8.0,339.0
-46.0,54.0,-8.0,154.0
-44.0,54.0,-8.0,154.0
-42.0,54.0,-8.0,154.0
-40.0,54.0,-8.0,154.0
-38.0,54.0,-8.0,154.0
-36.0,54.0,-8.0,154.0
-34.0,54.0,-8.0,154.0
-30.0,54.0,-8.0,35.0
-28.0,54.0,-8.0,35.0
-26.0,54.0,-8.0,35.0
-24.0,54.0,-8.0,35.0
-12.0,54.0,-8.0,557.0
-10.0,54.0,-8.0,557.0
-8.0,54.0,-8.0,509.0
-6.0,54.0,-8.0,6.0
-4.0,54.0,-8.0,6.0
-2.0,54.0,-8.0,6.0
0.0,54.0,-8.0,6.0
2.0,54.0,-8.0,6.0
4.0,54.0,-8.0,6.0
6.0,54.0,-8.0,6.0
8.0,54.0,-8.0,6.0
10.0,54.0,-8.0,6.0
12.0,54.0,-8.0,6.0
14.0,54.0,-8.0,86.0
36.0,54.0,-8.0,339.0
38.0,54.0,-8.0,339.0
40.0,54.0,-8.0,339.0
42.0,54.0,-8.0,339.0
44.0,54.0,-8.0,339.0
-46.0,56.0,-8.0,154.0
-44.0,56.0,-8.0,154.0
-42.0,56.0,-8.0,154.0
-40.0,56.0,-8.0,154.0
-38.0,56.0,-8.0,154.0
-36.0,56.0,-8.0,154.0
-34.0,56.0,-8.0,35.0
-32.0,56.0,-8.0,35.0
-30.0,56.0,-8.0,35.0
-28.0,56.0,-8.0,35.0
-26.0,56.0,-8.0,35.0
-24.0,56.0,-8.0,35.0
-12.0,56.0,-8.0,557.0
-10.0,56.0,-8.0,557.0
-8.0,56.0,-8.0,557.0
-6.0,56.0,-8.0,6.0
-4.0,56.0,-8.0,6.0
-2.0,56.0,-8.0,6.0
0.0,56.0,-8.0,6.0
2.0,56.0,-8.0,6.0
4.0,56.0,-8.0,6.0
6.0,56.0,-8.0,6.0
8.0,56.0,-8.0,6.0
10.0,56.0,-8.0,6.0
12.0,56.0,-8.0,6.0
24.0,56.0,-8.0,377.0
26.0,56.0,-8.0,377.0
34.0,56.0,-8.0,339.0
36.0,56.0,-8.0,339.0
38.0,56.0,-8.0,339.0
40.0,56.0,-8.0,339.0
42.0,56.0,-8.0,339.0
44.0,56.0,-8.0,339.0
-44.0,58.0,-8.0,154.0
-42.0,58.0,-8.0,154.0
-40.0,58.0,-8.0,154.0
-38.0,58.0,-8.0,154.0
-36.0,58.0,-8.0,154.0
-34.0,58.0,-8.0,35.0
-32.0,58.0,-8.0,35.0
-30.0,58.0,-8.0,35.0
-28.0,58.0,-8.0,35.0
-26.0,58.0,-8.0,35.0
-24.0,58.0,-8.0,35.0
-22.0,58.0,-8.0,35.0
-10.0,58.0,-8.0,557.0
-8.0,58.0,-8.0,557.0
-6.0,58.0,-8.0,557.0
-4.0,58.0,-8.0,6.0
-2.0,58.0,-8.0,6.0
0.0,58.0,-8.0,6.0
2.0,58.0,-8.0,6.0
4.0,58.0,-8.0,6.0
6.0,58.0,-8.0,425.0
8.0,58.0,-8.0,425.0
10.0,58.0,-8.0,425.0
12.0,58.0,-8.0,425.0
22.0,58.0,-8.0,377.0
24.0,58.0,-8.0,377.0
26.0,58.0,-8.0,377.0
28.0,58.0,-8.0,377.0
30.0,58.0,-8.0,573.0
32.0,58.0,-8.0,573.0
34.0,58.0,-8.0,573.0
36.0,58.0,-8.0,339.0
38.0,58.0,-8.0,339.0
40.0,58.0,-8.0,339.0
42.0,58.0,-8.0,339.0
-42.0,60.0,-8.0,154.0
-40.0,60.0,-8.0,154.0
-38.0,60.0,-8.0,154.0
-36.0,60.0,-8.0,154.0
-34.0,60.0,-8.0,35.0
-32.0,60.0,-8.0,35.0
-30.0,60.0,-8.0,35.0
-28.0,60.0,-8.0,35.0
-26.0,60.0,-8.0,35.0
-24.0,60.0,-8.0,35.0
-22.0,60.0,-8.0,35.0
-20.0,60.0,-8.0,557.0
-18.0,60.0,-8.0,557.0
-16.0,60.0,-8.0,557.0
-10.0,60.0,-8.0,557.0
-8.0,60.0,-8.0,557.0
-6.0,60.0,-8.0,557.0
-4.0,60.0,-8.0,224.0
-2.0,60.0,-8.0,224.0
2.0,60.0,-8.0,425.0
4.0,60.0,-8.0,425.0
6.0,60.0,-8.0,425.0
8.0,60.0,-8.0,425.0
10.0,60.0,-8.0,425.0
12.0,60.0,-8.0,422.0
18.0,60.0,-8.0,422.0
20.0,60.0,-8.0,422.0
22.0,60.0,-8.0,422.0
24.0,60.0,-8.0,377.0
26.0,60.0,-8.0,377.0
28.0,60.0,-8.0,377.0
30.0,60.0,-8.0,573.0
32.0,60.0,-8.0,573.0
34.0,60.0,-8.0,573.0
36.0,60.0,-8.0,339.0
38.0,60.0,-8.0,339.0
40.0,60.0,-8.0,339.0
-40.0,62.0,-8.0,154.0
-38.0,62.0,-8.0,154.0
-36.0,62.0,-8.0,154.0
-34.0,62.0,-8.0,35.0
-32.0,62.0,-8.0,35.0
-30.0,62.0,-8.0,35.0
-28.0,62.0,-8.0,35.0
-26.0,62.0,-8.0,35.0
-24.0,62.0,-8.0,35.0
-22.0,62.0,-8.0,341.0
-20.0,62.0,-8.0,341.0
-18.0,62.0,-8.0,341.0
-16.0,62.0,-8.0,557.0
-14.0,62.0,-8.0,557.0
-8.0,62.0,-8.0,557.0
-6.0,62.0,-8.0,557.0
-4.0,62.0,-8.0,224.0
-2.0,62.0,-8.0,224.0
2.0,62.0,-8.0,425.0
4.0,62.0,-8.0,425.0
6.0,62.0,-8.0,425.0
8.0,62.0,-8.0,425.0
10.0,62.0,-8.0,425.0
12.0,62.0,-8.0,422.0
14.0,62.0,-8.0,422.0
16.0,62.0,-8.0,422.0
18.0,62.0,-8.0,422.0
20.0,62.0,-8.0,422.0
22.0,62.0,-8.0,422.0
24.0,62.0,-8.0,422.0
26.0,62.0,-8.0,377.0
28.0,62.0,-8.0,377.0
30.0,62.0,-8.0,377.0
32.0,62.0,-8.0,573.0
34.0,62.0,-8.0,573.0
36.0,62.0,-8.0,573.0
38.0,62.0,-8.0,339.0
-36.0,64.0,-8.0,154.0
-34.0,64.0,-8.0,35.0
-32.0,64.0,-8.0,35.0
-30.0,64.0,-8.0,35.0
-28.0,64.0,-8.0,35.0
-26.0,64.0,-8.0,35.0
-24.0,64.0,-8.0,341.0
-22.0,64.0,-8.0,341.0
-20.0,64.0,-8.0,341.0
-18.0,64.0,-8.0,341.0
-16.0,64.0,-8.0,559.0
-14.0,64.0,-8.0,559.0
-12.0,64.0,-8.0,559.0
-8.0,64.0,-8.0,559.0
-6.0,64.0,-8.0,559.0
-4.0,64.0,-8.0,224.0
-2.0,64.0,-8.0,224.0
0.0,64.0,-8.0,425.0
2.0,64.0,-8.0,425.0
4.0,64.0,-8.0,425.0
6.0,64.0,-8.0,425.0
8.0,64.0,-8.0,425.0
10.0,64.0,-8.0,422.0
12.0,64.0,-8.0,422.0
14.0,64.0,-8.0,422.0
16.0,64.0,-8.0,422.0
18.0,64.0,-8.0,422.0
20.0,64.0,-8.0,422.0
22.0,64.0,-8.0,422.0
24.0,64.0,-8.0,422.0
26.0,64.0,-8.0,422.0
28.0,64.0,-8.0,377.0
30.0,64.0,-8.0,377.0
32.0,64.0,-8.0,377.0
34.0,64.0,-8.0,573.0
-32.0,66.0,-8.0,35.0
-30.0,66.0,-8.0,35.0
-28.0,66.0,-8.0,35.0
-26.0,66.0,-8.0,341.0
-24.0,66.0,-8.0,341.0
-22.0,66.0,-8.0,341.0
-20.0,66.0,-8.0,341.0
-18.0,66.0,-8.0,341.0
-16.0,66.0,-8.0,559.0
-14.0,66.0,-8.0,559.0
-12.0,66.0,-8.0,559.0
-10.0,66.0,-8.0,559.0
-8.0,66.0,-8.0,559.0
-6.0,66.0,-8.0,559.0
-4.0,66.0,-8.0,559.0
-2.0,66.0,-8.0,224.0
0.0,66.0,-8.0,425.0
2.0,66.0,-8.0,425.0
4.0,66.0,-8.0,425.0
6.0,66.0,-8.0,425.0
8.0,66.0,-8.0,425.0
10.0,66.0,-8.0,422.0
12.0,66.0,-8.0,422.0
14.0,66.0,-8.0,422.0
16.0,66.0,-8.0,422.0
18.0,66.0,-8.0,422.0
20.0,66.0,-8.0,422.0
22.0,66.0,-8.0,422.0
24.0,66.0,-8.0,422.0
26.0,66.0,-8.0,422.0
28.0,66.0,-8.0,422.0
30.0,66.0,-8.0,377.0
-26.0,68.0,-8.0,341.0
-24.0,68.0,-8.0,341.0
-22.0,68.0,-8.0,341.0
-20.0,68.0,-8.0,341.0
-18.0,68.0,-8.0,341.0
-16.0,68.0,-8.0,559.0
-14.0,68.0,-8.0,559.0
-12.0,68.0,-8.0,559.0
-10.0,68.0,-8.0,559.0
-8.0,68.0,-8.0,559.0
-6.0,68.0,-8.0,559.0
-4.0,68.0,-8.0,559.0
-2.0,68.0,-8.0,224.0
2.0,68.0,-8.0,425.0
4.0,68.0,-8.0,425.0
6.0,68.0,-8.0,425.0
8.0,68.0,-8.0,345.0
10.0,68.0,-8.0,422.0
12.0,68.0,-8.0,422.0
14.0,68.0,-8.0,422.0
16.0,68.0,-8.0,422.0
18.0,68.0,-8.0,422.0
20.0,68.0,-8.0,422.0
22.0,68.0,-8.0,422.0
24.0,68.0,-8.0,422.0
-18.0,70.0,-8.0,341.0
-16.0,70.0,-8.0,559.0
-14.0,70.0,-8.0,559.0
-12.0,70.0,-8.0,559.0
-10.0,70.0,-8.0,559.0
-8.0,70.0,-8.0,559.0
-6.0,70.0,-8.0,559.0
-4.0,70.0,-8.0,559.0
4.0,70.0,-8.0,425.0
6.0,70.0,-8.0,345.0
8.0,70.0,-8.0,345.0
10.0,70.0,-8.0,422.0
12.0,70.0,-8.0,422.0
14.0,70.0,-8.0,422.0
-16.0,-104.0,-6.0,234.0
-14.0,-104.0,-6.0,234.0
8.0,-104.0,-6.0,380.0
10.0,-104.0,-6.0,380.0
12.0,-104.0,-6.0,380.0
14.0,-104.0,-6.0,325.0
16.0,-104.0,-6.0,325.0
18.0,-104.0,-6.0,325.0
20.0,-104.0,-6.0,325.0
22.0,-104.0,-6.0,325.0
-26.0,-102.0,-6.0,234.0
-24.0,-102.0,-6.0,234.0
-22.0,-102.0,-6.0,234.0
-20.0,-102.0,-6.0,234.0
-18.0,-102.0,-6.0,234.0
-16.0,-102.0,-6.0,234.0
-14.0,-102.0,-6.0,234.0
-12.0,-102.0,-6.0,489.0
2.0,-102.0,-6.0,125.0
4.0,-102.0,-6.0,125.0
6.0,-102.0,-6.0,380.0
8.0,-102.0,-6.0,380.0
10.0,-102.0,-6.0,380.0
12.0,-102.0,-6.0,380.0
14.0,-102.0,-6.0,325.0
16.0,-102.0,-6.0,325.0
18.0,-102.0,-6.0,325.0
20.0,-102.0,-6.0,325.0
22.0,-102.0,-6.0,325.0
24.0,-102.0,-6.0,325.0
26.0,-102.0,-6.0,325.0
-28.0,-100.0,-6.0,234.0
-26.0,-100.0,-6.0,234.0
-24.0,-100.0,-6.0,234.0
-22.0,-100.0,-6.0,234.0
-20.0,-100.0,-6.0,234.0
-18.0,-100.0,-6.0,234.0
-16.0,-100.0,-6.0,234.0
-14.0,-100.0,-6.0,234.0
-12.0,-100.0,-6.0,489.0
-10.0,-100.0,-6.0,489.0
2.0,-100.0,-6.0,125.0
4.0,-100.0,-6.0,125.0
6.0,-100.0,-6.0,125.0
8.0,-100.0,-6.0,380.0
10.0,-100.0,-6.0,380.0
12.0,-100.0,-6.0,325.0
14.0,-100.0,-6.0,325.0
16.0,-100.0,-6.0,325.0
18.0,-100.0,-6.0,325.0
20.0,-100.0,-6.0,325.0
22.0,-100.0,-6.0,325.0
24.0,-100.0,-6.0,325.0
26.0,-100.0,-6.0,325.0
28.0,-100.0,-6.0,325.0
30.0,-100.0,-6.0,275.0
-32.0,-98.0,-6.0,234.0
-30.0,-98.0,-6.0,234.0
-28.0,-98.0,-6.0,234.0
-26.0,-98.0,-6.0,234.0
-24.0,-98.0,-6.0,234.0
-22.0,-98.0,-6.0,234.0
-20.0,-98.0,-6.0,234.0
-18.0,-98.0,-6.0,234.0
-16.0,-98.0,-6.0,234.0
-14.0,-98.0,-6.0,489.0
-12.0,-98.0,-6.0,489.0
-10.0,-98.0,-6.0,489.0
-8.0,-98.0,-6.0,489.0
0.0,-98.0,-6.0,125.0
2.0,-98.0,-6.0,125.0
4.0,-98.0,-6.0,125.0
6.0,-98.0,-6.0,125.0
8.0,-98.0,-6.0,380.0
10.0,-98.0,-6.0,380.0
12.0,-98.0,-6.0,325.0
14.0,-98.0,-6.0,325.0
16.0,-98.0,-6.0,325.0
18.0,-98.0,-6.0,325.0
20.0,-98.0,-6.0,325.0
22.0,-98.0,-6.0,325.0
24.0,-98.0,-6.0,325.0
26.0,-98.0,-6.0,325.0
28.0,-98.0,-6.0,325.0
30.0,-98.0,-6.0,275.0
32.0,-98.0,-6.0,275.0
34.0,-98.0,-6.0,275.0
-36.0,-96.0,-6.0,545.0
-34.0,-96.0,-6.0,545.0
-32.0,-96.0,-6.0,545.0
-30.0,-96.0,-6.0,234.0
-28.0,-96.0,-6.0,234.0
-26.0,-96.0,-6.0,234.0
-24.0,-96.0,-6.0,234.0
-22.0,-96.0,-6.0,234.0
-20.0,-96.0,-6.0,234.0
-18.0,-96.0,-6.0,234.0
-16.0,-96.0,-6.0,234.0
-14.0,-96.0,-6.0,489.0
-12.0,-96.0,-6.0,489.0
-10.0,-96.0,-6.0,489.0
-8.0,-96.0,-6.0,489.0
-6.0,-96.0,-6.0,489.0
0.0,-96.0,-6.0,125.0
2.0,-96.0,-6.0,125.0
4.0,-96.0,-6.0,125.0
6.0,-96.0,-6.0,125.0
8.0,-96.0,-6.0,125.0
10.0,-96.0,-6.0,380.0
12.0,-96.0,-6.0,325.0
14.0,-96.0,-6.0,325.0
16.0,-96.0,-6.0,325.0
18.0,-96.0,-6.0,325.0
20.0,-96.0,-6.0,325.0
22.0,-96.0,-6.0,325.0
24.0,-96.0,-6.0,325.0
26.0,-96.0,-6.0,325.0
28.0,-96.0,-6.0,325.0
30.0,-96.0,-6.0,275.0
32.0,-96.0,-6.0,275.0
34.0,-96.0,-6.0,440.0
36.0,-96.0,-6.0,440.0
-38.0,-94.0,-6.0,510.0
-36.0,-94.0,-6.0,510.0
-34.0,-94.0,-6.0,545.0
-32.0,-94.0,-6.0,545.0
-30.0,-94.0,-6.0,545.0
-28.0,-94.0,-6.0,234.0
-26.0,-94.0,-6.0,234.0
-24.0,-94.0,-6.0,234.0
-22.0,-94.0,-6.0,234.0
-20.0,-94.0,-6.0,234.0
-18.0,-94.0,-6.0,234.0
-16.0,-94.0,-6.0,489.0
-14.0,-94.0,-6.0,489.0
-12.0,-94.0,-6.0,489.0
-10.0,-94.0,-6.0,489.0
-8.0,-94.0,-6.0,489.0
-6.0,-94.0,-6.0,489.0
-4.0,-94.0,-6.0,125.0
0.0,-94.0,-6.0,125.0
2.0,-94.0,-6.0,125.0
4.0,-94.0,-6.0,125.0
6.0,-94.0,-6.0,125.0
8.0,-94.0,-6.0,125.0
10.0,-94.0,-6.0,325.0
12.0,-94.0,-6.0,325.0
14.0,-94.0,-6.0,325.0
16.0,-94.0,-6.0,325.0
18.0,-94.0,-6.0,325.0
20.0,-94.0,-6.0,325.0
22.0,-94.0,-6.0,325.0
24.0,-94.0,-6.0,325.0
26.0,-94.0,-6.0,325.0
28.0,-94.0,-6.0,325.0
30.0,-94.0,-6.0,440.0
32.0,-94.0,-6.0,440.0
34.0,-94.0,-6.0,440.0
36.0,-94.0,-6.0,440.0
38.0,-94.0,-6.0,571.0
-40.0,-92.0,-6.0,510.0
-38.0,-92.0,-6.0,510.0
-36.0,-92.0,-6.0,510.0
-34.0,-92.0,-6.0,545.0
-32.0,-92.0,-6.0,545.0
-30.0,-92.0,-6.0,545.0
-28.0,-92.0,-6.0,545.0
-26.0,-92.0,-6.0,545.0
-24.0,-92.0,-6.0,234.0
-22.0,-92.0,-6.0,234.0
-20.0,-92.0,-6.0,234.0
-18.0,-92.0,-6.0,234.0
-16.0,-92.0,-6.0,489.0
-14.0,-92.0,-6.0,489.0
-12.0,-92.0,-6.0,489.0
-10.0,-92.0,-6.0,489.0
-8.0,-92.0,-6.0,489.0
-6.0,-92.0,-6.0,489.0
-4.0,-92.0,-6.0,125.0
-2.0,-92.0,-6.0,125.0
0.0,-92.0,-6.0,125.0
2.0,-92.0,-6.0,125.0
4.0,-92.0,-6.0,125.0
6.0,-92.0,-6.0,125.0
8.0,-92.0,-6.0,125.0
10.0,-92.0,-6.0,325.0
12.0,-92.0,-6.0,325.0
14.0,-92.0,-6.0,325.0
16.0,-92.0,-6.0,325.0
18.0,-92.0,-6.0,325.0
20.0,-92.0,-6.0,325.0
22.0,-92.0,-6.0,325.0
24.0,-92.0,-6.0,325.0
26.0,-92.0,-6.0,325.0
28.0,-92.0,-6.0,440.0
30.0,-92.0,-6.0,440.0
32.0,-92.0,-6.0,440.0
34.0,-92.0,-6.0,440.0
36.0,-92.0,-6.0,440.0
38.0,-92.0,-6.0,571.0
40.0,-92.0,-6.0,571.0
-42.0,-90.0,-6.0,510.0
-40.0,-90.0,-6.0,510.0
-38.0,-90.0,-6.0,510.0
-36.0,-90.0,-6.0,510.0
-34.0,-90.0,-6.0,545.0
-32.0,-90.0,-6.0,545.0
-30.0,-90.0,-6.0,545.0
-28.0,-90.0,-6.0,545.0
-26.0,-90.0,-6.0,545.0
-24.0,-90.0,-6.0,545.0
-22.0,-90.0,-6.0,234.0
-20.0,-90.0,-6.0,234.0
-18.0,-90.0,-6.0,489.0
-16.0,-90.0,-6.0,489.0
-14.0,-90.0,-6.0,489.0
-12.0,-90.0,-6.0,489.0
-10.0,-90.0,-6.0,489.0
-8.0,-90.0,-6.0,489.0
-6.0,-90.0,-6.0,489.0
-4.0,-90.0,-6.0,125.0
-2.0,-90.0,-6.0,125.0
0.0,-90.0,-6.0,125.0
2.0,-90.0,-6.0,125.0
4.0,-90.0,-6.0,125.0
6.0,-90.0,-6.0,125.0
8.0,-90.0,-6.0,125.0
10.0,-90.0,-6.0,567.0
12.0,-90.0,-6.0,325.0
14.0,-90.0,-6.0,325.0
16.0,-90.0,-6.0,325.0
18.0,-90.0,-6.0,325.0
20.0,-90.0,-6.0,325.0
22.0,-90.0,-6.0,325.0
24.0,-90.0,-6.0,325.0
26.0,-90.0,-6.0,325.0
28.0,-90.0,-6.0,440.0
30.0,-90.0,-6.0,440.0
32.0,-90.0,-6.0,440.0
34.0,-90.0,-6.0,440.0
36.0,-90.0,-6.0,440.0
38.0,-90.0,-6.0,571.0
40.0,-90.0,-6.0,571.0
42.0,-90.0,-6.0,571.0
-44.0,-88.0,-6.0,510.0
-42.0,-88.0,-6.0,510.0
-40.0,-88.0,-6.0,510.0
-38.0,-88.0,-6.0,510.0
-36.0,-88.0,-6.0,510.0
-34.0,-88.0,-6.0,545.0
-32.0,-88.0,-6.0,545.0
-30.0,-88.0,-6.0,545.0
-28.0,-88.0,-6.0,545.0
-26.0,-88.0,-6.0,545.0
-24.0,-88.0,-6.0,545.0
-22.0,-88.0,-6.0,287.0
-20.0,-88.0,-6.0,287.0
-18.0,-88.0,-6.0,489.0
-16.0,-88.0,-6.0,489.0
-14.0,-88.0,-6.0,489.0
-12.0,-88.0,-6.0,489.0
-10.0,-88.0,-6.0,489.0
-8.0,-88.0,-6.0,489.0
-6.0,-88.0,-6.0,489.0
-4.0,-88.0,-6.0,125.0
-2.0,-88.0,-6.0,125.0
0.0,-88.0,-6.0,125.0
2.0,-88.0,-6.0,125.0
4.0,-88.0,-6.0,125.0
6.0,-88.0,-6.0,125.0
8.0,-88.0,-6.0,567.0
10.0,-88.0,-6.0,567.0
12.0,-88.0,-6.0,567.0
14.0,-88.0,-6.0,567.0
16.0,-88.0,-6.0,325.0
18.0,-88.0,-6.0,325.0
20.0,-88.0,-6.0,325.0
22.0,-88.0,-6.0,325.0
24.0,-88.0,-6.0,325.0
26.0,-88.0,-6.0,440.0
28.0,-88.0,-6.0,440.0
30.0,-88.0,-6.0,440.0
32.0,-88.0,-6.0,440.0
34.0,-88.0,-6.0,440.0
36.0,-88.0,-6.0,440.0
38.0,-88.0,-6.0,571.0
40.0,-88.0,-6.0,571.0
42.0,-88.0,-6.0,571.0
44.0,-88.0,-6.0,571.0
-46.0,-86.0,-6.0,510.0
-44.0,-86.0,-6.0,510.0
-42.0,-86.0,-6.0,510.0
-40.0,-86.0,-6.0,510.0
-38.0,-86.0,-6.0,510.0
-36.0,-86.0,-6.0,510.0
-34.0,-86.0,-6.0,510.0
-32.0,-86.0,-6.0,545.0
-30.0,-86.0,-6.0,287.0
-22.0,-86.0,-6.0,287.0
-20.0,-86.0,-6.0,287.0
-18.0,-86.0,-6.0,287.0
-16.0,-86.0,-6.0,489.0
-14.0,-86.0,-6.0,64.0
-12.0,-86.0,-6.0,64.0
-10.0,-86.0,-6.0,64.0
-8.0,-86.0,-6.0,64.0
-6.0,-86.0,-6.0,64.0
-4.0,-86.0,-6.0,64.0
-2.0,-86.0,-6.0,125.0
0.0,-86.0,-6.0,125.0
2.0,-86.0,-6.0,125.0
4.0,-86.0,-6.0,125.0
6.0,-86.0,-6.0,567.0
8.0,-86.0,-6.0,567.0
10.0,-86.0,-6.0,567.0
12.0,-86.0,-6.0,567.0
14.0,-86.0,-6.0,567.0
16.0,-86.0,-6.0,567.0
18.0,-86.0,-6.0,325.0
20.0,-86.0,-6.0,325.0
22.0,-86.0,-6.0,325.0
24.0,-86.0,-6.0,440.0
26.0,-86.0,-6.0,440.0
28.0,-86.0,-6.0,440.0
30.0,-86.0,-6.0,440.0
32.0,-86.0,-6.0,440.0
34.0,-86.0,-6.0,440.0
36.0,-86.0,-6.0,440.0
38.0,-86.0,-6.0,571.0
40.0,-86.0,-6.0,571.0
42.0,-86.0,-6.0,571.0
44.0,-86.0,-6.0,571.0
46.0,-86.0,-6.0,571.0
-48.0,-84.0,-6.0,510.0
-46.0,-84.0,-6.0,510.0
-44.0,-84.0,-6.0,510.0
-42.0,-84.0,-6.0,510.0
-40.0,-84.0,-6.0,510.0
-38.0,-84.0,-6.0,510.0
-36.0,-84.0,-6.0,510.0
-34.0,-84.0,-6.0,287.0
-32.0,-84.0,-6.0,287.0
-22.0,-84.0,-6.0,287.0
-20.0,-84.0,-6.0,287.0
-18.0,-84.0,-6.0,287.0
-16.0,-84.0,-6.0,64.0
-14.0,-84.0,-6.0,64.0
-12.0,-84.0,-6.0,64.0
-10.0,-84.0,-6.0,64.0
-8.0,-84.0,-6.0,64.0
-6.0,-84.0,-6.0,64.0
-4.0,-84.0,-6.0,64.0
-2.0,-84.0,-6.0,64.0
0.0,-84.0,-6.0,31.0
2.0,-84.0,-6.0,31.0
4.0,-84.0,-6.0,125.0
6.0,-84.0,-6.0,567.0
8.0,-84.0,-6.0,567.0
10.0,-84.0,-6.0,567.0
12.0,-84.0,-6.0,567.0
14.0,-84.0,-6.0,567.0
16.0,-84.0,-6.0,567.0
18.0,-84.0,-6.0,567.0
20.0,-84.0,-6.0,325.0
22.0,-84.0,-6.0,325.0
24.0,-84.0,-6.0,440.0
26.0,-84.0,-6.0,440.0
28.0,-84.0,-6.0,440.0
30.0,-84.0,-6.0,440.0
32.0,-84.0,-6.0,440.0
34.0,-84.0,-6.0,440.0
36.0,-84.0,-6.0,440.0
38.0,-84.0,-6.0,569.0
40.0,-84.0,-6.0,571.0
42.0,-84.0,-6.0,571.0
44.0,-84.0,-6.0,571.0
46.0,-84.0,-6.0,571.0
48.0,-84.0,-6.0,571.0
-50.0,-82.0,-6.0,510.0
-48.0,-82.0,-6.0,510.0
-46.0,-82.0,-6.0,510.0
-44.0,-82.0,-6.0,510.0
-42.0,-82.0,-6.0,510.0
-40.0,-82.0,-6.0,510.0
-38.0,-82.0,-6.0,510.0
-36.0,-82.0,-6.0,510.0
-34.0,-82.0,-6.0,287.0
-32.0,-82.0,-6.0,287.0
-20.0,-82.0,-6.0,287.0
-18.0,-82.0,-6.0,64.0
-16.0,-82.0,-6.0,64.0
-14.0,-82.0,-6.0,64.0
-12.0,-82.0,-6.0,64.0
-10.0,-82.0,-6.0,64.0
-8.0,-82.0,-6.0,64.0
-6.0,-82.0,-6.0,64.0
-4.0,-82.0,-6.0,64.0
-2.0,-82.0,-6.0,64.0
0.0,-82.0,-6.0,450.0
2.0,-82.0,-6.0,450.0
4.0,-82.0,-6.0,362.0
6.0,-82.0,-6.0,362.0
8.0,-82.0,-6.0,362.0
10.0,-82.0,-6.0,567.0
12.0,-82.0,-6.0,567.0
14.0,-82.0,-6.0,567.0
16.0,-82.0,-6.0,567.0
18.0,-82.0,-6.0,567.0
20.0,-82.0,-6.0,464.0
22.0,-82.0,-6.0,464.0
24.0,-82.0,-6.0,440.0
26.0,-82.0,-6.0,440.0
28.0,-82.0,-6.0,440.0
30.0,-82.0,-6.0,440.0
32.0,-82.0,-6.0,440.0
34.0,-82.0,-6.0,440.0
36.0,-82.0,-6.0,569.0
38.0,-82.0,-6.0,569.0
40.0,-82.0,-6.0,569.0
42.0,-82.0,-6.0,571.0
44.0,-82.0,-6.0,571.0
46.0,-82.0,-6.0,571.0
48.0,-82.0,-6.0,571.0
-50.0,-80.0,-6.0,510.0
-48.0,-80.0,-6.0,510.0
-46.0,-80.0,-6.0,510.0
-44.0,-80.0,-6.0,510.0
-42.0,-80.0,-6.0,510.0
-40.0,-80.0,-6.0,510.0
-38.0,-80.0,-6.0,36.0
-36.0,-80.0,-6.0,36.0
-34.0,-80.0,-6.0,36.0
-32.0,-80.0,-6.0,287.0
-30.0,-80.0,-6.0,287.0
-28.0,-80.0,-6.0,287.0
-22.0,-80.0,-6.0,287.0
-20.0,-80.0,-6.0,287.0
-18.0,-80.0,-6.0,64.0
-16.0,-80.0,-6.0,64.0
-14.0,-80.0,-6.0,64.0
-12.0,-80.0,-6.0,64.0
-10.0,-80.0,-6.0,64.0
-8.0,-80.0,-6.0,64.0
-6.0,-80.0,-6.0,64.0
-4.0,-80.0,-6.0,64.0
-2.0,-80.0,-6.0,450.0
0.0,-80.0,-6.0,450.0
2.0,-80.0,-6.0,450.0
4.0,-80.0,-6.0,362.0
6.0,-80.0,-6.0,362.0
8.0,-80.0,-6.0,362.0
10.0,-80.0,-6.0,362.0
12.0,-80.0,-6.0,362.0
14.0,-80.0,-6.0,362.0
16.0,-80.0,-6.0,362.0
18.0,-80.0,-6.0,464.0
20.0,-80.0,-6.0,464.0
22.0,-80.0,-6.0,464.0
24.0,-80.0,-6.0,464.0
26.0,-80.0,-6.0,440.0
28.0,-80.0,-6.0,440.0
30.0,-80.0,-6.0,440.0
32.0,-80.0,-6.0,440.0
34.0,-80.0,-6.0,569.0
36.0,-80.0,-6.0,569.0
38.0,-80.0,-6.0,569.0
40.0,-80.0,-6.0,569.0
42.0,-80.0,-6.0,569.0
44.0,-80.0,-6.0,571.0
46.0,-80.0,-6.0,277.0
48.0,-80.0,-6.0,277.0
50.0,-80.0,-6.0,277.0
-52.0,-78.0,-6.0,510.0
-50.0,-78.0,-6.0,510.0
-48.0,-78.0,-6.0,510.0
-46.0,-78.0,-6.0,510.0
-44.0,-78.0,-6.0,36.0
-42.0,-78.0,-6.0,36.0
-40.0,-78.0,-6.0,36.0
-38.0,-78.0,-6.0,36.0
-36.0,-78.0,-6.0,36.0
-34.0,-78.0,-6.0,36.0
-32.0,-78.0,-6.0,287.0
-30.0,-78.0,-6.0,287.0
-28.0,-78.0,-6.0,287.0
-22.0,-78.0,-6.0,287.0
-20.0,-78.0,-6.0,287.0
-18.0,-78.0,-6.0,64.0
-16.0,-78.0,-6.0,64.0
-14.0,-78.0,-6.0,64.0
-12.0,-78.0,-6.0,64.0
-10.0,-78.0,-6.0,64.0
-8.0,-78.0,-6.0,64.0
-6.0,-78.0,-6.0,64.0
-4.0,-78.0,-6.0,450.0
-2.0,-78.0,-6.0,450.0
0.0,-78.0,-6.0,450.0
2.0,-78.0,-6.0,450.0
4.0,-78.0,-6.0,362.0
6.0,-78.0,-6.0,362.0
8.0,-78.0,-6.0,362.0
10.0,-78.0,-6.0,362.0
12.0,-78.0,-6.0,362.0
14.0,-78.0,-6.0,362.0
16.0,-78.0,-6.0,362.0
18.0,-78.0,-6.0,464.0
20.0,-78.0,-6.0,464.0
22.0,-78.0,-6.0,464.0
24.0,-78.0,-6.0,464.0
26.0,-78.0,-6.0,464.0
28.0,-78.0,-6.0,587.0
30.0,-78.0,-6.0,587.0
32.0,-78.0,-6.0,569.0
34.0,-78.0,-6.0,569.0
36.0,-78.0,-6.0,569.0
38.0,-78.0,-6.0,569.0
40.0,-78.0,-6.0,569.0
42.0,-78.0,-6.0,569.0
44.0,-78.0,-6.0,277.0
46.0,-78.0,-6.0,277.0
48.0,-78.0,-6.0,277.0
50.0,-78.0,-6.0,277.0
52.0,-78.0,-6.0,277.0
-52.0,-76.0,-6.0,388.0
-50.0,-76.0,-6.0,36.0
-48.0,-76.0,-6.0,36.0
-46.0,-76.0,-6.0,36.0
-44.0,-76.0,-6.0,36.0
-42.0,-76.0,-6.0,36.0
-40.0,-76.0,-6.0,36.0
-38.0,-76.0,-6.0,36.0
-36.0,-76.0,-6.0,36.0
-34.0,-76.0,-6.0,36.0
-32.0,-76.0,-6.0,36.0
-30.0,-76.0,-6.0,287.0
-28.0,-76.0,-6.0,287.0
-24.0,-76.0,-6.0,287.0
-22.0,-76.0,-6.0,287.0
-20.0,-76.0,-6.0,64.0
-18.0,-76.0,-6.0,64.0
-16.0,-76.0,-6.0,64.0
-14.0,-76.0,-6.0,64.0
-12.0,-76.0,-6.0,64.0
-10.0,-76.0,-6.0,64.0
-8.0,-76.0,-6.0,64.0
-6.0,-76.0,-6.0,450.0
-4.0,-76.0,-6.0,450.0
-2.0,-76.0,-6.0,450.0
0.0,-76.0,-6.0,450.0
2.0,-76.0,-6.0,450.0
4.0,-76.0,-6.0,362.0
6.0,-76.0,-6.0,362.0
8.0,-76.0,-6.0,362.0
10.0,-76.0,-6.0,362.0
12.0,-76.0,-6.0,362.0
14.0,-76.0,-6.0,362.0
16.0,-76.0,-6.0,362.0
18.0,-76.0,-6.0,362.0
20.0,-76.0,-6.0,464.0
22.0,-76.0,-6.0,464.0
24.0,-76.0,-6.0,464.0
26.0,-76.0,-6.0,464.0
28.0,-76.0,-6.0,587.0
30.0,-76.0,-6.0,587.0
32.0,-76.0,-6.0,587.0
34.0,-76.0,-6.0,587.0
36.0,-76.0,-6.0,569.0
38.0,-76.0,-6.0,569.0
40.0,-76.0,-6.0,569.0
42.0,-76.0,-6.0,569.0
44.0,-76.0,-6.0,277.0
46.0,-76.0,-6.0,277.0
48.0,-76.0,-6.0,277.0
50.0,-76.0,-6.0,277.0
52.0,-76.0,-6.0,277.0
-54.0,-74.0,-6.0,388.0
-52.0,-74.0,-6.0,388.0
-50.0,-74.0,-6.0,388.0
-48.0,-74.0,-6.0,36.0
-46.0,-74.0,-6.0,36.0
-44.0,-74.0,-6.0,36.0
-42.0,-74.0,-6.0,36.0
-40.0,-74.0,-6.0,36.0
-38.0,-74.0,-6.0,36.0
-34.0,-74.0,-6.0,36.0
-32.0,-74.0,-6.0,36.0
-30.0,-74.0,-6.0,123.0
-28.0,-74.0,-6.0,287.0
-26.0,-74.0,-6.0,287.0
-24.0,-74.0,-6.0,287.0
-22.0,-74.0,-6.0,287.0
-20.0,-74.0,-6.0,64.0
-18.0,-74.0,-6.0,64.0
-16.0,-74.0,-6.0,64.0
-14.0,-74.0,-6.0,64.0
-12.0,-74.0,-6.0,64.0
-10.0,-74.0,-6.0,64.0
-8.0,-74.0,-6.0,64.0
-6.0,-74.0,-6.0,450.0
-4.0,-74.0,-6.0,450.0
-2.0,-74.0,-6.0,450.0
2.0,-74.0,-6.0,450.0
4.0,-74.0,-6.0,362.0
6.0,-74.0,-6.0,362.0
8.0,-74.0,-6.0,362.0
10.0,-74.0,-6.0,362.0
12.0,-74.0,-6.0,362.0
14.0,-74.0,-6.0,362.0
16.0,-74.0,-6.0,362.0
18.0,-74.0,-6.0,362.0
20.0,-74.0,-6.0,464.0
22.0,-74.0,-6.0,464.0
24.0,-74.0,-6.0,357.0
26.0,-74.0,-6.0,357.0
28.0,-74.0,-6.0,587.0
30.0,-74.0,-6.0,587.0
32.0,-74.0,-6.0,587.0
34.0,-74.0,-6.0,587.0
36.0,-74.0,-6.0,587.0
38.0,-74.0,-6.0,587.0
40.0,-74.0,-6.0,569.0
42.0,-74.0,-6.0,569.0
44.0,-74.0,-6.0,277.0
46.0,-74.0,-6.0,277.0
48.0,-74.0,-6.0,277.0
50.0,-74.0,-6.0,277.0
52.0,-74.0,-6.0,277.0
54.0,-74.0,-6.0,277.0
-54.0,-72.0,-6.0,388.0
-52.0,-72.0,-6.0,388.0
-50.0,-72.0,-6.0,388.0
-48.0,-72.0,-6.0,388.0
-46.0,-72.0,-6.0,36.0
-44.0,-72.0,-6.0,36.0
-42.0,-72.0,-6.0,36.0
-40.0,-72.0,-6.0,36.0
-38.0,-72.0,-6.0,36.0
-32.0,-72.0,-6.0,123.0
-30.0,-72.0,-6.0,123.0
-28.0,-72.0,-6.0,123.0
-26.0,-72.0,-6.0,123.0
-24.0,-72.0,-6.0,272.0
-22.0,-72.0,-6.0,272.0
-20.0,-72.0,-6.0,272.0
-18.0,-72.0,-6.0,64.0
-16.0,-72.0,-6.0,64.0
-14.0,-72.0,-6.0,64.0
-12.0,-72.0,-6.0,64.0
-10.0,-72.0,-6.0,64.0
-8.0,-72.0,-6.0,450.0
-6.0,-72.0,-6.0,450.0
-4.0,-72.0,-6.0,450.0
2.0,-72.0,-6.0,450.0
4.0,-72.0,-6.0,362.0
6.0,-72.0,-6.0,362.0
8.0,-72.0,-6.0,362.0
10.0,-72.0,-6.0,362.0
12.0,-72.0,-6.0,362.0
14.0,-72.0,-6.0,362.0
16.0,-72.0,-6.0,362.0
18.0,-72.0,-6.0,431.0
20.0,-72.0,-6.0,431.0
22.0,-72.0,-6.0,357.0
24.0,-72.0,-6.0,357.0
26.0,-72.0,-6.0,357.0
28.0,-72.0,-6.0,357.0
30.0,-72.0,-6.0,587.0
32.0,-72.0,-6.0,587.0
34.0,-72.0,-6.0,587.0
36.0,-72.0,-6.0,587.0
38.0,-72.0,-6.0,587.0
40.0,-72.0,-6.0,587.0
42.0,-72.0,-6.0,587.0
44.0,-72.0,-6.0,277.0
46.0,-72.0,-6.0,277.0
48.0,-72.0,-6.0,277.0
50.0,-72.0,-6.0,277.0
52.0,-72.0,-6.0,277.0
54.0,-72.0,-6.0,277.0
-56.0,-70.0,-6.0,388.0
-54.0,-70.0,-6.0,388.0
-52.0,-70.0,-6.0,388.0
-50.0,-70.0,-6.0,388.0
-48.0,-70.0,-6.0,388.0
-46.0,-70.0,-6.0,388.0
-44.0,-70.0,-6.0,36.0
-42.0,-70.0,-6.0,36.0
-40.0,-70.0,-6.0,36.0
-38.0,-70.0,-6.0,36.0
-28.0,-70.0,-6.0,123.0
-26.0,-70.0,-6.0,123.0
-24.0,-70.0,-6.0,123.0
-22.0,-70.0,-6.0,272.0
-20.0,-70.0,-6.0,272.0
-18.0,-70.0,-6.0,272.0
-16.0,-70.0,-6.0,64.0
-14.0,-70.0,-6.0,64.0
-12.0,-70.0,-6.0,64.0
-10.0,-70.0,-6.0,450.0
-8.0,-70.0,-6.0,450.0
-6.0,-70.0,-6.0,450.0
2.0,-70.0,-6.0,450.0
4.0,-70.0,-6.0,362.0
6.0,-70.0,-6.0,362.0
8.0,-70.0,-6.0,362.0
10.0,-70.0,-6.0,362.0
12.0,-70.0,-6.0,362.0
14.0,-70.0,-6.0,362.0
16.0,-70.0,-6.0,431.0
18.0,-70.0,-6.0,431.0
20.0,-70.0,-6.0,431.0
22.0,-70.0,-6.0,357.0
24.0,-70.0,-6.0,357.0
26.0,-70.0,-6.0,357.0
28.0,-70.0,-6.0,357.0
30.0,-70.0,-6.0,587.0
32.0,-70.0,-6.0,587.0
34.0,-70.0,-6.0,587.0
36.0,-70.0,-6.0,587.0
38.0,-70.0,-6.0,587.0
40.0,-70.0,-6.0,587.0
42.0,-70.0,-6.0,587.0
44.0,-70.0,-6.0,277.0
46.0,-70.0,-6.0,277.0
48.0,-70.0,-6.0,277.0
50.0,-70.0,-6.0,277.0
52.0,-70.0,-6.0,277.0
54.0,-70.0,-6.0,277.0
-58.0,-68.0,-6.0,388.0
-56.0,-68.0,-6.0,388.0
-54.0,-68.0,-6.0,388.0
-52.0,-68.0,-6.0,388.0
-50.0,-68.0,-6.0,388.0
-46.0,-68.0,-6.0,388.0
-44.0,-68.0,-6.0,388.0
-42.0,-68.0,-6.0,36.0
-40.0,-68.0,-6.0,36.0
-38.0,-68.0,-6.0,36.0
-28.0,-68.0,-6.0,123.0
-26.0,-68.0,-6.0,123.0
-24.0,-68.0,-6.0,123.0
-22.0,-68.0,-6.0,272.0
-20.0,-68.0,-6.0,272.0
-18.0,-68.0,-6.0,272.0
-16.0,-68.0,-6.0,272.0
-14.0,-68.0,-6.0,272.0
-12.0,-68.0,-6.0,450.0
-10.0,-68.0,-6.0,450.0
-8.0,-68.0,-6.0,450.0
-6.0,-68.0,-6.0,450.0
4.0,-68.0,-6.0,362.0
6.0,-68.0,-6.0,362.0
8.0,-68.0,-6.0,362.0
10.0,-68.0,-6.0,362.0
12.0,-68.0,-6.0,362.0
14.0,-68.0,-6.0,362.0
16.0,-68.0,-6.0,431.0
18.0,-68.0,-6.0,431.0
20.0,-68.0,-6.0,431.0
22.0,-68.0,-6.0,357.0
24.0,-68.0,-6.0,357.0
26.0,-68.0,-6.0,357.0
28.0,-68.0,-6.0,357.0
32.0,-68.0,-6.0,587.0
34.0,-68.0,-6.0,587.0
36.0,-68.0,-6.0,587.0
38.0,-68.0,-6.0,587.0
40.0,-68.0,-6.0,587.0
42.0,-68.0,-6.0,587.0
44.0,-68.0,-6.0,373.0
46.0,-68.0,-6.0,373.0
48.0,-68.0,-6.0,373.0
50.0,-68.0,-6.0,373.0
52.0,-68.0,-6.0,373.0
54.0,-68.0,-6.0,277.0
-56.0,-66.0,-6.0,388.0
-54.0,-66.0,-6.0,388.0
-52.0,-66.0,-6.0,388.0
-50.0,-66.0,-6.0,388.0
-46.0,-66.0,-6.0,388.0
-42.0,-66.0,-6.0,36.0
-40.0,-66.0,-6.0,36.0
-28.0,-66.0,-6.0,123.0
-26.0,-66.0,-6.0,123.0
-24.0,-66.0,-6.0,123.0
-22.0,-66.0,-6.0,123.0
-20.0,-66.0,-6.0,272.0
-18.0,-66.0,-6.0,272.0
-16.0,-66.0,-6.0,272.0
-14.0,-66.0,-6.0,272.0
-12.0,-66.0,-6.0,450.0
-10.0,-66.0,-6.0,450.0
-8.0,-66.0,-6.0,450.0
6.0,-66.0,-6.0,362.0
8.0,-66.0,-6.0,362.0
10.0,-66.0,-6.0,362.0
12.0,-66.0,-6.0,362.0
14.0,-66.0,-6.0,431.0
16.0,-66.0,-6.0,431.0
18.0,-66.0,-6.0,431.0
20.0,-66.0,-6.0,431.0
22.0,-66.0,-6.0,357.0
24.0,-66.0,-6.0,357.0
26.0,-66.0,-6.0,357.0
34.0,-66.0,-6.0,587.0
36.0,-66.0,-6.0,587.0
38.0,-66.0,-6.0,587.0
40.0,-66.0,-6.0,587.0
42.0,-66.0,-6.0,373.0
44.0,-66.0,-6.0,373.0
46.0,-66.0,-6.0,373.0
48.0,-66.0,-6.0,373.0
50.0,-66.0,-6.0,373.0
52.0,-66.0,-6.0,373.0
54.0,-66.0,-6.0,373.0
56.0,-66.0,-6.0,373.0
58.0,-66.0,-6.0,11.0
60.0,-66.0,-6.0,11.0
-60.0,-64.0,-6.0,388.0
-58.0,-64.0,-6.0,388.0
-56.0,-64.0,-6.0,388.0
-54.0,-64.0,-6.0,388.0
-52.0,-64.0,-6.0,388.0
-50.0,-64.0,-6.0,388.0
-48.0,-64.0,-6.0,388.0
-30.0,-64.0,-6.0,123.0
-28.0,-64.0,-6.0,123.0
-26.0,-64.0,-6.0,123.0
-24.0,-64.0,-6.0,123.0
-22.0,-64.0,-6.0,123.0
-20.0,-64.0,-6.0,272.0
-18.0,-64.0,-6.0,272.0
-16.0,-64.0,-6.0,272.0
-14.0,-64.0,-6.0,272.0
-12.0,-64.0,-6.0,371.0
-10.0,-64.0,-6.0,450.0
8.0,-64.0,-6.0,362.0
10.0,-64.0,-6.0,362.0
12.0,-64.0,-6.0,431.0
14.0,-64.0,-6.0,431.0
16.0,-64.0,-6.0,431.0
18.0,-64.0,-6.0,431.0
20.0,-64.0,-6.0,431.0
22.0,-64.0,-6.0,357.0
24.0,-64.0,-6.0,357.0
26.0,-64.0,-6.0,357.0
38.0,-64.0,-6.0,587.0
40.0,-64.0,-6.0,373.0
42.0,-64.0,-6.0,373.0
44.0,-64.0,-6.0,373.0
46.0,-64.0,-6.0,373.0
48.0,-64.0,-6.0,373.0
50.0,-64.0,-6.0,373.0
52.0,-64.0,-6.0,373.0
54.0,-64.0,-6.0,373.0
56.0,-64.0,-6.0,11.0
58.0,-64.0,-6.0,11.0
60.0,-64.0,-6.0,11.0
-62.0,-62.0,-6.0,388.0
-60.0,-62.0,-6.0,388.0
-58.0,-62.0,-6.0,388.0
-56.0,-62.0,-6.0,388.0
-54.0,-62.0,-6.0,388.0
-52.0,-62.0,-6.0,388.0
-50.0,-62.0,-6.0,388.0
-48.0,-62.0,-6.0,388.0
-46.0,-62.0,-6.0,388.0
-44.0,-62.0,-6.0,79.0
-30.0,-62.0,-6.0,123.0
-28.0,-62.0,-6.0,123.0
-26.0,-62.0,-6.0,123.0
-24.0,-62.0,-6.0,547.0
-22.0,-62.0,-6.0,547.0
-20.0,-62.0,-6.0,547.0
-18.0,-62.0,-6.0,371.0
-16.0,-62.0,-6.0,371.0
-14.0,-62.0,-6.0,371.0
-12.0,-62.0,-6.0,371.0
-10.0,-62.0,-6.0,371.0
10.0,-62.0,-6.0,362.0
12.0,-62.0,-6.0,431.0
14.0,-62.0,-6.0,431.0
16.0,-62.0,-6.0,431.0
18.0,-62.0,-6.0,431.0
20.0,-62.0,-6.0,431.0
22.0,-62.0,-6.0,357.0
24.0,-62.0,-6.0,357.0
26.0,-62.0,-6.0,357.0
38.0,-62.0,-6.0,373.0
40.0,-62.0,-6.0,373.0
42.0,-62.0,-6.0,373.0
44.0,-62.0,-6.0,373.0
46.0,-62.0,-6.0,373.0
48.0,-62.0,-6.0,373.0
50.0,-62.0,-6.0,373.0
52.0,-62.0,-6.0,373.0
54.0,-62.0,-6.0,373.0
56.0,-62.0,-6.0,11.0
58.0,-62.0,-6.0,11.0
60.0,-62.0,-6.0,11.0
62.0,-62.0,-6.0,11.0
-62.0,-60.0,-6.0,388.0
-60.0,-60.0,-6.0,388.0
-58.0,-60.0,-6.0,388.0
-56.0,-60.0,-6.0,388.0
-54.0,-60.0,-6.0,388.0
-52.0,-60.0,-6.0,388.0
-50.0,-60.0,-6.0,388.0
-48.0,-60.0,-6.0,388.0
-46.0,-60.0,-6.0,79.0
-44.0,-60.0,-6.0,79.0
-42.0,-60.0,-6.0,79.0
-30.0,-60.0,-6.0,123.0
-28.0,-60.0,-6.0,123.0
-26.0,-60.0,-6.0,547.0
-24.0,-60.0,-6.0,547.0
-22.0,-60.0,-6.0,547.0
-20.0,-60.0,-6.0,547.0
-18.0,-60.0,-6.0,371.0
-16.0,-60.0,-6.0,371.0
-14.0,-60.0,-6.0,371.0
-12.0,-60.0,-6.0,371.0
-10.0,-60.0,-6.0,371.0
10.0,-60.0,-6.0,303.0
12.0,-60.0,-6.0,303.0
14.0,-60.0,-6.0,303.0
16.0,-60.0,-6.0,303.0
18.0,-60.0,-6.0,303.0
20.0,-60.0,-6.0,303.0
22.0,-60.0,-6.0,357.0
24.0,-60.0,-6.0,357.0
26.0,-60.0,-6.0,357.0
40.0,-60.0,-6.0,373.0
42.0,-60.0,-6.0,373.0
44.0,-60.0,-6.0,373.0
46.0,-60.0,-6.0,373.0
48.0,-60.0,-6.0,373.0
50.0,-60.0,-6.0,373.0
52.0,-60.0,-6.0,373.0
54.0,-60.0,-6.0,373.0
56.0,-60.0,-6.0,11.0
58.0,-60.0,-6.0,11.0
60.0,-60.0,-6.0,11.0
62.0,-60.0,-6.0,11.0
-64.0,-58.0,-6.0,225.0
-62.0,-58.0,-6.0,225.0
-60.0,-58.0,-6.0,225.0
-58.0,-58.0,-6.0,225.0
-56.0,-58.0,-6.0,225.0
-54.0,-58.0,-6.0,225.0
-52.0,-58.0,-6.0,225.0
-50.0,-58.0,-6.0,79.0
-48.0,-58.0,-6.0,79.0
-46.0,-58.0,-6.0,79.0
-44.0,-58.0,-6.0,79.0
-42.0,-58.0,-6.0,79.0
-28.0,-58.0,-6.0,547.0
-26.0,-58.0,-6.0,547.0
-24.0,-58.0,-6.0,547.0
-22.0,-58.0,-6.0,547.0
-20.0,-58.0,-6.0,547.0
-18.0,-58.0,-6.0,371.0
-16.0,-58.0,-6.0,371.0
-14.0,-58.0,-6.0,371.0
-12.0,-58.0,-6.0,371.0
-10.0,-58.0,-6.0,371.0
10.0,-58.0,-6.0,303.0
12.0,-58.0,-6.0,303.0
14.0,-58.0,-6.0,303.0
16.0,-58.0,-6.0,303.0
18.0,-58.0,-6.0,451.0
20.0,-58.0,-6.0,451.0
22.0,-58.0,-6.0,451.0
24.0,-58.0,-6.0,451.0
26.0,-58.0,-6.0,451.0
42.0,-58.0,-6.0,373.0
44.0,-58.0,-6.0,373.0
48.0,-58.0,-6.0,373.0
50.0,-58.0,-6.0,373.0
52.0,-58.0,-6.0,373.0
54.0,-58.0,-6.0,11.0
56.0,-58.0,-6.0,11.0
58.0,-58.0,-6.0,11.0
60.0,-58.0,-6.0,11.0
62.0,-58.0,-6.0,11.0
64.0,-58.0,-6.0,11.0
-64.0,-56.0,-6.0,225.0
-62.0,-56.0,-6.0,225.0
-60.0,-56.0,-6.0,225.0
-58.0,-56.0,-6.0,225.0
-56.0,-56.0,-6.0,225.0
-54.0,-56.0,-6.0,225.0
-52.0,-56.0,-6.0,225.0
-50.0,-56.0,-6.0,79.0
-48.0,-56.0,-6.0,79.0
-46.0,-56.0,-6.0,79.0
-44.0,-56.0,-6.0,79.0
-42.0,-56.0,-6.0,79.0
-28.0,-56.0,-6.0,547.0
-26.0,-56.0,-6.0,547.0
-24.0,-56.0,-6.0,547.0
-22.0,-56.0,-6.0,547.0
-20.0,-56.0,-6.0,371.0
-18.0,-56.0,-6.0,371.0
-16.0,-56.0,-6.0,371.0
-14.0,-56.0,-6.0,371.0
-12.0,-56.0,-6.0,371.0
12.0,-56.0,-6.0,513.0
14.0,-56.0,-6.0,451.0
16.0,-56.0,-6.0,451.0
18.0,-56.0,-6.0,451.0
20.0,-56.0,-6.0,451.0
22.0,-56.0,-6.0,451.0
24.0,-56.0,-6.0,451.0
26.0,-56.0,-6.0,451.0
48.0,-56.0,-6.0,373.0
50.0,-56.0,-6.0,373.0
52.0,-56.0,-6.0,373.0
54.0,-56.0,-6.0,11.0
56.0,-56.0,-6.0,11.0
58.0,-56.0,-6.0,11.0
60.0,-56.0,-6.0,11.0
62.0,-56.0,-6.0,11.0
64.0,-56.0,-6.0,11.0
-66.0,-54.0,-6.0,535.0
-64.0,-54.0,-6.0,535.0
-62.0,-54.0,-6.0,137.0
-60.0,-54.0,-6.0,137.0
-58.0,-54.0,-6.0,137.0
-56.0,-54.0,-6.0,137.0
-54.0,-54.0,-6.0,137.0
-52.0,-54.0,-6.0,79.0
-50.0,-54.0,-6.0,79.0
-48.0,-54.0,-6.0,79.0
-46.0,-54.0,-6.0,79.0
-44.0,-54.0,-6.0,79.0
-28.0,-54.0,-6.0,547.0
-26.0,-54.0,-6.0,547.0
-24.0,-54.0,-6.0,547.0
-22.0,-54.0,-6.0,547.0
-20.0,-54.0,-6.0,371.0
-18.0,-54.0,-6.0,371.0
-16.0,-54.0,-6.0,371.0
-14.0,-54.0,-6.0,371.0
-12.0,-54.0,-6.0,371.0
12.0,-54.0,-6.0,513.0
14.0,-54.0,-6.0,513.0
16.0,-54.0,-6.0,513.0
18.0,-54.0,-6.0,513.0
20.0,-54.0,-6.0,451.0
22.0,-54.0,-6.0,451.0
24.0,-54.0,-6.0,451.0
26.0,-54.0,-6.0,451.0
48.0,-54.0,-6.0,373.0
50.0,-54.0,-6.0,581.0
52.0,-54.0,-6.0,581.0
54.0,-54.0,-6.0,581.0
56.0,-54.0,-6.0,11.0
58.0,-54.0,-6.0,11.0
60.0,-54.0,-6.0,11.0
62.0,-54.0,-6.0,11.0
64.0,-54.0,-6.0,11.0
-66.0,-52.0,-6.0,535.0
-64.0,-52.0,-6.0,535.0
-62.0,-52.0,-6.0,535.0
-60.0,-52.0,-6.0,137.0
-58.0,-52.0,-6.0,137.0
-56.0,-52.0,-6.0,137.0
-54.0,-52.0,-6.0,137.0
-52.0,-52.0,-6.0,137.0
-50.0,-52.0,-6.0,79.0
-48.0,-52.0,-6.0,79.0
-46.0,-52.0,-6.0,79.0
-44.0,-52.0,-6.0,79.0
-28.0,-52.0,-6.0,547.0
-26.0,-52.0,-6.0,547.0
-24.0,-52.0,-6.0,547.0
-22.0,-52.0,-6.0,547.0
-20.0,-52.0,-6.0,371.0
-18.0,-52.0,-6.0,371.0
-16.0,-52.0,-6.0,371.0
-14.0,-52.0,-6.0,371.0
-12.0,-52.0,-6.0,371.0
12.0,-52.0,-6.0,513.0
14.0,-52.0,-6.0,513.0
16.0,-52.0,-6.0,513.0
18.0,-52.0,-6.0,513.0
20.0,-52.0,-6.0,513.0
22.0,-52.0,-6.0,513.0
24.0,-52.0,-6.0,513.0
26.0,-52.0,-6.0,451.0
46.0,-52.0,-6.0,581.0
48.0,-52.0,-6.0,581.0
50.0,-52.0,-6.0,581.0
52.0,-52.0,-6.0,581.0
54.0,-52.0,-6.0,581.0
56.0,-52.0,-6.0,581.0
58.0,-52.0,-6.0,11.0
60.0,-52.0,-6.0,11.0
62.0,-52.0,-6.0,11.0
64.0,-52.0,-6.0,11.0
66.0,-52.0,-6.0,11.0
-68.0,-50.0,-6.0,535.0
-66.0,-50.0,-6.0,535.0
-64.0,-50.0,-6.0,535.0
-62.0,-50.0,-6.0,535.0
-60.0,-50.0,-6.0,137.0
-58.0,-50.0,-6.0,137.0
-56.0,-50.0,-6.0,137.0
-54.0,-50.0,-6.0,137.0
-52.0,-50.0,-6.0,137.0
-50.0,-50.0,-6.0,137.0
-48.0,-50.0,-6.0,79.0
-46.0,-50.0,-6.0,79.0
-30.0,-50.0,-6.0,547.0
-28.0,-50.0,-6.0,547.0
-26.0,-50.0,-6.0,547.0
-24.0,-50.0,-6.0,547.0
-22.0,-50.0,-6.0,371.0
-20.0,-50.0,-6.0,371.0
-18.0,-50.0,-6.0,371.0
-16.0,-50.0,-6.0,371.0
-14.0,-50.0,-6.0,371.0
-12.0,-50.0,-6.0,371.0
12.0,-50.0,-6.0,513.0
14.0,-50.0,-6.0,513.0
16.0,-50.0,-6.0,513.0
18.0,-50.0,-6.0,513.0
20.0,-50.0,-6.0,513.0
22.0,-50.0,-6.0,513.0
24.0,-50.0,-6.0,513.0
46.0,-50.0,-6.0,581.0
48.0,-50.0,-6.0,581.0
50.0,-50.0,-6.0,581.0
52.0,-50.0,-6.0,581.0
54.0,-50.0,-6.0,581.0
56.0,-50.0,-6.0,581.0
58.0,-50.0,-6.0,581.0
60.0,-50.0,-6.0,11.0
62.0,-50.0,-6.0,11.0
64.0,-50.0,-6.0,11.0
66.0,-50.0,-6.0,11.0
-68.0,-48.0,-6.0,535.0
-66.0,-48.0,-6.0,535.0
-64.0,-48.0,-6.0,535.0
-62.0,-48.0,-6.0,535.0
-60.0,-48.0,-6.0,535.0
-58.0,-48.0,-6.0,137.0
-56.0,-48.0,-6.0,137.0
-54.0,-48.0,-6.0,137.0
-52.0,-48.0,-6.0,137.0
-50.0,-48.0,-6.0,137.0
-48.0,-48.0,-6.0,137.0
-46.0,-48.0,-6.0,79.0
-30.0,-48.0,-6.0,547.0
-28.0,-48.0,-6.0,547.0
-26.0,-48.0,-6.0,547.0
-24.0,-48.0,-6.0,547.0
-22.0,-48.0,-6.0,371.0
-20.0,-48.0,-6.0,371.0
-18.0,-48.0,-6.0,371.0
-16.0,-48.0,-6.0,371.0
-14.0,-48.0,-6.0,371.0
-12.0,-48.0,-6.0,371.0
12.0,-48.0,-6.0,513.0
14.0,-48.0,-6.0,513.0
16.0,-48.0,-6.0,513.0
18.0,-48.0,-6.0,513.0
20.0,-48.0,-6.0,513.0
22.0,-48.0,-6.0,513.0
24.0,-48.0,-6.0,513.0
48.0,-48.0,-6.0,581.0
50.0,-48.0,-6.0,581.0
52.0,-48.0,-6.0,581.0
54.0,-48.0,-6.0,581.0
56.0,-48.0,-6.0,581.0
58.0,-48.0,-6.0,581.0
60.0,-48.0,-6.0,581.0
62.0,-48.0,-6.0,11.0
64.0,-48.0,-6.0,11.0
66.0,-48.0,-6.0,11.0
-68.0,-46.0,-6.0,535.0
-66.0,-46.0,-6.0,535.0
-64.0,-46.0,-6.0,535.0
-62.0,-46.0,-6.0,535.0
-60.0,-46.0,-6.0,535.0
-58.0,-46.0,-6.0,535.0
-56.0,-46.0,-6.0,137.0
-54.0,-46.0,-6.0,137.0
-52.0,-46.0,-6.0,137.0
-50.0,-46.0,-6.0,137.0
-28.0,-46.0,-6.0,547.0
-26.0,-46.0,-6.0,547.0
-24.0,-46.0,-6.0,547.0
-22.0,-46.0,-6.0,371.0
-20.0,-46.0,-6.0,371.0
-18.0,-46.0,-6.0,371.0
-16.0,-46.0,-6.0,371.0
-14.0,-46.0,-6.0,371.0
12.0,-46.0,-6.0,513.0
14.0,-46.0,-6.0,513.0
16.0,-46.0,-6.0,513.0
18.0,-46.0,-6.0,513.0
20.0,-46.0,-6.0,513.0
22.0,-46.0,-6.0,513.0
24.0,-46.0,-6.0,513.0
50.0,-46.0,-6.0,581.0
52.0,-46.0,-6.0,581.0
54.0,-46.0,-6.0,581.0
56.0,-46.0,-6.0,581.0
58.0,-46.0,-6.0,581.0
60.0,-46.0,-6.0,581.0
62.0,-46.0,-6.0,11.0
64.0,-46.0,-6.0,11.0
66.0,-46.0,-6.0,11.0
68.0,-46.0,-6.0,11.0
-70.0,-44.0,-6.0,535.0
-68.0,-44.0,-6.0,535.0
-66.0,-44.0,-6.0,535.0
-64.0,-44.0,-6.0,535.0
-62.0,-44.0,-6.0,535.0
-60.0,-44.0,-6.0,535.0
-58.0,-44.0,-6.0,535.0
-56.0,-44.0,-6.0,137.0
-54.0,-44.0,-6.0,137.0
-28.0,-44.0,-6.0,547.0
-26.0,-44.0,-6.0,47.0
-24.0,-44.0,-6.0,47.0
-22.0,-44.0,-6.0,371.0
-20.0,-44.0,-6.0,371.0
-18.0,-44.0,-6.0,371.0
-16.0,-44.0,-6.0,371.0
-14.0,-44.0,-6.0,371.0
14.0,-44.0,-6.0,513.0
16.0,-44.0,-6.0,513.0
18.0,-44.0,-6.0,513.0
50.0,-44.0,-6.0,581.0
52.0,-44.0,-6.0,581.0
54.0,-44.0,-6.0,581.0
56.0,-44.0,-6.0,581.0
58.0,-44.0,-6.0,581.0
60.0,-44.0,-6.0,581.0
62.0,-44.0,-6.0,581.0
64.0,-44.0,-6.0,11.0
66.0,-44.0,-6.0,11.0
68.0,-44.0,-6.0,11.0
-70.0,-42.0,-6.0,535.0
-68.0,-42.0,-6.0,535.0
-66.0,-42.0,-6.0,535.0
-64.0,-42.0,-6.0,535.0
-62.0,-42.0,-6.0,535.0
-60.0,-42.0,-6.0,535.0
-58.0,-42.0,-6.0,535.0
-56.0,-42.0,-6.0,535.0
-54.0,-42.0,-6.0,137.0
-28.0,-42.0,-6.0,492.0
-26.0,-42.0,-6.0,492.0
-24.0,-42.0,-6.0,492.0
-22.0,-42.0,-6.0,47.0
-20.0,-42.0,-6.0,371.0
-18.0,-42.0,-6.0,371.0
-16.0,-42.0,-6.0,371.0
-14.0,-42.0,-6.0,371.0
14.0,-42.0,-6.0,513.0
16.0,-42.0,-6.0,513.0
18.0,-42.0,-6.0,513.0
52.0,-42.0,-6.0,581.0
54.0,-42.0,-6.0,581.0
56.0,-42.0,-6.0,581.0
58.0,-42.0,-6.0,581.0
60.0,-42.0,-6.0,581.0
62.0,-42.0,-6.0,581.0
64.0,-42.0,-6.0,133.0
66.0,-42.0,-6.0,11.0
68.0,-42.0,-6.0,11.0
-70.0,-40.0,-6.0,535.0
-68.0,-40.0,-6.0,535.0
-66.0,-40.0,-6.0,535.0
-64.0,-40.0,-6.0,535.0
-62.0,-40.0,-6.0,535.0
-60.0,-40.0,-6.0,535.0
-58.0,-40.0,-6.0,535.0
-56.0,-40.0,-6.0,535.0
-54.0,-40.0,-6.0,137.0
-20.0,-40.0,-6.0,492.0
-18.0,-40.0,-6.0,371.0
12.0,-40.0,-6.0,513.0
14.0,-40.0,-6.0,513.0
16.0,-40.0,-6.0,513.0
18.0,-40.0,-6.0,513.0
54.0,-40.0,-6.0,581.0
56.0,-40.0,-6.0,581.0
58.0,-40.0,-6.0,581.0
60.0,-40.0,-6.0,133.0
62.0,-40.0,-6.0,133.0
64.0,-40.0,-6.0,133.0
66.0,-40.0,-6.0,133.0
68.0,-40.0,-6.0,133.0
70.0,-40.0,-6.0,184.0
-70.0,-38.0,-6.0,535.0
-68.0,-38.0,-6.0,535.0
-66.0,-38.0,-6.0,535.0
-64.0,-38.0,-6.0,535.0
-62.0,-38.0,-6.0,535.0
-60.0,-38.0,-6.0,535.0
-58.0,-38.0,-6.0,535.0
-56.0,-38.0,-6.0,535.0
-54.0,-38.0,-6.0,535.0
12.0,-38.0,-6.0,513.0
14.0,-38.0,-6.0,513.0
16.0,-38.0,-6.0,513.0
50.0,-38.0,-6.0,581.0
52.0,-38.0,-6.0,581.0
54.0,-38.0,-6.0,133.0
56.0,-38.0,-6.0,133.0
58.0,-38.0,-6.0,133.0
60.0,-38.0,-6.0,133.0
62.0,-38.0,-6.0,133.0
64.0,-38.0,-6.0,133.0
66.0,-38.0,-6.0,184.0
68.0,-38.0,-6.0,184.0
70.0,-38.0,-6.0,184.0
-70.0,-36.0,-6.0,535.0
-68.0,-36.0,-6.0,535.0
-66.0,-36.0,-6.0,535.0
-64.0,-36.0,-6.0,535.0
-62.0,-36.0,-6.0,535.0
-60.0,-36.0,-6.0,535.0
-58.0,-36.0,-6.0,38.0
-56.0,-36.0,-6.0,38.0
-54.0,-36.0,-6.0,59.0
14.0,-36.0,-6.0,513.0
16.0,-36.0,-6.0,513.0
48.0,-36.0,-6.0,273.0
50.0,-36.0,-6.0,133.0
52.0,-36.0,-6.0,133.0
54.0,-36.0,-6.0,133.0
56.0,-36.0,-6.0,133.0
58.0,-36.0,-6.0,133.0
60.0,-36.0,-6.0,133.0
62.0,-36.0,-6.0,133.0
64.0,-36.0,-6.0,184.0
66.0,-36.0,-6.0,184.0
68.0,-36.0,-6.0,184.0
70.0,-36.0,-6.0,184.0
-70.0,-34.0,-6.0,38.0
-68.0,-34.0,-6.0,38.0
-66.0,-34.0,-6.0,38.0
-64.0,-34.0,-6.0,38.0
-62.0,-34.0,-6.0,38.0
-60.0,-34.0,-6.0,38.0
-58.0,-34.0,-6.0,38.0
-56.0,-34.0,-6.0,38.0
-54.0,-34.0,-6.0,38.0
-52.0,-34.0,-6.0,59.0
-50.0,-34.0,-6.0,59.0
14.0,-34.0,-6.0,513.0
16.0,-34.0,-6.0,513.0
48.0,-34.0,-6.0,526.0
50.0,-34.0,-6.0,436.0
52.0,-34.0,-6.0,436.0
54.0,-34.0,-6.0,436.0
56.0,-34.0,-6.0,436.0
58.0,-34.0,-6.0,436.0
60.0,-34.0,-6.0,436.0
62.0,-34.0,-6.0,184.0
64.0,-34.0,-6.0,184.0
66.0,-34.0,-6.0,184.0
68.0,-34.0,-6.0,184.0
70.0,-34.0,-6.0,184.0
-70.0,-32.0,-6.0,38.0
-68.0,-32.0,-6.0,38.0
-66.0,-32.0,-6.0,38.0
-64.0,-32.0,-6.0,38.0
-62.0,-32.0,-6.0,38.0
-60.0,-32.0,-6.0,38.0
-58.0,-32.0,-6.0,38.0
-56.0,-32.0,-6.0,38.0
-54.0,-32.0,-6.0,38.0
-52.0,-32.0,-6.0,59.0
-50.0,-32.0,-6.0,59.0
48.0,-32.0,-6.0,321.0
50.0,-32.0,-6.0,436.0
52.0,-32.0,-6.0,436.0
54.0,-32.0,-6.0,436.0
56.0,-32.0,-6.0,436.0
58.0,-32.0,-6.0,436.0
60.0,-32.0,-6.0,436.0
62.0,-32.0,-6.0,184.0
64.0,-32.0,-6.0,184.0
66.0,-32.0,-6.0,184.0
68.0,-32.0,-6.0,184.0
-72.0,-30.0,-6.0,529.0
-70.0,-30.0,-6.0,529.0
-68.0,-30.0,-6.0,529.0
-66.0,-30.0,-6.0,529.0
-64.0,-30.0,-6.0,529.0
-62.0,-30.0,-6.0,529.0
-60.0,-30.0,-6.0,529.0
-58.0,-30.0,-6.0,529.0
-56.0,-30.0,-6.0,529.0
-54.0,-30.0,-6.0,529.0
-52.0,-30.0,-6.0,59.0
-50.0,-30.0,-6.0,59.0
-48.0,-30.0,-6.0,59.0
48.0,-30.0,-6.0,321.0
50.0,-30.0,-6.0,321.0
52.0,-30.0,-6.0,436.0
54.0,-30.0,-6.0,436.0
56.0,-30.0,-6.0,436.0
58.0,-30.0,-6.0,436.0
60.0,-30.0,-6.0,436.0
62.0,-30.0,-6.0,184.0
64.0,-30.0,-6.0,184.0
66.0,-30.0,-6.0,184.0
68.0,-30.0,-6.0,184.0
70.0,-30.0,-6.0,184.0
-70.0,-28.0,-6.0,529.0
-68.0,-28.0,-6.0,529.0
-66.0,-28.0,-6.0,529.0
-64.0,-28.0,-6.0,529.0
-62.0,-28.0,-6.0,529.0
-60.0,-28.0,-6.0,529.0
-58.0,-28.0,-6.0,529.0
-56.0,-28.0,-6.0,529.0
-54.0,-28.0,-6.0,529.0
-52.0,-28.0,-6.0,529.0
-50.0,-28.0,-6.0,59.0
-48.0,-28.0,-6.0,59.0
-46.0,-28.0,-6.0,59.0
50.0,-28.0,-6.0,321.0
52.0,-28.0,-6.0,436.0
54.0,-28.0,-6.0,436.0
56.0,-28.0,-6.0,436.0
58.0,-28.0,-6.0,436.0
60.0,-28.0,-6.0,436.0
62.0,-28.0,-6.0,184.0
64.0,-28.0,-6.0,184.0
66.0,-28.0,-6.0,184.0
68.0,-28.0,-6.0,184.0
70.0,-28.0,-6.0,184.0
-70.0,-26.0,-6.0,529.0
-68.0,-26.0,-6.0,529.0
-66.0,-26.0,-6.0,529.0
-64.0,-26.0,-6.0,529.0
-62.0,-26.0,-6.0,529.0
-60.0,-26.0,-6.0,529.0
-58.0,-26.0,-6.0,529.0
-56.0,-26.0,-6.0,529.0
-54.0,-26.0,-6.0,529.0
-52.0,-26.0,-6.0,529.0
-50.0,-26.0,-6.0,59.0
-48.0,-26.0,-6.0,59.0
-46.0,-26.0,-6.0,131.0
-44.0,-26.0,-6.0,490.0
48.0,-26.0,-6.0,321.0
50.0,-26.0,-6.0,321.0
52.0,-26.0,-6.0,321.0
54.0,-26.0,-6.0,436.0
56.0,-26.0,-6.0,436.0
58.0,-26.0,-6.0,436.0
60.0,-26.0,-6.0,436.0
62.0,-26.0,-6.0,436.0
64.0,-26.0,-6.0,184.0
66.0,-26.0,-6.0,184.0
68.0,-26.0,-6.0,184.0
-70.0,-24.0,-6.0,529.0
-68.0,-24.0,-6.0,529.0
-66.0,-24.0,-6.0,529.0
-64.0,-24.0,-6.0,529.0
-62.0,-24.0,-6.0,529.0
-60.0,-24.0,-6.0,529.0
-58.0,-24.0,-6.0,529.0
-56.0,-24.0,-6.0,529.0
-54.0,-24.0,-6.0,529.0
-52.0,-24.0,-6.0,529.0
-50.0,-24.0,-6.0,131.0
-48.0,-24.0,-6.0,131.0
-46.0,-24.0,-6.0,131.0
-44.0,-24.0,-6.0,490.0
46.0,-24.0,-6.0,321.0
48.0,-24.0,-6.0,321.0
50.0,-24.0,-6.0,321.0
52.0,-24.0,-6.0,321.0
54.0,-24.0,-6.0,321.0
56.0,-24.0,-6.0,436.0
58.0,-24.0,-6.0,436.0
60.0,-24.0,-6.0,436.0
62.0,-24.0,-6.0,436.0
64.0,-24.0,-6.0,184.0
66.0,-24.0,-6.0,184.0
68.0,-24.0,-6.0,184.0
-70.0,-22.0,-6.0,417.0
-68.0,-22.0,-6.0,417.0
-66.0,-22.0,-6.0,529.0
-64.0,-22.0,-6.0,529.0
-62.0,-22.0,-6.0,529.0
-60.0,-22.0,-6.0,529.0
-58.0,-22.0,-6.0,529.0
-56.0,-22.0,-6.0,529.0
-54.0,-22.0,-6.0,529.0
-52.0,-22.0,-6.0,529.0
-50.0,-22.0,-6.0,131.0
-48.0,-22.0,-6.0,131.0
-46.0,-22.0,-6.0,131.0
-44.0,-22.0,-6.0,490.0
46.0,-22.0,-6.0,321.0
48.0,-22.0,-6.0,321.0
50.0,-22.0,-6.0,321.0
52.0,-22.0,-6.0,321.0
54.0,-22.0,-6.0,321.0
56.0,-22.0,-6.0,436.0
58.0,-22.0,-6.0,436.0
60.0,-22.0,-6.0,70.0
62.0,-22.0,-6.0,70.0
64.0,-22.0,-6.0,70.0
66.0,-22.0,-6.0,70.0
68.0,-22.0,-6.0,70.0
-70.0,-20.0,-6.0,13.0
-68.0,-20.0,-6.0,13.0
-66.0,-20.0,-6.0,13.0
-64.0,-20.0,-6.0,13.0
-62.0,-20.0,-6.0,13.0
-60.0,-20.0,-6.0,13.0
-58.0,-20.0,-6.0,13.0
-56.0,-20.0,-6.0,13.0
-54.0,-20.0,-6.0,13.0
-52.0,-20.0,-6.0,13.0
-50.0,-20.0,-6.0,13.0
-48.0,-20.0,-6.0,131.0
-46.0,-20.0,-6.0,131.0
-44.0,-20.0,-6.0,490.0
40.0,-20.0,-6.0,457.0
42.0,-20.0,-6.0,321.0
44.0,-20.0,-6.0,321.0
46.0,-20.0,-6.0,321.0
48.0,-20.0,-6.0,321.0
50.0,-20.0,-6.0,321.0
52.0,-20.0,-6.0,321.0
54.0,-20.0,-6.0,321.0
56.0,-20.0,-6.0,418.0
58.0,-20.0,-6.0,70.0
60.0,-20.0,-6.0,70.0
62.0,-20.0,-6.0,70.0
64.0,-20.0,-6.0,70.0
66.0,-20.0,-6.0,70.0
68.0,-20.0,-6.0,70.0
-70.0,-18.0,-6.0,13.0
-68.0,-18.0,-6.0,13.0
-66.0,-18.0,-6.0,13.0
-64.0,-18.0,-6.0,13.0
-62.0,-18.0,-6.0,13.0
-60.0,-18.0,-6.0,13.0
-58.0,-18.0,-6.0,13.0
-56.0,-18.0,-6.0,13.0
-54.0,-18.0,-6.0,13.0
-52.0,-18.0,-6.0,13.0
-50.0,-18.0,-6.0,94.0
-48.0,-18.0,-6.0,94.0
-46.0,-18.0,-6.0,94.0
-44.0,-18.0,-6.0,490.0
38.0,-18.0,-6.0,457.0
40.0,-18.0,-6.0,457.0
42.0,-18.0,-6.0,321.0
44.0,-18.0,-6.0,321.0
46.0,-18.0,-6.0,321.0
48.0,-18.0,-6.0,321.0
50.0,-18.0,-6.0,321.0
52.0,-18.0,-6.0,321.0
54.0,-18.0,-6.0,418.0
56.0,-18.0,-6.0,418.0
58.0,-18.0,-6.0,70.0
60.0,-18.0,-6.0,70.0
62.0,-18.0,-6.0,70.0
64.0,-18.0,-6.0,70.0
66.0,-18.0,-6.0,70.0
68.0,-18.0,-6.0,70.0
-70.0,-16.0,-6.0,13.0
-68.0,-16.0,-6.0,13.0
-66.0,-16.0,-6.0,13.0
-64.0,-16.0,-6.0,13.0
-62.0,-16.0,-6.0,13.0
-60.0,-16.0,-6.0,13.0
-58.0,-16.0,-6.0,13.0
-56.0,-16.0,-6.0,13.0
-54.0,-16.0,-6.0,13.0
-52.0,-16.0,-6.0,564.0
-50.0,-16.0,-6.0,94.0
-48.0,-16.0,-6.0,94.0
-46.0,-16.0,-6.0,94.0
-44.0,-16.0,-6.0,94.0
38.0,-16.0,-6.0,457.0
40.0,-16.0,-6.0,457.0
42.0,-16.0,-6.0,457.0
44.0,-16.0,-6.0,321.0
46.0,-16.0,-6.0,321.0
48.0,-16.0,-6.0,321.0
50.0,-16.0,-6.0,321.0
52.0,-16.0,-6.0,418.0
54.0,-16.0,-6.0,418.0
56.0,-16.0,-6.0,70.0
58.0,-16.0,-6.0,70.0
60.0,-16.0,-6.0,70.0
62.0,-16.0,-6.0,70.0
64.0,-16.0,-6.0,70.0
66.0,-16.0,-6.0,70.0
68.0,-16.0,-6.0,70.0
-68.0,-14.0,-6.0,13.0
-66.0,-14.0,-6.0,13.0
-64.0,-14.0,-6.0,13.0
-62.0,-14.0,-6.0,13.0
-60.0,-14.0,-6.0,13.0
-58.0,-14.0,-6.0,13.0
-56.0,-14.0,-6.0,13.0
-54.0,-14.0,-6.0,564.0
-52.0,-14.0,-6.0,564.0
-50.0,-14.0,-6.0,94.0
-48.0,-14.0,-6.0,94.0
-46.0,-14.0,-6.0,94.0
-44.0,-14.0,-6.0,94.0
40.0,-14.0,-6.0,457.0
42.0,-14.0,-6.0,457.0
44.0,-14.0,-6.0,457.0
46.0,-14.0,-6.0,321.0
48.0,-14.0,-6.0,321.0
50.0,-14.0,-6.0,321.0
52.0,-14.0,-6.0,418.0
54.0,-14.0,-6.0,418.0
56.0,-14.0,-6.0,70.0
58.0,-14.0,-6.0,70.0
60.0,-14.0,-6.0,70.0
62.0,-14.0,-6.0,70.0
64.0,-14.0,-6.0,70.0
66.0,-14.0,-6.0,70.0
-68.0,-12.0,-6.0,13.0
-66.0,-12.0,-6.0,13.0
-64.0,-12.0,-6.0,13.0
-62.0,-12.0,-6.0,13.0
-60.0,-12.0,-6.0,13.0
-58.0,-12.0,-6.0,13.0
-56.0,-12.0,-6.0,564.0
-54.0,-12.0,-6.0,564.0
-52.0,-12.0,-6.0,564.0
-50.0,-12.0,-6.0,94.0
-48.0,-12.0,-6.0,94.0
-46.0,-12.0,-6.0,94.0
-44.0,-12.0,-6.0,94.0
-42.0,-12.0,-6.0,94.0
-32.0,-12.0,-6.0,198.0
28.0,-12.0,-6.0,457.0
30.0,-12.0,-6.0,457.0
38.0,-12.0,-6.0,457.0
40.0,-12.0,-6.0,457.0
42.0,-12.0,-6.0,457.0
44.0,-12.0,-6.0,457.0
46.0,-12.0,-6.0,321.0
48.0,-12.0,-6.0,321.0
50.0,-12.0,-6.0,418.0
52.0,-12.0,-6.0,418.0
54.0,-12.0,-6.0,418.0
56.0,-12.0,-6.0,70.0
58.0,-12.0,-6.0,70.0
60.0,-12.0,-6.0,70.0
62.0,-12.0,-6.0,70.0
64.0,-12.0,-6.0,70.0
66.0,-12.0,-6.0,70.0
-68.0,-10.0,-6.0,13.0
-66.0,-10.0,-6.0,13.0
-64.0,-10.0,-6.0,13.0
-62.0,-10.0,-6.0,13.0
-60.0,-10.0,-6.0,564.0
-58.0,-10.0,-6.0,564.0
-56.0,-10.0,-6.0,564.0
-54.0,-10.0,-6.0,564.0
-52.0,-10.0,-6.0,564.0
-50.0,-10.0,-6.0,94.0
-48.0,-10.0,-6.0,94.0
-46.0,-10.0,-6.0,94.0
-44.0,-10.0,-6.0,94.0
-42.0,-10.0,-6.0,94.0
-32.0,-10.0,-6.0,198.0
-30.0,-10.0,-6.0,198.0
28.0,-10.0,-6.0,457.0
30.0,-10.0,-6.0,457.0
32.0,-10.0,-6.0,457.0
38.0,-10.0,-6.0,457.0
40.0,-10.0,-6.0,457.0
42.0,-10.0,-6.0,457.0
44.0,-10.0,-6.0,457.0
46.0,-10.0,-6.0,457.0
48.0,-10.0,-6.0,418.0
50.0,-10.0,-6.0,418.0
52.0,-10.0,-6.0,418.0
54.0,-10.0,-6.0,418.0
56.0,-10.0,-6.0,70.0
58.0,-10.0,-6.0,70.0
60.0,-10.0,-6.0,70.0
62.0,-10.0,-6.0,70.0
64.0,-10.0,-6.0,70.0
66.0,-10.0,-6.0,70.0
-68.0,-8.0,-6.0,13.0
-66.0,-8.0,-6.0,13.0
-64.0,-8.0,-6.0,13.0
-62.0,-8.0,-6.0,564.0
-60.0,-8.0,-6.0,564.0
-58.0,-8.0,-6.0,564.0
-56.0,-8.0,-6.0,564.0
-54.0,-8.0,-6.0,564.0
-52.0,-8.0,-6.0,564.0
-50.0,-8.0,-6.0,94.0
-48.0,-8.0,-6.0,94.0
-46.0,-8.0,-6.0,94.0
-44.0,-8.0,-6.0,94.0
-32.0,-8.0,-6.0,198.0
-30.0,-8.0,-6.0,198.0
28.0,-8.0,-6.0,37.0
30.0,-8.0,-6.0,457.0
32.0,-8.0,-6.0,457.0
38.0,-8.0,-6.0,457.0
40.0,-8.0,-6.0,355.0
42.0,-8.0,-6.0,355.0
46.0,-8.0,-6.0,355.0
48.0,-8.0,-6.0,355.0
50.0,-8.0,-6.0,418.0
52.0,-8.0,-6.0,418.0
54.0,-8.0,-6.0,418.0
56.0,-8.0,-6.0,70.0
58.0,-8.0,-6.0,70.0
60.0,-8.0,-6.0,70.0
62.0,-8.0,-6.0,70.0
64.0,-8.0,-6.0,70.0
-66.0,-6.0,-6.0,13.0
-64.0,-6.0,-6.0,564.0
-62.0,-6.0,-6.0,564.0
-60.0,-6.0,-6.0,564.0
-58.0,-6.0,-6.0,564.0
-56.0,-6.0,-6.0,564.0
-54.0,-6.0,-6.0,564.0
-52.0,-6.0,-6.0,564.0
-50.0,-6.0,-6.0,94.0
-48.0,-6.0,-6.0,94.0
-46.0,-6.0,-6.0,94.0
-42.0,-6.0,-6.0,179.0
-32.0,-6.0,-6.0,591.0
-30.0,-6.0,-6.0,198.0
28.0,-6.0,-6.0,37.0
30.0,-6.0,-6.0,37.0
32.0,-6.0,-6.0,37.0
38.0,-6.0,-6.0,355.0
40.0,-6.0,-6.0,355.0
42.0,-6.0,-6.0,355.0
46.0,-6.0,-6.0,355.0
48.0,-6.0,-6.0,355.0
50.0,-6.0,-6.0,355.0
52.0,-6.0,-6.0,418.0
54.0,-6.0,-6.0,70.0
56.0,-6.0,-6.0,70.0
58.0,-6.0,-6.0,70.0
60.0,-6.0,-6.0,70.0
62.0,-6.0,-6.0,70.0
64.0,-6.0,-6.0,70.0
-66.0,-4.0,-6.0,397.0
-64.0,-4.0,-6.0,564.0
-62.0,-4.0,-6.0,564.0
-60.0,-4.0,-6.0,564.0
-58.0,-4.0,-6.0,564.0
-56.0,-4.0,-6.0,564.0
-54.0,-4.0,-6.0,564.0
-52.0,-4.0,-6.0,564.0
-50.0,-4.0,-6.0,94.0
-48.0,-4.0,-6.0,94.0
-42.0,-4.0,-6.0,179.0
-40.0,-4.0,-6.0,591.0
-34.0,-4.0,-6.0,591.0
-32.0,-4.0,-6.0,591.0
-30.0,-4.0,-6.0,591.0
28.0,-4.0,-6.0,37.0
30.0,-4.0,-6.0,37.0
32.0,-4.0,-6.0,37.0
38.0,-4.0,-6.0,355.0
40.0,-4.0,-6.0,355.0
42.0,-4.0,-6.0,355.0
44.0,-4.0,-6.0,355.0
46.0,-4.0,-6.0,355.0
48.0,-4.0,-6.0,355.0
50.0,-4.0,-6.0,355.0
52.0,-4.0,-6.0,241.0
54.0,-4.0,-6.0,241.0
56.0,-4.0,-6.0,70.0
58.0,-4.0,-6.0,70.0
60.0,-4.0,-6.0,70.0
62.0,-4.0,-6.0,70.0
64.0,-4.0,-6.0,70.0
-66.0,-2.0,-6.0,397.0
-64.0,-2.0,-6.0,397.0
-62.0,-2.0,-6.0,564.0
-60.0,-2.0,-6.0,564.0
-58.0,-2.0,-6.0,564.0
-56.0,-2.0,-6.0,564.0
-54.0,-2.0,-6.0,564.0
-52.0,-2.0,-6.0,115.0
-50.0,-2.0,-6.0,115.0
-48.0,-2.0,-6.0,94.0
-44.0,-2.0,-6.0,278.0
-42.0,-2.0,-6.0,278.0
-40.0,-2.0,-6.0,591.0
-34.0,-2.0,-6.0,591.0
-32.0,-2.0,-6.0,591.0
-30.0,-2.0,-6.0,591.0
-28.0,-2.0,-6.0,591.0
26.0,-2.0,-6.0,37.0
28.0,-2.0,-6.0,37.0
30.0,-2.0,-6.0,37.0
32.0,-2.0,-6.0,37.0
38.0,-2.0,-6.0,328.0
40.0,-2.0,-6.0,355.0
42.0,-2.0,-6.0,355.0
44.0,-2.0,-6.0,355.0
46.0,-2.0,-6.0,355.0
48.0,-2.0,-6.0,355.0
50.0,-2.0,-6.0,241.0
52.0,-2.0,-6.0,241.0
54.0,-2.0,-6.0,241.0
56.0,-2.0,-6.0,241.0
58.0,-2.0,-6.0,241.0
60.0,-2.0,-6.0,70.0
62.0,-2.0,-6.0,70.0
-64.0,-0.0,-6.0,397.0
-62.0,-0.0,-6.0,397.0
-60.0,-0.0,-6.0,564.0
-58.0,-0.0,-6.0,564.0
-56.0,-0.0,-6.0,115.0
-54.0,-0.0,-6.0,115.0
-52.0,-0.0,-6.0,115.0
-50.0,-0.0,-6.0,115.0
-48.0,-0.0,-6.0,115.0
-44.0,-0.0,-6.0,278.0
-42.0,-0.0,-6.0,278.0
-40.0,-0.0,-6.0,278.0
-38.0,-0.0,-6.0,278.0
-34.0,-0.0,-6.0,591.0
-32.0,-0.0,-6.0,401.0
-30.0,-0.0,-6.0,401.0
-28.0,-0.0,-6.0,401.0
26.0,-0.0,-6.0,37.0
28.0,-0.0,-6.0,37.0
30.0,-0.0,-6.0,37.0
32.0,-0.0,-6.0,37.0
38.0,-0.0,-6.0,328.0
40.0,-0.0,-6.0,328.0
42.0,-0.0,-6.0,328.0
46.0,-0.0,-6.0,355.0
48.0,-0.0,-6.0,241.0
50.0,-0.0,-6.0,241.0
52.0,-0.0,-6.0,241.0
54.0,-0.0,-6.0,241.0
56.0,-0.0,-6.0,241.0
58.0,-0.0,-6.0,241.0
60.0,-0.0,-6.0,241.0
62.0,-0.0,-6.0,70.0
-64.0,2.0,-6.0,397.0
-62.0,2.0,-6.0,397.0
-60.0,2.0,-6.0,477.0
-58.0,2.0,-6.0,477.0
-56.0,2.0,-6.0,477.0
-54.0,2.0,-6.0,477.0
-52.0,2.0,-6.0,477.0
-50.0,2.0,-6.0,477.0
-48.0,2.0,-6.0,278.0
-44.0,2.0,-6.0,278.0
-42.0,2.0,-6.0,278.0
-40.0,2.0,-6.0,278.0
-38.0,2.0,-6.0,278.0
-34.0,2.0,-6.0,401.0
-32.0,2.0,-6.0,401.0
-30.0,2.0,-6.0,401.0
-28.0,2.0,-6.0,401.0
-26.0,2.0,-6.0,401.0
24.0,2.0,-6.0,37.0
26.0,2.0,-6.0,37.0
28.0,2.0,-6.0,37.0
30.0,2.0,-6.0,37.0
32.0,2.0,-6.0,37.0
38.0,2.0,-6.0,314.0
40.0,2.0,-6.0,328.0
42.0,2.0,-6.0,328.0
44.0,2.0,-6.0,328.0
48.0,2.0,-6.0,241.0
50.0,2.0,-6.0,241.0
52.0,2.0,-6.0,241.0
54.0,2.0,-6.0,241.0
56.0,2.0,-6.0,241.0
58.0,2.0,-6.0,241.0
60.0,2.0,-6.0,241.0
62.0,2.0,-6.0,241.0
-64.0,4.0,-6.0,397.0
-62.0,4.0,-6.0,397.0
-60.0,4.0,-6.0,477.0
-58.0,4.0,-6.0,477.0
-56.0,4.0,-6.0,477.0
-54.0,4.0,-6.0,477.0
-52.0,4.0,-6.0,477.0
-50.0,4.0,-6.0,477.0
-44.0,4.0,-6.0,278.0
-42.0,4.0,-6.0,278.0
-40.0,4.0,-6.0,278.0
-38.0,4.0,-6.0,278.0
-34.0,4.0,-6.0,401.0
-32.0,4.0,-6.0,401.0
-30.0,4.0,-6.0,401.0
-28.0,4.0,-6.0,401.0
-26.0,4.0,-6.0,401.0
22.0,4.0,-6.0,165.0
24.0,4.0,-6.0,165.0
26.0,4.0,-6.0,37.0
28.0,4.0,-6.0,37.0
30.0,4.0,-6.0,37.0
32.0,4.0,-6.0,37.0
38.0,4.0,-6.0,314.0
40.0,4.0,-6.0,314.0
42.0,4.0,-6.0,314.0
44.0,4.0,-6.0,328.0
48.0,4.0,-6.0,241.0
50.0,4.0,-6.0,241.0
52.0,4.0,-6.0,241.0
54.0,4.0,-6.0,241.0
56.0,4.0,-6.0,241.0
58.0,4.0,-6.0,241.0
60.0,4.0,-6.0,241.0
-62.0,6.0,-6.0,477.0
-60.0,6.0,-6.0,477.0
-58.0,6.0,-6.0,477.0
-56.0,6.0,-6.0,477.0
-54.0,6.0,-6.0,477.0
-52.0,6.0,-6.0,477.0
-50.0,6.0,-6.0,477.0
-44.0,6.0,-6.0,278.0
-42.0,6.0,-6.0,278.0
-40.0,6.0,-6.0,278.0
-34.0,6.0,-6.0,401.0
-32.0,6.0,-6.0,401.0
-30.0,6.0,-6.0,401.0
-28.0,6.0,-6.0,401.0
-26.0,6.0,-6.0,401.0
-24.0,6.0,-6.0,401.0
18.0,6.0,-6.0,536.0
20.0,6.0,-6.0,165.0
22.0,6.0,-6.0,165.0
24.0,6.0,-6.0,165.0
26.0,6.0,-6.0,165.0
28.0,6.0,-6.0,165.0
30.0,6.0,-6.0,37.0
32.0,6.0,-6.0,37.0
38.0,6.0,-6.0,314.0
40.0,6.0,-6.0,314.0
42.0,6.0,-6.0,314.0
44.0,6.0,-6.0,314.0
50.0,6.0,-6.0,241.0
52.0,6.0,-6.0,241.0
54.0,6.0,-6.0,241.0
56.0,6.0,-6.0,241.0
58.0,6.0,-6.0,241.0
60.0,6.0,-6.0,241.0
-62.0,8.0,-6.0,477.0
-60.0,8.0,-6.0,477.0
-58.0,8.0,-6.0,477.0
-56.0,8.0,-6.0,477.0
-54.0,8.0,-6.0,477.0
-52.0,8.0,-6.0,477.0
-44.0,8.0,-6.0,278.0
-42.0,8.0,-6.0,278.0
-40.0,8.0,-6.0,278.0
-34.0,8.0,-6.0,401.0
-32.0,8.0,-6.0,401.0
-30.0,8.0,-6.0,401.0
-28.0,8.0,-6.0,401.0
-26.0,8.0,-6.0,401.0
-24.0,8.0,-6.0,401.0
-22.0,8.0,-6.0,401.0
-20.0,8.0,-6.0,401.0
-18.0,8.0,-6.0,589.0
16.0,8.0,-6.0,414.0
18.0,8.0,-6.0,536.0
20.0,8.0,-6.0,536.0
22.0,8.0,-6.0,165.0
24.0,8.0,-6.0,165.0
26.0,8.0,-6.0,165.0
28.0,8.0,-6.0,165.0
30.0,8.0,-6.0,165.0
32.0,8.0,-6.0,37.0
38.0,8.0,-6.0,314.0
40.0,8.0,-6.0,314.0
42.0,8.0,-6.0,314.0
44.0,8.0,-6.0,314.0
50.0,8.0,-6.0,241.0
52.0,8.0,-6.0,241.0
54.0,8.0,-6.0,241.0
56.0,8.0,-6.0,241.0
58.0,8.0,-6.0,241.0
60.0,8.0,-6.0,241.0
-60.0,10.0,-6.0,477.0
-58.0,10.0,-6.0,477.0
-56.0,10.0,-6.0,477.0
-54.0,10.0,-6.0,477.0
-52.0,10.0,-6.0,34.0
-44.0,10.0,-6.0,278.0
-42.0,10.0,-6.0,278.0
-40.0,10.0,-6.0,278.0
-38.0,10.0,-6.0,278.0
-32.0,10.0,-6.0,401.0
-30.0,10.0,-6.0,401.0
-28.0,10.0,-6.0,401.0
-26.0,10.0,-6.0,401.0
-24.0,10.0,-6.0,401.0
-22.0,10.0,-6.0,401.0
-20.0,10.0,-6.0,132.0
-18.0,10.0,-6.0,132.0
-16.0,10.0,-6.0,589.0
6.0,10.0,-6.0,414.0
8.0,10.0,-6.0,414.0
10.0,10.0,-6.0,414.0
12.0,10.0,-6.0,414.0
14.0,10.0,-6.0,414.0
16.0,10.0,-6.0,536.0
18.0,10.0,-6.0,536.0
20.0,10.0,-6.0,536.0
22.0,10.0,-6.0,536.0
24.0,10.0,-6.0,165.0
26.0,10.0,-6.0,165.0
28.0,10.0,-6.0,165.0
30.0,10.0,-6.0,165.0
38.0,10.0,-6.0,314.0
40.0,10.0,-6.0,314.0
42.0,10.0,-6.0,314.0
44.0,10.0,-6.0,314.0
50.0,10.0,-6.0,241.0
52.0,10.0,-6.0,241.0
54.0,10.0,-6.0,241.0
56.0,10.0,-6.0,241.0
58.0,10.0,-6.0,241.0
-60.0,12.0,-6.0,477.0
-58.0,12.0,-6.0,477.0
-56.0,12.0,-6.0,477.0
-54.0,12.0,-6.0,34.0
-52.0,12.0,-6.0,34.0
-50.0,12.0,-6.0,34.0
-44.0,12.0,-6.0,34.0
-42.0,12.0,-6.0,278.0
-40.0,12.0,-6.0,278.0
-38.0,12.0,-6.0,278.0
-32.0,12.0,-6.0,401.0
-30.0,12.0,-6.0,401.0
-28.0,12.0,-6.0,401.0
-26.0,12.0,-6.0,401.0
-24.0,12.0,-6.0,401.0
-22.0,12.0,-6.0,132.0
-20.0,12.0,-6.0,132.0
-18.0,12.0,-6.0,132.0
-16.0,12.0,-6.0,589.0
-14.0,12.0,-6.0,589.0
-12.0,12.0,-6.0,589.0
-10.0,12.0,-6.0,589.0
-8.0,12.0,-6.0,589.0
-6.0,12.0,-6.0,589.0
4.0,12.0,-6.0,560.0
6.0,12.0,-6.0,414.0
8.0,12.0,-6.0,414.0
10.0,12.0,-6.0,414.0
12.0,12.0,-6.0,414.0
16.0,12.0,-6.0,536.0
18.0,12.0,-6.0,536.0
20.0,12.0,-6.0,536.0
22.0,12.0,-6.0,536.0
24.0,12.0,-6.0,536.0
26.0,12.0,-6.0,165.0
28.0,12.0,-6.0,165.0
30.0,12.0,-6.0,165.0
38.0,12.0,-6.0,314.0
40.0,12.0,-6.0,314.0
42.0,12.0,-6.0,314.0
44.0,12.0,-6.0,314.0
52.0,12.0,-6.0,241.0
54.0,12.0,-6.0,241.0
56.0,12.0,-6.0,241.0
58.0,12.0,-6.0,241.0
-58.0,14.0,-6.0,34.0
-56.0,14.0,-6.0,34.0
-54.0,14.0,-6.0,34.0
-52.0,14.0,-6.0,34.0
-50.0,14.0,-6.0,34.0
-46.0,14.0,-6.0,34.0
-44.0,14.0,-6.0,34.0
-42.0,14.0,-6.0,271.0
-40.0,14.0,-6.0,271.0
-38.0,14.0,-6.0,271.0
-30.0,14.0,-6.0,401.0
-28.0,14.0,-6.0,401.0
-26.0,14.0,-6.0,401.0
-24.0,14.0,-6.0,132.0
-22.0,14.0,-6.0,132.0
-20.0,14.0,-6.0,132.0
-18.0,14.0,-6.0,132.0
-16.0,14.0,-6.0,132.0
-14.0,14.0,-6.0,589.0
-12.0,14.0,-6.0,589.0
-10.0,14.0,-6.0,589.0
-8.0,14.0,-6.0,589.0
-6.0,14.0,-6.0,589.0
6.0,14.0,-6.0,560.0
8.0,14.0,-6.0,560.0
10.0,14.0,-6.0,560.0
12.0,14.0,-6.0,414.0
14.0,14.0,-6.0,414.0
16.0,14.0,-6.0,536.0
18.0,14.0,-6.0,536.0
20.0,14.0,-6.0,536.0
22.0,14.0,-6.0,536.0
24.0,14.0,-6.0,536.0
26.0,14.0,-6.0,536.0
28.0,14.0,-6.0,165.0
36.0,14.0,-6.0,314.0
38.0,14.0,-6.0,314.0
40.0,14.0,-6.0,314.0
42.0,14.0,-6.0,314.0
44.0,14.0,-6.0,314.0
52.0,14.0,-6.0,427.0
54.0,14.0,-6.0,241.0
56.0,14.0,-6.0,241.0
-56.0,16.0,-6.0,151.0
-54.0,16.0,-6.0,34.0
-52.0,16.0,-6.0,34.0
-50.0,16.0,-6.0,34.0
-46.0,16.0,-6.0,34.0
-44.0,16.0,-6.0,271.0
-42.0,16.0,-6.0,271.0
-40.0,16.0,-6.0,271.0
-38.0,16.0,-6.0,271.0
-28.0,16.0,-6.0,448.0
-26.0,16.0,-6.0,132.0
-24.0,16.0,-6.0,132.0
-22.0,16.0,-6.0,132.0
-20.0,16.0,-6.0,132.0
-18.0,16.0,-6.0,132.0
-16.0,16.0,-6.0,132.0
-14.0,16.0,-6.0,589.0
-12.0,16.0,-6.0,589.0
-10.0,16.0,-6.0,589.0
-8.0,16.0,-6.0,589.0
-6.0,16.0,-6.0,589.0
6.0,16.0,-6.0,560.0
8.0,16.0,-6.0,560.0
10.0,16.0,-6.0,560.0
12.0,16.0,-6.0,560.0
14.0,16.0,-6.0,560.0
16.0,16.0,-6.0,536.0
18.0,16.0,-6.0,536.0
20.0,16.0,-6.0,536.0
22.0,16.0,-6.0,536.0
24.0,16.0,-6.0,536.0
26.0,16.0,-6.0,536.0
36.0,16.0,-6.0,165.0
38.0,16.0,-6.0,540.0
40.0,16.0,-6.0,540.0
42.0,16.0,-6.0,540.0
-50.0,18.0,-6.0,34.0
-44.0,18.0,-6.0,271.0
-42.0,18.0,-6.0,271.0
-40.0,18.0,-6.0,271.0
-38.0,18.0,-6.0,271.0
-36.0,18.0,-6.0,271.0
-28.0,18.0,-6.0,132.0
-26.0,18.0,-6.0,132.0
-24.0,18.0,-6.0,132.0
-22.0,18.0,-6.0,132.0
-20.0,18.0,-6.0,132.0
-18.0,18.0,-6.0,132.0
-16.0,18.0,-6.0,132.0
-14.0,18.0,-6.0,132.0
-12.0,18.0,-6.0,589.0
-10.0,18.0,-6.0,589.0
-8.0,18.0,-6.0,589.0
-6.0,18.0,-6.0,589.0
4.0,18.0,-6.0,560.0
6.0,18.0,-6.0,560.0
8.0,18.0,-6.0,560.0
10.0,18.0,-6.0,560.0
12.0,18.0,-6.0,560.0
14.0,18.0,-6.0,560.0
16.0,18.0,-6.0,536.0
18.0,18.0,-6.0,536.0
20.0,18.0,-6.0,536.0
22.0,18.0,-6.0,536.0
24.0,18.0,-6.0,536.0
26.0,18.0,-6.0,536.0
36.0,18.0,-6.0,540.0
38.0,18.0,-6.0,540.0
40.0,18.0,-6.0,540.0
42.0,18.0,-6.0,540.0
48.0,18.0,-6.0,540.0
50.0,18.0,-6.0,540.0
-50.0,20.0,-6.0,51.0
-48.0,20.0,-6.0,51.0
-44.0,20.0,-6.0,51.0
-42.0,20.0,-6.0,51.0
-40.0,20.0,-6.0,51.0
-38.0,20.0,-6.0,51.0
-36.0,20.0,-6.0,51.0
-34.0,20.0,-6.0,51.0
-26.0,20.0,-6.0,132.0
-24.0,20.0,-6.0,132.0
-22.0,20.0,-6.0,132.0
-20.0,20.0,-6.0,132.0
-18.0,20.0,-6.0,132.0
-16.0,20.0,-6.0,132.0
-14.0,20.0,-6.0,132.0
-12.0,20.0,-6.0,589.0
-10.0,20.0,-6.0,589.0
-8.0,20.0,-6.0,589.0
-4.0,20.0,-6.0,589.0
-2.0,20.0,-6.0,589.0
2.0,20.0,-6.0,560.0
4.0,20.0,-6.0,560.0
6.0,20.0,-6.0,560.0
8.0,20.0,-6.0,560.0
10.0,20.0,-6.0,560.0
12.0,20.0,-6.0,560.0
14.0,20.0,-6.0,560.0
16.0,20.0,-6.0,536.0
18.0,20.0,-6.0,536.0
20.0,20.0,-6.0,536.0
22.0,20.0,-6.0,536.0
24.0,20.0,-6.0,536.0
34.0,20.0,-6.0,540.0
36.0,20.0,-6.0,540.0
38.0,20.0,-6.0,540.0
40.0,20.0,-6.0,540.0
42.0,20.0,-6.0,540.0
44.0,20.0,-6.0,540.0
46.0,20.0,-6.0,540.0
48.0,20.0,-6.0,540.0
50.0,20.0,-6.0,540.0
52.0,20.0,-6.0,171.0
-52.0,22.0,-6.0,151.0
-50.0,22.0,-6.0,151.0
-48.0,22.0,-6.0,51.0
-46.0,22.0,-6.0,51.0
-44.0,22.0,-6.0,51.0
-42.0,22.0,-6.0,51.0
-40.0,22.0,-6.0,51.0
-38.0,22.0,-6.0,51.0
-36.0,22.0,-6.0,51.0
-34.0,22.0,-6.0,51.0
-32.0,22.0,-6.0,51.0
-24.0,22.0,-6.0,132.0
-22.0,22.0,-6.0,132.0
-20.0,22.0,-6.0,132.0
-18.0,22.0,-6.0,132.0
-16.0,22.0,-6.0,132.0
-14.0,22.0,-6.0,132.0
-12.0,22.0,-6.0,132.0
-10.0,22.0,-6.0,589.0
-8.0,22.0,-6.0,589.0
-4.0,22.0,-6.0,589.0
-2.0,22.0,-6.0,589.0
0.0,22.0,-6.0,589.0
2.0,22.0,-6.0,560.0
4.0,22.0,-6.0,560.0
6.0,22.0,-6.0,560.0
10.0,22.0,-6.0,560.0
12.0,22.0,-6.0,560.0
14.0,22.0,-6.0,560.0
16.0,22.0,-6.0,109.0
28.0,22.0,-6.0,536.0
30.0,22.0,-6.0,16.0
32.0,22.0,-6.0,16.0
34.0,22.0,-6.0,16.0
36.0,22.0,-6.0,540.0
38.0,22.0,-6.0,540.0
40.0,22.0,-6.0,540.0
42.0,22.0,-6.0,540.0
44.0,22.0,-6.0,540.0
46.0,22.0,-6.0,171.0
48.0,22.0,-6.0,171.0
50.0,22.0,-6.0,171.0
52.0,22.0,-6.0,171.0
-54.0,24.0,-6.0,151.0
-52.0,24.0,-6.0,151.0
-50.0,24.0,-6.0,151.0
-48.0,24.0,-6.0,51.0
-46.0,24.0,-6.0,51.0
-44.0,24.0,-6.0,51.0
-42.0,24.0,-6.0,51.0
-40.0,24.0,-6.0,51.0
-38.0,24.0,-6.0,51.0
-36.0,24.0,-6.0,51.0
-34.0,24.0,-6.0,53.0
-32.0,24.0,-6.0,53.0
-18.0,24.0,-6.0,132.0
-16.0,24.0,-6.0,132.0
-14.0,24.0,-6.0,132.0
-12.0,24.0,-6.0,132.0
-10.0,24.0,-6.0,589.0
-4.0,24.0,-6.0,589.0
-2.0,24.0,-6.0,589.0
0.0,24.0,-6.0,589.0
2.0,24.0,-6.0,560.0
4.0,24.0,-6.0,560.0
6.0,24.0,-6.0,560.0
10.0,24.0,-6.0,560.0
12.0,24.0,-6.0,560.0
14.0,24.0,-6.0,109.0
16.0,24.0,-6.0,109.0
18.0,24.0,-6.0,109.0
28.0,24.0,-6.0,16.0
30.0,24.0,-6.0,16.0
32.0,24.0,-6.0,16.0
34.0,24.0,-6.0,16.0
36.0,24.0,-6.0,16.0
38.0,24.0,-6.0,540.0
40.0,24.0,-6.0,540.0
42.0,24.0,-6.0,171.0
44.0,24.0,-6.0,171.0
46.0,24.0,-6.0,171.0
48.0,24.0,-6.0,171.0
50.0,24.0,-6.0,171.0
52.0,24.0,-6.0,171.0
54.0,24.0,-6.0,171.0
-54.0,26.0,-6.0,151.0
-52.0,26.0,-6.0,151.0
-50.0,26.0,-6.0,151.0
-48.0,26.0,-6.0,51.0
-46.0,26.0,-6.0,51.0
-44.0,26.0,-6.0,51.0
-42.0,26.0,-6.0,51.0
-40.0,26.0,-6.0,51.0
-38.0,26.0,-6.0,53.0
-36.0,26.0,-6.0,53.0
-34.0,26.0,-6.0,53.0
-32.0,26.0,-6.0,53.0
-18.0,26.0,-6.0,132.0
-16.0,26.0,-6.0,132.0
-14.0,26.0,-6.0,132.0
-12.0,26.0,-6.0,132.0
-4.0,26.0,-6.0,589.0
-2.0,26.0,-6.0,112.0
0.0,26.0,-6.0,112.0
2.0,26.0,-6.0,481.0
4.0,26.0,-6.0,481.0
6.0,26.0,-6.0,481.0
12.0,26.0,-6.0,481.0
14.0,26.0,-6.0,481.0
16.0,26.0,-6.0,109.0
28.0,26.0,-6.0,16.0
30.0,26.0,-6.0,16.0
32.0,26.0,-6.0,16.0
34.0,26.0,-6.0,16.0
36.0,26.0,-6.0,16.0
38.0,26.0,-6.0,171.0
40.0,26.0,-6.0,171.0
42.0,26.0,-6.0,171.0
44.0,26.0,-6.0,171.0
46.0,26.0,-6.0,171.0
48.0,26.0,-6.0,171.0
50.0,26.0,-6.0,171.0
52.0,26.0,-6.0,171.0
54.0,26.0,-6.0,171.0
-56.0,28.0,-6.0,538.0
-54.0,28.0,-6.0,538.0
-52.0,28.0,-6.0,141.0
-50.0,28.0,-6.0,141.0
-48.0,28.0,-6.0,475.0
-46.0,28.0,-6.0,475.0
-44.0,28.0,-6.0,475.0
-42.0,28.0,-6.0,475.0
-40.0,28.0,-6.0,475.0
-38.0,28.0,-6.0,53.0
-36.0,28.0,-6.0,53.0
-34.0,28.0,-6.0,53.0
-32.0,28.0,-6.0,53.0
-30.0,28.0,-6.0,53.0
-4.0,28.0,-6.0,112.0
-2.0,28.0,-6.0,112.0
0.0,28.0,-6.0,112.0
2.0,28.0,-6.0,481.0
4.0,28.0,-6.0,481.0
6.0,28.0,-6.0,481.0
30.0,28.0,-6.0,16.0
32.0,28.0,-6.0,16.0
34.0,28.0,-6.0,16.0
36.0,28.0,-6.0,16.0
38.0,28.0,-6.0,171.0
40.0,28.0,-6.0,171.0
42.0,28.0,-6.0,171.0
44.0,28.0,-6.0,171.0
46.0,28.0,-6.0,171.0
48.0,28.0,-6.0,171.0
50.0,28.0,-6.0,171.0
52.0,28.0,-6.0,171.0
54.0,28.0,-6.0,171.0
-56.0,30.0,-6.0,538.0
-54.0,30.0,-6.0,538.0
-52.0,30.0,-6.0,141.0
-50.0,30.0,-6.0,141.0
-48.0,30.0,-6.0,141.0
-46.0,30.0,-6.0,475.0
-44.0,30.0,-6.0,475.0
-42.0,30.0,-6.0,475.0
-40.0,30.0,-6.0,475.0
-38.0,30.0,-6.0,53.0
-36.0,30.0,-6.0,53.0
-34.0,30.0,-6.0,53.0
-32.0,30.0,-6.0,53.0
-30.0,30.0,-6.0,53.0
-6.0,30.0,-6.0,112.0
-4.0,30.0,-6.0,112.0
-2.0,30.0,-6.0,112.0
0.0,30.0,-6.0,112.0
2.0,30.0,-6.0,481.0
4.0,30.0,-6.0,481.0
6.0,30.0,-6.0,481.0
8.0,30.0,-6.0,481.0
30.0,30.0,-6.0,16.0
32.0,30.0,-6.0,16.0
34.0,30.0,-6.0,16.0
36.0,30.0,-6.0,16.0
38.0,30.0,-6.0,596.0
40.0,30.0,-6.0,171.0
42.0,30.0,-6.0,171.0
44.0,30.0,-6.0,171.0
46.0,30.0,-6.0,171.0
48.0,30.0,-6.0,171.0
50.0,30.0,-6.0,171.0
52.0,30.0,-6.0,171.0
54.0,30.0,-6.0,171.0
-56.0,32.0,-6.0,538.0
-54.0,32.0,-6.0,538.0
-52.0,32.0,-6.0,141.0
-50.0,32.0,-6.0,141.0
-48.0,32.0,-6.0,141.0
-46.0,32.0,-6.0,475.0
-42.0,32.0,-6.0,475.0
-40.0,32.0,-6.0,475.0
-38.0,32.0,-6.0,53.0
-36.0,32.0,-6.0,53.0
-34.0,32.0,-6.0,53.0
-32.0,32.0,-6.0,53.0
-30.0,32.0,-6.0,53.0
-6.0,32.0,-6.0,112.0
-4.0,32.0,-6.0,112.0
-2.0,32.0,-6.0,112.0
0.0,32.0,-6.0,112.0
2.0,32.0,-6.0,481.0
4.0,32.0,-6.0,481.0
6.0,32.0,-6.0,481.0
8.0,32.0,-6.0,481.0
32.0,32.0,-6.0,16.0
34.0,32.0,-6.0,16.0
36.0,32.0,-6.0,596.0
38.0,32.0,-6.0,596.0
40.0,32.0,-6.0,171.0
46.0,32.0,-6.0,171.0
48.0,32.0,-6.0,171.0
50.0,32.0,-6.0,171.0
52.0,32.0,-6.0,171.0
54.0,32.0,-6.0,171.0
-56.0,34.0,-6.0,538.0
-54.0,34.0,-6.0,538.0
-52.0,34.0,-6.0,141.0
-50.0,34.0,-6.0,141.0
-48.0,34.0,-6.0,141.0
-46.0,34.0,-6.0,141.0
-38.0,34.0,-6.0,53.0
-36.0,34.0,-6.0,53.0
-34.0,34.0,-6.0,53.0
-6.0,34.0,-6.0,112.0
-4.0,34.0,-6.0,112.0
-2.0,34.0,-6.0,112.0
0.0,34.0,-6.0,112.0
2.0,34.0,-6.0,481.0
4.0,34.0,-6.0,481.0
6.0,34.0,-6.0,481.0
8.0,34.0,-6.0,481.0
34.0,34.0,-6.0,16.0
36.0,34.0,-6.0,596.0
38.0,34.0,-6.0,596.0
46.0,34.0,-6.0,171.0
48.0,34.0,-6.0,171.0
50.0,34.0,-6.0,171.0
52.0,34.0,-6.0,171.0
54.0,34.0,-6.0,171.0
-56.0,36.0,-6.0,538.0
-54.0,36.0,-6.0,538.0
-52.0,36.0,-6.0,141.0
-50.0,36.0,-6.0,141.0
-48.0,36.0,-6.0,141.0
-46.0,36.0,-6.0,141.0
-8.0,36.0,-6.0,112.0
-6.0,36.0,-6.0,112.0
-4.0,36.0,-6.0,112.0
-2.0,36.0,-6.0,112.0
0.0,36.0,-6.0,112.0
2.0,36.0,-6.0,481.0
4.0,36.0,-6.0,481.0
6.0,36.0,-6.0,481.0
8.0,36.0,-6.0,481.0
10.0,36.0,-6.0,481.0
36.0,36.0,-6.0,596.0
44.0,36.0,-6.0,383.0
46.0,36.0,-6.0,383.0
48.0,36.0,-6.0,171.0
50.0,36.0,-6.0,171.0
52.0,36.0,-6.0,171.0
54.0,36.0,-6.0,171.0
-56.0,38.0,-6.0,538.0
-54.0,38.0,-6.0,538.0
-52.0,38.0,-6.0,141.0
-50.0,38.0,-6.0,141.0
-48.0,38.0,-6.0,141.0
-46.0,38.0,-6.0,338.0
-44.0,38.0,-6.0,338.0
-40.0,38.0,-6.0,338.0
-38.0,38.0,-6.0,338.0
-10.0,38.0,-6.0,102.0
-8.0,38.0,-6.0,102.0
-6.0,38.0,-6.0,102.0
-4.0,38.0,-6.0,102.0
-2.0,38.0,-6.0,102.0
0.0,38.0,-6.0,102.0
2.0,38.0,-6.0,481.0
4.0,38.0,-6.0,481.0
6.0,38.0,-6.0,481.0
8.0,38.0,-6.0,481.0
10.0,38.0,-6.0,481.0
44.0,38.0,-6.0,383.0
46.0,38.0,-6.0,383.0
48.0,38.0,-6.0,383.0
50.0,38.0,-6.0,383.0
52.0,38.0,-6.0,383.0
54.0,38.0,-6.0,383.0
-54.0,40.0,-6.0,538.0
-52.0,40.0,-6.0,141.0
-50.0,40.0,-6.0,141.0
-48.0,40.0,-6.0,338.0
-46.0,40.0,-6.0,338.0
-44.0,40.0,-6.0,338.0
-42.0,40.0,-6.0,338.0
-38.0,40.0,-6.0,338.0
-36.0,40.0,-6.0,338.0
-34.0,40.0,-6.0,245.0
-32.0,40.0,-6.0,245.0
-30.0,40.0,-6.0,245.0
-10.0,40.0,-6.0,102.0
-8.0,40.0,-6.0,102.0
-6.0,40.0,-6.0,102.0
-4.0,40.0,-6.0,102.0
-2.0,40.0,-6.0,102.0
0.0,40.0,-6.0,102.0
2.0,40.0,-6.0,102.0
4.0,40.0,-6.0,481.0
6.0,40.0,-6.0,481.0
8.0,40.0,-6.0,481.0
10.0,40.0,-6.0,481.0
44.0,40.0,-6.0,383.0
46.0,40.0,-6.0,383.0
48.0,40.0,-6.0,383.0
50.0,40.0,-6.0,383.0
52.0,40.0,-6.0,383.0
-54.0,42.0,-6.0,538.0
-52.0,42.0,-6.0,141.0
-50.0,42.0,-6.0,338.0
-48.0,42.0,-6.0,338.0
-46.0,42.0,-6.0,338.0
-44.0,42.0,-6.0,338.0
-42.0,42.0,-6.0,338.0
-38.0,42.0,-6.0,338.0
-36.0,42.0,-6.0,338.0
-34.0,42.0,-6.0,338.0
-32.0,42.0,-6.0,245.0
-30.0,42.0,-6.0,245.0
-12.0,42.0,-6.0,102.0
-10.0,42.0,-6.0,102.0
-8.0,42.0,-6.0,102.0
-6.0,42.0,-6.0,102.0
-4.0,42.0,-6.0,102.0
-2.0,42.0,-6.0,102.0
0.0,42.0,-6.0,102.0
2.0,42.0,-6.0,102.0
4.0,42.0,-6.0,481.0
6.0,42.0,-6.0,481.0
8.0,42.0,-6.0,481.0
10.0,42.0,-6.0,481.0
44.0,42.0,-6.0,383.0
46.0,42.0,-6.0,383.0
48.0,42.0,-6.0,383.0
50.0,42.0,-6.0,383.0
52.0,42.0,-6.0,383.0
-52.0,44.0,-6.0,338.0
-50.0,44.0,-6.0,338.0
-48.0,44.0,-6.0,338.0
-46.0,44.0,-6.0,338.0
-44.0,44.0,-6.0,338.0
-42.0,44.0,-6.0,338.0
-36.0,44.0,-6.0,338.0
-34.0,44.0,-6.0,338.0
-32.0,44.0,-6.0,15.0
-30.0,44.0,-6.0,15.0
-12.0,44.0,-6.0,102.0
-10.0,44.0,-6.0,102.0
-8.0,44.0,-6.0,102.0
-6.0,44.0,-6.0,102.0
-4.0,44.0,-6.0,102.0
-2.0,44.0,-6.0,102.0
0.0,44.0,-6.0,102.0
2.0,44.0,-6.0,6.0
4.0,44.0,-6.0,6.0
6.0,44.0,-6.0,6.0
8.0,44.0,-6.0,481.0
10.0,44.0,-6.0,481.0
12.0,44.0,-6.0,481.0
42.0,44.0,-6.0,383.0
44.0,44.0,-6.0,383.0
46.0,44.0,-6.0,383.0
48.0,44.0,-6.0,383.0
50.0,44.0,-6.0,383.0
52.0,44.0,-6.0,383.0
-50.0,46.0,-6.0,338.0
-48.0,46.0,-6.0,338.0
-46.0,46.0,-6.0,338.0
-44.0,46.0,-6.0,338.0
-42.0,46.0,-6.0,338.0
-34.0,46.0,-6.0,15.0
-32.0,46.0,-6.0,15.0
-12.0,46.0,-6.0,407.0
-10.0,46.0,-6.0,102.0
-8.0,46.0,-6.0,102.0
-6.0,46.0,-6.0,102.0
-4.0,46.0,-6.0,6.0
-2.0,46.0,-6.0,6.0
0.0,46.0,-6.0,6.0
2.0,46.0,-6.0,6.0
4.0,46.0,-6.0,6.0
6.0,46.0,-6.0,6.0
8.0,46.0,-6.0,6.0
10.0,46.0,-6.0,86.0
12.0,46.0,-6.0,86.0
14.0,46.0,-6.0,86.0
42.0,46.0,-6.0,383.0
44.0,46.0,-6.0,383.0
46.0,46.0,-6.0,383.0
48.0,46.0,-6.0,383.0
50.0,46.0,-6.0,383.0
-50.0,48.0,-6.0,338.0
-48.0,48.0,-6.0,338.0
-46.0,48.0,-6.0,338.0
-44.0,48.0,-6.0,338.0
-42.0,48.0,-6.0,338.0
-40.0,48.0,-6.0,338.0
-14.0,48.0,-6.0,509.0
-12.0,48.0,-6.0,407.0
-10.0,48.0,-6.0,407.0
-8.0,48.0,-6.0,407.0
-6.0,48.0,-6.0,6.0
-4.0,48.0,-6.0,6.0
-2.0,48.0,-6.0,6.0
0.0,48.0,-6.0,6.0
2.0,48.0,-6.0,6.0
4.0,48.0,-6.0,6.0
6.0,48.0,-6.0,6.0
8.0,48.0,-6.0,6.0
10.0,48.0,-6.0,86.0
12.0,48.0,-6.0,86.0
14.0,48.0,-6.0,86.0
42.0,48.0,-6.0,339.0
44.0,48.0,-6.0,339.0
46.0,48.0,-6.0,383.0
48.0,48.0,-6.0,383.0
-50.0,50.0,-6.0,338.0
-48.0,50.0,-6.0,338.0
-46.0,50.0,-6.0,338.0
-44.0,50.0,-6.0,338.0
-42.0,50.0,-6.0,154.0
-40.0,50.0,-6.0,154.0
-38.0,50.0,-6.0,154.0
-14.0,50.0,-6.0,509.0
-12.0,50.0,-6.0,509.0
-10.0,50.0,-6.0,407.0
-8.0,50.0,-6.0,407.0
-6.0,50.0,-6.0,6.0
-4.0,50.0,-6.0,6.0
-2.0,50.0,-6.0,6.0
0.0,50.0,-6.0,6.0
2.0,50.0,-6.0,6.0
4.0,50.0,-6.0,6.0
6.0,50.0,-6.0,6.0
8.0,50.0,-6.0,6.0
10.0,50.0,-6.0,86.0
12.0,50.0,-6.0,86.0
14.0,50.0,-6.0,86.0
40.0,50.0,-6.0,339.0
42.0,50.0,-6.0,339.0
44.0,50.0,-6.0,339.0
46.0,50.0,-6.0,339.0
48.0,50.0,-6.0,339.0
-48.0,52.0,-6.0,154.0
-46.0,52.0,-6.0,154.0
-44.0,52.0,-6.0,154.0
-42.0,52.0,-6.0,154.0
-40.0,52.0,-6.0,154.0
-38.0,52.0,-6.0,154.0
-14.0,52.0,-6.0,557.0
-12.0,52.0,-6.0,557.0
-10.0,52.0,-6.0,557.0
-8.0,52.0,-6.0,6.0
-6.0,52.0,-6.0,6.0
-4.0,52.0,-6.0,6.0
-2.0,52.0,-6.0,6.0
0.0,52.0,-6.0,6.0
2.0,52.0,-6.0,6.0
4.0,52.0,-6.0,6.0
6.0,52.0,-6.0,6.0
8.0,52.0,-6.0,6.0
10.0,52.0,-6.0,86.0
12.0,52.0,-6.0,86.0
14.0,52.0,-6.0,86.0
36.0,52.0,-6.0,339.0
38.0,52.0,-6.0,339.0
40.0,52.0,-6.0,339.0
42.0,52.0,-6.0,339.0
44.0,52.0,-6.0,339.0
46.0,52.0,-6.0,339.0
-46.0,54.0,-6.0,154.0
-44.0,54.0,-6.0,154.0
-42.0,54.0,-6.0,154.0
-40.0,54.0,-6.0,154.0
-38.0,54.0,-6.0,154.0
-36.0,54.0,-6.0,154.0
-26.0,54.0,-6.0,35.0
-14.0,54.0,-6.0,557.0
-12.0,54.0,-6.0,557.0
-10.0,54.0,-6.0,557.0
-8.0,54.0,-6.0,557.0
-6.0,54.0,-6.0,6.0
-4.0,54.0,-6.0,6.0
-2.0,54.0,-6.0,6.0
0.0,54.0,-6.0,6.0
2.0,54.0,-6.0,6.0
4.0,54.0,-6.0,6.0
6.0,54.0,-6.0,6.0
8.0,54.0,-6.0,6.0
10.0,54.0,-6.0,86.0
12.0,54.0,-6.0,86.0
14.0,54.0,-6.0,86.0
36.0,54.0,-6.0,339.0
38.0,54.0,-6.0,339.0
40.0,54.0,-6.0,339.0
42.0,54.0,-6.0,339.0
44.0,54.0,-6.0,339.0
46.0,54.0,-6.0,339.0
-46.0,56.0,-6.0,154.0
-44.0,56.0,-6.0,154.0
-42.0,56.0,-6.0,154.0
-40.0,56.0,-6.0,154.0
-38.0,56.0,-6.0,154.0
-36.0,56.0,-6.0,154.0
-34.0,56.0,-6.0,154.0
-28.0,56.0,-6.0,35.0
-26.0,56.0,-6.0,35.0
-24.0,56.0,-6.0,35.0
-22.0,56.0,-6.0,35.0
-12.0,56.0,-6.0,557.0
-10.0,56.0,-6.0,557.0
-8.0,56.0,-6.0,557.0
-6.0,56.0,-6.0,6.0
-4.0,56.0,-6.0,6.0
-2.0,56.0,-6.0,6.0
0.0,56.0,-6.0,6.0
2.0,56.0,-6.0,6.0
4.0,56.0,-6.0,6.0
6.0,56.0,-6.0,6.0
8.0,56.0,-6.0,6.0
10.0,56.0,-6.0,86.0
12.0,56.0,-6.0,86.0
24.0,56.0,-6.0,142.0
26.0,56.0,-6.0,142.0
28.0,56.0,-6.0,142.0
34.0,56.0,-6.0,339.0
36.0,56.0,-6.0,339.0
38.0,56.0,-6.0,339.0
40.0,56.0,-6.0,339.0
42.0,56.0,-6.0,339.0
44.0,56.0,-6.0,339.0
-44.0,58.0,-6.0,154.0
-42.0,58.0,-6.0,154.0
-40.0,58.0,-6.0,154.0
-38.0,58.0,-6.0,154.0
-36.0,58.0,-6.0,154.0
-34.0,58.0,-6.0,35.0
-32.0,58.0,-6.0,35.0
-30.0,58.0,-6.0,35.0
-28.0,58.0,-6.0,35.0
-26.0,58.0,-6.0,35.0
-24.0,58.0,-6.0,35.0
-22.0,58.0,-6.0,35.0
-20.0,58.0,-6.0,557.0
-12.0,58.0,-6.0,557.0
-10.0,58.0,-6.0,557.0
-8.0,58.0,-6.0,557.0
-6.0,58.0,-6.0,557.0
-4.0,58.0,-6.0,6.0
-2.0,58.0,-6.0,6.0
0.0,58.0,-6.0,6.0
2.0,58.0,-6.0,425.0
4.0,58.0,-6.0,425.0
6.0,58.0,-6.0,425.0
8.0,58.0,-6.0,425.0
10.0,58.0,-6.0,425.0
12.0,58.0,-6.0,425.0
22.0,58.0,-6.0,422.0
24.0,58.0,-6.0,142.0
26.0,58.0,-6.0,142.0
28.0,58.0,-6.0,142.0
30.0,58.0,-6.0,339.0
32.0,58.0,-6.0,339.0
34.0,58.0,-6.0,339.0
36.0,58.0,-6.0,339.0
38.0,58.0,-6.0,339.0
40.0,58.0,-6.0,339.0
42.0,58.0,-6.0,339.0
-42.0,60.0,-6.0,154.0
-40.0,60.0,-6.0,154.0
-38.0,60.0,-6.0,154.0
-36.0,60.0,-6.0,154.0
-34.0,60.0,-6.0,35.0
-32.0,60.0,-6.0,35.0
-30.0,60.0,-6.0,35.0
-28.0,60.0,-6.0,35.0
-26.0,60.0,-6.0,35.0
-24.0,60.0,-6.0,35.0
-22.0,60.0,-6.0,35.0
-20.0,60.0,-6.0,557.0
-18.0,60.0,-6.0,557.0
-16.0,60.0,-6.0,557.0
-10.0,60.0,-6.0,557.0
-8.0,60.0,-6.0,557.0
-6.0,60.0,-6.0,557.0
-4.0,60.0,-6.0,425.0
-2.0,60.0,-6.0,425.0
2.0,60.0,-6.0,425.0
4.0,60.0,-6.0,425.0
6.0,60.0,-6.0,425.0
8.0,60.0,-6.0,425.0
10.0,60.0,-6.0,425.0
12.0,60.0,-6.0,425.0
18.0,60.0,-6.0,422.0
20.0,60.0,-6.0,422.0
22.0,60.0,-6.0,422.0
24.0,60.0,-6.0,422.0
26.0,60.0,-6.0,422.0
28.0,60.0,-6.0,142.0
30.0,60.0,-6.0,142.0
32.0,60.0,-6.0,339.0
34.0,60.0,-6.0,339.0
36.0,60.0,-6.0,339.0
38.0,60.0,-6.0,339.0
40.0,60.0,-6.0,339.0
-40.0,62.0,-6.0,154.0
-38.0,62.0,-6.0,154.0
-36.0,62.0,-6.0,154.0
-34.0,62.0,-6.0,35.0
-32.0,62.0,-6.0,35.0
-30.0,62.0,-6.0,35.0
-28.0,62.0,-6.0,35.0
-26.0,62.0,-6.0,35.0
-24.0,62.0,-6.0,35.0
-22.0,62.0,-6.0,341.0
-20.0,62.0,-6.0,557.0
-18.0,62.0,-6.0,557.0
-16.0,62.0,-6.0,557.0
-10.0,62.0,-6.0,557.0
-8.0,62.0,-6.0,557.0
-6.0,62.0,-6.0,557.0
-4.0,62.0,-6.0,425.0
-2.0,62.0,-6.0,425.0
0.0,62.0,-6.0,425.0
2.0,62.0,-6.0,425.0
4.0,62.0,-6.0,425.0
6.0,62.0,-6.0,425.0
8.0,62.0,-6.0,425.0
10.0,62.0,-6.0,425.0
12.0,62.0,-6.0,422.0
14.0,62.0,-6.0,422.0
16.0,62.0,-6.0,422.0
18.0,62.0,-6.0,422.0
20.0,62.0,-6.0,422.0
22.0,62.0,-6.0,422.0
24.0,62.0,-6.0,422.0
26.0,62.0,-6.0,422.0
28.0,62.0,-6.0,422.0
30.0,62.0,-6.0,97.0
32.0,62.0,-6.0,339.0
34.0,62.0,-6.0,339.0
36.0,62.0,-6.0,339.0
38.0,62.0,-6.0,339.0
-38.0,64.0,-6.0,154.0
-36.0,64.0,-6.0,154.0
-34.0,64.0,-6.0,35.0
-32.0,64.0,-6.0,35.0
-30.0,64.0,-6.0,35.0
-28.0,64.0,-6.0,35.0
-26.0,64.0,-6.0,35.0
-24.0,64.0,-6.0,341.0
-22.0,64.0,-6.0,341.0
-20.0,64.0,-6.0,341.0
-18.0,64.0,-6.0,341.0
-16.0,64.0,-6.0,557.0
-8.0,64.0,-6.0,557.0
-6.0,64.0,-6.0,557.0
-4.0,64.0,-6.0,425.0
-2.0,64.0,-6.0,425.0
0.0,64.0,-6.0,425.0
2.0,64.0,-6.0,425.0
4.0,64.0,-6.0,425.0
6.0,64.0,-6.0,425.0
8.0,64.0,-6.0,425.0
10.0,64.0,-6.0,425.0
12.0,64.0,-6.0,422.0
14.0,64.0,-6.0,422.0
16.0,64.0,-6.0,422.0
18.0,64.0,-6.0,422.0
20.0,64.0,-6.0,422.0
22.0,64.0,-6.0,422.0
24.0,64.0,-6.0,422.0
26.0,64.0,-6.0,422.0
28.0,64.0,-6.0,422.0
30.0,64.0,-6.0,422.0
32.0,64.0,-6.0,97.0
34.0,64.0,-6.0,339.0
-34.0,66.0,-6.0,35.0
-32.0,66.0,-6.0,35.0
-30.0,66.0,-6.0,35.0
-28.0,66.0,-6.0,35.0
-26.0,66.0,-6.0,341.0
-24.0,66.0,-6.0,341.0
-22.0,66.0,-6.0,341.0
-20.0,66.0,-6.0,341.0
-18.0,66.0,-6.0,341.0
-16.0,66.0,-6.0,559.0
-14.0,66.0,-6.0,559.0
-8.0,66.0,-6.0,559.0
-6.0,66.0,-6.0,559.0
-4.0,66.0,-6.0,559.0
-2.0,66.0,-6.0,425.0
0.0,66.0,-6.0,425.0
2.0,66.0,-6.0,425.0
4.0,66.0,-6.0,425.0
6.0,66.0,-6.0,425.0
8.0,66.0,-6.0,425.0
10.0,66.0,-6.0,345.0
12.0,66.0,-6.0,422.0
14.0,66.0,-6.0,422.0
16.0,66.0,-6.0,422.0
18.0,66.0,-6.0,422.0
20.0,66.0,-6.0,422.0
22.0,66.0,-6.0,422.0
24.0,66.0,-6.0,422.0
26.0,66.0,-6.0,422.0
28.0,66.0,-6.0,422.0
30.0,66.0,-6.0,422.0
-26.0,68.0,-6.0,341.0
-24.0,68.0,-6.0,341.0
-22.0,68.0,-6.0,341.0
-20.0,68.0,-6.0,341.0
-18.0,68.0,-6.0,341.0
-16.0,68.0,-6.0,559.0
-14.0,68.0,-6.0,559.0
-12.0,68.0,-6.0,559.0
-10.0,68.0,-6.0,559.0
-8.0,68.0,-6.0,559.0
-6.0,68.0,-6.0,559.0
-4.0,68.0,-6.0,559.0
-2.0,68.0,-6.0,425.0
2.0,68.0,-6.0,425.0
4.0,68.0,-6.0,425.0
6.0,68.0,-6.0,425.0
8.0,68.0,-6.0,345.0
10.0,68.0,-6.0,345.0
12.0,68.0,-6.0,345.0
14.0,68.0,-6.0,422.0
16.0,68.0,-6.0,422.0
18.0,68.0,-6.0,422.0
20.0,68.0,-6.0,422.0
22.0,68.0,-6.0,422.0
24.0,68.0,-6.0,422.0
-22.0,70.0,-6.0,341.0
-20.0,70.0,-6.0,341.0
-18.0,70.0,-6.0,341.0
-16.0,70.0,-6.0,559.0
-14.0,70.0,-6.0,559.0
-12.0,70.0,-6.0,559.0
-10.0,70.0,-6.0,559.0
-8.0,70.0,-6.0,559.0
-6.0,70.0,-6.0,559.0
-4.0,70.0,-6.0,559.0
4.0,70.0,-6.0,425.0
6.0,70.0,-6.0,345.0
8.0,70.0,-6.0,345.0
10.0,70.0,-6.0,345.0
12.0,70.0,-6.0,345.0
14.0,70.0,-6.0,422.0
16.0,70.0,-6.0,422.0
18.0,70.0,-6.0,422.0
-14.0,72.0,-6.0,559.0
-12.0,72.0,-6.0,559.0
-10.0,72.0,-6.0,559.0
-8.0,72.0,-6.0,559.0
14.0,-106.0,-4.0,380.0
16.0,-106.0,-4.0,325.0
-20.0,-104.0,-4.0,234.0
-18.0,-104.0,-4.0,234.0
-16.0,-104.0,-4.0,234.0
8.0,-104.0,-4.0,380.0
10.0,-104.0,-4.0,380.0
12.0,-104.0,-4.0,380.0
14.0,-104.0,-4.0,380.0
16.0,-104.0,-4.0,325.0
18.0,-104.0,-4.0,325.0
20.0,-104.0,-4.0,325.0
22.0,-104.0,-4.0,325.0
-26.0,-102.0,-4.0,234.0
-24.0,-102.0,-4.0,234.0
-22.0,-102.0,-4.0,234.0
-20.0,-102.0,-4.0,234.0
-18.0,-102.0,-4.0,234.0
-16.0,-102.0,-4.0,234.0
-14.0,-102.0,-4.0,234.0
-12.0,-102.0,-4.0,489.0
-10.0,-102.0,-4.0,489.0
2.0,-102.0,-4.0,125.0
4.0,-102.0,-4.0,125.0
6.0,-102.0,-4.0,380.0
8.0,-102.0,-4.0,380.0
10.0,-102.0,-4.0,380.0
12.0,-102.0,-4.0,380.0
14.0,-102.0,-4.0,380.0
16.0,-102.0,-4.0,325.0
18.0,-102.0,-4.0,325.0
20.0,-102.0,-4.0,325.0
22.0,-102.0,-4.0,325.0
24.0,-102.0,-4.0,325.0
26.0,-102.0,-4.0,325.0
-30.0,-100.0,-4.0,234.0
-28.0,-100.0,-4.0,234.0
-26.0,-100.0,-4.0,234.0
-24.0,-100.0,-4.0,234.0
-22.0,-100.0,-4.0,234.0
-20.0,-100.0,-4.0,234.0
-18.0,-100.0,-4.0,234.0
-16.0,-100.0,-4.0,234.0
-14.0,-100.0,-4.0,234.0
-12.0,-100.0,-4.0,489.0
-10.0,-100.0,-4.0,489.0
-8.0,-100.0,-4.0,489.0
0.0,-100.0,-4.0,125.0
2.0,-100.0,-4.0,125.0
4.0,-100.0,-4.0,125.0
6.0,-100.0,-4.0,380.0
8.0,-100.0,-4.0,380.0
10.0,-100.0,-4.0,380.0
12.0,-100.0,-4.0,380.0
14.0,-100.0,-4.0,325.0
16.0,-100.0,-4.0,325.0
18.0,-100.0,-4.0,325.0
20.0,-100.0,-4.0,325.0
22.0,-100.0,-4.0,325.0
24.0,-100.0,-4.0,325.0
26.0,-100.0,-4.0,325.0
28.0,-100.0,-4.0,325.0
30.0,-100.0,-4.0,85.0
-32.0,-98.0,-4.0,234.0
-30.0,-98.0,-4.0,234.0
-28.0,-98.0,-4.0,234.0
-26.0,-98.0,-4.0,234.0
-24.0,-98.0,-4.0,234.0
-22.0,-98.0,-4.0,234.0
-20.0,-98.0,-4.0,234.0
-18.0,-98.0,-4.0,234.0
-16.0,-98.0,-4.0,234.0
-14.0,-98.0,-4.0,489.0
-12.0,-98.0,-4.0,489.0
-10.0,-98.0,-4.0,489.0
-8.0,-98.0,-4.0,489.0
-6.0,-98.0,-4.0,125.0
0.0,-98.0,-4.0,125.0
2.0,-98.0,-4.0,125.0
4.0,-98.0,-4.0,125.0
6.0,-98.0,-4.0,125.0
8.0,-98.0,-4.0,380.0
10.0,-98.0,-4.0,380.0
12.0,-98.0,-4.0,380.0
14.0,-98.0,-4.0,325.0
16.0,-98.0,-4.0,325.0
18.0,-98.0,-4.0,325.0
20.0,-98.0,-4.0,325.0
22.0,-98.0,-4.0,325.0
24.0,-98.0,-4.0,325.0
26.0,-98.0,-4.0,325.0
28.0,-98.0,-4.0,325.0
30.0,-98.0,-4.0,85.0
32.0,-98.0,-4.0,85.0
34.0,-98.0,-4.0,85.0
-36.0,-96.0,-4.0,304.0
-34.0,-96.0,-4.0,304.0
-32.0,-96.0,-4.0,234.0
-30.0,-96.0,-4.0,234.0
-28.0,-96.0,-4.0,234.0
-26.0,-96.0,-4.0,234.0
-24.0,-96.0,-4.0,234.0
-22.0,-96.0,-4.0,234.0
-20.0,-96.0,-4.0,234.0
-18.0,-96.0,-4.0,234.0
-16.0,-96.0,-4.0,234.0
-14.0,-96.0,-4.0,489.0
-12.0,-96.0,-4.0,489.0
-10.0,-96.0,-4.0,489.0
-8.0,-96.0,-4.0,489.0
-6.0,-96.0,-4.0,125.0
-4.0,-96.0,-4.0,125.0
-2.0,-96.0,-4.0,125.0
0.0,-96.0,-4.0,125.0
2.0,-96.0,-4.0,125.0
4.0,-96.0,-4.0,125.0
6.0,-96.0,-4.0,125.0
8.0,-96.0,-4.0,380.0
10.0,-96.0,-4.0,380.0
12.0,-96.0,-4.0,325.0
14.0,-96.0,-4.0,325.0
16.0,-96.0,-4.0,325.0
18.0,-96.0,-4.0,325.0
20.0,-96.0,-4.0,325.0
22.0,-96.0,-4.0,325.0
24.0,-96.0,-4.0,325.0
26.0,-96.0,-4.0,325.0
28.0,-96.0,-4.0,325.0
30.0,-96.0,-4.0,85.0
32.0,-96.0,-4.0,85.0
34.0,-96.0,-4.0,85.0
36.0,-96.0,-4.0,85.0
-38.0,-94.0,-4.0,510.0
-36.0,-94.0,-4.0,510.0
-34.0,-94.0,-4.0,545.0
-32.0,-94.0,-4.0,545.0
-30.0,-94.0,-4.0,545.0
-28.0,-94.0,-4.0,234.0
-26.0,-94.0,-4.0,234.0
-24.0,-94.0,-4.0,234.0
-22.0,-94.0,-4.0,234.0
-20.0,-94.0,-4.0,234.0
-18.0,-94.0,-4.0,234.0
-16.0,-94.0,-4.0,489.0
-14.0,-94.0,-4.0,489.0
-12.0,-94.0,-4.0,489.0
-10.0,-94.0,-4.0,489.0
-8.0,-94.0,-4.0,489.0
-6.0,-94.0,-4.0,125.0
-4.0,-94.0,-4.0,125.0
-2.0,-94.0,-4.0,125.0
0.0,-94.0,-4.0,125.0
2.0,-94.0,-4.0,125.0
4.0,-94.0,-4.0,125.0
6.0,-94.0,-4.0,125.0
8.0,-94.0,-4.0,125.0
10.0,-94.0,-4.0,380.0
12.0,-94.0,-4.0,325.0
14.0,-94.0,-4.0,325.0
16.0,-94.0,-4.0,325.0
18.0,-94.0,-4.0,325.0
20.0,-94.0,-4.0,325.0
22.0,-94.0,-4.0,325.0
24.0,-94.0,-4.0,325.0
26.0,-94.0,-4.0,325.0
28.0,-94.0,-4.0,325.0
30.0,-94.0,-4.0,440.0
32.0,-94.0,-4.0,440.0
34.0,-94.0,-4.0,440.0
36.0,-94.0,-4.0,440.0
38.0,-94.0,-4.0,440.0
-40.0,-92.0,-4.0,510.0
-38.0,-92.0,-4.0,510.0
-36.0,-92.0,-4.0,510.0
-34.0,-92.0,-4.0,545.0
-32.0,-92.0,-4.0,545.0
-30.0,-92.0,-4.0,545.0
-28.0,-92.0,-4.0,545.0
-26.0,-92.0,-4.0,234.0
-24.0,-92.0,-4.0,234.0
-22.0,-92.0,-4.0,234.0
-20.0,-92.0,-4.0,234.0
-18.0,-92.0,-4.0,234.0
-16.0,-92.0,-4.0,489.0
-14.0,-92.0,-4.0,489.0
-12.0,-92.0,-4.0,489.0
-10.0,-92.0,-4.0,489.0
-8.0,-92.0,-4.0,489.0
-6.0,-92.0,-4.0,125.0
-4.0,-92.0,-4.0,125.0
-2.0,-92.0,-4.0,125.0
0.0,-92.0,-4.0,125.0
2.0,-92.0,-4.0,125.0
4.0,-92.0,-4.0,125.0
6.0,-92.0,-4.0,125.0
8.0,-92.0,-4.0,125.0
10.0,-92.0,-4.0,380.0
12.0,-92.0,-4.0,325.0
14.0,-92.0,-4.0,325.0
16.0,-92.0,-4.0,325.0
18.0,-92.0,-4.0,325.0
20.0,-92.0,-4.0,325.0
22.0,-92.0,-4.0,325.0
24.0,-92.0,-4.0,325.0
26.0,-92.0,-4.0,325.0
28.0,-92.0,-4.0,440.0
30.0,-92.0,-4.0,440.0
32.0,-92.0,-4.0,440.0
34.0,-92.0,-4.0,440.0
36.0,-92.0,-4.0,440.0
38.0,-92.0,-4.0,440.0
40.0,-92.0,-4.0,571.0
-42.0,-90.0,-4.0,510.0
-40.0,-90.0,-4.0,510.0
-38.0,-90.0,-4.0,510.0
-36.0,-90.0,-4.0,510.0
-34.0,-90.0,-4.0,510.0
-32.0,-90.0,-4.0,545.0
-30.0,-90.0,-4.0,545.0
-28.0,-90.0,-4.0,545.0
-26.0,-90.0,-4.0,545.0
-24.0,-90.0,-4.0,545.0
-22.0,-90.0,-4.0,234.0
-20.0,-90.0,-4.0,234.0
-18.0,-90.0,-4.0,489.0
-16.0,-90.0,-4.0,489.0
-14.0,-90.0,-4.0,489.0
-12.0,-90.0,-4.0,489.0
-10.0,-90.0,-4.0,489.0
-8.0,-90.0,-4.0,489.0
-6.0,-90.0,-4.0,125.0
-4.0,-90.0,-4.0,125.0
-2.0,-90.0,-4.0,125.0
0.0,-90.0,-4.0,125.0
2.0,-90.0,-4.0,125.0
4.0,-90.0,-4.0,125.0
6.0,-90.0,-4.0,125.0
8.0,-90.0,-4.0,125.0
10.0,-90.0,-4.0,125.0
12.0,-90.0,-4.0,325.0
14.0,-90.0,-4.0,325.0
16.0,-90.0,-4.0,325.0
18.0,-90.0,-4.0,325.0
20.0,-90.0,-4.0,325.0
22.0,-90.0,-4.0,325.0
24.0,-90.0,-4.0,325.0
26.0,-90.0,-4.0,325.0
28.0,-90.0,-4.0,440.0
30.0,-90.0,-4.0,440.0
32.0,-90.0,-4.0,440.0
34.0,-90.0,-4.0,440.0
36.0,-90.0,-4.0,440.0
38.0,-90.0,-4.0,440.0
40.0,-90.0,-4.0,571.0
42.0,-90.0,-4.0,571.0
-44.0,-88.0,-4.0,510.0
-42.0,-88.0,-4.0,510.0
-40.0,-88.0,-4.0,510.0
-38.0,-88.0,-4.0,510.0
-36.0,-88.0,-4.0,510.0
-34.0,-88.0,-4.0,510.0
-32.0,-88.0,-4.0,545.0
-30.0,-88.0,-4.0,545.0
-28.0,-88.0,-4.0,545.0
-26.0,-88.0,-4.0,545.0
-24.0,-88.0,-4.0,287.0
-22.0,-88.0,-4.0,287.0
-20.0,-88.0,-4.0,287.0
-18.0,-88.0,-4.0,489.0
-16.0,-88.0,-4.0,489.0
-14.0,-88.0,-4.0,489.0
-12.0,-88.0,-4.0,489.0
-10.0,-88.0,-4.0,489.0
-8.0,-88.0,-4.0,489.0
-6.0,-88.0,-4.0,230.0
-4.0,-88.0,-4.0,125.0
-2.0,-88.0,-4.0,125.0
0.0,-88.0,-4.0,125.0
2.0,-88.0,-4.0,125.0
4.0,-88.0,-4.0,125.0
6.0,-88.0,-4.0,125.0
8.0,-88.0,-4.0,125.0
10.0,-88.0,-4.0,567.0
12.0,-88.0,-4.0,325.0
14.0,-88.0,-4.0,325.0
16.0,-88.0,-4.0,325.0
18.0,-88.0,-4.0,325.0
20.0,-88.0,-4.0,325.0
22.0,-88.0,-4.0,325.0
24.0,-88.0,-4.0,325.0
26.0,-88.0,-4.0,440.0
28.0,-88.0,-4.0,440.0
30.0,-88.0,-4.0,440.0
32.0,-88.0,-4.0,440.0
34.0,-88.0,-4.0,440.0
36.0,-88.0,-4.0,440.0
38.0,-88.0,-4.0,440.0
40.0,-88.0,-4.0,571.0
42.0,-88.0,-4.0,571.0
44.0,-88.0,-4.0,571.0
-46.0,-86.0,-4.0,510.0
-44.0,-86.0,-4.0,510.0
-42.0,-86.0,-4.0,510.0
-40.0,-86.0,-4.0,510.0
-38.0,-86.0,-4.0,510.0
-36.0,-86.0,-4.0,510.0
-34.0,-86.0,-4.0,510.0
-32.0,-86.0,-4.0,287.0
-30.0,-86.0,-4.0,287.0
-28.0,-86.0,-4.0,287.0
-20.0,-86.0,-4.0,287.0
-18.0,-86.0,-4.0,287.0
-16.0,-86.0,-4.0,64.0
-14.0,-86.0,-4.0,64.0
-12.0,-86.0,-4.0,64.0
-10.0,-86.0,-4.0,64.0
-8.0,-86.0,-4.0,64.0
-6.0,-86.0,-4.0,64.0
-4.0,-86.0,-4.0,230.0
-2.0,-86.0,-4.0,31.0
0.0,-86.0,-4.0,125.0
2.0,-86.0,-4.0,125.0
4.0,-86.0,-4.0,125.0
6.0,-86.0,-4.0,125.0
8.0,-86.0,-4.0,125.0
10.0,-86.0,-4.0,567.0
12.0,-86.0,-4.0,567.0
14.0,-86.0,-4.0,325.0
16.0,-86.0,-4.0,325.0
18.0,-86.0,-4.0,325.0
20.0,-86.0,-4.0,325.0
22.0,-86.0,-4.0,325.0
24.0,-86.0,-4.0,440.0
26.0,-86.0,-4.0,440.0
28.0,-86.0,-4.0,440.0
30.0,-86.0,-4.0,440.0
32.0,-86.0,-4.0,440.0
34.0,-86.0,-4.0,440.0
36.0,-86.0,-4.0,440.0
38.0,-86.0,-4.0,440.0
40.0,-86.0,-4.0,571.0
42.0,-86.0,-4.0,571.0
44.0,-86.0,-4.0,571.0
46.0,-86.0,-4.0,571.0
-48.0,-84.0,-4.0,510.0
-46.0,-84.0,-4.0,510.0
-44.0,-84.0,-4.0,510.0
-42.0,-84.0,-4.0,510.0
-40.0,-84.0,-4.0,510.0
-38.0,-84.0,-4.0,510.0
-36.0,-84.0,-4.0,510.0
-34.0,-84.0,-4.0,510.0
-32.0,-84.0,-4.0,287.0
-20.0,-84.0,-4.0,287.0
-18.0,-84.0,-4.0,64.0
-16.0,-84.0,-4.0,64.0
-14.0,-84.0,-4.0,64.0
-12.0,-84.0,-4.0,64.0
-10.0,-84.0,-4.0,64.0
-8.0,-84.0,-4.0,64.0
-6.0,-84.0,-4.0,64.0
-4.0,-84.0,-4.0,64.0
-2.0,-84.0,-4.0,31.0
0.0,-84.0,-4.0,31.0
2.0,-84.0,-4.0,31.0
4.0,-84.0,-4.0,31.0
6.0,-84.0,-4.0,125.0
8.0,-84.0,-4.0,567.0
10.0,-84.0,-4.0,567.0
12.0,-84.0,-4.0,567.0
14.0,-84.0,-4.0,567.0
16.0,-84.0,-4.0,567.0
18.0,-84.0,-4.0,325.0
20.0,-84.0,-4.0,325.0
22.0,-84.0,-4.0,325.0
24.0,-84.0,-4.0,440.0
26.0,-84.0,-4.0,440.0
28.0,-84.0,-4.0,440.0
30.0,-84.0,-4.0,440.0
32.0,-84.0,-4.0,440.0
34.0,-84.0,-4.0,440.0
36.0,-84.0,-4.0,440.0
38.0,-84.0,-4.0,569.0
40.0,-84.0,-4.0,569.0
42.0,-84.0,-4.0,571.0
44.0,-84.0,-4.0,571.0
46.0,-84.0,-4.0,571.0
48.0,-84.0,-4.0,571.0
-50.0,-82.0,-4.0,510.0
-48.0,-82.0,-4.0,510.0
-46.0,-82.0,-4.0,510.0
-44.0,-82.0,-4.0,510.0
-42.0,-82.0,-4.0,510.0
-40.0,-82.0,-4.0,510.0
-38.0,-82.0,-4.0,510.0
-36.0,-82.0,-4.0,510.0
-34.0,-82.0,-4.0,510.0
-32.0,-82.0,-4.0,287.0
-20.0,-82.0,-4.0,287.0
-18.0,-82.0,-4.0,64.0
-16.0,-82.0,-4.0,64.0
-14.0,-82.0,-4.0,64.0
-12.0,-82.0,-4.0,64.0
-10.0,-82.0,-4.0,64.0
-8.0,-82.0,-4.0,64.0
-6.0,-82.0,-4.0,64.0
-4.0,-82.0,-4.0,64.0
-2.0,-82.0,-4.0,31.0
0.0,-82.0,-4.0,31.0
2.0,-82.0,-4.0,31.0
4.0,-82.0,-4.0,31.0
6.0,-82.0,-4.0,362.0
8.0,-82.0,-4.0,362.0
10.0,-82.0,-4.0,362.0
12.0,-82.0,-4.0,362.0
14.0,-82.0,-4.0,362.0
16.0,-82.0,-4.0,464.0
18.0,-82.0,-4.0,464.0
20.0,-82.0,-4.0,464.0
22.0,-82.0,-4.0,464.0
24.0,-82.0,-4.0,440.0
26.0,-82.0,-4.0,440.0
28.0,-82.0,-4.0,440.0
30.0,-82.0,-4.0,440.0
32.0,-82.0,-4.0,440.0
34.0,-82.0,-4.0,440.0
36.0,-82.0,-4.0,569.0
38.0,-82.0,-4.0,569.0
40.0,-82.0,-4.0,569.0
42.0,-82.0,-4.0,569.0
44.0,-82.0,-4.0,571.0
46.0,-82.0,-4.0,571.0
48.0,-82.0,-4.0,571.0
-50.0,-80.0,-4.0,510.0
-48.0,-80.0,-4.0,510.0
-46.0,-80.0,-4.0,510.0
-44.0,-80.0,-4.0,510.0
-42.0,-80.0,-4.0,510.0
-40.0,-80.0,-4.0,510.0
-38.0,-80.0,-4.0,510.0
-36.0,-80.0,-4.0,510.0
-34.0,-80.0,-4.0,36.0
-20.0,-80.0,-4.0,287.0
-18.0,-80.0,-4.0,64.0
-16.0,-80.0,-4.0,64.0
-14.0,-80.0,-4.0,64.0
-12.0,-80.0,-4.0,64.0
-10.0,-80.0,-4.0,64.0
-8.0,-80.0,-4.0,64.0
-6.0,-80.0,-4.0,64.0
-4.0,-80.0,-4.0,450.0
-2.0,-80.0,-4.0,450.0
0.0,-80.0,-4.0,450.0
2.0,-80.0,-4.0,450.0
4.0,-80.0,-4.0,362.0
6.0,-80.0,-4.0,362.0
8.0,-80.0,-4.0,362.0
10.0,-80.0,-4.0,362.0
12.0,-80.0,-4.0,362.0
14.0,-80.0,-4.0,362.0
16.0,-80.0,-4.0,362.0
18.0,-80.0,-4.0,464.0
20.0,-80.0,-4.0,464.0
22.0,-80.0,-4.0,464.0
24.0,-80.0,-4.0,464.0
26.0,-80.0,-4.0,464.0
28.0,-80.0,-4.0,440.0
30.0,-80.0,-4.0,440.0
32.0,-80.0,-4.0,440.0
34.0,-80.0,-4.0,569.0
36.0,-80.0,-4.0,569.0
38.0,-80.0,-4.0,569.0
40.0,-80.0,-4.0,569.0
42.0,-80.0,-4.0,569.0
44.0,-80.0,-4.0,569.0
46.0,-80.0,-4.0,571.0
48.0,-80.0,-4.0,571.0
50.0,-80.0,-4.0,571.0
-52.0,-78.0,-4.0,552.0
-50.0,-78.0,-4.0,510.0
-48.0,-78.0,-4.0,510.0
-46.0,-78.0,-4.0,510.0
-44.0,-78.0,-4.0,510.0
-42.0,-78.0,-4.0,510.0
-40.0,-78.0,-4.0,36.0
-38.0,-78.0,-4.0,36.0
-36.0,-78.0,-4.0,36.0
-34.0,-78.0,-4.0,36.0
-22.0,-78.0,-4.0,287.0
-20.0,-78.0,-4.0,64.0
-18.0,-78.0,-4.0,64.0
-16.0,-78.0,-4.0,64.0
-14.0,-78.0,-4.0,64.0
-12.0,-78.0,-4.0,64.0
-10.0,-78.0,-4.0,64.0
-8.0,-78.0,-4.0,64.0
-6.0,-78.0,-4.0,64.0
-4.0,-78.0,-4.0,450.0
-2.0,-78.0,-4.0,450.0
0.0,-78.0,-4.0,450.0
2.0,-78.0,-4.0,450.0
4.0,-78.0,-4.0,362.0
6.0,-78.0,-4.0,362.0
8.0,-78.0,-4.0,362.0
10.0,-78.0,-4.0,362.0
12.0,-78.0,-4.0,362.0
14.0,-78.0,-4.0,362.0
16.0,-78.0,-4.0,362.0
18.0,-78.0,-4.0,464.0
20.0,-78.0,-4.0,464.0
22.0,-78.0,-4.0,464.0
24.0,-78.0,-4.0,464.0
26.0,-78.0,-4.0,464.0
28.0,-78.0,-4.0,464.0
30.0,-78.0,-4.0,587.0
32.0,-78.0,-4.0,569.0
34.0,-78.0,-4.0,569.0
36.0,-78.0,-4.0,569.0
38.0,-78.0,-4.0,569.0
40.0,-78.0,-4.0,569.0
42.0,-78.0,-4.0,569.0
44.0,-78.0,-4.0,569.0
46.0,-78.0,-4.0,277.0
48.0,-78.0,-4.0,277.0
50.0,-78.0,-4.0,277.0
52.0,-78.0,-4.0,277.0
-54.0,-76.0,-4.0,552.0
-52.0,-76.0,-4.0,552.0
-50.0,-76.0,-4.0,552.0
-48.0,-76.0,-4.0,552.0
-46.0,-76.0,-4.0,36.0
-44.0,-76.0,-4.0,36.0
-42.0,-76.0,-4.0,36.0
-40.0,-76.0,-4.0,36.0
-38.0,-76.0,-4.0,36.0
-36.0,-76.0,-4.0,36.0
-24.0,-76.0,-4.0,287.0
-22.0,-76.0,-4.0,287.0
-20.0,-76.0,-4.0,64.0
-18.0,-76.0,-4.0,64.0
-16.0,-76.0,-4.0,64.0
-14.0,-76.0,-4.0,64.0
-12.0,-76.0,-4.0,64.0
-10.0,-76.0,-4.0,64.0
-8.0,-76.0,-4.0,64.0
-6.0,-76.0,-4.0,450.0
-4.0,-76.0,-4.0,450.0
-2.0,-76.0,-4.0,450.0
0.0,-76.0,-4.0,450.0
2.0,-76.0,-4.0,450.0
4.0,-76.0,-4.0,362.0
6.0,-76.0,-4.0,362.0
8.0,-76.0,-4.0,362.0
10.0,-76.0,-4.0,362.0
12.0,-76.0,-4.0,362.0
14.0,-76.0,-4.0,362.0
16.0,-76.0,-4.0,362.0
18.0,-76.0,-4.0,464.0
20.0,-76.0,-4.0,464.0
22.0,-76.0,-4.0,464.0
24.0,-76.0,-4.0,464.0
26.0,-76.0,-4.0,464.0
28.0,-76.0,-4.0,587.0
30.0,-76.0,-4.0,587.0
32.0,-76.0,-4.0,587.0
34.0,-76.0,-4.0,587.0
36.0,-76.0,-4.0,569.0
38.0,-76.0,-4.0,569.0
40.0,-76.0,-4.0,569.0
42.0,-76.0,-4.0,569.0
44.0,-76.0,-4.0,569.0
46.0,-76.0,-4.0,277.0
48.0,-76.0,-4.0,277.0
50.0,-76.0,-4.0,277.0
52.0,-76.0,-4.0,277.0
54.0,-76.0,-4.0,277.0
-54.0,-74.0,-4.0,388.0
-52.0,-74.0,-4.0,388.0
-50.0,-74.0,-4.0,388.0
-48.0,-74.0,-4.0,552.0
-46.0,-74.0,-4.0,36.0
-44.0,-74.0,-4.0,36.0
-42.0,-74.0,-4.0,36.0
-40.0,-74.0,-4.0,36.0
-38.0,-74.0,-4.0,36.0
-24.0,-74.0,-4.0,272.0
-22.0,-74.0,-4.0,272.0
-20.0,-74.0,-4.0,272.0
-18.0,-74.0,-4.0,64.0
-16.0,-74.0,-4.0,64.0
-14.0,-74.0,-4.0,64.0
-12.0,-74.0,-4.0,64.0
-10.0,-74.0,-4.0,64.0
-8.0,-74.0,-4.0,450.0
-6.0,-74.0,-4.0,450.0
-4.0,-74.0,-4.0,450.0
-2.0,-74.0,-4.0,450.0
0.0,-74.0,-4.0,450.0
2.0,-74.0,-4.0,450.0
4.0,-74.0,-4.0,362.0
6.0,-74.0,-4.0,362.0
8.0,-74.0,-4.0,362.0
10.0,-74.0,-4.0,362.0
12.0,-74.0,-4.0,362.0
14.0,-74.0,-4.0,362.0
16.0,-74.0,-4.0,362.0
18.0,-74.0,-4.0,464.0
20.0,-74.0,-4.0,464.0
22.0,-74.0,-4.0,464.0
24.0,-74.0,-4.0,464.0
26.0,-74.0,-4.0,464.0
28.0,-74.0,-4.0,587.0
30.0,-74.0,-4.0,587.0
32.0,-74.0,-4.0,587.0
34.0,-74.0,-4.0,587.0
36.0,-74.0,-4.0,587.0
40.0,-74.0,-4.0,569.0
42.0,-74.0,-4.0,569.0
44.0,-74.0,-4.0,569.0
46.0,-74.0,-4.0,277.0
48.0,-74.0,-4.0,277.0
50.0,-74.0,-4.0,277.0
52.0,-74.0,-4.0,277.0
54.0,-74.0,-4.0,277.0
-56.0,-72.0,-4.0,388.0
-54.0,-72.0,-4.0,388.0
-52.0,-72.0,-4.0,388.0
-50.0,-72.0,-4.0,388.0
-48.0,-72.0,-4.0,388.0
-46.0,-72.0,-4.0,388.0
-44.0,-72.0,-4.0,36.0
-42.0,-72.0,-4.0,36.0
-40.0,-72.0,-4.0,36.0
-26.0,-72.0,-4.0,123.0
-24.0,-72.0,-4.0,272.0
-22.0,-72.0,-4.0,272.0
-20.0,-72.0,-4.0,272.0
-18.0,-72.0,-4.0,272.0
-16.0,-72.0,-4.0,64.0
-14.0,-72.0,-4.0,64.0
-12.0,-72.0,-4.0,64.0
-10.0,-72.0,-4.0,450.0
-8.0,-72.0,-4.0,450.0
-6.0,-72.0,-4.0,450.0
-4.0,-72.0,-4.0,450.0
2.0,-72.0,-4.0,450.0
4.0,-72.0,-4.0,362.0
6.0,-72.0,-4.0,362.0
8.0,-72.0,-4.0,362.0
10.0,-72.0,-4.0,362.0
12.0,-72.0,-4.0,362.0
14.0,-72.0,-4.0,362.0
16.0,-72.0,-4.0,362.0
18.0,-72.0,-4.0,431.0
20.0,-72.0,-4.0,464.0
22.0,-72.0,-4.0,464.0
24.0,-72.0,-4.0,357.0
26.0,-72.0,-4.0,357.0
34.0,-72.0,-4.0,587.0
36.0,-72.0,-4.0,587.0
38.0,-72.0,-4.0,587.0
40.0,-72.0,-4.0,587.0
42.0,-72.0,-4.0,587.0
44.0,-72.0,-4.0,569.0
46.0,-72.0,-4.0,277.0
48.0,-72.0,-4.0,277.0
50.0,-72.0,-4.0,277.0
52.0,-72.0,-4.0,277.0
54.0,-72.0,-4.0,277.0
56.0,-72.0,-4.0,277.0
-56.0,-70.0,-4.0,388.0
-54.0,-70.0,-4.0,388.0
-52.0,-70.0,-4.0,388.0
-50.0,-70.0,-4.0,388.0
-48.0,-70.0,-4.0,388.0
-46.0,-70.0,-4.0,388.0
-44.0,-70.0,-4.0,36.0
-42.0,-70.0,-4.0,36.0
-40.0,-70.0,-4.0,36.0
-26.0,-70.0,-4.0,123.0
-24.0,-70.0,-4.0,272.0
-22.0,-70.0,-4.0,272.0
-20.0,-70.0,-4.0,272.0
-18.0,-70.0,-4.0,272.0
-16.0,-70.0,-4.0,272.0
-14.0,-70.0,-4.0,64.0
-12.0,-70.0,-4.0,64.0
-10.0,-70.0,-4.0,450.0
-8.0,-70.0,-4.0,450.0
-6.0,-70.0,-4.0,450.0
-4.0,-70.0,-4.0,450.0
2.0,-70.0,-4.0,450.0
4.0,-70.0,-4.0,362.0
6.0,-70.0,-4.0,362.0
8.0,-70.0,-4.0,362.0
10.0,-70.0,-4.0,362.0
12.0,-70.0,-4.0,362.0
14.0,-70.0,-4.0,362.0
16.0,-70.0,-4.0,362.0
18.0,-70.0,-4.0,431.0
20.0,-70.0,-4.0,357.0
22.0,-70.0,-4.0,357.0
24.0,-70.0,-4.0,357.0
26.0,-70.0,-4.0,357.0
38.0,-70.0,-4.0,587.0
40.0,-70.0,-4.0,587.0
42.0,-70.0,-4.0,587.0
44.0,-70.0,-4.0,373.0
46.0,-70.0,-4.0,373.0
48.0,-70.0,-4.0,373.0
50.0,-70.0,-4.0,373.0
52.0,-70.0,-4.0,277.0
54.0,-70.0,-4.0,277.0
56.0,-70.0,-4.0,277.0
-58.0,-68.0,-4.0,388.0
-56.0,-68.0,-4.0,388.0
-54.0,-68.0,-4.0,388.0
-52.0,-68.0,-4.0,388.0
-50.0,-68.0,-4.0,388.0
-48.0,-68.0,-4.0,388.0
-46.0,-68.0,-4.0,388.0
-44.0,-68.0,-4.0,388.0
-42.0,-68.0,-4.0,36.0
-28.0,-68.0,-4.0,123.0
-26.0,-68.0,-4.0,123.0
-24.0,-68.0,-4.0,272.0
-22.0,-68.0,-4.0,272.0
-20.0,-68.0,-4.0,272.0
-16.0,-68.0,-4.0,272.0
-14.0,-68.0,-4.0,272.0
-12.0,-68.0,-4.0,450.0
-10.0,-68.0,-4.0,450.0
-8.0,-68.0,-4.0,450.0
-6.0,-68.0,-4.0,450.0
4.0,-68.0,-4.0,362.0
6.0,-68.0,-4.0,362.0
8.0,-68.0,-4.0,362.0
10.0,-68.0,-4.0,362.0
12.0,-68.0,-4.0,362.0
14.0,-68.0,-4.0,362.0
16.0,-68.0,-4.0,431.0
18.0,-68.0,-4.0,431.0
20.0,-68.0,-4.0,357.0
22.0,-68.0,-4.0,357.0
24.0,-68.0,-4.0,357.0
26.0,-68.0,-4.0,357.0
38.0,-68.0,-4.0,587.0
40.0,-68.0,-4.0,587.0
42.0,-68.0,-4.0,373.0
44.0,-68.0,-4.0,373.0
46.0,-68.0,-4.0,373.0
48.0,-68.0,-4.0,373.0
50.0,-68.0,-4.0,373.0
52.0,-68.0,-4.0,373.0
54.0,-68.0,-4.0,373.0
-58.0,-66.0,-4.0,388.0
-56.0,-66.0,-4.0,388.0
-54.0,-66.0,-4.0,388.0
-52.0,-66.0,-4.0,388.0
-50.0,-66.0,-4.0,388.0
-48.0,-66.0,-4.0,388.0
-46.0,-66.0,-4.0,388.0
-44.0,-66.0,-4.0,388.0
-28.0,-66.0,-4.0,123.0
-26.0,-66.0,-4.0,123.0
-24.0,-66.0,-4.0,123.0
-22.0,-66.0,-4.0,272.0
-20.0,-66.0,-4.0,272.0
-18.0,-66.0,-4.0,272.0
-16.0,-66.0,-4.0,272.0
-14.0,-66.0,-4.0,272.0
-12.0,-66.0,-4.0,272.0
-10.0,-66.0,-4.0,450.0
-8.0,-66.0,-4.0,450.0
-6.0,-66.0,-4.0,450.0
6.0,-66.0,-4.0,362.0
8.0,-66.0,-4.0,362.0
10.0,-66.0,-4.0,362.0
12.0,-66.0,-4.0,362.0
14.0,-66.0,-4.0,431.0
16.0,-66.0,-4.0,431.0
18.0,-66.0,-4.0,431.0
20.0,-66.0,-4.0,357.0
22.0,-66.0,-4.0,357.0
24.0,-66.0,-4.0,357.0
26.0,-66.0,-4.0,357.0
38.0,-66.0,-4.0,587.0
40.0,-66.0,-4.0,373.0
42.0,-66.0,-4.0,373.0
44.0,-66.0,-4.0,373.0
46.0,-66.0,-4.0,373.0
48.0,-66.0,-4.0,373.0
50.0,-66.0,-4.0,373.0
52.0,-66.0,-4.0,373.0
54.0,-66.0,-4.0,373.0
56.0,-66.0,-4.0,373.0
58.0,-66.0,-4.0,373.0
-60.0,-64.0,-4.0,388.0
-58.0,-64.0,-4.0,388.0
-56.0,-64.0,-4.0,388.0
-54.0,-64.0,-4.0,388.0
-52.0,-64.0,-4.0,388.0
-50.0,-64.0,-4.0,388.0
-48.0,-64.0,-4.0,388.0
-46.0,-64.0,-4.0,388.0
-28.0,-64.0,-4.0,123.0
-26.0,-64.0,-4.0,123.0
-24.0,-64.0,-4.0,123.0
-22.0,-64.0,-4.0,272.0
-20.0,-64.0,-4.0,272.0
-18.0,-64.0,-4.0,272.0
-16.0,-64.0,-4.0,272.0
-14.0,-64.0,-4.0,272.0
-12.0,-64.0,-4.0,272.0
-10.0,-64.0,-4.0,450.0
-8.0,-64.0,-4.0,450.0
8.0,-64.0,-4.0,362.0
10.0,-64.0,-4.0,362.0
12.0,-64.0,-4.0,362.0
14.0,-64.0,-4.0,431.0
16.0,-64.0,-4.0,431.0
18.0,-64.0,-4.0,431.0
20.0,-64.0,-4.0,357.0
22.0,-64.0,-4.0,357.0
24.0,-64.0,-4.0,357.0
26.0,-64.0,-4.0,357.0
38.0,-64.0,-4.0,373.0
40.0,-64.0,-4.0,373.0
42.0,-64.0,-4.0,373.0
44.0,-64.0,-4.0,373.0
46.0,-64.0,-4.0,373.0
48.0,-64.0,-4.0,373.0
50.0,-64.0,-4.0,373.0
52.0,-64.0,-4.0,373.0
54.0,-64.0,-4.0,373.0
56.0,-64.0,-4.0,373.0
58.0,-64.0,-4.0,11.0
60.0,-64.0,-4.0,11.0
-62.0,-62.0,-4.0,388.0
-60.0,-62.0,-4.0,388.0
-58.0,-62.0,-4.0,388.0
-56.0,-62.0,-4.0,388.0
-54.0,-62.0,-4.0,388.0
-52.0,-62.0,-4.0,388.0
-50.0,-62.0,-4.0,388.0
-48.0,-62.0,-4.0,388.0
-46.0,-62.0,-4.0,388.0
-44.0,-62.0,-4.0,388.0
-28.0,-62.0,-4.0,123.0
-26.0,-62.0,-4.0,123.0
-24.0,-62.0,-4.0,547.0
-20.0,-62.0,-4.0,547.0
-18.0,-62.0,-4.0,272.0
-16.0,-62.0,-4.0,371.0
-14.0,-62.0,-4.0,371.0
-12.0,-62.0,-4.0,371.0
-10.0,-62.0,-4.0,450.0
-8.0,-62.0,-4.0,450.0
10.0,-62.0,-4.0,303.0
12.0,-62.0,-4.0,303.0
14.0,-62.0,-4.0,303.0
16.0,-62.0,-4.0,303.0
18.0,-62.0,-4.0,303.0
20.0,-62.0,-4.0,303.0
22.0,-62.0,-4.0,357.0
24.0,-62.0,-4.0,357.0
26.0,-62.0,-4.0,357.0
40.0,-62.0,-4.0,373.0
42.0,-62.0,-4.0,373.0
44.0,-62.0,-4.0,373.0
46.0,-62.0,-4.0,373.0
48.0,-62.0,-4.0,373.0
50.0,-62.0,-4.0,373.0
52.0,-62.0,-4.0,373.0
54.0,-62.0,-4.0,373.0
56.0,-62.0,-4.0,373.0
58.0,-62.0,-4.0,11.0
60.0,-62.0,-4.0,11.0
62.0,-62.0,-4.0,11.0
-62.0,-60.0,-4.0,388.0
-60.0,-60.0,-4.0,388.0
-58.0,-60.0,-4.0,388.0
-56.0,-60.0,-4.0,388.0
-54.0,-60.0,-4.0,388.0
-52.0,-60.0,-4.0,388.0
-50.0,-60.0,-4.0,388.0
-48.0,-60.0,-4.0,388.0
-46.0,-60.0,-4.0,79.0
-44.0,-60.0,-4.0,79.0
-28.0,-60.0,-4.0,123.0
-26.0,-60.0,-4.0,547.0
-20.0,-60.0,-4.0,547.0
-18.0,-60.0,-4.0,371.0
-16.0,-60.0,-4.0,371.0
-14.0,-60.0,-4.0,371.0
-12.0,-60.0,-4.0,371.0
-10.0,-60.0,-4.0,371.0
-8.0,-60.0,-4.0,371.0
10.0,-60.0,-4.0,303.0
12.0,-60.0,-4.0,303.0
14.0,-60.0,-4.0,303.0
16.0,-60.0,-4.0,303.0
18.0,-60.0,-4.0,303.0
20.0,-60.0,-4.0,303.0
22.0,-60.0,-4.0,303.0
24.0,-60.0,-4.0,357.0
26.0,-60.0,-4.0,357.0
46.0,-60.0,-4.0,373.0
48.0,-60.0,-4.0,373.0
50.0,-60.0,-4.0,373.0
52.0,-60.0,-4.0,373.0
54.0,-60.0,-4.0,373.0
56.0,-60.0,-4.0,373.0
58.0,-60.0,-4.0,11.0
60.0,-60.0,-4.0,11.0
62.0,-60.0,-4.0,11.0
64.0,-60.0,-4.0,11.0
-64.0,-58.0,-4.0,495.0
-62.0,-58.0,-4.0,225.0
-60.0,-58.0,-4.0,225.0
-58.0,-58.0,-4.0,225.0
-56.0,-58.0,-4.0,225.0
-54.0,-58.0,-4.0,225.0
-52.0,-58.0,-4.0,225.0
-50.0,-58.0,-4.0,225.0
-48.0,-58.0,-4.0,79.0
-46.0,-58.0,-4.0,79.0
-44.0,-58.0,-4.0,79.0
-42.0,-58.0,-4.0,79.0
-28.0,-58.0,-4.0,547.0
-20.0,-58.0,-4.0,547.0
-18.0,-58.0,-4.0,371.0
-16.0,-58.0,-4.0,371.0
-14.0,-58.0,-4.0,371.0
-12.0,-58.0,-4.0,371.0
-10.0,-58.0,-4.0,371.0
8.0,-58.0,-4.0,303.0
10.0,-58.0,-4.0,303.0
12.0,-58.0,-4.0,303.0
14.0,-58.0,-4.0,303.0
16.0,-58.0,-4.0,303.0
18.0,-58.0,-4.0,303.0
20.0,-58.0,-4.0,303.0
22.0,-58.0,-4.0,303.0
24.0,-58.0,-4.0,451.0
26.0,-58.0,-4.0,451.0
48.0,-58.0,-4.0,373.0
50.0,-58.0,-4.0,373.0
52.0,-58.0,-4.0,373.0
54.0,-58.0,-4.0,373.0
56.0,-58.0,-4.0,581.0
58.0,-58.0,-4.0,11.0
60.0,-58.0,-4.0,11.0
62.0,-58.0,-4.0,11.0
64.0,-58.0,-4.0,11.0
-64.0,-56.0,-4.0,495.0
-62.0,-56.0,-4.0,225.0
-60.0,-56.0,-4.0,225.0
-58.0,-56.0,-4.0,225.0
-56.0,-56.0,-4.0,225.0
-54.0,-56.0,-4.0,225.0
-52.0,-56.0,-4.0,225.0
-50.0,-56.0,-4.0,225.0
-48.0,-56.0,-4.0,79.0
-46.0,-56.0,-4.0,79.0
-44.0,-56.0,-4.0,79.0
-42.0,-56.0,-4.0,79.0
-26.0,-56.0,-4.0,547.0
-24.0,-56.0,-4.0,547.0
-22.0,-56.0,-4.0,547.0
-20.0,-56.0,-4.0,547.0
-18.0,-56.0,-4.0,371.0
-16.0,-56.0,-4.0,371.0
-14.0,-56.0,-4.0,371.0
-12.0,-56.0,-4.0,371.0
-10.0,-56.0,-4.0,371.0
10.0,-56.0,-4.0,303.0
12.0,-56.0,-4.0,303.0
14.0,-56.0,-4.0,303.0
16.0,-56.0,-4.0,303.0
18.0,-56.0,-4.0,513.0
20.0,-56.0,-4.0,513.0
22.0,-56.0,-4.0,451.0
24.0,-56.0,-4.0,451.0
26.0,-56.0,-4.0,451.0
50.0,-56.0,-4.0,373.0
52.0,-56.0,-4.0,581.0
54.0,-56.0,-4.0,581.0
56.0,-56.0,-4.0,581.0
58.0,-56.0,-4.0,11.0
60.0,-56.0,-4.0,11.0
62.0,-56.0,-4.0,11.0
64.0,-56.0,-4.0,11.0
-66.0,-54.0,-4.0,495.0
-64.0,-54.0,-4.0,495.0
-62.0,-54.0,-4.0,225.0
-60.0,-54.0,-4.0,225.0
-58.0,-54.0,-4.0,225.0
-56.0,-54.0,-4.0,225.0
-54.0,-54.0,-4.0,225.0
-52.0,-54.0,-4.0,225.0
-50.0,-54.0,-4.0,79.0
-48.0,-54.0,-4.0,79.0
-46.0,-54.0,-4.0,79.0
-44.0,-54.0,-4.0,79.0
-42.0,-54.0,-4.0,79.0
-26.0,-54.0,-4.0,547.0
-24.0,-54.0,-4.0,547.0
-22.0,-54.0,-4.0,547.0
-20.0,-54.0,-4.0,371.0
-18.0,-54.0,-4.0,371.0
-16.0,-54.0,-4.0,371.0
-14.0,-54.0,-4.0,371.0
-12.0,-54.0,-4.0,371.0
10.0,-54.0,-4.0,441.0
12.0,-54.0,-4.0,441.0
14.0,-54.0,-4.0,441.0
16.0,-54.0,-4.0,513.0
18.0,-54.0,-4.0,513.0
20.0,-54.0,-4.0,513.0
22.0,-54.0,-4.0,513.0
24.0,-54.0,-4.0,513.0
52.0,-54.0,-4.0,581.0
54.0,-54.0,-4.0,581.0
56.0,-54.0,-4.0,581.0
58.0,-54.0,-4.0,581.0
60.0,-54.0,-4.0,11.0
62.0,-54.0,-4.0,11.0
64.0,-54.0,-4.0,11.0
66.0,-54.0,-4.0,11.0
-66.0,-52.0,-4.0,535.0
-64.0,-52.0,-4.0,535.0
-62.0,-52.0,-4.0,137.0
-60.0,-52.0,-4.0,137.0
-58.0,-52.0,-4.0,137.0
-56.0,-52.0,-4.0,137.0
-54.0,-52.0,-4.0,137.0
-52.0,-52.0,-4.0,137.0
-50.0,-52.0,-4.0,137.0
-48.0,-52.0,-4.0,79.0
-46.0,-52.0,-4.0,79.0
-44.0,-52.0,-4.0,79.0
-28.0,-52.0,-4.0,547.0
-26.0,-52.0,-4.0,547.0
-24.0,-52.0,-4.0,547.0
-22.0,-52.0,-4.0,547.0
-20.0,-52.0,-4.0,371.0
-18.0,-52.0,-4.0,371.0
-16.0,-52.0,-4.0,371.0
-14.0,-52.0,-4.0,371.0
-12.0,-52.0,-4.0,371.0
12.0,-52.0,-4.0,441.0
14.0,-52.0,-4.0,513.0
16.0,-52.0,-4.0,513.0
18.0,-52.0,-4.0,513.0
20.0,-52.0,-4.0,513.0
22.0,-52.0,-4.0,513.0
24.0,-52.0,-4.0,513.0
50.0,-52.0,-4.0,581.0
52.0,-52.0,-4.0,581.0
54.0,-52.0,-4.0,581.0
56.0,-52.0,-4.0,581.0
58.0,-52.0,-4.0,581.0
60.0,-52.0,-4.0,581.0
62.0,-52.0,-4.0,11.0
64.0,-52.0,-4.0,11.0
66.0,-52.0,-4.0,11.0
-68.0,-50.0,-4.0,535.0
-66.0,-50.0,-4.0,535.0
-64.0,-50.0,-4.0,535.0
-62.0,-50.0,-4.0,535.0
-60.0,-50.0,-4.0,137.0
-58.0,-50.0,-4.0,137.0
-56.0,-50.0,-4.0,137.0
-54.0,-50.0,-4.0,137.0
-52.0,-50.0,-4.0,137.0
-50.0,-50.0,-4.0,137.0
-48.0,-50.0,-4.0,137.0
-46.0,-50.0,-4.0,79.0
-28.0,-50.0,-4.0,547.0
-26.0,-50.0,-4.0,547.0
-24.0,-50.0,-4.0,547.0
-22.0,-50.0,-4.0,47.0
-20.0,-50.0,-4.0,371.0
-18.0,-50.0,-4.0,371.0
-16.0,-50.0,-4.0,371.0
-14.0,-50.0,-4.0,371.0
-12.0,-50.0,-4.0,371.0
12.0,-50.0,-4.0,513.0
14.0,-50.0,-4.0,513.0
16.0,-50.0,-4.0,513.0
18.0,-50.0,-4.0,513.0
20.0,-50.0,-4.0,513.0
22.0,-50.0,-4.0,513.0
24.0,-50.0,-4.0,513.0
50.0,-50.0,-4.0,581.0
52.0,-50.0,-4.0,581.0
54.0,-50.0,-4.0,581.0
56.0,-50.0,-4.0,581.0
58.0,-50.0,-4.0,581.0
60.0,-50.0,-4.0,581.0
62.0,-50.0,-4.0,581.0
64.0,-50.0,-4.0,11.0
66.0,-50.0,-4.0,11.0
-68.0,-48.0,-4.0,535.0
-66.0,-48.0,-4.0,535.0
-64.0,-48.0,-4.0,535.0
-62.0,-48.0,-4.0,535.0
-60.0,-48.0,-4.0,535.0
-58.0,-48.0,-4.0,137.0
-56.0,-48.0,-4.0,137.0
-54.0,-48.0,-4.0,137.0
-52.0,-48.0,-4.0,137.0
-50.0,-48.0,-4.0,137.0
-48.0,-48.0,-4.0,137.0
-28.0,-48.0,-4.0,547.0
-26.0,-48.0,-4.0,47.0
-24.0,-48.0,-4.0,47.0
-22.0,-48.0,-4.0,47.0
-20.0,-48.0,-4.0,47.0
-18.0,-48.0,-4.0,371.0
-16.0,-48.0,-4.0,371.0
-14.0,-48.0,-4.0,371.0
-12.0,-48.0,-4.0,371.0
12.0,-48.0,-4.0,513.0
14.0,-48.0,-4.0,513.0
16.0,-48.0,-4.0,513.0
18.0,-48.0,-4.0,513.0
20.0,-48.0,-4.0,513.0
22.0,-48.0,-4.0,513.0
24.0,-48.0,-4.0,513.0
50.0,-48.0,-4.0,581.0
52.0,-48.0,-4.0,581.0
54.0,-48.0,-4.0,581.0
56.0,-48.0,-4.0,581.0
58.0,-48.0,-4.0,581.0
60.0,-48.0,-4.0,581.0
62.0,-48.0,-4.0,581.0
64.0,-48.0,-4.0,581.0
66.0,-48.0,-4.0,11.0
-68.0,-46.0,-4.0,535.0
-66.0,-46.0,-4.0,535.0
-64.0,-46.0,-4.0,535.0
-62.0,-46.0,-4.0,535.0
-60.0,-46.0,-4.0,535.0
-58.0,-46.0,-4.0,137.0
-56.0,-46.0,-4.0,137.0
-54.0,-46.0,-4.0,137.0
-28.0,-46.0,-4.0,47.0
-26.0,-46.0,-4.0,47.0
-24.0,-46.0,-4.0,47.0
-22.0,-46.0,-4.0,47.0
-20.0,-46.0,-4.0,47.0
-18.0,-46.0,-4.0,371.0
-16.0,-46.0,-4.0,371.0
-14.0,-46.0,-4.0,371.0
14.0,-46.0,-4.0,513.0
16.0,-46.0,-4.0,513.0
18.0,-46.0,-4.0,513.0
20.0,-46.0,-4.0,513.0
22.0,-46.0,-4.0,513.0
50.0,-46.0,-4.0,581.0
52.0,-46.0,-4.0,581.0
54.0,-46.0,-4.0,581.0
56.0,-46.0,-4.0,581.0
58.0,-46.0,-4.0,581.0
60.0,-46.0,-4.0,581.0
62.0,-46.0,-4.0,581.0
64.0,-46.0,-4.0,581.0
66.0,-46.0,-4.0,11.0
68.0,-46.0,-4.0,11.0
-70.0,-44.0,-4.0,535.0
-68.0,-44.0,-4.0,535.0
-66.0,-44.0,-4.0,535.0
-64.0,-44.0,-4.0,535.0
-62.0,-44.0,-4.0,535.0
-60.0,-44.0,-4.0,535.0
-58.0,-44.0,-4.0,535.0
-56.0,-44.0,-4.0,137.0
-26.0,-44.0,-4.0,47.0
-24.0,-44.0,-4.0,47.0
-22.0,-44.0,-4.0,47.0
-20.0,-44.0,-4.0,47.0
-18.0,-44.0,-4.0,47.0
-16.0,-44.0,-4.0,371.0
-14.0,-44.0,-4.0,371.0
10.0,-44.0,-4.0,513.0
12.0,-44.0,-4.0,513.0
14.0,-44.0,-4.0,513.0
16.0,-44.0,-4.0,513.0
18.0,-44.0,-4.0,513.0
20.0,-44.0,-4.0,513.0
50.0,-44.0,-4.0,581.0
52.0,-44.0,-4.0,581.0
54.0,-44.0,-4.0,581.0
56.0,-44.0,-4.0,581.0
58.0,-44.0,-4.0,581.0
60.0,-44.0,-4.0,581.0
62.0,-44.0,-4.0,581.0
64.0,-44.0,-4.0,581.0
66.0,-44.0,-4.0,581.0
68.0,-44.0,-4.0,11.0
-70.0,-42.0,-4.0,535.0
-68.0,-42.0,-4.0,535.0
-66.0,-42.0,-4.0,535.0
-64.0,-42.0,-4.0,535.0
-62.0,-42.0,-4.0,535.0
-60.0,-42.0,-4.0,535.0
-58.0,-42.0,-4.0,535.0
-56.0,-42.0,-4.0,137.0
-22.0,-42.0,-4.0,47.0
-20.0,-42.0,-4.0,47.0
-18.0,-42.0,-4.0,47.0
-16.0,-42.0,-4.0,371.0
10.0,-42.0,-4.0,513.0
12.0,-42.0,-4.0,513.0
14.0,-42.0,-4.0,513.0
16.0,-42.0,-4.0,513.0
18.0,-42.0,-4.0,513.0
50.0,-42.0,-4.0,581.0
52.0,-42.0,-4.0,581.0
54.0,-42.0,-4.0,581.0
56.0,-42.0,-4.0,581.0
58.0,-42.0,-4.0,581.0
60.0,-42.0,-4.0,581.0
62.0,-42.0,-4.0,133.0
64.0,-42.0,-4.0,133.0
66.0,-42.0,-4.0,133.0
68.0,-42.0,-4.0,133.0
-70.0,-40.0,-4.0,535.0
-68.0,-40.0,-4.0,535.0
-66.0,-40.0,-4.0,535.0
-64.0,-40.0,-4.0,535.0
-62.0,-40.0,-4.0,535.0
-60.0,-40.0,-4.0,535.0
-58.0,-40.0,-4.0,535.0
-56.0,-40.0,-4.0,535.0
-54.0,-40.0,-4.0,137.0
-22.0,-40.0,-4.0,492.0
-20.0,-40.0,-4.0,492.0
-18.0,-40.0,-4.0,47.0
-10.0,-40.0,-4.0,371.0
10.0,-40.0,-4.0,513.0
12.0,-40.0,-4.0,513.0
14.0,-40.0,-4.0,513.0
16.0,-40.0,-4.0,513.0
48.0,-40.0,-4.0,581.0
50.0,-40.0,-4.0,581.0
52.0,-40.0,-4.0,581.0
54.0,-40.0,-4.0,581.0
56.0,-40.0,-4.0,581.0
58.0,-40.0,-4.0,133.0
60.0,-40.0,-4.0,133.0
62.0,-40.0,-4.0,133.0
64.0,-40.0,-4.0,133.0
66.0,-40.0,-4.0,133.0
68.0,-40.0,-4.0,133.0
70.0,-40.0,-4.0,184.0
-70.0,-38.0,-4.0,535.0
-68.0,-38.0,-4.0,535.0
-66.0,-38.0,-4.0,535.0
-64.0,-38.0,-4.0,535.0
-62.0,-38.0,-4.0,535.0
-60.0,-38.0,-4.0,535.0
-58.0,-38.0,-4.0,535.0
-56.0,-38.0,-4.0,535.0
-54.0,-38.0,-4.0,59.0
-52.0,-38.0,-4.0,59.0
-50.0,-38.0,-4.0,59.0
10.0,-38.0,-4.0,513.0
12.0,-38.0,-4.0,513.0
14.0,-38.0,-4.0,513.0
16.0,-38.0,-4.0,513.0
46.0,-38.0,-4.0,581.0
48.0,-38.0,-4.0,581.0
50.0,-38.0,-4.0,581.0
52.0,-38.0,-4.0,133.0
54.0,-38.0,-4.0,133.0
56.0,-38.0,-4.0,133.0
58.0,-38.0,-4.0,133.0
60.0,-38.0,-4.0,133.0
62.0,-38.0,-4.0,133.0
64.0,-38.0,-4.0,133.0
66.0,-38.0,-4.0,133.0
68.0,-38.0,-4.0,184.0
70.0,-38.0,-4.0,184.0
-70.0,-36.0,-4.0,535.0
-68.0,-36.0,-4.0,535.0
-66.0,-36.0,-4.0,535.0
-64.0,-36.0,-4.0,535.0
-62.0,-36.0,-4.0,535.0
-60.0,-36.0,-4.0,535.0
-58.0,-36.0,-4.0,529.0
-56.0,-36.0,-4.0,529.0
-54.0,-36.0,-4.0,59.0
-52.0,-36.0,-4.0,59.0
-50.0,-36.0,-4.0,59.0
-48.0,-36.0,-4.0,59.0
12.0,-36.0,-4.0,513.0
14.0,-36.0,-4.0,513.0
16.0,-36.0,-4.0,513.0
46.0,-36.0,-4.0,581.0
48.0,-36.0,-4.0,133.0
50.0,-36.0,-4.0,133.0
52.0,-36.0,-4.0,133.0
54.0,-36.0,-4.0,133.0
56.0,-36.0,-4.0,133.0
58.0,-36.0,-4.0,133.0
60.0,-36.0,-4.0,133.0
62.0,-36.0,-4.0,133.0
64.0,-36.0,-4.0,184.0
66.0,-36.0,-4.0,184.0
68.0,-36.0,-4.0,184.0
70.0,-36.0,-4.0,184.0
-72.0,-34.0,-4.0,529.0
-70.0,-34.0,-4.0,529.0
-68.0,-34.0,-4.0,529.0
-66.0,-34.0,-4.0,529.0
-64.0,-34.0,-4.0,529.0
-62.0,-34.0,-4.0,529.0
-60.0,-34.0,-4.0,529.0
-58.0,-34.0,-4.0,529.0
-56.0,-34.0,-4.0,529.0
-54.0,-34.0,-4.0,59.0
-52.0,-34.0,-4.0,59.0
-50.0,-34.0,-4.0,59.0
-48.0,-34.0,-4.0,59.0
46.0,-34.0,-4.0,211.0
48.0,-34.0,-4.0,133.0
50.0,-34.0,-4.0,133.0
52.0,-34.0,-4.0,133.0
54.0,-34.0,-4.0,133.0
56.0,-34.0,-4.0,133.0
58.0,-34.0,-4.0,133.0
60.0,-34.0,-4.0,133.0
62.0,-34.0,-4.0,184.0
64.0,-34.0,-4.0,184.0
66.0,-34.0,-4.0,184.0
68.0,-34.0,-4.0,184.0
70.0,-34.0,-4.0,184.0
-72.0,-32.0,-4.0,529.0
-70.0,-32.0,-4.0,529.0
-68.0,-32.0,-4.0,529.0
-66.0,-32.0,-4.0,529.0
-64.0,-32.0,-4.0,529.0
-62.0,-32.0,-4.0,529.0
-60.0,-32.0,-4.0,529.0
-58.0,-32.0,-4.0,529.0
-56.0,-32.0,-4.0,529.0
-54.0,-32.0,-4.0,529.0
-52.0,-32.0,-4.0,59.0
-50.0,-32.0,-4.0,59.0
-48.0,-32.0,-4.0,59.0
46.0,-32.0,-4.0,321.0
48.0,-32.0,-4.0,321.0
50.0,-32.0,-4.0,133.0
52.0,-32.0,-4.0,133.0
54.0,-32.0,-4.0,133.0
56.0,-32.0,-4.0,133.0
58.0,-32.0,-4.0,184.0
60.0,-32.0,-4.0,184.0
62.0,-32.0,-4.0,184.0
64.0,-32.0,-4.0,184.0
66.0,-32.0,-4.0,184.0
68.0,-32.0,-4.0,184.0
-72.0,-30.0,-4.0,529.0
-70.0,-30.0,-4.0,529.0
-68.0,-30.0,-4.0,529.0
-66.0,-30.0,-4.0,529.0
-64.0,-30.0,-4.0,529.0
-62.0,-30.0,-4.0,529.0
-60.0,-30.0,-4.0,529.0
-58.0,-30.0,-4.0,529.0
-56.0,-30.0,-4.0,529.0
-54.0,-30.0,-4.0,529.0
-52.0,-30.0,-4.0,59.0
-50.0,-30.0,-4.0,59.0
-48.0,-30.0,-4.0,59.0
-46.0,-30.0,-4.0,59.0
48.0,-30.0,-4.0,321.0
50.0,-30.0,-4.0,321.0
52.0,-30.0,-4.0,321.0
54.0,-30.0,-4.0,436.0
56.0,-30.0,-4.0,184.0
58.0,-30.0,-4.0,184.0
60.0,-30.0,-4.0,184.0
62.0,-30.0,-4.0,184.0
64.0,-30.0,-4.0,184.0
66.0,-30.0,-4.0,184.0
68.0,-30.0,-4.0,184.0
70.0,-30.0,-4.0,184.0
-72.0,-28.0,-4.0,529.0
-70.0,-28.0,-4.0,529.0
-68.0,-28.0,-4.0,529.0
-66.0,-28.0,-4.0,529.0
-64.0,-28.0,-4.0,529.0
-62.0,-28.0,-4.0,529.0
-60.0,-28.0,-4.0,529.0
-58.0,-28.0,-4.0,529.0
-56.0,-28.0,-4.0,529.0
-54.0,-28.0,-4.0,529.0
-52.0,-28.0,-4.0,529.0
-50.0,-28.0,-4.0,59.0
-48.0,-28.0,-4.0,59.0
-46.0,-28.0,-4.0,59.0
-44.0,-28.0,-4.0,59.0
50.0,-28.0,-4.0,321.0
52.0,-28.0,-4.0,321.0
54.0,-28.0,-4.0,436.0
56.0,-28.0,-4.0,436.0
58.0,-28.0,-4.0,184.0
60.0,-28.0,-4.0,184.0
62.0,-28.0,-4.0,184.0
64.0,-28.0,-4.0,184.0
66.0,-28.0,-4.0,184.0
68.0,-28.0,-4.0,184.0
70.0,-28.0,-4.0,184.0
-70.0,-26.0,-4.0,529.0
-68.0,-26.0,-4.0,529.0
-66.0,-26.0,-4.0,529.0
-64.0,-26.0,-4.0,529.0
-62.0,-26.0,-4.0,529.0
-60.0,-26.0,-4.0,529.0
-58.0,-26.0,-4.0,529.0
-56.0,-26.0,-4.0,529.0
-54.0,-26.0,-4.0,529.0
-52.0,-26.0,-4.0,529.0
-50.0,-26.0,-4.0,131.0
-48.0,-26.0,-4.0,131.0
-46.0,-26.0,-4.0,131.0
-44.0,-26.0,-4.0,131.0
50.0,-26.0,-4.0,321.0
52.0,-26.0,-4.0,321.0
54.0,-26.0,-4.0,321.0
56.0,-26.0,-4.0,436.0
58.0,-26.0,-4.0,184.0
60.0,-26.0,-4.0,184.0
62.0,-26.0,-4.0,184.0
64.0,-26.0,-4.0,184.0
66.0,-26.0,-4.0,184.0
68.0,-26.0,-4.0,184.0
-70.0,-24.0,-4.0,529.0
-68.0,-24.0,-4.0,529.0
-66.0,-24.0,-4.0,529.0
-64.0,-24.0,-4.0,529.0
-62.0,-24.0,-4.0,529.0
-60.0,-24.0,-4.0,529.0
-58.0,-24.0,-4.0,529.0
-56.0,-24.0,-4.0,529.0
-54.0,-24.0,-4.0,529.0
-52.0,-24.0,-4.0,529.0
-50.0,-24.0,-4.0,131.0
-48.0,-24.0,-4.0,131.0
-46.0,-24.0,-4.0,131.0
-44.0,-24.0,-4.0,131.0
48.0,-24.0,-4.0,321.0
50.0,-24.0,-4.0,321.0
52.0,-24.0,-4.0,321.0
54.0,-24.0,-4.0,321.0
56.0,-24.0,-4.0,418.0
58.0,-24.0,-4.0,184.0
60.0,-24.0,-4.0,184.0
62.0,-24.0,-4.0,184.0
64.0,-24.0,-4.0,184.0
66.0,-24.0,-4.0,184.0
68.0,-24.0,-4.0,184.0
-70.0,-22.0,-4.0,529.0
-68.0,-22.0,-4.0,529.0
-66.0,-22.0,-4.0,529.0
-64.0,-22.0,-4.0,529.0
-62.0,-22.0,-4.0,529.0
-60.0,-22.0,-4.0,529.0
-58.0,-22.0,-4.0,529.0
-56.0,-22.0,-4.0,529.0
-54.0,-22.0,-4.0,529.0
-52.0,-22.0,-4.0,529.0
-50.0,-22.0,-4.0,131.0
-48.0,-22.0,-4.0,131.0
-46.0,-22.0,-4.0,131.0
-44.0,-22.0,-4.0,131.0
48.0,-22.0,-4.0,321.0
50.0,-22.0,-4.0,321.0
52.0,-22.0,-4.0,321.0
54.0,-22.0,-4.0,418.0
56.0,-22.0,-4.0,418.0
58.0,-22.0,-4.0,70.0
60.0,-22.0,-4.0,70.0
62.0,-22.0,-4.0,70.0
64.0,-22.0,-4.0,70.0
66.0,-22.0,-4.0,70.0
68.0,-22.0,-4.0,184.0
-68.0,-20.0,-4.0,13.0
-66.0,-20.0,-4.0,13.0
-64.0,-20.0,-4.0,13.0
-62.0,-20.0,-4.0,13.0
-60.0,-20.0,-4.0,13.0
-58.0,-20.0,-4.0,13.0
-56.0,-20.0,-4.0,13.0
-54.0,-20.0,-4.0,13.0
-52.0,-20.0,-4.0,13.0
-50.0,-20.0,-4.0,131.0
-48.0,-20.0,-4.0,131.0
-46.0,-20.0,-4.0,131.0
-44.0,-20.0,-4.0,131.0
40.0,-20.0,-4.0,457.0
42.0,-20.0,-4.0,28.0
44.0,-20.0,-4.0,321.0
48.0,-20.0,-4.0,321.0
50.0,-20.0,-4.0,321.0
52.0,-20.0,-4.0,418.0
54.0,-20.0,-4.0,418.0
56.0,-20.0,-4.0,418.0
58.0,-20.0,-4.0,70.0
60.0,-20.0,-4.0,70.0
62.0,-20.0,-4.0,70.0
64.0,-20.0,-4.0,70.0
66.0,-20.0,-4.0,70.0
68.0,-20.0,-4.0,70.0
-68.0,-18.0,-4.0,13.0
-66.0,-18.0,-4.0,13.0
-64.0,-18.0,-4.0,13.0
-62.0,-18.0,-4.0,13.0
-60.0,-18.0,-4.0,13.0
-58.0,-18.0,-4.0,13.0
-56.0,-18.0,-4.0,13.0
-54.0,-18.0,-4.0,13.0
-52.0,-18.0,-4.0,13.0
-50.0,-18.0,-4.0,94.0
-48.0,-18.0,-4.0,94.0
-46.0,-18.0,-4.0,94.0
-44.0,-18.0,-4.0,131.0
-42.0,-18.0,-4.0,131.0
4.0,-18.0,-4.0,189.0
38.0,-18.0,-4.0,457.0
40.0,-18.0,-4.0,457.0
42.0,-18.0,-4.0,457.0
44.0,-18.0,-4.0,28.0
46.0,-18.0,-4.0,321.0
52.0,-18.0,-4.0,418.0
54.0,-18.0,-4.0,418.0
56.0,-18.0,-4.0,418.0
58.0,-18.0,-4.0,70.0
60.0,-18.0,-4.0,70.0
62.0,-18.0,-4.0,70.0
64.0,-18.0,-4.0,70.0
66.0,-18.0,-4.0,70.0
68.0,-18.0,-4.0,70.0
-68.0,-16.0,-4.0,13.0
-66.0,-16.0,-4.0,13.0
-64.0,-16.0,-4.0,13.0
-62.0,-16.0,-4.0,13.0
-60.0,-16.0,-4.0,13.0
-58.0,-16.0,-4.0,13.0
-56.0,-16.0,-4.0,13.0
-54.0,-16.0,-4.0,13.0
-52.0,-16.0,-4.0,13.0
-50.0,-16.0,-4.0,94.0
-48.0,-16.0,-4.0,94.0
-46.0,-16.0,-4.0,94.0
-44.0,-16.0,-4.0,94.0
-42.0,-16.0,-4.0,94.0
-40.0,-16.0,-4.0,198.0
2.0,-16.0,-4.0,189.0
4.0,-16.0,-4.0,189.0
6.0,-16.0,-4.0,189.0
30.0,-16.0,-4.0,457.0
36.0,-16.0,-4.0,457.0
38.0,-16.0,-4.0,457.0
40.0,-16.0,-4.0,457.0
42.0,-16.0,-4.0,457.0
44.0,-16.0,-4.0,28.0
46.0,-16.0,-4.0,28.0
48.0,-16.0,-4.0,321.0
54.0,-16.0,-4.0,418.0
56.0,-16.0,-4.0,418.0
58.0,-16.0,-4.0,70.0
60.0,-16.0,-4.0,70.0
62.0,-16.0,-4.0,70.0
64.0,-16.0,-4.0,70.0
66.0,-16.0,-4.0,70.0
68.0,-16.0,-4.0,70.0
-68.0,-14.0,-4.0,13.0
-66.0,-14.0,-4.0,13.0
-64.0,-14.0,-4.0,13.0
-62.0,-14.0,-4.0,13.0
-60.0,-14.0,-4.0,13.0
-58.0,-14.0,-4.0,13.0
-56.0,-14.0,-4.0,13.0
-54.0,-14.0,-4.0,564.0
-52.0,-14.0,-4.0,564.0
-50.0,-14.0,-4.0,94.0
-48.0,-14.0,-4.0,94.0
-46.0,-14.0,-4.0,94.0
-44.0,-14.0,-4.0,94.0
-42.0,-14.0,-4.0,94.0
-40.0,-14.0,-4.0,198.0
-38.0,-14.0,-4.0,198.0
-32.0,-14.0,-4.0,198.0
-6.0,-14.0,-4.0,189.0
-4.0,-14.0,-4.0,189.0
2.0,-14.0,-4.0,189.0
4.0,-14.0,-4.0,189.0
6.0,-14.0,-4.0,189.0
28.0,-14.0,-4.0,457.0
30.0,-14.0,-4.0,457.0
32.0,-14.0,-4.0,457.0
36.0,-14.0,-4.0,457.0
38.0,-14.0,-4.0,457.0
40.0,-14.0,-4.0,457.0
42.0,-14.0,-4.0,457.0
44.0,-14.0,-4.0,457.0
46.0,-14.0,-4.0,28.0
48.0,-14.0,-4.0,418.0
56.0,-14.0,-4.0,418.0
58.0,-14.0,-4.0,70.0
60.0,-14.0,-4.0,70.0
62.0,-14.0,-4.0,70.0
64.0,-14.0,-4.0,70.0
66.0,-14.0,-4.0,70.0
-68.0,-12.0,-4.0,13.0
-66.0,-12.0,-4.0,13.0
-64.0,-12.0,-4.0,13.0
-62.0,-12.0,-4.0,13.0
-60.0,-12.0,-4.0,13.0
-58.0,-12.0,-4.0,13.0
-56.0,-12.0,-4.0,564.0
-54.0,-12.0,-4.0,564.0
-52.0,-12.0,-4.0,564.0
-50.0,-12.0,-4.0,94.0
-48.0,-12.0,-4.0,94.0
-46.0,-12.0,-4.0,94.0
-44.0,-12.0,-4.0,94.0
-42.0,-12.0,-4.0,179.0
-40.0,-12.0,-4.0,179.0
-38.0,-12.0,-4.0,198.0
-32.0,-12.0,-4.0,198.0
-30.0,-12.0,-4.0,198.0
-8.0,-12.0,-4.0,189.0
-6.0,-12.0,-4.0,189.0
-4.0,-12.0,-4.0,189.0
2.0,-12.0,-4.0,189.0
4.0,-12.0,-4.0,189.0
6.0,-12.0,-4.0,189.0
8.0,-12.0,-4.0,189.0
28.0,-12.0,-4.0,457.0
30.0,-12.0,-4.0,457.0
32.0,-12.0,-4.0,457.0
36.0,-12.0,-4.0,457.0
38.0,-12.0,-4.0,457.0
40.0,-12.0,-4.0,457.0
42.0,-12.0,-4.0,457.0
44.0,-12.0,-4.0,457.0
46.0,-12.0,-4.0,28.0
48.0,-12.0,-4.0,418.0
50.0,-12.0,-4.0,418.0
54.0,-12.0,-4.0,418.0
56.0,-12.0,-4.0,70.0
58.0,-12.0,-4.0,70.0
60.0,-12.0,-4.0,70.0
62.0,-12.0,-4.0,70.0
64.0,-12.0,-4.0,70.0
66.0,-12.0,-4.0,70.0
-68.0,-10.0,-4.0,13.0
-66.0,-10.0,-4.0,13.0
-64.0,-10.0,-4.0,13.0
-62.0,-10.0,-4.0,13.0
-60.0,-10.0,-4.0,13.0
-58.0,-10.0,-4.0,564.0
-56.0,-10.0,-4.0,564.0
-54.0,-10.0,-4.0,564.0
-52.0,-10.0,-4.0,564.0
-50.0,-10.0,-4.0,94.0
-48.0,-10.0,-4.0,94.0
-46.0,-10.0,-4.0,94.0
-42.0,-10.0,-4.0,179.0
-40.0,-10.0,-4.0,179.0
-38.0,-10.0,-4.0,591.0
-34.0,-10.0,-4.0,198.0
-32.0,-10.0,-4.0,198.0
-30.0,-10.0,-4.0,198.0
-10.0,-10.0,-4.0,443.0
-8.0,-10.0,-4.0,443.0
-6.0,-10.0,-4.0,189.0
-4.0,-10.0,-4.0,189.0
4.0,-10.0,-4.0,189.0
6.0,-10.0,-4.0,189.0
28.0,-10.0,-4.0,124.0
30.0,-10.0,-4.0,457.0
32.0,-10.0,-4.0,457.0
38.0,-10.0,-4.0,457.0
40.0,-10.0,-4.0,457.0
42.0,-10.0,-4.0,457.0
46.0,-10.0,-4.0,457.0
48.0,-10.0,-4.0,418.0
50.0,-10.0,-4.0,418.0
52.0,-10.0,-4.0,418.0
54.0,-10.0,-4.0,418.0
56.0,-10.0,-4.0,70.0
58.0,-10.0,-4.0,70.0
60.0,-10.0,-4.0,70.0
62.0,-10.0,-4.0,70.0
64.0,-10.0,-4.0,70.0
66.0,-10.0,-4.0,70.0
-68.0,-8.0,-4.0,13.0
-66.0,-8.0,-4.0,13.0
-64.0,-8.0,-4.0,13.0
-62.0,-8.0,-4.0,564.0
-60.0,-8.0,-4.0,564.0
-58.0,-8.0,-4.0,564.0
-56.0,-8.0,-4.0,564.0
-54.0,-8.0,-4.0,564.0
-52.0,-8.0,-4.0,564.0
-50.0,-8.0,-4.0,94.0
-48.0,-8.0,-4.0,94.0
-46.0,-8.0,-4.0,94.0
-42.0,-8.0,-4.0,179.0
-40.0,-8.0,-4.0,179.0
-34.0,-8.0,-4.0,591.0
-32.0,-8.0,-4.0,198.0
-30.0,-8.0,-4.0,198.0
-10.0,-8.0,-4.0,443.0
-8.0,-8.0,-4.0,443.0
-6.0,-8.0,-4.0,189.0
-4.0,-8.0,-4.0,189.0
28.0,-8.0,-4.0,124.0
30.0,-8.0,-4.0,457.0
32.0,-8.0,-4.0,457.0
38.0,-8.0,-4.0,355.0
40.0,-8.0,-4.0,355.0
42.0,-8.0,-4.0,355.0
46.0,-8.0,-4.0,355.0
48.0,-8.0,-4.0,355.0
50.0,-8.0,-4.0,418.0
52.0,-8.0,-4.0,418.0
54.0,-8.0,-4.0,418.0
56.0,-8.0,-4.0,70.0
58.0,-8.0,-4.0,70.0
60.0,-8.0,-4.0,70.0
62.0,-8.0,-4.0,70.0
64.0,-8.0,-4.0,70.0
-66.0,-6.0,-4.0,13.0
-64.0,-6.0,-4.0,564.0
-62.0,-6.0,-4.0,564.0
-60.0,-6.0,-4.0,564.0
-58.0,-6.0,-4.0,564.0
-56.0,-6.0,-4.0,564.0
-54.0,-6.0,-4.0,564.0
-52.0,-6.0,-4.0,564.0
-50.0,-6.0,-4.0,94.0
-48.0,-6.0,-4.0,94.0
-42.0,-6.0,-4.0,179.0
-40.0,-6.0,-4.0,179.0
-38.0,-6.0,-4.0,591.0
-34.0,-6.0,-4.0,591.0
-32.0,-6.0,-4.0,591.0
-30.0,-6.0,-4.0,591.0
-6.0,-6.0,-4.0,189.0
-4.0,-6.0,-4.0,189.0
28.0,-6.0,-4.0,37.0
30.0,-6.0,-4.0,37.0
32.0,-6.0,-4.0,37.0
38.0,-6.0,-4.0,355.0
40.0,-6.0,-4.0,355.0
42.0,-6.0,-4.0,355.0
44.0,-6.0,-4.0,355.0
46.0,-6.0,-4.0,355.0
48.0,-6.0,-4.0,355.0
50.0,-6.0,-4.0,355.0
52.0,-6.0,-4.0,418.0
54.0,-6.0,-4.0,418.0
56.0,-6.0,-4.0,70.0
58.0,-6.0,-4.0,70.0
60.0,-6.0,-4.0,70.0
62.0,-6.0,-4.0,70.0
64.0,-6.0,-4.0,70.0
-66.0,-4.0,-4.0,564.0
-64.0,-4.0,-4.0,564.0
-62.0,-4.0,-4.0,564.0
-60.0,-4.0,-4.0,564.0
-58.0,-4.0,-4.0,564.0
-56.0,-4.0,-4.0,564.0
-54.0,-4.0,-4.0,564.0
-52.0,-4.0,-4.0,564.0
-50.0,-4.0,-4.0,94.0
-48.0,-4.0,-4.0,94.0
-44.0,-4.0,-4.0,94.0
-42.0,-4.0,-4.0,179.0
-40.0,-4.0,-4.0,179.0
-38.0,-4.0,-4.0,591.0
-34.0,-4.0,-4.0,591.0
-32.0,-4.0,-4.0,591.0
-30.0,-4.0,-4.0,591.0
-4.0,-4.0,-4.0,189.0
26.0,-4.0,-4.0,37.0
28.0,-4.0,-4.0,37.0
30.0,-4.0,-4.0,37.0
32.0,-4.0,-4.0,37.0
38.0,-4.0,-4.0,355.0
40.0,-4.0,-4.0,355.0
42.0,-4.0,-4.0,355.0
44.0,-4.0,-4.0,355.0
46.0,-4.0,-4.0,355.0
48.0,-4.0,-4.0,355.0
50.0,-4.0,-4.0,355.0
52.0,-4.0,-4.0,241.0
54.0,-4.0,-4.0,241.0
56.0,-4.0,-4.0,241.0
58.0,-4.0,-4.0,70.0
60.0,-4.0,-4.0,70.0
62.0,-4.0,-4.0,70.0
64.0,-4.0,-4.0,70.0
-66.0,-2.0,-4.0,397.0
-64.0,-2.0,-4.0,564.0
-62.0,-2.0,-4.0,564.0
-60.0,-2.0,-4.0,564.0
-58.0,-2.0,-4.0,564.0
-56.0,-2.0,-4.0,564.0
-54.0,-2.0,-4.0,564.0
-52.0,-2.0,-4.0,564.0
-50.0,-2.0,-4.0,94.0
-48.0,-2.0,-4.0,94.0
-44.0,-2.0,-4.0,179.0
-42.0,-2.0,-4.0,179.0
-40.0,-2.0,-4.0,179.0
-38.0,-2.0,-4.0,591.0
-34.0,-2.0,-4.0,591.0
-32.0,-2.0,-4.0,591.0
-30.0,-2.0,-4.0,591.0
-28.0,-2.0,-4.0,591.0
26.0,-2.0,-4.0,37.0
28.0,-2.0,-4.0,37.0
30.0,-2.0,-4.0,37.0
32.0,-2.0,-4.0,37.0
38.0,-2.0,-4.0,328.0
40.0,-2.0,-4.0,355.0
42.0,-2.0,-4.0,355.0
44.0,-2.0,-4.0,355.0
46.0,-2.0,-4.0,355.0
48.0,-2.0,-4.0,355.0
50.0,-2.0,-4.0,241.0
52.0,-2.0,-4.0,241.0
54.0,-2.0,-4.0,241.0
56.0,-2.0,-4.0,241.0
58.0,-2.0,-4.0,241.0
60.0,-2.0,-4.0,70.0
62.0,-2.0,-4.0,70.0
-64.0,-0.0,-4.0,397.0
-62.0,-0.0,-4.0,564.0
-60.0,-0.0,-4.0,564.0
-58.0,-0.0,-4.0,564.0
-56.0,-0.0,-4.0,564.0
-54.0,-0.0,-4.0,564.0
-52.0,-0.0,-4.0,564.0
-50.0,-0.0,-4.0,94.0
-48.0,-0.0,-4.0,347.0
-44.0,-0.0,-4.0,278.0
-42.0,-0.0,-4.0,278.0
-40.0,-0.0,-4.0,278.0
-34.0,-0.0,-4.0,591.0
-32.0,-0.0,-4.0,591.0
-30.0,-0.0,-4.0,401.0
-28.0,-0.0,-4.0,401.0
24.0,-0.0,-4.0,37.0
26.0,-0.0,-4.0,37.0
28.0,-0.0,-4.0,37.0
30.0,-0.0,-4.0,37.0
32.0,-0.0,-4.0,37.0
38.0,-0.0,-4.0,328.0
40.0,-0.0,-4.0,328.0
42.0,-0.0,-4.0,328.0
44.0,-0.0,-4.0,328.0
48.0,-0.0,-4.0,241.0
50.0,-0.0,-4.0,241.0
52.0,-0.0,-4.0,241.0
54.0,-0.0,-4.0,241.0
56.0,-0.0,-4.0,241.0
58.0,-0.0,-4.0,241.0
60.0,-0.0,-4.0,241.0
62.0,-0.0,-4.0,241.0
-64.0,2.0,-4.0,397.0
-62.0,2.0,-4.0,397.0
-60.0,2.0,-4.0,477.0
-58.0,2.0,-4.0,477.0
-56.0,2.0,-4.0,477.0
-54.0,2.0,-4.0,477.0
-52.0,2.0,-4.0,477.0
-50.0,2.0,-4.0,347.0
-44.0,2.0,-4.0,278.0
-42.0,2.0,-4.0,278.0
-40.0,2.0,-4.0,278.0
-34.0,2.0,-4.0,401.0
-32.0,2.0,-4.0,401.0
-30.0,2.0,-4.0,401.0
-28.0,2.0,-4.0,401.0
-26.0,2.0,-4.0,401.0
24.0,2.0,-4.0,37.0
26.0,2.0,-4.0,37.0
28.0,2.0,-4.0,37.0
30.0,2.0,-4.0,37.0
32.0,2.0,-4.0,37.0
38.0,2.0,-4.0,328.0
40.0,2.0,-4.0,328.0
42.0,2.0,-4.0,328.0
44.0,2.0,-4.0,328.0
48.0,2.0,-4.0,241.0
50.0,2.0,-4.0,241.0
52.0,2.0,-4.0,241.0
54.0,2.0,-4.0,241.0
56.0,2.0,-4.0,241.0
58.0,2.0,-4.0,241.0
60.0,2.0,-4.0,241.0
62.0,2.0,-4.0,241.0
-64.0,4.0,-4.0,397.0
-62.0,4.0,-4.0,477.0
-60.0,4.0,-4.0,477.0
-58.0,4.0,-4.0,477.0
-56.0,4.0,-4.0,477.0
-54.0,4.0,-4.0,477.0
-52.0,4.0,-4.0,477.0
-44.0,4.0,-4.0,278.0
-42.0,4.0,-4.0,278.0
-40.0,4.0,-4.0,278.0
-34.0,4.0,-4.0,401.0
-32.0,4.0,-4.0,401.0
-30.0,4.0,-4.0,401.0
-28.0,4.0,-4.0,401.0
-26.0,4.0,-4.0,401.0
22.0,4.0,-4.0,165.0
24.0,4.0,-4.0,37.0
26.0,4.0,-4.0,37.0
28.0,4.0,-4.0,37.0
30.0,4.0,-4.0,37.0
32.0,4.0,-4.0,37.0
40.0,4.0,-4.0,328.0
42.0,4.0,-4.0,328.0
44.0,4.0,-4.0,328.0
50.0,4.0,-4.0,241.0
52.0,4.0,-4.0,241.0
54.0,4.0,-4.0,241.0
56.0,4.0,-4.0,241.0
58.0,4.0,-4.0,241.0
60.0,4.0,-4.0,241.0
62.0,4.0,-4.0,241.0
-62.0,6.0,-4.0,477.0
-60.0,6.0,-4.0,477.0
-58.0,6.0,-4.0,477.0
-56.0,6.0,-4.0,477.0
-54.0,6.0,-4.0,477.0
-52.0,6.0,-4.0,477.0
-44.0,6.0,-4.0,278.0
-42.0,6.0,-4.0,278.0
-40.0,6.0,-4.0,278.0
-34.0,6.0,-4.0,401.0
-32.0,6.0,-4.0,401.0
-30.0,6.0,-4.0,401.0
-28.0,6.0,-4.0,401.0
-26.0,6.0,-4.0,401.0
-24.0,6.0,-4.0,401.0
18.0,6.0,-4.0,165.0
20.0,6.0,-4.0,165.0
22.0,6.0,-4.0,165.0
24.0,6.0,-4.0,165.0
26.0,6.0,-4.0,165.0
28.0,6.0,-4.0,37.0
30.0,6.0,-4.0,37.0
32.0,6.0,-4.0,37.0
38.0,6.0,-4.0,314.0
40.0,6.0,-4.0,314.0
42.0,6.0,-4.0,328.0
44.0,6.0,-4.0,328.0
52.0,6.0,-4.0,241.0
54.0,6.0,-4.0,241.0
56.0,6.0,-4.0,241.0
58.0,6.0,-4.0,241.0
60.0,6.0,-4.0,241.0
-62.0,8.0,-4.0,477.0
-60.0,8.0,-4.0,477.0
-58.0,8.0,-4.0,477.0
-56.0,8.0,-4.0,477.0
-54.0,8.0,-4.0,477.0
-52.0,8.0,-4.0,34.0
-50.0,8.0,-4.0,34.0
-44.0,8.0,-4.0,278.0
-42.0,8.0,-4.0,278.0
-40.0,8.0,-4.0,278.0
-38.0,8.0,-4.0,278.0
-34.0,8.0,-4.0,401.0
-32.0,8.0,-4.0,401.0
-30.0,8.0,-4.0,401.0
-28.0,8.0,-4.0,401.0
-26.0,8.0,-4.0,401.0
-24.0,8.0,-4.0,401.0
-22.0,8.0,-4.0,401.0
-20.0,8.0,-4.0,448.0
16.0,8.0,-4.0,264.0
18.0,8.0,-4.0,536.0
20.0,8.0,-4.0,165.0
22.0,8.0,-4.0,165.0
24.0,8.0,-4.0,165.0
26.0,8.0,-4.0,165.0
28.0,8.0,-4.0,165.0
30.0,8.0,-4.0,37.0
32.0,8.0,-4.0,37.0
38.0,8.0,-4.0,314.0
40.0,8.0,-4.0,314.0
42.0,8.0,-4.0,314.0
44.0,8.0,-4.0,314.0
48.0,8.0,-4.0,241.0
50.0,8.0,-4.0,241.0
52.0,8.0,-4.0,241.0
54.0,8.0,-4.0,241.0
56.0,8.0,-4.0,241.0
58.0,8.0,-4.0,241.0
60.0,8.0,-4.0,241.0
-62.0,10.0,-4.0,477.0
-60.0,10.0,-4.0,477.0
-58.0,10.0,-4.0,477.0
-56.0,10.0,-4.0,34.0
-54.0,10.0,-4.0,34.0
-52.0,10.0,-4.0,34.0
-50.0,10.0,-4.0,34.0
-48.0,10.0,-4.0,34.0
-44.0,10.0,-4.0,34.0
-42.0,10.0,-4.0,278.0
-40.0,10.0,-4.0,278.0
-38.0,10.0,-4.0,278.0
-32.0,10.0,-4.0,401.0
-30.0,10.0,-4.0,401.0
-28.0,10.0,-4.0,401.0
-26.0,10.0,-4.0,401.0
-24.0,10.0,-4.0,401.0
-22.0,10.0,-4.0,448.0
-20.0,10.0,-4.0,448.0
-18.0,10.0,-4.0,448.0
-10.0,10.0,-4.0,589.0
-8.0,10.0,-4.0,589.0
6.0,10.0,-4.0,414.0
8.0,10.0,-4.0,414.0
10.0,10.0,-4.0,414.0
16.0,10.0,-4.0,264.0
18.0,10.0,-4.0,536.0
20.0,10.0,-4.0,536.0
22.0,10.0,-4.0,165.0
24.0,10.0,-4.0,165.0
26.0,10.0,-4.0,165.0
28.0,10.0,-4.0,165.0
30.0,10.0,-4.0,165.0
38.0,10.0,-4.0,314.0
40.0,10.0,-4.0,314.0
42.0,10.0,-4.0,314.0
46.0,10.0,-4.0,427.0
48.0,10.0,-4.0,427.0
50.0,10.0,-4.0,241.0
52.0,10.0,-4.0,241.0
54.0,10.0,-4.0,241.0
56.0,10.0,-4.0,241.0
58.0,10.0,-4.0,241.0
-60.0,12.0,-4.0,477.0
-58.0,12.0,-4.0,34.0
-56.0,12.0,-4.0,34.0
-54.0,12.0,-4.0,34.0
-52.0,12.0,-4.0,34.0
-50.0,12.0,-4.0,34.0
-48.0,12.0,-4.0,34.0
-44.0,12.0,-4.0,34.0
-42.0,12.0,-4.0,34.0
-40.0,12.0,-4.0,278.0
-38.0,12.0,-4.0,278.0
-32.0,12.0,-4.0,401.0
-30.0,12.0,-4.0,401.0
-28.0,12.0,-4.0,401.0
-26.0,12.0,-4.0,401.0
-24.0,12.0,-4.0,448.0
-22.0,12.0,-4.0,448.0
-20.0,12.0,-4.0,448.0
-18.0,12.0,-4.0,132.0
-16.0,12.0,-4.0,589.0
-12.0,12.0,-4.0,589.0
-10.0,12.0,-4.0,589.0
-8.0,12.0,-4.0,589.0
-6.0,12.0,-4.0,589.0
4.0,12.0,-4.0,560.0
6.0,12.0,-4.0,414.0
8.0,12.0,-4.0,414.0
10.0,12.0,-4.0,414.0
12.0,12.0,-4.0,264.0
16.0,12.0,-4.0,536.0
18.0,12.0,-4.0,536.0
20.0,12.0,-4.0,536.0
22.0,12.0,-4.0,536.0
24.0,12.0,-4.0,165.0
26.0,12.0,-4.0,165.0
28.0,12.0,-4.0,165.0
30.0,12.0,-4.0,165.0
38.0,12.0,-4.0,314.0
40.0,12.0,-4.0,314.0
42.0,12.0,-4.0,314.0
46.0,12.0,-4.0,427.0
48.0,12.0,-4.0,427.0
50.0,12.0,-4.0,427.0
52.0,12.0,-4.0,241.0
54.0,12.0,-4.0,241.0
56.0,12.0,-4.0,241.0
-58.0,14.0,-4.0,151.0
-56.0,14.0,-4.0,34.0
-54.0,14.0,-4.0,34.0
-52.0,14.0,-4.0,34.0
-50.0,14.0,-4.0,34.0
-48.0,14.0,-4.0,34.0
-44.0,14.0,-4.0,34.0
-42.0,14.0,-4.0,34.0
-40.0,14.0,-4.0,51.0
-38.0,14.0,-4.0,51.0
-32.0,14.0,-4.0,401.0
-30.0,14.0,-4.0,401.0
-28.0,14.0,-4.0,448.0
-26.0,14.0,-4.0,448.0
-24.0,14.0,-4.0,448.0
-22.0,14.0,-4.0,448.0
-20.0,14.0,-4.0,132.0
-18.0,14.0,-4.0,132.0
-16.0,14.0,-4.0,132.0
-14.0,14.0,-4.0,589.0
-12.0,14.0,-4.0,589.0
-10.0,14.0,-4.0,589.0
-8.0,14.0,-4.0,589.0
-6.0,14.0,-4.0,589.0
4.0,14.0,-4.0,560.0
6.0,14.0,-4.0,560.0
8.0,14.0,-4.0,560.0
10.0,14.0,-4.0,560.0
12.0,14.0,-4.0,264.0
14.0,14.0,-4.0,264.0
16.0,14.0,-4.0,536.0
18.0,14.0,-4.0,536.0
20.0,14.0,-4.0,536.0
22.0,14.0,-4.0,536.0
24.0,14.0,-4.0,536.0
26.0,14.0,-4.0,165.0
28.0,14.0,-4.0,165.0
38.0,14.0,-4.0,314.0
40.0,14.0,-4.0,540.0
42.0,14.0,-4.0,540.0
46.0,14.0,-4.0,427.0
48.0,14.0,-4.0,427.0
50.0,14.0,-4.0,427.0
52.0,14.0,-4.0,427.0
54.0,14.0,-4.0,427.0
-56.0,16.0,-4.0,151.0
-54.0,16.0,-4.0,34.0
-52.0,16.0,-4.0,34.0
-50.0,16.0,-4.0,34.0
-48.0,16.0,-4.0,34.0
-44.0,16.0,-4.0,51.0
-42.0,16.0,-4.0,51.0
-40.0,16.0,-4.0,51.0
-38.0,16.0,-4.0,51.0
-36.0,16.0,-4.0,51.0
-30.0,16.0,-4.0,448.0
-28.0,16.0,-4.0,448.0
-26.0,16.0,-4.0,448.0
-24.0,16.0,-4.0,448.0
-22.0,16.0,-4.0,132.0
-20.0,16.0,-4.0,132.0
-18.0,16.0,-4.0,132.0
-16.0,16.0,-4.0,132.0
-14.0,16.0,-4.0,589.0
-12.0,16.0,-4.0,589.0
-10.0,16.0,-4.0,589.0
-8.0,16.0,-4.0,589.0
-6.0,16.0,-4.0,589.0
4.0,16.0,-4.0,560.0
6.0,16.0,-4.0,560.0
8.0,16.0,-4.0,560.0
10.0,16.0,-4.0,560.0
12.0,16.0,-4.0,560.0
14.0,16.0,-4.0,264.0
16.0,16.0,-4.0,536.0
18.0,16.0,-4.0,536.0
20.0,16.0,-4.0,536.0
22.0,16.0,-4.0,536.0
24.0,16.0,-4.0,536.0
26.0,16.0,-4.0,536.0
28.0,16.0,-4.0,165.0
36.0,16.0,-4.0,540.0
38.0,16.0,-4.0,540.0
40.0,16.0,-4.0,540.0
42.0,16.0,-4.0,540.0
46.0,16.0,-4.0,540.0
48.0,16.0,-4.0,540.0
50.0,16.0,-4.0,427.0
52.0,16.0,-4.0,427.0
54.0,16.0,-4.0,427.0
-56.0,18.0,-4.0,151.0
-54.0,18.0,-4.0,151.0
-52.0,18.0,-4.0,34.0
-50.0,18.0,-4.0,34.0
-48.0,18.0,-4.0,34.0
-44.0,18.0,-4.0,51.0
-42.0,18.0,-4.0,51.0
-40.0,18.0,-4.0,51.0
-38.0,18.0,-4.0,51.0
-36.0,18.0,-4.0,51.0
-28.0,18.0,-4.0,448.0
-26.0,18.0,-4.0,448.0
-24.0,18.0,-4.0,132.0
-22.0,18.0,-4.0,132.0
-20.0,18.0,-4.0,132.0
-18.0,18.0,-4.0,132.0
-16.0,18.0,-4.0,132.0
-14.0,18.0,-4.0,132.0
-12.0,18.0,-4.0,589.0
-10.0,18.0,-4.0,589.0
-8.0,18.0,-4.0,589.0
-6.0,18.0,-4.0,589.0
6.0,18.0,-4.0,560.0
8.0,18.0,-4.0,560.0
10.0,18.0,-4.0,560.0
12.0,18.0,-4.0,560.0
14.0,18.0,-4.0,560.0
16.0,18.0,-4.0,536.0
18.0,18.0,-4.0,536.0
20.0,18.0,-4.0,536.0
22.0,18.0,-4.0,536.0
24.0,18.0,-4.0,536.0
26.0,18.0,-4.0,536.0
36.0,18.0,-4.0,540.0
38.0,18.0,-4.0,540.0
40.0,18.0,-4.0,540.0
42.0,18.0,-4.0,540.0
44.0,18.0,-4.0,540.0
46.0,18.0,-4.0,540.0
48.0,18.0,-4.0,540.0
50.0,18.0,-4.0,540.0
52.0,18.0,-4.0,540.0
-54.0,20.0,-4.0,151.0
-52.0,20.0,-4.0,151.0
-50.0,20.0,-4.0,151.0
-48.0,20.0,-4.0,51.0
-46.0,20.0,-4.0,51.0
-44.0,20.0,-4.0,51.0
-42.0,20.0,-4.0,51.0
-40.0,20.0,-4.0,51.0
-38.0,20.0,-4.0,51.0
-36.0,20.0,-4.0,51.0
-34.0,20.0,-4.0,51.0
-28.0,20.0,-4.0,448.0
-26.0,20.0,-4.0,132.0
-24.0,20.0,-4.0,132.0
-22.0,20.0,-4.0,132.0
-20.0,20.0,-4.0,132.0
-18.0,20.0,-4.0,132.0
-16.0,20.0,-4.0,132.0
-14.0,20.0,-4.0,132.0
-12.0,20.0,-4.0,589.0
-10.0,20.0,-4.0,589.0
-8.0,20.0,-4.0,589.0
-6.0,20.0,-4.0,589.0
-2.0,20.0,-4.0,589.0
2.0,20.0,-4.0,560.0
4.0,20.0,-4.0,560.0
6.0,20.0,-4.0,560.0
8.0,20.0,-4.0,560.0
10.0,20.0,-4.0,560.0
12.0,20.0,-4.0,560.0
14.0,20.0,-4.0,560.0
16.0,20.0,-4.0,536.0
18.0,20.0,-4.0,536.0
20.0,20.0,-4.0,536.0
22.0,20.0,-4.0,536.0
24.0,20.0,-4.0,536.0
34.0,20.0,-4.0,307.0
36.0,20.0,-4.0,540.0
38.0,20.0,-4.0,540.0
40.0,20.0,-4.0,540.0
44.0,20.0,-4.0,540.0
46.0,20.0,-4.0,540.0
48.0,20.0,-4.0,540.0
50.0,20.0,-4.0,540.0
52.0,20.0,-4.0,540.0
54.0,20.0,-4.0,171.0
-54.0,22.0,-4.0,151.0
-52.0,22.0,-4.0,151.0
-50.0,22.0,-4.0,151.0
-48.0,22.0,-4.0,51.0
-46.0,22.0,-4.0,51.0
-44.0,22.0,-4.0,51.0
-42.0,22.0,-4.0,51.0
-40.0,22.0,-4.0,51.0
-38.0,22.0,-4.0,51.0
-36.0,22.0,-4.0,51.0
-34.0,22.0,-4.0,51.0
-32.0,22.0,-4.0,51.0
-26.0,22.0,-4.0,132.0
-24.0,22.0,-4.0,132.0
-22.0,22.0,-4.0,132.0
-20.0,22.0,-4.0,132.0
-18.0,22.0,-4.0,132.0
-16.0,22.0,-4.0,132.0
-14.0,22.0,-4.0,132.0
-12.0,22.0,-4.0,132.0
-10.0,22.0,-4.0,589.0
-8.0,22.0,-4.0,589.0
-4.0,22.0,-4.0,589.0
-2.0,22.0,-4.0,589.0
0.0,22.0,-4.0,589.0
2.0,22.0,-4.0,560.0
4.0,22.0,-4.0,560.0
8.0,22.0,-4.0,560.0
10.0,22.0,-4.0,560.0
12.0,22.0,-4.0,560.0
14.0,22.0,-4.0,560.0
16.0,22.0,-4.0,536.0
18.0,22.0,-4.0,536.0
28.0,22.0,-4.0,536.0
30.0,22.0,-4.0,307.0
32.0,22.0,-4.0,307.0
34.0,22.0,-4.0,307.0
36.0,22.0,-4.0,540.0
38.0,22.0,-4.0,540.0
40.0,22.0,-4.0,540.0
42.0,22.0,-4.0,540.0
44.0,22.0,-4.0,540.0
46.0,22.0,-4.0,540.0
48.0,22.0,-4.0,171.0
50.0,22.0,-4.0,171.0
52.0,22.0,-4.0,171.0
54.0,22.0,-4.0,171.0
-54.0,24.0,-4.0,151.0
-52.0,24.0,-4.0,151.0
-50.0,24.0,-4.0,151.0
-48.0,24.0,-4.0,51.0
-46.0,24.0,-4.0,51.0
-44.0,24.0,-4.0,51.0
-42.0,24.0,-4.0,51.0
-40.0,24.0,-4.0,51.0
-38.0,24.0,-4.0,51.0
-36.0,24.0,-4.0,51.0
-34.0,24.0,-4.0,51.0
-32.0,24.0,-4.0,51.0
-22.0,24.0,-4.0,132.0
-20.0,24.0,-4.0,132.0
-18.0,24.0,-4.0,132.0
-16.0,24.0,-4.0,132.0
-14.0,24.0,-4.0,132.0
-12.0,24.0,-4.0,132.0
-10.0,24.0,-4.0,582.0
-8.0,24.0,-4.0,589.0
-4.0,24.0,-4.0,589.0
-2.0,24.0,-4.0,589.0
0.0,24.0,-4.0,589.0
2.0,24.0,-4.0,481.0
4.0,24.0,-4.0,481.0
10.0,24.0,-4.0,481.0
12.0,24.0,-4.0,481.0
14.0,24.0,-4.0,481.0
16.0,24.0,-4.0,109.0
18.0,24.0,-4.0,536.0
28.0,24.0,-4.0,16.0
30.0,24.0,-4.0,16.0
32.0,24.0,-4.0,16.0
34.0,24.0,-4.0,16.0
36.0,24.0,-4.0,540.0
38.0,24.0,-4.0,540.0
40.0,24.0,-4.0,540.0
42.0,24.0,-4.0,540.0
44.0,24.0,-4.0,171.0
46.0,24.0,-4.0,171.0
48.0,24.0,-4.0,171.0
50.0,24.0,-4.0,171.0
52.0,24.0,-4.0,171.0
54.0,24.0,-4.0,171.0
-56.0,26.0,-4.0,151.0
-54.0,26.0,-4.0,151.0
-52.0,26.0,-4.0,151.0
-50.0,26.0,-4.0,151.0
-48.0,26.0,-4.0,51.0
-46.0,26.0,-4.0,51.0
-44.0,26.0,-4.0,51.0
-42.0,26.0,-4.0,51.0
-40.0,26.0,-4.0,51.0
-38.0,26.0,-4.0,51.0
-36.0,26.0,-4.0,51.0
-34.0,26.0,-4.0,53.0
-32.0,26.0,-4.0,53.0
-20.0,26.0,-4.0,132.0
-18.0,26.0,-4.0,132.0
-16.0,26.0,-4.0,132.0
-14.0,26.0,-4.0,132.0
-12.0,26.0,-4.0,132.0
-10.0,26.0,-4.0,582.0
-4.0,26.0,-4.0,589.0
-2.0,26.0,-4.0,102.0
0.0,26.0,-4.0,102.0
2.0,26.0,-4.0,481.0
4.0,26.0,-4.0,481.0
12.0,26.0,-4.0,481.0
14.0,26.0,-4.0,481.0
16.0,26.0,-4.0,481.0
18.0,26.0,-4.0,481.0
28.0,26.0,-4.0,16.0
30.0,26.0,-4.0,16.0
32.0,26.0,-4.0,16.0
34.0,26.0,-4.0,16.0
36.0,26.0,-4.0,16.0
38.0,26.0,-4.0,171.0
40.0,26.0,-4.0,171.0
42.0,26.0,-4.0,171.0
44.0,26.0,-4.0,171.0
46.0,26.0,-4.0,171.0
48.0,26.0,-4.0,171.0
50.0,26.0,-4.0,171.0
52.0,26.0,-4.0,171.0
54.0,26.0,-4.0,171.0
-56.0,28.0,-4.0,141.0
-54.0,28.0,-4.0,141.0
-52.0,28.0,-4.0,141.0
-50.0,28.0,-4.0,141.0
-48.0,28.0,-4.0,141.0
-46.0,28.0,-4.0,442.0
-44.0,28.0,-4.0,442.0
-42.0,28.0,-4.0,442.0
-40.0,28.0,-4.0,442.0
-38.0,28.0,-4.0,442.0
-36.0,28.0,-4.0,53.0
-34.0,28.0,-4.0,53.0
-32.0,28.0,-4.0,53.0
-30.0,28.0,-4.0,53.0
-18.0,28.0,-4.0,132.0
-16.0,28.0,-4.0,132.0
-14.0,28.0,-4.0,132.0
-4.0,28.0,-4.0,102.0
-2.0,28.0,-4.0,102.0
0.0,28.0,-4.0,102.0
2.0,28.0,-4.0,481.0
4.0,28.0,-4.0,481.0
6.0,28.0,-4.0,481.0
28.0,28.0,-4.0,16.0
30.0,28.0,-4.0,16.0
32.0,28.0,-4.0,16.0
34.0,28.0,-4.0,16.0
36.0,28.0,-4.0,16.0
38.0,28.0,-4.0,171.0
40.0,28.0,-4.0,171.0
42.0,28.0,-4.0,171.0
44.0,28.0,-4.0,171.0
46.0,28.0,-4.0,171.0
48.0,28.0,-4.0,171.0
50.0,28.0,-4.0,171.0
52.0,28.0,-4.0,171.0
54.0,28.0,-4.0,171.0
-56.0,30.0,-4.0,141.0
-54.0,30.0,-4.0,141.0
-52.0,30.0,-4.0,141.0
-50.0,30.0,-4.0,141.0
-48.0,30.0,-4.0,141.0
-46.0,30.0,-4.0,141.0
-44.0,30.0,-4.0,475.0
-42.0,30.0,-4.0,475.0
-40.0,30.0,-4.0,475.0
-38.0,30.0,-4.0,53.0
-36.0,30.0,-4.0,53.0
-34.0,30.0,-4.0,53.0
-32.0,30.0,-4.0,53.0
-30.0,30.0,-4.0,53.0
-4.0,30.0,-4.0,102.0
-2.0,30.0,-4.0,102.0
0.0,30.0,-4.0,102.0
2.0,30.0,-4.0,481.0
4.0,30.0,-4.0,481.0
6.0,30.0,-4.0,481.0
30.0,30.0,-4.0,16.0
32.0,30.0,-4.0,16.0
34.0,30.0,-4.0,16.0
36.0,30.0,-4.0,16.0
38.0,30.0,-4.0,171.0
40.0,30.0,-4.0,171.0
42.0,30.0,-4.0,171.0
44.0,30.0,-4.0,171.0
46.0,30.0,-4.0,171.0
48.0,30.0,-4.0,171.0
50.0,30.0,-4.0,171.0
52.0,30.0,-4.0,171.0
54.0,30.0,-4.0,171.0
-56.0,32.0,-4.0,141.0
-54.0,32.0,-4.0,141.0
-52.0,32.0,-4.0,141.0
-50.0,32.0,-4.0,141.0
-48.0,32.0,-4.0,141.0
-46.0,32.0,-4.0,141.0
-44.0,32.0,-4.0,475.0
-42.0,32.0,-4.0,475.0
-40.0,32.0,-4.0,475.0
-38.0,32.0,-4.0,53.0
-36.0,32.0,-4.0,53.0
-34.0,32.0,-4.0,53.0
-32.0,32.0,-4.0,53.0
-30.0,32.0,-4.0,53.0
-6.0,32.0,-4.0,102.0
-4.0,32.0,-4.0,102.0
-2.0,32.0,-4.0,102.0
0.0,32.0,-4.0,102.0
2.0,32.0,-4.0,481.0
4.0,32.0,-4.0,481.0
6.0,32.0,-4.0,481.0
32.0,32.0,-4.0,16.0
34.0,32.0,-4.0,16.0
36.0,32.0,-4.0,16.0
38.0,32.0,-4.0,171.0
40.0,32.0,-4.0,171.0
42.0,32.0,-4.0,171.0
44.0,32.0,-4.0,171.0
46.0,32.0,-4.0,171.0
48.0,32.0,-4.0,171.0
50.0,32.0,-4.0,171.0
52.0,32.0,-4.0,171.0
54.0,32.0,-4.0,171.0
-56.0,34.0,-4.0,141.0
-54.0,34.0,-4.0,141.0
-52.0,34.0,-4.0,141.0
-50.0,34.0,-4.0,141.0
-48.0,34.0,-4.0,141.0
-46.0,34.0,-4.0,141.0
-44.0,34.0,-4.0,141.0
-38.0,34.0,-4.0,53.0
-36.0,34.0,-4.0,53.0
-34.0,34.0,-4.0,53.0
-32.0,34.0,-4.0,53.0
-6.0,34.0,-4.0,102.0
-4.0,34.0,-4.0,102.0
-2.0,34.0,-4.0,102.0
0.0,34.0,-4.0,102.0
2.0,34.0,-4.0,481.0
4.0,34.0,-4.0,481.0
6.0,34.0,-4.0,481.0
8.0,34.0,-4.0,481.0
34.0,34.0,-4.0,16.0
36.0,34.0,-4.0,596.0
44.0,34.0,-4.0,171.0
46.0,34.0,-4.0,171.0
48.0,34.0,-4.0,171.0
50.0,34.0,-4.0,171.0
52.0,34.0,-4.0,171.0
54.0,34.0,-4.0,171.0
-56.0,36.0,-4.0,141.0
-54.0,36.0,-4.0,141.0
-52.0,36.0,-4.0,141.0
-50.0,36.0,-4.0,141.0
-48.0,36.0,-4.0,141.0
-46.0,36.0,-4.0,141.0
-44.0,36.0,-4.0,338.0
-6.0,36.0,-4.0,102.0
-4.0,36.0,-4.0,102.0
-2.0,36.0,-4.0,102.0
0.0,36.0,-4.0,102.0
2.0,36.0,-4.0,102.0
4.0,36.0,-4.0,481.0
6.0,36.0,-4.0,481.0
8.0,36.0,-4.0,481.0
44.0,36.0,-4.0,171.0
46.0,36.0,-4.0,171.0
48.0,36.0,-4.0,171.0
50.0,36.0,-4.0,171.0
52.0,36.0,-4.0,171.0
54.0,36.0,-4.0,171.0
-56.0,38.0,-4.0,141.0
-54.0,38.0,-4.0,141.0
-52.0,38.0,-4.0,141.0
-50.0,38.0,-4.0,141.0
-48.0,38.0,-4.0,141.0
-46.0,38.0,-4.0,338.0
-44.0,38.0,-4.0,338.0
-8.0,38.0,-4.0,102.0
-6.0,38.0,-4.0,102.0
-4.0,38.0,-4.0,102.0
-2.0,38.0,-4.0,102.0
0.0,38.0,-4.0,102.0
2.0,38.0,-4.0,102.0
4.0,38.0,-4.0,481.0
6.0,38.0,-4.0,481.0
8.0,38.0,-4.0,481.0
10.0,38.0,-4.0,481.0
44.0,38.0,-4.0,383.0
46.0,38.0,-4.0,383.0
48.0,38.0,-4.0,383.0
50.0,38.0,-4.0,383.0
52.0,38.0,-4.0,383.0
54.0,38.0,-4.0,171.0
-54.0,40.0,-4.0,141.0
-52.0,40.0,-4.0,141.0
-50.0,40.0,-4.0,141.0
-48.0,40.0,-4.0,338.0
-46.0,40.0,-4.0,338.0
-44.0,40.0,-4.0,338.0
-10.0,40.0,-4.0,102.0
-8.0,40.0,-4.0,102.0
-6.0,40.0,-4.0,102.0
-4.0,40.0,-4.0,102.0
-2.0,40.0,-4.0,102.0
0.0,40.0,-4.0,102.0
2.0,40.0,-4.0,102.0
4.0,40.0,-4.0,481.0
6.0,40.0,-4.0,481.0
8.0,40.0,-4.0,481.0
10.0,40.0,-4.0,481.0
44.0,40.0,-4.0,383.0
46.0,40.0,-4.0,383.0
48.0,40.0,-4.0,383.0
50.0,40.0,-4.0,383.0
52.0,40.0,-4.0,383.0
54.0,40.0,-4.0,383.0
-54.0,42.0,-4.0,141.0
-52.0,42.0,-4.0,141.0
-50.0,42.0,-4.0,338.0
-48.0,42.0,-4.0,338.0
-46.0,42.0,-4.0,338.0
-44.0,42.0,-4.0,338.0
-42.0,42.0,-4.0,338.0
-12.0,42.0,-4.0,102.0
-10.0,42.0,-4.0,102.0
-8.0,42.0,-4.0,102.0
-6.0,42.0,-4.0,102.0
-4.0,42.0,-4.0,102.0
-2.0,42.0,-4.0,102.0
0.0,42.0,-4.0,102.0
2.0,42.0,-4.0,102.0
4.0,42.0,-4.0,481.0
6.0,42.0,-4.0,481.0
8.0,42.0,-4.0,481.0
10.0,42.0,-4.0,481.0
12.0,42.0,-4.0,481.0
44.0,42.0,-4.0,383.0
46.0,42.0,-4.0,383.0
48.0,42.0,-4.0,383.0
50.0,42.0,-4.0,383.0
52.0,42.0,-4.0,383.0
-52.0,44.0,-4.0,338.0
-50.0,44.0,-4.0,338.0
-48.0,44.0,-4.0,338.0
-46.0,44.0,-4.0,338.0
-44.0,44.0,-4.0,338.0
-42.0,44.0,-4.0,338.0
-12.0,44.0,-4.0,102.0
-10.0,44.0,-4.0,102.0
-8.0,44.0,-4.0,102.0
-6.0,44.0,-4.0,102.0
-4.0,44.0,-4.0,102.0
-2.0,44.0,-4.0,102.0
0.0,44.0,-4.0,102.0
2.0,44.0,-4.0,102.0
4.0,44.0,-4.0,6.0
6.0,44.0,-4.0,86.0
8.0,44.0,-4.0,481.0
10.0,44.0,-4.0,481.0
12.0,44.0,-4.0,481.0
42.0,44.0,-4.0,383.0
44.0,44.0,-4.0,383.0
46.0,44.0,-4.0,383.0
48.0,44.0,-4.0,383.0
50.0,44.0,-4.0,383.0
52.0,44.0,-4.0,383.0
-52.0,46.0,-4.0,338.0
-50.0,46.0,-4.0,338.0
-48.0,46.0,-4.0,338.0
-46.0,46.0,-4.0,338.0
-44.0,46.0,-4.0,338.0
-42.0,46.0,-4.0,338.0
-14.0,46.0,-4.0,407.0
-12.0,46.0,-4.0,407.0
-10.0,46.0,-4.0,407.0
-8.0,46.0,-4.0,102.0
-6.0,46.0,-4.0,102.0
-4.0,46.0,-4.0,102.0
-2.0,46.0,-4.0,6.0
0.0,46.0,-4.0,6.0
2.0,46.0,-4.0,6.0
4.0,46.0,-4.0,6.0
6.0,46.0,-4.0,86.0
8.0,46.0,-4.0,86.0
10.0,46.0,-4.0,86.0
12.0,46.0,-4.0,86.0
40.0,46.0,-4.0,339.0
42.0,46.0,-4.0,383.0
44.0,46.0,-4.0,383.0
46.0,46.0,-4.0,383.0
48.0,46.0,-4.0,383.0
50.0,46.0,-4.0,383.0
-50.0,48.0,-4.0,338.0
-48.0,48.0,-4.0,338.0
-46.0,48.0,-4.0,338.0
-44.0,48.0,-4.0,338.0
-42.0,48.0,-4.0,338.0
-40.0,48.0,-4.0,338.0
-14.0,48.0,-4.0,407.0
-12.0,48.0,-4.0,407.0
-10.0,48.0,-4.0,407.0
-8.0,48.0,-4.0,407.0
-6.0,48.0,-4.0,407.0
-4.0,48.0,-4.0,6.0
-2.0,48.0,-4.0,6.0
0.0,48.0,-4.0,6.0
2.0,48.0,-4.0,6.0
4.0,48.0,-4.0,6.0
6.0,48.0,-4.0,86.0
8.0,48.0,-4.0,86.0
10.0,48.0,-4.0,86.0
12.0,48.0,-4.0,86.0
14.0,48.0,-4.0,86.0
40.0,48.0,-4.0,339.0
42.0,48.0,-4.0,339.0
44.0,48.0,-4.0,339.0
46.0,48.0,-4.0,339.0
48.0,48.0,-4.0,383.0
-50.0,50.0,-4.0,338.0
-48.0,50.0,-4.0,338.0
-46.0,50.0,-4.0,338.0
-44.0,50.0,-4.0,338.0
-42.0,50.0,-4.0,338.0
-40.0,50.0,-4.0,154.0
-14.0,50.0,-4.0,407.0
-12.0,50.0,-4.0,407.0
-10.0,50.0,-4.0,407.0
-8.0,50.0,-4.0,407.0
-6.0,50.0,-4.0,407.0
-4.0,50.0,-4.0,6.0
-2.0,50.0,-4.0,6.0
0.0,50.0,-4.0,6.0
2.0,50.0,-4.0,6.0
4.0,50.0,-4.0,6.0
6.0,50.0,-4.0,86.0
8.0,50.0,-4.0,86.0
10.0,50.0,-4.0,86.0
12.0,50.0,-4.0,86.0
14.0,50.0,-4.0,86.0
40.0,50.0,-4.0,339.0
42.0,50.0,-4.0,339.0
44.0,50.0,-4.0,339.0
46.0,50.0,-4.0,339.0
48.0,50.0,-4.0,339.0
-48.0,52.0,-4.0,154.0
-46.0,52.0,-4.0,154.0
-44.0,52.0,-4.0,154.0
-42.0,52.0,-4.0,154.0
-40.0,52.0,-4.0,154.0
-38.0,52.0,-4.0,154.0
-14.0,52.0,-4.0,557.0
-12.0,52.0,-4.0,557.0
-10.0,52.0,-4.0,407.0
-8.0,52.0,-4.0,407.0
-6.0,52.0,-4.0,6.0
-4.0,52.0,-4.0,6.0
-2.0,52.0,-4.0,6.0
0.0,52.0,-4.0,6.0
2.0,52.0,-4.0,6.0
4.0,52.0,-4.0,6.0
6.0,52.0,-4.0,86.0
8.0,52.0,-4.0,86.0
10.0,52.0,-4.0,86.0
12.0,52.0,-4.0,86.0
14.0,52.0,-4.0,86.0
36.0,52.0,-4.0,339.0
38.0,52.0,-4.0,339.0
40.0,52.0,-4.0,339.0
42.0,52.0,-4.0,339.0
44.0,52.0,-4.0,339.0
46.0,52.0,-4.0,339.0
-46.0,54.0,-4.0,154.0
-44.0,54.0,-4.0,154.0
-42.0,54.0,-4.0,154.0
-40.0,54.0,-4.0,154.0
-38.0,54.0,-4.0,154.0
-36.0,54.0,-4.0,154.0
-14.0,54.0,-4.0,557.0
-12.0,54.0,-4.0,557.0
-10.0,54.0,-4.0,557.0
-8.0,54.0,-4.0,407.0
-6.0,54.0,-4.0,6.0
-4.0,54.0,-4.0,6.0
-2.0,54.0,-4.0,6.0
0.0,54.0,-4.0,6.0
2.0,54.0,-4.0,6.0
4.0,54.0,-4.0,6.0
6.0,54.0,-4.0,86.0
8.0,54.0,-4.0,86.0
10.0,54.0,-4.0,86.0
12.0,54.0,-4.0,86.0
14.0,54.0,-4.0,86.0
36.0,54.0,-4.0,339.0
38.0,54.0,-4.0,339.0
40.0,54.0,-4.0,339.0
42.0,54.0,-4.0,339.0
44.0,54.0,-4.0,339.0
46.0,54.0,-4.0,339.0
-46.0,56.0,-4.0,154.0
-44.0,56.0,-4.0,154.0
-42.0,56.0,-4.0,154.0
-40.0,56.0,-4.0,154.0
-38.0,56.0,-4.0,154.0
-36.0,56.0,-4.0,154.0
-34.0,56.0,-4.0,154.0
-28.0,56.0,-4.0,35.0
-26.0,56.0,-4.0,35.0
-24.0,56.0,-4.0,35.0
-22.0,56.0,-4.0,35.0
-14.0,56.0,-4.0,557.0
-12.0,56.0,-4.0,557.0
-10.0,56.0,-4.0,557.0
-8.0,56.0,-4.0,557.0
-6.0,56.0,-4.0,6.0
-4.0,56.0,-4.0,6.0
-2.0,56.0,-4.0,6.0
0.0,56.0,-4.0,6.0
2.0,56.0,-4.0,6.0
4.0,56.0,-4.0,6.0
6.0,56.0,-4.0,86.0
8.0,56.0,-4.0,86.0
10.0,56.0,-4.0,86.0
12.0,56.0,-4.0,86.0
24.0,56.0,-4.0,142.0
26.0,56.0,-4.0,142.0
28.0,56.0,-4.0,142.0
34.0,56.0,-4.0,339.0
36.0,56.0,-4.0,339.0
38.0,56.0,-4.0,339.0
40.0,56.0,-4.0,339.0
42.0,56.0,-4.0,339.0
44.0,56.0,-4.0,339.0
-44.0,58.0,-4.0,154.0
-42.0,58.0,-4.0,154.0
-40.0,58.0,-4.0,154.0
-38.0,58.0,-4.0,154.0
-36.0,58.0,-4.0,154.0
-34.0,58.0,-4.0,154.0
-32.0,58.0,-4.0,35.0
-30.0,58.0,-4.0,35.0
-28.0,58.0,-4.0,35.0
-26.0,58.0,-4.0,35.0
-24.0,58.0,-4.0,35.0
-22.0,58.0,-4.0,35.0
-20.0,58.0,-4.0,557.0
-12.0,58.0,-4.0,557.0
-10.0,58.0,-4.0,557.0
-8.0,58.0,-4.0,557.0
-6.0,58.0,-4.0,557.0
-4.0,58.0,-4.0,6.0
-2.0,58.0,-4.0,425.0
0.0,58.0,-4.0,425.0
2.0,58.0,-4.0,425.0
4.0,58.0,-4.0,425.0
6.0,58.0,-4.0,425.0
8.0,58.0,-4.0,425.0
10.0,58.0,-4.0,425.0
12.0,58.0,-4.0,425.0
22.0,58.0,-4.0,142.0
24.0,58.0,-4.0,142.0
26.0,58.0,-4.0,142.0
28.0,58.0,-4.0,142.0
30.0,58.0,-4.0,142.0
32.0,58.0,-4.0,339.0
34.0,58.0,-4.0,339.0
36.0,58.0,-4.0,339.0
38.0,58.0,-4.0,339.0
40.0,58.0,-4.0,339.0
42.0,58.0,-4.0,339.0
-42.0,60.0,-4.0,154.0
-40.0,60.0,-4.0,154.0
-38.0,60.0,-4.0,154.0
-36.0,60.0,-4.0,154.0
-34.0,60.0,-4.0,262.0
-32.0,60.0,-4.0,35.0
-30.0,60.0,-4.0,35.0
-28.0,60.0,-4.0,35.0
-26.0,60.0,-4.0,35.0
-24.0,60.0,-4.0,35.0
-22.0,60.0,-4.0,557.0
-20.0,60.0,-4.0,557.0
-18.0,60.0,-4.0,557.0
-16.0,60.0,-4.0,557.0
-12.0,60.0,-4.0,557.0
-10.0,60.0,-4.0,557.0
-8.0,60.0,-4.0,557.0
-6.0,60.0,-4.0,557.0
-4.0,60.0,-4.0,425.0
-2.0,60.0,-4.0,425.0
2.0,60.0,-4.0,425.0
4.0,60.0,-4.0,425.0
6.0,60.0,-4.0,425.0
8.0,60.0,-4.0,425.0
10.0,60.0,-4.0,425.0
12.0,60.0,-4.0,425.0
18.0,60.0,-4.0,422.0
20.0,60.0,-4.0,422.0
22.0,60.0,-4.0,142.0
24.0,60.0,-4.0,142.0
26.0,60.0,-4.0,142.0
28.0,60.0,-4.0,142.0
30.0,60.0,-4.0,97.0
32.0,60.0,-4.0,339.0
34.0,60.0,-4.0,339.0
36.0,60.0,-4.0,339.0
38.0,60.0,-4.0,339.0
40.0,60.0,-4.0,339.0
-40.0,62.0,-4.0,154.0
-38.0,62.0,-4.0,154.0
-36.0,62.0,-4.0,154.0
-34.0,62.0,-4.0,262.0
-32.0,62.0,-4.0,262.0
-30.0,62.0,-4.0,35.0
-28.0,62.0,-4.0,35.0
-26.0,62.0,-4.0,35.0
-24.0,62.0,-4.0,35.0
-22.0,62.0,-4.0,557.0
-20.0,62.0,-4.0,557.0
-18.0,62.0,-4.0,557.0
-16.0,62.0,-4.0,557.0
-10.0,62.0,-4.0,557.0
-8.0,62.0,-4.0,557.0
-6.0,62.0,-4.0,557.0
-4.0,62.0,-4.0,425.0
-2.0,62.0,-4.0,425.0
0.0,62.0,-4.0,425.0
2.0,62.0,-4.0,425.0
4.0,62.0,-4.0,425.0
6.0,62.0,-4.0,425.0
8.0,62.0,-4.0,425.0
10.0,62.0,-4.0,425.0
16.0,62.0,-4.0,422.0
18.0,62.0,-4.0,422.0
20.0,62.0,-4.0,422.0
22.0,62.0,-4.0,422.0
24.0,62.0,-4.0,422.0
26.0,62.0,-4.0,142.0
28.0,62.0,-4.0,97.0
30.0,62.0,-4.0,97.0
32.0,62.0,-4.0,97.0
34.0,62.0,-4.0,339.0
36.0,62.0,-4.0,339.0
38.0,62.0,-4.0,339.0
-38.0,64.0,-4.0,154.0
-36.0,64.0,-4.0,262.0
-34.0,64.0,-4.0,262.0
-32.0,64.0,-4.0,262.0
-30.0,64.0,-4.0,35.0
-28.0,64.0,-4.0,35.0
-26.0,64.0,-4.0,35.0
-24.0,64.0,-4.0,341.0
-22.0,64.0,-4.0,341.0
-20.0,64.0,-4.0,557.0
-18.0,64.0,-4.0,557.0
-16.0,64.0,-4.0,557.0
-10.0,64.0,-4.0,557.0
-8.0,64.0,-4.0,557.0
-6.0,64.0,-4.0,557.0
-4.0,64.0,-4.0,425.0
-2.0,64.0,-4.0,425.0
0.0,64.0,-4.0,425.0
2.0,64.0,-4.0,425.0
4.0,64.0,-4.0,425.0
6.0,64.0,-4.0,425.0
8.0,64.0,-4.0,425.0
10.0,64.0,-4.0,425.0
12.0,64.0,-4.0,345.0
14.0,64.0,-4.0,345.0
16.0,64.0,-4.0,422.0
18.0,64.0,-4.0,422.0
20.0,64.0,-4.0,422.0
22.0,64.0,-4.0,422.0
24.0,64.0,-4.0,422.0
26.0,64.0,-4.0,422.0
28.0,64.0,-4.0,97.0
30.0,64.0,-4.0,97.0
32.0,64.0,-4.0,97.0
34.0,64.0,-4.0,97.0
-34.0,66.0,-4.0,262.0
-32.0,66.0,-4.0,262.0
-30.0,66.0,-4.0,262.0
-28.0,66.0,-4.0,35.0
-26.0,66.0,-4.0,341.0
-24.0,66.0,-4.0,341.0
-22.0,66.0,-4.0,341.0
-20.0,66.0,-4.0,341.0
-18.0,66.0,-4.0,341.0
-16.0,66.0,-4.0,557.0
-12.0,66.0,-4.0,557.0
-10.0,66.0,-4.0,557.0
-8.0,66.0,-4.0,557.0
-6.0,66.0,-4.0,557.0
-4.0,66.0,-4.0,425.0
-2.0,66.0,-4.0,425.0
0.0,66.0,-4.0,425.0
2.0,66.0,-4.0,425.0
4.0,66.0,-4.0,425.0
6.0,66.0,-4.0,425.0
8.0,66.0,-4.0,425.0
10.0,66.0,-4.0,345.0
12.0,66.0,-4.0,345.0
14.0,66.0,-4.0,345.0
16.0,66.0,-4.0,422.0
18.0,66.0,-4.0,422.0
20.0,66.0,-4.0,422.0
22.0,66.0,-4.0,422.0
24.0,66.0,-4.0,422.0
26.0,66.0,-4.0,422.0
28.0,66.0,-4.0,97.0
30.0,66.0,-4.0,97.0
32.0,66.0,-4.0,97.0
-26.0,68.0,-4.0,341.0
-24.0,68.0,-4.0,341.0
-22.0,68.0,-4.0,341.0
-20.0,68.0,-4.0,341.0
-18.0,68.0,-4.0,341.0
-16.0,68.0,-4.0,559.0
-14.0,68.0,-4.0,559.0
-12.0,68.0,-4.0,559.0
-10.0,68.0,-4.0,559.0
-8.0,68.0,-4.0,559.0
-6.0,68.0,-4.0,559.0
-4.0,68.0,-4.0,559.0
-2.0,68.0,-4.0,425.0
2.0,68.0,-4.0,425.0
4.0,68.0,-4.0,425.0
6.0,68.0,-4.0,425.0
8.0,68.0,-4.0,345.0
10.0,68.0,-4.0,345.0
12.0,68.0,-4.0,345.0
14.0,68.0,-4.0,345.0
16.0,68.0,-4.0,345.0
18.0,68.0,-4.0,422.0
20.0,68.0,-4.0,422.0
22.0,68.0,-4.0,422.0
24.0,68.0,-4.0,422.0
26.0,68.0,-4.0,422.0
-22.0,70.0,-4.0,341.0
-20.0,70.0,-4.0,341.0
-18.0,70.0,-4.0,341.0
-16.0,70.0,-4.0,559.0
-14.0,70.0,-4.0,559.0
-12.0,70.0,-4.0,559.0
-10.0,70.0,-4.0,559.0
-8.0,70.0,-4.0,559.0
-6.0,70.0,-4.0,559.0
-4.0,70.0,-4.0,559.0
4.0,70.0,-4.0,425.0
6.0,70.0,-4.0,345.0
8.0,70.0,-4.0,345.0
10.0,70.0,-4.0,345.0
12.0,70.0,-4.0,345.0
14.0,70.0,-4.0,345.0
16.0,70.0,-4.0,345.0
18.0,70.0,-4.0,422.0
20.0,70.0,-4.0,422.0
-16.0,72.0,-4.0,559.0
-14.0,72.0,-4.0,559.0
-12.0,72.0,-4.0,559.0
-10.0,72.0,-4.0,559.0
-8.0,72.0,-4.0,559.0
-6.0,72.0,-4.0,559.0
6.0,72.0,-4.0,345.0
8.0,72.0,-4.0,345.0
10.0,72.0,-4.0,345.0
12.0,72.0,-4.0,345.0
14.0,-106.0,-2.0,380.0
16.0,-106.0,-2.0,380.0
-20.0,-104.0,-2.0,234.0
-18.0,-104.0,-2.0,234.0
-16.0,-104.0,-2.0,234.0
8.0,-104.0,-2.0,380.0
12.0,-104.0,-2.0,380.0
14.0,-104.0,-2.0,380.0
16.0,-104.0,-2.0,380.0
18.0,-104.0,-2.0,325.0
20.0,-104.0,-2.0,325.0
22.0,-104.0,-2.0,325.0
-26.0,-102.0,-2.0,234.0
-24.0,-102.0,-2.0,234.0
-22.0,-102.0,-2.0,234.0
-20.0,-102.0,-2.0,234.0
-18.0,-102.0,-2.0,234.0
-16.0,-102.0,-2.0,234.0
-14.0,-102.0,-2.0,234.0
-12.0,-102.0,-2.0,234.0
-10.0,-102.0,-2.0,489.0
0.0,-102.0,-2.0,125.0
2.0,-102.0,-2.0,125.0
4.0,-102.0,-2.0,125.0
6.0,-102.0,-2.0,380.0
8.0,-102.0,-2.0,380.0
10.0,-102.0,-2.0,380.0
12.0,-102.0,-2.0,380.0
14.0,-102.0,-2.0,380.0
16.0,-102.0,-2.0,325.0
18.0,-102.0,-2.0,325.0
20.0,-102.0,-2.0,325.0
22.0,-102.0,-2.0,325.0
24.0,-102.0,-2.0,325.0
26.0,-102.0,-2.0,325.0
28.0,-102.0,-2.0,325.0
-30.0,-100.0,-2.0,304.0
-28.0,-100.0,-2.0,234.0
-26.0,-100.0,-2.0,234.0
-24.0,-100.0,-2.0,234.0
-22.0,-100.0,-2.0,234.0
-20.0,-100.0,-2.0,234.0
-18.0,-100.0,-2.0,234.0
-16.0,-100.0,-2.0,234.0
-14.0,-100.0,-2.0,234.0
-12.0,-100.0,-2.0,489.0
-10.0,-100.0,-2.0,489.0
-8.0,-100.0,-2.0,125.0
-2.0,-100.0,-2.0,125.0
0.0,-100.0,-2.0,125.0
2.0,-100.0,-2.0,125.0
4.0,-100.0,-2.0,125.0
6.0,-100.0,-2.0,380.0
8.0,-100.0,-2.0,380.0
10.0,-100.0,-2.0,380.0
12.0,-100.0,-2.0,380.0
14.0,-100.0,-2.0,380.0
16.0,-100.0,-2.0,325.0
18.0,-100.0,-2.0,325.0
20.0,-100.0,-2.0,325.0
22.0,-100.0,-2.0,325.0
24.0,-100.0,-2.0,325.0
26.0,-100.0,-2.0,325.0
28.0,-100.0,-2.0,325.0
30.0,-100.0,-2.0,85.0
-32.0,-98.0,-2.0,304.0
-30.0,-98.0,-2.0,304.0
-28.0,-98.0,-2.0,234.0
-26.0,-98.0,-2.0,234.0
-24.0,-98.0,-2.0,234.0
-22.0,-98.0,-2.0,234.0
-20.0,-98.0,-2.0,234.0
-18.0,-98.0,-2.0,234.0
-16.0,-98.0,-2.0,234.0
-14.0,-98.0,-2.0,234.0
-12.0,-98.0,-2.0,489.0
-10.0,-98.0,-2.0,489.0
-8.0,-98.0,-2.0,125.0
-6.0,-98.0,-2.0,125.0
-4.0,-98.0,-2.0,125.0
-2.0,-98.0,-2.0,125.0
0.0,-98.0,-2.0,125.0
2.0,-98.0,-2.0,125.0
4.0,-98.0,-2.0,125.0
6.0,-98.0,-2.0,125.0
8.0,-98.0,-2.0,380.0
10.0,-98.0,-2.0,380.0
12.0,-98.0,-2.0,380.0
14.0,-98.0,-2.0,380.0
16.0,-98.0,-2.0,325.0
18.0,-98.0,-2.0,325.0
20.0,-98.0,-2.0,325.0
22.0,-98.0,-2.0,325.0
24.0,-98.0,-2.0,325.0
26.0,-98.0,-2.0,325.0
28.0,-98.0,-2.0,325.0
30.0,-98.0,-2.0,85.0
32.0,-98.0,-2.0,85.0
34.0,-98.0,-2.0,85.0
-36.0,-96.0,-2.0,304.0
-34.0,-96.0,-2.0,304.0
-32.0,-96.0,-2.0,304.0
-30.0,-96.0,-2.0,304.0
-28.0,-96.0,-2.0,234.0
-26.0,-96.0,-2.0,234.0
-24.0,-96.0,-2.0,234.0
-22.0,-96.0,-2.0,234.0
-20.0,-96.0,-2.0,234.0
-18.0,-96.0,-2.0,234.0
-16.0,-96.0,-2.0,234.0
-14.0,-96.0,-2.0,489.0
-12.0,-96.0,-2.0,489.0
-10.0,-96.0,-2.0,489.0
-8.0,-96.0,-2.0,125.0
-6.0,-96.0,-2.0,125.0
-4.0,-96.0,-2.0,125.0
-2.0,-96.0,-2.0,125.0
0.0,-96.0,-2.0,125.0
2.0,-96.0,-2.0,125.0
4.0,-96.0,-2.0,125.0
6.0,-96.0,-2.0,125.0
8.0,-96.0,-2.0,380.0
10.0,-96.0,-2.0,380.0
12.0,-96.0,-2.0,380.0
14.0,-96.0,-2.0,325.0
16.0,-96.0,-2.0,325.0
18.0,-96.0,-2.0,325.0
20.0,-96.0,-2.0,325.0
22.0,-96.0,-2.0,325.0
24.0,-96.0,-2.0,325.0
26.0,-96.0,-2.0,325.0
28.0,-96.0,-2.0,85.0
30.0,-96.0,-2.0,85.0
32.0,-96.0,-2.0,85.0
34.0,-96.0,-2.0,85.0
36.0,-96.0,-2.0,85.0
-38.0,-94.0,-2.0,510.0
-36.0,-94.0,-2.0,510.0
-34.0,-94.0,-2.0,304.0
-32.0,-94.0,-2.0,304.0
-30.0,-94.0,-2.0,304.0
-28.0,-94.0,-2.0,234.0
-26.0,-94.0,-2.0,234.0
-24.0,-94.0,-2.0,234.0
-22.0,-94.0,-2.0,234.0
-20.0,-94.0,-2.0,234.0
-18.0,-94.0,-2.0,234.0
-16.0,-94.0,-2.0,234.0
-14.0,-94.0,-2.0,489.0
-12.0,-94.0,-2.0,489.0
-10.0,-94.0,-2.0,489.0
-8.0,-94.0,-2.0,125.0
-6.0,-94.0,-2.0,125.0
-4.0,-94.0,-2.0,125.0
-2.0,-94.0,-2.0,125.0
0.0,-94.0,-2.0,125.0
2.0,-94.0,-2.0,125.0
4.0,-94.0,-2.0,125.0
6.0,-94.0,-2.0,125.0
8.0,-94.0,-2.0,125.0
10.0,-94.0,-2.0,380.0
12.0,-94.0,-2.0,380.0
14.0,-94.0,-2.0,325.0
16.0,-94.0,-2.0,325.0
18.0,-94.0,-2.0,325.0
20.0,-94.0,-2.0,325.0
22.0,-94.0,-2.0,325.0
24.0,-94.0,-2.0,325.0
26.0,-94.0,-2.0,325.0
28.0,-94.0,-2.0,85.0
30.0,-94.0,-2.0,85.0
32.0,-94.0,-2.0,85.0
34.0,-94.0,-2.0,85.0
36.0,-94.0,-2.0,85.0
38.0,-94.0,-2.0,85.0
-40.0,-92.0,-2.0,510.0
-38.0,-92.0,-2.0,510.0
-36.0,-92.0,-2.0,510.0
-34.0,-92.0,-2.0,510.0
-32.0,-92.0,-2.0,304.0
-30.0,-92.0,-2.0,545.0
-28.0,-92.0,-2.0,545.0
-26.0,-92.0,-2.0,234.0
-24.0,-92.0,-2.0,234.0
-22.0,-92.0,-2.0,234.0
-20.0,-92.0,-2.0,234.0
-18.0,-92.0,-2.0,234.0
-16.0,-92.0,-2.0,489.0
-14.0,-92.0,-2.0,489.0
-12.0,-92.0,-2.0,489.0
-10.0,-92.0,-2.0,489.0
-8.0,-92.0,-2.0,125.0
-6.0,-92.0,-2.0,125.0
-4.0,-92.0,-2.0,125.0
-2.0,-92.0,-2.0,125.0
0.0,-92.0,-2.0,125.0
2.0,-92.0,-2.0,125.0
4.0,-92.0,-2.0,125.0
6.0,-92.0,-2.0,125.0
8.0,-92.0,-2.0,125.0
10.0,-92.0,-2.0,380.0
12.0,-92.0,-2.0,325.0
14.0,-92.0,-2.0,325.0
16.0,-92.0,-2.0,325.0
18.0,-92.0,-2.0,325.0
20.0,-92.0,-2.0,325.0
22.0,-92.0,-2.0,325.0
24.0,-92.0,-2.0,325.0
26.0,-92.0,-2.0,325.0
28.0,-92.0,-2.0,335.0
30.0,-92.0,-2.0,335.0
32.0,-92.0,-2.0,335.0
34.0,-92.0,-2.0,335.0
36.0,-92.0,-2.0,335.0
38.0,-92.0,-2.0,335.0
40.0,-92.0,-2.0,571.0
-42.0,-90.0,-2.0,510.0
-40.0,-90.0,-2.0,510.0
-38.0,-90.0,-2.0,510.0
-36.0,-90.0,-2.0,510.0
-34.0,-90.0,-2.0,510.0
-32.0,-90.0,-2.0,545.0
-30.0,-90.0,-2.0,545.0
-28.0,-90.0,-2.0,545.0
-26.0,-90.0,-2.0,545.0
-24.0,-90.0,-2.0,234.0
-22.0,-90.0,-2.0,234.0
-20.0,-90.0,-2.0,234.0
-18.0,-90.0,-2.0,234.0
-16.0,-90.0,-2.0,489.0
-14.0,-90.0,-2.0,489.0
-12.0,-90.0,-2.0,489.0
-10.0,-90.0,-2.0,230.0
-8.0,-90.0,-2.0,230.0
-6.0,-90.0,-2.0,125.0
-4.0,-90.0,-2.0,125.0
-2.0,-90.0,-2.0,125.0
0.0,-90.0,-2.0,125.0
2.0,-90.0,-2.0,125.0
4.0,-90.0,-2.0,125.0
6.0,-90.0,-2.0,125.0
8.0,-90.0,-2.0,125.0
10.0,-90.0,-2.0,125.0
12.0,-90.0,-2.0,325.0
14.0,-90.0,-2.0,325.0
16.0,-90.0,-2.0,325.0
18.0,-90.0,-2.0,325.0
20.0,-90.0,-2.0,325.0
22.0,-90.0,-2.0,325.0
24.0,-90.0,-2.0,325.0
26.0,-90.0,-2.0,325.0
28.0,-90.0,-2.0,335.0
30.0,-90.0,-2.0,335.0
32.0,-90.0,-2.0,335.0
34.0,-90.0,-2.0,335.0
36.0,-90.0,-2.0,335.0
38.0,-90.0,-2.0,335.0
40.0,-90.0,-2.0,571.0
42.0,-90.0,-2.0,571.0
-44.0,-88.0,-2.0,510.0
-42.0,-88.0,-2.0,510.0
-40.0,-88.0,-2.0,510.0
-38.0,-88.0,-2.0,510.0
-36.0,-88.0,-2.0,510.0
-34.0,-88.0,-2.0,510.0
-32.0,-88.0,-2.0,545.0
-30.0,-88.0,-2.0,545.0
-28.0,-88.0,-2.0,545.0
-26.0,-88.0,-2.0,287.0
-24.0,-88.0,-2.0,287.0
-22.0,-88.0,-2.0,287.0
-20.0,-88.0,-2.0,287.0
-18.0,-88.0,-2.0,489.0
-16.0,-88.0,-2.0,489.0
-14.0,-88.0,-2.0,489.0
-12.0,-88.0,-2.0,64.0
-10.0,-88.0,-2.0,230.0
-8.0,-88.0,-2.0,230.0
-6.0,-88.0,-2.0,230.0
-4.0,-88.0,-2.0,230.0
-2.0,-88.0,-2.0,125.0
0.0,-88.0,-2.0,125.0
2.0,-88.0,-2.0,125.0
4.0,-88.0,-2.0,125.0
6.0,-88.0,-2.0,125.0
8.0,-88.0,-2.0,125.0
10.0,-88.0,-2.0,125.0
12.0,-88.0,-2.0,325.0
14.0,-88.0,-2.0,325.0
16.0,-88.0,-2.0,325.0
18.0,-88.0,-2.0,325.0
20.0,-88.0,-2.0,325.0
22.0,-88.0,-2.0,325.0
24.0,-88.0,-2.0,325.0
26.0,-88.0,-2.0,440.0
28.0,-88.0,-2.0,440.0
30.0,-88.0,-2.0,440.0
32.0,-88.0,-2.0,440.0
34.0,-88.0,-2.0,440.0
36.0,-88.0,-2.0,440.0
38.0,-88.0,-2.0,440.0
40.0,-88.0,-2.0,571.0
42.0,-88.0,-2.0,571.0
44.0,-88.0,-2.0,571.0
-46.0,-86.0,-2.0,510.0
-44.0,-86.0,-2.0,510.0
-42.0,-86.0,-2.0,510.0
-40.0,-86.0,-2.0,510.0
-38.0,-86.0,-2.0,510.0
-36.0,-86.0,-2.0,510.0
-34.0,-86.0,-2.0,510.0
-32.0,-86.0,-2.0,287.0
-30.0,-86.0,-2.0,287.0
-28.0,-86.0,-2.0,287.0
-26.0,-86.0,-2.0,287.0
-18.0,-86.0,-2.0,64.0
-16.0,-86.0,-2.0,64.0
-14.0,-86.0,-2.0,64.0
-12.0,-86.0,-2.0,64.0
-10.0,-86.0,-2.0,64.0
-8.0,-86.0,-2.0,230.0
-6.0,-86.0,-2.0,230.0
-4.0,-86.0,-2.0,230.0
-2.0,-86.0,-2.0,31.0
0.0,-86.0,-2.0,31.0
2.0,-86.0,-2.0,125.0
4.0,-86.0,-2.0,125.0
6.0,-86.0,-2.0,125.0
8.0,-86.0,-2.0,125.0
10.0,-86.0,-2.0,125.0
12.0,-86.0,-2.0,325.0
14.0,-86.0,-2.0,325.0
16.0,-86.0,-2.0,325.0
18.0,-86.0,-2.0,325.0
20.0,-86.0,-2.0,325.0
22.0,-86.0,-2.0,325.0
24.0,-86.0,-2.0,440.0
26.0,-86.0,-2.0,440.0
28.0,-86.0,-2.0,440.0
30.0,-86.0,-2.0,440.0
32.0,-86.0,-2.0,440.0
34.0,-86.0,-2.0,440.0
36.0,-86.0,-2.0,440.0
38.0,-86.0,-2.0,440.0
40.0,-86.0,-2.0,571.0
42.0,-86.0,-2.0,571.0
44.0,-86.0,-2.0,571.0
46.0,-86.0,-2.0,571.0
-48.0,-84.0,-2.0,510.0
-46.0,-84.0,-2.0,510.0
-44.0,-84.0,-2.0,510.0
-42.0,-84.0,-2.0,510.0
-40.0,-84.0,-2.0,510.0
-38.0,-84.0,-2.0,510.0
-36.0,-84.0,-2.0,510.0
-34.0,-84.0,-2.0,510.0
-32.0,-84.0,-2.0,287.0
-30.0,-84.0,-2.0,287.0
-18.0,-84.0,-2.0,64.0
-16.0,-84.0,-2.0,64.0
-14.0,-84.0,-2.0,64.0
-12.0,-84.0,-2.0,64.0
-10.0,-84.0,-2.0,64.0
-8.0,-84.0,-2.0,64.0
-6.0,-84.0,-2.0,230.0
-4.0,-84.0,-2.0,230.0
-2.0,-84.0,-2.0,31.0
0.0,-84.0,-2.0,31.0
2.0,-84.0,-2.0,31.0
4.0,-84.0,-2.0,31.0
6.0,-84.0,-2.0,31.0
8.0,-84.0,-2.0,125.0
10.0,-84.0,-2.0,362.0
12.0,-84.0,-2.0,567.0
14.0,-84.0,-2.0,325.0
16.0,-84.0,-2.0,325.0
18.0,-84.0,-2.0,325.0
20.0,-84.0,-2.0,325.0
22.0,-84.0,-2.0,464.0
24.0,-84.0,-2.0,440.0
26.0,-84.0,-2.0,440.0
28.0,-84.0,-2.0,440.0
30.0,-84.0,-2.0,440.0
32.0,-84.0,-2.0,440.0
34.0,-84.0,-2.0,440.0
36.0,-84.0,-2.0,440.0
38.0,-84.0,-2.0,569.0
40.0,-84.0,-2.0,569.0
42.0,-84.0,-2.0,571.0
44.0,-84.0,-2.0,571.0
46.0,-84.0,-2.0,571.0
48.0,-84.0,-2.0,571.0
-50.0,-82.0,-2.0,510.0
-48.0,-82.0,-2.0,510.0
-46.0,-82.0,-2.0,510.0
-44.0,-82.0,-2.0,510.0
-42.0,-82.0,-2.0,510.0
-40.0,-82.0,-2.0,510.0
-38.0,-82.0,-2.0,510.0
-36.0,-82.0,-2.0,510.0
-34.0,-82.0,-2.0,510.0
-32.0,-82.0,-2.0,287.0
-20.0,-82.0,-2.0,287.0
-18.0,-82.0,-2.0,64.0
-16.0,-82.0,-2.0,64.0
-14.0,-82.0,-2.0,64.0
-12.0,-82.0,-2.0,64.0
-10.0,-82.0,-2.0,64.0
-8.0,-82.0,-2.0,64.0
-6.0,-82.0,-2.0,64.0
-4.0,-82.0,-2.0,31.0
-2.0,-82.0,-2.0,31.0
0.0,-82.0,-2.0,31.0
2.0,-82.0,-2.0,31.0
4.0,-82.0,-2.0,31.0
6.0,-82.0,-2.0,31.0
8.0,-82.0,-2.0,362.0
10.0,-82.0,-2.0,362.0
12.0,-82.0,-2.0,362.0
14.0,-82.0,-2.0,362.0
16.0,-82.0,-2.0,464.0
18.0,-82.0,-2.0,464.0
20.0,-82.0,-2.0,464.0
22.0,-82.0,-2.0,464.0
24.0,-82.0,-2.0,464.0
26.0,-82.0,-2.0,440.0
28.0,-82.0,-2.0,440.0
30.0,-82.0,-2.0,440.0
32.0,-82.0,-2.0,440.0
34.0,-82.0,-2.0,440.0
36.0,-82.0,-2.0,569.0
38.0,-82.0,-2.0,569.0
40.0,-82.0,-2.0,569.0
42.0,-82.0,-2.0,569.0
44.0,-82.0,-2.0,571.0
46.0,-82.0,-2.0,571.0
48.0,-82.0,-2.0,571.0
-50.0,-80.0,-2.0,510.0
-48.0,-80.0,-2.0,510.0
-46.0,-80.0,-2.0,510.0
-44.0,-80.0,-2.0,510.0
-42.0,-80.0,-2.0,510.0
-40.0,-80.0,-2.0,510.0
-38.0,-80.0,-2.0,510.0
-36.0,-80.0,-2.0,510.0
-34.0,-80.0,-2.0,144.0
-20.0,-80.0,-2.0,356.0
-18.0,-80.0,-2.0,356.0
-16.0,-80.0,-2.0,64.0
-14.0,-80.0,-2.0,64.0
-12.0,-80.0,-2.0,64.0
-10.0,-80.0,-2.0,64.0
-8.0,-80.0,-2.0,64.0
-6.0,-80.0,-2.0,64.0
-4.0,-80.0,-2.0,450.0
-2.0,-80.0,-2.0,31.0
0.0,-80.0,-2.0,31.0
2.0,-80.0,-2.0,31.0
4.0,-80.0,-2.0,31.0
6.0,-80.0,-2.0,362.0
8.0,-80.0,-2.0,362.0
10.0,-80.0,-2.0,362.0
12.0,-80.0,-2.0,362.0
14.0,-80.0,-2.0,362.0
16.0,-80.0,-2.0,464.0
18.0,-80.0,-2.0,464.0
20.0,-80.0,-2.0,464.0
22.0,-80.0,-2.0,464.0
24.0,-80.0,-2.0,464.0
26.0,-80.0,-2.0,464.0
28.0,-80.0,-2.0,440.0
30.0,-80.0,-2.0,440.0
32.0,-80.0,-2.0,440.0
34.0,-80.0,-2.0,569.0
36.0,-80.0,-2.0,569.0
38.0,-80.0,-2.0,569.0
40.0,-80.0,-2.0,569.0
42.0,-80.0,-2.0,569.0
44.0,-80.0,-2.0,569.0
46.0,-80.0,-2.0,571.0
48.0,-80.0,-2.0,571.0
50.0,-80.0,-2.0,571.0
-52.0,-78.0,-2.0,552.0
-50.0,-78.0,-2.0,552.0
-48.0,-78.0,-2.0,552.0
-46.0,-78.0,-2.0,510.0
-44.0,-78.0,-2.0,510.0
-42.0,-78.0,-2.0,510.0
-40.0,-78.0,-2.0,510.0
-38.0,-78.0,-2.0,510.0
-36.0,-78.0,-2.0,144.0
-34.0,-78.0,-2.0,144.0
-22.0,-78.0,-2.0,287.0
-20.0,-78.0,-2.0,356.0
-16.0,-78.0,-2.0,356.0
-14.0,-78.0,-2.0,64.0
-12.0,-78.0,-2.0,64.0
-10.0,-78.0,-2.0,64.0
-8.0,-78.0,-2.0,64.0
-6.0,-78.0,-2.0,450.0
-4.0,-78.0,-2.0,450.0
-2.0,-78.0,-2.0,450.0
0.0,-78.0,-2.0,450.0
2.0,-78.0,-2.0,450.0
4.0,-78.0,-2.0,450.0
6.0,-78.0,-2.0,362.0
8.0,-78.0,-2.0,362.0
10.0,-78.0,-2.0,362.0
12.0,-78.0,-2.0,362.0
14.0,-78.0,-2.0,362.0
16.0,-78.0,-2.0,464.0
18.0,-78.0,-2.0,464.0
20.0,-78.0,-2.0,464.0
22.0,-78.0,-2.0,464.0
24.0,-78.0,-2.0,464.0
26.0,-78.0,-2.0,464.0
28.0,-78.0,-2.0,464.0
30.0,-78.0,-2.0,587.0
32.0,-78.0,-2.0,569.0
34.0,-78.0,-2.0,569.0
36.0,-78.0,-2.0,569.0
38.0,-78.0,-2.0,569.0
40.0,-78.0,-2.0,569.0
42.0,-78.0,-2.0,569.0
44.0,-78.0,-2.0,569.0
46.0,-78.0,-2.0,569.0
48.0,-78.0,-2.0,571.0
50.0,-78.0,-2.0,277.0
52.0,-78.0,-2.0,277.0
-54.0,-76.0,-2.0,552.0
-52.0,-76.0,-2.0,552.0
-50.0,-76.0,-2.0,552.0
-48.0,-76.0,-2.0,552.0
-46.0,-76.0,-2.0,552.0
-44.0,-76.0,-2.0,552.0
-42.0,-76.0,-2.0,552.0
-40.0,-76.0,-2.0,144.0
-38.0,-76.0,-2.0,144.0
-36.0,-76.0,-2.0,144.0
-34.0,-76.0,-2.0,144.0
-22.0,-76.0,-2.0,356.0
-20.0,-76.0,-2.0,356.0
-14.0,-76.0,-2.0,356.0
-12.0,-76.0,-2.0,64.0
-10.0,-76.0,-2.0,64.0
-8.0,-76.0,-2.0,450.0
-6.0,-76.0,-2.0,450.0
-4.0,-76.0,-2.0,450.0
-2.0,-76.0,-2.0,450.0
0.0,-76.0,-2.0,450.0
2.0,-76.0,-2.0,450.0
4.0,-76.0,-2.0,450.0
6.0,-76.0,-2.0,362.0
8.0,-76.0,-2.0,362.0
10.0,-76.0,-2.0,362.0
12.0,-76.0,-2.0,362.0
14.0,-76.0,-2.0,362.0
16.0,-76.0,-2.0,464.0
18.0,-76.0,-2.0,464.0
20.0,-76.0,-2.0,464.0
22.0,-76.0,-2.0,464.0
24.0,-76.0,-2.0,464.0
26.0,-76.0,-2.0,464.0
28.0,-76.0,-2.0,464.0
30.0,-76.0,-2.0,587.0
32.0,-76.0,-2.0,587.0
34.0,-76.0,-2.0,587.0
36.0,-76.0,-2.0,569.0
38.0,-76.0,-2.0,569.0
40.0,-76.0,-2.0,569.0
42.0,-76.0,-2.0,569.0
44.0,-76.0,-2.0,569.0
46.0,-76.0,-2.0,569.0
48.0,-76.0,-2.0,277.0
50.0,-76.0,-2.0,277.0
52.0,-76.0,-2.0,277.0
54.0,-76.0,-2.0,277.0
-54.0,-74.0,-2.0,552.0
-52.0,-74.0,-2.0,552.0
-50.0,-74.0,-2.0,552.0
-48.0,-74.0,-2.0,552.0
-46.0,-74.0,-2.0,552.0
-44.0,-74.0,-2.0,552.0
-42.0,-74.0,-2.0,36.0
-40.0,-74.0,-2.0,144.0
-38.0,-74.0,-2.0,144.0
-36.0,-74.0,-2.0,144.0
-24.0,-74.0,-2.0,272.0
-22.0,-74.0,-2.0,272.0
-20.0,-74.0,-2.0,272.0
-14.0,-74.0,-2.0,356.0
-12.0,-74.0,-2.0,356.0
-10.0,-74.0,-2.0,64.0
-8.0,-74.0,-2.0,450.0
-6.0,-74.0,-2.0,450.0
-4.0,-74.0,-2.0,450.0
-2.0,-74.0,-2.0,450.0
0.0,-74.0,-2.0,450.0
2.0,-74.0,-2.0,450.0
4.0,-74.0,-2.0,450.0
6.0,-74.0,-2.0,362.0
8.0,-74.0,-2.0,362.0
10.0,-74.0,-2.0,362.0
12.0,-74.0,-2.0,362.0
14.0,-74.0,-2.0,362.0
16.0,-74.0,-2.0,362.0
18.0,-74.0,-2.0,464.0
20.0,-74.0,-2.0,464.0
22.0,-74.0,-2.0,464.0
24.0,-74.0,-2.0,464.0
26.0,-74.0,-2.0,464.0
30.0,-74.0,-2.0,587.0
32.0,-74.0,-2.0,587.0
38.0,-74.0,-2.0,587.0
40.0,-74.0,-2.0,569.0
42.0,-74.0,-2.0,569.0
44.0,-74.0,-2.0,569.0
46.0,-74.0,-2.0,569.0
48.0,-74.0,-2.0,277.0
50.0,-74.0,-2.0,277.0
52.0,-74.0,-2.0,277.0
54.0,-74.0,-2.0,277.0
-56.0,-72.0,-2.0,388.0
-54.0,-72.0,-2.0,388.0
-52.0,-72.0,-2.0,388.0
-50.0,-72.0,-2.0,388.0
-48.0,-72.0,-2.0,552.0
-46.0,-72.0,-2.0,552.0
-44.0,-72.0,-2.0,552.0
-24.0,-72.0,-2.0,272.0
-22.0,-72.0,-2.0,272.0
-20.0,-72.0,-2.0,272.0
-16.0,-72.0,-2.0,356.0
-14.0,-72.0,-2.0,356.0
-12.0,-72.0,-2.0,356.0
-10.0,-72.0,-2.0,450.0
-8.0,-72.0,-2.0,450.0
-6.0,-72.0,-2.0,450.0
-4.0,-72.0,-2.0,450.0
-2.0,-72.0,-2.0,450.0
0.0,-72.0,-2.0,450.0
2.0,-72.0,-2.0,450.0
4.0,-72.0,-2.0,450.0
6.0,-72.0,-2.0,362.0
8.0,-72.0,-2.0,362.0
10.0,-72.0,-2.0,362.0
12.0,-72.0,-2.0,362.0
14.0,-72.0,-2.0,362.0
16.0,-72.0,-2.0,362.0
18.0,-72.0,-2.0,464.0
20.0,-72.0,-2.0,464.0
22.0,-72.0,-2.0,464.0
24.0,-72.0,-2.0,464.0
26.0,-72.0,-2.0,464.0
38.0,-72.0,-2.0,587.0
40.0,-72.0,-2.0,587.0
42.0,-72.0,-2.0,587.0
44.0,-72.0,-2.0,569.0
46.0,-72.0,-2.0,373.0
48.0,-72.0,-2.0,373.0
50.0,-72.0,-2.0,277.0
52.0,-72.0,-2.0,277.0
54.0,-72.0,-2.0,277.0
56.0,-72.0,-2.0,277.0
-56.0,-70.0,-2.0,388.0
-54.0,-70.0,-2.0,388.0
-52.0,-70.0,-2.0,388.0
-50.0,-70.0,-2.0,388.0
-48.0,-70.0,-2.0,388.0
-46.0,-70.0,-2.0,388.0
-44.0,-70.0,-2.0,388.0
-42.0,-70.0,-2.0,144.0
-24.0,-70.0,-2.0,272.0
-22.0,-70.0,-2.0,272.0
-16.0,-70.0,-2.0,272.0
-14.0,-70.0,-2.0,356.0
-12.0,-70.0,-2.0,356.0
-10.0,-70.0,-2.0,450.0
-8.0,-70.0,-2.0,450.0
-6.0,-70.0,-2.0,450.0
-4.0,-70.0,-2.0,450.0
2.0,-70.0,-2.0,450.0
4.0,-70.0,-2.0,450.0
6.0,-70.0,-2.0,362.0
8.0,-70.0,-2.0,362.0
10.0,-70.0,-2.0,362.0
12.0,-70.0,-2.0,362.0
14.0,-70.0,-2.0,362.0
16.0,-70.0,-2.0,362.0
18.0,-70.0,-2.0,464.0
20.0,-70.0,-2.0,464.0
22.0,-70.0,-2.0,464.0
24.0,-70.0,-2.0,357.0
38.0,-70.0,-2.0,587.0
40.0,-70.0,-2.0,587.0
42.0,-70.0,-2.0,587.0
44.0,-70.0,-2.0,373.0
46.0,-70.0,-2.0,373.0
48.0,-70.0,-2.0,373.0
50.0,-70.0,-2.0,373.0
52.0,-70.0,-2.0,373.0
54.0,-70.0,-2.0,373.0
56.0,-70.0,-2.0,373.0
-58.0,-68.0,-2.0,388.0
-56.0,-68.0,-2.0,388.0
-54.0,-68.0,-2.0,388.0
-52.0,-68.0,-2.0,388.0
-50.0,-68.0,-2.0,388.0
-48.0,-68.0,-2.0,388.0
-46.0,-68.0,-2.0,388.0
-44.0,-68.0,-2.0,388.0
-42.0,-68.0,-2.0,144.0
-26.0,-68.0,-2.0,123.0
-24.0,-68.0,-2.0,272.0
-16.0,-68.0,-2.0,272.0
-14.0,-68.0,-2.0,272.0
-12.0,-68.0,-2.0,272.0
-10.0,-68.0,-2.0,450.0
-8.0,-68.0,-2.0,450.0
-6.0,-68.0,-2.0,450.0
-4.0,-68.0,-2.0,450.0
2.0,-68.0,-2.0,450.0
4.0,-68.0,-2.0,450.0
6.0,-68.0,-2.0,362.0
8.0,-68.0,-2.0,362.0
10.0,-68.0,-2.0,362.0
12.0,-68.0,-2.0,362.0
14.0,-68.0,-2.0,362.0
16.0,-68.0,-2.0,431.0
18.0,-68.0,-2.0,431.0
20.0,-68.0,-2.0,357.0
22.0,-68.0,-2.0,357.0
24.0,-68.0,-2.0,357.0
38.0,-68.0,-2.0,587.0
40.0,-68.0,-2.0,587.0
42.0,-68.0,-2.0,373.0
44.0,-68.0,-2.0,373.0
46.0,-68.0,-2.0,373.0
48.0,-68.0,-2.0,373.0
50.0,-68.0,-2.0,373.0
52.0,-68.0,-2.0,373.0
54.0,-68.0,-2.0,373.0
56.0,-68.0,-2.0,373.0
-58.0,-66.0,-2.0,388.0
-56.0,-66.0,-2.0,388.0
-54.0,-66.0,-2.0,388.0
-52.0,-66.0,-2.0,388.0
-50.0,-66.0,-2.0,388.0
-48.0,-66.0,-2.0,388.0
-46.0,-66.0,-2.0,388.0
-44.0,-66.0,-2.0,388.0
-42.0,-66.0,-2.0,388.0
-26.0,-66.0,-2.0,123.0
-24.0,-66.0,-2.0,272.0
-16.0,-66.0,-2.0,272.0
-14.0,-66.0,-2.0,272.0
-12.0,-66.0,-2.0,272.0
-10.0,-66.0,-2.0,450.0
-8.0,-66.0,-2.0,450.0
-6.0,-66.0,-2.0,450.0
4.0,-66.0,-2.0,450.0
6.0,-66.0,-2.0,362.0
8.0,-66.0,-2.0,362.0
10.0,-66.0,-2.0,362.0
12.0,-66.0,-2.0,362.0
14.0,-66.0,-2.0,303.0
16.0,-66.0,-2.0,303.0
18.0,-66.0,-2.0,303.0
20.0,-66.0,-2.0,303.0
22.0,-66.0,-2.0,357.0
24.0,-66.0,-2.0,357.0
38.0,-66.0,-2.0,587.0
40.0,-66.0,-2.0,373.0
42.0,-66.0,-2.0,373.0
44.0,-66.0,-2.0,373.0
46.0,-66.0,-2.0,373.0
48.0,-66.0,-2.0,373.0
50.0,-66.0,-2.0,373.0
52.0,-66.0,-2.0,373.0
54.0,-66.0,-2.0,373.0
-60.0,-64.0,-2.0,388.0
-58.0,-64.0,-2.0,388.0
-56.0,-64.0,-2.0,388.0
-54.0,-64.0,-2.0,388.0
-52.0,-64.0,-2.0,388.0
-50.0,-64.0,-2.0,388.0
-48.0,-64.0,-2.0,388.0
-46.0,-64.0,-2.0,388.0
-44.0,-64.0,-2.0,388.0
-18.0,-64.0,-2.0,272.0
-16.0,-64.0,-2.0,272.0
-14.0,-64.0,-2.0,272.0
-12.0,-64.0,-2.0,272.0
-10.0,-64.0,-2.0,450.0
-8.0,-64.0,-2.0,450.0
-6.0,-64.0,-2.0,450.0
8.0,-64.0,-2.0,362.0
10.0,-64.0,-2.0,303.0
12.0,-64.0,-2.0,303.0
14.0,-64.0,-2.0,303.0
16.0,-64.0,-2.0,303.0
18.0,-64.0,-2.0,303.0
20.0,-64.0,-2.0,303.0
22.0,-64.0,-2.0,303.0
24.0,-64.0,-2.0,357.0
40.0,-64.0,-2.0,373.0
42.0,-64.0,-2.0,373.0
44.0,-64.0,-2.0,373.0
46.0,-64.0,-2.0,373.0
48.0,-64.0,-2.0,373.0
50.0,-64.0,-2.0,373.0
52.0,-64.0,-2.0,373.0
56.0,-64.0,-2.0,373.0
58.0,-64.0,-2.0,373.0
-62.0,-62.0,-2.0,388.0
-60.0,-62.0,-2.0,388.0
-58.0,-62.0,-2.0,388.0
-56.0,-62.0,-2.0,388.0
-54.0,-62.0,-2.0,388.0
-52.0,-62.0,-2.0,388.0
-50.0,-62.0,-2.0,388.0
-48.0,-62.0,-2.0,388.0
-46.0,-62.0,-2.0,388.0
-44.0,-62.0,-2.0,388.0
-20.0,-62.0,-2.0,272.0
-18.0,-62.0,-2.0,272.0
-16.0,-62.0,-2.0,272.0
-14.0,-62.0,-2.0,272.0
-12.0,-62.0,-2.0,272.0
-10.0,-62.0,-2.0,406.0
-8.0,-62.0,-2.0,450.0
-6.0,-62.0,-2.0,450.0
6.0,-62.0,-2.0,362.0
8.0,-62.0,-2.0,303.0
10.0,-62.0,-2.0,303.0
12.0,-62.0,-2.0,303.0
14.0,-62.0,-2.0,303.0
16.0,-62.0,-2.0,303.0
18.0,-62.0,-2.0,303.0
20.0,-62.0,-2.0,303.0
22.0,-62.0,-2.0,303.0
24.0,-62.0,-2.0,303.0
40.0,-62.0,-2.0,373.0
42.0,-62.0,-2.0,373.0
44.0,-62.0,-2.0,373.0
46.0,-62.0,-2.0,373.0
48.0,-62.0,-2.0,373.0
50.0,-62.0,-2.0,373.0
52.0,-62.0,-2.0,373.0
54.0,-62.0,-2.0,373.0
56.0,-62.0,-2.0,373.0
58.0,-62.0,-2.0,373.0
60.0,-62.0,-2.0,11.0
62.0,-62.0,-2.0,11.0
-64.0,-60.0,-2.0,495.0
-62.0,-60.0,-2.0,495.0
-60.0,-60.0,-2.0,225.0
-58.0,-60.0,-2.0,225.0
-56.0,-60.0,-2.0,225.0
-54.0,-60.0,-2.0,225.0
-52.0,-60.0,-2.0,225.0
-50.0,-60.0,-2.0,225.0
-48.0,-60.0,-2.0,225.0
-46.0,-60.0,-2.0,79.0
-44.0,-60.0,-2.0,79.0
-20.0,-60.0,-2.0,547.0
-18.0,-60.0,-2.0,547.0
-16.0,-60.0,-2.0,406.0
-14.0,-60.0,-2.0,406.0
-12.0,-60.0,-2.0,406.0
-10.0,-60.0,-2.0,406.0
-8.0,-60.0,-2.0,406.0
4.0,-60.0,-2.0,181.0
6.0,-60.0,-2.0,303.0
8.0,-60.0,-2.0,303.0
10.0,-60.0,-2.0,303.0
12.0,-60.0,-2.0,303.0
14.0,-60.0,-2.0,303.0
16.0,-60.0,-2.0,303.0
18.0,-60.0,-2.0,303.0
20.0,-60.0,-2.0,303.0
22.0,-60.0,-2.0,303.0
24.0,-60.0,-2.0,303.0
46.0,-60.0,-2.0,373.0
48.0,-60.0,-2.0,373.0
50.0,-60.0,-2.0,373.0
52.0,-60.0,-2.0,373.0
54.0,-60.0,-2.0,373.0
56.0,-60.0,-2.0,373.0
58.0,-60.0,-2.0,373.0
60.0,-60.0,-2.0,11.0
62.0,-60.0,-2.0,11.0
64.0,-60.0,-2.0,11.0
-64.0,-58.0,-2.0,495.0
-62.0,-58.0,-2.0,495.0
-60.0,-58.0,-2.0,225.0
-58.0,-58.0,-2.0,225.0
-56.0,-58.0,-2.0,225.0
-54.0,-58.0,-2.0,225.0
-52.0,-58.0,-2.0,225.0
-50.0,-58.0,-2.0,225.0
-48.0,-58.0,-2.0,225.0
-46.0,-58.0,-2.0,79.0
-44.0,-58.0,-2.0,79.0
-42.0,-58.0,-2.0,79.0
-20.0,-58.0,-2.0,547.0
-18.0,-58.0,-2.0,371.0
-16.0,-58.0,-2.0,406.0
-14.0,-58.0,-2.0,406.0
-12.0,-58.0,-2.0,406.0
-10.0,-58.0,-2.0,406.0
-8.0,-58.0,-2.0,406.0
6.0,-58.0,-2.0,181.0
8.0,-58.0,-2.0,303.0
10.0,-58.0,-2.0,303.0
12.0,-58.0,-2.0,303.0
14.0,-58.0,-2.0,303.0
16.0,-58.0,-2.0,303.0
18.0,-58.0,-2.0,303.0
20.0,-58.0,-2.0,303.0
22.0,-58.0,-2.0,303.0
24.0,-58.0,-2.0,303.0
52.0,-58.0,-2.0,373.0
54.0,-58.0,-2.0,373.0
56.0,-58.0,-2.0,581.0
58.0,-58.0,-2.0,581.0
60.0,-58.0,-2.0,581.0
62.0,-58.0,-2.0,11.0
64.0,-58.0,-2.0,11.0
-64.0,-56.0,-2.0,495.0
-62.0,-56.0,-2.0,495.0
-60.0,-56.0,-2.0,225.0
-58.0,-56.0,-2.0,225.0
-56.0,-56.0,-2.0,225.0
-54.0,-56.0,-2.0,225.0
-52.0,-56.0,-2.0,225.0
-50.0,-56.0,-2.0,225.0
-48.0,-56.0,-2.0,225.0
-46.0,-56.0,-2.0,79.0
-44.0,-56.0,-2.0,79.0
-42.0,-56.0,-2.0,79.0
-24.0,-56.0,-2.0,547.0
-22.0,-56.0,-2.0,547.0
-20.0,-56.0,-2.0,547.0
-18.0,-56.0,-2.0,371.0
-16.0,-56.0,-2.0,406.0
-14.0,-56.0,-2.0,406.0
-12.0,-56.0,-2.0,406.0
-10.0,-56.0,-2.0,406.0
6.0,-56.0,-2.0,181.0
8.0,-56.0,-2.0,181.0
10.0,-56.0,-2.0,303.0
12.0,-56.0,-2.0,303.0
14.0,-56.0,-2.0,303.0
16.0,-56.0,-2.0,303.0
18.0,-56.0,-2.0,303.0
20.0,-56.0,-2.0,303.0
22.0,-56.0,-2.0,303.0
24.0,-56.0,-2.0,306.0
54.0,-56.0,-2.0,581.0
56.0,-56.0,-2.0,581.0
58.0,-56.0,-2.0,581.0
60.0,-56.0,-2.0,581.0
62.0,-56.0,-2.0,11.0
64.0,-56.0,-2.0,11.0
-66.0,-54.0,-2.0,495.0
-64.0,-54.0,-2.0,495.0
-62.0,-54.0,-2.0,495.0
-60.0,-54.0,-2.0,225.0
-58.0,-54.0,-2.0,225.0
-56.0,-54.0,-2.0,225.0
-54.0,-54.0,-2.0,225.0
-52.0,-54.0,-2.0,225.0
-50.0,-54.0,-2.0,225.0
-48.0,-54.0,-2.0,79.0
-46.0,-54.0,-2.0,79.0
-44.0,-54.0,-2.0,79.0
-26.0,-54.0,-2.0,547.0
-24.0,-54.0,-2.0,547.0
-22.0,-54.0,-2.0,47.0
-20.0,-54.0,-2.0,47.0
-18.0,-54.0,-2.0,47.0
-16.0,-54.0,-2.0,406.0
-14.0,-54.0,-2.0,406.0
-12.0,-54.0,-2.0,406.0
8.0,-54.0,-2.0,181.0
10.0,-54.0,-2.0,441.0
12.0,-54.0,-2.0,441.0
14.0,-54.0,-2.0,441.0
16.0,-54.0,-2.0,441.0
18.0,-54.0,-2.0,441.0
20.0,-54.0,-2.0,441.0
22.0,-54.0,-2.0,513.0
24.0,-54.0,-2.0,513.0
54.0,-54.0,-2.0,581.0
56.0,-54.0,-2.0,581.0
58.0,-54.0,-2.0,581.0
60.0,-54.0,-2.0,581.0
62.0,-54.0,-2.0,581.0
64.0,-54.0,-2.0,11.0
66.0,-54.0,-2.0,11.0
-66.0,-52.0,-2.0,495.0
-64.0,-52.0,-2.0,495.0
-62.0,-52.0,-2.0,495.0
-60.0,-52.0,-2.0,137.0
-58.0,-52.0,-2.0,137.0
-56.0,-52.0,-2.0,137.0
-54.0,-52.0,-2.0,137.0
-52.0,-52.0,-2.0,137.0
-50.0,-52.0,-2.0,137.0
-48.0,-52.0,-2.0,79.0
-46.0,-52.0,-2.0,79.0
-44.0,-52.0,-2.0,79.0
-26.0,-52.0,-2.0,47.0
-24.0,-52.0,-2.0,47.0
-22.0,-52.0,-2.0,47.0
-20.0,-52.0,-2.0,47.0
-18.0,-52.0,-2.0,47.0
-16.0,-52.0,-2.0,406.0
-14.0,-52.0,-2.0,406.0
-12.0,-52.0,-2.0,406.0
-10.0,-52.0,-2.0,406.0
8.0,-52.0,-2.0,181.0
10.0,-52.0,-2.0,441.0
12.0,-52.0,-2.0,441.0
14.0,-52.0,-2.0,441.0
16.0,-52.0,-2.0,441.0
18.0,-52.0,-2.0,441.0
20.0,-52.0,-2.0,513.0
22.0,-52.0,-2.0,513.0
24.0,-52.0,-2.0,513.0
54.0,-52.0,-2.0,581.0
56.0,-52.0,-2.0,581.0
58.0,-52.0,-2.0,581.0
60.0,-52.0,-2.0,581.0
62.0,-52.0,-2.0,581.0
64.0,-52.0,-2.0,581.0
66.0,-52.0,-2.0,11.0
-68.0,-50.0,-2.0,535.0
-66.0,-50.0,-2.0,535.0
-64.0,-50.0,-2.0,535.0
-62.0,-50.0,-2.0,535.0
-60.0,-50.0,-2.0,137.0
-58.0,-50.0,-2.0,137.0
-56.0,-50.0,-2.0,137.0
-54.0,-50.0,-2.0,137.0
-52.0,-50.0,-2.0,137.0
-50.0,-50.0,-2.0,137.0
-48.0,-50.0,-2.0,137.0
-46.0,-50.0,-2.0,79.0
-26.0,-50.0,-2.0,47.0
-24.0,-50.0,-2.0,47.0
-22.0,-50.0,-2.0,47.0
-20.0,-50.0,-2.0,47.0
-18.0,-50.0,-2.0,47.0
-16.0,-50.0,-2.0,406.0
-14.0,-50.0,-2.0,406.0
-12.0,-50.0,-2.0,406.0
-10.0,-50.0,-2.0,406.0
8.0,-50.0,-2.0,441.0
10.0,-50.0,-2.0,441.0
12.0,-50.0,-2.0,441.0
14.0,-50.0,-2.0,441.0
16.0,-50.0,-2.0,441.0
18.0,-50.0,-2.0,513.0
20.0,-50.0,-2.0,513.0
22.0,-50.0,-2.0,513.0
24.0,-50.0,-2.0,513.0
52.0,-50.0,-2.0,581.0
54.0,-50.0,-2.0,581.0
56.0,-50.0,-2.0,581.0
58.0,-50.0,-2.0,581.0
60.0,-50.0,-2.0,581.0
62.0,-50.0,-2.0,581.0
64.0,-50.0,-2.0,581.0
66.0,-50.0,-2.0,581.0
-68.0,-48.0,-2.0,535.0
-66.0,-48.0,-2.0,535.0
-64.0,-48.0,-2.0,535.0
-62.0,-48.0,-2.0,535.0
-60.0,-48.0,-2.0,137.0
-58.0,-48.0,-2.0,137.0
-56.0,-48.0,-2.0,137.0
-54.0,-48.0,-2.0,137.0
-52.0,-48.0,-2.0,137.0
-50.0,-48.0,-2.0,137.0
-26.0,-48.0,-2.0,47.0
-24.0,-48.0,-2.0,47.0
-22.0,-48.0,-2.0,47.0
-20.0,-48.0,-2.0,47.0
-18.0,-48.0,-2.0,47.0
-16.0,-48.0,-2.0,47.0
-14.0,-48.0,-2.0,406.0
-12.0,-48.0,-2.0,406.0
-10.0,-48.0,-2.0,406.0
8.0,-48.0,-2.0,441.0
10.0,-48.0,-2.0,441.0
12.0,-48.0,-2.0,441.0
14.0,-48.0,-2.0,441.0
16.0,-48.0,-2.0,513.0
18.0,-48.0,-2.0,513.0
20.0,-48.0,-2.0,513.0
22.0,-48.0,-2.0,513.0
52.0,-48.0,-2.0,581.0
54.0,-48.0,-2.0,581.0
56.0,-48.0,-2.0,581.0
58.0,-48.0,-2.0,581.0
60.0,-48.0,-2.0,581.0
62.0,-48.0,-2.0,581.0
64.0,-48.0,-2.0,581.0
66.0,-48.0,-2.0,581.0
68.0,-48.0,-2.0,581.0
-68.0,-46.0,-2.0,535.0
-66.0,-46.0,-2.0,535.0
-64.0,-46.0,-2.0,535.0
-62.0,-46.0,-2.0,535.0
-60.0,-46.0,-2.0,535.0
-58.0,-46.0,-2.0,137.0
-56.0,-46.0,-2.0,137.0
-54.0,-46.0,-2.0,137.0
-26.0,-46.0,-2.0,47.0
-24.0,-46.0,-2.0,47.0
-22.0,-46.0,-2.0,47.0
-20.0,-46.0,-2.0,47.0
-18.0,-46.0,-2.0,47.0
-16.0,-46.0,-2.0,47.0
-10.0,-46.0,-2.0,406.0
8.0,-46.0,-2.0,551.0
10.0,-46.0,-2.0,441.0
12.0,-46.0,-2.0,441.0
14.0,-46.0,-2.0,513.0
16.0,-46.0,-2.0,513.0
18.0,-46.0,-2.0,513.0
20.0,-46.0,-2.0,513.0
22.0,-46.0,-2.0,513.0
50.0,-46.0,-2.0,581.0
52.0,-46.0,-2.0,581.0
54.0,-46.0,-2.0,581.0
56.0,-46.0,-2.0,581.0
58.0,-46.0,-2.0,581.0
60.0,-46.0,-2.0,581.0
62.0,-46.0,-2.0,581.0
64.0,-46.0,-2.0,581.0
66.0,-46.0,-2.0,581.0
68.0,-46.0,-2.0,581.0
-70.0,-44.0,-2.0,535.0
-68.0,-44.0,-2.0,535.0
-66.0,-44.0,-2.0,535.0
-64.0,-44.0,-2.0,535.0
-62.0,-44.0,-2.0,535.0
-60.0,-44.0,-2.0,535.0
-58.0,-44.0,-2.0,137.0
-56.0,-44.0,-2.0,137.0
-24.0,-44.0,-2.0,47.0
-22.0,-44.0,-2.0,47.0
-20.0,-44.0,-2.0,47.0
-18.0,-44.0,-2.0,47.0
-16.0,-44.0,-2.0,47.0
-10.0,-44.0,-2.0,406.0
-8.0,-44.0,-2.0,406.0
8.0,-44.0,-2.0,551.0
10.0,-44.0,-2.0,441.0
12.0,-44.0,-2.0,513.0
14.0,-44.0,-2.0,513.0
16.0,-44.0,-2.0,513.0
18.0,-44.0,-2.0,513.0
20.0,-44.0,-2.0,513.0
50.0,-44.0,-2.0,581.0
52.0,-44.0,-2.0,581.0
54.0,-44.0,-2.0,581.0
56.0,-44.0,-2.0,581.0
58.0,-44.0,-2.0,581.0
60.0,-44.0,-2.0,581.0
62.0,-44.0,-2.0,581.0
64.0,-44.0,-2.0,581.0
66.0,-44.0,-2.0,133.0
68.0,-44.0,-2.0,133.0
-70.0,-42.0,-2.0,535.0
-68.0,-42.0,-2.0,535.0
-66.0,-42.0,-2.0,535.0
-64.0,-42.0,-2.0,535.0
-62.0,-42.0,-2.0,535.0
-60.0,-42.0,-2.0,535.0
-58.0,-42.0,-2.0,535.0
-56.0,-42.0,-2.0,137.0
-54.0,-42.0,-2.0,137.0
-24.0,-42.0,-2.0,47.0
-22.0,-42.0,-2.0,47.0
-20.0,-42.0,-2.0,47.0
-18.0,-42.0,-2.0,47.0
-16.0,-42.0,-2.0,47.0
-10.0,-42.0,-2.0,406.0
8.0,-42.0,-2.0,551.0
10.0,-42.0,-2.0,513.0
12.0,-42.0,-2.0,513.0
14.0,-42.0,-2.0,513.0
16.0,-42.0,-2.0,513.0
48.0,-42.0,-2.0,581.0
50.0,-42.0,-2.0,581.0
52.0,-42.0,-2.0,581.0
54.0,-42.0,-2.0,581.0
56.0,-42.0,-2.0,581.0
58.0,-42.0,-2.0,581.0
60.0,-42.0,-2.0,133.0
62.0,-42.0,-2.0,133.0
64.0,-42.0,-2.0,133.0
66.0,-42.0,-2.0,133.0
68.0,-42.0,-2.0,133.0
-70.0,-40.0,-2.0,535.0
-68.0,-40.0,-2.0,535.0
-66.0,-40.0,-2.0,535.0
-64.0,-40.0,-2.0,535.0
-62.0,-40.0,-2.0,535.0
-60.0,-40.0,-2.0,535.0
-58.0,-40.0,-2.0,535.0
-56.0,-40.0,-2.0,535.0
-54.0,-40.0,-2.0,137.0
-52.0,-40.0,-2.0,59.0
-50.0,-40.0,-2.0,59.0
-20.0,-40.0,-2.0,47.0
-18.0,-40.0,-2.0,47.0
-12.0,-40.0,-2.0,406.0
-10.0,-40.0,-2.0,406.0
8.0,-40.0,-2.0,551.0
10.0,-40.0,-2.0,513.0
12.0,-40.0,-2.0,513.0
14.0,-40.0,-2.0,513.0
16.0,-40.0,-2.0,513.0
46.0,-40.0,-2.0,581.0
48.0,-40.0,-2.0,581.0
50.0,-40.0,-2.0,581.0
52.0,-40.0,-2.0,581.0
54.0,-40.0,-2.0,581.0
56.0,-40.0,-2.0,133.0
58.0,-40.0,-2.0,133.0
60.0,-40.0,-2.0,133.0
62.0,-40.0,-2.0,133.0
64.0,-40.0,-2.0,133.0
66.0,-40.0,-2.0,133.0
68.0,-40.0,-2.0,133.0
70.0,-40.0,-2.0,467.0
-70.0,-38.0,-2.0,535.0
-68.0,-38.0,-2.0,535.0
-66.0,-38.0,-2.0,535.0
-64.0,-38.0,-2.0,535.0
-62.0,-38.0,-2.0,535.0
-60.0,-38.0,-2.0,535.0
-58.0,-38.0,-2.0,535.0
-56.0,-38.0,-2.0,59.0
-54.0,-38.0,-2.0,59.0
-52.0,-38.0,-2.0,59.0
-50.0,-38.0,-2.0,59.0
-48.0,-38.0,-2.0,59.0
-12.0,-38.0,-2.0,406.0
-10.0,-38.0,-2.0,406.0
10.0,-38.0,-2.0,551.0
12.0,-38.0,-2.0,513.0
14.0,-38.0,-2.0,513.0
16.0,-38.0,-2.0,513.0
46.0,-38.0,-2.0,581.0
48.0,-38.0,-2.0,581.0
50.0,-38.0,-2.0,133.0
52.0,-38.0,-2.0,133.0
54.0,-38.0,-2.0,133.0
56.0,-38.0,-2.0,133.0
58.0,-38.0,-2.0,133.0
60.0,-38.0,-2.0,133.0
62.0,-38.0,-2.0,133.0
64.0,-38.0,-2.0,133.0
66.0,-38.0,-2.0,133.0
68.0,-38.0,-2.0,184.0
70.0,-38.0,-2.0,184.0
-70.0,-36.0,-2.0,535.0
-68.0,-36.0,-2.0,535.0
-66.0,-36.0,-2.0,535.0
-64.0,-36.0,-2.0,535.0
-62.0,-36.0,-2.0,529.0
-60.0,-36.0,-2.0,529.0
-58.0,-36.0,-2.0,529.0
-56.0,-36.0,-2.0,59.0
-54.0,-36.0,-2.0,59.0
-52.0,-36.0,-2.0,59.0
-50.0,-36.0,-2.0,59.0
-48.0,-36.0,-2.0,59.0
-46.0,-36.0,-2.0,59.0
12.0,-36.0,-2.0,513.0
14.0,-36.0,-2.0,513.0
46.0,-36.0,-2.0,133.0
48.0,-36.0,-2.0,133.0
50.0,-36.0,-2.0,133.0
52.0,-36.0,-2.0,133.0
54.0,-36.0,-2.0,133.0
56.0,-36.0,-2.0,133.0
58.0,-36.0,-2.0,133.0
60.0,-36.0,-2.0,133.0
62.0,-36.0,-2.0,133.0
64.0,-36.0,-2.0,184.0
66.0,-36.0,-2.0,184.0
68.0,-36.0,-2.0,184.0
70.0,-36.0,-2.0,184.0
-72.0,-34.0,-2.0,529.0
-70.0,-34.0,-2.0,529.0
-68.0,-34.0,-2.0,529.0
-66.0,-34.0,-2.0,529.0
-64.0,-34.0,-2.0,529.0
-62.0,-34.0,-2.0,529.0
-60.0,-34.0,-2.0,529.0
-58.0,-34.0,-2.0,529.0
-56.0,-34.0,-2.0,529.0
-54.0,-34.0,-2.0,59.0
-52.0,-34.0,-2.0,59.0
-50.0,-34.0,-2.0,59.0
-48.0,-34.0,-2.0,59.0
-46.0,-34.0,-2.0,59.0
12.0,-34.0,-2.0,24.0
14.0,-34.0,-2.0,24.0
16.0,-34.0,-2.0,24.0
46.0,-34.0,-2.0,211.0
48.0,-34.0,-2.0,133.0
50.0,-34.0,-2.0,133.0
52.0,-34.0,-2.0,133.0
54.0,-34.0,-2.0,133.0
56.0,-34.0,-2.0,133.0
58.0,-34.0,-2.0,133.0
60.0,-34.0,-2.0,133.0
62.0,-34.0,-2.0,184.0
64.0,-34.0,-2.0,184.0
66.0,-34.0,-2.0,184.0
68.0,-34.0,-2.0,184.0
-72.0,-32.0,-2.0,529.0
-70.0,-32.0,-2.0,529.0
-68.0,-32.0,-2.0,529.0
-66.0,-32.0,-2.0,529.0
-64.0,-32.0,-2.0,529.0
-62.0,-32.0,-2.0,529.0
-60.0,-32.0,-2.0,529.0
-58.0,-32.0,-2.0,529.0
-56.0,-32.0,-2.0,529.0
-54.0,-32.0,-2.0,59.0
-52.0,-32.0,-2.0,59.0
-50.0,-32.0,-2.0,59.0
-48.0,-32.0,-2.0,59.0
-46.0,-32.0,-2.0,59.0
-44.0,-32.0,-2.0,59.0
-14.0,-32.0,-2.0,577.0
10.0,-32.0,-2.0,24.0
12.0,-32.0,-2.0,24.0
14.0,-32.0,-2.0,24.0
16.0,-32.0,-2.0,24.0
18.0,-32.0,-2.0,24.0
20.0,-32.0,-2.0,24.0
48.0,-32.0,-2.0,211.0
50.0,-32.0,-2.0,133.0
52.0,-32.0,-2.0,133.0
54.0,-32.0,-2.0,133.0
56.0,-32.0,-2.0,133.0
58.0,-32.0,-2.0,184.0
60.0,-32.0,-2.0,184.0
62.0,-32.0,-2.0,184.0
64.0,-32.0,-2.0,184.0
66.0,-32.0,-2.0,184.0
68.0,-32.0,-2.0,184.0
-72.0,-30.0,-2.0,529.0
-70.0,-30.0,-2.0,529.0
-68.0,-30.0,-2.0,529.0
-66.0,-30.0,-2.0,529.0
-64.0,-30.0,-2.0,529.0
-62.0,-30.0,-2.0,529.0
-60.0,-30.0,-2.0,529.0
-58.0,-30.0,-2.0,529.0
-56.0,-30.0,-2.0,529.0
-54.0,-30.0,-2.0,529.0
-52.0,-30.0,-2.0,59.0
-50.0,-30.0,-2.0,59.0
-48.0,-30.0,-2.0,59.0
-46.0,-30.0,-2.0,59.0
-44.0,-30.0,-2.0,59.0
-18.0,-30.0,-2.0,577.0
-16.0,-30.0,-2.0,577.0
-14.0,-30.0,-2.0,577.0
-12.0,-30.0,-2.0,577.0
6.0,-30.0,-2.0,24.0
8.0,-30.0,-2.0,24.0
10.0,-30.0,-2.0,24.0
12.0,-30.0,-2.0,24.0
14.0,-30.0,-2.0,24.0
16.0,-30.0,-2.0,24.0
18.0,-30.0,-2.0,24.0
20.0,-30.0,-2.0,24.0
50.0,-30.0,-2.0,321.0
52.0,-30.0,-2.0,133.0
54.0,-30.0,-2.0,133.0
56.0,-30.0,-2.0,184.0
58.0,-30.0,-2.0,184.0
60.0,-30.0,-2.0,184.0
62.0,-30.0,-2.0,184.0
64.0,-30.0,-2.0,184.0
66.0,-30.0,-2.0,184.0
68.0,-30.0,-2.0,184.0
70.0,-30.0,-2.0,184.0
-70.0,-28.0,-2.0,529.0
-68.0,-28.0,-2.0,529.0
-66.0,-28.0,-2.0,529.0
-64.0,-28.0,-2.0,529.0
-62.0,-28.0,-2.0,529.0
-60.0,-28.0,-2.0,529.0
-58.0,-28.0,-2.0,529.0
-56.0,-28.0,-2.0,529.0
-54.0,-28.0,-2.0,529.0
-52.0,-28.0,-2.0,59.0
-50.0,-28.0,-2.0,59.0
-48.0,-28.0,-2.0,59.0
-46.0,-28.0,-2.0,131.0
-44.0,-28.0,-2.0,131.0
-18.0,-28.0,-2.0,577.0
-16.0,-28.0,-2.0,577.0
-14.0,-28.0,-2.0,577.0
-12.0,-28.0,-2.0,577.0
4.0,-28.0,-2.0,189.0
6.0,-28.0,-2.0,189.0
8.0,-28.0,-2.0,24.0
10.0,-28.0,-2.0,24.0
12.0,-28.0,-2.0,24.0
14.0,-28.0,-2.0,24.0
16.0,-28.0,-2.0,24.0
18.0,-28.0,-2.0,24.0
20.0,-28.0,-2.0,24.0
52.0,-28.0,-2.0,321.0
54.0,-28.0,-2.0,460.0
56.0,-28.0,-2.0,184.0
58.0,-28.0,-2.0,184.0
60.0,-28.0,-2.0,184.0
62.0,-28.0,-2.0,184.0
64.0,-28.0,-2.0,184.0
66.0,-28.0,-2.0,184.0
68.0,-28.0,-2.0,184.0
-70.0,-26.0,-2.0,529.0
-68.0,-26.0,-2.0,529.0
-66.0,-26.0,-2.0,529.0
-64.0,-26.0,-2.0,529.0
-62.0,-26.0,-2.0,529.0
-60.0,-26.0,-2.0,529.0
-58.0,-26.0,-2.0,529.0
-56.0,-26.0,-2.0,529.0
-54.0,-26.0,-2.0,529.0
-52.0,-26.0,-2.0,131.0
-50.0,-26.0,-2.0,131.0
-48.0,-26.0,-2.0,131.0
-46.0,-26.0,-2.0,131.0
-44.0,-26.0,-2.0,131.0
-16.0,-26.0,-2.0,577.0
-14.0,-26.0,-2.0,577.0
-12.0,-26.0,-2.0,577.0
4.0,-26.0,-2.0,189.0
6.0,-26.0,-2.0,189.0
8.0,-26.0,-2.0,189.0
10.0,-26.0,-2.0,24.0
12.0,-26.0,-2.0,24.0
14.0,-26.0,-2.0,24.0
16.0,-26.0,-2.0,24.0
18.0,-26.0,-2.0,24.0
46.0,-26.0,-2.0,321.0
48.0,-26.0,-2.0,321.0
50.0,-26.0,-2.0,321.0
52.0,-26.0,-2.0,321.0
54.0,-26.0,-2.0,460.0
56.0,-26.0,-2.0,460.0
58.0,-26.0,-2.0,184.0
60.0,-26.0,-2.0,184.0
62.0,-26.0,-2.0,184.0
64.0,-26.0,-2.0,184.0
66.0,-26.0,-2.0,184.0
68.0,-26.0,-2.0,184.0
-70.0,-24.0,-2.0,529.0
-68.0,-24.0,-2.0,529.0
-66.0,-24.0,-2.0,529.0
-64.0,-24.0,-2.0,529.0
-62.0,-24.0,-2.0,529.0
-60.0,-24.0,-2.0,529.0
-58.0,-24.0,-2.0,529.0
-56.0,-24.0,-2.0,529.0
-54.0,-24.0,-2.0,529.0
-52.0,-24.0,-2.0,131.0
-50.0,-24.0,-2.0,131.0
-48.0,-24.0,-2.0,131.0
-46.0,-24.0,-2.0,131.0
4.0,-24.0,-2.0,189.0
6.0,-24.0,-2.0,189.0
8.0,-24.0,-2.0,189.0
10.0,-24.0,-2.0,189.0
12.0,-24.0,-2.0,24.0
14.0,-24.0,-2.0,24.0
16.0,-24.0,-2.0,111.0
44.0,-24.0,-2.0,28.0
46.0,-24.0,-2.0,28.0
48.0,-24.0,-2.0,321.0
50.0,-24.0,-2.0,321.0
52.0,-24.0,-2.0,418.0
54.0,-24.0,-2.0,418.0
56.0,-24.0,-2.0,460.0
58.0,-24.0,-2.0,184.0
60.0,-24.0,-2.0,184.0
62.0,-24.0,-2.0,184.0
64.0,-24.0,-2.0,184.0
66.0,-24.0,-2.0,184.0
68.0,-24.0,-2.0,184.0
-68.0,-22.0,-2.0,13.0
-66.0,-22.0,-2.0,13.0
-64.0,-22.0,-2.0,13.0
-62.0,-22.0,-2.0,13.0
-60.0,-22.0,-2.0,13.0
-58.0,-22.0,-2.0,13.0
-56.0,-22.0,-2.0,13.0
-54.0,-22.0,-2.0,13.0
-52.0,-22.0,-2.0,131.0
-50.0,-22.0,-2.0,131.0
-48.0,-22.0,-2.0,131.0
-46.0,-22.0,-2.0,131.0
-8.0,-22.0,-2.0,443.0
-6.0,-22.0,-2.0,189.0
2.0,-22.0,-2.0,189.0
4.0,-22.0,-2.0,189.0
6.0,-22.0,-2.0,189.0
8.0,-22.0,-2.0,189.0
10.0,-22.0,-2.0,189.0
12.0,-22.0,-2.0,189.0
14.0,-22.0,-2.0,111.0
16.0,-22.0,-2.0,111.0
40.0,-22.0,-2.0,28.0
42.0,-22.0,-2.0,28.0
44.0,-22.0,-2.0,28.0
46.0,-22.0,-2.0,28.0
48.0,-22.0,-2.0,28.0
50.0,-22.0,-2.0,321.0
52.0,-22.0,-2.0,418.0
54.0,-22.0,-2.0,418.0
56.0,-22.0,-2.0,418.0
58.0,-22.0,-2.0,460.0
60.0,-22.0,-2.0,184.0
62.0,-22.0,-2.0,184.0
64.0,-22.0,-2.0,184.0
66.0,-22.0,-2.0,184.0
68.0,-22.0,-2.0,184.0
-68.0,-20.0,-2.0,13.0
-66.0,-20.0,-2.0,13.0
-64.0,-20.0,-2.0,13.0
-62.0,-20.0,-2.0,13.0
-60.0,-20.0,-2.0,13.0
-58.0,-20.0,-2.0,13.0
-56.0,-20.0,-2.0,13.0
-54.0,-20.0,-2.0,13.0
-52.0,-20.0,-2.0,13.0
-50.0,-20.0,-2.0,131.0
-48.0,-20.0,-2.0,131.0
-46.0,-20.0,-2.0,131.0
-10.0,-20.0,-2.0,443.0
-8.0,-20.0,-2.0,443.0
-6.0,-20.0,-2.0,189.0
-4.0,-20.0,-2.0,189.0
2.0,-20.0,-2.0,189.0
4.0,-20.0,-2.0,189.0
6.0,-20.0,-2.0,189.0
8.0,-20.0,-2.0,189.0
10.0,-20.0,-2.0,189.0
12.0,-20.0,-2.0,189.0
14.0,-20.0,-2.0,111.0
36.0,-20.0,-2.0,457.0
40.0,-20.0,-2.0,28.0
42.0,-20.0,-2.0,28.0
44.0,-20.0,-2.0,28.0
46.0,-20.0,-2.0,28.0
48.0,-20.0,-2.0,28.0
50.0,-20.0,-2.0,418.0
52.0,-20.0,-2.0,418.0
54.0,-20.0,-2.0,418.0
56.0,-20.0,-2.0,418.0
58.0,-20.0,-2.0,418.0
60.0,-20.0,-2.0,70.0
62.0,-20.0,-2.0,70.0
64.0,-20.0,-2.0,70.0
66.0,-20.0,-2.0,70.0
68.0,-20.0,-2.0,70.0
-68.0,-18.0,-2.0,13.0
-66.0,-18.0,-2.0,13.0
-64.0,-18.0,-2.0,13.0
-62.0,-18.0,-2.0,13.0
-60.0,-18.0,-2.0,13.0
-58.0,-18.0,-2.0,13.0
-56.0,-18.0,-2.0,13.0
-54.0,-18.0,-2.0,13.0
-52.0,-18.0,-2.0,13.0
-50.0,-18.0,-2.0,94.0
-48.0,-18.0,-2.0,94.0
-46.0,-18.0,-2.0,131.0
-44.0,-18.0,-2.0,131.0
-42.0,-18.0,-2.0,131.0
-40.0,-18.0,-2.0,131.0
-14.0,-18.0,-2.0,577.0
-12.0,-18.0,-2.0,443.0
-10.0,-18.0,-2.0,443.0
-8.0,-18.0,-2.0,443.0
-6.0,-18.0,-2.0,189.0
-4.0,-18.0,-2.0,189.0
2.0,-18.0,-2.0,189.0
4.0,-18.0,-2.0,189.0
6.0,-18.0,-2.0,189.0
8.0,-18.0,-2.0,189.0
10.0,-18.0,-2.0,189.0
12.0,-18.0,-2.0,189.0
14.0,-18.0,-2.0,111.0
30.0,-18.0,-2.0,457.0
36.0,-18.0,-2.0,457.0
38.0,-18.0,-2.0,457.0
40.0,-18.0,-2.0,457.0
42.0,-18.0,-2.0,28.0
44.0,-18.0,-2.0,28.0
46.0,-18.0,-2.0,28.0
56.0,-18.0,-2.0,418.0
58.0,-18.0,-2.0,70.0
60.0,-18.0,-2.0,70.0
62.0,-18.0,-2.0,70.0
64.0,-18.0,-2.0,70.0
66.0,-18.0,-2.0,70.0
68.0,-18.0,-2.0,70.0
-70.0,-16.0,-2.0,13.0
-68.0,-16.0,-2.0,13.0
-66.0,-16.0,-2.0,13.0
-64.0,-16.0,-2.0,13.0
-62.0,-16.0,-2.0,13.0
-60.0,-16.0,-2.0,13.0
-58.0,-16.0,-2.0,13.0
-56.0,-16.0,-2.0,13.0
-54.0,-16.0,-2.0,13.0
-52.0,-16.0,-2.0,13.0
-50.0,-16.0,-2.0,94.0
-48.0,-16.0,-2.0,94.0
-46.0,-16.0,-2.0,94.0
-44.0,-16.0,-2.0,94.0
-42.0,-16.0,-2.0,179.0
-40.0,-16.0,-2.0,179.0
-16.0,-16.0,-2.0,577.0
-14.0,-16.0,-2.0,443.0
-12.0,-16.0,-2.0,443.0
-10.0,-16.0,-2.0,443.0
-8.0,-16.0,-2.0,443.0
-6.0,-16.0,-2.0,189.0
-4.0,-16.0,-2.0,189.0
0.0,-16.0,-2.0,189.0
2.0,-16.0,-2.0,189.0
4.0,-16.0,-2.0,189.0
6.0,-16.0,-2.0,189.0
8.0,-16.0,-2.0,189.0
10.0,-16.0,-2.0,189.0
12.0,-16.0,-2.0,189.0
14.0,-16.0,-2.0,111.0
28.0,-16.0,-2.0,111.0
30.0,-16.0,-2.0,457.0
32.0,-16.0,-2.0,457.0
36.0,-16.0,-2.0,457.0
38.0,-16.0,-2.0,457.0
40.0,-16.0,-2.0,457.0
42.0,-16.0,-2.0,28.0
44.0,-16.0,-2.0,28.0
46.0,-16.0,-2.0,28.0
48.0,-16.0,-2.0,28.0
58.0,-16.0,-2.0,70.0
60.0,-16.0,-2.0,70.0
62.0,-16.0,-2.0,70.0
64.0,-16.0,-2.0,70.0
66.0,-16.0,-2.0,70.0
68.0,-16.0,-2.0,70.0
-68.0,-14.0,-2.0,13.0
-66.0,-14.0,-2.0,13.0
-64.0,-14.0,-2.0,13.0
-62.0,-14.0,-2.0,13.0
-60.0,-14.0,-2.0,13.0
-58.0,-14.0,-2.0,13.0
-56.0,-14.0,-2.0,13.0
-54.0,-14.0,-2.0,13.0
-52.0,-14.0,-2.0,94.0
-50.0,-14.0,-2.0,94.0
-48.0,-14.0,-2.0,94.0
-46.0,-14.0,-2.0,94.0
-44.0,-14.0,-2.0,94.0
-42.0,-14.0,-2.0,179.0
-40.0,-14.0,-2.0,179.0
-38.0,-14.0,-2.0,198.0
-32.0,-14.0,-2.0,198.0
-30.0,-14.0,-2.0,198.0
-16.0,-14.0,-2.0,577.0
-14.0,-14.0,-2.0,443.0
-12.0,-14.0,-2.0,443.0
-10.0,-14.0,-2.0,443.0
-8.0,-14.0,-2.0,443.0
-6.0,-14.0,-2.0,189.0
-4.0,-14.0,-2.0,189.0
-2.0,-14.0,-2.0,189.0
0.0,-14.0,-2.0,189.0
2.0,-14.0,-2.0,189.0
4.0,-14.0,-2.0,189.0
6.0,-14.0,-2.0,189.0
8.0,-14.0,-2.0,189.0
10.0,-14.0,-2.0,189.0
12.0,-14.0,-2.0,189.0
14.0,-14.0,-2.0,111.0
28.0,-14.0,-2.0,111.0
30.0,-14.0,-2.0,457.0
32.0,-14.0,-2.0,457.0
36.0,-14.0,-2.0,457.0
38.0,-14.0,-2.0,457.0
40.0,-14.0,-2.0,457.0
42.0,-14.0,-2.0,457.0
44.0,-14.0,-2.0,28.0
46.0,-14.0,-2.0,28.0
48.0,-14.0,-2.0,418.0
50.0,-14.0,-2.0,418.0
56.0,-14.0,-2.0,418.0
58.0,-14.0,-2.0,70.0
60.0,-14.0,-2.0,70.0
62.0,-14.0,-2.0,70.0
64.0,-14.0,-2.0,70.0
66.0,-14.0,-2.0,70.0
-68.0,-12.0,-2.0,13.0
-66.0,-12.0,-2.0,13.0
-64.0,-12.0,-2.0,13.0
-62.0,-12.0,-2.0,13.0
-60.0,-12.0,-2.0,13.0
-58.0,-12.0,-2.0,13.0
-56.0,-12.0,-2.0,564.0
-54.0,-12.0,-2.0,564.0
-52.0,-12.0,-2.0,94.0
-50.0,-12.0,-2.0,94.0
-48.0,-12.0,-2.0,94.0
-46.0,-12.0,-2.0,94.0
-44.0,-12.0,-2.0,94.0
-42.0,-12.0,-2.0,179.0
-40.0,-12.0,-2.0,179.0
-38.0,-12.0,-2.0,179.0
-32.0,-12.0,-2.0,198.0
-30.0,-12.0,-2.0,198.0
-16.0,-12.0,-2.0,443.0
-14.0,-12.0,-2.0,443.0
-12.0,-12.0,-2.0,443.0
-10.0,-12.0,-2.0,443.0
-8.0,-12.0,-2.0,443.0
-6.0,-12.0,-2.0,189.0
-4.0,-12.0,-2.0,189.0
-2.0,-12.0,-2.0,189.0
0.0,-12.0,-2.0,189.0
2.0,-12.0,-2.0,189.0
4.0,-12.0,-2.0,189.0
6.0,-12.0,-2.0,189.0
8.0,-12.0,-2.0,189.0
10.0,-12.0,-2.0,189.0
12.0,-12.0,-2.0,189.0
28.0,-12.0,-2.0,124.0
30.0,-12.0,-2.0,457.0
32.0,-12.0,-2.0,457.0
36.0,-12.0,-2.0,457.0
38.0,-12.0,-2.0,457.0
40.0,-12.0,-2.0,457.0
42.0,-12.0,-2.0,457.0
46.0,-12.0,-2.0,28.0
48.0,-12.0,-2.0,418.0
50.0,-12.0,-2.0,418.0
52.0,-12.0,-2.0,418.0
54.0,-12.0,-2.0,418.0
56.0,-12.0,-2.0,418.0
58.0,-12.0,-2.0,70.0
60.0,-12.0,-2.0,70.0
62.0,-12.0,-2.0,70.0
64.0,-12.0,-2.0,70.0
66.0,-12.0,-2.0,70.0
-68.0,-10.0,-2.0,13.0
-66.0,-10.0,-2.0,13.0
-64.0,-10.0,-2.0,13.0
-62.0,-10.0,-2.0,13.0
-60.0,-10.0,-2.0,13.0
-58.0,-10.0,-2.0,564.0
-56.0,-10.0,-2.0,564.0
-54.0,-10.0,-2.0,564.0
-52.0,-10.0,-2.0,94.0
-50.0,-10.0,-2.0,94.0
-48.0,-10.0,-2.0,94.0
-46.0,-10.0,-2.0,94.0
-42.0,-10.0,-2.0,179.0
-40.0,-10.0,-2.0,179.0
-38.0,-10.0,-2.0,179.0
-32.0,-10.0,-2.0,198.0
-30.0,-10.0,-2.0,198.0
-16.0,-10.0,-2.0,443.0
-14.0,-10.0,-2.0,443.0
-12.0,-10.0,-2.0,443.0
-10.0,-10.0,-2.0,443.0
-8.0,-10.0,-2.0,443.0
-6.0,-10.0,-2.0,189.0
-4.0,-10.0,-2.0,189.0
-2.0,-10.0,-2.0,189.0
0.0,-10.0,-2.0,189.0
2.0,-10.0,-2.0,189.0
4.0,-10.0,-2.0,189.0
6.0,-10.0,-2.0,189.0
8.0,-10.0,-2.0,189.0
10.0,-10.0,-2.0,189.0
12.0,-10.0,-2.0,189.0
28.0,-10.0,-2.0,124.0
30.0,-10.0,-2.0,124.0
32.0,-10.0,-2.0,457.0
38.0,-10.0,-2.0,457.0
40.0,-10.0,-2.0,457.0
42.0,-10.0,-2.0,457.0
46.0,-10.0,-2.0,28.0
48.0,-10.0,-2.0,418.0
50.0,-10.0,-2.0,418.0
52.0,-10.0,-2.0,418.0
54.0,-10.0,-2.0,418.0
56.0,-10.0,-2.0,418.0
58.0,-10.0,-2.0,70.0
60.0,-10.0,-2.0,70.0
62.0,-10.0,-2.0,70.0
64.0,-10.0,-2.0,70.0
66.0,-10.0,-2.0,70.0
-68.0,-8.0,-2.0,13.0
-66.0,-8.0,-2.0,13.0
-64.0,-8.0,-2.0,13.0
-62.0,-8.0,-2.0,13.0
-60.0,-8.0,-2.0,564.0
-58.0,-8.0,-2.0,564.0
-56.0,-8.0,-2.0,564.0
-54.0,-8.0,-2.0,564.0
-52.0,-8.0,-2.0,94.0
-50.0,-8.0,-2.0,94.0
-48.0,-8.0,-2.0,94.0
-46.0,-8.0,-2.0,94.0
-42.0,-8.0,-2.0,179.0
-40.0,-8.0,-2.0,179.0
-38.0,-8.0,-2.0,179.0
-34.0,-8.0,-2.0,591.0
-32.0,-8.0,-2.0,591.0
-30.0,-8.0,-2.0,198.0
-28.0,-8.0,-2.0,198.0
-14.0,-8.0,-2.0,443.0
-12.0,-8.0,-2.0,443.0
-10.0,-8.0,-2.0,443.0
-8.0,-8.0,-2.0,443.0
-6.0,-8.0,-2.0,443.0
-4.0,-8.0,-2.0,189.0
-2.0,-8.0,-2.0,189.0
0.0,-8.0,-2.0,189.0
2.0,-8.0,-2.0,189.0
4.0,-8.0,-2.0,189.0
6.0,-8.0,-2.0,189.0
8.0,-8.0,-2.0,189.0
10.0,-8.0,-2.0,189.0
28.0,-8.0,-2.0,124.0
30.0,-8.0,-2.0,124.0
32.0,-8.0,-2.0,457.0
38.0,-8.0,-2.0,355.0
40.0,-8.0,-2.0,355.0
42.0,-8.0,-2.0,355.0
44.0,-8.0,-2.0,355.0
46.0,-8.0,-2.0,355.0
48.0,-8.0,-2.0,355.0
50.0,-8.0,-2.0,418.0
52.0,-8.0,-2.0,418.0
54.0,-8.0,-2.0,418.0
56.0,-8.0,-2.0,70.0
58.0,-8.0,-2.0,70.0
60.0,-8.0,-2.0,70.0
62.0,-8.0,-2.0,70.0
64.0,-8.0,-2.0,70.0
66.0,-8.0,-2.0,70.0
-68.0,-6.0,-2.0,13.0
-66.0,-6.0,-2.0,13.0
-64.0,-6.0,-2.0,564.0
-62.0,-6.0,-2.0,564.0
-60.0,-6.0,-2.0,564.0
-58.0,-6.0,-2.0,564.0
-56.0,-6.0,-2.0,564.0
-54.0,-6.0,-2.0,564.0
-52.0,-6.0,-2.0,94.0
-50.0,-6.0,-2.0,94.0
-48.0,-6.0,-2.0,94.0
-44.0,-6.0,-2.0,179.0
-42.0,-6.0,-2.0,179.0
-40.0,-6.0,-2.0,179.0
-38.0,-6.0,-2.0,179.0
-34.0,-6.0,-2.0,591.0
-32.0,-6.0,-2.0,591.0
-30.0,-6.0,-2.0,591.0
-28.0,-6.0,-2.0,591.0
-12.0,-6.0,-2.0,443.0
-10.0,-6.0,-2.0,443.0
-8.0,-6.0,-2.0,443.0
-6.0,-6.0,-2.0,443.0
-4.0,-6.0,-2.0,189.0
-2.0,-6.0,-2.0,189.0
2.0,-6.0,-2.0,189.0
4.0,-6.0,-2.0,189.0
6.0,-6.0,-2.0,189.0
8.0,-6.0,-2.0,189.0
10.0,-6.0,-2.0,189.0
26.0,-6.0,-2.0,124.0
28.0,-6.0,-2.0,124.0
30.0,-6.0,-2.0,124.0
32.0,-6.0,-2.0,37.0
38.0,-6.0,-2.0,355.0
40.0,-6.0,-2.0,355.0
42.0,-6.0,-2.0,355.0
44.0,-6.0,-2.0,355.0
46.0,-6.0,-2.0,355.0
48.0,-6.0,-2.0,355.0
50.0,-6.0,-2.0,355.0
52.0,-6.0,-2.0,418.0
54.0,-6.0,-2.0,418.0
56.0,-6.0,-2.0,70.0
58.0,-6.0,-2.0,70.0
60.0,-6.0,-2.0,70.0
62.0,-6.0,-2.0,70.0
64.0,-6.0,-2.0,70.0
-66.0,-4.0,-2.0,564.0
-64.0,-4.0,-2.0,564.0
-62.0,-4.0,-2.0,564.0
-60.0,-4.0,-2.0,564.0
-58.0,-4.0,-2.0,564.0
-56.0,-4.0,-2.0,564.0
-54.0,-4.0,-2.0,564.0
-52.0,-4.0,-2.0,94.0
-50.0,-4.0,-2.0,94.0
-48.0,-4.0,-2.0,94.0
-46.0,-4.0,-2.0,94.0
-44.0,-4.0,-2.0,179.0
-42.0,-4.0,-2.0,179.0
-40.0,-4.0,-2.0,179.0
-38.0,-4.0,-2.0,179.0
-34.0,-4.0,-2.0,591.0
-32.0,-4.0,-2.0,591.0
-30.0,-4.0,-2.0,591.0
-28.0,-4.0,-2.0,591.0
-10.0,-4.0,-2.0,443.0
-8.0,-4.0,-2.0,443.0
-6.0,-4.0,-2.0,443.0
-4.0,-4.0,-2.0,189.0
-2.0,-4.0,-2.0,189.0
2.0,-4.0,-2.0,189.0
4.0,-4.0,-2.0,189.0
6.0,-4.0,-2.0,189.0
8.0,-4.0,-2.0,189.0
10.0,-4.0,-2.0,189.0
26.0,-4.0,-2.0,37.0
28.0,-4.0,-2.0,37.0
30.0,-4.0,-2.0,37.0
32.0,-4.0,-2.0,37.0
36.0,-4.0,-2.0,355.0
38.0,-4.0,-2.0,355.0
40.0,-4.0,-2.0,355.0
42.0,-4.0,-2.0,355.0
44.0,-4.0,-2.0,355.0
48.0,-4.0,-2.0,355.0
50.0,-4.0,-2.0,355.0
52.0,-4.0,-2.0,241.0
54.0,-4.0,-2.0,241.0
56.0,-4.0,-2.0,241.0
58.0,-4.0,-2.0,70.0
60.0,-4.0,-2.0,70.0
62.0,-4.0,-2.0,70.0
64.0,-4.0,-2.0,70.0
-66.0,-2.0,-2.0,564.0
-64.0,-2.0,-2.0,564.0
-62.0,-2.0,-2.0,564.0
-60.0,-2.0,-2.0,564.0
-58.0,-2.0,-2.0,564.0
-56.0,-2.0,-2.0,564.0
-54.0,-2.0,-2.0,564.0
-52.0,-2.0,-2.0,94.0
-50.0,-2.0,-2.0,94.0
-48.0,-2.0,-2.0,347.0
-46.0,-2.0,-2.0,347.0
-44.0,-2.0,-2.0,179.0
-42.0,-2.0,-2.0,179.0
-40.0,-2.0,-2.0,179.0
-34.0,-2.0,-2.0,591.0
-32.0,-2.0,-2.0,591.0
-30.0,-2.0,-2.0,591.0
-28.0,-2.0,-2.0,591.0
-8.0,-2.0,-2.0,443.0
-6.0,-2.0,-2.0,443.0
-4.0,-2.0,-2.0,189.0
4.0,-2.0,-2.0,189.0
6.0,-2.0,-2.0,189.0
26.0,-2.0,-2.0,37.0
28.0,-2.0,-2.0,37.0
30.0,-2.0,-2.0,37.0
32.0,-2.0,-2.0,37.0
38.0,-2.0,-2.0,328.0
40.0,-2.0,-2.0,355.0
42.0,-2.0,-2.0,355.0
44.0,-2.0,-2.0,355.0
48.0,-2.0,-2.0,355.0
50.0,-2.0,-2.0,241.0
52.0,-2.0,-2.0,241.0
54.0,-2.0,-2.0,241.0
56.0,-2.0,-2.0,241.0
58.0,-2.0,-2.0,241.0
60.0,-2.0,-2.0,241.0
62.0,-2.0,-2.0,70.0
64.0,-2.0,-2.0,70.0
-66.0,-0.0,-2.0,564.0
-64.0,-0.0,-2.0,564.0
-62.0,-0.0,-2.0,564.0
-60.0,-0.0,-2.0,564.0
-58.0,-0.0,-2.0,564.0
-56.0,-0.0,-2.0,564.0
-54.0,-0.0,-2.0,564.0
-52.0,-0.0,-2.0,347.0
-50.0,-0.0,-2.0,347.0
-44.0,-0.0,-2.0,347.0
-42.0,-0.0,-2.0,179.0
-40.0,-0.0,-2.0,179.0
-34.0,-0.0,-2.0,591.0
-32.0,-0.0,-2.0,591.0
-30.0,-0.0,-2.0,591.0
-28.0,-0.0,-2.0,401.0
-26.0,-0.0,-2.0,401.0
-6.0,-0.0,-2.0,443.0
24.0,-0.0,-2.0,37.0
26.0,-0.0,-2.0,37.0
28.0,-0.0,-2.0,37.0
30.0,-0.0,-2.0,37.0
32.0,-0.0,-2.0,37.0
38.0,-0.0,-2.0,328.0
40.0,-0.0,-2.0,328.0
42.0,-0.0,-2.0,328.0
44.0,-0.0,-2.0,328.0
46.0,-0.0,-2.0,355.0
48.0,-0.0,-2.0,241.0
50.0,-0.0,-2.0,241.0
52.0,-0.0,-2.0,241.0
54.0,-0.0,-2.0,241.0
56.0,-0.0,-2.0,241.0
58.0,-0.0,-2.0,241.0
60.0,-0.0,-2.0,241.0
62.0,-0.0,-2.0,241.0
-64.0,2.0,-2.0,397.0
-62.0,2.0,-2.0,544.0
-60.0,2.0,-2.0,544.0
-58.0,2.0,-2.0,544.0
-56.0,2.0,-2.0,544.0
-54.0,2.0,-2.0,347.0
-52.0,2.0,-2.0,347.0
-44.0,2.0,-2.0,278.0
-42.0,2.0,-2.0,278.0
-40.0,2.0,-2.0,278.0
-34.0,2.0,-2.0,401.0
-32.0,2.0,-2.0,401.0
-30.0,2.0,-2.0,401.0
-28.0,2.0,-2.0,401.0
-26.0,2.0,-2.0,401.0
22.0,2.0,-2.0,37.0
24.0,2.0,-2.0,37.0
26.0,2.0,-2.0,37.0
28.0,2.0,-2.0,37.0
30.0,2.0,-2.0,37.0
32.0,2.0,-2.0,37.0
40.0,2.0,-2.0,328.0
42.0,2.0,-2.0,328.0
44.0,2.0,-2.0,328.0
46.0,2.0,-2.0,328.0
50.0,2.0,-2.0,241.0
52.0,2.0,-2.0,241.0
54.0,2.0,-2.0,241.0
56.0,2.0,-2.0,241.0
58.0,2.0,-2.0,241.0
60.0,2.0,-2.0,241.0
62.0,2.0,-2.0,241.0
-64.0,4.0,-2.0,397.0
-62.0,4.0,-2.0,477.0
-60.0,4.0,-2.0,477.0
-58.0,4.0,-2.0,477.0
-56.0,4.0,-2.0,477.0
-54.0,4.0,-2.0,477.0
-52.0,4.0,-2.0,347.0
-50.0,4.0,-2.0,347.0
-48.0,4.0,-2.0,347.0
-44.0,4.0,-2.0,278.0
-42.0,4.0,-2.0,278.0
-40.0,4.0,-2.0,278.0
-34.0,4.0,-2.0,401.0
-32.0,4.0,-2.0,401.0
-30.0,4.0,-2.0,401.0
-28.0,4.0,-2.0,401.0
-26.0,4.0,-2.0,401.0
-24.0,4.0,-2.0,401.0
22.0,4.0,-2.0,37.0
24.0,4.0,-2.0,37.0
26.0,4.0,-2.0,37.0
28.0,4.0,-2.0,37.0
30.0,4.0,-2.0,37.0
32.0,4.0,-2.0,37.0
40.0,4.0,-2.0,328.0
42.0,4.0,-2.0,328.0
44.0,4.0,-2.0,328.0
48.0,4.0,-2.0,241.0
50.0,4.0,-2.0,241.0
52.0,4.0,-2.0,241.0
54.0,4.0,-2.0,241.0
56.0,4.0,-2.0,241.0
58.0,4.0,-2.0,241.0
60.0,4.0,-2.0,241.0
62.0,4.0,-2.0,241.0
-62.0,6.0,-2.0,477.0
-60.0,6.0,-2.0,477.0
-58.0,6.0,-2.0,477.0
-56.0,6.0,-2.0,477.0
-54.0,6.0,-2.0,34.0
-52.0,6.0,-2.0,34.0
-50.0,6.0,-2.0,34.0
-48.0,6.0,-2.0,34.0
-44.0,6.0,-2.0,278.0
-42.0,6.0,-2.0,278.0
-40.0,6.0,-2.0,278.0
-38.0,6.0,-2.0,278.0
-34.0,6.0,-2.0,401.0
-32.0,6.0,-2.0,401.0
-30.0,6.0,-2.0,401.0
-28.0,6.0,-2.0,401.0
-26.0,6.0,-2.0,401.0
-24.0,6.0,-2.0,401.0
-22.0,6.0,-2.0,401.0
20.0,6.0,-2.0,165.0
22.0,6.0,-2.0,165.0
24.0,6.0,-2.0,165.0
26.0,6.0,-2.0,37.0
28.0,6.0,-2.0,37.0
30.0,6.0,-2.0,37.0
32.0,6.0,-2.0,37.0
38.0,6.0,-2.0,328.0
40.0,6.0,-2.0,328.0
42.0,6.0,-2.0,328.0
44.0,6.0,-2.0,328.0
46.0,6.0,-2.0,241.0
48.0,6.0,-2.0,241.0
50.0,6.0,-2.0,241.0
52.0,6.0,-2.0,241.0
54.0,6.0,-2.0,241.0
56.0,6.0,-2.0,241.0
58.0,6.0,-2.0,241.0
60.0,6.0,-2.0,241.0
-62.0,8.0,-2.0,477.0
-60.0,8.0,-2.0,477.0
-58.0,8.0,-2.0,477.0
-56.0,8.0,-2.0,34.0
-54.0,8.0,-2.0,34.0
-52.0,8.0,-2.0,34.0
-50.0,8.0,-2.0,34.0
-48.0,8.0,-2.0,34.0
-44.0,8.0,-2.0,34.0
-42.0,8.0,-2.0,278.0
-40.0,8.0,-2.0,278.0
-38.0,8.0,-2.0,278.0
-34.0,8.0,-2.0,401.0
-32.0,8.0,-2.0,401.0
-30.0,8.0,-2.0,401.0
-28.0,8.0,-2.0,401.0
-26.0,8.0,-2.0,401.0
-24.0,8.0,-2.0,401.0
-22.0,8.0,-2.0,448.0
-20.0,8.0,-2.0,448.0
18.0,8.0,-2.0,264.0
20.0,8.0,-2.0,165.0
22.0,8.0,-2.0,165.0
24.0,8.0,-2.0,165.0
26.0,8.0,-2.0,165.0
28.0,8.0,-2.0,37.0
30.0,8.0,-2.0,37.0
32.0,8.0,-2.0,37.0
38.0,8.0,-2.0,314.0
40.0,8.0,-2.0,328.0
42.0,8.0,-2.0,328.0
44.0,8.0,-2.0,328.0
46.0,8.0,-2.0,427.0
48.0,8.0,-2.0,241.0
50.0,8.0,-2.0,241.0
52.0,8.0,-2.0,241.0
54.0,8.0,-2.0,241.0
56.0,8.0,-2.0,241.0
58.0,8.0,-2.0,241.0
60.0,8.0,-2.0,241.0
-62.0,10.0,-2.0,359.0
-60.0,10.0,-2.0,359.0
-58.0,10.0,-2.0,34.0
-56.0,10.0,-2.0,34.0
-54.0,10.0,-2.0,34.0
-52.0,10.0,-2.0,34.0
-50.0,10.0,-2.0,34.0
-48.0,10.0,-2.0,34.0
-46.0,10.0,-2.0,34.0
-44.0,10.0,-2.0,34.0
-42.0,10.0,-2.0,34.0
-40.0,10.0,-2.0,278.0
-38.0,10.0,-2.0,278.0
-32.0,10.0,-2.0,401.0
-30.0,10.0,-2.0,401.0
-28.0,10.0,-2.0,401.0
-26.0,10.0,-2.0,401.0
-24.0,10.0,-2.0,448.0
-22.0,10.0,-2.0,448.0
-20.0,10.0,-2.0,448.0
-18.0,10.0,-2.0,448.0
-10.0,10.0,-2.0,589.0
-8.0,10.0,-2.0,589.0
6.0,10.0,-2.0,264.0
8.0,10.0,-2.0,264.0
10.0,10.0,-2.0,264.0
16.0,10.0,-2.0,264.0
18.0,10.0,-2.0,264.0
20.0,10.0,-2.0,536.0
22.0,10.0,-2.0,165.0
24.0,10.0,-2.0,165.0
26.0,10.0,-2.0,165.0
28.0,10.0,-2.0,165.0
30.0,10.0,-2.0,165.0
38.0,10.0,-2.0,314.0
40.0,10.0,-2.0,314.0
42.0,10.0,-2.0,314.0
44.0,10.0,-2.0,427.0
46.0,10.0,-2.0,427.0
48.0,10.0,-2.0,427.0
50.0,10.0,-2.0,427.0
52.0,10.0,-2.0,241.0
54.0,10.0,-2.0,241.0
56.0,10.0,-2.0,241.0
58.0,10.0,-2.0,241.0
-56.0,12.0,-2.0,34.0
-54.0,12.0,-2.0,34.0
-52.0,12.0,-2.0,34.0
-50.0,12.0,-2.0,34.0
-48.0,12.0,-2.0,34.0
-46.0,12.0,-2.0,34.0
-44.0,12.0,-2.0,34.0
-42.0,12.0,-2.0,34.0
-40.0,12.0,-2.0,34.0
-38.0,12.0,-2.0,278.0
-32.0,12.0,-2.0,401.0
-30.0,12.0,-2.0,401.0
-28.0,12.0,-2.0,448.0
-26.0,12.0,-2.0,448.0
-24.0,12.0,-2.0,448.0
-22.0,12.0,-2.0,448.0
-20.0,12.0,-2.0,448.0
-18.0,12.0,-2.0,448.0
-16.0,12.0,-2.0,448.0
-12.0,12.0,-2.0,589.0
-10.0,12.0,-2.0,589.0
-8.0,12.0,-2.0,589.0
-6.0,12.0,-2.0,589.0
4.0,12.0,-2.0,264.0
6.0,12.0,-2.0,264.0
8.0,12.0,-2.0,264.0
10.0,12.0,-2.0,264.0
12.0,12.0,-2.0,264.0
16.0,12.0,-2.0,264.0
18.0,12.0,-2.0,264.0
20.0,12.0,-2.0,536.0
22.0,12.0,-2.0,536.0
24.0,12.0,-2.0,165.0
26.0,12.0,-2.0,165.0
28.0,12.0,-2.0,165.0
30.0,12.0,-2.0,165.0
36.0,12.0,-2.0,314.0
38.0,12.0,-2.0,314.0
40.0,12.0,-2.0,314.0
42.0,12.0,-2.0,427.0
44.0,12.0,-2.0,427.0
46.0,12.0,-2.0,427.0
48.0,12.0,-2.0,427.0
50.0,12.0,-2.0,427.0
52.0,12.0,-2.0,427.0
54.0,12.0,-2.0,241.0
56.0,12.0,-2.0,241.0
-56.0,14.0,-2.0,34.0
-54.0,14.0,-2.0,34.0
-52.0,14.0,-2.0,34.0
-50.0,14.0,-2.0,34.0
-48.0,14.0,-2.0,34.0
-46.0,14.0,-2.0,34.0
-44.0,14.0,-2.0,34.0
-42.0,14.0,-2.0,34.0
-40.0,14.0,-2.0,51.0
-38.0,14.0,-2.0,51.0
-36.0,14.0,-2.0,51.0
-32.0,14.0,-2.0,401.0
-30.0,14.0,-2.0,448.0
-28.0,14.0,-2.0,448.0
-26.0,14.0,-2.0,448.0
-24.0,14.0,-2.0,448.0
-22.0,14.0,-2.0,448.0
-20.0,14.0,-2.0,448.0
-18.0,14.0,-2.0,448.0
-16.0,14.0,-2.0,132.0
-14.0,14.0,-2.0,589.0
-12.0,14.0,-2.0,589.0
-10.0,14.0,-2.0,589.0
-8.0,14.0,-2.0,589.0
-6.0,14.0,-2.0,589.0
4.0,14.0,-2.0,560.0
6.0,14.0,-2.0,264.0
8.0,14.0,-2.0,264.0
10.0,14.0,-2.0,264.0
12.0,14.0,-2.0,264.0
14.0,14.0,-2.0,264.0
16.0,14.0,-2.0,264.0
18.0,14.0,-2.0,264.0
20.0,14.0,-2.0,536.0
22.0,14.0,-2.0,536.0
24.0,14.0,-2.0,536.0
26.0,14.0,-2.0,165.0
28.0,14.0,-2.0,165.0
36.0,14.0,-2.0,540.0
38.0,14.0,-2.0,540.0
40.0,14.0,-2.0,540.0
42.0,14.0,-2.0,540.0
44.0,14.0,-2.0,540.0
46.0,14.0,-2.0,427.0
48.0,14.0,-2.0,427.0
50.0,14.0,-2.0,427.0
52.0,14.0,-2.0,427.0
54.0,14.0,-2.0,427.0
56.0,14.0,-2.0,427.0
-58.0,16.0,-2.0,151.0
-56.0,16.0,-2.0,151.0
-54.0,16.0,-2.0,34.0
-52.0,16.0,-2.0,34.0
-50.0,16.0,-2.0,34.0
-48.0,16.0,-2.0,34.0
-46.0,16.0,-2.0,34.0
-44.0,16.0,-2.0,51.0
-42.0,16.0,-2.0,51.0
-40.0,16.0,-2.0,51.0
-38.0,16.0,-2.0,51.0
-36.0,16.0,-2.0,51.0
-30.0,16.0,-2.0,448.0
-28.0,16.0,-2.0,448.0
-26.0,16.0,-2.0,448.0
-24.0,16.0,-2.0,448.0
-22.0,16.0,-2.0,448.0
-20.0,16.0,-2.0,448.0
-18.0,16.0,-2.0,132.0
-14.0,16.0,-2.0,582.0
-12.0,16.0,-2.0,589.0
-10.0,16.0,-2.0,589.0
-8.0,16.0,-2.0,589.0
-6.0,16.0,-2.0,589.0
4.0,16.0,-2.0,560.0
6.0,16.0,-2.0,560.0
8.0,16.0,-2.0,264.0
10.0,16.0,-2.0,264.0
12.0,16.0,-2.0,264.0
14.0,16.0,-2.0,264.0
18.0,16.0,-2.0,536.0
20.0,16.0,-2.0,536.0
22.0,16.0,-2.0,536.0
24.0,16.0,-2.0,536.0
26.0,16.0,-2.0,536.0
28.0,16.0,-2.0,165.0
34.0,16.0,-2.0,307.0
36.0,16.0,-2.0,540.0
38.0,16.0,-2.0,540.0
40.0,16.0,-2.0,540.0
42.0,16.0,-2.0,540.0
44.0,16.0,-2.0,540.0
46.0,16.0,-2.0,540.0
48.0,16.0,-2.0,540.0
50.0,16.0,-2.0,427.0
52.0,16.0,-2.0,427.0
54.0,16.0,-2.0,427.0
56.0,16.0,-2.0,427.0
-56.0,18.0,-2.0,151.0
-54.0,18.0,-2.0,151.0
-52.0,18.0,-2.0,151.0
-50.0,18.0,-2.0,34.0
-48.0,18.0,-2.0,34.0
-46.0,18.0,-2.0,51.0
-44.0,18.0,-2.0,51.0
-42.0,18.0,-2.0,51.0
-40.0,18.0,-2.0,51.0
-38.0,18.0,-2.0,51.0
-36.0,18.0,-2.0,51.0
-34.0,18.0,-2.0,51.0
-28.0,18.0,-2.0,448.0
-26.0,18.0,-2.0,448.0
-24.0,18.0,-2.0,448.0
-22.0,18.0,-2.0,448.0
-20.0,18.0,-2.0,132.0
-18.0,18.0,-2.0,132.0
-16.0,18.0,-2.0,132.0
-14.0,18.0,-2.0,582.0
-12.0,18.0,-2.0,582.0
-10.0,18.0,-2.0,589.0
-8.0,18.0,-2.0,589.0
-6.0,18.0,-2.0,589.0
4.0,18.0,-2.0,560.0
6.0,18.0,-2.0,560.0
8.0,18.0,-2.0,560.0
10.0,18.0,-2.0,264.0
12.0,18.0,-2.0,264.0
14.0,18.0,-2.0,264.0
16.0,18.0,-2.0,264.0
18.0,18.0,-2.0,536.0
20.0,18.0,-2.0,536.0
22.0,18.0,-2.0,536.0
24.0,18.0,-2.0,536.0
26.0,18.0,-2.0,536.0
34.0,18.0,-2.0,307.0
36.0,18.0,-2.0,540.0
38.0,18.0,-2.0,540.0
40.0,18.0,-2.0,540.0
42.0,18.0,-2.0,540.0
44.0,18.0,-2.0,540.0
46.0,18.0,-2.0,540.0
48.0,18.0,-2.0,540.0
50.0,18.0,-2.0,540.0
52.0,18.0,-2.0,427.0
54.0,18.0,-2.0,427.0
-56.0,20.0,-2.0,151.0
-54.0,20.0,-2.0,151.0
-52.0,20.0,-2.0,151.0
-50.0,20.0,-2.0,151.0
-48.0,20.0,-2.0,51.0
-46.0,20.0,-2.0,51.0
-44.0,20.0,-2.0,51.0
-42.0,20.0,-2.0,51.0
-40.0,20.0,-2.0,51.0
-38.0,20.0,-2.0,51.0
-36.0,20.0,-2.0,51.0
-34.0,20.0,-2.0,51.0
-28.0,20.0,-2.0,448.0
-26.0,20.0,-2.0,448.0
-24.0,20.0,-2.0,448.0
-22.0,20.0,-2.0,132.0
-20.0,20.0,-2.0,132.0
-18.0,20.0,-2.0,132.0
-16.0,20.0,-2.0,132.0
-14.0,20.0,-2.0,582.0
-12.0,20.0,-2.0,582.0
-10.0,20.0,-2.0,582.0
-8.0,20.0,-2.0,589.0
-6.0,20.0,-2.0,589.0
6.0,20.0,-2.0,560.0
8.0,20.0,-2.0,560.0
10.0,20.0,-2.0,560.0
12.0,20.0,-2.0,264.0
14.0,20.0,-2.0,264.0
16.0,20.0,-2.0,536.0
20.0,20.0,-2.0,536.0
22.0,20.0,-2.0,536.0
24.0,20.0,-2.0,536.0
34.0,20.0,-2.0,307.0
36.0,20.0,-2.0,540.0
38.0,20.0,-2.0,540.0
40.0,20.0,-2.0,540.0
42.0,20.0,-2.0,540.0
44.0,20.0,-2.0,540.0
46.0,20.0,-2.0,540.0
48.0,20.0,-2.0,540.0
50.0,20.0,-2.0,540.0
52.0,20.0,-2.0,540.0
54.0,20.0,-2.0,540.0
-56.0,22.0,-2.0,151.0
-54.0,22.0,-2.0,151.0
-52.0,22.0,-2.0,151.0
-50.0,22.0,-2.0,151.0
-48.0,22.0,-2.0,51.0
-46.0,22.0,-2.0,51.0
-44.0,22.0,-2.0,51.0
-42.0,22.0,-2.0,51.0
-40.0,22.0,-2.0,51.0
-38.0,22.0,-2.0,51.0
-36.0,22.0,-2.0,51.0
-34.0,22.0,-2.0,51.0
-32.0,22.0,-2.0,51.0
-26.0,22.0,-2.0,448.0
-24.0,22.0,-2.0,132.0
-22.0,22.0,-2.0,132.0
-20.0,22.0,-2.0,132.0
-18.0,22.0,-2.0,132.0
-16.0,22.0,-2.0,132.0
-14.0,22.0,-2.0,582.0
-12.0,22.0,-2.0,582.0
-10.0,22.0,-2.0,582.0
-8.0,22.0,-2.0,582.0
-6.0,22.0,-2.0,589.0
8.0,22.0,-2.0,560.0
10.0,22.0,-2.0,560.0
12.0,22.0,-2.0,560.0
14.0,22.0,-2.0,264.0
16.0,22.0,-2.0,536.0
18.0,22.0,-2.0,536.0
32.0,22.0,-2.0,307.0
34.0,22.0,-2.0,307.0
36.0,22.0,-2.0,540.0
38.0,22.0,-2.0,540.0
40.0,22.0,-2.0,540.0
42.0,22.0,-2.0,540.0
44.0,22.0,-2.0,540.0
46.0,22.0,-2.0,540.0
48.0,22.0,-2.0,540.0
50.0,22.0,-2.0,171.0
52.0,22.0,-2.0,171.0
54.0,22.0,-2.0,171.0
-56.0,24.0,-2.0,151.0
-54.0,24.0,-2.0,151.0
-52.0,24.0,-2.0,151.0
-50.0,24.0,-2.0,151.0
-48.0,24.0,-2.0,51.0
-46.0,24.0,-2.0,51.0
-44.0,24.0,-2.0,51.0
-42.0,24.0,-2.0,51.0
-40.0,24.0,-2.0,51.0
-38.0,24.0,-2.0,51.0
-36.0,24.0,-2.0,51.0
-34.0,24.0,-2.0,51.0
-32.0,24.0,-2.0,51.0
-24.0,24.0,-2.0,132.0
-22.0,24.0,-2.0,132.0
-20.0,24.0,-2.0,132.0
-18.0,24.0,-2.0,132.0
-16.0,24.0,-2.0,132.0
-14.0,24.0,-2.0,582.0
-12.0,24.0,-2.0,582.0
-10.0,24.0,-2.0,582.0
-8.0,24.0,-2.0,582.0
8.0,24.0,-2.0,481.0
10.0,24.0,-2.0,481.0
12.0,24.0,-2.0,481.0
14.0,24.0,-2.0,481.0
16.0,24.0,-2.0,481.0
18.0,24.0,-2.0,536.0
30.0,24.0,-2.0,307.0
32.0,24.0,-2.0,307.0
34.0,24.0,-2.0,307.0
36.0,24.0,-2.0,540.0
38.0,24.0,-2.0,540.0
40.0,24.0,-2.0,540.0
42.0,24.0,-2.0,540.0
44.0,24.0,-2.0,540.0
46.0,24.0,-2.0,171.0
48.0,24.0,-2.0,171.0
50.0,24.0,-2.0,171.0
52.0,24.0,-2.0,171.0
54.0,24.0,-2.0,171.0
56.0,24.0,-2.0,171.0
-56.0,26.0,-2.0,151.0
-54.0,26.0,-2.0,151.0
-52.0,26.0,-2.0,151.0
-50.0,26.0,-2.0,151.0
-48.0,26.0,-2.0,51.0
-46.0,26.0,-2.0,51.0
-44.0,26.0,-2.0,51.0
-42.0,26.0,-2.0,51.0
-40.0,26.0,-2.0,51.0
-38.0,26.0,-2.0,51.0
-36.0,26.0,-2.0,51.0
-34.0,26.0,-2.0,51.0
-32.0,26.0,-2.0,51.0
-30.0,26.0,-2.0,448.0
-20.0,26.0,-2.0,132.0
-18.0,26.0,-2.0,132.0
-16.0,26.0,-2.0,132.0
-14.0,26.0,-2.0,582.0
-12.0,26.0,-2.0,582.0
-10.0,26.0,-2.0,582.0
12.0,26.0,-2.0,481.0
14.0,26.0,-2.0,481.0
16.0,26.0,-2.0,481.0
18.0,26.0,-2.0,481.0
28.0,26.0,-2.0,16.0
30.0,26.0,-2.0,16.0
32.0,26.0,-2.0,16.0
34.0,26.0,-2.0,307.0
36.0,26.0,-2.0,540.0
38.0,26.0,-2.0,540.0
40.0,26.0,-2.0,171.0
42.0,26.0,-2.0,171.0
44.0,26.0,-2.0,171.0
46.0,26.0,-2.0,171.0
48.0,26.0,-2.0,171.0
50.0,26.0,-2.0,171.0
52.0,26.0,-2.0,171.0
54.0,26.0,-2.0,171.0
56.0,26.0,-2.0,171.0
-56.0,28.0,-2.0,151.0
-54.0,28.0,-2.0,141.0
-52.0,28.0,-2.0,141.0
-50.0,28.0,-2.0,141.0
-48.0,28.0,-2.0,141.0
-46.0,28.0,-2.0,442.0
-44.0,28.0,-2.0,442.0
-42.0,28.0,-2.0,442.0
-40.0,28.0,-2.0,442.0
-38.0,28.0,-2.0,442.0
-36.0,28.0,-2.0,442.0
-34.0,28.0,-2.0,442.0
-32.0,28.0,-2.0,442.0
-30.0,28.0,-2.0,53.0
-18.0,28.0,-2.0,132.0
-16.0,28.0,-2.0,132.0
28.0,28.0,-2.0,16.0
30.0,28.0,-2.0,16.0
32.0,28.0,-2.0,16.0
34.0,28.0,-2.0,16.0
36.0,28.0,-2.0,171.0
38.0,28.0,-2.0,171.0
40.0,28.0,-2.0,171.0
42.0,28.0,-2.0,171.0
44.0,28.0,-2.0,171.0
46.0,28.0,-2.0,171.0
48.0,28.0,-2.0,171.0
50.0,28.0,-2.0,171.0
52.0,28.0,-2.0,171.0
54.0,28.0,-2.0,171.0
56.0,28.0,-2.0,171.0
-56.0,30.0,-2.0,141.0
-54.0,30.0,-2.0,141.0
-52.0,30.0,-2.0,141.0
-50.0,30.0,-2.0,141.0
-48.0,30.0,-2.0,141.0
-46.0,30.0,-2.0,442.0
-44.0,30.0,-2.0,442.0
-42.0,30.0,-2.0,442.0
-40.0,30.0,-2.0,442.0
-38.0,30.0,-2.0,442.0
-36.0,30.0,-2.0,442.0
-34.0,30.0,-2.0,442.0
-32.0,30.0,-2.0,53.0
-30.0,30.0,-2.0,53.0
-28.0,30.0,-2.0,132.0
30.0,30.0,-2.0,16.0
32.0,30.0,-2.0,16.0
34.0,30.0,-2.0,16.0
36.0,30.0,-2.0,171.0
38.0,30.0,-2.0,171.0
40.0,30.0,-2.0,171.0
42.0,30.0,-2.0,171.0
44.0,30.0,-2.0,171.0
46.0,30.0,-2.0,171.0
48.0,30.0,-2.0,171.0
50.0,30.0,-2.0,171.0
52.0,30.0,-2.0,171.0
54.0,30.0,-2.0,171.0
56.0,30.0,-2.0,171.0
-56.0,32.0,-2.0,141.0
-54.0,32.0,-2.0,141.0
-52.0,32.0,-2.0,141.0
-50.0,32.0,-2.0,141.0
-48.0,32.0,-2.0,141.0
-46.0,32.0,-2.0,141.0
-44.0,32.0,-2.0,442.0
-42.0,32.0,-2.0,442.0
-40.0,32.0,-2.0,442.0
-38.0,32.0,-2.0,442.0
-36.0,32.0,-2.0,442.0
-34.0,32.0,-2.0,442.0
-32.0,32.0,-2.0,53.0
-30.0,32.0,-2.0,53.0
-28.0,32.0,-2.0,53.0
-4.0,32.0,-2.0,102.0
-2.0,32.0,-2.0,102.0
4.0,32.0,-2.0,481.0
30.0,32.0,-2.0,16.0
32.0,32.0,-2.0,16.0
34.0,32.0,-2.0,16.0
36.0,32.0,-2.0,16.0
38.0,32.0,-2.0,171.0
40.0,32.0,-2.0,171.0
42.0,32.0,-2.0,171.0
44.0,32.0,-2.0,171.0
46.0,32.0,-2.0,171.0
48.0,32.0,-2.0,171.0
50.0,32.0,-2.0,171.0
52.0,32.0,-2.0,171.0
54.0,32.0,-2.0,171.0
56.0,32.0,-2.0,171.0
-56.0,34.0,-2.0,141.0
-54.0,34.0,-2.0,141.0
-52.0,34.0,-2.0,141.0
-50.0,34.0,-2.0,141.0
-48.0,34.0,-2.0,141.0
-46.0,34.0,-2.0,141.0
-44.0,34.0,-2.0,141.0
-42.0,34.0,-2.0,442.0
-40.0,34.0,-2.0,442.0
-34.0,34.0,-2.0,338.0
-32.0,34.0,-2.0,53.0
-30.0,34.0,-2.0,53.0
-6.0,34.0,-2.0,102.0
-4.0,34.0,-2.0,102.0
-2.0,34.0,-2.0,102.0
2.0,34.0,-2.0,102.0
4.0,34.0,-2.0,481.0
6.0,34.0,-2.0,481.0
32.0,34.0,-2.0,16.0
34.0,34.0,-2.0,16.0
36.0,34.0,-2.0,16.0
40.0,34.0,-2.0,171.0
42.0,34.0,-2.0,171.0
44.0,34.0,-2.0,171.0
46.0,34.0,-2.0,171.0
48.0,34.0,-2.0,171.0
50.0,34.0,-2.0,171.0
52.0,34.0,-2.0,171.0
54.0,34.0,-2.0,171.0
-56.0,36.0,-2.0,141.0
-54.0,36.0,-2.0,141.0
-52.0,36.0,-2.0,141.0
-50.0,36.0,-2.0,141.0
-48.0,36.0,-2.0,141.0
-46.0,36.0,-2.0,141.0
-44.0,36.0,-2.0,141.0
-42.0,36.0,-2.0,338.0
-6.0,36.0,-2.0,102.0
-4.0,36.0,-2.0,102.0
-2.0,36.0,-2.0,102.0
0.0,36.0,-2.0,102.0
2.0,36.0,-2.0,102.0
4.0,36.0,-2.0,481.0
6.0,36.0,-2.0,481.0
8.0,36.0,-2.0,481.0
42.0,36.0,-2.0,171.0
44.0,36.0,-2.0,171.0
46.0,36.0,-2.0,171.0
48.0,36.0,-2.0,171.0
50.0,36.0,-2.0,171.0
52.0,36.0,-2.0,171.0
54.0,36.0,-2.0,171.0
-56.0,38.0,-2.0,141.0
-54.0,38.0,-2.0,141.0
-52.0,38.0,-2.0,141.0
-50.0,38.0,-2.0,141.0
-48.0,38.0,-2.0,141.0
-46.0,38.0,-2.0,141.0
-44.0,38.0,-2.0,338.0
-6.0,38.0,-2.0,102.0
-4.0,38.0,-2.0,102.0
-2.0,38.0,-2.0,102.0
0.0,38.0,-2.0,102.0
2.0,38.0,-2.0,102.0
4.0,38.0,-2.0,481.0
6.0,38.0,-2.0,481.0
8.0,38.0,-2.0,481.0
10.0,38.0,-2.0,481.0
44.0,38.0,-2.0,383.0
46.0,38.0,-2.0,383.0
48.0,38.0,-2.0,171.0
50.0,38.0,-2.0,171.0
52.0,38.0,-2.0,171.0
54.0,38.0,-2.0,171.0
-56.0,40.0,-2.0,141.0
-54.0,40.0,-2.0,141.0
-52.0,40.0,-2.0,141.0
-50.0,40.0,-2.0,141.0
-48.0,40.0,-2.0,141.0
-46.0,40.0,-2.0,338.0
-44.0,40.0,-2.0,338.0
-10.0,40.0,-2.0,102.0
-8.0,40.0,-2.0,102.0
-6.0,40.0,-2.0,102.0
-4.0,40.0,-2.0,102.0
-2.0,40.0,-2.0,102.0
0.0,40.0,-2.0,102.0
2.0,40.0,-2.0,102.0
4.0,40.0,-2.0,481.0
6.0,40.0,-2.0,481.0
8.0,40.0,-2.0,481.0
10.0,40.0,-2.0,481.0
44.0,40.0,-2.0,383.0
46.0,40.0,-2.0,383.0
48.0,40.0,-2.0,383.0
50.0,40.0,-2.0,383.0
52.0,40.0,-2.0,383.0
54.0,40.0,-2.0,383.0
-54.0,42.0,-2.0,141.0
-52.0,42.0,-2.0,141.0
-50.0,42.0,-2.0,141.0
-48.0,42.0,-2.0,338.0
-46.0,42.0,-2.0,338.0
-44.0,42.0,-2.0,338.0
-10.0,42.0,-2.0,102.0
-8.0,42.0,-2.0,102.0
-6.0,42.0,-2.0,102.0
-4.0,42.0,-2.0,102.0
-2.0,42.0,-2.0,102.0
0.0,42.0,-2.0,102.0
2.0,42.0,-2.0,102.0
4.0,42.0,-2.0,91.0
6.0,42.0,-2.0,91.0
8.0,42.0,-2.0,481.0
10.0,42.0,-2.0,481.0
12.0,42.0,-2.0,481.0
42.0,42.0,-2.0,383.0
44.0,42.0,-2.0,383.0
46.0,42.0,-2.0,383.0
48.0,42.0,-2.0,383.0
50.0,42.0,-2.0,383.0
52.0,42.0,-2.0,383.0
-54.0,44.0,-2.0,141.0
-52.0,44.0,-2.0,141.0
-50.0,44.0,-2.0,338.0
-48.0,44.0,-2.0,338.0
-46.0,44.0,-2.0,338.0
-44.0,44.0,-2.0,338.0
-42.0,44.0,-2.0,338.0
-12.0,44.0,-2.0,407.0
-10.0,44.0,-2.0,102.0
-8.0,44.0,-2.0,102.0
-6.0,44.0,-2.0,102.0
-4.0,44.0,-2.0,102.0
-2.0,44.0,-2.0,102.0
0.0,44.0,-2.0,102.0
2.0,44.0,-2.0,91.0
4.0,44.0,-2.0,91.0
6.0,44.0,-2.0,91.0
8.0,44.0,-2.0,91.0
10.0,44.0,-2.0,481.0
12.0,44.0,-2.0,481.0
40.0,44.0,-2.0,383.0
42.0,44.0,-2.0,383.0
44.0,44.0,-2.0,383.0
46.0,44.0,-2.0,383.0
48.0,44.0,-2.0,383.0
50.0,44.0,-2.0,383.0
52.0,44.0,-2.0,383.0
-52.0,46.0,-2.0,338.0
-50.0,46.0,-2.0,338.0
-48.0,46.0,-2.0,338.0
-46.0,46.0,-2.0,338.0
-44.0,46.0,-2.0,338.0
-42.0,46.0,-2.0,338.0
-40.0,46.0,-2.0,338.0
-14.0,46.0,-2.0,407.0
-12.0,46.0,-2.0,407.0
-10.0,46.0,-2.0,407.0
-8.0,46.0,-2.0,407.0
-6.0,46.0,-2.0,102.0
-4.0,46.0,-2.0,102.0
-2.0,46.0,-2.0,102.0
0.0,46.0,-2.0,6.0
2.0,46.0,-2.0,86.0
4.0,46.0,-2.0,86.0
6.0,46.0,-2.0,86.0
8.0,46.0,-2.0,86.0
10.0,46.0,-2.0,86.0
12.0,46.0,-2.0,86.0
38.0,46.0,-2.0,339.0
40.0,46.0,-2.0,339.0
42.0,46.0,-2.0,339.0
44.0,46.0,-2.0,383.0
46.0,46.0,-2.0,383.0
48.0,46.0,-2.0,383.0
50.0,46.0,-2.0,383.0
-50.0,48.0,-2.0,338.0
-48.0,48.0,-2.0,338.0
-46.0,48.0,-2.0,338.0
-44.0,48.0,-2.0,338.0
-42.0,48.0,-2.0,338.0
-40.0,48.0,-2.0,338.0
-14.0,48.0,-2.0,407.0
-12.0,48.0,-2.0,407.0
-10.0,48.0,-2.0,407.0
-8.0,48.0,-2.0,407.0
-6.0,48.0,-2.0,407.0
-4.0,48.0,-2.0,407.0
-2.0,48.0,-2.0,6.0
0.0,48.0,-2.0,6.0
2.0,48.0,-2.0,86.0
4.0,48.0,-2.0,86.0
6.0,48.0,-2.0,86.0
8.0,48.0,-2.0,86.0
10.0,48.0,-2.0,86.0
12.0,48.0,-2.0,86.0
14.0,48.0,-2.0,86.0
38.0,48.0,-2.0,339.0
40.0,48.0,-2.0,339.0
42.0,48.0,-2.0,339.0
44.0,48.0,-2.0,339.0
46.0,48.0,-2.0,339.0
48.0,48.0,-2.0,339.0
50.0,48.0,-2.0,383.0
-50.0,50.0,-2.0,338.0
-48.0,50.0,-2.0,338.0
-46.0,50.0,-2.0,338.0
-44.0,50.0,-2.0,338.0
-42.0,50.0,-2.0,338.0
-40.0,50.0,-2.0,338.0
-38.0,50.0,-2.0,154.0
-14.0,50.0,-2.0,407.0
-12.0,50.0,-2.0,407.0
-10.0,50.0,-2.0,407.0
-8.0,50.0,-2.0,407.0
-6.0,50.0,-2.0,407.0
-4.0,50.0,-2.0,407.0
-2.0,50.0,-2.0,6.0
0.0,50.0,-2.0,6.0
2.0,50.0,-2.0,86.0
4.0,50.0,-2.0,86.0
6.0,50.0,-2.0,86.0
8.0,50.0,-2.0,86.0
10.0,50.0,-2.0,86.0
12.0,50.0,-2.0,86.0
14.0,50.0,-2.0,86.0
38.0,50.0,-2.0,339.0
40.0,50.0,-2.0,339.0
42.0,50.0,-2.0,339.0
44.0,50.0,-2.0,339.0
46.0,50.0,-2.0,339.0
48.0,50.0,-2.0,339.0
-48.0,52.0,-2.0,154.0
-46.0,52.0,-2.0,154.0
-44.0,52.0,-2.0,154.0
-42.0,52.0,-2.0,154.0
-40.0,52.0,-2.0,154.0
-38.0,52.0,-2.0,154.0
-36.0,52.0,-2.0,154.0
-14.0,52.0,-2.0,407.0
-12.0,52.0,-2.0,407.0
-10.0,52.0,-2.0,407.0
-8.0,52.0,-2.0,407.0
-6.0,52.0,-2.0,407.0
-4.0,52.0,-2.0,6.0
-2.0,52.0,-2.0,6.0
0.0,52.0,-2.0,6.0
2.0,52.0,-2.0,86.0
4.0,52.0,-2.0,86.0
6.0,52.0,-2.0,86.0
8.0,52.0,-2.0,86.0
10.0,52.0,-2.0,86.0
12.0,52.0,-2.0,86.0
14.0,52.0,-2.0,86.0
36.0,52.0,-2.0,339.0
38.0,52.0,-2.0,339.0
40.0,52.0,-2.0,339.0
42.0,52.0,-2.0,339.0
44.0,52.0,-2.0,339.0
46.0,52.0,-2.0,339.0
-46.0,54.0,-2.0,154.0
-44.0,54.0,-2.0,154.0
-42.0,54.0,-2.0,154.0
-40.0,54.0,-2.0,154.0
-38.0,54.0,-2.0,154.0
-36.0,54.0,-2.0,154.0
-34.0,54.0,-2.0,154.0
-26.0,54.0,-2.0,35.0
-14.0,54.0,-2.0,557.0
-12.0,54.0,-2.0,557.0
-10.0,54.0,-2.0,407.0
-8.0,54.0,-2.0,407.0
-6.0,54.0,-2.0,407.0
-4.0,54.0,-2.0,6.0
-2.0,54.0,-2.0,6.0
0.0,54.0,-2.0,6.0
2.0,54.0,-2.0,86.0
4.0,54.0,-2.0,86.0
6.0,54.0,-2.0,86.0
8.0,54.0,-2.0,86.0
10.0,54.0,-2.0,86.0
12.0,54.0,-2.0,86.0
14.0,54.0,-2.0,86.0
26.0,54.0,-2.0,142.0
28.0,54.0,-2.0,142.0
36.0,54.0,-2.0,339.0
38.0,54.0,-2.0,339.0
40.0,54.0,-2.0,339.0
42.0,54.0,-2.0,339.0
44.0,54.0,-2.0,339.0
46.0,54.0,-2.0,339.0
-46.0,56.0,-2.0,154.0
-44.0,56.0,-2.0,154.0
-42.0,56.0,-2.0,154.0
-40.0,56.0,-2.0,154.0
-38.0,56.0,-2.0,154.0
-36.0,56.0,-2.0,154.0
-34.0,56.0,-2.0,262.0
-32.0,56.0,-2.0,262.0
-30.0,56.0,-2.0,262.0
-28.0,56.0,-2.0,35.0
-26.0,56.0,-2.0,35.0
-24.0,56.0,-2.0,35.0
-22.0,56.0,-2.0,35.0
-14.0,56.0,-2.0,557.0
-12.0,56.0,-2.0,557.0
-10.0,56.0,-2.0,557.0
-8.0,56.0,-2.0,407.0
-6.0,56.0,-2.0,407.0
-4.0,56.0,-2.0,6.0
-2.0,56.0,-2.0,6.0
0.0,56.0,-2.0,6.0
2.0,56.0,-2.0,86.0
4.0,56.0,-2.0,86.0
6.0,56.0,-2.0,86.0
8.0,56.0,-2.0,86.0
10.0,56.0,-2.0,86.0
12.0,56.0,-2.0,86.0
14.0,56.0,-2.0,86.0
24.0,56.0,-2.0,142.0
26.0,56.0,-2.0,142.0
28.0,56.0,-2.0,142.0
30.0,56.0,-2.0,142.0
34.0,56.0,-2.0,339.0
36.0,56.0,-2.0,339.0
38.0,56.0,-2.0,339.0
40.0,56.0,-2.0,339.0
42.0,56.0,-2.0,339.0
44.0,56.0,-2.0,339.0
-44.0,58.0,-2.0,154.0
-42.0,58.0,-2.0,154.0
-40.0,58.0,-2.0,154.0
-38.0,58.0,-2.0,154.0
-36.0,58.0,-2.0,154.0
-34.0,58.0,-2.0,262.0
-32.0,58.0,-2.0,262.0
-30.0,58.0,-2.0,262.0
-28.0,58.0,-2.0,35.0
-26.0,58.0,-2.0,35.0
-24.0,58.0,-2.0,35.0
-22.0,58.0,-2.0,557.0
-20.0,58.0,-2.0,557.0
-12.0,58.0,-2.0,557.0
-10.0,58.0,-2.0,557.0
-8.0,58.0,-2.0,557.0
-6.0,58.0,-2.0,557.0
-4.0,58.0,-2.0,425.0
-2.0,58.0,-2.0,425.0
2.0,58.0,-2.0,425.0
4.0,58.0,-2.0,425.0
6.0,58.0,-2.0,425.0
8.0,58.0,-2.0,425.0
10.0,58.0,-2.0,425.0
12.0,58.0,-2.0,425.0
22.0,58.0,-2.0,142.0
24.0,58.0,-2.0,142.0
26.0,58.0,-2.0,142.0
28.0,58.0,-2.0,142.0
30.0,58.0,-2.0,142.0
32.0,58.0,-2.0,339.0
34.0,58.0,-2.0,339.0
36.0,58.0,-2.0,339.0
38.0,58.0,-2.0,339.0
40.0,58.0,-2.0,339.0
42.0,58.0,-2.0,339.0
-42.0,60.0,-2.0,154.0
-40.0,60.0,-2.0,154.0
-38.0,60.0,-2.0,154.0
-36.0,60.0,-2.0,262.0
-34.0,60.0,-2.0,262.0
-32.0,60.0,-2.0,262.0
-30.0,60.0,-2.0,262.0
-28.0,60.0,-2.0,262.0
-26.0,60.0,-2.0,35.0
-24.0,60.0,-2.0,35.0
-22.0,60.0,-2.0,557.0
-20.0,60.0,-2.0,557.0
-12.0,60.0,-2.0,557.0
-10.0,60.0,-2.0,557.0
-8.0,60.0,-2.0,557.0
-6.0,60.0,-2.0,557.0
-4.0,60.0,-2.0,425.0
-2.0,60.0,-2.0,425.0
2.0,60.0,-2.0,425.0
4.0,60.0,-2.0,425.0
6.0,60.0,-2.0,425.0
8.0,60.0,-2.0,425.0
10.0,60.0,-2.0,425.0
12.0,60.0,-2.0,425.0
20.0,60.0,-2.0,142.0
22.0,60.0,-2.0,142.0
24.0,60.0,-2.0,142.0
26.0,60.0,-2.0,142.0
28.0,60.0,-2.0,142.0
30.0,60.0,-2.0,97.0
32.0,60.0,-2.0,97.0
34.0,60.0,-2.0,339.0
36.0,60.0,-2.0,339.0
38.0,60.0,-2.0,339.0
40.0,60.0,-2.0,339.0
-40.0,62.0,-2.0,154.0
-38.0,62.0,-2.0,154.0
-36.0,62.0,-2.0,262.0
-34.0,62.0,-2.0,262.0
-32.0,62.0,-2.0,262.0
-30.0,62.0,-2.0,262.0
-28.0,62.0,-2.0,262.0
-26.0,62.0,-2.0,35.0
-24.0,62.0,-2.0,35.0
-22.0,62.0,-2.0,557.0
-20.0,62.0,-2.0,557.0
-18.0,62.0,-2.0,557.0
-10.0,62.0,-2.0,557.0
-8.0,62.0,-2.0,557.0
-6.0,62.0,-2.0,557.0
-4.0,62.0,-2.0,425.0
-2.0,62.0,-2.0,425.0
2.0,62.0,-2.0,425.0
4.0,62.0,-2.0,425.0
6.0,62.0,-2.0,425.0
8.0,62.0,-2.0,425.0
10.0,62.0,-2.0,425.0
18.0,62.0,-2.0,422.0
20.0,62.0,-2.0,142.0
22.0,62.0,-2.0,142.0
24.0,62.0,-2.0,142.0
26.0,62.0,-2.0,97.0
28.0,62.0,-2.0,97.0
30.0,62.0,-2.0,97.0
32.0,62.0,-2.0,97.0
34.0,62.0,-2.0,97.0
36.0,62.0,-2.0,339.0
38.0,62.0,-2.0,339.0
-38.0,64.0,-2.0,262.0
-36.0,64.0,-2.0,262.0
-34.0,64.0,-2.0,262.0
-32.0,64.0,-2.0,262.0
-30.0,64.0,-2.0,262.0
-28.0,64.0,-2.0,262.0
-26.0,64.0,-2.0,262.0
-24.0,64.0,-2.0,557.0
-22.0,64.0,-2.0,557.0
-20.0,64.0,-2.0,557.0
-18.0,64.0,-2.0,557.0
-10.0,64.0,-2.0,557.0
-8.0,64.0,-2.0,557.0
-6.0,64.0,-2.0,305.0
-4.0,64.0,-2.0,425.0
-2.0,64.0,-2.0,425.0
0.0,64.0,-2.0,425.0
2.0,64.0,-2.0,425.0
4.0,64.0,-2.0,425.0
6.0,64.0,-2.0,425.0
8.0,64.0,-2.0,425.0
10.0,64.0,-2.0,425.0
18.0,64.0,-2.0,345.0
20.0,64.0,-2.0,422.0
22.0,64.0,-2.0,422.0
24.0,64.0,-2.0,97.0
26.0,64.0,-2.0,97.0
28.0,64.0,-2.0,97.0
30.0,64.0,-2.0,97.0
32.0,64.0,-2.0,97.0
34.0,64.0,-2.0,97.0
-34.0,66.0,-2.0,262.0
-32.0,66.0,-2.0,262.0
-30.0,66.0,-2.0,262.0
-28.0,66.0,-2.0,262.0
-26.0,66.0,-2.0,262.0
-24.0,66.0,-2.0,341.0
-22.0,66.0,-2.0,341.0
-20.0,66.0,-2.0,557.0
-18.0,66.0,-2.0,557.0
-12.0,66.0,-2.0,557.0
-10.0,66.0,-2.0,557.0
-8.0,66.0,-2.0,305.0
-6.0,66.0,-2.0,305.0
-4.0,66.0,-2.0,305.0
-2.0,66.0,-2.0,425.0
0.0,66.0,-2.0,425.0
2.0,66.0,-2.0,425.0
4.0,66.0,-2.0,425.0
6.0,66.0,-2.0,425.0
8.0,66.0,-2.0,425.0
10.0,66.0,-2.0,345.0
12.0,66.0,-2.0,345.0
14.0,66.0,-2.0,345.0
16.0,66.0,-2.0,345.0
18.0,66.0,-2.0,345.0
20.0,66.0,-2.0,422.0
22.0,66.0,-2.0,422.0
24.0,66.0,-2.0,97.0
26.0,66.0,-2.0,97.0
28.0,66.0,-2.0,97.0
30.0,66.0,-2.0,97.0
32.0,66.0,-2.0,97.0
-28.0,68.0,-2.0,262.0
-26.0,68.0,-2.0,341.0
-24.0,68.0,-2.0,341.0
-22.0,68.0,-2.0,341.0
-20.0,68.0,-2.0,341.0
-18.0,68.0,-2.0,341.0
-16.0,68.0,-2.0,557.0
-14.0,68.0,-2.0,557.0
-12.0,68.0,-2.0,557.0
-10.0,68.0,-2.0,305.0
-8.0,68.0,-2.0,305.0
-6.0,68.0,-2.0,305.0
-4.0,68.0,-2.0,305.0
-2.0,68.0,-2.0,425.0
2.0,68.0,-2.0,425.0
4.0,68.0,-2.0,425.0
6.0,68.0,-2.0,425.0
8.0,68.0,-2.0,345.0
10.0,68.0,-2.0,345.0
12.0,68.0,-2.0,345.0
14.0,68.0,-2.0,345.0
16.0,68.0,-2.0,345.0
18.0,68.0,-2.0,345.0
20.0,68.0,-2.0,345.0
22.0,68.0,-2.0,422.0
24.0,68.0,-2.0,422.0
26.0,68.0,-2.0,97.0
-24.0,70.0,-2.0,341.0
-22.0,70.0,-2.0,341.0
-20.0,70.0,-2.0,341.0
-18.0,70.0,-2.0,341.0
-16.0,70.0,-2.0,559.0
-14.0,70.0,-2.0,559.0
-12.0,70.0,-2.0,559.0
-10.0,70.0,-2.0,305.0
-8.0,70.0,-2.0,305.0
-6.0,70.0,-2.0,305.0
-4.0,70.0,-2.0,305.0
4.0,70.0,-2.0,425.0
6.0,70.0,-2.0,345.0
8.0,70.0,-2.0,345.0
10.0,70.0,-2.0,345.0
12.0,70.0,-2.0,345.0
14.0,70.0,-2.0,345.0
16.0,70.0,-2.0,345.0
18.0,70.0,-2.0,345.0
20.0,70.0,-2.0,345.0
-18.0,72.0,-2.0,341.0
-16.0,72.0,-2.0,559.0
-14.0,72.0,-2.0,559.0
-12.0,72.0,-2.0,559.0
-10.0,72.0,-2.0,305.0
-8.0,72.0,-2.0,305.0
-6.0,72.0,-2.0,305.0
6.0,72.0,-2.0,345.0
8.0,72.0,-2.0,345.0
10.0,72.0,-2.0,345.0
12.0,72.0,-2.0,345.0
14.0,72.0,-2.0,345.0
14.0,-106.0,0.0,380.0
16.0,-106.0,0.0,380.0
-20.0,-104.0,0.0,234.0
-18.0,-104.0,0.0,234.0
-16.0,-104.0,0.0,234.0
4.0,-104.0,0.0,380.0
6.0,-104.0,0.0,380.0
8.0,-104.0,0.0,380.0
10.0,-104.0,0.0,380.0
12.0,-104.0,0.0,380.0
14.0,-104.0,0.0,380.0
16.0,-104.0,0.0,380.0
18.0,-104.0,0.0,380.0
20.0,-104.0,0.0,325.0
22.0,-104.0,0.0,325.0
-26.0,-102.0,0.0,304.0
-24.0,-102.0,0.0,234.0
-22.0,-102.0,0.0,234.0
-20.0,-102.0,0.0,234.0
-18.0,-102.0,0.0,234.0
-16.0,-102.0,0.0,234.0
-14.0,-102.0,0.0,234.0
-12.0,-102.0,0.0,234.0
-10.0,-102.0,0.0,125.0
-8.0,-102.0,0.0,125.0
0.0,-102.0,0.0,125.0
2.0,-102.0,0.0,125.0
4.0,-102.0,0.0,380.0
6.0,-102.0,0.0,380.0
8.0,-102.0,0.0,380.0
10.0,-102.0,0.0,380.0
12.0,-102.0,0.0,380.0
14.0,-102.0,0.0,380.0
16.0,-102.0,0.0,380.0
18.0,-102.0,0.0,325.0
20.0,-102.0,0.0,325.0
22.0,-102.0,0.0,325.0
24.0,-102.0,0.0,325.0
26.0,-102.0,0.0,325.0
28.0,-102.0,0.0,85.0
-30.0,-100.0,0.0,304.0
-28.0,-100.0,0.0,304.0
-26.0,-100.0,0.0,304.0
-24.0,-100.0,0.0,234.0
-22.0,-100.0,0.0,234.0
-20.0,-100.0,0.0,234.0
-18.0,-100.0,0.0,234.0
-16.0,-100.0,0.0,234.0
-14.0,-100.0,0.0,234.0
-12.0,-100.0,0.0,489.0
-10.0,-100.0,0.0,125.0
-8.0,-100.0,0.0,125.0
-6.0,-100.0,0.0,125.0
-2.0,-100.0,0.0,125.0
0.0,-100.0,0.0,125.0
2.0,-100.0,0.0,125.0
4.0,-100.0,0.0,125.0
6.0,-100.0,0.0,380.0
8.0,-100.0,0.0,380.0
10.0,-100.0,0.0,380.0
12.0,-100.0,0.0,380.0
14.0,-100.0,0.0,380.0
16.0,-100.0,0.0,380.0
18.0,-100.0,0.0,325.0
20.0,-100.0,0.0,325.0
22.0,-100.0,0.0,325.0
24.0,-100.0,0.0,325.0
26.0,-100.0,0.0,325.0
28.0,-100.0,0.0,85.0
30.0,-100.0,0.0,85.0
-32.0,-98.0,0.0,304.0
-30.0,-98.0,0.0,304.0
-28.0,-98.0,0.0,304.0
-26.0,-98.0,0.0,304.0
-24.0,-98.0,0.0,234.0
-22.0,-98.0,0.0,234.0
-20.0,-98.0,0.0,234.0
-18.0,-98.0,0.0,234.0
-16.0,-98.0,0.0,234.0
-14.0,-98.0,0.0,234.0
-12.0,-98.0,0.0,489.0
-10.0,-98.0,0.0,125.0
-8.0,-98.0,0.0,125.0
-6.0,-98.0,0.0,125.0
-4.0,-98.0,0.0,125.0
-2.0,-98.0,0.0,125.0
0.0,-98.0,0.0,125.0
2.0,-98.0,0.0,125.0
4.0,-98.0,0.0,125.0
6.0,-98.0,0.0,380.0
8.0,-98.0,0.0,380.0
10.0,-98.0,0.0,380.0
12.0,-98.0,0.0,380.0
14.0,-98.0,0.0,380.0
16.0,-98.0,0.0,325.0
18.0,-98.0,0.0,325.0
20.0,-98.0,0.0,325.0
22.0,-98.0,0.0,325.0
24.0,-98.0,0.0,325.0
26.0,-98.0,0.0,325.0
28.0,-98.0,0.0,85.0
30.0,-98.0,0.0,85.0
32.0,-98.0,0.0,85.0
34.0,-98.0,0.0,85.0
-36.0,-96.0,0.0,304.0
-34.0,-96.0,0.0,304.0
-32.0,-96.0,0.0,304.0
-30.0,-96.0,0.0,304.0
-28.0,-96.0,0.0,304.0
-26.0,-96.0,0.0,304.0
-24.0,-96.0,0.0,234.0
-22.0,-96.0,0.0,234.0
-20.0,-96.0,0.0,234.0
-18.0,-96.0,0.0,234.0
-16.0,-96.0,0.0,234.0
-14.0,-96.0,0.0,489.0
-12.0,-96.0,0.0,489.0
-10.0,-96.0,0.0,125.0
-8.0,-96.0,0.0,125.0
-6.0,-96.0,0.0,125.0
-4.0,-96.0,0.0,125.0
-2.0,-96.0,0.0,125.0
0.0,-96.0,0.0,125.0
2.0,-96.0,0.0,125.0
4.0,-96.0,0.0,125.0
6.0,-96.0,0.0,125.0
8.0,-96.0,0.0,380.0
10.0,-96.0,0.0,380.0
12.0,-96.0,0.0,380.0
14.0,-96.0,0.0,380.0
16.0,-96.0,0.0,325.0
18.0,-96.0,0.0,325.0
20.0,-96.0,0.0,325.0
22.0,-96.0,0.0,325.0
24.0,-96.0,0.0,325.0
26.0,-96.0,0.0,325.0
28.0,-96.0,0.0,85.0
30.0,-96.0,0.0,85.0
32.0,-96.0,0.0,85.0
34.0,-96.0,0.0,85.0
36.0,-96.0,0.0,85.0
-38.0,-94.0,0.0,510.0
-36.0,-94.0,0.0,304.0
-34.0,-94.0,0.0,304.0
-32.0,-94.0,0.0,304.0
-30.0,-94.0,0.0,304.0
-28.0,-94.0,0.0,304.0
-26.0,-94.0,0.0,304.0
-24.0,-94.0,0.0,234.0
-22.0,-94.0,0.0,234.0
-20.0,-94.0,0.0,234.0
-18.0,-94.0,0.0,234.0
-16.0,-94.0,0.0,234.0
-14.0,-94.0,0.0,489.0
-12.0,-94.0,0.0,489.0
-10.0,-94.0,0.0,125.0
-8.0,-94.0,0.0,125.0
-6.0,-94.0,0.0,125.0
-4.0,-94.0,0.0,125.0
-2.0,-94.0,0.0,125.0
0.0,-94.0,0.0,125.0
2.0,-94.0,0.0,125.0
4.0,-94.0,0.0,125.0
6.0,-94.0,0.0,125.0
8.0,-94.0,0.0,380.0
10.0,-94.0,0.0,380.0
12.0,-94.0,0.0,380.0
14.0,-94.0,0.0,380.0
16.0,-94.0,0.0,325.0
18.0,-94.0,0.0,325.0
20.0,-94.0,0.0,325.0
22.0,-94.0,0.0,325.0
24.0,-94.0,0.0,325.0
26.0,-94.0,0.0,325.0
28.0,-94.0,0.0,85.0
30.0,-94.0,0.0,85.0
32.0,-94.0,0.0,85.0
34.0,-94.0,0.0,85.0
36.0,-94.0,0.0,85.0
38.0,-94.0,0.0,85.0
-40.0,-92.0,0.0,510.0
-38.0,-92.0,0.0,510.0
-36.0,-92.0,0.0,510.0
-34.0,-92.0,0.0,304.0
-32.0,-92.0,0.0,304.0
-30.0,-92.0,0.0,304.0
-28.0,-92.0,0.0,304.0
-26.0,-92.0,0.0,234.0
-24.0,-92.0,0.0,234.0
-22.0,-92.0,0.0,234.0
-20.0,-92.0,0.0,234.0
-18.0,-92.0,0.0,234.0
-16.0,-92.0,0.0,489.0
-14.0,-92.0,0.0,489.0
-12.0,-92.0,0.0,230.0
-10.0,-92.0,0.0,230.0
-8.0,-92.0,0.0,230.0
-6.0,-92.0,0.0,125.0
-4.0,-92.0,0.0,125.0
-2.0,-92.0,0.0,125.0
0.0,-92.0,0.0,125.0
2.0,-92.0,0.0,125.0
4.0,-92.0,0.0,125.0
6.0,-92.0,0.0,125.0
8.0,-92.0,0.0,125.0
10.0,-92.0,0.0,380.0
12.0,-92.0,0.0,380.0
14.0,-92.0,0.0,325.0
16.0,-92.0,0.0,325.0
18.0,-92.0,0.0,325.0
20.0,-92.0,0.0,325.0
22.0,-92.0,0.0,325.0
24.0,-92.0,0.0,325.0
26.0,-92.0,0.0,85.0
28.0,-92.0,0.0,85.0
30.0,-92.0,0.0,85.0
32.0,-92.0,0.0,85.0
34.0,-92.0,0.0,85.0
36.0,-92.0,0.0,85.0
38.0,-92.0,0.0,85.0
40.0,-92.0,0.0,85.0
-42.0,-90.0,0.0,510.0
-40.0,-90.0,0.0,510.0
-38.0,-90.0,0.0,510.0
-36.0,-90.0,0.0,510.0
-34.0,-90.0,0.0,510.0
-32.0,-90.0,0.0,304.0
-30.0,-90.0,0.0,304.0
-28.0,-90.0,0.0,304.0
-26.0,-90.0,0.0,545.0
-24.0,-90.0,0.0,234.0
-22.0,-90.0,0.0,234.0
-20.0,-90.0,0.0,234.0
-18.0,-90.0,0.0,234.0
-16.0,-90.0,0.0,489.0
-14.0,-90.0,0.0,230.0
-12.0,-90.0,0.0,230.0
-10.0,-90.0,0.0,230.0
-8.0,-90.0,0.0,230.0
-6.0,-90.0,0.0,230.0
-4.0,-90.0,0.0,125.0
-2.0,-90.0,0.0,125.0
0.0,-90.0,0.0,125.0
2.0,-90.0,0.0,125.0
4.0,-90.0,0.0,125.0
6.0,-90.0,0.0,125.0
8.0,-90.0,0.0,125.0
10.0,-90.0,0.0,380.0
12.0,-90.0,0.0,380.0
14.0,-90.0,0.0,325.0
16.0,-90.0,0.0,325.0
18.0,-90.0,0.0,325.0
20.0,-90.0,0.0,325.0
22.0,-90.0,0.0,325.0
24.0,-90.0,0.0,325.0
26.0,-90.0,0.0,335.0
28.0,-90.0,0.0,335.0
30.0,-90.0,0.0,335.0
32.0,-90.0,0.0,335.0
34.0,-90.0,0.0,335.0
36.0,-90.0,0.0,335.0
38.0,-90.0,0.0,335.0
40.0,-90.0,0.0,571.0
42.0,-90.0,0.0,571.0
-44.0,-88.0,0.0,510.0
-42.0,-88.0,0.0,510.0
-40.0,-88.0,0.0,510.0
-38.0,-88.0,0.0,510.0
-36.0,-88.0,0.0,510.0
-34.0,-88.0,0.0,510.0
-32.0,-88.0,0.0,510.0
-30.0,-88.0,0.0,545.0
-28.0,-88.0,0.0,287.0
-26.0,-88.0,0.0,287.0
-24.0,-88.0,0.0,287.0
-20.0,-88.0,0.0,287.0
-18.0,-88.0,0.0,356.0
-16.0,-88.0,0.0,64.0
-14.0,-88.0,0.0,230.0
-12.0,-88.0,0.0,230.0
-10.0,-88.0,0.0,230.0
-8.0,-88.0,0.0,230.0
-6.0,-88.0,0.0,230.0
-4.0,-88.0,0.0,230.0
-2.0,-88.0,0.0,125.0
0.0,-88.0,0.0,125.0
2.0,-88.0,0.0,125.0
4.0,-88.0,0.0,125.0
6.0,-88.0,0.0,125.0
8.0,-88.0,0.0,125.0
10.0,-88.0,0.0,125.0
12.0,-88.0,0.0,325.0
14.0,-88.0,0.0,325.0
16.0,-88.0,0.0,325.0
18.0,-88.0,0.0,325.0
20.0,-88.0,0.0,325.0
22.0,-88.0,0.0,325.0
24.0,-88.0,0.0,325.0
26.0,-88.0,0.0,335.0
28.0,-88.0,0.0,335.0
30.0,-88.0,0.0,335.0
32.0,-88.0,0.0,335.0
34.0,-88.0,0.0,335.0
36.0,-88.0,0.0,335.0
38.0,-88.0,0.0,335.0
40.0,-88.0,0.0,571.0
42.0,-88.0,0.0,571.0
44.0,-88.0,0.0,571.0
46.0,-88.0,0.0,571.0
-46.0,-86.0,0.0,510.0
-44.0,-86.0,0.0,510.0
-42.0,-86.0,0.0,510.0
-40.0,-86.0,0.0,510.0
-38.0,-86.0,0.0,510.0
-36.0,-86.0,0.0,510.0
-34.0,-86.0,0.0,510.0
-32.0,-86.0,0.0,510.0
-30.0,-86.0,0.0,287.0
-28.0,-86.0,0.0,287.0
-26.0,-86.0,0.0,287.0
-18.0,-86.0,0.0,356.0
-16.0,-86.0,0.0,356.0
-14.0,-86.0,0.0,64.0
-12.0,-86.0,0.0,230.0
-10.0,-86.0,0.0,230.0
-8.0,-86.0,0.0,230.0
-6.0,-86.0,0.0,230.0
-4.0,-86.0,0.0,230.0
-2.0,-86.0,0.0,31.0
0.0,-86.0,0.0,31.0
2.0,-86.0,0.0,31.0
4.0,-86.0,0.0,125.0
6.0,-86.0,0.0,125.0
8.0,-86.0,0.0,125.0
10.0,-86.0,0.0,125.0
12.0,-86.0,0.0,325.0
14.0,-86.0,0.0,325.0
16.0,-86.0,0.0,325.0
18.0,-86.0,0.0,325.0
20.0,-86.0,0.0,325.0
22.0,-86.0,0.0,325.0
24.0,-86.0,0.0,335.0
26.0,-86.0,0.0,335.0
28.0,-86.0,0.0,335.0
30.0,-86.0,0.0,335.0
32.0,-86.0,0.0,335.0
34.0,-86.0,0.0,335.0
36.0,-86.0,0.0,335.0
38.0,-86.0,0.0,335.0
40.0,-86.0,0.0,571.0
42.0,-86.0,0.0,571.0
44.0,-86.0,0.0,571.0
46.0,-86.0,0.0,571.0
-48.0,-84.0,0.0,510.0
-46.0,-84.0,0.0,510.0
-44.0,-84.0,0.0,510.0
-42.0,-84.0,0.0,510.0
-40.0,-84.0,0.0,510.0
-38.0,-84.0,0.0,510.0
-36.0,-84.0,0.0,510.0
-34.0,-84.0,0.0,510.0
-32.0,-84.0,0.0,510.0
-30.0,-84.0,0.0,287.0
-28.0,-84.0,0.0,287.0
-18.0,-84.0,0.0,356.0
-16.0,-84.0,0.0,356.0
-14.0,-84.0,0.0,356.0
-12.0,-84.0,0.0,64.0
-10.0,-84.0,0.0,230.0
-8.0,-84.0,0.0,230.0
-6.0,-84.0,0.0,230.0
-4.0,-84.0,0.0,230.0
-2.0,-84.0,0.0,31.0
0.0,-84.0,0.0,31.0
2.0,-84.0,0.0,31.0
4.0,-84.0,0.0,31.0
6.0,-84.0,0.0,31.0
8.0,-84.0,0.0,31.0
10.0,-84.0,0.0,125.0
12.0,-84.0,0.0,325.0
14.0,-84.0,0.0,325.0
16.0,-84.0,0.0,325.0
18.0,-84.0,0.0,464.0
20.0,-84.0,0.0,464.0
22.0,-84.0,0.0,464.0
24.0,-84.0,0.0,335.0
26.0,-84.0,0.0,335.0
28.0,-84.0,0.0,335.0
30.0,-84.0,0.0,335.0
32.0,-84.0,0.0,335.0
34.0,-84.0,0.0,335.0
36.0,-84.0,0.0,335.0
38.0,-84.0,0.0,569.0
40.0,-84.0,0.0,569.0
42.0,-84.0,0.0,548.0
44.0,-84.0,0.0,571.0
46.0,-84.0,0.0,571.0
48.0,-84.0,0.0,571.0
-50.0,-82.0,0.0,510.0
-48.0,-82.0,0.0,510.0
-46.0,-82.0,0.0,510.0
-44.0,-82.0,0.0,510.0
-42.0,-82.0,0.0,510.0
-40.0,-82.0,0.0,510.0
-38.0,-82.0,0.0,510.0
-36.0,-82.0,0.0,510.0
-34.0,-82.0,0.0,510.0
-32.0,-82.0,0.0,351.0
-20.0,-82.0,0.0,356.0
-18.0,-82.0,0.0,356.0
-16.0,-82.0,0.0,356.0
-14.0,-82.0,0.0,356.0
-12.0,-82.0,0.0,356.0
-10.0,-82.0,0.0,64.0
-8.0,-82.0,0.0,230.0
-6.0,-82.0,0.0,230.0
-4.0,-82.0,0.0,31.0
-2.0,-82.0,0.0,31.0
0.0,-82.0,0.0,31.0
2.0,-82.0,0.0,31.0
4.0,-82.0,0.0,31.0
6.0,-82.0,0.0,31.0
8.0,-82.0,0.0,31.0
10.0,-82.0,0.0,362.0
12.0,-82.0,0.0,362.0
14.0,-82.0,0.0,464.0
16.0,-82.0,0.0,464.0
18.0,-82.0,0.0,464.0
20.0,-82.0,0.0,464.0
22.0,-82.0,0.0,464.0
24.0,-82.0,0.0,464.0
26.0,-82.0,0.0,440.0
28.0,-82.0,0.0,440.0
30.0,-82.0,0.0,440.0
32.0,-82.0,0.0,440.0
34.0,-82.0,0.0,440.0
36.0,-82.0,0.0,569.0
38.0,-82.0,0.0,569.0
40.0,-82.0,0.0,569.0
42.0,-82.0,0.0,548.0
44.0,-82.0,0.0,548.0
46.0,-82.0,0.0,548.0
48.0,-82.0,0.0,571.0
50.0,-82.0,0.0,571.0
-50.0,-80.0,0.0,552.0
-48.0,-80.0,0.0,552.0
-46.0,-80.0,0.0,510.0
-44.0,-80.0,0.0,510.0
-42.0,-80.0,0.0,510.0
-40.0,-80.0,0.0,510.0
-38.0,-80.0,0.0,510.0
-36.0,-80.0,0.0,144.0
-34.0,-80.0,0.0,144.0
-32.0,-80.0,0.0,144.0
-22.0,-80.0,0.0,356.0
-20.0,-80.0,0.0,356.0
-18.0,-80.0,0.0,356.0
-16.0,-80.0,0.0,356.0
-14.0,-80.0,0.0,356.0
-12.0,-80.0,0.0,356.0
-10.0,-80.0,0.0,356.0
-8.0,-80.0,0.0,64.0
-6.0,-80.0,0.0,230.0
-4.0,-80.0,0.0,31.0
-2.0,-80.0,0.0,31.0
0.0,-80.0,0.0,31.0
2.0,-80.0,0.0,31.0
4.0,-80.0,0.0,31.0
6.0,-80.0,0.0,31.0
8.0,-80.0,0.0,362.0
10.0,-80.0,0.0,362.0
12.0,-80.0,0.0,362.0
14.0,-80.0,0.0,464.0
16.0,-80.0,0.0,464.0
18.0,-80.0,0.0,464.0
20.0,-80.0,0.0,464.0
22.0,-80.0,0.0,464.0
24.0,-80.0,0.0,464.0
26.0,-80.0,0.0,464.0
28.0,-80.0,0.0,440.0
30.0,-80.0,0.0,440.0
32.0,-80.0,0.0,440.0
34.0,-80.0,0.0,569.0
36.0,-80.0,0.0,569.0
38.0,-80.0,0.0,569.0
40.0,-80.0,0.0,569.0
42.0,-80.0,0.0,569.0
44.0,-80.0,0.0,548.0
46.0,-80.0,0.0,548.0
48.0,-80.0,0.0,548.0
50.0,-80.0,0.0,548.0
-52.0,-78.0,0.0,552.0
-50.0,-78.0,0.0,552.0
-48.0,-78.0,0.0,552.0
-46.0,-78.0,0.0,552.0
-44.0,-78.0,0.0,552.0
-42.0,-78.0,0.0,510.0
-40.0,-78.0,0.0,510.0
-38.0,-78.0,0.0,144.0
-36.0,-78.0,0.0,144.0
-34.0,-78.0,0.0,144.0
-32.0,-78.0,0.0,144.0
-22.0,-78.0,0.0,356.0
-20.0,-78.0,0.0,356.0
-18.0,-78.0,0.0,356.0
-16.0,-78.0,0.0,356.0
-14.0,-78.0,0.0,356.0
-12.0,-78.0,0.0,356.0
-10.0,-78.0,0.0,356.0
-8.0,-78.0,0.0,356.0
-6.0,-78.0,0.0,450.0
-4.0,-78.0,0.0,450.0
-2.0,-78.0,0.0,450.0
0.0,-78.0,0.0,31.0
2.0,-78.0,0.0,31.0
4.0,-78.0,0.0,31.0
6.0,-78.0,0.0,362.0
8.0,-78.0,0.0,362.0
10.0,-78.0,0.0,362.0
12.0,-78.0,0.0,362.0
14.0,-78.0,0.0,362.0
16.0,-78.0,0.0,464.0
18.0,-78.0,0.0,464.0
20.0,-78.0,0.0,464.0
22.0,-78.0,0.0,464.0
24.0,-78.0,0.0,464.0
26.0,-78.0,0.0,464.0
28.0,-78.0,0.0,464.0
30.0,-78.0,0.0,587.0
32.0,-78.0,0.0,569.0
34.0,-78.0,0.0,569.0
36.0,-78.0,0.0,569.0
38.0,-78.0,0.0,569.0
40.0,-78.0,0.0,569.0
42.0,-78.0,0.0,569.0
44.0,-78.0,0.0,548.0
46.0,-78.0,0.0,548.0
48.0,-78.0,0.0,548.0
50.0,-78.0,0.0,548.0
52.0,-78.0,0.0,548.0
-54.0,-76.0,0.0,552.0
-52.0,-76.0,0.0,552.0
-50.0,-76.0,0.0,552.0
-48.0,-76.0,0.0,552.0
-46.0,-76.0,0.0,552.0
-44.0,-76.0,0.0,552.0
-42.0,-76.0,0.0,552.0
-40.0,-76.0,0.0,144.0
-38.0,-76.0,0.0,144.0
-36.0,-76.0,0.0,144.0
-34.0,-76.0,0.0,144.0
-24.0,-76.0,0.0,272.0
-22.0,-76.0,0.0,356.0
-20.0,-76.0,0.0,356.0
-16.0,-76.0,0.0,356.0
-14.0,-76.0,0.0,356.0
-12.0,-76.0,0.0,356.0
-10.0,-76.0,0.0,356.0
-8.0,-76.0,0.0,450.0
-6.0,-76.0,0.0,450.0
-4.0,-76.0,0.0,450.0
-2.0,-76.0,0.0,450.0
0.0,-76.0,0.0,450.0
2.0,-76.0,0.0,450.0
4.0,-76.0,0.0,450.0
6.0,-76.0,0.0,362.0
8.0,-76.0,0.0,362.0
10.0,-76.0,0.0,362.0
12.0,-76.0,0.0,362.0
14.0,-76.0,0.0,362.0
16.0,-76.0,0.0,464.0
18.0,-76.0,0.0,464.0
20.0,-76.0,0.0,464.0
22.0,-76.0,0.0,464.0
24.0,-76.0,0.0,464.0
26.0,-76.0,0.0,464.0
28.0,-76.0,0.0,464.0
30.0,-76.0,0.0,587.0
32.0,-76.0,0.0,587.0
34.0,-76.0,0.0,587.0
36.0,-76.0,0.0,569.0
38.0,-76.0,0.0,569.0
40.0,-76.0,0.0,569.0
42.0,-76.0,0.0,569.0
44.0,-76.0,0.0,569.0
46.0,-76.0,0.0,548.0
48.0,-76.0,0.0,548.0
50.0,-76.0,0.0,548.0
52.0,-76.0,0.0,413.0
54.0,-76.0,0.0,413.0
-54.0,-74.0,0.0,552.0
-52.0,-74.0,0.0,552.0
-50.0,-74.0,0.0,552.0
-48.0,-74.0,0.0,552.0
-46.0,-74.0,0.0,552.0
-44.0,-74.0,0.0,552.0
-42.0,-74.0,0.0,144.0
-40.0,-74.0,0.0,144.0
-38.0,-74.0,0.0,144.0
-36.0,-74.0,0.0,144.0
-34.0,-74.0,0.0,144.0
-24.0,-74.0,0.0,272.0
-22.0,-74.0,0.0,272.0
-20.0,-74.0,0.0,272.0
-14.0,-74.0,0.0,356.0
-12.0,-74.0,0.0,356.0
-10.0,-74.0,0.0,356.0
-8.0,-74.0,0.0,450.0
-6.0,-74.0,0.0,450.0
-4.0,-74.0,0.0,450.0
-2.0,-74.0,0.0,450.0
0.0,-74.0,0.0,450.0
2.0,-74.0,0.0,450.0
4.0,-74.0,0.0,450.0
6.0,-74.0,0.0,362.0
8.0,-74.0,0.0,362.0
10.0,-74.0,0.0,362.0
12.0,-74.0,0.0,362.0
14.0,-74.0,0.0,362.0
16.0,-74.0,0.0,464.0
18.0,-74.0,0.0,464.0
20.0,-74.0,0.0,464.0
22.0,-74.0,0.0,464.0
24.0,-74.0,0.0,464.0
26.0,-74.0,0.0,464.0
28.0,-74.0,0.0,464.0
30.0,-74.0,0.0,587.0
32.0,-74.0,0.0,587.0
36.0,-74.0,0.0,587.0
38.0,-74.0,0.0,587.0
40.0,-74.0,0.0,569.0
42.0,-74.0,0.0,569.0
44.0,-74.0,0.0,100.0
46.0,-74.0,0.0,100.0
48.0,-74.0,0.0,100.0
50.0,-74.0,0.0,413.0
52.0,-74.0,0.0,413.0
54.0,-74.0,0.0,413.0
-56.0,-72.0,0.0,388.0
-54.0,-72.0,0.0,388.0
-52.0,-72.0,0.0,552.0
-50.0,-72.0,0.0,552.0
-48.0,-72.0,0.0,552.0
-46.0,-72.0,0.0,552.0
-44.0,-72.0,0.0,552.0
-42.0,-72.0,0.0,144.0
-22.0,-72.0,0.0,272.0
-14.0,-72.0,0.0,356.0
-12.0,-72.0,0.0,356.0
-10.0,-72.0,0.0,356.0
-8.0,-72.0,0.0,450.0
-6.0,-72.0,0.0,450.0
-4.0,-72.0,0.0,450.0
-2.0,-72.0,0.0,450.0
0.0,-72.0,0.0,450.0
2.0,-72.0,0.0,450.0
4.0,-72.0,0.0,450.0
6.0,-72.0,0.0,362.0
8.0,-72.0,0.0,362.0
10.0,-72.0,0.0,362.0
12.0,-72.0,0.0,362.0
14.0,-72.0,0.0,362.0
16.0,-72.0,0.0,464.0
18.0,-72.0,0.0,464.0
20.0,-72.0,0.0,464.0
22.0,-72.0,0.0,464.0
24.0,-72.0,0.0,464.0
38.0,-72.0,0.0,587.0
40.0,-72.0,0.0,587.0
42.0,-72.0,0.0,587.0
44.0,-72.0,0.0,100.0
46.0,-72.0,0.0,90.0
48.0,-72.0,0.0,90.0
50.0,-72.0,0.0,90.0
52.0,-72.0,0.0,90.0
54.0,-72.0,0.0,413.0
56.0,-72.0,0.0,413.0
-56.0,-70.0,0.0,388.0
-54.0,-70.0,0.0,388.0
-52.0,-70.0,0.0,388.0
-50.0,-70.0,0.0,388.0
-48.0,-70.0,0.0,388.0
-46.0,-70.0,0.0,552.0
-44.0,-70.0,0.0,552.0
-42.0,-70.0,0.0,144.0
-24.0,-70.0,0.0,272.0
-22.0,-70.0,0.0,272.0
-14.0,-70.0,0.0,356.0
-12.0,-70.0,0.0,356.0
-10.0,-70.0,0.0,450.0
-8.0,-70.0,0.0,450.0
-6.0,-70.0,0.0,450.0
-4.0,-70.0,0.0,450.0
-2.0,-70.0,0.0,450.0
0.0,-70.0,0.0,450.0
2.0,-70.0,0.0,450.0
4.0,-70.0,0.0,450.0
6.0,-70.0,0.0,362.0
8.0,-70.0,0.0,362.0
10.0,-70.0,0.0,362.0
12.0,-70.0,0.0,362.0
14.0,-70.0,0.0,362.0
16.0,-70.0,0.0,464.0
18.0,-70.0,0.0,464.0
20.0,-70.0,0.0,464.0
22.0,-70.0,0.0,464.0
24.0,-70.0,0.0,464.0
38.0,-70.0,0.0,587.0
40.0,-70.0,0.0,587.0
42.0,-70.0,0.0,373.0
44.0,-70.0,0.0,373.0
46.0,-70.0,0.0,373.0
48.0,-70.0,0.0,373.0
50.0,-70.0,0.0,373.0
52.0,-70.0,0.0,373.0
54.0,-70.0,0.0,373.0
56.0,-70.0,0.0,373.0
-58.0,-68.0,0.0,388.0
-56.0,-68.0,0.0,388.0
-54.0,-68.0,0.0,388.0
-52.0,-68.0,0.0,388.0
-50.0,-68.0,0.0,388.0
-48.0,-68.0,0.0,388.0
-46.0,-68.0,0.0,388.0
-44.0,-68.0,0.0,388.0
-42.0,-68.0,0.0,144.0
-24.0,-68.0,0.0,272.0
-22.0,-68.0,0.0,272.0
-14.0,-68.0,0.0,272.0
-12.0,-68.0,0.0,272.0
-10.0,-68.0,0.0,450.0
-8.0,-68.0,0.0,450.0
-6.0,-68.0,0.0,450.0
-4.0,-68.0,0.0,450.0
2.0,-68.0,0.0,450.0
4.0,-68.0,0.0,450.0
6.0,-68.0,0.0,362.0
8.0,-68.0,0.0,362.0
10.0,-68.0,0.0,362.0
12.0,-68.0,0.0,362.0
14.0,-68.0,0.0,303.0
16.0,-68.0,0.0,303.0
18.0,-68.0,0.0,303.0
20.0,-68.0,0.0,464.0
22.0,-68.0,0.0,464.0
24.0,-68.0,0.0,357.0
26.0,-68.0,0.0,357.0
38.0,-68.0,0.0,587.0
40.0,-68.0,0.0,373.0
42.0,-68.0,0.0,373.0
44.0,-68.0,0.0,373.0
46.0,-68.0,0.0,373.0
48.0,-68.0,0.0,373.0
50.0,-68.0,0.0,373.0
52.0,-68.0,0.0,373.0
54.0,-68.0,0.0,373.0
56.0,-68.0,0.0,373.0
-58.0,-66.0,0.0,388.0
-56.0,-66.0,0.0,388.0
-54.0,-66.0,0.0,388.0
-52.0,-66.0,0.0,388.0
-50.0,-66.0,0.0,388.0
-48.0,-66.0,0.0,388.0
-46.0,-66.0,0.0,388.0
-44.0,-66.0,0.0,388.0
-42.0,-66.0,0.0,144.0
-24.0,-66.0,0.0,272.0
-18.0,-66.0,0.0,272.0
-16.0,-66.0,0.0,272.0
-14.0,-66.0,0.0,272.0
-12.0,-66.0,0.0,272.0
-10.0,-66.0,0.0,450.0
-8.0,-66.0,0.0,450.0
-6.0,-66.0,0.0,450.0
-4.0,-66.0,0.0,450.0
4.0,-66.0,0.0,450.0
6.0,-66.0,0.0,362.0
8.0,-66.0,0.0,362.0
10.0,-66.0,0.0,362.0
12.0,-66.0,0.0,303.0
14.0,-66.0,0.0,303.0
16.0,-66.0,0.0,303.0
18.0,-66.0,0.0,303.0
20.0,-66.0,0.0,303.0
22.0,-66.0,0.0,303.0
24.0,-66.0,0.0,357.0
26.0,-66.0,0.0,357.0
38.0,-66.0,0.0,373.0
40.0,-66.0,0.0,373.0
42.0,-66.0,0.0,373.0
44.0,-66.0,0.0,373.0
46.0,-66.0,0.0,373.0
48.0,-66.0,0.0,373.0
50.0,-66.0,0.0,373.0
52.0,-66.0,0.0,373.0
54.0,-66.0,0.0,373.0
-60.0,-64.0,0.0,388.0
-56.0,-64.0,0.0,388.0
-54.0,-64.0,0.0,388.0
-52.0,-64.0,0.0,388.0
-50.0,-64.0,0.0,388.0
-48.0,-64.0,0.0,388.0
-46.0,-64.0,0.0,388.0
-44.0,-64.0,0.0,388.0
-42.0,-64.0,0.0,388.0
-20.0,-64.0,0.0,272.0
-18.0,-64.0,0.0,272.0
-16.0,-64.0,0.0,272.0
-14.0,-64.0,0.0,272.0
-12.0,-64.0,0.0,272.0
-10.0,-64.0,0.0,450.0
-8.0,-64.0,0.0,450.0
-6.0,-64.0,0.0,450.0
4.0,-64.0,0.0,450.0
6.0,-64.0,0.0,362.0
8.0,-64.0,0.0,303.0
10.0,-64.0,0.0,303.0
12.0,-64.0,0.0,303.0
14.0,-64.0,0.0,303.0
16.0,-64.0,0.0,303.0
18.0,-64.0,0.0,303.0
20.0,-64.0,0.0,303.0
22.0,-64.0,0.0,303.0
24.0,-64.0,0.0,303.0
26.0,-64.0,0.0,357.0
40.0,-64.0,0.0,373.0
42.0,-64.0,0.0,373.0
44.0,-64.0,0.0,373.0
46.0,-64.0,0.0,373.0
48.0,-64.0,0.0,373.0
50.0,-64.0,0.0,373.0
52.0,-64.0,0.0,373.0
54.0,-64.0,0.0,373.0
-62.0,-62.0,0.0,495.0
-60.0,-62.0,0.0,495.0
-58.0,-62.0,0.0,388.0
-56.0,-62.0,0.0,388.0
-54.0,-62.0,0.0,388.0
-52.0,-62.0,0.0,388.0
-50.0,-62.0,0.0,388.0
-48.0,-62.0,0.0,388.0
-46.0,-62.0,0.0,388.0
-44.0,-62.0,0.0,388.0
-42.0,-62.0,0.0,79.0
-24.0,-62.0,0.0,272.0
-22.0,-62.0,0.0,272.0
-20.0,-62.0,0.0,272.0
-18.0,-62.0,0.0,272.0
-16.0,-62.0,0.0,272.0
-14.0,-62.0,0.0,272.0
-12.0,-62.0,0.0,406.0
-10.0,-62.0,0.0,406.0
-8.0,-62.0,0.0,450.0
-6.0,-62.0,0.0,450.0
4.0,-62.0,0.0,181.0
6.0,-62.0,0.0,303.0
8.0,-62.0,0.0,303.0
10.0,-62.0,0.0,303.0
12.0,-62.0,0.0,303.0
14.0,-62.0,0.0,303.0
16.0,-62.0,0.0,303.0
18.0,-62.0,0.0,303.0
20.0,-62.0,0.0,303.0
22.0,-62.0,0.0,303.0
26.0,-62.0,0.0,303.0
40.0,-62.0,0.0,373.0
42.0,-62.0,0.0,373.0
44.0,-62.0,0.0,373.0
46.0,-62.0,0.0,373.0
48.0,-62.0,0.0,373.0
50.0,-62.0,0.0,373.0
52.0,-62.0,0.0,373.0
56.0,-62.0,0.0,373.0
58.0,-62.0,0.0,373.0
60.0,-62.0,0.0,373.0
62.0,-62.0,0.0,11.0
-64.0,-60.0,0.0,495.0
-62.0,-60.0,0.0,495.0
-60.0,-60.0,0.0,495.0
-58.0,-60.0,0.0,225.0
-56.0,-60.0,0.0,225.0
-54.0,-60.0,0.0,225.0
-52.0,-60.0,0.0,225.0
-50.0,-60.0,0.0,225.0
-48.0,-60.0,0.0,225.0
-46.0,-60.0,0.0,225.0
-44.0,-60.0,0.0,79.0
-42.0,-60.0,0.0,79.0
-24.0,-60.0,0.0,547.0
-22.0,-60.0,0.0,547.0
-20.0,-60.0,0.0,272.0
-18.0,-60.0,0.0,406.0
-16.0,-60.0,0.0,406.0
-14.0,-60.0,0.0,406.0
-12.0,-60.0,0.0,406.0
-10.0,-60.0,0.0,406.0
-8.0,-60.0,0.0,406.0
-6.0,-60.0,0.0,406.0
4.0,-60.0,0.0,181.0
6.0,-60.0,0.0,181.0
8.0,-60.0,0.0,303.0
10.0,-60.0,0.0,303.0
12.0,-60.0,0.0,303.0
14.0,-60.0,0.0,303.0
16.0,-60.0,0.0,303.0
18.0,-60.0,0.0,303.0
20.0,-60.0,0.0,303.0
22.0,-60.0,0.0,303.0
24.0,-60.0,0.0,303.0
42.0,-60.0,0.0,373.0
44.0,-60.0,0.0,373.0
46.0,-60.0,0.0,373.0
48.0,-60.0,0.0,373.0
50.0,-60.0,0.0,373.0
52.0,-60.0,0.0,373.0
54.0,-60.0,0.0,373.0
56.0,-60.0,0.0,373.0
58.0,-60.0,0.0,581.0
60.0,-60.0,0.0,581.0
62.0,-60.0,0.0,581.0
64.0,-60.0,0.0,11.0
-64.0,-58.0,0.0,495.0
-62.0,-58.0,0.0,495.0
-60.0,-58.0,0.0,495.0
-58.0,-58.0,0.0,225.0
-56.0,-58.0,0.0,225.0
-54.0,-58.0,0.0,225.0
-52.0,-58.0,0.0,225.0
-50.0,-58.0,0.0,225.0
-48.0,-58.0,0.0,225.0
-46.0,-58.0,0.0,225.0
-44.0,-58.0,0.0,79.0
-24.0,-58.0,0.0,547.0
-22.0,-58.0,0.0,47.0
-20.0,-58.0,0.0,47.0
-18.0,-58.0,0.0,406.0
-16.0,-58.0,0.0,406.0
-14.0,-58.0,0.0,406.0
-12.0,-58.0,0.0,406.0
-10.0,-58.0,0.0,406.0
-8.0,-58.0,0.0,406.0
4.0,-58.0,0.0,181.0
6.0,-58.0,0.0,181.0
8.0,-58.0,0.0,181.0
10.0,-58.0,0.0,303.0
12.0,-58.0,0.0,303.0
14.0,-58.0,0.0,303.0
16.0,-58.0,0.0,303.0
18.0,-58.0,0.0,303.0
20.0,-58.0,0.0,303.0
22.0,-58.0,0.0,303.0
24.0,-58.0,0.0,306.0
44.0,-58.0,0.0,373.0
46.0,-58.0,0.0,373.0
48.0,-58.0,0.0,373.0
50.0,-58.0,0.0,373.0
52.0,-58.0,0.0,373.0
54.0,-58.0,0.0,373.0
56.0,-58.0,0.0,581.0
58.0,-58.0,0.0,581.0
60.0,-58.0,0.0,581.0
62.0,-58.0,0.0,581.0
64.0,-58.0,0.0,581.0
-66.0,-56.0,0.0,495.0
-64.0,-56.0,0.0,495.0
-62.0,-56.0,0.0,495.0
-60.0,-56.0,0.0,495.0
-58.0,-56.0,0.0,225.0
-56.0,-56.0,0.0,225.0
-54.0,-56.0,0.0,225.0
-52.0,-56.0,0.0,225.0
-50.0,-56.0,0.0,225.0
-48.0,-56.0,0.0,225.0
-46.0,-56.0,0.0,225.0
-44.0,-56.0,0.0,79.0
-24.0,-56.0,0.0,47.0
-22.0,-56.0,0.0,47.0
-20.0,-56.0,0.0,47.0
-18.0,-56.0,0.0,406.0
-16.0,-56.0,0.0,406.0
-14.0,-56.0,0.0,406.0
-12.0,-56.0,0.0,406.0
-10.0,-56.0,0.0,406.0
-8.0,-56.0,0.0,406.0
4.0,-56.0,0.0,181.0
6.0,-56.0,0.0,181.0
8.0,-56.0,0.0,181.0
10.0,-56.0,0.0,303.0
12.0,-56.0,0.0,303.0
14.0,-56.0,0.0,303.0
16.0,-56.0,0.0,303.0
18.0,-56.0,0.0,303.0
20.0,-56.0,0.0,306.0
22.0,-56.0,0.0,306.0
24.0,-56.0,0.0,306.0
46.0,-56.0,0.0,373.0
48.0,-56.0,0.0,373.0
50.0,-56.0,0.0,373.0
54.0,-56.0,0.0,581.0
56.0,-56.0,0.0,581.0
58.0,-56.0,0.0,581.0
60.0,-56.0,0.0,581.0
62.0,-56.0,0.0,581.0
64.0,-56.0,0.0,581.0
66.0,-56.0,0.0,11.0
-66.0,-54.0,0.0,495.0
-64.0,-54.0,0.0,495.0
-62.0,-54.0,0.0,495.0
-60.0,-54.0,0.0,495.0
-58.0,-54.0,0.0,225.0
-56.0,-54.0,0.0,225.0
-54.0,-54.0,0.0,225.0
-52.0,-54.0,0.0,225.0
-50.0,-54.0,0.0,225.0
-48.0,-54.0,0.0,225.0
-46.0,-54.0,0.0,79.0
-44.0,-54.0,0.0,79.0
-26.0,-54.0,0.0,47.0
-24.0,-54.0,0.0,47.0
-22.0,-54.0,0.0,47.0
-20.0,-54.0,0.0,47.0
-18.0,-54.0,0.0,406.0
-16.0,-54.0,0.0,406.0
-14.0,-54.0,0.0,406.0
-12.0,-54.0,0.0,406.0
-10.0,-54.0,0.0,406.0
-8.0,-54.0,0.0,406.0
6.0,-54.0,0.0,181.0
8.0,-54.0,0.0,181.0
10.0,-54.0,0.0,441.0
12.0,-54.0,0.0,441.0
14.0,-54.0,0.0,441.0
16.0,-54.0,0.0,441.0
18.0,-54.0,0.0,441.0
20.0,-54.0,0.0,441.0
22.0,-54.0,0.0,441.0
24.0,-54.0,0.0,441.0
48.0,-54.0,0.0,581.0
50.0,-54.0,0.0,581.0
54.0,-54.0,0.0,581.0
56.0,-54.0,0.0,581.0
58.0,-54.0,0.0,581.0
60.0,-54.0,0.0,581.0
62.0,-54.0,0.0,581.0
64.0,-54.0,0.0,581.0
66.0,-54.0,0.0,581.0
-66.0,-52.0,0.0,495.0
-64.0,-52.0,0.0,495.0
-62.0,-52.0,0.0,495.0
-60.0,-52.0,0.0,495.0
-58.0,-52.0,0.0,225.0
-56.0,-52.0,0.0,225.0
-54.0,-52.0,0.0,225.0
-52.0,-52.0,0.0,225.0
-50.0,-52.0,0.0,225.0
-48.0,-52.0,0.0,225.0
-46.0,-52.0,0.0,79.0
-44.0,-52.0,0.0,79.0
-26.0,-52.0,0.0,47.0
-24.0,-52.0,0.0,47.0
-22.0,-52.0,0.0,47.0
-20.0,-52.0,0.0,47.0
-18.0,-52.0,0.0,47.0
-16.0,-52.0,0.0,406.0
-14.0,-52.0,0.0,406.0
-12.0,-52.0,0.0,406.0
-10.0,-52.0,0.0,406.0
-8.0,-52.0,0.0,406.0
6.0,-52.0,0.0,181.0
8.0,-52.0,0.0,181.0
10.0,-52.0,0.0,441.0
12.0,-52.0,0.0,441.0
14.0,-52.0,0.0,441.0
16.0,-52.0,0.0,441.0
18.0,-52.0,0.0,441.0
20.0,-52.0,0.0,441.0
22.0,-52.0,0.0,441.0
52.0,-52.0,0.0,581.0
54.0,-52.0,0.0,581.0
56.0,-52.0,0.0,581.0
58.0,-52.0,0.0,581.0
60.0,-52.0,0.0,581.0
62.0,-52.0,0.0,581.0
64.0,-52.0,0.0,581.0
66.0,-52.0,0.0,581.0
-68.0,-50.0,0.0,535.0
-66.0,-50.0,0.0,495.0
-64.0,-50.0,0.0,495.0
-62.0,-50.0,0.0,495.0
-60.0,-50.0,0.0,495.0
-58.0,-50.0,0.0,137.0
-56.0,-50.0,0.0,137.0
-54.0,-50.0,0.0,137.0
-52.0,-50.0,0.0,137.0
-50.0,-50.0,0.0,137.0
-48.0,-50.0,0.0,137.0
-46.0,-50.0,0.0,79.0
-26.0,-50.0,0.0,47.0
-24.0,-50.0,0.0,47.0
-22.0,-50.0,0.0,47.0
-20.0,-50.0,0.0,47.0
-18.0,-50.0,0.0,47.0
-16.0,-50.0,0.0,406.0
-14.0,-50.0,0.0,406.0
-12.0,-50.0,0.0,406.0
-10.0,-50.0,0.0,406.0
-8.0,-50.0,0.0,406.0
6.0,-50.0,0.0,181.0
8.0,-50.0,0.0,181.0
10.0,-50.0,0.0,441.0
12.0,-50.0,0.0,441.0
14.0,-50.0,0.0,441.0
16.0,-50.0,0.0,441.0
18.0,-50.0,0.0,441.0
20.0,-50.0,0.0,441.0
22.0,-50.0,0.0,441.0
52.0,-50.0,0.0,581.0
54.0,-50.0,0.0,581.0
56.0,-50.0,0.0,581.0
58.0,-50.0,0.0,581.0
60.0,-50.0,0.0,581.0
62.0,-50.0,0.0,581.0
64.0,-50.0,0.0,581.0
66.0,-50.0,0.0,581.0
68.0,-50.0,0.0,581.0
-68.0,-48.0,0.0,535.0
-66.0,-48.0,0.0,535.0
-64.0,-48.0,0.0,535.0
-62.0,-48.0,0.0,535.0
-60.0,-48.0,0.0,137.0
-58.0,-48.0,0.0,137.0
-56.0,-48.0,0.0,137.0
-54.0,-48.0,0.0,137.0
-52.0,-48.0,0.0,137.0
-50.0,-48.0,0.0,137.0
-48.0,-48.0,0.0,137.0
-24.0,-48.0,0.0,47.0
-22.0,-48.0,0.0,47.0
-20.0,-48.0,0.0,47.0
-18.0,-48.0,0.0,47.0
-16.0,-48.0,0.0,406.0
-14.0,-48.0,0.0,406.0
-12.0,-48.0,0.0,406.0
-10.0,-48.0,0.0,406.0
-8.0,-48.0,0.0,406.0
8.0,-48.0,0.0,551.0
10.0,-48.0,0.0,441.0
12.0,-48.0,0.0,441.0
14.0,-48.0,0.0,441.0
16.0,-48.0,0.0,441.0
18.0,-48.0,0.0,441.0
20.0,-48.0,0.0,441.0
22.0,-48.0,0.0,513.0
52.0,-48.0,0.0,581.0
54.0,-48.0,0.0,581.0
56.0,-48.0,0.0,581.0
58.0,-48.0,0.0,581.0
60.0,-48.0,0.0,581.0
62.0,-48.0,0.0,581.0
64.0,-48.0,0.0,581.0
66.0,-48.0,0.0,581.0
68.0,-48.0,0.0,581.0
-68.0,-46.0,0.0,535.0
-66.0,-46.0,0.0,535.0
-64.0,-46.0,0.0,535.0
-62.0,-46.0,0.0,535.0
-60.0,-46.0,0.0,137.0
-58.0,-46.0,0.0,137.0
-56.0,-46.0,0.0,137.0
-54.0,-46.0,0.0,137.0
-52.0,-46.0,0.0,137.0
-24.0,-46.0,0.0,47.0
-22.0,-46.0,0.0,47.0
-20.0,-46.0,0.0,47.0
-18.0,-46.0,0.0,47.0
-16.0,-46.0,0.0,47.0
-14.0,-46.0,0.0,406.0
-12.0,-46.0,0.0,406.0
-10.0,-46.0,0.0,406.0
-8.0,-46.0,0.0,406.0
8.0,-46.0,0.0,551.0
10.0,-46.0,0.0,441.0
12.0,-46.0,0.0,441.0
14.0,-46.0,0.0,441.0
16.0,-46.0,0.0,441.0
18.0,-46.0,0.0,441.0
20.0,-46.0,0.0,513.0
22.0,-46.0,0.0,513.0
50.0,-46.0,0.0,581.0
52.0,-46.0,0.0,581.0
54.0,-46.0,0.0,581.0
56.0,-46.0,0.0,581.0
58.0,-46.0,0.0,581.0
60.0,-46.0,0.0,581.0
62.0,-46.0,0.0,581.0
64.0,-46.0,0.0,581.0
66.0,-46.0,0.0,581.0
68.0,-46.0,0.0,133.0
-70.0,-44.0,0.0,535.0
-68.0,-44.0,0.0,535.0
-66.0,-44.0,0.0,535.0
-64.0,-44.0,0.0,535.0
-62.0,-44.0,0.0,535.0
-60.0,-44.0,0.0,535.0
-58.0,-44.0,0.0,137.0
-56.0,-44.0,0.0,137.0
-54.0,-44.0,0.0,137.0
-24.0,-44.0,0.0,47.0
-22.0,-44.0,0.0,47.0
-20.0,-44.0,0.0,47.0
-18.0,-44.0,0.0,47.0
-16.0,-44.0,0.0,47.0
-14.0,-44.0,0.0,406.0
-12.0,-44.0,0.0,406.0
-10.0,-44.0,0.0,406.0
-8.0,-44.0,0.0,406.0
8.0,-44.0,0.0,551.0
10.0,-44.0,0.0,441.0
12.0,-44.0,0.0,441.0
14.0,-44.0,0.0,441.0
16.0,-44.0,0.0,441.0
48.0,-44.0,0.0,581.0
50.0,-44.0,0.0,581.0
52.0,-44.0,0.0,581.0
54.0,-44.0,0.0,581.0
56.0,-44.0,0.0,581.0
58.0,-44.0,0.0,581.0
60.0,-44.0,0.0,581.0
62.0,-44.0,0.0,581.0
64.0,-44.0,0.0,133.0
66.0,-44.0,0.0,133.0
68.0,-44.0,0.0,133.0
-70.0,-42.0,0.0,535.0
-68.0,-42.0,0.0,535.0
-66.0,-42.0,0.0,535.0
-64.0,-42.0,0.0,535.0
-62.0,-42.0,0.0,535.0
-60.0,-42.0,0.0,535.0
-58.0,-42.0,0.0,535.0
-56.0,-42.0,0.0,137.0
-54.0,-42.0,0.0,137.0
-52.0,-42.0,0.0,137.0
-22.0,-42.0,0.0,47.0
-20.0,-42.0,0.0,47.0
-18.0,-42.0,0.0,47.0
-16.0,-42.0,0.0,47.0
-14.0,-42.0,0.0,406.0
-12.0,-42.0,0.0,406.0
-10.0,-42.0,0.0,406.0
-8.0,-42.0,0.0,406.0
8.0,-42.0,0.0,551.0
10.0,-42.0,0.0,551.0
12.0,-42.0,0.0,441.0
14.0,-42.0,0.0,441.0
16.0,-42.0,0.0,513.0
46.0,-42.0,0.0,581.0
48.0,-42.0,0.0,581.0
50.0,-42.0,0.0,581.0
52.0,-42.0,0.0,581.0
54.0,-42.0,0.0,581.0
56.0,-42.0,0.0,581.0
58.0,-42.0,0.0,133.0
60.0,-42.0,0.0,133.0
62.0,-42.0,0.0,133.0
64.0,-42.0,0.0,133.0
66.0,-42.0,0.0,133.0
68.0,-42.0,0.0,133.0
-70.0,-40.0,0.0,535.0
-68.0,-40.0,0.0,535.0
-66.0,-40.0,0.0,535.0
-64.0,-40.0,0.0,535.0
-62.0,-40.0,0.0,535.0
-60.0,-40.0,0.0,535.0
-58.0,-40.0,0.0,535.0
-56.0,-40.0,0.0,137.0
-54.0,-40.0,0.0,59.0
-52.0,-40.0,0.0,59.0
-50.0,-40.0,0.0,59.0
-48.0,-40.0,0.0,59.0
-46.0,-40.0,0.0,59.0
-14.0,-40.0,0.0,47.0
-12.0,-40.0,0.0,406.0
-10.0,-40.0,0.0,406.0
-8.0,-40.0,0.0,551.0
8.0,-40.0,0.0,551.0
10.0,-40.0,0.0,551.0
12.0,-40.0,0.0,441.0
14.0,-40.0,0.0,513.0
16.0,-40.0,0.0,513.0
46.0,-40.0,0.0,581.0
48.0,-40.0,0.0,581.0
50.0,-40.0,0.0,581.0
52.0,-40.0,0.0,581.0
54.0,-40.0,0.0,133.0
56.0,-40.0,0.0,133.0
58.0,-40.0,0.0,133.0
60.0,-40.0,0.0,133.0
62.0,-40.0,0.0,133.0
64.0,-40.0,0.0,133.0
66.0,-40.0,0.0,133.0
68.0,-40.0,0.0,133.0
70.0,-40.0,0.0,467.0
-70.0,-38.0,0.0,535.0
-68.0,-38.0,0.0,535.0
-66.0,-38.0,0.0,535.0
-64.0,-38.0,0.0,535.0
-62.0,-38.0,0.0,535.0
-60.0,-38.0,0.0,535.0
-58.0,-38.0,0.0,535.0
-56.0,-38.0,0.0,59.0
-54.0,-38.0,0.0,59.0
-52.0,-38.0,0.0,59.0
-50.0,-38.0,0.0,59.0
-48.0,-38.0,0.0,59.0
-46.0,-38.0,0.0,59.0
-12.0,-38.0,0.0,406.0
-10.0,-38.0,0.0,406.0
10.0,-38.0,0.0,551.0
12.0,-38.0,0.0,513.0
14.0,-38.0,0.0,513.0
16.0,-38.0,0.0,513.0
46.0,-38.0,0.0,581.0
48.0,-38.0,0.0,133.0
50.0,-38.0,0.0,133.0
52.0,-38.0,0.0,133.0
54.0,-38.0,0.0,133.0
56.0,-38.0,0.0,133.0
58.0,-38.0,0.0,133.0
60.0,-38.0,0.0,133.0
62.0,-38.0,0.0,133.0
64.0,-38.0,0.0,133.0
66.0,-38.0,0.0,133.0
68.0,-38.0,0.0,184.0
-70.0,-36.0,0.0,535.0
-68.0,-36.0,0.0,535.0
-66.0,-36.0,0.0,529.0
-64.0,-36.0,0.0,529.0
-62.0,-36.0,0.0,529.0
-60.0,-36.0,0.0,529.0
-58.0,-36.0,0.0,529.0
-56.0,-36.0,0.0,59.0
-54.0,-36.0,0.0,59.0
-52.0,-36.0,0.0,59.0
-50.0,-36.0,0.0,59.0
-48.0,-36.0,0.0,59.0
-46.0,-36.0,0.0,59.0
-44.0,-36.0,0.0,59.0
14.0,-36.0,0.0,513.0
46.0,-36.0,0.0,133.0
48.0,-36.0,0.0,133.0
50.0,-36.0,0.0,133.0
52.0,-36.0,0.0,133.0
54.0,-36.0,0.0,133.0
56.0,-36.0,0.0,133.0
58.0,-36.0,0.0,133.0
60.0,-36.0,0.0,133.0
62.0,-36.0,0.0,133.0
64.0,-36.0,0.0,133.0
66.0,-36.0,0.0,184.0
68.0,-36.0,0.0,184.0
70.0,-36.0,0.0,184.0
-72.0,-34.0,0.0,529.0
-70.0,-34.0,0.0,529.0
-68.0,-34.0,0.0,529.0
-66.0,-34.0,0.0,529.0
-64.0,-34.0,0.0,529.0
-62.0,-34.0,0.0,529.0
-60.0,-34.0,0.0,529.0
-58.0,-34.0,0.0,529.0
-56.0,-34.0,0.0,59.0
-54.0,-34.0,0.0,59.0
-52.0,-34.0,0.0,59.0
-50.0,-34.0,0.0,59.0
-48.0,-34.0,0.0,59.0
-46.0,-34.0,0.0,59.0
-44.0,-34.0,0.0,59.0
10.0,-34.0,0.0,24.0
12.0,-34.0,0.0,24.0
14.0,-34.0,0.0,24.0
16.0,-34.0,0.0,24.0
18.0,-34.0,0.0,24.0
46.0,-34.0,0.0,211.0
48.0,-34.0,0.0,133.0
50.0,-34.0,0.0,133.0
52.0,-34.0,0.0,133.0
54.0,-34.0,0.0,133.0
56.0,-34.0,0.0,133.0
58.0,-34.0,0.0,133.0
60.0,-34.0,0.0,133.0
62.0,-34.0,0.0,184.0
64.0,-34.0,0.0,184.0
66.0,-34.0,0.0,184.0
68.0,-34.0,0.0,184.0
-70.0,-32.0,0.0,529.0
-68.0,-32.0,0.0,529.0
-66.0,-32.0,0.0,529.0
-64.0,-32.0,0.0,529.0
-62.0,-32.0,0.0,529.0
-60.0,-32.0,0.0,529.0
-58.0,-32.0,0.0,529.0
-56.0,-32.0,0.0,529.0
-54.0,-32.0,0.0,59.0
-52.0,-32.0,0.0,59.0
-50.0,-32.0,0.0,59.0
-48.0,-32.0,0.0,59.0
-46.0,-32.0,0.0,59.0
-44.0,-32.0,0.0,59.0
-20.0,-32.0,0.0,577.0
-18.0,-32.0,0.0,577.0
-16.0,-32.0,0.0,577.0
-14.0,-32.0,0.0,577.0
8.0,-32.0,0.0,24.0
10.0,-32.0,0.0,24.0
12.0,-32.0,0.0,24.0
14.0,-32.0,0.0,24.0
16.0,-32.0,0.0,24.0
18.0,-32.0,0.0,24.0
20.0,-32.0,0.0,24.0
48.0,-32.0,0.0,211.0
50.0,-32.0,0.0,133.0
52.0,-32.0,0.0,133.0
54.0,-32.0,0.0,133.0
56.0,-32.0,0.0,133.0
58.0,-32.0,0.0,133.0
60.0,-32.0,0.0,184.0
62.0,-32.0,0.0,184.0
64.0,-32.0,0.0,184.0
66.0,-32.0,0.0,184.0
68.0,-32.0,0.0,184.0
70.0,-32.0,0.0,184.0
-70.0,-30.0,0.0,529.0
-68.0,-30.0,0.0,529.0
-66.0,-30.0,0.0,529.0
-64.0,-30.0,0.0,529.0
-62.0,-30.0,0.0,529.0
-60.0,-30.0,0.0,529.0
-58.0,-30.0,0.0,529.0
-56.0,-30.0,0.0,529.0
-54.0,-30.0,0.0,59.0
-52.0,-30.0,0.0,59.0
-50.0,-30.0,0.0,59.0
-48.0,-30.0,0.0,59.0
-46.0,-30.0,0.0,153.0
-44.0,-30.0,0.0,153.0
-20.0,-30.0,0.0,577.0
-18.0,-30.0,0.0,577.0
-16.0,-30.0,0.0,577.0
-14.0,-30.0,0.0,577.0
-12.0,-30.0,0.0,577.0
-10.0,-30.0,0.0,577.0
6.0,-30.0,0.0,24.0
8.0,-30.0,0.0,24.0
10.0,-30.0,0.0,24.0
12.0,-30.0,0.0,24.0
14.0,-30.0,0.0,24.0
16.0,-30.0,0.0,24.0
18.0,-30.0,0.0,24.0
20.0,-30.0,0.0,24.0
22.0,-30.0,0.0,24.0
44.0,-30.0,0.0,211.0
46.0,-30.0,0.0,211.0
50.0,-30.0,0.0,133.0
52.0,-30.0,0.0,133.0
54.0,-30.0,0.0,133.0
56.0,-30.0,0.0,184.0
58.0,-30.0,0.0,184.0
60.0,-30.0,0.0,184.0
62.0,-30.0,0.0,184.0
64.0,-30.0,0.0,184.0
66.0,-30.0,0.0,184.0
68.0,-30.0,0.0,184.0
-70.0,-28.0,0.0,529.0
-68.0,-28.0,0.0,529.0
-66.0,-28.0,0.0,529.0
-64.0,-28.0,0.0,529.0
-62.0,-28.0,0.0,529.0
-60.0,-28.0,0.0,529.0
-58.0,-28.0,0.0,529.0
-56.0,-28.0,0.0,529.0
-54.0,-28.0,0.0,529.0
-52.0,-28.0,0.0,59.0
-50.0,-28.0,0.0,131.0
-48.0,-28.0,0.0,131.0
-46.0,-28.0,0.0,131.0
-44.0,-28.0,0.0,131.0
-20.0,-28.0,0.0,577.0
-18.0,-28.0,0.0,577.0
-16.0,-28.0,0.0,577.0
-14.0,-28.0,0.0,577.0
-12.0,-28.0,0.0,577.0
-10.0,-28.0,0.0,577.0
-8.0,-28.0,0.0,577.0
4.0,-28.0,0.0,24.0
6.0,-28.0,0.0,24.0
8.0,-28.0,0.0,24.0
10.0,-28.0,0.0,24.0
12.0,-28.0,0.0,24.0
14.0,-28.0,0.0,24.0
16.0,-28.0,0.0,24.0
18.0,-28.0,0.0,24.0
20.0,-28.0,0.0,24.0
44.0,-28.0,0.0,211.0
46.0,-28.0,0.0,211.0
48.0,-28.0,0.0,211.0
50.0,-28.0,0.0,211.0
52.0,-28.0,0.0,460.0
54.0,-28.0,0.0,460.0
56.0,-28.0,0.0,184.0
58.0,-28.0,0.0,184.0
60.0,-28.0,0.0,184.0
62.0,-28.0,0.0,184.0
64.0,-28.0,0.0,184.0
66.0,-28.0,0.0,184.0
68.0,-28.0,0.0,184.0
-70.0,-26.0,0.0,529.0
-68.0,-26.0,0.0,529.0
-66.0,-26.0,0.0,529.0
-64.0,-26.0,0.0,529.0
-62.0,-26.0,0.0,529.0
-60.0,-26.0,0.0,529.0
-58.0,-26.0,0.0,529.0
-56.0,-26.0,0.0,529.0
-54.0,-26.0,0.0,529.0
-52.0,-26.0,0.0,131.0
-50.0,-26.0,0.0,131.0
-48.0,-26.0,0.0,131.0
-46.0,-26.0,0.0,131.0
-44.0,-26.0,0.0,131.0
-20.0,-26.0,0.0,577.0
-18.0,-26.0,0.0,577.0
-16.0,-26.0,0.0,577.0
-14.0,-26.0,0.0,577.0
-12.0,-26.0,0.0,577.0
-10.0,-26.0,0.0,577.0
-8.0,-26.0,0.0,577.0
4.0,-26.0,0.0,189.0
6.0,-26.0,0.0,24.0
8.0,-26.0,0.0,24.0
10.0,-26.0,0.0,24.0
12.0,-26.0,0.0,24.0
14.0,-26.0,0.0,24.0
16.0,-26.0,0.0,24.0
18.0,-26.0,0.0,24.0
20.0,-26.0,0.0,24.0
42.0,-26.0,0.0,246.0
44.0,-26.0,0.0,28.0
46.0,-26.0,0.0,28.0
48.0,-26.0,0.0,28.0
50.0,-26.0,0.0,28.0
52.0,-26.0,0.0,460.0
54.0,-26.0,0.0,460.0
56.0,-26.0,0.0,460.0
58.0,-26.0,0.0,184.0
60.0,-26.0,0.0,184.0
62.0,-26.0,0.0,184.0
64.0,-26.0,0.0,184.0
66.0,-26.0,0.0,184.0
68.0,-26.0,0.0,184.0
-70.0,-24.0,0.0,529.0
-68.0,-24.0,0.0,529.0
-66.0,-24.0,0.0,529.0
-64.0,-24.0,0.0,529.0
-62.0,-24.0,0.0,529.0
-60.0,-24.0,0.0,529.0
-58.0,-24.0,0.0,529.0
-56.0,-24.0,0.0,529.0
-54.0,-24.0,0.0,529.0
-52.0,-24.0,0.0,131.0
-50.0,-24.0,0.0,131.0
-48.0,-24.0,0.0,131.0
-46.0,-24.0,0.0,131.0
-18.0,-24.0,0.0,577.0
-16.0,-24.0,0.0,577.0
-14.0,-24.0,0.0,577.0
-12.0,-24.0,0.0,577.0
-10.0,-24.0,0.0,577.0
-8.0,-24.0,0.0,443.0
-6.0,-24.0,0.0,104.0
2.0,-24.0,0.0,189.0
4.0,-24.0,0.0,189.0
6.0,-24.0,0.0,189.0
8.0,-24.0,0.0,189.0
10.0,-24.0,0.0,24.0
12.0,-24.0,0.0,24.0
14.0,-24.0,0.0,24.0
16.0,-24.0,0.0,24.0
18.0,-24.0,0.0,111.0
42.0,-24.0,0.0,28.0
44.0,-24.0,0.0,28.0
46.0,-24.0,0.0,28.0
48.0,-24.0,0.0,28.0
50.0,-24.0,0.0,28.0
52.0,-24.0,0.0,418.0
54.0,-24.0,0.0,460.0
56.0,-24.0,0.0,460.0
58.0,-24.0,0.0,460.0
60.0,-24.0,0.0,184.0
62.0,-24.0,0.0,184.0
64.0,-24.0,0.0,184.0
66.0,-24.0,0.0,184.0
68.0,-24.0,0.0,184.0
-70.0,-22.0,0.0,66.0
-68.0,-22.0,0.0,66.0
-66.0,-22.0,0.0,66.0
-64.0,-22.0,0.0,13.0
-62.0,-22.0,0.0,13.0
-60.0,-22.0,0.0,13.0
-58.0,-22.0,0.0,13.0
-56.0,-22.0,0.0,13.0
-54.0,-22.0,0.0,13.0
-52.0,-22.0,0.0,131.0
-50.0,-22.0,0.0,131.0
-48.0,-22.0,0.0,131.0
-18.0,-22.0,0.0,577.0
-16.0,-22.0,0.0,577.0
-14.0,-22.0,0.0,577.0
-12.0,-22.0,0.0,577.0
-10.0,-22.0,0.0,577.0
-8.0,-22.0,0.0,443.0
-6.0,-22.0,0.0,104.0
-4.0,-22.0,0.0,189.0
2.0,-22.0,0.0,189.0
4.0,-22.0,0.0,189.0
6.0,-22.0,0.0,189.0
8.0,-22.0,0.0,189.0
10.0,-22.0,0.0,189.0
12.0,-22.0,0.0,111.0
14.0,-22.0,0.0,111.0
16.0,-22.0,0.0,111.0
36.0,-22.0,0.0,246.0
40.0,-22.0,0.0,28.0
42.0,-22.0,0.0,28.0
44.0,-22.0,0.0,28.0
46.0,-22.0,0.0,28.0
48.0,-22.0,0.0,28.0
50.0,-22.0,0.0,418.0
52.0,-22.0,0.0,418.0
54.0,-22.0,0.0,418.0
56.0,-22.0,0.0,460.0
58.0,-22.0,0.0,460.0
60.0,-22.0,0.0,184.0
62.0,-22.0,0.0,184.0
64.0,-22.0,0.0,184.0
66.0,-22.0,0.0,184.0
68.0,-22.0,0.0,184.0
-70.0,-20.0,0.0,66.0
-68.0,-20.0,0.0,66.0
-66.0,-20.0,0.0,13.0
-64.0,-20.0,0.0,13.0
-62.0,-20.0,0.0,13.0
-60.0,-20.0,0.0,13.0
-58.0,-20.0,0.0,13.0
-56.0,-20.0,0.0,13.0
-54.0,-20.0,0.0,13.0
-52.0,-20.0,0.0,13.0
-50.0,-20.0,0.0,131.0
-44.0,-20.0,0.0,131.0
-42.0,-20.0,0.0,131.0
-18.0,-20.0,0.0,577.0
-16.0,-20.0,0.0,577.0
-14.0,-20.0,0.0,577.0
-12.0,-20.0,0.0,577.0
-10.0,-20.0,0.0,443.0
-8.0,-20.0,0.0,443.0
-6.0,-20.0,0.0,443.0
-4.0,-20.0,0.0,189.0
0.0,-20.0,0.0,189.0
2.0,-20.0,0.0,189.0
4.0,-20.0,0.0,189.0
6.0,-20.0,0.0,189.0
8.0,-20.0,0.0,189.0
10.0,-20.0,0.0,189.0
12.0,-20.0,0.0,111.0
14.0,-20.0,0.0,111.0
16.0,-20.0,0.0,111.0
36.0,-20.0,0.0,457.0
38.0,-20.0,0.0,28.0
40.0,-20.0,0.0,28.0
42.0,-20.0,0.0,28.0
44.0,-20.0,0.0,28.0
46.0,-20.0,0.0,28.0
48.0,-20.0,0.0,28.0
50.0,-20.0,0.0,418.0
52.0,-20.0,0.0,418.0
54.0,-20.0,0.0,418.0
56.0,-20.0,0.0,418.0
58.0,-20.0,0.0,460.0
60.0,-20.0,0.0,460.0
62.0,-20.0,0.0,184.0
64.0,-20.0,0.0,184.0
66.0,-20.0,0.0,184.0
68.0,-20.0,0.0,184.0
-70.0,-18.0,0.0,66.0
-68.0,-18.0,0.0,13.0
-66.0,-18.0,0.0,13.0
-64.0,-18.0,0.0,13.0
-62.0,-18.0,0.0,13.0
-60.0,-18.0,0.0,13.0
-58.0,-18.0,0.0,13.0
-56.0,-18.0,0.0,13.0
-54.0,-18.0,0.0,13.0
-52.0,-18.0,0.0,13.0
-46.0,-18.0,0.0,131.0
-44.0,-18.0,0.0,131.0
-42.0,-18.0,0.0,131.0
-38.0,-18.0,0.0,198.0
-18.0,-18.0,0.0,577.0
-16.0,-18.0,0.0,577.0
-14.0,-18.0,0.0,577.0
-12.0,-18.0,0.0,443.0
-10.0,-18.0,0.0,443.0
-8.0,-18.0,0.0,443.0
-6.0,-18.0,0.0,443.0
-4.0,-18.0,0.0,189.0
-2.0,-18.0,0.0,189.0
0.0,-18.0,0.0,189.0
2.0,-18.0,0.0,189.0
4.0,-18.0,0.0,189.0
6.0,-18.0,0.0,189.0
8.0,-18.0,0.0,189.0
10.0,-18.0,0.0,189.0
12.0,-18.0,0.0,111.0
14.0,-18.0,0.0,111.0
16.0,-18.0,0.0,111.0
28.0,-18.0,0.0,111.0
30.0,-18.0,0.0,457.0
36.0,-18.0,0.0,457.0
38.0,-18.0,0.0,457.0
40.0,-18.0,0.0,28.0
42.0,-18.0,0.0,28.0
44.0,-18.0,0.0,28.0
46.0,-18.0,0.0,28.0
48.0,-18.0,0.0,28.0
50.0,-18.0,0.0,418.0
52.0,-18.0,0.0,418.0
54.0,-18.0,0.0,418.0
56.0,-18.0,0.0,418.0
58.0,-18.0,0.0,418.0
60.0,-18.0,0.0,70.0
62.0,-18.0,0.0,70.0
64.0,-18.0,0.0,70.0
66.0,-18.0,0.0,70.0
68.0,-18.0,0.0,70.0
-70.0,-16.0,0.0,13.0
-68.0,-16.0,0.0,13.0
-66.0,-16.0,0.0,13.0
-64.0,-16.0,0.0,13.0
-62.0,-16.0,0.0,13.0
-60.0,-16.0,0.0,13.0
-58.0,-16.0,0.0,13.0
-56.0,-16.0,0.0,13.0
-54.0,-16.0,0.0,13.0
-46.0,-16.0,0.0,94.0
-44.0,-16.0,0.0,94.0
-42.0,-16.0,0.0,179.0
-40.0,-16.0,0.0,179.0
-38.0,-16.0,0.0,179.0
-32.0,-16.0,0.0,198.0
-30.0,-16.0,0.0,198.0
-20.0,-16.0,0.0,577.0
-18.0,-16.0,0.0,577.0
-16.0,-16.0,0.0,577.0
-14.0,-16.0,0.0,443.0
-12.0,-16.0,0.0,443.0
-10.0,-16.0,0.0,443.0
-8.0,-16.0,0.0,443.0
-6.0,-16.0,0.0,443.0
-4.0,-16.0,0.0,189.0
-2.0,-16.0,0.0,189.0
0.0,-16.0,0.0,189.0
2.0,-16.0,0.0,189.0
4.0,-16.0,0.0,189.0
6.0,-16.0,0.0,189.0
8.0,-16.0,0.0,189.0
10.0,-16.0,0.0,189.0
12.0,-16.0,0.0,111.0
14.0,-16.0,0.0,111.0
16.0,-16.0,0.0,111.0
28.0,-16.0,0.0,111.0
30.0,-16.0,0.0,457.0
32.0,-16.0,0.0,457.0
36.0,-16.0,0.0,457.0
38.0,-16.0,0.0,457.0
40.0,-16.0,0.0,28.0
42.0,-16.0,0.0,28.0
44.0,-16.0,0.0,28.0
46.0,-16.0,0.0,28.0
48.0,-16.0,0.0,28.0
50.0,-16.0,0.0,418.0
52.0,-16.0,0.0,418.0
54.0,-16.0,0.0,418.0
56.0,-16.0,0.0,418.0
58.0,-16.0,0.0,418.0
60.0,-16.0,0.0,70.0
62.0,-16.0,0.0,70.0
64.0,-16.0,0.0,70.0
66.0,-16.0,0.0,70.0
68.0,-16.0,0.0,70.0
-70.0,-14.0,0.0,13.0
-68.0,-14.0,0.0,13.0
-66.0,-14.0,0.0,13.0
-64.0,-14.0,0.0,13.0
-62.0,-14.0,0.0,13.0
-60.0,-14.0,0.0,13.0
-58.0,-14.0,0.0,13.0
-56.0,-14.0,0.0,13.0
-54.0,-14.0,0.0,13.0
-48.0,-14.0,0.0,94.0
-46.0,-14.0,0.0,94.0
-44.0,-14.0,0.0,94.0
-42.0,-14.0,0.0,179.0
-40.0,-14.0,0.0,179.0
-38.0,-14.0,0.0,179.0
-32.0,-14.0,0.0,198.0
-30.0,-14.0,0.0,198.0
-22.0,-14.0,0.0,577.0
-20.0,-14.0,0.0,577.0
-18.0,-14.0,0.0,577.0
-16.0,-14.0,0.0,443.0
-14.0,-14.0,0.0,443.0
-12.0,-14.0,0.0,443.0
-10.0,-14.0,0.0,443.0
-8.0,-14.0,0.0,443.0
-6.0,-14.0,0.0,443.0
-4.0,-14.0,0.0,189.0
-2.0,-14.0,0.0,189.0
0.0,-14.0,0.0,189.0
2.0,-14.0,0.0,189.0
4.0,-14.0,0.0,189.0
6.0,-14.0,0.0,189.0
8.0,-14.0,0.0,189.0
10.0,-14.0,0.0,189.0
12.0,-14.0,0.0,111.0
14.0,-14.0,0.0,111.0
16.0,-14.0,0.0,111.0
28.0,-14.0,0.0,111.0
30.0,-14.0,0.0,457.0
32.0,-14.0,0.0,457.0
36.0,-14.0,0.0,457.0
38.0,-14.0,0.0,457.0
40.0,-14.0,0.0,457.0
42.0,-14.0,0.0,28.0
44.0,-14.0,0.0,28.0
46.0,-14.0,0.0,28.0
48.0,-14.0,0.0,418.0
50.0,-14.0,0.0,418.0
52.0,-14.0,0.0,418.0
54.0,-14.0,0.0,418.0
56.0,-14.0,0.0,418.0
58.0,-14.0,0.0,70.0
60.0,-14.0,0.0,70.0
62.0,-14.0,0.0,70.0
64.0,-14.0,0.0,70.0
66.0,-14.0,0.0,70.0
68.0,-14.0,0.0,70.0
-68.0,-12.0,0.0,13.0
-66.0,-12.0,0.0,13.0
-64.0,-12.0,0.0,13.0
-62.0,-12.0,0.0,13.0
-60.0,-12.0,0.0,13.0
-58.0,-12.0,0.0,13.0
-56.0,-12.0,0.0,13.0
-54.0,-12.0,0.0,564.0
-52.0,-12.0,0.0,94.0
-50.0,-12.0,0.0,94.0
-48.0,-12.0,0.0,94.0
-46.0,-12.0,0.0,94.0
-44.0,-12.0,0.0,94.0
-42.0,-12.0,0.0,179.0
-40.0,-12.0,0.0,179.0
-38.0,-12.0,0.0,179.0
-32.0,-12.0,0.0,198.0
-30.0,-12.0,0.0,198.0
-28.0,-12.0,0.0,198.0
-20.0,-12.0,0.0,577.0
-18.0,-12.0,0.0,443.0
-16.0,-12.0,0.0,443.0
-14.0,-12.0,0.0,443.0
-12.0,-12.0,0.0,443.0
-10.0,-12.0,0.0,443.0
-8.0,-12.0,0.0,443.0
-6.0,-12.0,0.0,443.0
-4.0,-12.0,0.0,189.0
-2.0,-12.0,0.0,189.0
0.0,-12.0,0.0,189.0
2.0,-12.0,0.0,189.0
4.0,-12.0,0.0,189.0
6.0,-12.0,0.0,189.0
8.0,-12.0,0.0,189.0
10.0,-12.0,0.0,189.0
12.0,-12.0,0.0,111.0
14.0,-12.0,0.0,111.0
16.0,-12.0,0.0,111.0
26.0,-12.0,0.0,111.0
28.0,-12.0,0.0,124.0
30.0,-12.0,0.0,124.0
32.0,-12.0,0.0,457.0
36.0,-12.0,0.0,457.0
38.0,-12.0,0.0,457.0
40.0,-12.0,0.0,457.0
42.0,-12.0,0.0,28.0
46.0,-12.0,0.0,28.0
48.0,-12.0,0.0,418.0
50.0,-12.0,0.0,418.0
52.0,-12.0,0.0,418.0
54.0,-12.0,0.0,418.0
56.0,-12.0,0.0,418.0
58.0,-12.0,0.0,70.0
60.0,-12.0,0.0,70.0
62.0,-12.0,0.0,70.0
64.0,-12.0,0.0,70.0
66.0,-12.0,0.0,70.0
-68.0,-10.0,0.0,13.0
-66.0,-10.0,0.0,13.0
-64.0,-10.0,0.0,13.0
-62.0,-10.0,0.0,13.0
-60.0,-10.0,0.0,13.0
-58.0,-10.0,0.0,564.0
-56.0,-10.0,0.0,564.0
-54.0,-10.0,0.0,564.0
-52.0,-10.0,0.0,94.0
-50.0,-10.0,0.0,94.0
-48.0,-10.0,0.0,94.0
-46.0,-10.0,0.0,94.0
-42.0,-10.0,0.0,179.0
-40.0,-10.0,0.0,179.0
-38.0,-10.0,0.0,179.0
-32.0,-10.0,0.0,198.0
-30.0,-10.0,0.0,198.0
-28.0,-10.0,0.0,198.0
-20.0,-10.0,0.0,577.0
-18.0,-10.0,0.0,443.0
-16.0,-10.0,0.0,443.0
-14.0,-10.0,0.0,443.0
-12.0,-10.0,0.0,443.0
-10.0,-10.0,0.0,443.0
-8.0,-10.0,0.0,443.0
-6.0,-10.0,0.0,443.0
-4.0,-10.0,0.0,189.0
-2.0,-10.0,0.0,189.0
0.0,-10.0,0.0,189.0
2.0,-10.0,0.0,189.0
4.0,-10.0,0.0,189.0
6.0,-10.0,0.0,189.0
8.0,-10.0,0.0,189.0
10.0,-10.0,0.0,189.0
12.0,-10.0,0.0,111.0
14.0,-10.0,0.0,111.0
26.0,-10.0,0.0,124.0
28.0,-10.0,0.0,124.0
30.0,-10.0,0.0,124.0
32.0,-10.0,0.0,124.0
36.0,-10.0,0.0,457.0
38.0,-10.0,0.0,457.0
40.0,-10.0,0.0,457.0
42.0,-10.0,0.0,457.0
44.0,-10.0,0.0,28.0
48.0,-10.0,0.0,418.0
50.0,-10.0,0.0,418.0
52.0,-10.0,0.0,418.0
54.0,-10.0,0.0,418.0
56.0,-10.0,0.0,418.0
58.0,-10.0,0.0,70.0
60.0,-10.0,0.0,70.0
62.0,-10.0,0.0,70.0
64.0,-10.0,0.0,70.0
66.0,-10.0,0.0,70.0
-68.0,-8.0,0.0,13.0
-66.0,-8.0,0.0,13.0
-64.0,-8.0,0.0,13.0
-62.0,-8.0,0.0,13.0
-60.0,-8.0,0.0,564.0
-58.0,-8.0,0.0,564.0
-56.0,-8.0,0.0,564.0
-54.0,-8.0,0.0,564.0
-52.0,-8.0,0.0,94.0
-50.0,-8.0,0.0,94.0
-48.0,-8.0,0.0,94.0
-46.0,-8.0,0.0,94.0
-44.0,-8.0,0.0,179.0
-42.0,-8.0,0.0,179.0
-40.0,-8.0,0.0,179.0
-38.0,-8.0,0.0,179.0
-32.0,-8.0,0.0,591.0
-30.0,-8.0,0.0,591.0
-28.0,-8.0,0.0,198.0
-18.0,-8.0,0.0,443.0
-16.0,-8.0,0.0,443.0
-14.0,-8.0,0.0,443.0
-12.0,-8.0,0.0,443.0
-10.0,-8.0,0.0,443.0
-8.0,-8.0,0.0,443.0
-6.0,-8.0,0.0,443.0
-4.0,-8.0,0.0,189.0
-2.0,-8.0,0.0,189.0
0.0,-8.0,0.0,189.0
2.0,-8.0,0.0,189.0
4.0,-8.0,0.0,189.0
6.0,-8.0,0.0,189.0
8.0,-8.0,0.0,189.0
10.0,-8.0,0.0,189.0
12.0,-8.0,0.0,111.0
14.0,-8.0,0.0,111.0
26.0,-8.0,0.0,124.0
28.0,-8.0,0.0,124.0
30.0,-8.0,0.0,124.0
32.0,-8.0,0.0,124.0
36.0,-8.0,0.0,355.0
38.0,-8.0,0.0,355.0
40.0,-8.0,0.0,355.0
42.0,-8.0,0.0,355.0
44.0,-8.0,0.0,355.0
48.0,-8.0,0.0,329.0
50.0,-8.0,0.0,329.0
52.0,-8.0,0.0,329.0
54.0,-8.0,0.0,329.0
56.0,-8.0,0.0,329.0
58.0,-8.0,0.0,70.0
60.0,-8.0,0.0,70.0
62.0,-8.0,0.0,70.0
64.0,-8.0,0.0,70.0
66.0,-8.0,0.0,70.0
-68.0,-6.0,0.0,13.0
-66.0,-6.0,0.0,13.0
-64.0,-6.0,0.0,13.0
-62.0,-6.0,0.0,564.0
-60.0,-6.0,0.0,564.0
-58.0,-6.0,0.0,564.0
-56.0,-6.0,0.0,564.0
-54.0,-6.0,0.0,564.0
-52.0,-6.0,0.0,94.0
-50.0,-6.0,0.0,94.0
-48.0,-6.0,0.0,94.0
-44.0,-6.0,0.0,179.0
-42.0,-6.0,0.0,179.0
-40.0,-6.0,0.0,179.0
-38.0,-6.0,0.0,179.0
-32.0,-6.0,0.0,591.0
-30.0,-6.0,0.0,591.0
-28.0,-6.0,0.0,591.0
-16.0,-6.0,0.0,443.0
-14.0,-6.0,0.0,443.0
-12.0,-6.0,0.0,443.0
-10.0,-6.0,0.0,443.0
-8.0,-6.0,0.0,443.0
-6.0,-6.0,0.0,443.0
-4.0,-6.0,0.0,443.0
-2.0,-6.0,0.0,189.0
0.0,-6.0,0.0,189.0
2.0,-6.0,0.0,189.0
4.0,-6.0,0.0,189.0
6.0,-6.0,0.0,189.0
8.0,-6.0,0.0,189.0
10.0,-6.0,0.0,189.0
12.0,-6.0,0.0,111.0
26.0,-6.0,0.0,124.0
28.0,-6.0,0.0,124.0
30.0,-6.0,0.0,124.0
32.0,-6.0,0.0,124.0
36.0,-6.0,0.0,355.0
38.0,-6.0,0.0,355.0
40.0,-6.0,0.0,355.0
42.0,-6.0,0.0,355.0
44.0,-6.0,0.0,355.0
48.0,-6.0,0.0,355.0
50.0,-6.0,0.0,329.0
52.0,-6.0,0.0,329.0
54.0,-6.0,0.0,329.0
56.0,-6.0,0.0,329.0
58.0,-6.0,0.0,70.0
60.0,-6.0,0.0,70.0
62.0,-6.0,0.0,70.0
64.0,-6.0,0.0,70.0
-66.0,-4.0,0.0,564.0
-64.0,-4.0,0.0,564.0
-62.0,-4.0,0.0,564.0
-60.0,-4.0,0.0,564.0
-58.0,-4.0,0.0,564.0
-56.0,-4.0,0.0,564.0
-54.0,-4.0,0.0,564.0
-52.0,-4.0,0.0,94.0
-50.0,-4.0,0.0,94.0
-48.0,-4.0,0.0,347.0
-46.0,-4.0,0.0,347.0
-44.0,-4.0,0.0,179.0
-42.0,-4.0,0.0,179.0
-40.0,-4.0,0.0,179.0
-38.0,-4.0,0.0,179.0
-34.0,-4.0,0.0,591.0
-32.0,-4.0,0.0,591.0
-30.0,-4.0,0.0,591.0
-28.0,-4.0,0.0,591.0
-12.0,-4.0,0.0,443.0
-10.0,-4.0,0.0,443.0
-8.0,-4.0,0.0,443.0
-6.0,-4.0,0.0,443.0
-4.0,-4.0,0.0,443.0
-2.0,-4.0,0.0,189.0
0.0,-4.0,0.0,189.0
2.0,-4.0,0.0,189.0
4.0,-4.0,0.0,189.0
6.0,-4.0,0.0,189.0
8.0,-4.0,0.0,189.0
10.0,-4.0,0.0,189.0
12.0,-4.0,0.0,111.0
24.0,-4.0,0.0,124.0
26.0,-4.0,0.0,124.0
28.0,-4.0,0.0,124.0
30.0,-4.0,0.0,124.0
32.0,-4.0,0.0,37.0
36.0,-4.0,0.0,355.0
38.0,-4.0,0.0,355.0
40.0,-4.0,0.0,355.0
42.0,-4.0,0.0,355.0
44.0,-4.0,0.0,355.0
48.0,-4.0,0.0,355.0
50.0,-4.0,0.0,241.0
52.0,-4.0,0.0,241.0
54.0,-4.0,0.0,241.0
56.0,-4.0,0.0,241.0
58.0,-4.0,0.0,70.0
60.0,-4.0,0.0,70.0
62.0,-4.0,0.0,70.0
64.0,-4.0,0.0,70.0
-66.0,-2.0,0.0,564.0
-64.0,-2.0,0.0,564.0
-62.0,-2.0,0.0,564.0
-60.0,-2.0,0.0,564.0
-58.0,-2.0,0.0,564.0
-56.0,-2.0,0.0,564.0
-54.0,-2.0,0.0,347.0
-52.0,-2.0,0.0,347.0
-50.0,-2.0,0.0,347.0
-46.0,-2.0,0.0,347.0
-44.0,-2.0,0.0,347.0
-42.0,-2.0,0.0,179.0
-40.0,-2.0,0.0,179.0
-38.0,-2.0,0.0,179.0
-34.0,-2.0,0.0,591.0
-32.0,-2.0,0.0,591.0
-30.0,-2.0,0.0,591.0
-28.0,-2.0,0.0,591.0
-26.0,-2.0,0.0,434.0
-10.0,-2.0,0.0,443.0
-8.0,-2.0,0.0,443.0
-6.0,-2.0,0.0,443.0
-4.0,-2.0,0.0,443.0
-2.0,-2.0,0.0,189.0
2.0,-2.0,0.0,189.0
4.0,-2.0,0.0,189.0
6.0,-2.0,0.0,189.0
8.0,-2.0,0.0,189.0
10.0,-2.0,0.0,189.0
24.0,-2.0,0.0,124.0
26.0,-2.0,0.0,124.0
28.0,-2.0,0.0,37.0
30.0,-2.0,0.0,37.0
32.0,-2.0,0.0,37.0
38.0,-2.0,0.0,328.0
40.0,-2.0,0.0,355.0
42.0,-2.0,0.0,355.0
44.0,-2.0,0.0,355.0
46.0,-2.0,0.0,355.0
48.0,-2.0,0.0,355.0
50.0,-2.0,0.0,241.0
52.0,-2.0,0.0,241.0
54.0,-2.0,0.0,241.0
56.0,-2.0,0.0,241.0
58.0,-2.0,0.0,241.0
60.0,-2.0,0.0,241.0
62.0,-2.0,0.0,70.0
64.0,-2.0,0.0,70.0
-66.0,-0.0,0.0,544.0
-64.0,-0.0,0.0,544.0
-62.0,-0.0,0.0,544.0
-60.0,-0.0,0.0,544.0
-58.0,-0.0,0.0,544.0
-56.0,-0.0,0.0,544.0
-54.0,-0.0,0.0,347.0
-52.0,-0.0,0.0,347.0
-50.0,-0.0,0.0,347.0
-48.0,-0.0,0.0,347.0
-44.0,-0.0,0.0,347.0
-42.0,-0.0,0.0,179.0
-40.0,-0.0,0.0,179.0
-38.0,-0.0,0.0,274.0
-34.0,-0.0,0.0,274.0
-32.0,-0.0,0.0,591.0
-30.0,-0.0,0.0,591.0
-28.0,-0.0,0.0,434.0
-26.0,-0.0,0.0,434.0
-8.0,-0.0,0.0,443.0
-6.0,-0.0,0.0,443.0
-4.0,-0.0,0.0,443.0
6.0,-0.0,0.0,238.0
24.0,-0.0,0.0,37.0
26.0,-0.0,0.0,37.0
28.0,-0.0,0.0,37.0
30.0,-0.0,0.0,37.0
32.0,-0.0,0.0,37.0
38.0,-0.0,0.0,328.0
40.0,-0.0,0.0,328.0
42.0,-0.0,0.0,328.0
44.0,-0.0,0.0,328.0
46.0,-0.0,0.0,355.0
50.0,-0.0,0.0,241.0
52.0,-0.0,0.0,241.0
54.0,-0.0,0.0,241.0
56.0,-0.0,0.0,241.0
58.0,-0.0,0.0,241.0
60.0,-0.0,0.0,241.0
62.0,-0.0,0.0,241.0
-64.0,2.0,0.0,544.0
-62.0,2.0,0.0,544.0
-60.0,2.0,0.0,544.0
-58.0,2.0,0.0,544.0
-56.0,2.0,0.0,544.0
-54.0,2.0,0.0,347.0
-52.0,2.0,0.0,347.0
-50.0,2.0,0.0,347.0
-48.0,2.0,0.0,347.0
-44.0,2.0,0.0,347.0
-42.0,2.0,0.0,274.0
-40.0,2.0,0.0,274.0
-38.0,2.0,0.0,274.0
-34.0,2.0,0.0,274.0
-32.0,2.0,0.0,274.0
-30.0,2.0,0.0,401.0
-28.0,2.0,0.0,434.0
-26.0,2.0,0.0,434.0
-24.0,2.0,0.0,434.0
22.0,2.0,0.0,37.0
24.0,2.0,0.0,37.0
26.0,2.0,0.0,37.0
28.0,2.0,0.0,37.0
30.0,2.0,0.0,37.0
32.0,2.0,0.0,37.0
38.0,2.0,0.0,328.0
40.0,2.0,0.0,328.0
42.0,2.0,0.0,328.0
44.0,2.0,0.0,328.0
48.0,2.0,0.0,241.0
50.0,2.0,0.0,241.0
52.0,2.0,0.0,241.0
54.0,2.0,0.0,241.0
56.0,2.0,0.0,241.0
58.0,2.0,0.0,241.0
60.0,2.0,0.0,241.0
62.0,2.0,0.0,241.0
-64.0,4.0,0.0,544.0
-62.0,4.0,0.0,544.0
-60.0,4.0,0.0,544.0
-58.0,4.0,0.0,544.0
-56.0,4.0,0.0,544.0
-54.0,4.0,0.0,544.0
-52.0,4.0,0.0,347.0
-50.0,4.0,0.0,347.0
-48.0,4.0,0.0,347.0
-44.0,4.0,0.0,347.0
-42.0,4.0,0.0,274.0
-40.0,4.0,0.0,274.0
-38.0,4.0,0.0,274.0
-34.0,4.0,0.0,274.0
-32.0,4.0,0.0,401.0
-30.0,4.0,0.0,401.0
-28.0,4.0,0.0,401.0
-26.0,4.0,0.0,434.0
-24.0,4.0,0.0,434.0
20.0,4.0,0.0,264.0
22.0,4.0,0.0,37.0
24.0,4.0,0.0,37.0
26.0,4.0,0.0,37.0
28.0,4.0,0.0,37.0
30.0,4.0,0.0,37.0
32.0,4.0,0.0,37.0
38.0,4.0,0.0,328.0
40.0,4.0,0.0,328.0
42.0,4.0,0.0,328.0
44.0,4.0,0.0,328.0
46.0,4.0,0.0,241.0
48.0,4.0,0.0,241.0
50.0,4.0,0.0,241.0
52.0,4.0,0.0,241.0
54.0,4.0,0.0,241.0
56.0,4.0,0.0,241.0
58.0,4.0,0.0,241.0
60.0,4.0,0.0,241.0
62.0,4.0,0.0,241.0
-62.0,6.0,0.0,544.0
-60.0,6.0,0.0,544.0
-58.0,6.0,0.0,544.0
-56.0,6.0,0.0,544.0
-54.0,6.0,0.0,544.0
-52.0,6.0,0.0,34.0
-50.0,6.0,0.0,34.0
-48.0,6.0,0.0,34.0
-44.0,6.0,0.0,278.0
-42.0,6.0,0.0,278.0
-40.0,6.0,0.0,278.0
-38.0,6.0,0.0,278.0
-34.0,6.0,0.0,401.0
-32.0,6.0,0.0,401.0
-30.0,6.0,0.0,401.0
-28.0,6.0,0.0,401.0
-26.0,6.0,0.0,401.0
-24.0,6.0,0.0,434.0
-22.0,6.0,0.0,434.0
20.0,6.0,0.0,264.0
22.0,6.0,0.0,165.0
24.0,6.0,0.0,37.0
26.0,6.0,0.0,37.0
28.0,6.0,0.0,37.0
30.0,6.0,0.0,37.0
32.0,6.0,0.0,37.0
36.0,6.0,0.0,37.0
38.0,6.0,0.0,328.0
40.0,6.0,0.0,328.0
42.0,6.0,0.0,328.0
44.0,6.0,0.0,328.0
46.0,6.0,0.0,427.0
48.0,6.0,0.0,241.0
50.0,6.0,0.0,241.0
52.0,6.0,0.0,241.0
54.0,6.0,0.0,241.0
56.0,6.0,0.0,241.0
58.0,6.0,0.0,241.0
60.0,6.0,0.0,241.0
-62.0,8.0,0.0,359.0
-60.0,8.0,0.0,359.0
-58.0,8.0,0.0,359.0
-56.0,8.0,0.0,34.0
-54.0,8.0,0.0,34.0
-52.0,8.0,0.0,34.0
-50.0,8.0,0.0,34.0
-48.0,8.0,0.0,34.0
-46.0,8.0,0.0,34.0
-44.0,8.0,0.0,34.0
-42.0,8.0,0.0,278.0
-40.0,8.0,0.0,278.0
-38.0,8.0,0.0,278.0
-34.0,8.0,0.0,401.0
-32.0,8.0,0.0,401.0
-30.0,8.0,0.0,401.0
-28.0,8.0,0.0,401.0
-26.0,8.0,0.0,401.0
-24.0,8.0,0.0,448.0
-22.0,8.0,0.0,448.0
-20.0,8.0,0.0,448.0
8.0,8.0,0.0,264.0
18.0,8.0,0.0,264.0
20.0,8.0,0.0,264.0
22.0,8.0,0.0,165.0
24.0,8.0,0.0,165.0
26.0,8.0,0.0,37.0
28.0,8.0,0.0,37.0
30.0,8.0,0.0,37.0
36.0,8.0,0.0,37.0
38.0,8.0,0.0,328.0
40.0,8.0,0.0,328.0
42.0,8.0,0.0,328.0
44.0,8.0,0.0,427.0
46.0,8.0,0.0,427.0
48.0,8.0,0.0,427.0
50.0,8.0,0.0,241.0
52.0,8.0,0.0,241.0
54.0,8.0,0.0,241.0
56.0,8.0,0.0,241.0
58.0,8.0,0.0,241.0
60.0,8.0,0.0,241.0
-60.0,10.0,0.0,359.0
-58.0,10.0,0.0,359.0
-56.0,10.0,0.0,359.0
-54.0,10.0,0.0,34.0
-52.0,10.0,0.0,34.0
-50.0,10.0,0.0,34.0
-48.0,10.0,0.0,34.0
-46.0,10.0,0.0,34.0
-44.0,10.0,0.0,34.0
-42.0,10.0,0.0,34.0
-40.0,10.0,0.0,278.0
-38.0,10.0,0.0,278.0
-36.0,10.0,0.0,278.0
-32.0,10.0,0.0,401.0
-30.0,10.0,0.0,401.0
-28.0,10.0,0.0,448.0
-26.0,10.0,0.0,448.0
-24.0,10.0,0.0,448.0
-22.0,10.0,0.0,448.0
-20.0,10.0,0.0,448.0
-18.0,10.0,0.0,448.0
-10.0,10.0,0.0,589.0
-8.0,10.0,0.0,589.0
-6.0,10.0,0.0,589.0
6.0,10.0,0.0,264.0
8.0,10.0,0.0,264.0
10.0,10.0,0.0,264.0
18.0,10.0,0.0,264.0
20.0,10.0,0.0,264.0
22.0,10.0,0.0,165.0
24.0,10.0,0.0,165.0
26.0,10.0,0.0,165.0
28.0,10.0,0.0,165.0
30.0,10.0,0.0,37.0
36.0,10.0,0.0,37.0
38.0,10.0,0.0,328.0
40.0,10.0,0.0,328.0
42.0,10.0,0.0,427.0
44.0,10.0,0.0,427.0
46.0,10.0,0.0,427.0
48.0,10.0,0.0,427.0
50.0,10.0,0.0,427.0
52.0,10.0,0.0,427.0
54.0,10.0,0.0,241.0
56.0,10.0,0.0,241.0
58.0,10.0,0.0,241.0
-60.0,12.0,0.0,359.0
-58.0,12.0,0.0,359.0
-56.0,12.0,0.0,359.0
-54.0,12.0,0.0,34.0
-52.0,12.0,0.0,34.0
-50.0,12.0,0.0,34.0
-48.0,12.0,0.0,34.0
-46.0,12.0,0.0,34.0
-42.0,12.0,0.0,34.0
-40.0,12.0,0.0,34.0
-38.0,12.0,0.0,51.0
-36.0,12.0,0.0,468.0
-32.0,12.0,0.0,401.0
-30.0,12.0,0.0,448.0
-28.0,12.0,0.0,448.0
-26.0,12.0,0.0,448.0
-24.0,12.0,0.0,448.0
-22.0,12.0,0.0,448.0
-20.0,12.0,0.0,448.0
-18.0,12.0,0.0,448.0
-12.0,12.0,0.0,589.0
-10.0,12.0,0.0,589.0
-8.0,12.0,0.0,589.0
-6.0,12.0,0.0,589.0
4.0,12.0,0.0,264.0
6.0,12.0,0.0,264.0
8.0,12.0,0.0,264.0
10.0,12.0,0.0,264.0
12.0,12.0,0.0,264.0
16.0,12.0,0.0,264.0
18.0,12.0,0.0,264.0
20.0,12.0,0.0,264.0
22.0,12.0,0.0,165.0
24.0,12.0,0.0,165.0
26.0,12.0,0.0,165.0
28.0,12.0,0.0,165.0
30.0,12.0,0.0,165.0
34.0,12.0,0.0,37.0
36.0,12.0,0.0,37.0
38.0,12.0,0.0,540.0
40.0,12.0,0.0,540.0
42.0,12.0,0.0,427.0
44.0,12.0,0.0,427.0
46.0,12.0,0.0,427.0
48.0,12.0,0.0,427.0
50.0,12.0,0.0,427.0
52.0,12.0,0.0,427.0
54.0,12.0,0.0,427.0
56.0,12.0,0.0,241.0
58.0,12.0,0.0,241.0
-60.0,14.0,0.0,359.0
-58.0,14.0,0.0,359.0
-56.0,14.0,0.0,359.0
-54.0,14.0,0.0,34.0
-52.0,14.0,0.0,34.0
-50.0,14.0,0.0,34.0
-48.0,14.0,0.0,34.0
-46.0,14.0,0.0,34.0
-44.0,14.0,0.0,34.0
-42.0,14.0,0.0,34.0
-40.0,14.0,0.0,51.0
-38.0,14.0,0.0,51.0
-36.0,14.0,0.0,51.0
-34.0,14.0,0.0,468.0
-32.0,14.0,0.0,448.0
-30.0,14.0,0.0,448.0
-28.0,14.0,0.0,448.0
-26.0,14.0,0.0,448.0
-24.0,14.0,0.0,448.0
-22.0,14.0,0.0,448.0
-20.0,14.0,0.0,448.0
-18.0,14.0,0.0,448.0
-14.0,14.0,0.0,582.0
-12.0,14.0,0.0,582.0
-10.0,14.0,0.0,589.0
-8.0,14.0,0.0,589.0
-6.0,14.0,0.0,589.0
4.0,14.0,0.0,264.0
6.0,14.0,0.0,264.0
8.0,14.0,0.0,264.0
10.0,14.0,0.0,264.0
12.0,14.0,0.0,264.0
14.0,14.0,0.0,264.0
18.0,14.0,0.0,264.0
20.0,14.0,0.0,264.0
22.0,14.0,0.0,536.0
24.0,14.0,0.0,165.0
26.0,14.0,0.0,165.0
28.0,14.0,0.0,165.0
34.0,14.0,0.0,307.0
36.0,14.0,0.0,307.0
38.0,14.0,0.0,540.0
40.0,14.0,0.0,540.0
42.0,14.0,0.0,540.0
44.0,14.0,0.0,540.0
46.0,14.0,0.0,427.0
48.0,14.0,0.0,427.0
50.0,14.0,0.0,427.0
52.0,14.0,0.0,427.0
54.0,14.0,0.0,427.0
56.0,14.0,0.0,427.0
-58.0,16.0,0.0,151.0
-56.0,16.0,0.0,151.0
-54.0,16.0,0.0,151.0
-52.0,16.0,0.0,34.0
-50.0,16.0,0.0,34.0
-48.0,16.0,0.0,34.0
-46.0,16.0,0.0,34.0
-44.0,16.0,0.0,51.0
-42.0,16.0,0.0,51.0
-40.0,16.0,0.0,51.0
-38.0,16.0,0.0,51.0
-36.0,16.0,0.0,51.0
-34.0,16.0,0.0,51.0
-30.0,16.0,0.0,448.0
-28.0,16.0,0.0,448.0
-26.0,16.0,0.0,448.0
-24.0,16.0,0.0,448.0
-22.0,16.0,0.0,448.0
-20.0,16.0,0.0,448.0
-18.0,16.0,0.0,448.0
-16.0,16.0,0.0,582.0
-14.0,16.0,0.0,582.0
-12.0,16.0,0.0,582.0
-10.0,16.0,0.0,582.0
-8.0,16.0,0.0,589.0
-6.0,16.0,0.0,589.0
-4.0,16.0,0.0,589.0
4.0,16.0,0.0,264.0
6.0,16.0,0.0,264.0
8.0,16.0,0.0,264.0
10.0,16.0,0.0,264.0
12.0,16.0,0.0,264.0
14.0,16.0,0.0,264.0
18.0,16.0,0.0,264.0
20.0,16.0,0.0,264.0
22.0,16.0,0.0,536.0
24.0,16.0,0.0,536.0
26.0,16.0,0.0,165.0
28.0,16.0,0.0,307.0
32.0,16.0,0.0,307.0
34.0,16.0,0.0,307.0
36.0,16.0,0.0,307.0
38.0,16.0,0.0,540.0
40.0,16.0,0.0,540.0
42.0,16.0,0.0,540.0
44.0,16.0,0.0,540.0
46.0,16.0,0.0,540.0
48.0,16.0,0.0,427.0
50.0,16.0,0.0,427.0
52.0,16.0,0.0,427.0
54.0,16.0,0.0,427.0
56.0,16.0,0.0,427.0
-58.0,18.0,0.0,151.0
-56.0,18.0,0.0,151.0
-54.0,18.0,0.0,151.0
-52.0,18.0,0.0,151.0
-50.0,18.0,0.0,34.0
-48.0,18.0,0.0,34.0
-46.0,18.0,0.0,51.0
-44.0,18.0,0.0,51.0
-42.0,18.0,0.0,51.0
-40.0,18.0,0.0,51.0
-38.0,18.0,0.0,51.0
-36.0,18.0,0.0,51.0
-34.0,18.0,0.0,51.0
-28.0,18.0,0.0,448.0
-26.0,18.0,0.0,448.0
-24.0,18.0,0.0,448.0
-22.0,18.0,0.0,448.0
-20.0,18.0,0.0,448.0
-18.0,18.0,0.0,448.0
-16.0,18.0,0.0,582.0
-14.0,18.0,0.0,582.0
-12.0,18.0,0.0,582.0
-10.0,18.0,0.0,582.0
-8.0,18.0,0.0,582.0
-6.0,18.0,0.0,589.0
4.0,18.0,0.0,264.0
6.0,18.0,0.0,264.0
8.0,18.0,0.0,264.0
10.0,18.0,0.0,264.0
12.0,18.0,0.0,264.0
14.0,18.0,0.0,264.0
16.0,18.0,0.0,264.0
20.0,18.0,0.0,536.0
22.0,18.0,0.0,536.0
24.0,18.0,0.0,536.0
26.0,18.0,0.0,307.0
32.0,18.0,0.0,307.0
34.0,18.0,0.0,307.0
36.0,18.0,0.0,307.0
38.0,18.0,0.0,540.0
40.0,18.0,0.0,540.0
42.0,18.0,0.0,540.0
44.0,18.0,0.0,540.0
46.0,18.0,0.0,540.0
48.0,18.0,0.0,540.0
50.0,18.0,0.0,540.0
52.0,18.0,0.0,427.0
54.0,18.0,0.0,427.0
56.0,18.0,0.0,427.0
-58.0,20.0,0.0,151.0
-56.0,20.0,0.0,151.0
-54.0,20.0,0.0,151.0
-52.0,20.0,0.0,151.0
-50.0,20.0,0.0,151.0
-48.0,20.0,0.0,51.0
-46.0,20.0,0.0,51.0
-44.0,20.0,0.0,51.0
-42.0,20.0,0.0,51.0
-40.0,20.0,0.0,51.0
-38.0,20.0,0.0,51.0
-36.0,20.0,0.0,51.0
-34.0,20.0,0.0,51.0
-32.0,20.0,0.0,448.0
-28.0,20.0,0.0,448.0
-26.0,20.0,0.0,448.0
-24.0,20.0,0.0,448.0
-22.0,20.0,0.0,448.0
-20.0,20.0,0.0,448.0
-18.0,20.0,0.0,582.0
-16.0,20.0,0.0,582.0
-14.0,20.0,0.0,582.0
-12.0,20.0,0.0,582.0
-10.0,20.0,0.0,582.0
-8.0,20.0,0.0,582.0
-6.0,20.0,0.0,582.0
6.0,20.0,0.0,264.0
8.0,20.0,0.0,264.0
10.0,20.0,0.0,264.0
12.0,20.0,0.0,264.0
14.0,20.0,0.0,264.0
16.0,20.0,0.0,264.0
18.0,20.0,0.0,264.0
22.0,20.0,0.0,536.0
24.0,20.0,0.0,307.0
32.0,20.0,0.0,307.0
34.0,20.0,0.0,307.0
36.0,20.0,0.0,307.0
38.0,20.0,0.0,540.0
42.0,20.0,0.0,540.0
44.0,20.0,0.0,540.0
46.0,20.0,0.0,540.0
48.0,20.0,0.0,540.0
50.0,20.0,0.0,540.0
52.0,20.0,0.0,540.0
54.0,20.0,0.0,196.0
56.0,20.0,0.0,196.0
-56.0,22.0,0.0,151.0
-54.0,22.0,0.0,151.0
-52.0,22.0,0.0,151.0
-50.0,22.0,0.0,151.0
-48.0,22.0,0.0,51.0
-46.0,22.0,0.0,51.0
-44.0,22.0,0.0,51.0
-42.0,22.0,0.0,51.0
-40.0,22.0,0.0,51.0
-38.0,22.0,0.0,51.0
-36.0,22.0,0.0,51.0
-34.0,22.0,0.0,51.0
-32.0,22.0,0.0,448.0
-26.0,22.0,0.0,448.0
-24.0,22.0,0.0,448.0
-22.0,22.0,0.0,448.0
-20.0,22.0,0.0,132.0
-18.0,22.0,0.0,582.0
-16.0,22.0,0.0,582.0
-14.0,22.0,0.0,582.0
-12.0,22.0,0.0,582.0
-10.0,22.0,0.0,582.0
-8.0,22.0,0.0,582.0
-6.0,22.0,0.0,582.0
6.0,22.0,0.0,481.0
8.0,22.0,0.0,481.0
10.0,22.0,0.0,264.0
12.0,22.0,0.0,264.0
14.0,22.0,0.0,264.0
16.0,22.0,0.0,264.0
18.0,22.0,0.0,264.0
32.0,22.0,0.0,307.0
34.0,22.0,0.0,307.0
36.0,22.0,0.0,307.0
38.0,22.0,0.0,540.0
40.0,22.0,0.0,540.0
42.0,22.0,0.0,540.0
44.0,22.0,0.0,540.0
46.0,22.0,0.0,540.0
48.0,22.0,0.0,540.0
50.0,22.0,0.0,540.0
52.0,22.0,0.0,171.0
54.0,22.0,0.0,171.0
56.0,22.0,0.0,171.0
-56.0,24.0,0.0,151.0
-54.0,24.0,0.0,151.0
-52.0,24.0,0.0,151.0
-50.0,24.0,0.0,151.0
-48.0,24.0,0.0,51.0
-46.0,24.0,0.0,51.0
-44.0,24.0,0.0,51.0
-42.0,24.0,0.0,51.0
-40.0,24.0,0.0,51.0
-38.0,24.0,0.0,51.0
-36.0,24.0,0.0,51.0
-34.0,24.0,0.0,51.0
-32.0,24.0,0.0,51.0
-20.0,24.0,0.0,132.0
-18.0,24.0,0.0,582.0
-16.0,24.0,0.0,582.0
-14.0,24.0,0.0,582.0
-12.0,24.0,0.0,582.0
-10.0,24.0,0.0,582.0
-8.0,24.0,0.0,582.0
8.0,24.0,0.0,481.0
10.0,24.0,0.0,481.0
12.0,24.0,0.0,481.0
14.0,24.0,0.0,481.0
16.0,24.0,0.0,481.0
18.0,24.0,0.0,536.0
20.0,24.0,0.0,536.0
30.0,24.0,0.0,307.0
32.0,24.0,0.0,307.0
34.0,24.0,0.0,307.0
36.0,24.0,0.0,307.0
38.0,24.0,0.0,540.0
40.0,24.0,0.0,540.0
42.0,24.0,0.0,540.0
44.0,24.0,0.0,540.0
46.0,24.0,0.0,540.0
48.0,24.0,0.0,171.0
50.0,24.0,0.0,171.0
52.0,24.0,0.0,171.0
54.0,24.0,0.0,171.0
56.0,24.0,0.0,171.0
-58.0,26.0,0.0,151.0
-56.0,26.0,0.0,151.0
-54.0,26.0,0.0,151.0
-52.0,26.0,0.0,151.0
-50.0,26.0,0.0,151.0
-48.0,26.0,0.0,442.0
-46.0,26.0,0.0,442.0
-44.0,26.0,0.0,442.0
-42.0,26.0,0.0,442.0
-40.0,26.0,0.0,442.0
-38.0,26.0,0.0,442.0
-36.0,26.0,0.0,442.0
-34.0,26.0,0.0,442.0
-32.0,26.0,0.0,442.0
-30.0,26.0,0.0,448.0
-20.0,26.0,0.0,132.0
-18.0,26.0,0.0,582.0
-16.0,26.0,0.0,582.0
-14.0,26.0,0.0,582.0
-12.0,26.0,0.0,582.0
-10.0,26.0,0.0,582.0
12.0,26.0,0.0,481.0
14.0,26.0,0.0,481.0
16.0,26.0,0.0,481.0
18.0,26.0,0.0,481.0
20.0,26.0,0.0,16.0
28.0,26.0,0.0,307.0
30.0,26.0,0.0,307.0
32.0,26.0,0.0,307.0
34.0,26.0,0.0,307.0
36.0,26.0,0.0,307.0
38.0,26.0,0.0,540.0
40.0,26.0,0.0,540.0
42.0,26.0,0.0,171.0
44.0,26.0,0.0,171.0
46.0,26.0,0.0,171.0
48.0,26.0,0.0,171.0
50.0,26.0,0.0,171.0
52.0,26.0,0.0,171.0
54.0,26.0,0.0,171.0
56.0,26.0,0.0,171.0
-58.0,28.0,0.0,151.0
-56.0,28.0,0.0,151.0
-54.0,28.0,0.0,151.0
-52.0,28.0,0.0,141.0
-50.0,28.0,0.0,141.0
-48.0,28.0,0.0,442.0
-46.0,28.0,0.0,442.0
-44.0,28.0,0.0,442.0
-42.0,28.0,0.0,442.0
-40.0,28.0,0.0,442.0
-38.0,28.0,0.0,442.0
-36.0,28.0,0.0,442.0
-34.0,28.0,0.0,442.0
-32.0,28.0,0.0,442.0
-30.0,28.0,0.0,442.0
-20.0,28.0,0.0,132.0
-18.0,28.0,0.0,582.0
-16.0,28.0,0.0,582.0
28.0,28.0,0.0,16.0
30.0,28.0,0.0,16.0
32.0,28.0,0.0,307.0
34.0,28.0,0.0,307.0
36.0,28.0,0.0,307.0
38.0,28.0,0.0,171.0
40.0,28.0,0.0,171.0
42.0,28.0,0.0,171.0
44.0,28.0,0.0,171.0
46.0,28.0,0.0,171.0
48.0,28.0,0.0,171.0
50.0,28.0,0.0,171.0
52.0,28.0,0.0,171.0
54.0,28.0,0.0,171.0
56.0,28.0,0.0,171.0
-58.0,30.0,0.0,141.0
-56.0,30.0,0.0,141.0
-54.0,30.0,0.0,141.0
-52.0,30.0,0.0,141.0
-50.0,30.0,0.0,141.0
-48.0,30.0,0.0,141.0
-46.0,30.0,0.0,442.0
-44.0,30.0,0.0,442.0
-42.0,30.0,0.0,442.0
-40.0,30.0,0.0,442.0
-38.0,30.0,0.0,442.0
-36.0,30.0,0.0,442.0
-34.0,30.0,0.0,442.0
-32.0,30.0,0.0,442.0
-30.0,30.0,0.0,442.0
-28.0,30.0,0.0,132.0
30.0,30.0,0.0,16.0
32.0,30.0,0.0,16.0
34.0,30.0,0.0,16.0
36.0,30.0,0.0,171.0
38.0,30.0,0.0,171.0
40.0,30.0,0.0,171.0
42.0,30.0,0.0,171.0
44.0,30.0,0.0,171.0
46.0,30.0,0.0,171.0
48.0,30.0,0.0,171.0
50.0,30.0,0.0,171.0
52.0,30.0,0.0,171.0
54.0,30.0,0.0,171.0
56.0,30.0,0.0,171.0
-58.0,32.0,0.0,141.0
-56.0,32.0,0.0,141.0
-54.0,32.0,0.0,141.0
-52.0,32.0,0.0,141.0
-50.0,32.0,0.0,141.0
-48.0,32.0,0.0,141.0
-46.0,32.0,0.0,442.0
-44.0,32.0,0.0,442.0
-42.0,32.0,0.0,442.0
-40.0,32.0,0.0,442.0
-38.0,32.0,0.0,442.0
-32.0,32.0,0.0,442.0
-30.0,32.0,0.0,442.0
30.0,32.0,0.0,16.0
32.0,32.0,0.0,16.0
34.0,32.0,0.0,16.0
36.0,32.0,0.0,171.0
38.0,32.0,0.0,171.0
40.0,32.0,0.0,171.0
42.0,32.0,0.0,171.0
44.0,32.0,0.0,171.0
46.0,32.0,0.0,171.0
48.0,32.0,0.0,171.0
50.0,32.0,0.0,171.0
52.0,32.0,0.0,171.0
54.0,32.0,0.0,171.0
56.0,32.0,0.0,171.0
-58.0,34.0,0.0,141.0
-56.0,34.0,0.0,141.0
-54.0,34.0,0.0,141.0
-52.0,34.0,0.0,141.0
-50.0,34.0,0.0,141.0
-48.0,34.0,0.0,141.0
-46.0,34.0,0.0,141.0
-44.0,34.0,0.0,442.0
-42.0,34.0,0.0,442.0
-40.0,34.0,0.0,442.0
-38.0,34.0,0.0,442.0
-4.0,34.0,0.0,102.0
-2.0,34.0,0.0,102.0
2.0,34.0,0.0,102.0
4.0,34.0,0.0,481.0
30.0,34.0,0.0,16.0
32.0,34.0,0.0,16.0
34.0,34.0,0.0,16.0
38.0,34.0,0.0,171.0
40.0,34.0,0.0,171.0
42.0,34.0,0.0,171.0
44.0,34.0,0.0,171.0
46.0,34.0,0.0,171.0
48.0,34.0,0.0,171.0
50.0,34.0,0.0,171.0
52.0,34.0,0.0,171.0
54.0,34.0,0.0,171.0
56.0,34.0,0.0,171.0
-56.0,36.0,0.0,141.0
-54.0,36.0,0.0,141.0
-52.0,36.0,0.0,141.0
-50.0,36.0,0.0,141.0
-48.0,36.0,0.0,141.0
-46.0,36.0,0.0,141.0
-44.0,36.0,0.0,49.0
-42.0,36.0,0.0,49.0
-40.0,36.0,0.0,49.0
-6.0,36.0,0.0,102.0
-4.0,36.0,0.0,102.0
-2.0,36.0,0.0,102.0
0.0,36.0,0.0,102.0
2.0,36.0,0.0,102.0
4.0,36.0,0.0,481.0
6.0,36.0,0.0,481.0
42.0,36.0,0.0,171.0
44.0,36.0,0.0,171.0
46.0,36.0,0.0,171.0
48.0,36.0,0.0,171.0
50.0,36.0,0.0,171.0
52.0,36.0,0.0,171.0
54.0,36.0,0.0,171.0
-56.0,38.0,0.0,141.0
-54.0,38.0,0.0,141.0
-52.0,38.0,0.0,141.0
-50.0,38.0,0.0,141.0
-48.0,38.0,0.0,141.0
-46.0,38.0,0.0,141.0
-44.0,38.0,0.0,338.0
-42.0,38.0,0.0,338.0
-6.0,38.0,0.0,102.0
-4.0,38.0,0.0,102.0
-2.0,38.0,0.0,102.0
0.0,38.0,0.0,102.0
2.0,38.0,0.0,102.0
4.0,38.0,0.0,91.0
6.0,38.0,0.0,481.0
8.0,38.0,0.0,481.0
44.0,38.0,0.0,171.0
46.0,38.0,0.0,171.0
48.0,38.0,0.0,171.0
50.0,38.0,0.0,171.0
52.0,38.0,0.0,171.0
54.0,38.0,0.0,171.0
-56.0,40.0,0.0,141.0
-54.0,40.0,0.0,141.0
-52.0,40.0,0.0,141.0
-50.0,40.0,0.0,141.0
-48.0,40.0,0.0,141.0
-46.0,40.0,0.0,338.0
-44.0,40.0,0.0,338.0
-10.0,40.0,0.0,102.0
-8.0,40.0,0.0,102.0
-6.0,40.0,0.0,102.0
-4.0,40.0,0.0,102.0
-2.0,40.0,0.0,102.0
0.0,40.0,0.0,102.0
2.0,40.0,0.0,102.0
4.0,40.0,0.0,91.0
6.0,40.0,0.0,91.0
8.0,40.0,0.0,481.0
10.0,40.0,0.0,481.0
44.0,40.0,0.0,383.0
46.0,40.0,0.0,383.0
48.0,40.0,0.0,383.0
50.0,40.0,0.0,383.0
52.0,40.0,0.0,383.0
54.0,40.0,0.0,171.0
-54.0,42.0,0.0,141.0
-52.0,42.0,0.0,141.0
-50.0,42.0,0.0,141.0
-48.0,42.0,0.0,338.0
-46.0,42.0,0.0,338.0
-44.0,42.0,0.0,338.0
-12.0,42.0,0.0,102.0
-10.0,42.0,0.0,102.0
-8.0,42.0,0.0,102.0
-6.0,42.0,0.0,102.0
-4.0,42.0,0.0,102.0
-2.0,42.0,0.0,102.0
0.0,42.0,0.0,102.0
2.0,42.0,0.0,91.0
4.0,42.0,0.0,91.0
6.0,42.0,0.0,91.0
8.0,42.0,0.0,91.0
10.0,42.0,0.0,91.0
12.0,42.0,0.0,481.0
42.0,42.0,0.0,383.0
44.0,42.0,0.0,383.0
46.0,42.0,0.0,383.0
48.0,42.0,0.0,383.0
50.0,42.0,0.0,383.0
52.0,42.0,0.0,383.0
-54.0,44.0,0.0,141.0
-52.0,44.0,0.0,141.0
-50.0,44.0,0.0,338.0
-48.0,44.0,0.0,338.0
-46.0,44.0,0.0,338.0
-44.0,44.0,0.0,338.0
-42.0,44.0,0.0,338.0
-40.0,44.0,0.0,338.0
-12.0,44.0,0.0,407.0
-10.0,44.0,0.0,407.0
-8.0,44.0,0.0,102.0
-6.0,44.0,0.0,102.0
-4.0,44.0,0.0,102.0
-2.0,44.0,0.0,102.0
0.0,44.0,0.0,91.0
2.0,44.0,0.0,91.0
4.0,44.0,0.0,91.0
6.0,44.0,0.0,91.0
8.0,44.0,0.0,91.0
10.0,44.0,0.0,91.0
12.0,44.0,0.0,91.0
38.0,44.0,0.0,339.0
40.0,44.0,0.0,339.0
42.0,44.0,0.0,383.0
44.0,44.0,0.0,383.0
46.0,44.0,0.0,383.0
48.0,44.0,0.0,383.0
50.0,44.0,0.0,383.0
52.0,44.0,0.0,383.0
-52.0,46.0,0.0,338.0
-50.0,46.0,0.0,338.0
-48.0,46.0,0.0,338.0
-46.0,46.0,0.0,338.0
-44.0,46.0,0.0,338.0
-42.0,46.0,0.0,338.0
-40.0,46.0,0.0,338.0
-38.0,46.0,0.0,338.0
-14.0,46.0,0.0,407.0
-12.0,46.0,0.0,407.0
-10.0,46.0,0.0,407.0
-8.0,46.0,0.0,407.0
-6.0,46.0,0.0,407.0
-4.0,46.0,0.0,102.0
-2.0,46.0,0.0,102.0
0.0,46.0,0.0,91.0
2.0,46.0,0.0,91.0
4.0,46.0,0.0,91.0
6.0,46.0,0.0,91.0
8.0,46.0,0.0,86.0
10.0,46.0,0.0,86.0
12.0,46.0,0.0,86.0
38.0,46.0,0.0,339.0
40.0,46.0,0.0,339.0
42.0,46.0,0.0,339.0
44.0,46.0,0.0,339.0
46.0,46.0,0.0,383.0
48.0,46.0,0.0,383.0
50.0,46.0,0.0,383.0
-50.0,48.0,0.0,338.0
-48.0,48.0,0.0,338.0
-46.0,48.0,0.0,338.0
-44.0,48.0,0.0,338.0
-42.0,48.0,0.0,338.0
-40.0,48.0,0.0,338.0
-38.0,48.0,0.0,338.0
-14.0,48.0,0.0,407.0
-12.0,48.0,0.0,407.0
-10.0,48.0,0.0,407.0
-8.0,48.0,0.0,407.0
-6.0,48.0,0.0,407.0
-4.0,48.0,0.0,407.0
-2.0,48.0,0.0,407.0
0.0,48.0,0.0,86.0
2.0,48.0,0.0,86.0
4.0,48.0,0.0,86.0
6.0,48.0,0.0,86.0
8.0,48.0,0.0,86.0
10.0,48.0,0.0,86.0
12.0,48.0,0.0,86.0
14.0,48.0,0.0,86.0
36.0,48.0,0.0,339.0
38.0,48.0,0.0,339.0
40.0,48.0,0.0,339.0
42.0,48.0,0.0,339.0
44.0,48.0,0.0,339.0
46.0,48.0,0.0,339.0
48.0,48.0,0.0,339.0
50.0,48.0,0.0,339.0
-50.0,50.0,0.0,338.0
-48.0,50.0,0.0,338.0
-46.0,50.0,0.0,338.0
-44.0,50.0,0.0,338.0
-42.0,50.0,0.0,338.0
-40.0,50.0,0.0,338.0
-38.0,50.0,0.0,338.0
-14.0,50.0,0.0,407.0
-12.0,50.0,0.0,407.0
-10.0,50.0,0.0,407.0
-8.0,50.0,0.0,407.0
-6.0,50.0,0.0,407.0
-4.0,50.0,0.0,407.0
-2.0,50.0,0.0,86.0
0.0,50.0,0.0,86.0
2.0,50.0,0.0,86.0
4.0,50.0,0.0,86.0
6.0,50.0,0.0,86.0
8.0,50.0,0.0,86.0
10.0,50.0,0.0,86.0
12.0,50.0,0.0,86.0
14.0,50.0,0.0,86.0
36.0,50.0,0.0,339.0
38.0,50.0,0.0,339.0
40.0,50.0,0.0,339.0
42.0,50.0,0.0,339.0
44.0,50.0,0.0,339.0
46.0,50.0,0.0,339.0
48.0,50.0,0.0,339.0
-48.0,52.0,0.0,154.0
-46.0,52.0,0.0,154.0
-44.0,52.0,0.0,154.0
-42.0,52.0,0.0,154.0
-40.0,52.0,0.0,154.0
-38.0,52.0,0.0,154.0
-36.0,52.0,0.0,154.0
-34.0,52.0,0.0,262.0
-14.0,52.0,0.0,407.0
-12.0,52.0,0.0,407.0
-10.0,52.0,0.0,407.0
-8.0,52.0,0.0,407.0
-6.0,52.0,0.0,407.0
-4.0,52.0,0.0,407.0
-2.0,52.0,0.0,86.0
0.0,52.0,0.0,86.0
2.0,52.0,0.0,86.0
4.0,52.0,0.0,86.0
6.0,52.0,0.0,86.0
8.0,52.0,0.0,86.0
10.0,52.0,0.0,86.0
12.0,52.0,0.0,86.0
14.0,52.0,0.0,86.0
26.0,52.0,0.0,142.0
28.0,52.0,0.0,142.0
36.0,52.0,0.0,339.0
38.0,52.0,0.0,339.0
40.0,52.0,0.0,339.0
42.0,52.0,0.0,339.0
44.0,52.0,0.0,339.0
46.0,52.0,0.0,339.0
-48.0,54.0,0.0,154.0
-46.0,54.0,0.0,154.0
-44.0,54.0,0.0,154.0
-42.0,54.0,0.0,154.0
-40.0,54.0,0.0,154.0
-38.0,54.0,0.0,154.0
-36.0,54.0,0.0,154.0
-34.0,54.0,0.0,262.0
-32.0,54.0,0.0,262.0
-26.0,54.0,0.0,262.0
-14.0,54.0,0.0,557.0
-12.0,54.0,0.0,407.0
-10.0,54.0,0.0,407.0
-8.0,54.0,0.0,407.0
-6.0,54.0,0.0,407.0
-4.0,54.0,0.0,407.0
-2.0,54.0,0.0,86.0
0.0,54.0,0.0,86.0
2.0,54.0,0.0,86.0
4.0,54.0,0.0,86.0
6.0,54.0,0.0,86.0
8.0,54.0,0.0,86.0
10.0,54.0,0.0,86.0
12.0,54.0,0.0,86.0
14.0,54.0,0.0,86.0
26.0,54.0,0.0,142.0
28.0,54.0,0.0,142.0
30.0,54.0,0.0,142.0
36.0,54.0,0.0,339.0
38.0,54.0,0.0,339.0
40.0,54.0,0.0,339.0
42.0,54.0,0.0,339.0
44.0,54.0,0.0,339.0
46.0,54.0,0.0,339.0
-46.0,56.0,0.0,154.0
-44.0,56.0,0.0,154.0
-42.0,56.0,0.0,154.0
-40.0,56.0,0.0,154.0
-38.0,56.0,0.0,154.0
-36.0,56.0,0.0,262.0
-34.0,56.0,0.0,262.0
-32.0,56.0,0.0,262.0
-30.0,56.0,0.0,262.0
-28.0,56.0,0.0,262.0
-26.0,56.0,0.0,262.0
-24.0,56.0,0.0,35.0
-14.0,56.0,0.0,557.0
-12.0,56.0,0.0,557.0
-10.0,56.0,0.0,407.0
-8.0,56.0,0.0,407.0
-6.0,56.0,0.0,407.0
-4.0,56.0,0.0,407.0
-2.0,56.0,0.0,86.0
0.0,56.0,0.0,86.0
2.0,56.0,0.0,86.0
4.0,56.0,0.0,86.0
6.0,56.0,0.0,86.0
8.0,56.0,0.0,86.0
10.0,56.0,0.0,86.0
12.0,56.0,0.0,86.0
14.0,56.0,0.0,86.0
24.0,56.0,0.0,142.0
26.0,56.0,0.0,142.0
28.0,56.0,0.0,142.0
30.0,56.0,0.0,142.0
34.0,56.0,0.0,339.0
36.0,56.0,0.0,339.0
38.0,56.0,0.0,339.0
40.0,56.0,0.0,339.0
42.0,56.0,0.0,339.0
44.0,56.0,0.0,339.0
-44.0,58.0,0.0,154.0
-42.0,58.0,0.0,154.0
-40.0,58.0,0.0,154.0
-38.0,58.0,0.0,154.0
-36.0,58.0,0.0,262.0
-34.0,58.0,0.0,262.0
-32.0,58.0,0.0,262.0
-30.0,58.0,0.0,262.0
-28.0,58.0,0.0,262.0
-26.0,58.0,0.0,262.0
-24.0,58.0,0.0,262.0
-22.0,58.0,0.0,557.0
-12.0,58.0,0.0,557.0
-10.0,58.0,0.0,557.0
-8.0,58.0,0.0,557.0
-6.0,58.0,0.0,407.0
-4.0,58.0,0.0,425.0
-2.0,58.0,0.0,425.0
2.0,58.0,0.0,425.0
4.0,58.0,0.0,425.0
6.0,58.0,0.0,425.0
8.0,58.0,0.0,425.0
10.0,58.0,0.0,425.0
12.0,58.0,0.0,425.0
22.0,58.0,0.0,142.0
24.0,58.0,0.0,142.0
26.0,58.0,0.0,142.0
28.0,58.0,0.0,142.0
30.0,58.0,0.0,142.0
32.0,58.0,0.0,97.0
34.0,58.0,0.0,339.0
36.0,58.0,0.0,339.0
38.0,58.0,0.0,339.0
40.0,58.0,0.0,339.0
42.0,58.0,0.0,339.0
-42.0,60.0,0.0,154.0
-40.0,60.0,0.0,154.0
-38.0,60.0,0.0,262.0
-36.0,60.0,0.0,262.0
-34.0,60.0,0.0,262.0
-32.0,60.0,0.0,262.0
-30.0,60.0,0.0,262.0
-28.0,60.0,0.0,262.0
-26.0,60.0,0.0,262.0
-24.0,60.0,0.0,262.0
-22.0,60.0,0.0,557.0
-20.0,60.0,0.0,557.0
-12.0,60.0,0.0,557.0
-10.0,60.0,0.0,557.0
-8.0,60.0,0.0,557.0
-6.0,60.0,0.0,305.0
-4.0,60.0,0.0,425.0
-2.0,60.0,0.0,425.0
4.0,60.0,0.0,425.0
6.0,60.0,0.0,425.0
8.0,60.0,0.0,425.0
10.0,60.0,0.0,425.0
12.0,60.0,0.0,425.0
22.0,60.0,0.0,142.0
24.0,60.0,0.0,142.0
26.0,60.0,0.0,142.0
28.0,60.0,0.0,97.0
30.0,60.0,0.0,97.0
32.0,60.0,0.0,97.0
34.0,60.0,0.0,97.0
36.0,60.0,0.0,339.0
38.0,60.0,0.0,339.0
40.0,60.0,0.0,339.0
-40.0,62.0,0.0,154.0
-38.0,62.0,0.0,262.0
-36.0,62.0,0.0,262.0
-34.0,62.0,0.0,262.0
-32.0,62.0,0.0,262.0
-30.0,62.0,0.0,262.0
-28.0,62.0,0.0,262.0
-26.0,62.0,0.0,262.0
-24.0,62.0,0.0,262.0
-22.0,62.0,0.0,557.0
-20.0,62.0,0.0,557.0
-10.0,62.0,0.0,557.0
-8.0,62.0,0.0,305.0
-6.0,62.0,0.0,305.0
-4.0,62.0,0.0,425.0
-2.0,62.0,0.0,425.0
4.0,62.0,0.0,425.0
6.0,62.0,0.0,425.0
8.0,62.0,0.0,425.0
10.0,62.0,0.0,425.0
20.0,62.0,0.0,142.0
22.0,62.0,0.0,142.0
24.0,62.0,0.0,142.0
26.0,62.0,0.0,97.0
28.0,62.0,0.0,97.0
30.0,62.0,0.0,97.0
32.0,62.0,0.0,97.0
34.0,62.0,0.0,97.0
36.0,62.0,0.0,339.0
38.0,62.0,0.0,339.0
-38.0,64.0,0.0,262.0
-36.0,64.0,0.0,262.0
-34.0,64.0,0.0,262.0
-32.0,64.0,0.0,262.0
-30.0,64.0,0.0,262.0
-28.0,64.0,0.0,262.0
-26.0,64.0,0.0,262.0
-24.0,64.0,0.0,262.0
-22.0,64.0,0.0,557.0
-20.0,64.0,0.0,557.0
-10.0,64.0,0.0,305.0
-8.0,64.0,0.0,305.0
-6.0,64.0,0.0,305.0
-4.0,64.0,0.0,305.0
-2.0,64.0,0.0,425.0
2.0,64.0,0.0,425.0
4.0,64.0,0.0,425.0
6.0,64.0,0.0,425.0
8.0,64.0,0.0,425.0
10.0,64.0,0.0,345.0
20.0,64.0,0.0,345.0
22.0,64.0,0.0,97.0
24.0,64.0,0.0,97.0
26.0,64.0,0.0,97.0
28.0,64.0,0.0,97.0
30.0,64.0,0.0,97.0
32.0,64.0,0.0,97.0
34.0,64.0,0.0,97.0
-32.0,66.0,0.0,262.0
-30.0,66.0,0.0,262.0
-28.0,66.0,0.0,262.0
-26.0,66.0,0.0,262.0
-24.0,66.0,0.0,557.0
-22.0,66.0,0.0,557.0
-20.0,66.0,0.0,557.0
-10.0,66.0,0.0,305.0
-8.0,66.0,0.0,305.0
-6.0,66.0,0.0,305.0
-4.0,66.0,0.0,305.0
-2.0,66.0,0.0,425.0
2.0,66.0,0.0,425.0
4.0,66.0,0.0,425.0
6.0,66.0,0.0,425.0
8.0,66.0,0.0,345.0
10.0,66.0,0.0,345.0
18.0,66.0,0.0,345.0
20.0,66.0,0.0,345.0
22.0,66.0,0.0,97.0
24.0,66.0,0.0,97.0
26.0,66.0,0.0,97.0
28.0,66.0,0.0,97.0
30.0,66.0,0.0,97.0
-28.0,68.0,0.0,262.0
-26.0,68.0,0.0,262.0
-24.0,68.0,0.0,341.0
-22.0,68.0,0.0,341.0
-20.0,68.0,0.0,557.0
-18.0,68.0,0.0,557.0
-16.0,68.0,0.0,557.0
-14.0,68.0,0.0,305.0
-12.0,68.0,0.0,305.0
-10.0,68.0,0.0,305.0
-8.0,68.0,0.0,305.0
-6.0,68.0,0.0,305.0
-4.0,68.0,0.0,305.0
-2.0,68.0,0.0,425.0
4.0,68.0,0.0,425.0
6.0,68.0,0.0,345.0
8.0,68.0,0.0,345.0
10.0,68.0,0.0,345.0
12.0,68.0,0.0,345.0
14.0,68.0,0.0,345.0
16.0,68.0,0.0,345.0
18.0,68.0,0.0,345.0
20.0,68.0,0.0,345.0
22.0,68.0,0.0,345.0
24.0,68.0,0.0,97.0
26.0,68.0,0.0,97.0
-24.0,70.0,0.0,341.0
-22.0,70.0,0.0,341.0
-20.0,70.0,0.0,341.0
-18.0,70.0,0.0,341.0
-16.0,70.0,0.0,305.0
-14.0,70.0,0.0,305.0
-12.0,70.0,0.0,305.0
-10.0,70.0,0.0,305.0
-8.0,70.0,0.0,305.0
-6.0,70.0,0.0,305.0
-4.0,70.0,0.0,305.0
4.0,70.0,0.0,345.0
6.0,70.0,0.0,345.0
8.0,70.0,0.0,345.0
10.0,70.0,0.0,345.0
12.0,70.0,0.0,345.0
14.0,70.0,0.0,345.0
16.0,70.0,0.0,345.0
18.0,70.0,0.0,345.0
20.0,70.0,0.0,345.0
22.0,70.0,0.0,345.0
-20.0,72.0,0.0,341.0
-18.0,72.0,0.0,341.0
-16.0,72.0,0.0,305.0
-14.0,72.0,0.0,305.0
-12.0,72.0,0.0,305.0
-10.0,72.0,0.0,305.0
-8.0,72.0,0.0,305.0
-6.0,72.0,0.0,305.0
6.0,72.0,0.0,345.0
8.0,72.0,0.0,345.0
10.0,72.0,0.0,345.0
12.0,72.0,0.0,345.0
14.0,72.0,0.0,345.0
16.0,72.0,0.0,345.0
12.0,-106.0,2.0,380.0
14.0,-106.0,2.0,380.0
16.0,-106.0,2.0,380.0
-20.0,-104.0,2.0,519.0
-18.0,-104.0,2.0,234.0
-12.0,-104.0,2.0,125.0
4.0,-104.0,2.0,380.0
6.0,-104.0,2.0,380.0
8.0,-104.0,2.0,380.0
10.0,-104.0,2.0,380.0
12.0,-104.0,2.0,380.0
14.0,-104.0,2.0,380.0
16.0,-104.0,2.0,380.0
18.0,-104.0,2.0,380.0
20.0,-104.0,2.0,325.0
22.0,-104.0,2.0,325.0
-26.0,-102.0,2.0,304.0
-24.0,-102.0,2.0,304.0
-22.0,-102.0,2.0,304.0
-20.0,-102.0,2.0,519.0
-18.0,-102.0,2.0,234.0
-16.0,-102.0,2.0,234.0
-14.0,-102.0,2.0,234.0
-12.0,-102.0,2.0,125.0
-10.0,-102.0,2.0,125.0
-8.0,-102.0,2.0,125.0
0.0,-102.0,2.0,125.0
2.0,-102.0,2.0,125.0
4.0,-102.0,2.0,380.0
6.0,-102.0,2.0,380.0
8.0,-102.0,2.0,380.0
10.0,-102.0,2.0,380.0
12.0,-102.0,2.0,380.0
14.0,-102.0,2.0,380.0
16.0,-102.0,2.0,380.0
18.0,-102.0,2.0,380.0
20.0,-102.0,2.0,325.0
22.0,-102.0,2.0,325.0
24.0,-102.0,2.0,325.0
26.0,-102.0,2.0,325.0
-30.0,-100.0,2.0,304.0
-28.0,-100.0,2.0,304.0
-26.0,-100.0,2.0,304.0
-24.0,-100.0,2.0,304.0
-22.0,-100.0,2.0,519.0
-20.0,-100.0,2.0,519.0
-18.0,-100.0,2.0,234.0
-16.0,-100.0,2.0,234.0
-14.0,-100.0,2.0,234.0
-12.0,-100.0,2.0,125.0
-10.0,-100.0,2.0,125.0
-8.0,-100.0,2.0,125.0
-6.0,-100.0,2.0,125.0
-2.0,-100.0,2.0,125.0
0.0,-100.0,2.0,125.0
2.0,-100.0,2.0,125.0
4.0,-100.0,2.0,125.0
6.0,-100.0,2.0,380.0
8.0,-100.0,2.0,380.0
10.0,-100.0,2.0,380.0
12.0,-100.0,2.0,380.0
14.0,-100.0,2.0,380.0
16.0,-100.0,2.0,380.0
18.0,-100.0,2.0,380.0
20.0,-100.0,2.0,325.0
22.0,-100.0,2.0,325.0
24.0,-100.0,2.0,325.0
26.0,-100.0,2.0,85.0
28.0,-100.0,2.0,85.0
30.0,-100.0,2.0,85.0
-32.0,-98.0,2.0,304.0
-30.0,-98.0,2.0,304.0
-28.0,-98.0,2.0,304.0
-26.0,-98.0,2.0,304.0
-24.0,-98.0,2.0,304.0
-22.0,-98.0,2.0,519.0
-20.0,-98.0,2.0,519.0
-18.0,-98.0,2.0,234.0
-16.0,-98.0,2.0,234.0
-14.0,-98.0,2.0,234.0
-12.0,-98.0,2.0,125.0
-10.0,-98.0,2.0,125.0
-8.0,-98.0,2.0,125.0
-6.0,-98.0,2.0,125.0
-4.0,-98.0,2.0,125.0
-2.0,-98.0,2.0,125.0
0.0,-98.0,2.0,125.0
2.0,-98.0,2.0,125.0
4.0,-98.0,2.0,125.0
6.0,-98.0,2.0,380.0
8.0,-98.0,2.0,380.0
10.0,-98.0,2.0,380.0
12.0,-98.0,2.0,380.0
14.0,-98.0,2.0,380.0
16.0,-98.0,2.0,380.0
18.0,-98.0,2.0,325.0
20.0,-98.0,2.0,325.0
22.0,-98.0,2.0,325.0
24.0,-98.0,2.0,325.0
26.0,-98.0,2.0,85.0
28.0,-98.0,2.0,85.0
30.0,-98.0,2.0,85.0
32.0,-98.0,2.0,85.0
-36.0,-96.0,2.0,304.0
-34.0,-96.0,2.0,304.0
-32.0,-96.0,2.0,304.0
-30.0,-96.0,2.0,304.0
-28.0,-96.0,2.0,304.0
-26.0,-96.0,2.0,304.0
-24.0,-96.0,2.0,304.0
-22.0,-96.0,2.0,519.0
-20.0,-96.0,2.0,519.0
-18.0,-96.0,2.0,234.0
-16.0,-96.0,2.0,234.0
-14.0,-96.0,2.0,234.0
-12.0,-96.0,2.0,230.0
-10.0,-96.0,2.0,125.0
-8.0,-96.0,2.0,125.0
-6.0,-96.0,2.0,125.0
-4.0,-96.0,2.0,125.0
-2.0,-96.0,2.0,125.0
0.0,-96.0,2.0,125.0
2.0,-96.0,2.0,125.0
4.0,-96.0,2.0,125.0
6.0,-96.0,2.0,125.0
8.0,-96.0,2.0,380.0
10.0,-96.0,2.0,380.0
12.0,-96.0,2.0,380.0
14.0,-96.0,2.0,380.0
16.0,-96.0,2.0,380.0
18.0,-96.0,2.0,325.0
20.0,-96.0,2.0,325.0
22.0,-96.0,2.0,325.0
24.0,-96.0,2.0,325.0
26.0,-96.0,2.0,85.0
28.0,-96.0,2.0,85.0
30.0,-96.0,2.0,85.0
32.0,-96.0,2.0,85.0
34.0,-96.0,2.0,85.0
36.0,-96.0,2.0,85.0
-38.0,-94.0,2.0,304.0
-36.0,-94.0,2.0,304.0
-34.0,-94.0,2.0,304.0
-32.0,-94.0,2.0,304.0
-30.0,-94.0,2.0,304.0
-28.0,-94.0,2.0,304.0
-26.0,-94.0,2.0,304.0
-24.0,-94.0,2.0,519.0
-22.0,-94.0,2.0,519.0
-20.0,-94.0,2.0,519.0
-18.0,-94.0,2.0,234.0
-16.0,-94.0,2.0,234.0
-14.0,-94.0,2.0,230.0
-12.0,-94.0,2.0,230.0
-10.0,-94.0,2.0,230.0
-8.0,-94.0,2.0,125.0
-6.0,-94.0,2.0,125.0
-4.0,-94.0,2.0,125.0
-2.0,-94.0,2.0,125.0
0.0,-94.0,2.0,125.0
2.0,-94.0,2.0,125.0
4.0,-94.0,2.0,125.0
6.0,-94.0,2.0,125.0
8.0,-94.0,2.0,380.0
10.0,-94.0,2.0,380.0
12.0,-94.0,2.0,380.0
14.0,-94.0,2.0,380.0
16.0,-94.0,2.0,325.0
18.0,-94.0,2.0,325.0
20.0,-94.0,2.0,325.0
22.0,-94.0,2.0,325.0
24.0,-94.0,2.0,325.0
26.0,-94.0,2.0,85.0
28.0,-94.0,2.0,85.0
30.0,-94.0,2.0,85.0
32.0,-94.0,2.0,85.0
34.0,-94.0,2.0,85.0
36.0,-94.0,2.0,85.0
38.0,-94.0,2.0,85.0
-40.0,-92.0,2.0,510.0
-38.0,-92.0,2.0,510.0
-36.0,-92.0,2.0,304.0
-34.0,-92.0,2.0,304.0
-32.0,-92.0,2.0,304.0
-30.0,-92.0,2.0,304.0
-28.0,-92.0,2.0,304.0
-26.0,-92.0,2.0,304.0
-24.0,-92.0,2.0,519.0
-22.0,-92.0,2.0,519.0
-20.0,-92.0,2.0,519.0
-18.0,-92.0,2.0,234.0
-16.0,-92.0,2.0,230.0
-14.0,-92.0,2.0,230.0
-12.0,-92.0,2.0,230.0
-10.0,-92.0,2.0,230.0
-8.0,-92.0,2.0,230.0
-6.0,-92.0,2.0,125.0
-4.0,-92.0,2.0,125.0
-2.0,-92.0,2.0,125.0
0.0,-92.0,2.0,125.0
2.0,-92.0,2.0,125.0
4.0,-92.0,2.0,125.0
6.0,-92.0,2.0,125.0
8.0,-92.0,2.0,125.0
10.0,-92.0,2.0,380.0
12.0,-92.0,2.0,380.0
14.0,-92.0,2.0,380.0
16.0,-92.0,2.0,325.0
18.0,-92.0,2.0,325.0
20.0,-92.0,2.0,325.0
22.0,-92.0,2.0,325.0
24.0,-92.0,2.0,325.0
26.0,-92.0,2.0,85.0
28.0,-92.0,2.0,85.0
30.0,-92.0,2.0,85.0
32.0,-92.0,2.0,85.0
34.0,-92.0,2.0,85.0
36.0,-92.0,2.0,85.0
38.0,-92.0,2.0,85.0
-42.0,-90.0,2.0,510.0
-40.0,-90.0,2.0,510.0
-38.0,-90.0,2.0,510.0
-36.0,-90.0,2.0,510.0
-34.0,-90.0,2.0,304.0
-32.0,-90.0,2.0,304.0
-30.0,-90.0,2.0,304.0
-28.0,-90.0,2.0,304.0
-26.0,-90.0,2.0,304.0
-24.0,-90.0,2.0,519.0
-22.0,-90.0,2.0,519.0
-20.0,-90.0,2.0,519.0
-18.0,-90.0,2.0,230.0
-16.0,-90.0,2.0,230.0
-14.0,-90.0,2.0,230.0
-12.0,-90.0,2.0,230.0
-10.0,-90.0,2.0,230.0
-8.0,-90.0,2.0,230.0
-6.0,-90.0,2.0,230.0
-4.0,-90.0,2.0,125.0
-2.0,-90.0,2.0,125.0
0.0,-90.0,2.0,125.0
2.0,-90.0,2.0,125.0
4.0,-90.0,2.0,125.0
6.0,-90.0,2.0,125.0
8.0,-90.0,2.0,125.0
10.0,-90.0,2.0,380.0
12.0,-90.0,2.0,380.0
14.0,-90.0,2.0,380.0
16.0,-90.0,2.0,325.0
18.0,-90.0,2.0,325.0
20.0,-90.0,2.0,325.0
22.0,-90.0,2.0,325.0
24.0,-90.0,2.0,325.0
26.0,-90.0,2.0,335.0
28.0,-90.0,2.0,335.0
30.0,-90.0,2.0,335.0
32.0,-90.0,2.0,335.0
34.0,-90.0,2.0,335.0
36.0,-90.0,2.0,335.0
38.0,-90.0,2.0,335.0
40.0,-90.0,2.0,335.0
42.0,-90.0,2.0,548.0
-44.0,-88.0,2.0,510.0
-42.0,-88.0,2.0,510.0
-40.0,-88.0,2.0,510.0
-38.0,-88.0,2.0,510.0
-36.0,-88.0,2.0,510.0
-34.0,-88.0,2.0,510.0
-32.0,-88.0,2.0,304.0
-30.0,-88.0,2.0,304.0
-28.0,-88.0,2.0,304.0
-26.0,-88.0,2.0,519.0
-24.0,-88.0,2.0,519.0
-20.0,-88.0,2.0,356.0
-18.0,-88.0,2.0,356.0
-16.0,-88.0,2.0,230.0
-14.0,-88.0,2.0,230.0
-12.0,-88.0,2.0,230.0
-10.0,-88.0,2.0,230.0
-8.0,-88.0,2.0,230.0
-6.0,-88.0,2.0,230.0
-4.0,-88.0,2.0,230.0
-2.0,-88.0,2.0,230.0
0.0,-88.0,2.0,125.0
2.0,-88.0,2.0,125.0
4.0,-88.0,2.0,125.0
6.0,-88.0,2.0,125.0
8.0,-88.0,2.0,125.0
10.0,-88.0,2.0,125.0
12.0,-88.0,2.0,380.0
14.0,-88.0,2.0,325.0
16.0,-88.0,2.0,325.0
18.0,-88.0,2.0,325.0
20.0,-88.0,2.0,325.0
22.0,-88.0,2.0,325.0
24.0,-88.0,2.0,335.0
26.0,-88.0,2.0,335.0
28.0,-88.0,2.0,335.0
30.0,-88.0,2.0,335.0
32.0,-88.0,2.0,335.0
34.0,-88.0,2.0,335.0
36.0,-88.0,2.0,335.0
38.0,-88.0,2.0,335.0
40.0,-88.0,2.0,548.0
42.0,-88.0,2.0,548.0
44.0,-88.0,2.0,548.0
46.0,-88.0,2.0,548.0
-46.0,-86.0,2.0,510.0
-44.0,-86.0,2.0,510.0
-42.0,-86.0,2.0,510.0
-40.0,-86.0,2.0,510.0
-38.0,-86.0,2.0,510.0
-36.0,-86.0,2.0,510.0
-34.0,-86.0,2.0,510.0
-32.0,-86.0,2.0,279.0
-30.0,-86.0,2.0,279.0
-28.0,-86.0,2.0,279.0
-26.0,-86.0,2.0,287.0
-18.0,-86.0,2.0,356.0
-16.0,-86.0,2.0,356.0
-14.0,-86.0,2.0,230.0
-12.0,-86.0,2.0,230.0
-10.0,-86.0,2.0,230.0
-8.0,-86.0,2.0,230.0
-6.0,-86.0,2.0,230.0
-4.0,-86.0,2.0,230.0
-2.0,-86.0,2.0,31.0
0.0,-86.0,2.0,31.0
2.0,-86.0,2.0,31.0
4.0,-86.0,2.0,31.0
6.0,-86.0,2.0,125.0
8.0,-86.0,2.0,125.0
10.0,-86.0,2.0,125.0
12.0,-86.0,2.0,380.0
14.0,-86.0,2.0,325.0
16.0,-86.0,2.0,325.0
18.0,-86.0,2.0,325.0
20.0,-86.0,2.0,325.0
22.0,-86.0,2.0,325.0
24.0,-86.0,2.0,335.0
26.0,-86.0,2.0,335.0
28.0,-86.0,2.0,335.0
30.0,-86.0,2.0,335.0
32.0,-86.0,2.0,335.0
34.0,-86.0,2.0,335.0
36.0,-86.0,2.0,335.0
38.0,-86.0,2.0,150.0
40.0,-86.0,2.0,548.0
42.0,-86.0,2.0,548.0
44.0,-86.0,2.0,548.0
46.0,-86.0,2.0,548.0
-48.0,-84.0,2.0,510.0
-46.0,-84.0,2.0,510.0
-44.0,-84.0,2.0,510.0
-42.0,-84.0,2.0,510.0
-40.0,-84.0,2.0,510.0
-38.0,-84.0,2.0,510.0
-36.0,-84.0,2.0,510.0
-34.0,-84.0,2.0,510.0
-32.0,-84.0,2.0,279.0
-30.0,-84.0,2.0,279.0
-18.0,-84.0,2.0,356.0
-16.0,-84.0,2.0,356.0
-14.0,-84.0,2.0,356.0
-12.0,-84.0,2.0,230.0
-10.0,-84.0,2.0,230.0
-8.0,-84.0,2.0,230.0
-6.0,-84.0,2.0,230.0
-4.0,-84.0,2.0,230.0
-2.0,-84.0,2.0,31.0
0.0,-84.0,2.0,31.0
2.0,-84.0,2.0,31.0
4.0,-84.0,2.0,31.0
6.0,-84.0,2.0,31.0
8.0,-84.0,2.0,31.0
10.0,-84.0,2.0,31.0
12.0,-84.0,2.0,125.0
14.0,-84.0,2.0,464.0
16.0,-84.0,2.0,464.0
18.0,-84.0,2.0,464.0
20.0,-84.0,2.0,464.0
22.0,-84.0,2.0,464.0
24.0,-84.0,2.0,335.0
26.0,-84.0,2.0,335.0
28.0,-84.0,2.0,335.0
30.0,-84.0,2.0,335.0
32.0,-84.0,2.0,335.0
34.0,-84.0,2.0,150.0
36.0,-84.0,2.0,150.0
38.0,-84.0,2.0,150.0
40.0,-84.0,2.0,548.0
42.0,-84.0,2.0,548.0
44.0,-84.0,2.0,548.0
46.0,-84.0,2.0,548.0
48.0,-84.0,2.0,548.0
-50.0,-82.0,2.0,552.0
-48.0,-82.0,2.0,510.0
-46.0,-82.0,2.0,510.0
-44.0,-82.0,2.0,510.0
-42.0,-82.0,2.0,510.0
-40.0,-82.0,2.0,510.0
-38.0,-82.0,2.0,510.0
-36.0,-82.0,2.0,510.0
-34.0,-82.0,2.0,351.0
-32.0,-82.0,2.0,351.0
-30.0,-82.0,2.0,351.0
-20.0,-82.0,2.0,356.0
-18.0,-82.0,2.0,356.0
-16.0,-82.0,2.0,356.0
-14.0,-82.0,2.0,356.0
-12.0,-82.0,2.0,356.0
-10.0,-82.0,2.0,230.0
-8.0,-82.0,2.0,230.0
-6.0,-82.0,2.0,230.0
-4.0,-82.0,2.0,31.0
-2.0,-82.0,2.0,31.0
0.0,-82.0,2.0,31.0
2.0,-82.0,2.0,31.0
4.0,-82.0,2.0,31.0
6.0,-82.0,2.0,31.0
8.0,-82.0,2.0,31.0
10.0,-82.0,2.0,31.0
12.0,-82.0,2.0,362.0
14.0,-82.0,2.0,464.0
16.0,-82.0,2.0,464.0
18.0,-82.0,2.0,464.0
20.0,-82.0,2.0,464.0
22.0,-82.0,2.0,464.0
24.0,-82.0,2.0,464.0
26.0,-82.0,2.0,335.0
28.0,-82.0,2.0,335.0
30.0,-82.0,2.0,150.0
32.0,-82.0,2.0,150.0
34.0,-82.0,2.0,150.0
36.0,-82.0,2.0,150.0
38.0,-82.0,2.0,548.0
40.0,-82.0,2.0,548.0
42.0,-82.0,2.0,548.0
44.0,-82.0,2.0,548.0
46.0,-82.0,2.0,548.0
48.0,-82.0,2.0,548.0
50.0,-82.0,2.0,548.0
-50.0,-80.0,2.0,552.0
-48.0,-80.0,2.0,552.0
-46.0,-80.0,2.0,552.0
-44.0,-80.0,2.0,552.0
-42.0,-80.0,2.0,510.0
-40.0,-80.0,2.0,510.0
-38.0,-80.0,2.0,351.0
-36.0,-80.0,2.0,351.0
-34.0,-80.0,2.0,351.0
-32.0,-80.0,2.0,351.0
-22.0,-80.0,2.0,356.0
-20.0,-80.0,2.0,356.0
-18.0,-80.0,2.0,356.0
-16.0,-80.0,2.0,356.0
-14.0,-80.0,2.0,356.0
-12.0,-80.0,2.0,356.0
-10.0,-80.0,2.0,356.0
-8.0,-80.0,2.0,230.0
-6.0,-80.0,2.0,230.0
-4.0,-80.0,2.0,31.0
-2.0,-80.0,2.0,31.0
0.0,-80.0,2.0,31.0
2.0,-80.0,2.0,31.0
4.0,-80.0,2.0,31.0
6.0,-80.0,2.0,31.0
8.0,-80.0,2.0,31.0
10.0,-80.0,2.0,362.0
12.0,-80.0,2.0,362.0
14.0,-80.0,2.0,464.0
16.0,-80.0,2.0,464.0
18.0,-80.0,2.0,464.0
20.0,-80.0,2.0,464.0
22.0,-80.0,2.0,464.0
24.0,-80.0,2.0,464.0
26.0,-80.0,2.0,464.0
28.0,-80.0,2.0,150.0
30.0,-80.0,2.0,150.0
32.0,-80.0,2.0,150.0
34.0,-80.0,2.0,150.0
36.0,-80.0,2.0,150.0
38.0,-80.0,2.0,548.0
40.0,-80.0,2.0,548.0
42.0,-80.0,2.0,548.0
44.0,-80.0,2.0,548.0
46.0,-80.0,2.0,548.0
48.0,-80.0,2.0,548.0
50.0,-80.0,2.0,548.0
52.0,-80.0,2.0,548.0
-52.0,-78.0,2.0,552.0
-50.0,-78.0,2.0,552.0
-48.0,-78.0,2.0,552.0
-46.0,-78.0,2.0,552.0
-44.0,-78.0,2.0,552.0
-42.0,-78.0,2.0,552.0
-40.0,-78.0,2.0,144.0
-38.0,-78.0,2.0,144.0
-36.0,-78.0,2.0,144.0
-34.0,-78.0,2.0,144.0
-32.0,-78.0,2.0,144.0
-24.0,-78.0,2.0,356.0
-22.0,-78.0,2.0,356.0
-20.0,-78.0,2.0,356.0
-18.0,-78.0,2.0,356.0
-16.0,-78.0,2.0,356.0
-14.0,-78.0,2.0,356.0
-12.0,-78.0,2.0,356.0
-10.0,-78.0,2.0,356.0
-8.0,-78.0,2.0,356.0
-6.0,-78.0,2.0,31.0
-4.0,-78.0,2.0,31.0
-2.0,-78.0,2.0,31.0
0.0,-78.0,2.0,31.0
2.0,-78.0,2.0,31.0
4.0,-78.0,2.0,31.0
6.0,-78.0,2.0,31.0
8.0,-78.0,2.0,362.0
10.0,-78.0,2.0,362.0
12.0,-78.0,2.0,362.0
14.0,-78.0,2.0,464.0
16.0,-78.0,2.0,464.0
18.0,-78.0,2.0,464.0
20.0,-78.0,2.0,464.0
22.0,-78.0,2.0,464.0
24.0,-78.0,2.0,464.0
26.0,-78.0,2.0,464.0
28.0,-78.0,2.0,464.0
30.0,-78.0,2.0,150.0
32.0,-78.0,2.0,150.0
34.0,-78.0,2.0,150.0
36.0,-78.0,2.0,569.0
38.0,-78.0,2.0,569.0
40.0,-78.0,2.0,548.0
42.0,-78.0,2.0,548.0
44.0,-78.0,2.0,548.0
46.0,-78.0,2.0,548.0
48.0,-78.0,2.0,548.0
50.0,-78.0,2.0,548.0
52.0,-78.0,2.0,413.0
-54.0,-76.0,2.0,552.0
-52.0,-76.0,2.0,552.0
-50.0,-76.0,2.0,552.0
-48.0,-76.0,2.0,552.0
-46.0,-76.0,2.0,552.0
-44.0,-76.0,2.0,552.0
-42.0,-76.0,2.0,552.0
-40.0,-76.0,2.0,144.0
-38.0,-76.0,2.0,144.0
-36.0,-76.0,2.0,144.0
-34.0,-76.0,2.0,144.0
-32.0,-76.0,2.0,144.0
-24.0,-76.0,2.0,272.0
-22.0,-76.0,2.0,356.0
-20.0,-76.0,2.0,356.0
-18.0,-76.0,2.0,356.0
-16.0,-76.0,2.0,356.0
-14.0,-76.0,2.0,356.0
-12.0,-76.0,2.0,356.0
-10.0,-76.0,2.0,356.0
-8.0,-76.0,2.0,356.0
-6.0,-76.0,2.0,450.0
-4.0,-76.0,2.0,450.0
-2.0,-76.0,2.0,450.0
0.0,-76.0,2.0,450.0
2.0,-76.0,2.0,31.0
4.0,-76.0,2.0,31.0
6.0,-76.0,2.0,31.0
8.0,-76.0,2.0,362.0
10.0,-76.0,2.0,362.0
12.0,-76.0,2.0,362.0
14.0,-76.0,2.0,464.0
16.0,-76.0,2.0,464.0
18.0,-76.0,2.0,464.0
20.0,-76.0,2.0,464.0
22.0,-76.0,2.0,464.0
24.0,-76.0,2.0,464.0
26.0,-76.0,2.0,464.0
28.0,-76.0,2.0,464.0
30.0,-76.0,2.0,587.0
32.0,-76.0,2.0,587.0
34.0,-76.0,2.0,587.0
36.0,-76.0,2.0,100.0
38.0,-76.0,2.0,100.0
40.0,-76.0,2.0,100.0
42.0,-76.0,2.0,100.0
44.0,-76.0,2.0,100.0
46.0,-76.0,2.0,548.0
48.0,-76.0,2.0,548.0
50.0,-76.0,2.0,413.0
52.0,-76.0,2.0,413.0
54.0,-76.0,2.0,413.0
-54.0,-74.0,2.0,552.0
-52.0,-74.0,2.0,552.0
-50.0,-74.0,2.0,552.0
-48.0,-74.0,2.0,552.0
-46.0,-74.0,2.0,552.0
-44.0,-74.0,2.0,552.0
-42.0,-74.0,2.0,144.0
-40.0,-74.0,2.0,144.0
-38.0,-74.0,2.0,144.0
-36.0,-74.0,2.0,144.0
-34.0,-74.0,2.0,144.0
-24.0,-74.0,2.0,272.0
-22.0,-74.0,2.0,272.0
-20.0,-74.0,2.0,272.0
-18.0,-74.0,2.0,356.0
-16.0,-74.0,2.0,356.0
-14.0,-74.0,2.0,356.0
-12.0,-74.0,2.0,356.0
-10.0,-74.0,2.0,356.0
-8.0,-74.0,2.0,450.0
-6.0,-74.0,2.0,450.0
-4.0,-74.0,2.0,450.0
-2.0,-74.0,2.0,450.0
0.0,-74.0,2.0,450.0
2.0,-74.0,2.0,450.0
4.0,-74.0,2.0,450.0
6.0,-74.0,2.0,362.0
8.0,-74.0,2.0,362.0
10.0,-74.0,2.0,362.0
12.0,-74.0,2.0,362.0
14.0,-74.0,2.0,464.0
16.0,-74.0,2.0,464.0
18.0,-74.0,2.0,464.0
20.0,-74.0,2.0,464.0
22.0,-74.0,2.0,464.0
24.0,-74.0,2.0,464.0
26.0,-74.0,2.0,464.0
28.0,-74.0,2.0,464.0
30.0,-74.0,2.0,587.0
36.0,-74.0,2.0,587.0
38.0,-74.0,2.0,100.0
40.0,-74.0,2.0,100.0
42.0,-74.0,2.0,100.0
44.0,-74.0,2.0,100.0
46.0,-74.0,2.0,100.0
48.0,-74.0,2.0,413.0
50.0,-74.0,2.0,413.0
52.0,-74.0,2.0,413.0
54.0,-74.0,2.0,413.0
-56.0,-72.0,2.0,552.0
-54.0,-72.0,2.0,552.0
-52.0,-72.0,2.0,552.0
-50.0,-72.0,2.0,552.0
-48.0,-72.0,2.0,552.0
-46.0,-72.0,2.0,552.0
-44.0,-72.0,2.0,552.0
-42.0,-72.0,2.0,144.0
-38.0,-72.0,2.0,144.0
-36.0,-72.0,2.0,144.0
-24.0,-72.0,2.0,272.0
-22.0,-72.0,2.0,272.0
-20.0,-72.0,2.0,272.0
-18.0,-72.0,2.0,272.0
-16.0,-72.0,2.0,356.0
-14.0,-72.0,2.0,356.0
-12.0,-72.0,2.0,356.0
-10.0,-72.0,2.0,356.0
-8.0,-72.0,2.0,450.0
-6.0,-72.0,2.0,450.0
-4.0,-72.0,2.0,450.0
-2.0,-72.0,2.0,450.0
0.0,-72.0,2.0,450.0
2.0,-72.0,2.0,450.0
4.0,-72.0,2.0,450.0
6.0,-72.0,2.0,362.0
8.0,-72.0,2.0,362.0
10.0,-72.0,2.0,362.0
12.0,-72.0,2.0,362.0
14.0,-72.0,2.0,362.0
16.0,-72.0,2.0,464.0
18.0,-72.0,2.0,464.0
20.0,-72.0,2.0,464.0
22.0,-72.0,2.0,464.0
24.0,-72.0,2.0,464.0
38.0,-72.0,2.0,587.0
40.0,-72.0,2.0,100.0
42.0,-72.0,2.0,100.0
44.0,-72.0,2.0,100.0
46.0,-72.0,2.0,90.0
48.0,-72.0,2.0,90.0
50.0,-72.0,2.0,90.0
52.0,-72.0,2.0,413.0
54.0,-72.0,2.0,413.0
-56.0,-70.0,2.0,388.0
-54.0,-70.0,2.0,388.0
-52.0,-70.0,2.0,552.0
-50.0,-70.0,2.0,552.0
-48.0,-70.0,2.0,552.0
-46.0,-70.0,2.0,552.0
-44.0,-70.0,2.0,552.0
-42.0,-70.0,2.0,144.0
-26.0,-70.0,2.0,272.0
-24.0,-70.0,2.0,272.0
-22.0,-70.0,2.0,272.0
-20.0,-70.0,2.0,272.0
-18.0,-70.0,2.0,272.0
-16.0,-70.0,2.0,272.0
-14.0,-70.0,2.0,356.0
-12.0,-70.0,2.0,356.0
-10.0,-70.0,2.0,356.0
-8.0,-70.0,2.0,450.0
-6.0,-70.0,2.0,450.0
-4.0,-70.0,2.0,450.0
-2.0,-70.0,2.0,450.0
0.0,-70.0,2.0,450.0
2.0,-70.0,2.0,450.0
4.0,-70.0,2.0,450.0
6.0,-70.0,2.0,362.0
8.0,-70.0,2.0,362.0
10.0,-70.0,2.0,362.0
12.0,-70.0,2.0,362.0
14.0,-70.0,2.0,362.0
16.0,-70.0,2.0,464.0
18.0,-70.0,2.0,464.0
20.0,-70.0,2.0,464.0
22.0,-70.0,2.0,464.0
24.0,-70.0,2.0,464.0
26.0,-70.0,2.0,464.0
38.0,-70.0,2.0,587.0
40.0,-70.0,2.0,90.0
42.0,-70.0,2.0,90.0
44.0,-70.0,2.0,90.0
46.0,-70.0,2.0,90.0
48.0,-70.0,2.0,90.0
50.0,-70.0,2.0,90.0
52.0,-70.0,2.0,90.0
54.0,-70.0,2.0,90.0
-58.0,-68.0,2.0,388.0
-56.0,-68.0,2.0,388.0
-54.0,-68.0,2.0,388.0
-52.0,-68.0,2.0,388.0
-50.0,-68.0,2.0,388.0
-48.0,-68.0,2.0,388.0
-46.0,-68.0,2.0,552.0
-44.0,-68.0,2.0,144.0
-42.0,-68.0,2.0,144.0
-40.0,-68.0,2.0,144.0
-26.0,-68.0,2.0,272.0
-24.0,-68.0,2.0,272.0
-22.0,-68.0,2.0,272.0
-20.0,-68.0,2.0,272.0
-18.0,-68.0,2.0,272.0
-16.0,-68.0,2.0,272.0
-14.0,-68.0,2.0,272.0
-12.0,-68.0,2.0,272.0
-10.0,-68.0,2.0,450.0
-8.0,-68.0,2.0,450.0
-6.0,-68.0,2.0,450.0
-4.0,-68.0,2.0,450.0
2.0,-68.0,2.0,450.0
4.0,-68.0,2.0,450.0
6.0,-68.0,2.0,362.0
8.0,-68.0,2.0,362.0
10.0,-68.0,2.0,362.0
12.0,-68.0,2.0,303.0
14.0,-68.0,2.0,303.0
16.0,-68.0,2.0,303.0
18.0,-68.0,2.0,303.0
20.0,-68.0,2.0,303.0
22.0,-68.0,2.0,464.0
24.0,-68.0,2.0,464.0
26.0,-68.0,2.0,464.0
28.0,-68.0,2.0,464.0
38.0,-68.0,2.0,587.0
40.0,-68.0,2.0,373.0
42.0,-68.0,2.0,373.0
44.0,-68.0,2.0,373.0
46.0,-68.0,2.0,373.0
48.0,-68.0,2.0,373.0
50.0,-68.0,2.0,373.0
52.0,-68.0,2.0,373.0
54.0,-68.0,2.0,373.0
-58.0,-66.0,2.0,388.0
-56.0,-66.0,2.0,388.0
-54.0,-66.0,2.0,388.0
-52.0,-66.0,2.0,388.0
-50.0,-66.0,2.0,388.0
-48.0,-66.0,2.0,388.0
-46.0,-66.0,2.0,388.0
-44.0,-66.0,2.0,388.0
-42.0,-66.0,2.0,144.0
-40.0,-66.0,2.0,144.0
-24.0,-66.0,2.0,272.0
-22.0,-66.0,2.0,272.0
-20.0,-66.0,2.0,272.0
-18.0,-66.0,2.0,272.0
-16.0,-66.0,2.0,272.0
-14.0,-66.0,2.0,272.0
-12.0,-66.0,2.0,272.0
-10.0,-66.0,2.0,450.0
-8.0,-66.0,2.0,450.0
-6.0,-66.0,2.0,450.0
-4.0,-66.0,2.0,450.0
4.0,-66.0,2.0,450.0
6.0,-66.0,2.0,362.0
8.0,-66.0,2.0,303.0
10.0,-66.0,2.0,303.0
12.0,-66.0,2.0,303.0
14.0,-66.0,2.0,303.0
16.0,-66.0,2.0,303.0
18.0,-66.0,2.0,303.0
20.0,-66.0,2.0,303.0
22.0,-66.0,2.0,303.0
24.0,-66.0,2.0,303.0
26.0,-66.0,2.0,352.0
28.0,-66.0,2.0,357.0
38.0,-66.0,2.0,373.0
40.0,-66.0,2.0,373.0
42.0,-66.0,2.0,373.0
44.0,-66.0,2.0,373.0
46.0,-66.0,2.0,373.0
48.0,-66.0,2.0,373.0
50.0,-66.0,2.0,373.0
52.0,-66.0,2.0,373.0
54.0,-66.0,2.0,373.0
-58.0,-64.0,2.0,388.0
-56.0,-64.0,2.0,388.0
-54.0,-64.0,2.0,388.0
-52.0,-64.0,2.0,388.0
-50.0,-64.0,2.0,388.0
-48.0,-64.0,2.0,388.0
-46.0,-64.0,2.0,388.0
-44.0,-64.0,2.0,388.0
-42.0,-64.0,2.0,144.0
-40.0,-64.0,2.0,144.0
-24.0,-64.0,2.0,272.0
-22.0,-64.0,2.0,272.0
-20.0,-64.0,2.0,272.0
-18.0,-64.0,2.0,272.0
-16.0,-64.0,2.0,272.0
-14.0,-64.0,2.0,272.0
-12.0,-64.0,2.0,157.0
-10.0,-64.0,2.0,157.0
-8.0,-64.0,2.0,450.0
-6.0,-64.0,2.0,450.0
-4.0,-64.0,2.0,450.0
2.0,-64.0,2.0,450.0
4.0,-64.0,2.0,450.0
6.0,-64.0,2.0,303.0
8.0,-64.0,2.0,303.0
10.0,-64.0,2.0,303.0
12.0,-64.0,2.0,303.0
14.0,-64.0,2.0,303.0
16.0,-64.0,2.0,303.0
18.0,-64.0,2.0,303.0
20.0,-64.0,2.0,303.0
22.0,-64.0,2.0,303.0
24.0,-64.0,2.0,303.0
26.0,-64.0,2.0,352.0
28.0,-64.0,2.0,352.0
40.0,-64.0,2.0,373.0
42.0,-64.0,2.0,373.0
44.0,-64.0,2.0,373.0
46.0,-64.0,2.0,373.0
48.0,-64.0,2.0,373.0
50.0,-64.0,2.0,373.0
52.0,-64.0,2.0,373.0
54.0,-64.0,2.0,373.0
-62.0,-62.0,2.0,495.0
-60.0,-62.0,2.0,495.0
-58.0,-62.0,2.0,495.0
-56.0,-62.0,2.0,225.0
-54.0,-62.0,2.0,225.0
-52.0,-62.0,2.0,225.0
-50.0,-62.0,2.0,225.0
-48.0,-62.0,2.0,225.0
-46.0,-62.0,2.0,225.0
-44.0,-62.0,2.0,225.0
-42.0,-62.0,2.0,225.0
-40.0,-62.0,2.0,144.0
-24.0,-62.0,2.0,272.0
-22.0,-62.0,2.0,272.0
-20.0,-62.0,2.0,272.0
-18.0,-62.0,2.0,272.0
-16.0,-62.0,2.0,272.0
-14.0,-62.0,2.0,157.0
-12.0,-62.0,2.0,157.0
-10.0,-62.0,2.0,157.0
-8.0,-62.0,2.0,157.0
-6.0,-62.0,2.0,450.0
2.0,-62.0,2.0,181.0
4.0,-62.0,2.0,181.0
6.0,-62.0,2.0,181.0
8.0,-62.0,2.0,303.0
10.0,-62.0,2.0,303.0
12.0,-62.0,2.0,303.0
14.0,-62.0,2.0,303.0
16.0,-62.0,2.0,303.0
18.0,-62.0,2.0,303.0
20.0,-62.0,2.0,303.0
22.0,-62.0,2.0,303.0
24.0,-62.0,2.0,303.0
26.0,-62.0,2.0,352.0
28.0,-62.0,2.0,352.0
40.0,-62.0,2.0,373.0
42.0,-62.0,2.0,373.0
44.0,-62.0,2.0,373.0
46.0,-62.0,2.0,373.0
48.0,-62.0,2.0,373.0
50.0,-62.0,2.0,373.0
52.0,-62.0,2.0,373.0
54.0,-62.0,2.0,373.0
56.0,-62.0,2.0,373.0
58.0,-62.0,2.0,373.0
60.0,-62.0,2.0,373.0
62.0,-62.0,2.0,581.0
-62.0,-60.0,2.0,495.0
-60.0,-60.0,2.0,495.0
-58.0,-60.0,2.0,495.0
-56.0,-60.0,2.0,225.0
-54.0,-60.0,2.0,225.0
-52.0,-60.0,2.0,225.0
-50.0,-60.0,2.0,225.0
-48.0,-60.0,2.0,225.0
-46.0,-60.0,2.0,225.0
-44.0,-60.0,2.0,225.0
-42.0,-60.0,2.0,79.0
-40.0,-60.0,2.0,79.0
-24.0,-60.0,2.0,47.0
-22.0,-60.0,2.0,47.0
-20.0,-60.0,2.0,406.0
-18.0,-60.0,2.0,406.0
-16.0,-60.0,2.0,406.0
-14.0,-60.0,2.0,406.0
-12.0,-60.0,2.0,406.0
-10.0,-60.0,2.0,406.0
-8.0,-60.0,2.0,406.0
-6.0,-60.0,2.0,406.0
2.0,-60.0,2.0,181.0
4.0,-60.0,2.0,181.0
6.0,-60.0,2.0,181.0
8.0,-60.0,2.0,303.0
10.0,-60.0,2.0,303.0
12.0,-60.0,2.0,303.0
14.0,-60.0,2.0,303.0
16.0,-60.0,2.0,303.0
18.0,-60.0,2.0,303.0
20.0,-60.0,2.0,303.0
22.0,-60.0,2.0,303.0
24.0,-60.0,2.0,306.0
26.0,-60.0,2.0,306.0
28.0,-60.0,2.0,352.0
40.0,-60.0,2.0,373.0
42.0,-60.0,2.0,373.0
44.0,-60.0,2.0,373.0
46.0,-60.0,2.0,373.0
48.0,-60.0,2.0,373.0
50.0,-60.0,2.0,373.0
52.0,-60.0,2.0,373.0
54.0,-60.0,2.0,373.0
56.0,-60.0,2.0,373.0
58.0,-60.0,2.0,581.0
60.0,-60.0,2.0,581.0
62.0,-60.0,2.0,581.0
64.0,-60.0,2.0,581.0
-64.0,-58.0,2.0,495.0
-62.0,-58.0,2.0,495.0
-60.0,-58.0,2.0,495.0
-58.0,-58.0,2.0,495.0
-56.0,-58.0,2.0,225.0
-54.0,-58.0,2.0,225.0
-52.0,-58.0,2.0,225.0
-50.0,-58.0,2.0,225.0
-48.0,-58.0,2.0,225.0
-46.0,-58.0,2.0,225.0
-44.0,-58.0,2.0,225.0
-42.0,-58.0,2.0,79.0
-40.0,-58.0,2.0,79.0
-24.0,-58.0,2.0,47.0
-22.0,-58.0,2.0,47.0
-20.0,-58.0,2.0,406.0
-18.0,-58.0,2.0,406.0
-16.0,-58.0,2.0,406.0
-14.0,-58.0,2.0,406.0
-12.0,-58.0,2.0,406.0
-10.0,-58.0,2.0,406.0
-8.0,-58.0,2.0,406.0
4.0,-58.0,2.0,181.0
6.0,-58.0,2.0,181.0
8.0,-58.0,2.0,181.0
10.0,-58.0,2.0,303.0
12.0,-58.0,2.0,303.0
14.0,-58.0,2.0,303.0
16.0,-58.0,2.0,303.0
18.0,-58.0,2.0,303.0
20.0,-58.0,2.0,306.0
22.0,-58.0,2.0,306.0
24.0,-58.0,2.0,306.0
26.0,-58.0,2.0,306.0
28.0,-58.0,2.0,306.0
42.0,-58.0,2.0,373.0
44.0,-58.0,2.0,373.0
46.0,-58.0,2.0,373.0
48.0,-58.0,2.0,373.0
50.0,-58.0,2.0,373.0
52.0,-58.0,2.0,373.0
54.0,-58.0,2.0,581.0
56.0,-58.0,2.0,581.0
58.0,-58.0,2.0,581.0
60.0,-58.0,2.0,581.0
62.0,-58.0,2.0,581.0
64.0,-58.0,2.0,581.0
-64.0,-56.0,2.0,495.0
-62.0,-56.0,2.0,495.0
-60.0,-56.0,2.0,495.0
-58.0,-56.0,2.0,495.0
-56.0,-56.0,2.0,225.0
-54.0,-56.0,2.0,225.0
-52.0,-56.0,2.0,225.0
-50.0,-56.0,2.0,225.0
-48.0,-56.0,2.0,225.0
-46.0,-56.0,2.0,225.0
-44.0,-56.0,2.0,225.0
-24.0,-56.0,2.0,47.0
-22.0,-56.0,2.0,47.0
-20.0,-56.0,2.0,47.0
-18.0,-56.0,2.0,406.0
-16.0,-56.0,2.0,406.0
-14.0,-56.0,2.0,406.0
-12.0,-56.0,2.0,406.0
-10.0,-56.0,2.0,406.0
-8.0,-56.0,2.0,406.0
-6.0,-56.0,2.0,406.0
4.0,-56.0,2.0,181.0
6.0,-56.0,2.0,181.0
8.0,-56.0,2.0,181.0
10.0,-56.0,2.0,181.0
12.0,-56.0,2.0,303.0
14.0,-56.0,2.0,303.0
16.0,-56.0,2.0,306.0
18.0,-56.0,2.0,306.0
20.0,-56.0,2.0,306.0
22.0,-56.0,2.0,306.0
24.0,-56.0,2.0,306.0
44.0,-56.0,2.0,373.0
46.0,-56.0,2.0,373.0
48.0,-56.0,2.0,373.0
50.0,-56.0,2.0,373.0
52.0,-56.0,2.0,581.0
54.0,-56.0,2.0,581.0
56.0,-56.0,2.0,581.0
58.0,-56.0,2.0,581.0
60.0,-56.0,2.0,581.0
62.0,-56.0,2.0,581.0
64.0,-56.0,2.0,581.0
66.0,-56.0,2.0,581.0
-66.0,-54.0,2.0,495.0
-64.0,-54.0,2.0,495.0
-62.0,-54.0,2.0,495.0
-60.0,-54.0,2.0,495.0
-58.0,-54.0,2.0,495.0
-56.0,-54.0,2.0,225.0
-54.0,-54.0,2.0,225.0
-52.0,-54.0,2.0,225.0
-50.0,-54.0,2.0,225.0
-48.0,-54.0,2.0,225.0
-46.0,-54.0,2.0,225.0
-44.0,-54.0,2.0,79.0
-26.0,-54.0,2.0,47.0
-24.0,-54.0,2.0,47.0
-22.0,-54.0,2.0,47.0
-20.0,-54.0,2.0,47.0
-18.0,-54.0,2.0,406.0
-16.0,-54.0,2.0,406.0
-14.0,-54.0,2.0,406.0
-12.0,-54.0,2.0,406.0
-10.0,-54.0,2.0,406.0
-8.0,-54.0,2.0,406.0
-6.0,-54.0,2.0,406.0
4.0,-54.0,2.0,181.0
6.0,-54.0,2.0,181.0
8.0,-54.0,2.0,181.0
10.0,-54.0,2.0,181.0
12.0,-54.0,2.0,441.0
14.0,-54.0,2.0,441.0
16.0,-54.0,2.0,441.0
18.0,-54.0,2.0,441.0
20.0,-54.0,2.0,441.0
22.0,-54.0,2.0,441.0
46.0,-54.0,2.0,373.0
48.0,-54.0,2.0,581.0
50.0,-54.0,2.0,581.0
52.0,-54.0,2.0,581.0
54.0,-54.0,2.0,581.0
56.0,-54.0,2.0,581.0
58.0,-54.0,2.0,581.0
60.0,-54.0,2.0,581.0
62.0,-54.0,2.0,581.0
64.0,-54.0,2.0,581.0
66.0,-54.0,2.0,581.0
-66.0,-52.0,2.0,495.0
-64.0,-52.0,2.0,495.0
-62.0,-52.0,2.0,495.0
-60.0,-52.0,2.0,495.0
-58.0,-52.0,2.0,495.0
-56.0,-52.0,2.0,225.0
-54.0,-52.0,2.0,225.0
-52.0,-52.0,2.0,225.0
-50.0,-52.0,2.0,225.0
-48.0,-52.0,2.0,225.0
-46.0,-52.0,2.0,225.0
-44.0,-52.0,2.0,79.0
-24.0,-52.0,2.0,47.0
-22.0,-52.0,2.0,47.0
-20.0,-52.0,2.0,47.0
-18.0,-52.0,2.0,406.0
-16.0,-52.0,2.0,406.0
-14.0,-52.0,2.0,406.0
-12.0,-52.0,2.0,406.0
-10.0,-52.0,2.0,406.0
-8.0,-52.0,2.0,406.0
-6.0,-52.0,2.0,406.0
4.0,-52.0,2.0,181.0
6.0,-52.0,2.0,181.0
8.0,-52.0,2.0,181.0
10.0,-52.0,2.0,441.0
12.0,-52.0,2.0,441.0
14.0,-52.0,2.0,441.0
16.0,-52.0,2.0,441.0
18.0,-52.0,2.0,441.0
20.0,-52.0,2.0,441.0
22.0,-52.0,2.0,441.0
24.0,-52.0,2.0,441.0
48.0,-52.0,2.0,581.0
50.0,-52.0,2.0,581.0
52.0,-52.0,2.0,581.0
54.0,-52.0,2.0,581.0
56.0,-52.0,2.0,581.0
58.0,-52.0,2.0,581.0
60.0,-52.0,2.0,581.0
62.0,-52.0,2.0,581.0
64.0,-52.0,2.0,581.0
66.0,-52.0,2.0,581.0
-68.0,-50.0,2.0,495.0
-66.0,-50.0,2.0,495.0
-64.0,-50.0,2.0,495.0
-62.0,-50.0,2.0,495.0
-60.0,-50.0,2.0,495.0
-58.0,-50.0,2.0,495.0
-56.0,-50.0,2.0,137.0
-54.0,-50.0,2.0,137.0
-52.0,-50.0,2.0,137.0
-50.0,-50.0,2.0,137.0
-48.0,-50.0,2.0,137.0
-46.0,-50.0,2.0,137.0
-22.0,-50.0,2.0,47.0
-20.0,-50.0,2.0,47.0
-18.0,-50.0,2.0,47.0
-16.0,-50.0,2.0,406.0
-14.0,-50.0,2.0,406.0
-12.0,-50.0,2.0,406.0
-10.0,-50.0,2.0,406.0
-8.0,-50.0,2.0,406.0
6.0,-50.0,2.0,181.0
8.0,-50.0,2.0,181.0
10.0,-50.0,2.0,441.0
12.0,-50.0,2.0,441.0
14.0,-50.0,2.0,441.0
16.0,-50.0,2.0,441.0
18.0,-50.0,2.0,441.0
20.0,-50.0,2.0,441.0
22.0,-50.0,2.0,441.0
24.0,-50.0,2.0,441.0
50.0,-50.0,2.0,581.0
52.0,-50.0,2.0,581.0
54.0,-50.0,2.0,581.0
56.0,-50.0,2.0,581.0
58.0,-50.0,2.0,581.0
60.0,-50.0,2.0,581.0
62.0,-50.0,2.0,581.0
64.0,-50.0,2.0,581.0
66.0,-50.0,2.0,581.0
68.0,-50.0,2.0,581.0
-68.0,-48.0,2.0,535.0
-66.0,-48.0,2.0,495.0
-64.0,-48.0,2.0,495.0
-62.0,-48.0,2.0,495.0
-60.0,-48.0,2.0,495.0
-58.0,-48.0,2.0,137.0
-56.0,-48.0,2.0,137.0
-54.0,-48.0,2.0,137.0
-52.0,-48.0,2.0,137.0
-50.0,-48.0,2.0,137.0
-48.0,-48.0,2.0,137.0
-46.0,-48.0,2.0,137.0
-24.0,-48.0,2.0,47.0
-22.0,-48.0,2.0,47.0
-20.0,-48.0,2.0,47.0
-18.0,-48.0,2.0,47.0
-16.0,-48.0,2.0,406.0
-14.0,-48.0,2.0,406.0
-12.0,-48.0,2.0,406.0
-10.0,-48.0,2.0,406.0
-8.0,-48.0,2.0,406.0
6.0,-48.0,2.0,551.0
8.0,-48.0,2.0,551.0
10.0,-48.0,2.0,441.0
12.0,-48.0,2.0,441.0
14.0,-48.0,2.0,441.0
16.0,-48.0,2.0,441.0
18.0,-48.0,2.0,441.0
20.0,-48.0,2.0,441.0
22.0,-48.0,2.0,441.0
50.0,-48.0,2.0,581.0
52.0,-48.0,2.0,581.0
54.0,-48.0,2.0,581.0
56.0,-48.0,2.0,581.0
58.0,-48.0,2.0,581.0
60.0,-48.0,2.0,581.0
62.0,-48.0,2.0,581.0
64.0,-48.0,2.0,581.0
66.0,-48.0,2.0,581.0
68.0,-48.0,2.0,581.0
-68.0,-46.0,2.0,535.0
-66.0,-46.0,2.0,535.0
-64.0,-46.0,2.0,535.0
-62.0,-46.0,2.0,535.0
-60.0,-46.0,2.0,137.0
-58.0,-46.0,2.0,137.0
-56.0,-46.0,2.0,137.0
-54.0,-46.0,2.0,137.0
-52.0,-46.0,2.0,137.0
-50.0,-46.0,2.0,137.0
-24.0,-46.0,2.0,47.0
-22.0,-46.0,2.0,47.0
-20.0,-46.0,2.0,47.0
-18.0,-46.0,2.0,47.0
-16.0,-46.0,2.0,406.0
-14.0,-46.0,2.0,406.0
-12.0,-46.0,2.0,406.0
-10.0,-46.0,2.0,406.0
-8.0,-46.0,2.0,406.0
6.0,-46.0,2.0,551.0
8.0,-46.0,2.0,551.0
10.0,-46.0,2.0,551.0
12.0,-46.0,2.0,441.0
14.0,-46.0,2.0,441.0
16.0,-46.0,2.0,441.0
48.0,-46.0,2.0,581.0
50.0,-46.0,2.0,581.0
52.0,-46.0,2.0,581.0
54.0,-46.0,2.0,581.0
56.0,-46.0,2.0,581.0
58.0,-46.0,2.0,581.0
60.0,-46.0,2.0,581.0
62.0,-46.0,2.0,581.0
64.0,-46.0,2.0,581.0
66.0,-46.0,2.0,133.0
68.0,-46.0,2.0,133.0
-70.0,-44.0,2.0,535.0
-68.0,-44.0,2.0,535.0
-66.0,-44.0,2.0,535.0
-64.0,-44.0,2.0,535.0
-62.0,-44.0,2.0,535.0
-60.0,-44.0,2.0,535.0
-58.0,-44.0,2.0,137.0
-56.0,-44.0,2.0,137.0
-54.0,-44.0,2.0,137.0
-52.0,-44.0,2.0,137.0
-24.0,-44.0,2.0,47.0
-22.0,-44.0,2.0,47.0
-20.0,-44.0,2.0,47.0
-18.0,-44.0,2.0,47.0
-16.0,-44.0,2.0,47.0
-14.0,-44.0,2.0,406.0
-12.0,-44.0,2.0,406.0
-10.0,-44.0,2.0,406.0
-8.0,-44.0,2.0,406.0
-6.0,-44.0,2.0,551.0
6.0,-44.0,2.0,551.0
8.0,-44.0,2.0,551.0
10.0,-44.0,2.0,551.0
12.0,-44.0,2.0,441.0
14.0,-44.0,2.0,441.0
46.0,-44.0,2.0,581.0
48.0,-44.0,2.0,581.0
50.0,-44.0,2.0,581.0
52.0,-44.0,2.0,581.0
54.0,-44.0,2.0,581.0
56.0,-44.0,2.0,581.0
58.0,-44.0,2.0,581.0
60.0,-44.0,2.0,581.0
62.0,-44.0,2.0,133.0
64.0,-44.0,2.0,133.0
66.0,-44.0,2.0,133.0
68.0,-44.0,2.0,467.0
-70.0,-42.0,2.0,535.0
-68.0,-42.0,2.0,535.0
-66.0,-42.0,2.0,535.0
-64.0,-42.0,2.0,535.0
-62.0,-42.0,2.0,535.0
-60.0,-42.0,2.0,535.0
-58.0,-42.0,2.0,117.0
-56.0,-42.0,2.0,137.0
-54.0,-42.0,2.0,137.0
-52.0,-42.0,2.0,137.0
-50.0,-42.0,2.0,59.0
-48.0,-42.0,2.0,59.0
-20.0,-42.0,2.0,47.0
-18.0,-42.0,2.0,47.0
-16.0,-42.0,2.0,47.0
-14.0,-42.0,2.0,406.0
-12.0,-42.0,2.0,406.0
-10.0,-42.0,2.0,406.0
-8.0,-42.0,2.0,551.0
8.0,-42.0,2.0,551.0
10.0,-42.0,2.0,551.0
12.0,-42.0,2.0,441.0
14.0,-42.0,2.0,441.0
16.0,-42.0,2.0,441.0
46.0,-42.0,2.0,581.0
48.0,-42.0,2.0,581.0
50.0,-42.0,2.0,581.0
52.0,-42.0,2.0,581.0
54.0,-42.0,2.0,581.0
56.0,-42.0,2.0,133.0
58.0,-42.0,2.0,133.0
60.0,-42.0,2.0,133.0
62.0,-42.0,2.0,133.0
64.0,-42.0,2.0,133.0
66.0,-42.0,2.0,133.0
68.0,-42.0,2.0,467.0
-70.0,-40.0,2.0,535.0
-68.0,-40.0,2.0,535.0
-66.0,-40.0,2.0,535.0
-64.0,-40.0,2.0,535.0
-62.0,-40.0,2.0,535.0
-60.0,-40.0,2.0,535.0
-58.0,-40.0,2.0,117.0
-56.0,-40.0,2.0,59.0
-54.0,-40.0,2.0,59.0
-52.0,-40.0,2.0,59.0
-50.0,-40.0,2.0,59.0
-48.0,-40.0,2.0,59.0
-46.0,-40.0,2.0,59.0
-14.0,-40.0,2.0,406.0
-12.0,-40.0,2.0,406.0
-10.0,-40.0,2.0,406.0
-8.0,-40.0,2.0,473.0
8.0,-40.0,2.0,551.0
10.0,-40.0,2.0,551.0
12.0,-40.0,2.0,441.0
14.0,-40.0,2.0,441.0
16.0,-40.0,2.0,441.0
44.0,-40.0,2.0,581.0
46.0,-40.0,2.0,581.0
48.0,-40.0,2.0,581.0
50.0,-40.0,2.0,581.0
52.0,-40.0,2.0,133.0
54.0,-40.0,2.0,133.0
56.0,-40.0,2.0,133.0
58.0,-40.0,2.0,133.0
60.0,-40.0,2.0,133.0
62.0,-40.0,2.0,133.0
64.0,-40.0,2.0,133.0
66.0,-40.0,2.0,133.0
68.0,-40.0,2.0,467.0
-70.0,-38.0,2.0,535.0
-68.0,-38.0,2.0,535.0
-66.0,-38.0,2.0,535.0
-64.0,-38.0,2.0,535.0
-62.0,-38.0,2.0,535.0
-60.0,-38.0,2.0,535.0
-58.0,-38.0,2.0,59.0
-56.0,-38.0,2.0,59.0
-54.0,-38.0,2.0,59.0
-52.0,-38.0,2.0,59.0
-50.0,-38.0,2.0,59.0
-48.0,-38.0,2.0,59.0
-46.0,-38.0,2.0,59.0
-44.0,-38.0,2.0,59.0
-12.0,-38.0,2.0,406.0
-10.0,-38.0,2.0,473.0
12.0,-38.0,2.0,551.0
14.0,-38.0,2.0,441.0
46.0,-38.0,2.0,133.0
48.0,-38.0,2.0,133.0
50.0,-38.0,2.0,133.0
52.0,-38.0,2.0,133.0
54.0,-38.0,2.0,133.0
56.0,-38.0,2.0,133.0
58.0,-38.0,2.0,133.0
60.0,-38.0,2.0,133.0
62.0,-38.0,2.0,133.0
64.0,-38.0,2.0,133.0
66.0,-38.0,2.0,133.0
68.0,-38.0,2.0,467.0
-70.0,-36.0,2.0,529.0
-68.0,-36.0,2.0,529.0
-66.0,-36.0,2.0,529.0
-64.0,-36.0,2.0,529.0
-62.0,-36.0,2.0,529.0
-60.0,-36.0,2.0,529.0
-58.0,-36.0,2.0,529.0
-56.0,-36.0,2.0,59.0
-54.0,-36.0,2.0,59.0
-52.0,-36.0,2.0,59.0
-50.0,-36.0,2.0,59.0
-48.0,-36.0,2.0,59.0
-46.0,-36.0,2.0,59.0
-44.0,-36.0,2.0,59.0
-10.0,-36.0,2.0,473.0
14.0,-36.0,2.0,24.0
16.0,-36.0,2.0,24.0
46.0,-36.0,2.0,133.0
48.0,-36.0,2.0,133.0
50.0,-36.0,2.0,133.0
52.0,-36.0,2.0,133.0
54.0,-36.0,2.0,133.0
56.0,-36.0,2.0,133.0
58.0,-36.0,2.0,133.0
60.0,-36.0,2.0,133.0
62.0,-36.0,2.0,133.0
64.0,-36.0,2.0,133.0
66.0,-36.0,2.0,184.0
68.0,-36.0,2.0,184.0
-70.0,-34.0,2.0,529.0
-68.0,-34.0,2.0,529.0
-66.0,-34.0,2.0,529.0
-64.0,-34.0,2.0,529.0
-62.0,-34.0,2.0,529.0
-60.0,-34.0,2.0,529.0
-58.0,-34.0,2.0,529.0
-56.0,-34.0,2.0,59.0
-54.0,-34.0,2.0,59.0
-52.0,-34.0,2.0,59.0
-50.0,-34.0,2.0,59.0
-48.0,-34.0,2.0,59.0
-46.0,-34.0,2.0,59.0
-44.0,-34.0,2.0,59.0
10.0,-34.0,2.0,24.0
12.0,-34.0,2.0,24.0
14.0,-34.0,2.0,24.0
16.0,-34.0,2.0,24.0
18.0,-34.0,2.0,24.0
20.0,-34.0,2.0,24.0
48.0,-34.0,2.0,133.0
50.0,-34.0,2.0,133.0
52.0,-34.0,2.0,133.0
54.0,-34.0,2.0,133.0
56.0,-34.0,2.0,133.0
58.0,-34.0,2.0,133.0
60.0,-34.0,2.0,133.0
62.0,-34.0,2.0,184.0
64.0,-34.0,2.0,184.0
66.0,-34.0,2.0,184.0
68.0,-34.0,2.0,184.0
-70.0,-32.0,2.0,529.0
-68.0,-32.0,2.0,529.0
-66.0,-32.0,2.0,529.0
-64.0,-32.0,2.0,529.0
-62.0,-32.0,2.0,529.0
-60.0,-32.0,2.0,529.0
-58.0,-32.0,2.0,529.0
-56.0,-32.0,2.0,529.0
-54.0,-32.0,2.0,59.0
-52.0,-32.0,2.0,59.0
-50.0,-32.0,2.0,59.0
-48.0,-32.0,2.0,59.0
-46.0,-32.0,2.0,153.0
-44.0,-32.0,2.0,153.0
-20.0,-32.0,2.0,577.0
-18.0,-32.0,2.0,577.0
-16.0,-32.0,2.0,577.0
-14.0,-32.0,2.0,577.0
6.0,-32.0,2.0,24.0
8.0,-32.0,2.0,24.0
10.0,-32.0,2.0,24.0
12.0,-32.0,2.0,24.0
14.0,-32.0,2.0,24.0
16.0,-32.0,2.0,24.0
18.0,-32.0,2.0,24.0
20.0,-32.0,2.0,24.0
22.0,-32.0,2.0,24.0
44.0,-32.0,2.0,211.0
46.0,-32.0,2.0,211.0
50.0,-32.0,2.0,133.0
52.0,-32.0,2.0,133.0
54.0,-32.0,2.0,133.0
56.0,-32.0,2.0,133.0
58.0,-32.0,2.0,133.0
60.0,-32.0,2.0,184.0
62.0,-32.0,2.0,184.0
64.0,-32.0,2.0,184.0
66.0,-32.0,2.0,184.0
68.0,-32.0,2.0,184.0
-70.0,-30.0,2.0,529.0
-68.0,-30.0,2.0,529.0
-66.0,-30.0,2.0,529.0
-64.0,-30.0,2.0,529.0
-62.0,-30.0,2.0,529.0
-60.0,-30.0,2.0,529.0
-58.0,-30.0,2.0,529.0
-56.0,-30.0,2.0,529.0
-54.0,-30.0,2.0,59.0
-52.0,-30.0,2.0,59.0
-50.0,-30.0,2.0,153.0
-48.0,-30.0,2.0,153.0
-46.0,-30.0,2.0,153.0
-44.0,-30.0,2.0,153.0
-22.0,-30.0,2.0,577.0
-20.0,-30.0,2.0,577.0
-18.0,-30.0,2.0,577.0
-16.0,-30.0,2.0,577.0
-14.0,-30.0,2.0,577.0
-12.0,-30.0,2.0,577.0
-10.0,-30.0,2.0,577.0
6.0,-30.0,2.0,24.0
8.0,-30.0,2.0,24.0
10.0,-30.0,2.0,24.0
12.0,-30.0,2.0,24.0
14.0,-30.0,2.0,24.0
16.0,-30.0,2.0,24.0
18.0,-30.0,2.0,24.0
20.0,-30.0,2.0,24.0
22.0,-30.0,2.0,24.0
42.0,-30.0,2.0,211.0
44.0,-30.0,2.0,211.0
46.0,-30.0,2.0,211.0
48.0,-30.0,2.0,211.0
50.0,-30.0,2.0,211.0
52.0,-30.0,2.0,133.0
54.0,-30.0,2.0,133.0
56.0,-30.0,2.0,184.0
58.0,-30.0,2.0,184.0
60.0,-30.0,2.0,184.0
62.0,-30.0,2.0,184.0
64.0,-30.0,2.0,184.0
66.0,-30.0,2.0,184.0
68.0,-30.0,2.0,184.0
-70.0,-28.0,2.0,529.0
-68.0,-28.0,2.0,529.0
-66.0,-28.0,2.0,529.0
-64.0,-28.0,2.0,529.0
-62.0,-28.0,2.0,529.0
-60.0,-28.0,2.0,529.0
-58.0,-28.0,2.0,529.0
-56.0,-28.0,2.0,529.0
-54.0,-28.0,2.0,131.0
-52.0,-28.0,2.0,131.0
-50.0,-28.0,2.0,131.0
-48.0,-28.0,2.0,131.0
-46.0,-28.0,2.0,131.0
-44.0,-28.0,2.0,131.0
-22.0,-28.0,2.0,577.0
-20.0,-28.0,2.0,577.0
-18.0,-28.0,2.0,577.0
-16.0,-28.0,2.0,577.0
-14.0,-28.0,2.0,577.0
-12.0,-28.0,2.0,577.0
-10.0,-28.0,2.0,577.0
-8.0,-28.0,2.0,577.0
4.0,-28.0,2.0,24.0
6.0,-28.0,2.0,24.0
8.0,-28.0,2.0,24.0
10.0,-28.0,2.0,24.0
12.0,-28.0,2.0,24.0
14.0,-28.0,2.0,24.0
16.0,-28.0,2.0,24.0
18.0,-28.0,2.0,24.0
20.0,-28.0,2.0,24.0
22.0,-28.0,2.0,24.0
42.0,-28.0,2.0,246.0
44.0,-28.0,2.0,211.0
46.0,-28.0,2.0,211.0
48.0,-28.0,2.0,211.0
50.0,-28.0,2.0,211.0
52.0,-28.0,2.0,460.0
54.0,-28.0,2.0,460.0
56.0,-28.0,2.0,460.0
58.0,-28.0,2.0,184.0
60.0,-28.0,2.0,184.0
62.0,-28.0,2.0,184.0
64.0,-28.0,2.0,184.0
66.0,-28.0,2.0,184.0
68.0,-28.0,2.0,184.0
-70.0,-26.0,2.0,529.0
-68.0,-26.0,2.0,529.0
-66.0,-26.0,2.0,529.0
-64.0,-26.0,2.0,529.0
-62.0,-26.0,2.0,529.0
-60.0,-26.0,2.0,529.0
-58.0,-26.0,2.0,529.0
-56.0,-26.0,2.0,529.0
-54.0,-26.0,2.0,131.0
-52.0,-26.0,2.0,131.0
-50.0,-26.0,2.0,131.0
-48.0,-26.0,2.0,131.0
-46.0,-26.0,2.0,131.0
-44.0,-26.0,2.0,131.0
-22.0,-26.0,2.0,577.0
-20.0,-26.0,2.0,577.0
-18.0,-26.0,2.0,577.0
-16.0,-26.0,2.0,577.0
-14.0,-26.0,2.0,577.0
-12.0,-26.0,2.0,577.0
-10.0,-26.0,2.0,577.0
-8.0,-26.0,2.0,577.0
-6.0,-26.0,2.0,104.0
4.0,-26.0,2.0,104.0
6.0,-26.0,2.0,24.0
8.0,-26.0,2.0,24.0
10.0,-26.0,2.0,24.0
12.0,-26.0,2.0,24.0
14.0,-26.0,2.0,24.0
16.0,-26.0,2.0,24.0
18.0,-26.0,2.0,24.0
20.0,-26.0,2.0,24.0
42.0,-26.0,2.0,246.0
44.0,-26.0,2.0,211.0
46.0,-26.0,2.0,211.0
48.0,-26.0,2.0,211.0
50.0,-26.0,2.0,460.0
52.0,-26.0,2.0,460.0
54.0,-26.0,2.0,460.0
56.0,-26.0,2.0,460.0
58.0,-26.0,2.0,184.0
60.0,-26.0,2.0,184.0
62.0,-26.0,2.0,184.0
64.0,-26.0,2.0,184.0
66.0,-26.0,2.0,184.0
68.0,-26.0,2.0,184.0
-70.0,-24.0,2.0,66.0
-68.0,-24.0,2.0,66.0
-66.0,-24.0,2.0,66.0
-64.0,-24.0,2.0,66.0
-62.0,-24.0,2.0,66.0
-60.0,-24.0,2.0,529.0
-58.0,-24.0,2.0,529.0
-56.0,-24.0,2.0,529.0
-54.0,-24.0,2.0,131.0
-52.0,-24.0,2.0,131.0
-50.0,-24.0,2.0,131.0
-48.0,-24.0,2.0,131.0
-22.0,-24.0,2.0,577.0
-20.0,-24.0,2.0,577.0
-18.0,-24.0,2.0,577.0
-16.0,-24.0,2.0,577.0
-14.0,-24.0,2.0,577.0
-12.0,-24.0,2.0,577.0
-10.0,-24.0,2.0,577.0
-8.0,-24.0,2.0,443.0
-6.0,-24.0,2.0,104.0
-4.0,-24.0,2.0,104.0
2.0,-24.0,2.0,104.0
4.0,-24.0,2.0,104.0
6.0,-24.0,2.0,104.0
8.0,-24.0,2.0,24.0
10.0,-24.0,2.0,24.0
12.0,-24.0,2.0,24.0
14.0,-24.0,2.0,24.0
16.0,-24.0,2.0,24.0
18.0,-24.0,2.0,24.0
20.0,-24.0,2.0,24.0
40.0,-24.0,2.0,246.0
42.0,-24.0,2.0,246.0
44.0,-24.0,2.0,28.0
46.0,-24.0,2.0,28.0
48.0,-24.0,2.0,28.0
50.0,-24.0,2.0,28.0
52.0,-24.0,2.0,460.0
54.0,-24.0,2.0,460.0
56.0,-24.0,2.0,460.0
58.0,-24.0,2.0,460.0
60.0,-24.0,2.0,184.0
62.0,-24.0,2.0,184.0
64.0,-24.0,2.0,184.0
66.0,-24.0,2.0,184.0
68.0,-24.0,2.0,184.0
-70.0,-22.0,2.0,66.0
-68.0,-22.0,2.0,66.0
-66.0,-22.0,2.0,66.0
-64.0,-22.0,2.0,66.0
-62.0,-22.0,2.0,66.0
-60.0,-22.0,2.0,66.0
-58.0,-22.0,2.0,66.0
-56.0,-22.0,2.0,13.0
-54.0,-22.0,2.0,131.0
-52.0,-22.0,2.0,131.0
-22.0,-22.0,2.0,577.0
-20.0,-22.0,2.0,577.0
-18.0,-22.0,2.0,577.0
-16.0,-22.0,2.0,577.0
-14.0,-22.0,2.0,577.0
-12.0,-22.0,2.0,577.0
-10.0,-22.0,2.0,443.0
-8.0,-22.0,2.0,443.0
-6.0,-22.0,2.0,104.0
-4.0,-22.0,2.0,104.0
0.0,-22.0,2.0,104.0
2.0,-22.0,2.0,104.0
4.0,-22.0,2.0,104.0
6.0,-22.0,2.0,104.0
8.0,-22.0,2.0,24.0
10.0,-22.0,2.0,24.0
12.0,-22.0,2.0,24.0
14.0,-22.0,2.0,24.0
16.0,-22.0,2.0,111.0
18.0,-22.0,2.0,111.0
20.0,-22.0,2.0,111.0
22.0,-22.0,2.0,111.0
34.0,-22.0,2.0,246.0
36.0,-22.0,2.0,246.0
38.0,-22.0,2.0,246.0
40.0,-22.0,2.0,28.0
42.0,-22.0,2.0,28.0
44.0,-22.0,2.0,28.0
46.0,-22.0,2.0,28.0
48.0,-22.0,2.0,28.0
50.0,-22.0,2.0,418.0
52.0,-22.0,2.0,418.0
54.0,-22.0,2.0,460.0
56.0,-22.0,2.0,460.0
58.0,-22.0,2.0,460.0
60.0,-22.0,2.0,460.0
62.0,-22.0,2.0,184.0
64.0,-22.0,2.0,184.0
66.0,-22.0,2.0,184.0
68.0,-22.0,2.0,184.0
-70.0,-20.0,2.0,66.0
-68.0,-20.0,2.0,66.0
-66.0,-20.0,2.0,66.0
-64.0,-20.0,2.0,66.0
-62.0,-20.0,2.0,66.0
-60.0,-20.0,2.0,66.0
-58.0,-20.0,2.0,13.0
-56.0,-20.0,2.0,13.0
-44.0,-20.0,2.0,131.0
-42.0,-20.0,2.0,131.0
-38.0,-20.0,2.0,131.0
-36.0,-20.0,2.0,131.0
-24.0,-20.0,2.0,577.0
-22.0,-20.0,2.0,577.0
-20.0,-20.0,2.0,577.0
-18.0,-20.0,2.0,577.0
-16.0,-20.0,2.0,577.0
-14.0,-20.0,2.0,577.0
-12.0,-20.0,2.0,443.0
-10.0,-20.0,2.0,443.0
-8.0,-20.0,2.0,443.0
-6.0,-20.0,2.0,443.0
-4.0,-20.0,2.0,104.0
0.0,-20.0,2.0,104.0
2.0,-20.0,2.0,104.0
4.0,-20.0,2.0,104.0
6.0,-20.0,2.0,189.0
8.0,-20.0,2.0,189.0
10.0,-20.0,2.0,111.0
12.0,-20.0,2.0,111.0
14.0,-20.0,2.0,111.0
16.0,-20.0,2.0,111.0
18.0,-20.0,2.0,111.0
20.0,-20.0,2.0,111.0
22.0,-20.0,2.0,111.0
34.0,-20.0,2.0,246.0
36.0,-20.0,2.0,246.0
38.0,-20.0,2.0,28.0
40.0,-20.0,2.0,28.0
42.0,-20.0,2.0,28.0
44.0,-20.0,2.0,28.0
46.0,-20.0,2.0,28.0
48.0,-20.0,2.0,28.0
50.0,-20.0,2.0,418.0
52.0,-20.0,2.0,418.0
54.0,-20.0,2.0,418.0
56.0,-20.0,2.0,460.0
58.0,-20.0,2.0,460.0
60.0,-20.0,2.0,460.0
62.0,-20.0,2.0,184.0
64.0,-20.0,2.0,184.0
66.0,-20.0,2.0,184.0
68.0,-20.0,2.0,319.0
-70.0,-18.0,2.0,66.0
-68.0,-18.0,2.0,66.0
-66.0,-18.0,2.0,66.0
-64.0,-18.0,2.0,66.0
-62.0,-18.0,2.0,66.0
-60.0,-18.0,2.0,13.0
-58.0,-18.0,2.0,13.0
-44.0,-18.0,2.0,131.0
-42.0,-18.0,2.0,131.0
-40.0,-18.0,2.0,131.0
-38.0,-18.0,2.0,131.0
-36.0,-18.0,2.0,198.0
-24.0,-18.0,2.0,577.0
-22.0,-18.0,2.0,577.0
-20.0,-18.0,2.0,577.0
-18.0,-18.0,2.0,577.0
-16.0,-18.0,2.0,577.0
-14.0,-18.0,2.0,577.0
-12.0,-18.0,2.0,443.0
-10.0,-18.0,2.0,443.0
-8.0,-18.0,2.0,443.0
-6.0,-18.0,2.0,443.0
-4.0,-18.0,2.0,104.0
-2.0,-18.0,2.0,104.0
0.0,-18.0,2.0,104.0
2.0,-18.0,2.0,189.0
4.0,-18.0,2.0,189.0
6.0,-18.0,2.0,189.0
8.0,-18.0,2.0,189.0
10.0,-18.0,2.0,111.0
12.0,-18.0,2.0,111.0
14.0,-18.0,2.0,111.0
16.0,-18.0,2.0,111.0
18.0,-18.0,2.0,111.0
20.0,-18.0,2.0,111.0
22.0,-18.0,2.0,111.0
28.0,-18.0,2.0,111.0
30.0,-18.0,2.0,457.0
36.0,-18.0,2.0,457.0
38.0,-18.0,2.0,28.0
40.0,-18.0,2.0,28.0
42.0,-18.0,2.0,28.0
44.0,-18.0,2.0,28.0
46.0,-18.0,2.0,28.0
48.0,-18.0,2.0,28.0
50.0,-18.0,2.0,418.0
52.0,-18.0,2.0,418.0
54.0,-18.0,2.0,418.0
56.0,-18.0,2.0,418.0
58.0,-18.0,2.0,460.0
60.0,-18.0,2.0,460.0
62.0,-18.0,2.0,460.0
64.0,-18.0,2.0,70.0
66.0,-18.0,2.0,319.0
68.0,-18.0,2.0,319.0
-70.0,-16.0,2.0,66.0
-68.0,-16.0,2.0,66.0
-66.0,-16.0,2.0,66.0
-64.0,-16.0,2.0,66.0
-62.0,-16.0,2.0,13.0
-60.0,-16.0,2.0,13.0
-58.0,-16.0,2.0,13.0
-56.0,-16.0,2.0,13.0
-54.0,-16.0,2.0,13.0
-52.0,-16.0,2.0,13.0
-50.0,-16.0,2.0,94.0
-46.0,-16.0,2.0,94.0
-44.0,-16.0,2.0,131.0
-42.0,-16.0,2.0,179.0
-40.0,-16.0,2.0,179.0
-38.0,-16.0,2.0,179.0
-36.0,-16.0,2.0,179.0
-32.0,-16.0,2.0,198.0
-30.0,-16.0,2.0,198.0
-24.0,-16.0,2.0,577.0
-22.0,-16.0,2.0,577.0
-20.0,-16.0,2.0,577.0
-18.0,-16.0,2.0,577.0
-16.0,-16.0,2.0,577.0
-14.0,-16.0,2.0,443.0
-12.0,-16.0,2.0,443.0
-10.0,-16.0,2.0,443.0
-8.0,-16.0,2.0,443.0
-6.0,-16.0,2.0,443.0
-4.0,-16.0,2.0,443.0
-2.0,-16.0,2.0,189.0
0.0,-16.0,2.0,189.0
2.0,-16.0,2.0,189.0
4.0,-16.0,2.0,189.0
6.0,-16.0,2.0,189.0
8.0,-16.0,2.0,189.0
10.0,-16.0,2.0,111.0
12.0,-16.0,2.0,111.0
14.0,-16.0,2.0,111.0
16.0,-16.0,2.0,111.0
18.0,-16.0,2.0,111.0
20.0,-16.0,2.0,111.0
28.0,-16.0,2.0,111.0
30.0,-16.0,2.0,124.0
36.0,-16.0,2.0,457.0
38.0,-16.0,2.0,28.0
40.0,-16.0,2.0,28.0
42.0,-16.0,2.0,28.0
44.0,-16.0,2.0,28.0
46.0,-16.0,2.0,28.0
48.0,-16.0,2.0,28.0
50.0,-16.0,2.0,418.0
52.0,-16.0,2.0,418.0
54.0,-16.0,2.0,418.0
56.0,-16.0,2.0,418.0
58.0,-16.0,2.0,418.0
60.0,-16.0,2.0,70.0
62.0,-16.0,2.0,70.0
64.0,-16.0,2.0,70.0
66.0,-16.0,2.0,70.0
68.0,-16.0,2.0,319.0
-70.0,-14.0,2.0,66.0
-68.0,-14.0,2.0,66.0
-66.0,-14.0,2.0,66.0
-64.0,-14.0,2.0,13.0
-62.0,-14.0,2.0,13.0
-60.0,-14.0,2.0,13.0
-58.0,-14.0,2.0,13.0
-56.0,-14.0,2.0,13.0
-54.0,-14.0,2.0,13.0
-52.0,-14.0,2.0,94.0
-50.0,-14.0,2.0,94.0
-48.0,-14.0,2.0,94.0
-46.0,-14.0,2.0,94.0
-44.0,-14.0,2.0,179.0
-42.0,-14.0,2.0,179.0
-40.0,-14.0,2.0,179.0
-38.0,-14.0,2.0,179.0
-36.0,-14.0,2.0,179.0
-32.0,-14.0,2.0,198.0
-30.0,-14.0,2.0,198.0
-24.0,-14.0,2.0,577.0
-22.0,-14.0,2.0,577.0
-20.0,-14.0,2.0,577.0
-18.0,-14.0,2.0,577.0
-16.0,-14.0,2.0,443.0
-14.0,-14.0,2.0,443.0
-12.0,-14.0,2.0,443.0
-10.0,-14.0,2.0,443.0
-8.0,-14.0,2.0,443.0
-6.0,-14.0,2.0,443.0
-4.0,-14.0,2.0,443.0
-2.0,-14.0,2.0,189.0
0.0,-14.0,2.0,189.0
2.0,-14.0,2.0,189.0
4.0,-14.0,2.0,189.0
6.0,-14.0,2.0,189.0
8.0,-14.0,2.0,189.0
10.0,-14.0,2.0,111.0
12.0,-14.0,2.0,111.0
14.0,-14.0,2.0,111.0
16.0,-14.0,2.0,111.0
18.0,-14.0,2.0,111.0
26.0,-14.0,2.0,111.0
28.0,-14.0,2.0,124.0
30.0,-14.0,2.0,124.0
32.0,-14.0,2.0,457.0
36.0,-14.0,2.0,457.0
38.0,-14.0,2.0,457.0
40.0,-14.0,2.0,28.0
42.0,-14.0,2.0,28.0
44.0,-14.0,2.0,28.0
46.0,-14.0,2.0,28.0
48.0,-14.0,2.0,418.0
50.0,-14.0,2.0,418.0
52.0,-14.0,2.0,418.0
54.0,-14.0,2.0,418.0
56.0,-14.0,2.0,418.0
58.0,-14.0,2.0,418.0
60.0,-14.0,2.0,70.0
62.0,-14.0,2.0,70.0
64.0,-14.0,2.0,70.0
66.0,-14.0,2.0,70.0
68.0,-14.0,2.0,70.0
-68.0,-12.0,2.0,66.0
-66.0,-12.0,2.0,13.0
-64.0,-12.0,2.0,13.0
-62.0,-12.0,2.0,13.0
-60.0,-12.0,2.0,13.0
-58.0,-12.0,2.0,13.0
-56.0,-12.0,2.0,354.0
-54.0,-12.0,2.0,94.0
-52.0,-12.0,2.0,94.0
-50.0,-12.0,2.0,94.0
-48.0,-12.0,2.0,94.0
-46.0,-12.0,2.0,94.0
-44.0,-12.0,2.0,179.0
-42.0,-12.0,2.0,179.0
-40.0,-12.0,2.0,179.0
-38.0,-12.0,2.0,179.0
-36.0,-12.0,2.0,179.0
-32.0,-12.0,2.0,198.0
-30.0,-12.0,2.0,198.0
-28.0,-12.0,2.0,198.0
-22.0,-12.0,2.0,577.0
-20.0,-12.0,2.0,577.0
-18.0,-12.0,2.0,443.0
-16.0,-12.0,2.0,443.0
-14.0,-12.0,2.0,443.0
-12.0,-12.0,2.0,443.0
-10.0,-12.0,2.0,443.0
-8.0,-12.0,2.0,443.0
-6.0,-12.0,2.0,443.0
-4.0,-12.0,2.0,443.0
-2.0,-12.0,2.0,189.0
0.0,-12.0,2.0,189.0
2.0,-12.0,2.0,189.0
4.0,-12.0,2.0,189.0
6.0,-12.0,2.0,189.0
8.0,-12.0,2.0,189.0
10.0,-12.0,2.0,111.0
12.0,-12.0,2.0,111.0
14.0,-12.0,2.0,111.0
16.0,-12.0,2.0,111.0
18.0,-12.0,2.0,111.0
26.0,-12.0,2.0,111.0
28.0,-12.0,2.0,124.0
30.0,-12.0,2.0,124.0
32.0,-12.0,2.0,124.0
36.0,-12.0,2.0,457.0
38.0,-12.0,2.0,457.0
40.0,-12.0,2.0,28.0
42.0,-12.0,2.0,28.0
46.0,-12.0,2.0,28.0
48.0,-12.0,2.0,329.0
50.0,-12.0,2.0,329.0
52.0,-12.0,2.0,329.0
54.0,-12.0,2.0,329.0
56.0,-12.0,2.0,329.0
58.0,-12.0,2.0,329.0
60.0,-12.0,2.0,70.0
62.0,-12.0,2.0,70.0
64.0,-12.0,2.0,70.0
66.0,-12.0,2.0,70.0
-68.0,-10.0,2.0,13.0
-66.0,-10.0,2.0,13.0
-64.0,-10.0,2.0,13.0
-62.0,-10.0,2.0,13.0
-60.0,-10.0,2.0,354.0
-58.0,-10.0,2.0,354.0
-56.0,-10.0,2.0,354.0
-54.0,-10.0,2.0,94.0
-52.0,-10.0,2.0,94.0
-50.0,-10.0,2.0,94.0
-48.0,-10.0,2.0,94.0
-46.0,-10.0,2.0,94.0
-42.0,-10.0,2.0,179.0
-40.0,-10.0,2.0,179.0
-38.0,-10.0,2.0,179.0
-36.0,-10.0,2.0,179.0
-32.0,-10.0,2.0,591.0
-30.0,-10.0,2.0,198.0
-28.0,-10.0,2.0,198.0
-20.0,-10.0,2.0,443.0
-18.0,-10.0,2.0,443.0
-16.0,-10.0,2.0,443.0
-14.0,-10.0,2.0,443.0
-12.0,-10.0,2.0,443.0
-10.0,-10.0,2.0,443.0
-8.0,-10.0,2.0,443.0
-6.0,-10.0,2.0,443.0
-4.0,-10.0,2.0,443.0
-2.0,-10.0,2.0,248.0
0.0,-10.0,2.0,189.0
2.0,-10.0,2.0,189.0
4.0,-10.0,2.0,189.0
6.0,-10.0,2.0,189.0
8.0,-10.0,2.0,189.0
10.0,-10.0,2.0,111.0
12.0,-10.0,2.0,111.0
14.0,-10.0,2.0,111.0
16.0,-10.0,2.0,111.0
26.0,-10.0,2.0,124.0
28.0,-10.0,2.0,124.0
30.0,-10.0,2.0,124.0
32.0,-10.0,2.0,124.0
36.0,-10.0,2.0,457.0
38.0,-10.0,2.0,457.0
40.0,-10.0,2.0,457.0
42.0,-10.0,2.0,28.0
50.0,-10.0,2.0,329.0
52.0,-10.0,2.0,329.0
54.0,-10.0,2.0,329.0
56.0,-10.0,2.0,329.0
58.0,-10.0,2.0,329.0
60.0,-10.0,2.0,70.0
62.0,-10.0,2.0,70.0
64.0,-10.0,2.0,70.0
66.0,-10.0,2.0,70.0
-68.0,-8.0,2.0,13.0
-66.0,-8.0,2.0,13.0
-64.0,-8.0,2.0,354.0
-62.0,-8.0,2.0,354.0
-60.0,-8.0,2.0,354.0
-58.0,-8.0,2.0,354.0
-56.0,-8.0,2.0,564.0
-54.0,-8.0,2.0,94.0
-52.0,-8.0,2.0,94.0
-50.0,-8.0,2.0,94.0
-48.0,-8.0,2.0,94.0
-46.0,-8.0,2.0,94.0
-44.0,-8.0,2.0,179.0
-42.0,-8.0,2.0,179.0
-40.0,-8.0,2.0,179.0
-38.0,-8.0,2.0,179.0
-32.0,-8.0,2.0,591.0
-30.0,-8.0,2.0,591.0
-28.0,-8.0,2.0,591.0
-18.0,-8.0,2.0,443.0
-16.0,-8.0,2.0,443.0
-14.0,-8.0,2.0,443.0
-12.0,-8.0,2.0,443.0
-10.0,-8.0,2.0,443.0
-8.0,-8.0,2.0,443.0
-6.0,-8.0,2.0,443.0
-4.0,-8.0,2.0,443.0
-2.0,-8.0,2.0,248.0
0.0,-8.0,2.0,248.0
2.0,-8.0,2.0,189.0
4.0,-8.0,2.0,189.0
6.0,-8.0,2.0,189.0
8.0,-8.0,2.0,189.0
10.0,-8.0,2.0,111.0
12.0,-8.0,2.0,111.0
14.0,-8.0,2.0,111.0
16.0,-8.0,2.0,111.0
26.0,-8.0,2.0,124.0
28.0,-8.0,2.0,124.0
30.0,-8.0,2.0,124.0
32.0,-8.0,2.0,124.0
34.0,-8.0,2.0,124.0
36.0,-8.0,2.0,355.0
38.0,-8.0,2.0,355.0
40.0,-8.0,2.0,355.0
42.0,-8.0,2.0,355.0
50.0,-8.0,2.0,329.0
52.0,-8.0,2.0,329.0
54.0,-8.0,2.0,329.0
56.0,-8.0,2.0,329.0
58.0,-8.0,2.0,329.0
60.0,-8.0,2.0,70.0
62.0,-8.0,2.0,70.0
64.0,-8.0,2.0,70.0
66.0,-8.0,2.0,70.0
-68.0,-6.0,2.0,354.0
-66.0,-6.0,2.0,354.0
-64.0,-6.0,2.0,354.0
-62.0,-6.0,2.0,354.0
-60.0,-6.0,2.0,354.0
-58.0,-6.0,2.0,564.0
-56.0,-6.0,2.0,564.0
-54.0,-6.0,2.0,94.0
-52.0,-6.0,2.0,94.0
-50.0,-6.0,2.0,94.0
-48.0,-6.0,2.0,347.0
-44.0,-6.0,2.0,179.0
-42.0,-6.0,2.0,179.0
-40.0,-6.0,2.0,179.0
-38.0,-6.0,2.0,179.0
-32.0,-6.0,2.0,591.0
-30.0,-6.0,2.0,591.0
-28.0,-6.0,2.0,591.0
-16.0,-6.0,2.0,443.0
-14.0,-6.0,2.0,443.0
-12.0,-6.0,2.0,443.0
-10.0,-6.0,2.0,443.0
-8.0,-6.0,2.0,443.0
-6.0,-6.0,2.0,443.0
-4.0,-6.0,2.0,443.0
-2.0,-6.0,2.0,248.0
0.0,-6.0,2.0,248.0
2.0,-6.0,2.0,248.0
4.0,-6.0,2.0,189.0
6.0,-6.0,2.0,189.0
8.0,-6.0,2.0,189.0
10.0,-6.0,2.0,111.0
12.0,-6.0,2.0,111.0
14.0,-6.0,2.0,111.0
24.0,-6.0,2.0,124.0
26.0,-6.0,2.0,124.0
28.0,-6.0,2.0,124.0
30.0,-6.0,2.0,124.0
32.0,-6.0,2.0,124.0
36.0,-6.0,2.0,355.0
38.0,-6.0,2.0,355.0
40.0,-6.0,2.0,355.0
42.0,-6.0,2.0,355.0
44.0,-6.0,2.0,355.0
50.0,-6.0,2.0,329.0
52.0,-6.0,2.0,329.0
54.0,-6.0,2.0,329.0
56.0,-6.0,2.0,329.0
58.0,-6.0,2.0,329.0
60.0,-6.0,2.0,70.0
62.0,-6.0,2.0,70.0
64.0,-6.0,2.0,70.0
-66.0,-4.0,2.0,354.0
-64.0,-4.0,2.0,354.0
-62.0,-4.0,2.0,354.0
-60.0,-4.0,2.0,544.0
-58.0,-4.0,2.0,544.0
-56.0,-4.0,2.0,544.0
-54.0,-4.0,2.0,347.0
-52.0,-4.0,2.0,347.0
-50.0,-4.0,2.0,347.0
-44.0,-4.0,2.0,179.0
-42.0,-4.0,2.0,179.0
-40.0,-4.0,2.0,179.0
-38.0,-4.0,2.0,179.0
-32.0,-4.0,2.0,591.0
-30.0,-4.0,2.0,591.0
-28.0,-4.0,2.0,591.0
-26.0,-4.0,2.0,434.0
-14.0,-4.0,2.0,443.0
-12.0,-4.0,2.0,443.0
-10.0,-4.0,2.0,443.0
-8.0,-4.0,2.0,443.0
-6.0,-4.0,2.0,443.0
-4.0,-4.0,2.0,443.0
-2.0,-4.0,2.0,248.0
0.0,-4.0,2.0,248.0
2.0,-4.0,2.0,248.0
4.0,-4.0,2.0,248.0
6.0,-4.0,2.0,189.0
8.0,-4.0,2.0,189.0
10.0,-4.0,2.0,111.0
12.0,-4.0,2.0,111.0
24.0,-4.0,2.0,124.0
26.0,-4.0,2.0,124.0
28.0,-4.0,2.0,124.0
30.0,-4.0,2.0,124.0
32.0,-4.0,2.0,124.0
36.0,-4.0,2.0,355.0
38.0,-4.0,2.0,355.0
40.0,-4.0,2.0,355.0
42.0,-4.0,2.0,355.0
44.0,-4.0,2.0,355.0
46.0,-4.0,2.0,355.0
50.0,-4.0,2.0,195.0
52.0,-4.0,2.0,195.0
54.0,-4.0,2.0,195.0
56.0,-4.0,2.0,195.0
58.0,-4.0,2.0,209.0
60.0,-4.0,2.0,70.0
62.0,-4.0,2.0,70.0
64.0,-4.0,2.0,70.0
-66.0,-2.0,2.0,544.0
-64.0,-2.0,2.0,544.0
-62.0,-2.0,2.0,544.0
-60.0,-2.0,2.0,544.0
-58.0,-2.0,2.0,544.0
-56.0,-2.0,2.0,544.0
-54.0,-2.0,2.0,347.0
-52.0,-2.0,2.0,347.0
-50.0,-2.0,2.0,347.0
-48.0,-2.0,2.0,347.0
-44.0,-2.0,2.0,347.0
-42.0,-2.0,2.0,179.0
-40.0,-2.0,2.0,179.0
-38.0,-2.0,2.0,179.0
-32.0,-2.0,2.0,274.0
-30.0,-2.0,2.0,591.0
-28.0,-2.0,2.0,434.0
-26.0,-2.0,2.0,434.0
-10.0,-2.0,2.0,443.0
-8.0,-2.0,2.0,443.0
-6.0,-2.0,2.0,443.0
-4.0,-2.0,2.0,443.0
-2.0,-2.0,2.0,248.0
2.0,-2.0,2.0,248.0
4.0,-2.0,2.0,248.0
6.0,-2.0,2.0,238.0
8.0,-2.0,2.0,238.0
10.0,-2.0,2.0,238.0
24.0,-2.0,2.0,124.0
26.0,-2.0,2.0,124.0
28.0,-2.0,2.0,124.0
30.0,-2.0,2.0,124.0
32.0,-2.0,2.0,124.0
38.0,-2.0,2.0,328.0
40.0,-2.0,2.0,355.0
42.0,-2.0,2.0,355.0
44.0,-2.0,2.0,355.0
46.0,-2.0,2.0,355.0
48.0,-2.0,2.0,195.0
50.0,-2.0,2.0,195.0
52.0,-2.0,2.0,195.0
54.0,-2.0,2.0,195.0
56.0,-2.0,2.0,195.0
58.0,-2.0,2.0,195.0
60.0,-2.0,2.0,195.0
62.0,-2.0,2.0,209.0
64.0,-2.0,2.0,70.0
-66.0,-0.0,2.0,544.0
-64.0,-0.0,2.0,544.0
-62.0,-0.0,2.0,544.0
-60.0,-0.0,2.0,544.0
-58.0,-0.0,2.0,544.0
-56.0,-0.0,2.0,544.0
-54.0,-0.0,2.0,544.0
-52.0,-0.0,2.0,347.0
-50.0,-0.0,2.0,347.0
-48.0,-0.0,2.0,347.0
-46.0,-0.0,2.0,347.0
-44.0,-0.0,2.0,347.0
-42.0,-0.0,2.0,274.0
-40.0,-0.0,2.0,274.0
-38.0,-0.0,2.0,274.0
-34.0,-0.0,2.0,274.0
-32.0,-0.0,2.0,274.0
-30.0,-0.0,2.0,434.0
-28.0,-0.0,2.0,434.0
-26.0,-0.0,2.0,434.0
-24.0,-0.0,2.0,434.0
-8.0,-0.0,2.0,443.0
-6.0,-0.0,2.0,443.0
-4.0,-0.0,2.0,443.0
4.0,-0.0,2.0,238.0
6.0,-0.0,2.0,238.0
22.0,-0.0,2.0,124.0
24.0,-0.0,2.0,124.0
26.0,-0.0,2.0,124.0
28.0,-0.0,2.0,37.0
30.0,-0.0,2.0,37.0
32.0,-0.0,2.0,37.0
38.0,-0.0,2.0,328.0
40.0,-0.0,2.0,328.0
42.0,-0.0,2.0,328.0
44.0,-0.0,2.0,328.0
48.0,-0.0,2.0,195.0
50.0,-0.0,2.0,195.0
52.0,-0.0,2.0,195.0
54.0,-0.0,2.0,195.0
56.0,-0.0,2.0,195.0
58.0,-0.0,2.0,195.0
60.0,-0.0,2.0,195.0
62.0,-0.0,2.0,195.0
-64.0,2.0,2.0,544.0
-62.0,2.0,2.0,544.0
-60.0,2.0,2.0,544.0
-58.0,2.0,2.0,544.0
-56.0,2.0,2.0,544.0
-54.0,2.0,2.0,544.0
-52.0,2.0,2.0,347.0
-50.0,2.0,2.0,347.0
-48.0,2.0,2.0,347.0
-46.0,2.0,2.0,347.0
-44.0,2.0,2.0,347.0
-42.0,2.0,2.0,274.0
-40.0,2.0,2.0,274.0
-38.0,2.0,2.0,274.0
-32.0,2.0,2.0,274.0
-30.0,2.0,2.0,434.0
-28.0,2.0,2.0,434.0
-26.0,2.0,2.0,434.0
-24.0,2.0,2.0,434.0
22.0,2.0,2.0,124.0
24.0,2.0,2.0,37.0
26.0,2.0,2.0,37.0
28.0,2.0,2.0,37.0
30.0,2.0,2.0,37.0
32.0,2.0,2.0,37.0
38.0,2.0,2.0,328.0
40.0,2.0,2.0,328.0
42.0,2.0,2.0,328.0
44.0,2.0,2.0,328.0
46.0,2.0,2.0,195.0
48.0,2.0,2.0,195.0
50.0,2.0,2.0,195.0
52.0,2.0,2.0,195.0
54.0,2.0,2.0,195.0
56.0,2.0,2.0,195.0
58.0,2.0,2.0,195.0
60.0,2.0,2.0,195.0
62.0,2.0,2.0,195.0
-64.0,4.0,2.0,544.0
-62.0,4.0,2.0,544.0
-60.0,4.0,2.0,544.0
-58.0,4.0,2.0,544.0
-56.0,4.0,2.0,544.0
-54.0,4.0,2.0,544.0
-52.0,4.0,2.0,347.0
-50.0,4.0,2.0,347.0
-48.0,4.0,2.0,347.0
-46.0,4.0,2.0,347.0
-44.0,4.0,2.0,347.0
-42.0,4.0,2.0,274.0
-40.0,4.0,2.0,274.0
-38.0,4.0,2.0,274.0
-32.0,4.0,2.0,274.0
-30.0,4.0,2.0,434.0
-28.0,4.0,2.0,434.0
-26.0,4.0,2.0,434.0
-24.0,4.0,2.0,434.0
-22.0,4.0,2.0,434.0
20.0,4.0,2.0,264.0
22.0,4.0,2.0,264.0
24.0,4.0,2.0,37.0
26.0,4.0,2.0,37.0
28.0,4.0,2.0,37.0
30.0,4.0,2.0,37.0
32.0,4.0,2.0,37.0
36.0,4.0,2.0,328.0
38.0,4.0,2.0,328.0
40.0,4.0,2.0,328.0
42.0,4.0,2.0,328.0
44.0,4.0,2.0,328.0
46.0,4.0,2.0,195.0
48.0,4.0,2.0,195.0
50.0,4.0,2.0,195.0
52.0,4.0,2.0,195.0
54.0,4.0,2.0,195.0
56.0,4.0,2.0,195.0
58.0,4.0,2.0,195.0
60.0,4.0,2.0,195.0
62.0,4.0,2.0,195.0
-62.0,6.0,2.0,544.0
-60.0,6.0,2.0,544.0
-58.0,6.0,2.0,544.0
-56.0,6.0,2.0,544.0
-54.0,6.0,2.0,544.0
-52.0,6.0,2.0,544.0
-50.0,6.0,2.0,347.0
-48.0,6.0,2.0,347.0
-46.0,6.0,2.0,347.0
-44.0,6.0,2.0,347.0
-42.0,6.0,2.0,274.0
-40.0,6.0,2.0,274.0
-38.0,6.0,2.0,274.0
-32.0,6.0,2.0,274.0
-30.0,6.0,2.0,434.0
-28.0,6.0,2.0,434.0
-26.0,6.0,2.0,434.0
-24.0,6.0,2.0,434.0
-22.0,6.0,2.0,434.0
20.0,6.0,2.0,264.0
22.0,6.0,2.0,264.0
24.0,6.0,2.0,37.0
26.0,6.0,2.0,37.0
28.0,6.0,2.0,37.0
30.0,6.0,2.0,37.0
36.0,6.0,2.0,328.0
38.0,6.0,2.0,328.0
40.0,6.0,2.0,328.0
42.0,6.0,2.0,328.0
44.0,6.0,2.0,427.0
46.0,6.0,2.0,427.0
48.0,6.0,2.0,427.0
50.0,6.0,2.0,195.0
52.0,6.0,2.0,195.0
54.0,6.0,2.0,195.0
56.0,6.0,2.0,195.0
58.0,6.0,2.0,195.0
60.0,6.0,2.0,195.0
-60.0,8.0,2.0,359.0
-58.0,8.0,2.0,359.0
-56.0,8.0,2.0,359.0
-54.0,8.0,2.0,359.0
-52.0,8.0,2.0,34.0
-50.0,8.0,2.0,34.0
-48.0,8.0,2.0,34.0
-46.0,8.0,2.0,34.0
-44.0,8.0,2.0,34.0
-42.0,8.0,2.0,34.0
-40.0,8.0,2.0,274.0
-38.0,8.0,2.0,468.0
-36.0,8.0,2.0,468.0
-32.0,8.0,2.0,468.0
-30.0,8.0,2.0,401.0
-28.0,8.0,2.0,434.0
-26.0,8.0,2.0,434.0
-24.0,8.0,2.0,448.0
-22.0,8.0,2.0,448.0
-20.0,8.0,2.0,448.0
-10.0,8.0,2.0,589.0
-8.0,8.0,2.0,589.0
6.0,8.0,2.0,238.0
8.0,8.0,2.0,264.0
10.0,8.0,2.0,264.0
18.0,8.0,2.0,264.0
20.0,8.0,2.0,264.0
22.0,8.0,2.0,264.0
24.0,8.0,2.0,37.0
26.0,8.0,2.0,37.0
28.0,8.0,2.0,37.0
30.0,8.0,2.0,37.0
34.0,8.0,2.0,37.0
36.0,8.0,2.0,37.0
38.0,8.0,2.0,328.0
40.0,8.0,2.0,328.0
42.0,8.0,2.0,427.0
44.0,8.0,2.0,427.0
46.0,8.0,2.0,427.0
48.0,8.0,2.0,427.0
50.0,8.0,2.0,427.0
52.0,8.0,2.0,195.0
54.0,8.0,2.0,195.0
56.0,8.0,2.0,195.0
58.0,8.0,2.0,195.0
60.0,8.0,2.0,195.0
-62.0,10.0,2.0,359.0
-60.0,10.0,2.0,359.0
-58.0,10.0,2.0,359.0
-56.0,10.0,2.0,359.0
-54.0,10.0,2.0,359.0
-52.0,10.0,2.0,34.0
-50.0,10.0,2.0,34.0
-48.0,10.0,2.0,34.0
-46.0,10.0,2.0,34.0
-44.0,10.0,2.0,34.0
-42.0,10.0,2.0,34.0
-40.0,10.0,2.0,468.0
-38.0,10.0,2.0,468.0
-36.0,10.0,2.0,468.0
-32.0,10.0,2.0,468.0
-30.0,10.0,2.0,448.0
-28.0,10.0,2.0,448.0
-26.0,10.0,2.0,448.0
-24.0,10.0,2.0,448.0
-22.0,10.0,2.0,448.0
-20.0,10.0,2.0,448.0
-18.0,10.0,2.0,448.0
-10.0,10.0,2.0,589.0
-8.0,10.0,2.0,589.0
-6.0,10.0,2.0,589.0
6.0,10.0,2.0,264.0
8.0,10.0,2.0,264.0
10.0,10.0,2.0,264.0
12.0,10.0,2.0,264.0
18.0,10.0,2.0,264.0
20.0,10.0,2.0,264.0
22.0,10.0,2.0,264.0
24.0,10.0,2.0,165.0
26.0,10.0,2.0,165.0
28.0,10.0,2.0,37.0
30.0,10.0,2.0,37.0
34.0,10.0,2.0,37.0
36.0,10.0,2.0,37.0
38.0,10.0,2.0,7.0
40.0,10.0,2.0,427.0
42.0,10.0,2.0,427.0
44.0,10.0,2.0,427.0
46.0,10.0,2.0,427.0
48.0,10.0,2.0,427.0
50.0,10.0,2.0,427.0
52.0,10.0,2.0,427.0
54.0,10.0,2.0,427.0
56.0,10.0,2.0,195.0
58.0,10.0,2.0,195.0
60.0,10.0,2.0,195.0
-62.0,12.0,2.0,359.0
-60.0,12.0,2.0,359.0
-58.0,12.0,2.0,359.0
-56.0,12.0,2.0,359.0
-54.0,12.0,2.0,359.0
-52.0,12.0,2.0,34.0
-50.0,12.0,2.0,34.0
-48.0,12.0,2.0,34.0
-46.0,12.0,2.0,34.0
-44.0,12.0,2.0,34.0
-42.0,12.0,2.0,34.0
-40.0,12.0,2.0,34.0
-38.0,12.0,2.0,468.0
-36.0,12.0,2.0,468.0
-32.0,12.0,2.0,468.0
-30.0,12.0,2.0,448.0
-28.0,12.0,2.0,448.0
-26.0,12.0,2.0,448.0
-24.0,12.0,2.0,448.0
-22.0,12.0,2.0,448.0
-20.0,12.0,2.0,448.0
-18.0,12.0,2.0,448.0
-12.0,12.0,2.0,582.0
-10.0,12.0,2.0,582.0
-8.0,12.0,2.0,589.0
-6.0,12.0,2.0,589.0
4.0,12.0,2.0,238.0
6.0,12.0,2.0,264.0
8.0,12.0,2.0,264.0
10.0,12.0,2.0,264.0
12.0,12.0,2.0,264.0
14.0,12.0,2.0,264.0
18.0,12.0,2.0,264.0
20.0,12.0,2.0,264.0
22.0,12.0,2.0,264.0
24.0,12.0,2.0,165.0
26.0,12.0,2.0,165.0
28.0,12.0,2.0,165.0
34.0,12.0,2.0,307.0
36.0,12.0,2.0,307.0
38.0,12.0,2.0,7.0
40.0,12.0,2.0,7.0
42.0,12.0,2.0,427.0
44.0,12.0,2.0,427.0
46.0,12.0,2.0,427.0
48.0,12.0,2.0,427.0
50.0,12.0,2.0,427.0
52.0,12.0,2.0,427.0
54.0,12.0,2.0,427.0
56.0,12.0,2.0,427.0
58.0,12.0,2.0,195.0
-60.0,14.0,2.0,359.0
-58.0,14.0,2.0,359.0
-56.0,14.0,2.0,359.0
-54.0,14.0,2.0,359.0
-52.0,14.0,2.0,359.0
-50.0,14.0,2.0,34.0
-48.0,14.0,2.0,34.0
-46.0,14.0,2.0,34.0
-44.0,14.0,2.0,34.0
-42.0,14.0,2.0,34.0
-40.0,14.0,2.0,51.0
-38.0,14.0,2.0,468.0
-36.0,14.0,2.0,468.0
-34.0,14.0,2.0,468.0
-30.0,14.0,2.0,448.0
-28.0,14.0,2.0,448.0
-26.0,14.0,2.0,448.0
-24.0,14.0,2.0,448.0
-22.0,14.0,2.0,448.0
-20.0,14.0,2.0,448.0
-18.0,14.0,2.0,448.0
-14.0,14.0,2.0,582.0
-12.0,14.0,2.0,582.0
-10.0,14.0,2.0,582.0
-8.0,14.0,2.0,582.0
-6.0,14.0,2.0,589.0
4.0,14.0,2.0,264.0
6.0,14.0,2.0,264.0
8.0,14.0,2.0,264.0
10.0,14.0,2.0,264.0
12.0,14.0,2.0,264.0
14.0,14.0,2.0,264.0
18.0,14.0,2.0,264.0
20.0,14.0,2.0,264.0
22.0,14.0,2.0,264.0
24.0,14.0,2.0,165.0
26.0,14.0,2.0,307.0
28.0,14.0,2.0,307.0
32.0,14.0,2.0,307.0
34.0,14.0,2.0,307.0
36.0,14.0,2.0,307.0
38.0,14.0,2.0,540.0
40.0,14.0,2.0,540.0
42.0,14.0,2.0,540.0
44.0,14.0,2.0,427.0
46.0,14.0,2.0,427.0
48.0,14.0,2.0,427.0
50.0,14.0,2.0,427.0
52.0,14.0,2.0,427.0
54.0,14.0,2.0,427.0
56.0,14.0,2.0,427.0
58.0,14.0,2.0,427.0
-60.0,16.0,2.0,359.0
-58.0,16.0,2.0,359.0
-56.0,16.0,2.0,359.0
-54.0,16.0,2.0,359.0
-52.0,16.0,2.0,359.0
-50.0,16.0,2.0,34.0
-48.0,16.0,2.0,34.0
-46.0,16.0,2.0,34.0
-44.0,16.0,2.0,51.0
-42.0,16.0,2.0,51.0
-40.0,16.0,2.0,51.0
-38.0,16.0,2.0,51.0
-36.0,16.0,2.0,51.0
-34.0,16.0,2.0,468.0
-32.0,16.0,2.0,448.0
-30.0,16.0,2.0,448.0
-28.0,16.0,2.0,448.0
-26.0,16.0,2.0,448.0
-24.0,16.0,2.0,448.0
-22.0,16.0,2.0,448.0
-20.0,16.0,2.0,448.0
-18.0,16.0,2.0,448.0
-16.0,16.0,2.0,582.0
-14.0,16.0,2.0,582.0
-12.0,16.0,2.0,582.0
-10.0,16.0,2.0,582.0
-8.0,16.0,2.0,582.0
-6.0,16.0,2.0,582.0
4.0,16.0,2.0,264.0
6.0,16.0,2.0,264.0
8.0,16.0,2.0,264.0
10.0,16.0,2.0,264.0
12.0,16.0,2.0,264.0
14.0,16.0,2.0,264.0
16.0,16.0,2.0,264.0
20.0,16.0,2.0,264.0
22.0,16.0,2.0,264.0
24.0,16.0,2.0,307.0
26.0,16.0,2.0,307.0
32.0,16.0,2.0,307.0
34.0,16.0,2.0,307.0
36.0,16.0,2.0,307.0
38.0,16.0,2.0,540.0
40.0,16.0,2.0,540.0
42.0,16.0,2.0,540.0
44.0,16.0,2.0,540.0
46.0,16.0,2.0,540.0
48.0,16.0,2.0,427.0
50.0,16.0,2.0,427.0
52.0,16.0,2.0,427.0
54.0,16.0,2.0,427.0
56.0,16.0,2.0,427.0
58.0,16.0,2.0,427.0
-58.0,18.0,2.0,151.0
-56.0,18.0,2.0,151.0
-54.0,18.0,2.0,151.0
-52.0,18.0,2.0,151.0
-50.0,18.0,2.0,34.0
-48.0,18.0,2.0,34.0
-46.0,18.0,2.0,51.0
-44.0,18.0,2.0,51.0
-42.0,18.0,2.0,51.0
-40.0,18.0,2.0,51.0
-38.0,18.0,2.0,51.0
-36.0,18.0,2.0,51.0
-34.0,18.0,2.0,51.0
-32.0,18.0,2.0,448.0
-28.0,18.0,2.0,448.0
-26.0,18.0,2.0,448.0
-24.0,18.0,2.0,448.0
-22.0,18.0,2.0,448.0
-20.0,18.0,2.0,448.0
-18.0,18.0,2.0,448.0
-16.0,18.0,2.0,582.0
-14.0,18.0,2.0,582.0
-12.0,18.0,2.0,582.0
-10.0,18.0,2.0,582.0
-8.0,18.0,2.0,582.0
-6.0,18.0,2.0,582.0
4.0,18.0,2.0,264.0
6.0,18.0,2.0,264.0
8.0,18.0,2.0,264.0
10.0,18.0,2.0,264.0
12.0,18.0,2.0,264.0
14.0,18.0,2.0,264.0
16.0,18.0,2.0,264.0
20.0,18.0,2.0,264.0
22.0,18.0,2.0,264.0
24.0,18.0,2.0,307.0
26.0,18.0,2.0,307.0
32.0,18.0,2.0,307.0
34.0,18.0,2.0,307.0
36.0,18.0,2.0,307.0
38.0,18.0,2.0,540.0
40.0,18.0,2.0,540.0
42.0,18.0,2.0,540.0
44.0,18.0,2.0,540.0
46.0,18.0,2.0,540.0
48.0,18.0,2.0,540.0
50.0,18.0,2.0,196.0
52.0,18.0,2.0,196.0
54.0,18.0,2.0,196.0
56.0,18.0,2.0,196.0
-58.0,20.0,2.0,151.0
-56.0,20.0,2.0,151.0
-54.0,20.0,2.0,151.0
-52.0,20.0,2.0,151.0
-50.0,20.0,2.0,151.0
-48.0,20.0,2.0,51.0
-46.0,20.0,2.0,51.0
-44.0,20.0,2.0,51.0
-42.0,20.0,2.0,51.0
-40.0,20.0,2.0,51.0
-38.0,20.0,2.0,51.0
-36.0,20.0,2.0,51.0
-34.0,20.0,2.0,51.0
-32.0,20.0,2.0,448.0
-26.0,20.0,2.0,448.0
-24.0,20.0,2.0,448.0
-22.0,20.0,2.0,448.0
-20.0,20.0,2.0,448.0
-18.0,20.0,2.0,582.0
-16.0,20.0,2.0,582.0
-14.0,20.0,2.0,582.0
-12.0,20.0,2.0,582.0
-10.0,20.0,2.0,582.0
-8.0,20.0,2.0,582.0
-6.0,20.0,2.0,582.0
6.0,20.0,2.0,264.0
8.0,20.0,2.0,264.0
10.0,20.0,2.0,264.0
12.0,20.0,2.0,264.0
14.0,20.0,2.0,264.0
16.0,20.0,2.0,264.0
18.0,20.0,2.0,264.0
24.0,20.0,2.0,307.0
32.0,20.0,2.0,307.0
34.0,20.0,2.0,307.0
36.0,20.0,2.0,307.0
38.0,20.0,2.0,540.0
40.0,20.0,2.0,540.0
42.0,20.0,2.0,540.0
44.0,20.0,2.0,540.0
46.0,20.0,2.0,540.0
48.0,20.0,2.0,540.0
50.0,20.0,2.0,540.0
52.0,20.0,2.0,196.0
54.0,20.0,2.0,196.0
56.0,20.0,2.0,196.0
-58.0,22.0,2.0,151.0
-56.0,22.0,2.0,151.0
-54.0,22.0,2.0,151.0
-52.0,22.0,2.0,151.0
-50.0,22.0,2.0,151.0
-48.0,22.0,2.0,51.0
-46.0,22.0,2.0,51.0
-44.0,22.0,2.0,51.0
-42.0,22.0,2.0,51.0
-40.0,22.0,2.0,51.0
-38.0,22.0,2.0,51.0
-36.0,22.0,2.0,51.0
-34.0,22.0,2.0,51.0
-32.0,22.0,2.0,448.0
-24.0,22.0,2.0,448.0
-22.0,22.0,2.0,448.0
-20.0,22.0,2.0,448.0
-18.0,22.0,2.0,582.0
-16.0,22.0,2.0,582.0
-14.0,22.0,2.0,582.0
-12.0,22.0,2.0,582.0
-10.0,22.0,2.0,582.0
-8.0,22.0,2.0,582.0
8.0,22.0,2.0,264.0
10.0,22.0,2.0,264.0
12.0,22.0,2.0,264.0
14.0,22.0,2.0,264.0
16.0,22.0,2.0,264.0
18.0,22.0,2.0,264.0
20.0,22.0,2.0,264.0
30.0,22.0,2.0,307.0
32.0,22.0,2.0,307.0
34.0,22.0,2.0,307.0
36.0,22.0,2.0,307.0
38.0,22.0,2.0,540.0
40.0,22.0,2.0,540.0
42.0,22.0,2.0,540.0
44.0,22.0,2.0,540.0
46.0,22.0,2.0,540.0
48.0,22.0,2.0,540.0
50.0,22.0,2.0,540.0
52.0,22.0,2.0,196.0
54.0,22.0,2.0,196.0
56.0,22.0,2.0,196.0
-58.0,24.0,2.0,151.0
-56.0,24.0,2.0,151.0
-54.0,24.0,2.0,151.0
-52.0,24.0,2.0,151.0
-50.0,24.0,2.0,151.0
-48.0,24.0,2.0,442.0
-46.0,24.0,2.0,442.0
-44.0,24.0,2.0,442.0
-42.0,24.0,2.0,442.0
-40.0,24.0,2.0,442.0
-38.0,24.0,2.0,442.0
-36.0,24.0,2.0,442.0
-34.0,24.0,2.0,442.0
-32.0,24.0,2.0,442.0
-30.0,24.0,2.0,448.0
-20.0,24.0,2.0,582.0
-18.0,24.0,2.0,582.0
-16.0,24.0,2.0,582.0
-14.0,24.0,2.0,582.0
-12.0,24.0,2.0,582.0
-10.0,24.0,2.0,582.0
-8.0,24.0,2.0,582.0
10.0,24.0,2.0,481.0
12.0,24.0,2.0,481.0
14.0,24.0,2.0,264.0
16.0,24.0,2.0,264.0
18.0,24.0,2.0,264.0
20.0,24.0,2.0,307.0
28.0,24.0,2.0,307.0
30.0,24.0,2.0,307.0
32.0,24.0,2.0,307.0
34.0,24.0,2.0,307.0
36.0,24.0,2.0,307.0
38.0,24.0,2.0,540.0
40.0,24.0,2.0,540.0
42.0,24.0,2.0,540.0
44.0,24.0,2.0,540.0
46.0,24.0,2.0,540.0
48.0,24.0,2.0,540.0
50.0,24.0,2.0,171.0
52.0,24.0,2.0,171.0
54.0,24.0,2.0,171.0
56.0,24.0,2.0,171.0
-58.0,26.0,2.0,151.0
-56.0,26.0,2.0,151.0
-54.0,26.0,2.0,151.0
-52.0,26.0,2.0,151.0
-50.0,26.0,2.0,151.0
-48.0,26.0,2.0,442.0
-46.0,26.0,2.0,442.0
-44.0,26.0,2.0,442.0
-42.0,26.0,2.0,442.0
-40.0,26.0,2.0,442.0
-38.0,26.0,2.0,442.0
-36.0,26.0,2.0,442.0
-34.0,26.0,2.0,442.0
-32.0,26.0,2.0,442.0
-30.0,26.0,2.0,448.0
-20.0,26.0,2.0,582.0
-18.0,26.0,2.0,582.0
-16.0,26.0,2.0,582.0
-14.0,26.0,2.0,582.0
-12.0,26.0,2.0,582.0
14.0,26.0,2.0,481.0
16.0,26.0,2.0,481.0
18.0,26.0,2.0,481.0
20.0,26.0,2.0,307.0
28.0,26.0,2.0,307.0
30.0,26.0,2.0,307.0
32.0,26.0,2.0,307.0
34.0,26.0,2.0,307.0
36.0,26.0,2.0,307.0
38.0,26.0,2.0,540.0
40.0,26.0,2.0,540.0
42.0,26.0,2.0,540.0
44.0,26.0,2.0,171.0
46.0,26.0,2.0,171.0
48.0,26.0,2.0,171.0
50.0,26.0,2.0,171.0
52.0,26.0,2.0,171.0
54.0,26.0,2.0,171.0
56.0,26.0,2.0,171.0
-58.0,28.0,2.0,151.0
-56.0,28.0,2.0,151.0
-54.0,28.0,2.0,151.0
-52.0,28.0,2.0,151.0
-50.0,28.0,2.0,442.0
-48.0,28.0,2.0,442.0
-46.0,28.0,2.0,442.0
-44.0,28.0,2.0,442.0
-42.0,28.0,2.0,442.0
-40.0,28.0,2.0,442.0
-38.0,28.0,2.0,442.0
-36.0,28.0,2.0,442.0
-34.0,28.0,2.0,442.0
-32.0,28.0,2.0,442.0
-30.0,28.0,2.0,442.0
-18.0,28.0,2.0,582.0
28.0,28.0,2.0,307.0
30.0,28.0,2.0,307.0
32.0,28.0,2.0,307.0
34.0,28.0,2.0,307.0
36.0,28.0,2.0,307.0
38.0,28.0,2.0,540.0
40.0,28.0,2.0,171.0
42.0,28.0,2.0,171.0
44.0,28.0,2.0,171.0
46.0,28.0,2.0,171.0
48.0,28.0,2.0,171.0
50.0,28.0,2.0,171.0
52.0,28.0,2.0,171.0
54.0,28.0,2.0,171.0
56.0,28.0,2.0,171.0
-58.0,30.0,2.0,141.0
-56.0,30.0,2.0,141.0
-54.0,30.0,2.0,141.0
-52.0,30.0,2.0,141.0
-50.0,30.0,2.0,141.0
-48.0,30.0,2.0,442.0
-46.0,30.0,2.0,442.0
-44.0,30.0,2.0,442.0
-42.0,30.0,2.0,442.0
-40.0,30.0,2.0,442.0
-38.0,30.0,2.0,442.0
-36.0,30.0,2.0,442.0
-34.0,30.0,2.0,442.0
-32.0,30.0,2.0,442.0
30.0,30.0,2.0,307.0
32.0,30.0,2.0,307.0
34.0,30.0,2.0,307.0
36.0,30.0,2.0,171.0
38.0,30.0,2.0,171.0
40.0,30.0,2.0,171.0
42.0,30.0,2.0,171.0
44.0,30.0,2.0,171.0
46.0,30.0,2.0,171.0
48.0,30.0,2.0,171.0
50.0,30.0,2.0,171.0
52.0,30.0,2.0,171.0
54.0,30.0,2.0,171.0
56.0,30.0,2.0,171.0
-58.0,32.0,2.0,141.0
-56.0,32.0,2.0,141.0
-54.0,32.0,2.0,141.0
-52.0,32.0,2.0,141.0
-50.0,32.0,2.0,141.0
-48.0,32.0,2.0,141.0
-46.0,32.0,2.0,442.0
-44.0,32.0,2.0,442.0
-42.0,32.0,2.0,442.0
-40.0,32.0,2.0,442.0
-38.0,32.0,2.0,442.0
-34.0,32.0,2.0,442.0
30.0,32.0,2.0,16.0
32.0,32.0,2.0,16.0
34.0,32.0,2.0,16.0
36.0,32.0,2.0,171.0
38.0,32.0,2.0,171.0
40.0,32.0,2.0,171.0
42.0,32.0,2.0,171.0
44.0,32.0,2.0,171.0
46.0,32.0,2.0,171.0
48.0,32.0,2.0,171.0
50.0,32.0,2.0,171.0
52.0,32.0,2.0,171.0
54.0,32.0,2.0,171.0
56.0,32.0,2.0,171.0
-58.0,34.0,2.0,141.0
-56.0,34.0,2.0,141.0
-54.0,34.0,2.0,141.0
-52.0,34.0,2.0,141.0
-50.0,34.0,2.0,141.0
-48.0,34.0,2.0,141.0
-46.0,34.0,2.0,442.0
-44.0,34.0,2.0,442.0
-42.0,34.0,2.0,442.0
-40.0,34.0,2.0,49.0
-38.0,34.0,2.0,49.0
4.0,34.0,2.0,102.0
36.0,34.0,2.0,171.0
38.0,34.0,2.0,171.0
40.0,34.0,2.0,171.0
42.0,34.0,2.0,171.0
44.0,34.0,2.0,171.0
46.0,34.0,2.0,171.0
48.0,34.0,2.0,171.0
50.0,34.0,2.0,171.0
52.0,34.0,2.0,171.0
54.0,34.0,2.0,171.0
56.0,34.0,2.0,171.0
-56.0,36.0,2.0,141.0
-54.0,36.0,2.0,141.0
-52.0,36.0,2.0,141.0
-50.0,36.0,2.0,141.0
-48.0,36.0,2.0,141.0
-46.0,36.0,2.0,49.0
-44.0,36.0,2.0,49.0
-42.0,36.0,2.0,49.0
-40.0,36.0,2.0,49.0
-38.0,36.0,2.0,49.0
-6.0,36.0,2.0,102.0
-4.0,36.0,2.0,102.0
-2.0,36.0,2.0,102.0
2.0,36.0,2.0,102.0
4.0,36.0,2.0,91.0
44.0,36.0,2.0,171.0
46.0,36.0,2.0,171.0
48.0,36.0,2.0,171.0
50.0,36.0,2.0,171.0
52.0,36.0,2.0,171.0
54.0,36.0,2.0,171.0
-56.0,38.0,2.0,141.0
-54.0,38.0,2.0,141.0
-52.0,38.0,2.0,141.0
-50.0,38.0,2.0,141.0
-48.0,38.0,2.0,141.0
-46.0,38.0,2.0,49.0
-44.0,38.0,2.0,49.0
-6.0,38.0,2.0,102.0
-4.0,38.0,2.0,102.0
-2.0,38.0,2.0,102.0
0.0,38.0,2.0,102.0
2.0,38.0,2.0,102.0
4.0,38.0,2.0,91.0
6.0,38.0,2.0,91.0
44.0,38.0,2.0,171.0
46.0,38.0,2.0,171.0
48.0,38.0,2.0,171.0
50.0,38.0,2.0,171.0
52.0,38.0,2.0,171.0
54.0,38.0,2.0,171.0
-56.0,40.0,2.0,141.0
-54.0,40.0,2.0,141.0
-52.0,40.0,2.0,141.0
-50.0,40.0,2.0,141.0
-48.0,40.0,2.0,141.0
-46.0,40.0,2.0,49.0
-44.0,40.0,2.0,49.0
-8.0,40.0,2.0,102.0
-6.0,40.0,2.0,102.0
-4.0,40.0,2.0,102.0
-2.0,40.0,2.0,102.0
0.0,40.0,2.0,102.0
2.0,40.0,2.0,91.0
4.0,40.0,2.0,91.0
6.0,40.0,2.0,91.0
8.0,40.0,2.0,91.0
10.0,40.0,2.0,91.0
44.0,40.0,2.0,383.0
46.0,40.0,2.0,383.0
48.0,40.0,2.0,171.0
50.0,40.0,2.0,171.0
52.0,40.0,2.0,171.0
54.0,40.0,2.0,171.0
-54.0,42.0,2.0,141.0
-52.0,42.0,2.0,141.0
-50.0,42.0,2.0,141.0
-48.0,42.0,2.0,338.0
-46.0,42.0,2.0,338.0
-44.0,42.0,2.0,338.0
-42.0,42.0,2.0,338.0
-12.0,42.0,2.0,407.0
-10.0,42.0,2.0,102.0
-8.0,42.0,2.0,102.0
-6.0,42.0,2.0,102.0
-4.0,42.0,2.0,102.0
-2.0,42.0,2.0,102.0
0.0,42.0,2.0,91.0
2.0,42.0,2.0,91.0
4.0,42.0,2.0,91.0
6.0,42.0,2.0,91.0
8.0,42.0,2.0,91.0
10.0,42.0,2.0,91.0
12.0,42.0,2.0,91.0
42.0,42.0,2.0,383.0
44.0,42.0,2.0,383.0
46.0,42.0,2.0,383.0
48.0,42.0,2.0,383.0
50.0,42.0,2.0,383.0
52.0,42.0,2.0,383.0
-52.0,44.0,2.0,141.0
-50.0,44.0,2.0,338.0
-48.0,44.0,2.0,338.0
-46.0,44.0,2.0,338.0
-44.0,44.0,2.0,338.0
-42.0,44.0,2.0,338.0
-40.0,44.0,2.0,338.0
-38.0,44.0,2.0,338.0
-14.0,44.0,2.0,407.0
-12.0,44.0,2.0,407.0
-10.0,44.0,2.0,407.0
-8.0,44.0,2.0,407.0
-6.0,44.0,2.0,102.0
-4.0,44.0,2.0,102.0
-2.0,44.0,2.0,102.0
0.0,44.0,2.0,91.0
2.0,44.0,2.0,91.0
4.0,44.0,2.0,91.0
6.0,44.0,2.0,91.0
8.0,44.0,2.0,91.0
10.0,44.0,2.0,91.0
12.0,44.0,2.0,91.0
36.0,44.0,2.0,339.0
38.0,44.0,2.0,339.0
40.0,44.0,2.0,339.0
42.0,44.0,2.0,339.0
44.0,44.0,2.0,383.0
46.0,44.0,2.0,383.0
48.0,44.0,2.0,383.0
50.0,44.0,2.0,383.0
52.0,44.0,2.0,383.0
-52.0,46.0,2.0,338.0
-50.0,46.0,2.0,338.0
-48.0,46.0,2.0,338.0
-46.0,46.0,2.0,338.0
-44.0,46.0,2.0,338.0
-42.0,46.0,2.0,338.0
-40.0,46.0,2.0,338.0
-38.0,46.0,2.0,338.0
-14.0,46.0,2.0,407.0
-12.0,46.0,2.0,407.0
-10.0,46.0,2.0,407.0
-8.0,46.0,2.0,407.0
-6.0,46.0,2.0,407.0
-4.0,46.0,2.0,407.0
-2.0,46.0,2.0,91.0
0.0,46.0,2.0,91.0
2.0,46.0,2.0,91.0
4.0,46.0,2.0,91.0
6.0,46.0,2.0,91.0
8.0,46.0,2.0,91.0
10.0,46.0,2.0,91.0
12.0,46.0,2.0,91.0
36.0,46.0,2.0,339.0
38.0,46.0,2.0,339.0
40.0,46.0,2.0,339.0
42.0,46.0,2.0,339.0
44.0,46.0,2.0,339.0
46.0,46.0,2.0,339.0
48.0,46.0,2.0,383.0
50.0,46.0,2.0,383.0
-50.0,48.0,2.0,338.0
-48.0,48.0,2.0,338.0
-46.0,48.0,2.0,338.0
-44.0,48.0,2.0,338.0
-42.0,48.0,2.0,338.0
-40.0,48.0,2.0,338.0
-38.0,48.0,2.0,338.0
-36.0,48.0,2.0,338.0
-14.0,48.0,2.0,407.0
-12.0,48.0,2.0,407.0
-10.0,48.0,2.0,407.0
-8.0,48.0,2.0,407.0
-6.0,48.0,2.0,407.0
-4.0,48.0,2.0,407.0
-2.0,48.0,2.0,407.0
0.0,48.0,2.0,91.0
2.0,48.0,2.0,91.0
4.0,48.0,2.0,86.0
6.0,48.0,2.0,86.0
8.0,48.0,2.0,86.0
10.0,48.0,2.0,86.0
12.0,48.0,2.0,86.0
14.0,48.0,2.0,86.0
36.0,48.0,2.0,339.0
38.0,48.0,2.0,339.0
40.0,48.0,2.0,339.0
42.0,48.0,2.0,339.0
44.0,48.0,2.0,339.0
46.0,48.0,2.0,339.0
48.0,48.0,2.0,339.0
-50.0,50.0,2.0,338.0
-48.0,50.0,2.0,338.0
-46.0,50.0,2.0,338.0
-44.0,50.0,2.0,338.0
-42.0,50.0,2.0,338.0
-40.0,50.0,2.0,338.0
-38.0,50.0,2.0,338.0
-36.0,50.0,2.0,338.0
-14.0,50.0,2.0,407.0
-12.0,50.0,2.0,407.0
-10.0,50.0,2.0,407.0
-8.0,50.0,2.0,407.0
-6.0,50.0,2.0,407.0
-4.0,50.0,2.0,407.0
-2.0,50.0,2.0,407.0
0.0,50.0,2.0,86.0
2.0,50.0,2.0,86.0
4.0,50.0,2.0,86.0
6.0,50.0,2.0,86.0
8.0,50.0,2.0,86.0
10.0,50.0,2.0,86.0
12.0,50.0,2.0,86.0
14.0,50.0,2.0,86.0
36.0,50.0,2.0,339.0
38.0,50.0,2.0,339.0
40.0,50.0,2.0,339.0
42.0,50.0,2.0,339.0
44.0,50.0,2.0,339.0
46.0,50.0,2.0,339.0
48.0,50.0,2.0,339.0
-48.0,52.0,2.0,338.0
-46.0,52.0,2.0,154.0
-44.0,52.0,2.0,154.0
-42.0,52.0,2.0,154.0
-40.0,52.0,2.0,154.0
-38.0,52.0,2.0,154.0
-36.0,52.0,2.0,262.0
-34.0,52.0,2.0,262.0
-32.0,52.0,2.0,262.0
-14.0,52.0,2.0,407.0
-12.0,52.0,2.0,407.0
-10.0,52.0,2.0,407.0
-8.0,52.0,2.0,407.0
-6.0,52.0,2.0,407.0
-4.0,52.0,2.0,407.0
-2.0,52.0,2.0,407.0
0.0,52.0,2.0,86.0
2.0,52.0,2.0,86.0
4.0,52.0,2.0,86.0
6.0,52.0,2.0,86.0
8.0,52.0,2.0,86.0
10.0,52.0,2.0,86.0
12.0,52.0,2.0,86.0
14.0,52.0,2.0,86.0
26.0,52.0,2.0,142.0
28.0,52.0,2.0,142.0
36.0,52.0,2.0,339.0
38.0,52.0,2.0,339.0
40.0,52.0,2.0,339.0
42.0,52.0,2.0,339.0
44.0,52.0,2.0,339.0
46.0,52.0,2.0,339.0
-48.0,54.0,2.0,154.0
-46.0,54.0,2.0,154.0
-44.0,54.0,2.0,154.0
-42.0,54.0,2.0,154.0
-40.0,54.0,2.0,154.0
-38.0,54.0,2.0,154.0
-36.0,54.0,2.0,262.0
-34.0,54.0,2.0,262.0
-32.0,54.0,2.0,262.0
-30.0,54.0,2.0,262.0
-28.0,54.0,2.0,262.0
-26.0,54.0,2.0,262.0
-24.0,54.0,2.0,262.0
-14.0,54.0,2.0,407.0
-12.0,54.0,2.0,407.0
-10.0,54.0,2.0,407.0
-8.0,54.0,2.0,407.0
-6.0,54.0,2.0,407.0
-4.0,54.0,2.0,407.0
-2.0,54.0,2.0,407.0
0.0,54.0,2.0,86.0
2.0,54.0,2.0,86.0
4.0,54.0,2.0,86.0
6.0,54.0,2.0,86.0
8.0,54.0,2.0,86.0
10.0,54.0,2.0,86.0
12.0,54.0,2.0,86.0
24.0,54.0,2.0,142.0
26.0,54.0,2.0,142.0
28.0,54.0,2.0,142.0
30.0,54.0,2.0,142.0
36.0,54.0,2.0,339.0
38.0,54.0,2.0,339.0
40.0,54.0,2.0,339.0
42.0,54.0,2.0,339.0
44.0,54.0,2.0,339.0
-46.0,56.0,2.0,154.0
-44.0,56.0,2.0,154.0
-42.0,56.0,2.0,154.0
-40.0,56.0,2.0,154.0
-38.0,56.0,2.0,262.0
-36.0,56.0,2.0,262.0
-34.0,56.0,2.0,262.0
-32.0,56.0,2.0,262.0
-30.0,56.0,2.0,262.0
-28.0,56.0,2.0,262.0
-26.0,56.0,2.0,262.0
-24.0,56.0,2.0,262.0
-14.0,56.0,2.0,557.0
-12.0,56.0,2.0,407.0
-10.0,56.0,2.0,407.0
-8.0,56.0,2.0,407.0
-6.0,56.0,2.0,407.0
-4.0,56.0,2.0,407.0
-2.0,56.0,2.0,407.0
0.0,56.0,2.0,86.0
2.0,56.0,2.0,86.0
4.0,56.0,2.0,86.0
6.0,56.0,2.0,86.0
8.0,56.0,2.0,86.0
10.0,56.0,2.0,86.0
12.0,56.0,2.0,86.0
24.0,56.0,2.0,142.0
26.0,56.0,2.0,142.0
28.0,56.0,2.0,142.0
30.0,56.0,2.0,142.0
34.0,56.0,2.0,339.0
36.0,56.0,2.0,339.0
38.0,56.0,2.0,339.0
40.0,56.0,2.0,339.0
42.0,56.0,2.0,339.0
44.0,56.0,2.0,339.0
-44.0,58.0,2.0,154.0
-42.0,58.0,2.0,154.0
-40.0,58.0,2.0,154.0
-38.0,58.0,2.0,262.0
-36.0,58.0,2.0,262.0
-34.0,58.0,2.0,262.0
-32.0,58.0,2.0,262.0
-30.0,58.0,2.0,262.0
-28.0,58.0,2.0,262.0
-26.0,58.0,2.0,262.0
-24.0,58.0,2.0,262.0
-22.0,58.0,2.0,557.0
-12.0,58.0,2.0,557.0
-10.0,58.0,2.0,305.0
-8.0,58.0,2.0,407.0
-6.0,58.0,2.0,407.0
-4.0,58.0,2.0,407.0
-2.0,58.0,2.0,425.0
2.0,58.0,2.0,425.0
4.0,58.0,2.0,425.0
6.0,58.0,2.0,425.0
8.0,58.0,2.0,425.0
10.0,58.0,2.0,425.0
12.0,58.0,2.0,425.0
22.0,58.0,2.0,142.0
24.0,58.0,2.0,142.0
26.0,58.0,2.0,142.0
28.0,58.0,2.0,142.0
30.0,58.0,2.0,97.0
32.0,58.0,2.0,97.0
34.0,58.0,2.0,339.0
36.0,58.0,2.0,339.0
38.0,58.0,2.0,339.0
40.0,58.0,2.0,339.0
42.0,58.0,2.0,339.0
-42.0,60.0,2.0,154.0
-40.0,60.0,2.0,262.0
-38.0,60.0,2.0,262.0
-36.0,60.0,2.0,262.0
-34.0,60.0,2.0,262.0
-32.0,60.0,2.0,262.0
-30.0,60.0,2.0,262.0
-28.0,60.0,2.0,262.0
-26.0,60.0,2.0,262.0
-24.0,60.0,2.0,262.0
-22.0,60.0,2.0,557.0
-20.0,60.0,2.0,557.0
-12.0,60.0,2.0,305.0
-10.0,60.0,2.0,305.0
-8.0,60.0,2.0,305.0
-6.0,60.0,2.0,305.0
-4.0,60.0,2.0,305.0
-2.0,60.0,2.0,425.0
4.0,60.0,2.0,425.0
6.0,60.0,2.0,425.0
8.0,60.0,2.0,425.0
10.0,60.0,2.0,425.0
12.0,60.0,2.0,425.0
22.0,60.0,2.0,142.0
24.0,60.0,2.0,142.0
26.0,60.0,2.0,142.0
28.0,60.0,2.0,97.0
30.0,60.0,2.0,97.0
32.0,60.0,2.0,97.0
34.0,60.0,2.0,97.0
36.0,60.0,2.0,339.0
38.0,60.0,2.0,339.0
40.0,60.0,2.0,339.0
-40.0,62.0,2.0,262.0
-38.0,62.0,2.0,262.0
-36.0,62.0,2.0,262.0
-34.0,62.0,2.0,262.0
-32.0,62.0,2.0,262.0
-30.0,62.0,2.0,262.0
-28.0,62.0,2.0,262.0
-26.0,62.0,2.0,262.0
-24.0,62.0,2.0,262.0
-22.0,62.0,2.0,557.0
-20.0,62.0,2.0,557.0
-10.0,62.0,2.0,305.0
-8.0,62.0,2.0,305.0
-6.0,62.0,2.0,305.0
-4.0,62.0,2.0,305.0
-2.0,62.0,2.0,425.0
4.0,62.0,2.0,425.0
6.0,62.0,2.0,425.0
8.0,62.0,2.0,425.0
10.0,62.0,2.0,425.0
20.0,62.0,2.0,142.0
22.0,62.0,2.0,142.0
24.0,62.0,2.0,97.0
26.0,62.0,2.0,97.0
28.0,62.0,2.0,97.0
30.0,62.0,2.0,97.0
32.0,62.0,2.0,97.0
34.0,62.0,2.0,97.0
36.0,62.0,2.0,97.0
38.0,62.0,2.0,339.0
-38.0,64.0,2.0,262.0
-36.0,64.0,2.0,262.0
-34.0,64.0,2.0,262.0
-32.0,64.0,2.0,262.0
-30.0,64.0,2.0,262.0
-28.0,64.0,2.0,262.0
-26.0,64.0,2.0,262.0
-24.0,64.0,2.0,262.0
-22.0,64.0,2.0,557.0
-20.0,64.0,2.0,557.0
-10.0,64.0,2.0,305.0
-8.0,64.0,2.0,305.0
-6.0,64.0,2.0,305.0
-4.0,64.0,2.0,305.0
-2.0,64.0,2.0,425.0
2.0,64.0,2.0,425.0
4.0,64.0,2.0,425.0
6.0,64.0,2.0,425.0
8.0,64.0,2.0,425.0
10.0,64.0,2.0,345.0
22.0,64.0,2.0,97.0
24.0,64.0,2.0,97.0
26.0,64.0,2.0,97.0
28.0,64.0,2.0,97.0
30.0,64.0,2.0,97.0
32.0,64.0,2.0,97.0
34.0,64.0,2.0,97.0
-30.0,66.0,2.0,262.0
-28.0,66.0,2.0,262.0
-26.0,66.0,2.0,262.0
-24.0,66.0,2.0,262.0
-22.0,66.0,2.0,557.0
-20.0,66.0,2.0,557.0
-18.0,66.0,2.0,305.0
-16.0,66.0,2.0,305.0
-14.0,66.0,2.0,305.0
-12.0,66.0,2.0,305.0
-10.0,66.0,2.0,305.0
-8.0,66.0,2.0,305.0
-6.0,66.0,2.0,305.0
-4.0,66.0,2.0,305.0
-2.0,66.0,2.0,305.0
4.0,66.0,2.0,425.0
6.0,66.0,2.0,425.0
8.0,66.0,2.0,345.0
10.0,66.0,2.0,345.0
18.0,66.0,2.0,345.0
20.0,66.0,2.0,345.0
22.0,66.0,2.0,97.0
24.0,66.0,2.0,97.0
26.0,66.0,2.0,97.0
28.0,66.0,2.0,97.0
30.0,66.0,2.0,97.0
-28.0,68.0,2.0,262.0
-26.0,68.0,2.0,262.0
-24.0,68.0,2.0,262.0
-22.0,68.0,2.0,557.0
-20.0,68.0,2.0,305.0
-18.0,68.0,2.0,305.0
-16.0,68.0,2.0,305.0
-14.0,68.0,2.0,305.0
-12.0,68.0,2.0,305.0
-10.0,68.0,2.0,305.0
-8.0,68.0,2.0,305.0
-6.0,68.0,2.0,305.0
-4.0,68.0,2.0,305.0
-2.0,68.0,2.0,305.0
4.0,68.0,2.0,425.0
6.0,68.0,2.0,345.0
8.0,68.0,2.0,345.0
10.0,68.0,2.0,345.0
12.0,68.0,2.0,345.0
14.0,68.0,2.0,345.0
16.0,68.0,2.0,345.0
18.0,68.0,2.0,345.0
20.0,68.0,2.0,345.0
22.0,68.0,2.0,97.0
24.0,68.0,2.0,97.0
26.0,68.0,2.0,97.0
-26.0,70.0,2.0,262.0
-24.0,70.0,2.0,341.0
-22.0,70.0,2.0,305.0
-20.0,70.0,2.0,305.0
-18.0,70.0,2.0,305.0
-16.0,70.0,2.0,305.0
-14.0,70.0,2.0,305.0
-12.0,70.0,2.0,305.0
-10.0,70.0,2.0,305.0
-8.0,70.0,2.0,305.0
-6.0,70.0,2.0,305.0
-4.0,70.0,2.0,305.0
4.0,70.0,2.0,345.0
6.0,70.0,2.0,345.0
8.0,70.0,2.0,345.0
10.0,70.0,2.0,345.0
12.0,70.0,2.0,345.0
14.0,70.0,2.0,345.0
16.0,70.0,2.0,345.0
18.0,70.0,2.0,345.0
20.0,70.0,2.0,345.0
22.0,70.0,2.0,97.0
-20.0,72.0,2.0,305.0
-18.0,72.0,2.0,305.0
-16.0,72.0,2.0,305.0
-14.0,72.0,2.0,305.0
-12.0,72.0,2.0,305.0
-10.0,72.0,2.0,305.0
-8.0,72.0,2.0,305.0
-6.0,72.0,2.0,305.0
6.0,72.0,2.0,345.0
8.0,72.0,2.0,345.0
10.0,72.0,2.0,345.0
12.0,72.0,2.0,345.0
14.0,72.0,2.0,345.0
16.0,72.0,2.0,345.0
10.0,-106.0,4.0,380.0
12.0,-106.0,4.0,380.0
14.0,-106.0,4.0,380.0
-20.0,-104.0,4.0,519.0
-18.0,-104.0,4.0,519.0
-16.0,-104.0,4.0,519.0
-14.0,-104.0,4.0,519.0
-12.0,-104.0,4.0,125.0
6.0,-104.0,4.0,380.0
8.0,-104.0,4.0,380.0
10.0,-104.0,4.0,380.0
12.0,-104.0,4.0,380.0
14.0,-104.0,4.0,380.0
16.0,-104.0,4.0,380.0
18.0,-104.0,4.0,380.0
20.0,-104.0,4.0,380.0
22.0,-104.0,4.0,325.0
-26.0,-102.0,4.0,304.0
-24.0,-102.0,4.0,304.0
-22.0,-102.0,4.0,519.0
-20.0,-102.0,4.0,519.0
-18.0,-102.0,4.0,519.0
-16.0,-102.0,4.0,519.0
-14.0,-102.0,4.0,519.0
-12.0,-102.0,4.0,125.0
-10.0,-102.0,4.0,125.0
-8.0,-102.0,4.0,125.0
0.0,-102.0,4.0,125.0
2.0,-102.0,4.0,125.0
4.0,-102.0,4.0,380.0
6.0,-102.0,4.0,380.0
8.0,-102.0,4.0,380.0
10.0,-102.0,4.0,380.0
12.0,-102.0,4.0,380.0
14.0,-102.0,4.0,380.0
16.0,-102.0,4.0,380.0
18.0,-102.0,4.0,380.0
20.0,-102.0,4.0,380.0
22.0,-102.0,4.0,325.0
24.0,-102.0,4.0,325.0
26.0,-102.0,4.0,85.0
-28.0,-100.0,4.0,304.0
-26.0,-100.0,4.0,304.0
-24.0,-100.0,4.0,304.0
-22.0,-100.0,4.0,519.0
-20.0,-100.0,4.0,519.0
-18.0,-100.0,4.0,519.0
-16.0,-100.0,4.0,519.0
-14.0,-100.0,4.0,519.0
-12.0,-100.0,4.0,125.0
-10.0,-100.0,4.0,125.0
-8.0,-100.0,4.0,125.0
-6.0,-100.0,4.0,125.0
-2.0,-100.0,4.0,125.0
0.0,-100.0,4.0,125.0
2.0,-100.0,4.0,125.0
4.0,-100.0,4.0,380.0
6.0,-100.0,4.0,380.0
8.0,-100.0,4.0,380.0
10.0,-100.0,4.0,380.0
12.0,-100.0,4.0,380.0
14.0,-100.0,4.0,380.0
16.0,-100.0,4.0,380.0
18.0,-100.0,4.0,380.0
20.0,-100.0,4.0,325.0
22.0,-100.0,4.0,325.0
24.0,-100.0,4.0,325.0
26.0,-100.0,4.0,85.0
28.0,-100.0,4.0,85.0
30.0,-100.0,4.0,85.0
-32.0,-98.0,4.0,304.0
-30.0,-98.0,4.0,304.0
-28.0,-98.0,4.0,304.0
-26.0,-98.0,4.0,304.0
-24.0,-98.0,4.0,519.0
-22.0,-98.0,4.0,519.0
-20.0,-98.0,4.0,519.0
-18.0,-98.0,4.0,519.0
-16.0,-98.0,4.0,519.0
-14.0,-98.0,4.0,519.0
-12.0,-98.0,4.0,125.0
-10.0,-98.0,4.0,125.0
-8.0,-98.0,4.0,125.0
-6.0,-98.0,4.0,125.0
-4.0,-98.0,4.0,125.0
-2.0,-98.0,4.0,125.0
0.0,-98.0,4.0,125.0
2.0,-98.0,4.0,125.0
4.0,-98.0,4.0,125.0
6.0,-98.0,4.0,380.0
8.0,-98.0,4.0,380.0
10.0,-98.0,4.0,380.0
12.0,-98.0,4.0,380.0
14.0,-98.0,4.0,380.0
16.0,-98.0,4.0,380.0
18.0,-98.0,4.0,380.0
20.0,-98.0,4.0,325.0
22.0,-98.0,4.0,325.0
24.0,-98.0,4.0,325.0
26.0,-98.0,4.0,85.0
28.0,-98.0,4.0,85.0
30.0,-98.0,4.0,85.0
32.0,-98.0,4.0,85.0
-36.0,-96.0,4.0,304.0
-34.0,-96.0,4.0,304.0
-32.0,-96.0,4.0,304.0
-30.0,-96.0,4.0,304.0
-28.0,-96.0,4.0,304.0
-26.0,-96.0,4.0,304.0
-24.0,-96.0,4.0,519.0
-22.0,-96.0,4.0,519.0
-20.0,-96.0,4.0,519.0
-18.0,-96.0,4.0,519.0
-16.0,-96.0,4.0,519.0
-14.0,-96.0,4.0,519.0
-12.0,-96.0,4.0,230.0
-10.0,-96.0,4.0,125.0
-8.0,-96.0,4.0,125.0
-6.0,-96.0,4.0,125.0
-4.0,-96.0,4.0,125.0
-2.0,-96.0,4.0,125.0
0.0,-96.0,4.0,125.0
2.0,-96.0,4.0,125.0
4.0,-96.0,4.0,125.0
6.0,-96.0,4.0,380.0
8.0,-96.0,4.0,380.0
10.0,-96.0,4.0,380.0
12.0,-96.0,4.0,380.0
14.0,-96.0,4.0,380.0
16.0,-96.0,4.0,380.0
18.0,-96.0,4.0,380.0
20.0,-96.0,4.0,325.0
22.0,-96.0,4.0,325.0
24.0,-96.0,4.0,85.0
26.0,-96.0,4.0,85.0
28.0,-96.0,4.0,85.0
30.0,-96.0,4.0,85.0
32.0,-96.0,4.0,85.0
34.0,-96.0,4.0,85.0
-38.0,-94.0,4.0,304.0
-36.0,-94.0,4.0,304.0
-34.0,-94.0,4.0,304.0
-32.0,-94.0,4.0,304.0
-30.0,-94.0,4.0,304.0
-28.0,-94.0,4.0,304.0
-26.0,-94.0,4.0,304.0
-24.0,-94.0,4.0,519.0
-22.0,-94.0,4.0,519.0
-20.0,-94.0,4.0,519.0
-18.0,-94.0,4.0,519.0
-16.0,-94.0,4.0,519.0
-14.0,-94.0,4.0,230.0
-12.0,-94.0,4.0,230.0
-10.0,-94.0,4.0,230.0
-8.0,-94.0,4.0,125.0
-6.0,-94.0,4.0,125.0
-4.0,-94.0,4.0,125.0
-2.0,-94.0,4.0,125.0
0.0,-94.0,4.0,125.0
2.0,-94.0,4.0,125.0
4.0,-94.0,4.0,125.0
6.0,-94.0,4.0,125.0
8.0,-94.0,4.0,380.0
10.0,-94.0,4.0,380.0
12.0,-94.0,4.0,380.0
14.0,-94.0,4.0,380.0
16.0,-94.0,4.0,380.0
18.0,-94.0,4.0,325.0
20.0,-94.0,4.0,325.0
22.0,-94.0,4.0,325.0
24.0,-94.0,4.0,85.0
26.0,-94.0,4.0,85.0
28.0,-94.0,4.0,85.0
30.0,-94.0,4.0,85.0
32.0,-94.0,4.0,85.0
34.0,-94.0,4.0,85.0
36.0,-94.0,4.0,85.0
38.0,-94.0,4.0,85.0
-40.0,-92.0,4.0,510.0
-38.0,-92.0,4.0,304.0
-36.0,-92.0,4.0,304.0
-34.0,-92.0,4.0,304.0
-32.0,-92.0,4.0,304.0
-30.0,-92.0,4.0,304.0
-28.0,-92.0,4.0,304.0
-26.0,-92.0,4.0,519.0
-24.0,-92.0,4.0,519.0
-22.0,-92.0,4.0,519.0
-20.0,-92.0,4.0,519.0
-18.0,-92.0,4.0,519.0
-16.0,-92.0,4.0,230.0
-14.0,-92.0,4.0,230.0
-12.0,-92.0,4.0,230.0
-10.0,-92.0,4.0,230.0
-8.0,-92.0,4.0,230.0
-6.0,-92.0,4.0,230.0
-4.0,-92.0,4.0,125.0
-2.0,-92.0,4.0,125.0
0.0,-92.0,4.0,125.0
2.0,-92.0,4.0,125.0
4.0,-92.0,4.0,125.0
6.0,-92.0,4.0,125.0
8.0,-92.0,4.0,380.0
10.0,-92.0,4.0,380.0
12.0,-92.0,4.0,380.0
14.0,-92.0,4.0,380.0
16.0,-92.0,4.0,380.0
18.0,-92.0,4.0,325.0
20.0,-92.0,4.0,325.0
22.0,-92.0,4.0,325.0
24.0,-92.0,4.0,85.0
26.0,-92.0,4.0,85.0
28.0,-92.0,4.0,85.0
30.0,-92.0,4.0,85.0
32.0,-92.0,4.0,85.0
34.0,-92.0,4.0,85.0
36.0,-92.0,4.0,85.0
38.0,-92.0,4.0,85.0
-42.0,-90.0,4.0,510.0
-40.0,-90.0,4.0,510.0
-38.0,-90.0,4.0,510.0
-36.0,-90.0,4.0,304.0
-34.0,-90.0,4.0,304.0
-32.0,-90.0,4.0,304.0
-30.0,-90.0,4.0,304.0
-28.0,-90.0,4.0,304.0
-26.0,-90.0,4.0,519.0
-20.0,-90.0,4.0,519.0
-18.0,-90.0,4.0,519.0
-16.0,-90.0,4.0,230.0
-14.0,-90.0,4.0,230.0
-12.0,-90.0,4.0,230.0
-10.0,-90.0,4.0,230.0
-8.0,-90.0,4.0,230.0
-6.0,-90.0,4.0,230.0
-4.0,-90.0,4.0,230.0
-2.0,-90.0,4.0,125.0
0.0,-90.0,4.0,125.0
2.0,-90.0,4.0,125.0
4.0,-90.0,4.0,125.0
6.0,-90.0,4.0,125.0
8.0,-90.0,4.0,125.0
10.0,-90.0,4.0,380.0
12.0,-90.0,4.0,380.0
14.0,-90.0,4.0,380.0
16.0,-90.0,4.0,325.0
18.0,-90.0,4.0,325.0
20.0,-90.0,4.0,325.0
22.0,-90.0,4.0,325.0
24.0,-90.0,4.0,85.0
26.0,-90.0,4.0,85.0
28.0,-90.0,4.0,85.0
30.0,-90.0,4.0,85.0
32.0,-90.0,4.0,85.0
34.0,-90.0,4.0,85.0
36.0,-90.0,4.0,85.0
38.0,-90.0,4.0,85.0
40.0,-90.0,4.0,85.0
-42.0,-88.0,4.0,510.0
-40.0,-88.0,4.0,510.0
-38.0,-88.0,4.0,510.0
-36.0,-88.0,4.0,510.0
-34.0,-88.0,4.0,279.0
-32.0,-88.0,4.0,279.0
-30.0,-88.0,4.0,279.0
-28.0,-88.0,4.0,279.0
-26.0,-88.0,4.0,519.0
-20.0,-88.0,4.0,519.0
-18.0,-88.0,4.0,230.0
-16.0,-88.0,4.0,230.0
-14.0,-88.0,4.0,230.0
-12.0,-88.0,4.0,230.0
-10.0,-88.0,4.0,230.0
-8.0,-88.0,4.0,230.0
-6.0,-88.0,4.0,230.0
-4.0,-88.0,4.0,230.0
-2.0,-88.0,4.0,230.0
0.0,-88.0,4.0,31.0
2.0,-88.0,4.0,125.0
4.0,-88.0,4.0,125.0
6.0,-88.0,4.0,125.0
8.0,-88.0,4.0,125.0
10.0,-88.0,4.0,380.0
12.0,-88.0,4.0,380.0
14.0,-88.0,4.0,380.0
16.0,-88.0,4.0,325.0
18.0,-88.0,4.0,325.0
20.0,-88.0,4.0,325.0
22.0,-88.0,4.0,325.0
24.0,-88.0,4.0,335.0
26.0,-88.0,4.0,335.0
28.0,-88.0,4.0,335.0
30.0,-88.0,4.0,335.0
32.0,-88.0,4.0,335.0
34.0,-88.0,4.0,335.0
36.0,-88.0,4.0,335.0
38.0,-88.0,4.0,150.0
40.0,-88.0,4.0,548.0
42.0,-88.0,4.0,548.0
44.0,-88.0,4.0,548.0
-44.0,-86.0,4.0,510.0
-42.0,-86.0,4.0,510.0
-40.0,-86.0,4.0,510.0
-38.0,-86.0,4.0,510.0
-36.0,-86.0,4.0,510.0
-34.0,-86.0,4.0,279.0
-32.0,-86.0,4.0,279.0
-30.0,-86.0,4.0,279.0
-28.0,-86.0,4.0,279.0
-18.0,-86.0,4.0,356.0
-16.0,-86.0,4.0,230.0
-14.0,-86.0,4.0,230.0
-12.0,-86.0,4.0,230.0
-10.0,-86.0,4.0,230.0
-8.0,-86.0,4.0,230.0
-6.0,-86.0,4.0,230.0
-4.0,-86.0,4.0,230.0
-2.0,-86.0,4.0,31.0
0.0,-86.0,4.0,31.0
2.0,-86.0,4.0,31.0
4.0,-86.0,4.0,31.0
6.0,-86.0,4.0,31.0
8.0,-86.0,4.0,125.0
10.0,-86.0,4.0,125.0
12.0,-86.0,4.0,380.0
14.0,-86.0,4.0,380.0
16.0,-86.0,4.0,325.0
18.0,-86.0,4.0,325.0
20.0,-86.0,4.0,325.0
22.0,-86.0,4.0,335.0
24.0,-86.0,4.0,335.0
26.0,-86.0,4.0,335.0
28.0,-86.0,4.0,335.0
30.0,-86.0,4.0,335.0
32.0,-86.0,4.0,335.0
34.0,-86.0,4.0,150.0
36.0,-86.0,4.0,150.0
38.0,-86.0,4.0,150.0
40.0,-86.0,4.0,548.0
42.0,-86.0,4.0,548.0
44.0,-86.0,4.0,548.0
46.0,-86.0,4.0,548.0
-48.0,-84.0,4.0,510.0
-46.0,-84.0,4.0,510.0
-44.0,-84.0,4.0,510.0
-42.0,-84.0,4.0,510.0
-40.0,-84.0,4.0,510.0
-38.0,-84.0,4.0,510.0
-36.0,-84.0,4.0,510.0
-34.0,-84.0,4.0,279.0
-32.0,-84.0,4.0,279.0
-30.0,-84.0,4.0,279.0
-18.0,-84.0,4.0,356.0
-16.0,-84.0,4.0,356.0
-14.0,-84.0,4.0,230.0
-12.0,-84.0,4.0,230.0
-10.0,-84.0,4.0,230.0
-8.0,-84.0,4.0,230.0
-6.0,-84.0,4.0,230.0
-4.0,-84.0,4.0,230.0
-2.0,-84.0,4.0,31.0
0.0,-84.0,4.0,31.0
2.0,-84.0,4.0,31.0
4.0,-84.0,4.0,31.0
6.0,-84.0,4.0,31.0
8.0,-84.0,4.0,31.0
10.0,-84.0,4.0,31.0
12.0,-84.0,4.0,380.0
14.0,-84.0,4.0,464.0
16.0,-84.0,4.0,464.0
18.0,-84.0,4.0,464.0
20.0,-84.0,4.0,464.0
22.0,-84.0,4.0,464.0
24.0,-84.0,4.0,335.0
26.0,-84.0,4.0,335.0
28.0,-84.0,4.0,335.0
30.0,-84.0,4.0,150.0
32.0,-84.0,4.0,150.0
34.0,-84.0,4.0,150.0
36.0,-84.0,4.0,150.0
38.0,-84.0,4.0,150.0
40.0,-84.0,4.0,548.0
42.0,-84.0,4.0,548.0
44.0,-84.0,4.0,548.0
46.0,-84.0,4.0,548.0
48.0,-84.0,4.0,548.0
-50.0,-82.0,4.0,552.0
-48.0,-82.0,4.0,552.0
-46.0,-82.0,4.0,552.0
-44.0,-82.0,4.0,510.0
-42.0,-82.0,4.0,510.0
-40.0,-82.0,4.0,510.0
-38.0,-82.0,4.0,351.0
-36.0,-82.0,4.0,351.0
-34.0,-82.0,4.0,351.0
-32.0,-82.0,4.0,351.0
-30.0,-82.0,4.0,351.0
-20.0,-82.0,4.0,594.0
-18.0,-82.0,4.0,356.0
-16.0,-82.0,4.0,356.0
-14.0,-82.0,4.0,356.0
-12.0,-82.0,4.0,230.0
-10.0,-82.0,4.0,230.0
-8.0,-82.0,4.0,230.0
-6.0,-82.0,4.0,230.0
-4.0,-82.0,4.0,31.0
-2.0,-82.0,4.0,31.0
0.0,-82.0,4.0,31.0
2.0,-82.0,4.0,31.0
4.0,-82.0,4.0,31.0
6.0,-82.0,4.0,31.0
8.0,-82.0,4.0,31.0
10.0,-82.0,4.0,31.0
12.0,-82.0,4.0,464.0
14.0,-82.0,4.0,464.0
16.0,-82.0,4.0,464.0
18.0,-82.0,4.0,464.0
20.0,-82.0,4.0,464.0
22.0,-82.0,4.0,464.0
24.0,-82.0,4.0,464.0
26.0,-82.0,4.0,150.0
28.0,-82.0,4.0,150.0
30.0,-82.0,4.0,150.0
32.0,-82.0,4.0,150.0
34.0,-82.0,4.0,150.0
36.0,-82.0,4.0,150.0
38.0,-82.0,4.0,548.0
40.0,-82.0,4.0,548.0
42.0,-82.0,4.0,548.0
44.0,-82.0,4.0,548.0
46.0,-82.0,4.0,548.0
48.0,-82.0,4.0,548.0
50.0,-82.0,4.0,548.0
-50.0,-80.0,4.0,552.0
-48.0,-80.0,4.0,552.0
-46.0,-80.0,4.0,552.0
-44.0,-80.0,4.0,552.0
-42.0,-80.0,4.0,552.0
-40.0,-80.0,4.0,351.0
-38.0,-80.0,4.0,351.0
-36.0,-80.0,4.0,351.0
-34.0,-80.0,4.0,351.0
-32.0,-80.0,4.0,351.0
-30.0,-80.0,4.0,351.0
-22.0,-80.0,4.0,594.0
-20.0,-80.0,4.0,594.0
-18.0,-80.0,4.0,356.0
-16.0,-80.0,4.0,356.0
-14.0,-80.0,4.0,356.0
-12.0,-80.0,4.0,356.0
-10.0,-80.0,4.0,230.0
-8.0,-80.0,4.0,230.0
-6.0,-80.0,4.0,230.0
-4.0,-80.0,4.0,31.0
-2.0,-80.0,4.0,31.0
0.0,-80.0,4.0,31.0
2.0,-80.0,4.0,31.0
4.0,-80.0,4.0,31.0
6.0,-80.0,4.0,31.0
8.0,-80.0,4.0,31.0
10.0,-80.0,4.0,31.0
12.0,-80.0,4.0,464.0
14.0,-80.0,4.0,464.0
16.0,-80.0,4.0,464.0
18.0,-80.0,4.0,464.0
20.0,-80.0,4.0,464.0
22.0,-80.0,4.0,464.0
24.0,-80.0,4.0,464.0
26.0,-80.0,4.0,464.0
28.0,-80.0,4.0,534.0
30.0,-80.0,4.0,150.0
32.0,-80.0,4.0,150.0
34.0,-80.0,4.0,150.0
36.0,-80.0,4.0,150.0
38.0,-80.0,4.0,548.0
40.0,-80.0,4.0,548.0
42.0,-80.0,4.0,548.0
44.0,-80.0,4.0,548.0
46.0,-80.0,4.0,548.0
48.0,-80.0,4.0,548.0
50.0,-80.0,4.0,548.0
52.0,-80.0,4.0,548.0
-52.0,-78.0,4.0,552.0
-50.0,-78.0,4.0,552.0
-48.0,-78.0,4.0,552.0
-46.0,-78.0,4.0,552.0
-44.0,-78.0,4.0,552.0
-42.0,-78.0,4.0,552.0
-40.0,-78.0,4.0,351.0
-38.0,-78.0,4.0,351.0
-36.0,-78.0,4.0,351.0
-34.0,-78.0,4.0,351.0
-32.0,-78.0,4.0,351.0
-24.0,-78.0,4.0,594.0
-22.0,-78.0,4.0,594.0
-20.0,-78.0,4.0,594.0
-18.0,-78.0,4.0,356.0
-16.0,-78.0,4.0,356.0
-14.0,-78.0,4.0,356.0
-12.0,-78.0,4.0,356.0
-10.0,-78.0,4.0,356.0
-8.0,-78.0,4.0,230.0
-6.0,-78.0,4.0,31.0
-4.0,-78.0,4.0,31.0
-2.0,-78.0,4.0,31.0
0.0,-78.0,4.0,31.0
2.0,-78.0,4.0,31.0
4.0,-78.0,4.0,31.0
6.0,-78.0,4.0,31.0
8.0,-78.0,4.0,31.0
10.0,-78.0,4.0,362.0
12.0,-78.0,4.0,464.0
14.0,-78.0,4.0,464.0
16.0,-78.0,4.0,464.0
18.0,-78.0,4.0,464.0
20.0,-78.0,4.0,464.0
22.0,-78.0,4.0,464.0
24.0,-78.0,4.0,464.0
28.0,-78.0,4.0,534.0
30.0,-78.0,4.0,534.0
32.0,-78.0,4.0,534.0
34.0,-78.0,4.0,150.0
36.0,-78.0,4.0,100.0
38.0,-78.0,4.0,100.0
40.0,-78.0,4.0,100.0
42.0,-78.0,4.0,548.0
44.0,-78.0,4.0,548.0
46.0,-78.0,4.0,548.0
48.0,-78.0,4.0,548.0
50.0,-78.0,4.0,413.0
52.0,-78.0,4.0,413.0
54.0,-78.0,4.0,413.0
-54.0,-76.0,4.0,552.0
-52.0,-76.0,4.0,552.0
-50.0,-76.0,4.0,552.0
-48.0,-76.0,4.0,552.0
-46.0,-76.0,4.0,552.0
-44.0,-76.0,4.0,552.0
-42.0,-76.0,4.0,552.0
-40.0,-76.0,4.0,144.0
-38.0,-76.0,4.0,144.0
-36.0,-76.0,4.0,144.0
-34.0,-76.0,4.0,144.0
-32.0,-76.0,4.0,144.0
-24.0,-76.0,4.0,288.0
-22.0,-76.0,4.0,594.0
-20.0,-76.0,4.0,594.0
-18.0,-76.0,4.0,356.0
-16.0,-76.0,4.0,356.0
-14.0,-76.0,4.0,356.0
-12.0,-76.0,4.0,356.0
-10.0,-76.0,4.0,356.0
-8.0,-76.0,4.0,356.0
-6.0,-76.0,4.0,31.0
-4.0,-76.0,4.0,31.0
-2.0,-76.0,4.0,31.0
0.0,-76.0,4.0,31.0
2.0,-76.0,4.0,31.0
4.0,-76.0,4.0,31.0
6.0,-76.0,4.0,31.0
8.0,-76.0,4.0,362.0
10.0,-76.0,4.0,362.0
12.0,-76.0,4.0,362.0
14.0,-76.0,4.0,464.0
16.0,-76.0,4.0,464.0
18.0,-76.0,4.0,464.0
20.0,-76.0,4.0,464.0
22.0,-76.0,4.0,464.0
24.0,-76.0,4.0,464.0
26.0,-76.0,4.0,464.0
28.0,-76.0,4.0,464.0
30.0,-76.0,4.0,534.0
32.0,-76.0,4.0,534.0
34.0,-76.0,4.0,100.0
36.0,-76.0,4.0,100.0
38.0,-76.0,4.0,100.0
40.0,-76.0,4.0,100.0
42.0,-76.0,4.0,100.0
44.0,-76.0,4.0,100.0
46.0,-76.0,4.0,100.0
48.0,-76.0,4.0,413.0
50.0,-76.0,4.0,413.0
52.0,-76.0,4.0,413.0
54.0,-76.0,4.0,413.0
-54.0,-74.0,4.0,552.0
-52.0,-74.0,4.0,552.0
-50.0,-74.0,4.0,552.0
-48.0,-74.0,4.0,552.0
-46.0,-74.0,4.0,552.0
-44.0,-74.0,4.0,552.0
-42.0,-74.0,4.0,144.0
-40.0,-74.0,4.0,144.0
-38.0,-74.0,4.0,144.0
-36.0,-74.0,4.0,144.0
-34.0,-74.0,4.0,144.0
-32.0,-74.0,4.0,144.0
-24.0,-74.0,4.0,288.0
-22.0,-74.0,4.0,288.0
-20.0,-74.0,4.0,288.0
-18.0,-74.0,4.0,356.0
-16.0,-74.0,4.0,356.0
-14.0,-74.0,4.0,356.0
-12.0,-74.0,4.0,356.0
-10.0,-74.0,4.0,356.0
-8.0,-74.0,4.0,356.0
-6.0,-74.0,4.0,450.0
-4.0,-74.0,4.0,450.0
-2.0,-74.0,4.0,450.0
0.0,-74.0,4.0,450.0
2.0,-74.0,4.0,450.0
4.0,-74.0,4.0,31.0
6.0,-74.0,4.0,578.0
8.0,-74.0,4.0,362.0
10.0,-74.0,4.0,362.0
12.0,-74.0,4.0,362.0
14.0,-74.0,4.0,464.0
16.0,-74.0,4.0,464.0
18.0,-74.0,4.0,464.0
20.0,-74.0,4.0,464.0
22.0,-74.0,4.0,464.0
24.0,-74.0,4.0,464.0
26.0,-74.0,4.0,464.0
34.0,-74.0,4.0,100.0
36.0,-74.0,4.0,100.0
38.0,-74.0,4.0,100.0
40.0,-74.0,4.0,100.0
42.0,-74.0,4.0,100.0
44.0,-74.0,4.0,100.0
46.0,-74.0,4.0,100.0
48.0,-74.0,4.0,413.0
50.0,-74.0,4.0,413.0
52.0,-74.0,4.0,413.0
54.0,-74.0,4.0,413.0
-56.0,-72.0,4.0,552.0
-54.0,-72.0,4.0,552.0
-52.0,-72.0,4.0,552.0
-50.0,-72.0,4.0,552.0
-48.0,-72.0,4.0,552.0
-46.0,-72.0,4.0,552.0
-44.0,-72.0,4.0,552.0
-42.0,-72.0,4.0,144.0
-40.0,-72.0,4.0,144.0
-38.0,-72.0,4.0,144.0
-36.0,-72.0,4.0,144.0
-34.0,-72.0,4.0,144.0
-24.0,-72.0,4.0,288.0
-22.0,-72.0,4.0,288.0
-20.0,-72.0,4.0,288.0
-18.0,-72.0,4.0,288.0
-16.0,-72.0,4.0,356.0
-14.0,-72.0,4.0,356.0
-12.0,-72.0,4.0,356.0
-10.0,-72.0,4.0,356.0
-8.0,-72.0,4.0,450.0
-6.0,-72.0,4.0,450.0
-4.0,-72.0,4.0,450.0
-2.0,-72.0,4.0,450.0
0.0,-72.0,4.0,450.0
2.0,-72.0,4.0,450.0
4.0,-72.0,4.0,450.0
6.0,-72.0,4.0,578.0
8.0,-72.0,4.0,362.0
10.0,-72.0,4.0,362.0
12.0,-72.0,4.0,362.0
14.0,-72.0,4.0,464.0
16.0,-72.0,4.0,464.0
18.0,-72.0,4.0,464.0
20.0,-72.0,4.0,464.0
22.0,-72.0,4.0,464.0
24.0,-72.0,4.0,464.0
26.0,-72.0,4.0,464.0
36.0,-72.0,4.0,100.0
38.0,-72.0,4.0,100.0
40.0,-72.0,4.0,100.0
42.0,-72.0,4.0,100.0
44.0,-72.0,4.0,100.0
46.0,-72.0,4.0,90.0
48.0,-72.0,4.0,90.0
50.0,-72.0,4.0,413.0
52.0,-72.0,4.0,413.0
54.0,-72.0,4.0,413.0
-56.0,-70.0,4.0,552.0
-54.0,-70.0,4.0,552.0
-52.0,-70.0,4.0,552.0
-50.0,-70.0,4.0,552.0
-48.0,-70.0,4.0,552.0
-46.0,-70.0,4.0,552.0
-44.0,-70.0,4.0,552.0
-42.0,-70.0,4.0,144.0
-40.0,-70.0,4.0,144.0
-26.0,-70.0,4.0,288.0
-24.0,-70.0,4.0,288.0
-22.0,-70.0,4.0,288.0
-20.0,-70.0,4.0,288.0
-18.0,-70.0,4.0,288.0
-16.0,-70.0,4.0,288.0
-14.0,-70.0,4.0,288.0
-12.0,-70.0,4.0,356.0
-10.0,-70.0,4.0,356.0
-8.0,-70.0,4.0,450.0
-6.0,-70.0,4.0,450.0
-4.0,-70.0,4.0,450.0
0.0,-70.0,4.0,450.0
2.0,-70.0,4.0,450.0
4.0,-70.0,4.0,450.0
6.0,-70.0,4.0,578.0
8.0,-70.0,4.0,362.0
10.0,-70.0,4.0,362.0
12.0,-70.0,4.0,303.0
14.0,-70.0,4.0,303.0
16.0,-70.0,4.0,464.0
18.0,-70.0,4.0,464.0
20.0,-70.0,4.0,464.0
22.0,-70.0,4.0,464.0
24.0,-70.0,4.0,464.0
26.0,-70.0,4.0,464.0
28.0,-70.0,4.0,464.0
38.0,-70.0,4.0,100.0
40.0,-70.0,4.0,90.0
42.0,-70.0,4.0,90.0
44.0,-70.0,4.0,90.0
46.0,-70.0,4.0,90.0
48.0,-70.0,4.0,90.0
50.0,-70.0,4.0,90.0
52.0,-70.0,4.0,90.0
54.0,-70.0,4.0,413.0
-58.0,-68.0,4.0,388.0
-56.0,-68.0,4.0,388.0
-54.0,-68.0,4.0,388.0
-52.0,-68.0,4.0,388.0
-50.0,-68.0,4.0,552.0
-48.0,-68.0,4.0,552.0
-46.0,-68.0,4.0,552.0
-44.0,-68.0,4.0,144.0
-42.0,-68.0,4.0,144.0
-40.0,-68.0,4.0,144.0
-24.0,-68.0,4.0,288.0
-22.0,-68.0,4.0,288.0
-20.0,-68.0,4.0,288.0
-18.0,-68.0,4.0,288.0
-16.0,-68.0,4.0,288.0
-14.0,-68.0,4.0,288.0
-12.0,-68.0,4.0,288.0
-10.0,-68.0,4.0,356.0
-8.0,-68.0,4.0,450.0
-6.0,-68.0,4.0,450.0
-4.0,-68.0,4.0,450.0
2.0,-68.0,4.0,450.0
4.0,-68.0,4.0,450.0
6.0,-68.0,4.0,578.0
8.0,-68.0,4.0,362.0
10.0,-68.0,4.0,303.0
12.0,-68.0,4.0,303.0
14.0,-68.0,4.0,303.0
16.0,-68.0,4.0,303.0
18.0,-68.0,4.0,303.0
22.0,-68.0,4.0,352.0
24.0,-68.0,4.0,352.0
26.0,-68.0,4.0,352.0
28.0,-68.0,4.0,352.0
38.0,-68.0,4.0,90.0
40.0,-68.0,4.0,90.0
42.0,-68.0,4.0,90.0
44.0,-68.0,4.0,90.0
46.0,-68.0,4.0,90.0
48.0,-68.0,4.0,90.0
50.0,-68.0,4.0,90.0
52.0,-68.0,4.0,90.0
54.0,-68.0,4.0,90.0
56.0,-68.0,4.0,90.0
-58.0,-66.0,4.0,388.0
-56.0,-66.0,4.0,388.0
-54.0,-66.0,4.0,388.0
-52.0,-66.0,4.0,388.0
-50.0,-66.0,4.0,388.0
-48.0,-66.0,4.0,388.0
-46.0,-66.0,4.0,388.0
-44.0,-66.0,4.0,144.0
-42.0,-66.0,4.0,144.0
-40.0,-66.0,4.0,144.0
-26.0,-66.0,4.0,288.0
-24.0,-66.0,4.0,288.0
-22.0,-66.0,4.0,288.0
-20.0,-66.0,4.0,288.0
-18.0,-66.0,4.0,288.0
-16.0,-66.0,4.0,288.0
-14.0,-66.0,4.0,288.0
-12.0,-66.0,4.0,157.0
-10.0,-66.0,4.0,157.0
-8.0,-66.0,4.0,450.0
-6.0,-66.0,4.0,450.0
-4.0,-66.0,4.0,450.0
2.0,-66.0,4.0,450.0
4.0,-66.0,4.0,450.0
6.0,-66.0,4.0,578.0
8.0,-66.0,4.0,303.0
10.0,-66.0,4.0,303.0
12.0,-66.0,4.0,303.0
14.0,-66.0,4.0,303.0
16.0,-66.0,4.0,303.0
20.0,-66.0,4.0,303.0
22.0,-66.0,4.0,352.0
24.0,-66.0,4.0,352.0
26.0,-66.0,4.0,352.0
28.0,-66.0,4.0,352.0
30.0,-66.0,4.0,352.0
40.0,-66.0,4.0,90.0
42.0,-66.0,4.0,90.0
44.0,-66.0,4.0,90.0
46.0,-66.0,4.0,90.0
48.0,-66.0,4.0,90.0
50.0,-66.0,4.0,90.0
52.0,-66.0,4.0,90.0
54.0,-66.0,4.0,90.0
56.0,-66.0,4.0,90.0
58.0,-66.0,4.0,90.0
-60.0,-64.0,4.0,495.0
-58.0,-64.0,4.0,495.0
-56.0,-64.0,4.0,495.0
-54.0,-64.0,4.0,388.0
-52.0,-64.0,4.0,388.0
-50.0,-64.0,4.0,388.0
-48.0,-64.0,4.0,388.0
-46.0,-64.0,4.0,388.0
-44.0,-64.0,4.0,388.0
-42.0,-64.0,4.0,144.0
-40.0,-64.0,4.0,144.0
-26.0,-64.0,4.0,288.0
-24.0,-64.0,4.0,288.0
-22.0,-64.0,4.0,288.0
-20.0,-64.0,4.0,288.0
-18.0,-64.0,4.0,288.0
-16.0,-64.0,4.0,288.0
-14.0,-64.0,4.0,157.0
-12.0,-64.0,4.0,157.0
-10.0,-64.0,4.0,157.0
-8.0,-64.0,4.0,157.0
-6.0,-64.0,4.0,450.0
-4.0,-64.0,4.0,450.0
2.0,-64.0,4.0,450.0
4.0,-64.0,4.0,181.0
6.0,-64.0,4.0,303.0
8.0,-64.0,4.0,303.0
10.0,-64.0,4.0,303.0
12.0,-64.0,4.0,303.0
14.0,-64.0,4.0,303.0
16.0,-64.0,4.0,303.0
18.0,-64.0,4.0,303.0
20.0,-64.0,4.0,303.0
22.0,-64.0,4.0,352.0
24.0,-64.0,4.0,352.0
26.0,-64.0,4.0,352.0
28.0,-64.0,4.0,352.0
30.0,-64.0,4.0,352.0
40.0,-64.0,4.0,373.0
42.0,-64.0,4.0,373.0
44.0,-64.0,4.0,373.0
46.0,-64.0,4.0,373.0
48.0,-64.0,4.0,373.0
50.0,-64.0,4.0,373.0
52.0,-64.0,4.0,373.0
54.0,-64.0,4.0,373.0
56.0,-64.0,4.0,373.0
58.0,-64.0,4.0,373.0
60.0,-64.0,4.0,373.0
-60.0,-62.0,4.0,495.0
-58.0,-62.0,4.0,495.0
-56.0,-62.0,4.0,495.0
-54.0,-62.0,4.0,225.0
-52.0,-62.0,4.0,225.0
-50.0,-62.0,4.0,225.0
-48.0,-62.0,4.0,225.0
-46.0,-62.0,4.0,225.0
-44.0,-62.0,4.0,225.0
-42.0,-62.0,4.0,144.0
-40.0,-62.0,4.0,144.0
-26.0,-62.0,4.0,288.0
-24.0,-62.0,4.0,288.0
-22.0,-62.0,4.0,288.0
-20.0,-62.0,4.0,288.0
-18.0,-62.0,4.0,288.0
-16.0,-62.0,4.0,157.0
-14.0,-62.0,4.0,157.0
-12.0,-62.0,4.0,157.0
-10.0,-62.0,4.0,157.0
-8.0,-62.0,4.0,157.0
-6.0,-62.0,4.0,157.0
-4.0,-62.0,4.0,450.0
2.0,-62.0,4.0,181.0
4.0,-62.0,4.0,181.0
6.0,-62.0,4.0,181.0
8.0,-62.0,4.0,303.0
10.0,-62.0,4.0,303.0
12.0,-62.0,4.0,303.0
14.0,-62.0,4.0,303.0
16.0,-62.0,4.0,303.0
18.0,-62.0,4.0,303.0
20.0,-62.0,4.0,303.0
22.0,-62.0,4.0,352.0
24.0,-62.0,4.0,352.0
26.0,-62.0,4.0,352.0
28.0,-62.0,4.0,352.0
40.0,-62.0,4.0,373.0
42.0,-62.0,4.0,373.0
44.0,-62.0,4.0,373.0
46.0,-62.0,4.0,373.0
48.0,-62.0,4.0,373.0
50.0,-62.0,4.0,373.0
52.0,-62.0,4.0,373.0
54.0,-62.0,4.0,373.0
56.0,-62.0,4.0,373.0
58.0,-62.0,4.0,373.0
-62.0,-60.0,4.0,495.0
-60.0,-60.0,4.0,495.0
-58.0,-60.0,4.0,495.0
-56.0,-60.0,4.0,495.0
-54.0,-60.0,4.0,225.0
-52.0,-60.0,4.0,225.0
-50.0,-60.0,4.0,225.0
-48.0,-60.0,4.0,225.0
-46.0,-60.0,4.0,225.0
-44.0,-60.0,4.0,225.0
-42.0,-60.0,4.0,225.0
-40.0,-60.0,4.0,144.0
-26.0,-60.0,4.0,47.0
-24.0,-60.0,4.0,47.0
-22.0,-60.0,4.0,47.0
-20.0,-60.0,4.0,406.0
-18.0,-60.0,4.0,406.0
-16.0,-60.0,4.0,406.0
-14.0,-60.0,4.0,406.0
-12.0,-60.0,4.0,406.0
-10.0,-60.0,4.0,406.0
-8.0,-60.0,4.0,406.0
-6.0,-60.0,4.0,406.0
2.0,-60.0,4.0,181.0
4.0,-60.0,4.0,181.0
6.0,-60.0,4.0,181.0
8.0,-60.0,4.0,181.0
10.0,-60.0,4.0,303.0
12.0,-60.0,4.0,303.0
14.0,-60.0,4.0,303.0
16.0,-60.0,4.0,303.0
18.0,-60.0,4.0,303.0
20.0,-60.0,4.0,306.0
22.0,-60.0,4.0,306.0
24.0,-60.0,4.0,306.0
26.0,-60.0,4.0,352.0
28.0,-60.0,4.0,352.0
40.0,-60.0,4.0,373.0
42.0,-60.0,4.0,373.0
44.0,-60.0,4.0,373.0
46.0,-60.0,4.0,373.0
48.0,-60.0,4.0,373.0
50.0,-60.0,4.0,373.0
52.0,-60.0,4.0,373.0
54.0,-60.0,4.0,373.0
56.0,-60.0,4.0,373.0
58.0,-60.0,4.0,581.0
60.0,-60.0,4.0,581.0
62.0,-60.0,4.0,581.0
-64.0,-58.0,4.0,495.0
-62.0,-58.0,4.0,495.0
-60.0,-58.0,4.0,495.0
-58.0,-58.0,4.0,495.0
-56.0,-58.0,4.0,495.0
-54.0,-58.0,4.0,225.0
-52.0,-58.0,4.0,225.0
-50.0,-58.0,4.0,225.0
-48.0,-58.0,4.0,225.0
-46.0,-58.0,4.0,225.0
-44.0,-58.0,4.0,225.0
-42.0,-58.0,4.0,225.0
-40.0,-58.0,4.0,79.0
-26.0,-58.0,4.0,47.0
-24.0,-58.0,4.0,47.0
-22.0,-58.0,4.0,47.0
-20.0,-58.0,4.0,406.0
-18.0,-58.0,4.0,406.0
-16.0,-58.0,4.0,406.0
-14.0,-58.0,4.0,406.0
-12.0,-58.0,4.0,406.0
-10.0,-58.0,4.0,406.0
-8.0,-58.0,4.0,406.0
-6.0,-58.0,4.0,406.0
2.0,-58.0,4.0,181.0
4.0,-58.0,4.0,181.0
6.0,-58.0,4.0,181.0
8.0,-58.0,4.0,181.0
10.0,-58.0,4.0,303.0
12.0,-58.0,4.0,303.0
14.0,-58.0,4.0,303.0
16.0,-58.0,4.0,306.0
18.0,-58.0,4.0,306.0
20.0,-58.0,4.0,306.0
22.0,-58.0,4.0,306.0
24.0,-58.0,4.0,306.0
26.0,-58.0,4.0,306.0
28.0,-58.0,4.0,306.0
42.0,-58.0,4.0,373.0
44.0,-58.0,4.0,373.0
46.0,-58.0,4.0,373.0
48.0,-58.0,4.0,373.0
50.0,-58.0,4.0,373.0
52.0,-58.0,4.0,373.0
54.0,-58.0,4.0,581.0
56.0,-58.0,4.0,581.0
58.0,-58.0,4.0,581.0
60.0,-58.0,4.0,581.0
62.0,-58.0,4.0,581.0
64.0,-58.0,4.0,581.0
-66.0,-56.0,4.0,495.0
-64.0,-56.0,4.0,495.0
-62.0,-56.0,4.0,495.0
-60.0,-56.0,4.0,495.0
-58.0,-56.0,4.0,495.0
-56.0,-56.0,4.0,495.0
-54.0,-56.0,4.0,225.0
-52.0,-56.0,4.0,225.0
-50.0,-56.0,4.0,225.0
-48.0,-56.0,4.0,225.0
-46.0,-56.0,4.0,225.0
-44.0,-56.0,4.0,225.0
-26.0,-56.0,4.0,47.0
-24.0,-56.0,4.0,47.0
-22.0,-56.0,4.0,47.0
-20.0,-56.0,4.0,406.0
-18.0,-56.0,4.0,406.0
-16.0,-56.0,4.0,406.0
-14.0,-56.0,4.0,406.0
-12.0,-56.0,4.0,406.0
-10.0,-56.0,4.0,406.0
-8.0,-56.0,4.0,406.0
-6.0,-56.0,4.0,406.0
-4.0,-56.0,4.0,181.0
4.0,-56.0,4.0,181.0
6.0,-56.0,4.0,181.0
8.0,-56.0,4.0,181.0
10.0,-56.0,4.0,181.0
12.0,-56.0,4.0,306.0
14.0,-56.0,4.0,306.0
16.0,-56.0,4.0,306.0
18.0,-56.0,4.0,306.0
20.0,-56.0,4.0,306.0
22.0,-56.0,4.0,306.0
24.0,-56.0,4.0,306.0
26.0,-56.0,4.0,306.0
42.0,-56.0,4.0,373.0
44.0,-56.0,4.0,373.0
46.0,-56.0,4.0,373.0
48.0,-56.0,4.0,373.0
50.0,-56.0,4.0,581.0
52.0,-56.0,4.0,581.0
54.0,-56.0,4.0,581.0
56.0,-56.0,4.0,581.0
58.0,-56.0,4.0,581.0
60.0,-56.0,4.0,581.0
62.0,-56.0,4.0,581.0
64.0,-56.0,4.0,581.0
66.0,-56.0,4.0,581.0
-66.0,-54.0,4.0,495.0
-64.0,-54.0,4.0,495.0
-62.0,-54.0,4.0,495.0
-60.0,-54.0,4.0,495.0
-58.0,-54.0,4.0,495.0
-56.0,-54.0,4.0,495.0
-54.0,-54.0,4.0,225.0
-52.0,-54.0,4.0,225.0
-50.0,-54.0,4.0,225.0
-48.0,-54.0,4.0,225.0
-46.0,-54.0,4.0,225.0
-26.0,-54.0,4.0,47.0
-24.0,-54.0,4.0,47.0
-22.0,-54.0,4.0,47.0
-20.0,-54.0,4.0,47.0
-18.0,-54.0,4.0,406.0
-16.0,-54.0,4.0,406.0
-14.0,-54.0,4.0,406.0
-12.0,-54.0,4.0,406.0
-10.0,-54.0,4.0,406.0
-8.0,-54.0,4.0,406.0
-6.0,-54.0,4.0,406.0
4.0,-54.0,4.0,181.0
6.0,-54.0,4.0,181.0
8.0,-54.0,4.0,181.0
10.0,-54.0,4.0,181.0
12.0,-54.0,4.0,441.0
14.0,-54.0,4.0,441.0
16.0,-54.0,4.0,441.0
18.0,-54.0,4.0,441.0
20.0,-54.0,4.0,306.0
22.0,-54.0,4.0,306.0
24.0,-54.0,4.0,306.0
44.0,-54.0,4.0,373.0
46.0,-54.0,4.0,373.0
48.0,-54.0,4.0,581.0
50.0,-54.0,4.0,581.0
52.0,-54.0,4.0,581.0
54.0,-54.0,4.0,581.0
56.0,-54.0,4.0,581.0
58.0,-54.0,4.0,581.0
60.0,-54.0,4.0,581.0
62.0,-54.0,4.0,581.0
64.0,-54.0,4.0,581.0
66.0,-54.0,4.0,581.0
-66.0,-52.0,4.0,495.0
-64.0,-52.0,4.0,495.0
-62.0,-52.0,4.0,495.0
-60.0,-52.0,4.0,495.0
-58.0,-52.0,4.0,495.0
-56.0,-52.0,4.0,495.0
-54.0,-52.0,4.0,225.0
-52.0,-52.0,4.0,225.0
-50.0,-52.0,4.0,225.0
-48.0,-52.0,4.0,225.0
-46.0,-52.0,4.0,225.0
-24.0,-52.0,4.0,47.0
-22.0,-52.0,4.0,47.0
-20.0,-52.0,4.0,47.0
-18.0,-52.0,4.0,406.0
-16.0,-52.0,4.0,406.0
-14.0,-52.0,4.0,406.0
-12.0,-52.0,4.0,406.0
-10.0,-52.0,4.0,406.0
-8.0,-52.0,4.0,406.0
-6.0,-52.0,4.0,406.0
4.0,-52.0,4.0,181.0
6.0,-52.0,4.0,181.0
8.0,-52.0,4.0,181.0
10.0,-52.0,4.0,181.0
12.0,-52.0,4.0,441.0
14.0,-52.0,4.0,441.0
16.0,-52.0,4.0,441.0
18.0,-52.0,4.0,441.0
20.0,-52.0,4.0,441.0
22.0,-52.0,4.0,441.0
24.0,-52.0,4.0,441.0
50.0,-52.0,4.0,581.0
52.0,-52.0,4.0,581.0
54.0,-52.0,4.0,581.0
56.0,-52.0,4.0,581.0
58.0,-52.0,4.0,581.0
60.0,-52.0,4.0,581.0
62.0,-52.0,4.0,581.0
64.0,-52.0,4.0,581.0
66.0,-52.0,4.0,581.0
-68.0,-50.0,4.0,42.0
-66.0,-50.0,4.0,495.0
-64.0,-50.0,4.0,495.0
-62.0,-50.0,4.0,495.0
-60.0,-50.0,4.0,495.0
-58.0,-50.0,4.0,495.0
-56.0,-50.0,4.0,495.0
-54.0,-50.0,4.0,225.0
-52.0,-50.0,4.0,225.0
-50.0,-50.0,4.0,225.0
-48.0,-50.0,4.0,225.0
-46.0,-50.0,4.0,225.0
-26.0,-50.0,4.0,47.0
-24.0,-50.0,4.0,47.0
-22.0,-50.0,4.0,47.0
-20.0,-50.0,4.0,47.0
-18.0,-50.0,4.0,406.0
-16.0,-50.0,4.0,406.0
-14.0,-50.0,4.0,406.0
-12.0,-50.0,4.0,406.0
-10.0,-50.0,4.0,406.0
-8.0,-50.0,4.0,406.0
-6.0,-50.0,4.0,406.0
6.0,-50.0,4.0,181.0
8.0,-50.0,4.0,181.0
10.0,-50.0,4.0,181.0
12.0,-50.0,4.0,441.0
14.0,-50.0,4.0,441.0
16.0,-50.0,4.0,441.0
18.0,-50.0,4.0,441.0
20.0,-50.0,4.0,441.0
22.0,-50.0,4.0,441.0
24.0,-50.0,4.0,441.0
50.0,-50.0,4.0,581.0
52.0,-50.0,4.0,581.0
54.0,-50.0,4.0,581.0
56.0,-50.0,4.0,581.0
58.0,-50.0,4.0,581.0
60.0,-50.0,4.0,581.0
62.0,-50.0,4.0,581.0
64.0,-50.0,4.0,581.0
66.0,-50.0,4.0,581.0
68.0,-50.0,4.0,581.0
-68.0,-48.0,4.0,42.0
-66.0,-48.0,4.0,42.0
-64.0,-48.0,4.0,495.0
-62.0,-48.0,4.0,495.0
-60.0,-48.0,4.0,495.0
-58.0,-48.0,4.0,495.0
-56.0,-48.0,4.0,495.0
-54.0,-48.0,4.0,137.0
-52.0,-48.0,4.0,137.0
-50.0,-48.0,4.0,137.0
-48.0,-48.0,4.0,137.0
-46.0,-48.0,4.0,137.0
-26.0,-48.0,4.0,47.0
-24.0,-48.0,4.0,47.0
-22.0,-48.0,4.0,47.0
-20.0,-48.0,4.0,47.0
-18.0,-48.0,4.0,47.0
-16.0,-48.0,4.0,406.0
-14.0,-48.0,4.0,406.0
-12.0,-48.0,4.0,406.0
-10.0,-48.0,4.0,406.0
-8.0,-48.0,4.0,406.0
-6.0,-48.0,4.0,551.0
6.0,-48.0,4.0,551.0
8.0,-48.0,4.0,551.0
10.0,-48.0,4.0,551.0
12.0,-48.0,4.0,441.0
14.0,-48.0,4.0,441.0
16.0,-48.0,4.0,441.0
18.0,-48.0,4.0,441.0
46.0,-48.0,4.0,581.0
48.0,-48.0,4.0,581.0
50.0,-48.0,4.0,581.0
52.0,-48.0,4.0,581.0
54.0,-48.0,4.0,581.0
56.0,-48.0,4.0,581.0
58.0,-48.0,4.0,581.0
60.0,-48.0,4.0,581.0
62.0,-48.0,4.0,581.0
64.0,-48.0,4.0,581.0
66.0,-48.0,4.0,581.0
68.0,-48.0,4.0,467.0
-68.0,-46.0,4.0,42.0
-66.0,-46.0,4.0,42.0
-64.0,-46.0,4.0,117.0
-62.0,-46.0,4.0,117.0
-60.0,-46.0,4.0,117.0
-58.0,-46.0,4.0,117.0
-56.0,-46.0,4.0,117.0
-54.0,-46.0,4.0,117.0
-52.0,-46.0,4.0,137.0
-50.0,-46.0,4.0,137.0
-48.0,-46.0,4.0,137.0
-24.0,-46.0,4.0,47.0
-22.0,-46.0,4.0,47.0
-20.0,-46.0,4.0,47.0
-18.0,-46.0,4.0,47.0
-16.0,-46.0,4.0,406.0
-14.0,-46.0,4.0,406.0
-12.0,-46.0,4.0,406.0
-10.0,-46.0,4.0,406.0
-8.0,-46.0,4.0,406.0
-6.0,-46.0,4.0,551.0
6.0,-46.0,4.0,551.0
8.0,-46.0,4.0,551.0
10.0,-46.0,4.0,551.0
12.0,-46.0,4.0,441.0
14.0,-46.0,4.0,441.0
46.0,-46.0,4.0,581.0
48.0,-46.0,4.0,581.0
50.0,-46.0,4.0,581.0
52.0,-46.0,4.0,581.0
54.0,-46.0,4.0,581.0
56.0,-46.0,4.0,581.0
58.0,-46.0,4.0,581.0
60.0,-46.0,4.0,581.0
62.0,-46.0,4.0,581.0
64.0,-46.0,4.0,133.0
66.0,-46.0,4.0,133.0
68.0,-46.0,4.0,467.0
-70.0,-44.0,4.0,535.0
-68.0,-44.0,4.0,535.0
-66.0,-44.0,4.0,117.0
-64.0,-44.0,4.0,117.0
-62.0,-44.0,4.0,117.0
-60.0,-44.0,4.0,117.0
-58.0,-44.0,4.0,117.0
-56.0,-44.0,4.0,117.0
-54.0,-44.0,4.0,117.0
-52.0,-44.0,4.0,117.0
-50.0,-44.0,4.0,137.0
-24.0,-44.0,4.0,47.0
-22.0,-44.0,4.0,47.0
-20.0,-44.0,4.0,47.0
-18.0,-44.0,4.0,47.0
-16.0,-44.0,4.0,406.0
-14.0,-44.0,4.0,406.0
-12.0,-44.0,4.0,406.0
-10.0,-44.0,4.0,406.0
-8.0,-44.0,4.0,406.0
-6.0,-44.0,4.0,551.0
6.0,-44.0,4.0,551.0
8.0,-44.0,4.0,551.0
10.0,-44.0,4.0,551.0
12.0,-44.0,4.0,441.0
14.0,-44.0,4.0,441.0
46.0,-44.0,4.0,581.0
48.0,-44.0,4.0,581.0
50.0,-44.0,4.0,581.0
52.0,-44.0,4.0,581.0
54.0,-44.0,4.0,581.0
56.0,-44.0,4.0,581.0
58.0,-44.0,4.0,581.0
60.0,-44.0,4.0,133.0
62.0,-44.0,4.0,133.0
64.0,-44.0,4.0,133.0
66.0,-44.0,4.0,133.0
68.0,-44.0,4.0,467.0
-70.0,-42.0,4.0,535.0
-68.0,-42.0,4.0,535.0
-66.0,-42.0,4.0,535.0
-64.0,-42.0,4.0,117.0
-62.0,-42.0,4.0,117.0
-60.0,-42.0,4.0,117.0
-58.0,-42.0,4.0,117.0
-56.0,-42.0,4.0,117.0
-54.0,-42.0,4.0,117.0
-52.0,-42.0,4.0,117.0
-50.0,-42.0,4.0,59.0
-48.0,-42.0,4.0,496.0
-46.0,-42.0,4.0,496.0
-14.0,-42.0,4.0,406.0
-12.0,-42.0,4.0,406.0
-10.0,-42.0,4.0,406.0
-8.0,-42.0,4.0,473.0
-6.0,-42.0,4.0,551.0
8.0,-42.0,4.0,551.0
10.0,-42.0,4.0,551.0
12.0,-42.0,4.0,551.0
14.0,-42.0,4.0,441.0
44.0,-42.0,4.0,581.0
46.0,-42.0,4.0,581.0
48.0,-42.0,4.0,581.0
50.0,-42.0,4.0,581.0
52.0,-42.0,4.0,581.0
54.0,-42.0,4.0,133.0
56.0,-42.0,4.0,133.0
58.0,-42.0,4.0,133.0
60.0,-42.0,4.0,133.0
62.0,-42.0,4.0,133.0
64.0,-42.0,4.0,133.0
66.0,-42.0,4.0,133.0
68.0,-42.0,4.0,467.0
-70.0,-40.0,4.0,535.0
-68.0,-40.0,4.0,535.0
-66.0,-40.0,4.0,535.0
-64.0,-40.0,4.0,117.0
-62.0,-40.0,4.0,117.0
-60.0,-40.0,4.0,117.0
-58.0,-40.0,4.0,117.0
-56.0,-40.0,4.0,117.0
-54.0,-40.0,4.0,117.0
-52.0,-40.0,4.0,59.0
-50.0,-40.0,4.0,59.0
-48.0,-40.0,4.0,59.0
-46.0,-40.0,4.0,496.0
-44.0,-40.0,4.0,496.0
-14.0,-40.0,4.0,406.0
-12.0,-40.0,4.0,406.0
-10.0,-40.0,4.0,473.0
-8.0,-40.0,4.0,473.0
10.0,-40.0,4.0,551.0
12.0,-40.0,4.0,551.0
14.0,-40.0,4.0,441.0
44.0,-40.0,4.0,581.0
46.0,-40.0,4.0,581.0
48.0,-40.0,4.0,581.0
50.0,-40.0,4.0,133.0
52.0,-40.0,4.0,133.0
54.0,-40.0,4.0,133.0
56.0,-40.0,4.0,133.0
58.0,-40.0,4.0,133.0
60.0,-40.0,4.0,133.0
62.0,-40.0,4.0,133.0
64.0,-40.0,4.0,133.0
66.0,-40.0,4.0,467.0
68.0,-40.0,4.0,467.0
-70.0,-38.0,4.0,535.0
-68.0,-38.0,4.0,535.0
-66.0,-38.0,4.0,535.0
-64.0,-38.0,4.0,117.0
-62.0,-38.0,4.0,117.0
-60.0,-38.0,4.0,117.0
-58.0,-38.0,4.0,117.0
-56.0,-38.0,4.0,59.0
-54.0,-38.0,4.0,59.0
-52.0,-38.0,4.0,59.0
-50.0,-38.0,4.0,59.0
-48.0,-38.0,4.0,59.0
-46.0,-38.0,4.0,59.0
-44.0,-38.0,4.0,496.0
-14.0,-38.0,4.0,406.0
-12.0,-38.0,4.0,473.0
-10.0,-38.0,4.0,473.0
-8.0,-38.0,4.0,473.0
46.0,-38.0,4.0,133.0
48.0,-38.0,4.0,133.0
50.0,-38.0,4.0,133.0
52.0,-38.0,4.0,133.0
54.0,-38.0,4.0,133.0
56.0,-38.0,4.0,133.0
58.0,-38.0,4.0,133.0
60.0,-38.0,4.0,133.0
62.0,-38.0,4.0,133.0
64.0,-38.0,4.0,133.0
66.0,-38.0,4.0,467.0
68.0,-38.0,4.0,467.0
-70.0,-36.0,4.0,529.0
-68.0,-36.0,4.0,529.0
-66.0,-36.0,4.0,529.0
-64.0,-36.0,4.0,529.0
-62.0,-36.0,4.0,529.0
-60.0,-36.0,4.0,529.0
-58.0,-36.0,4.0,59.0
-56.0,-36.0,4.0,59.0
-54.0,-36.0,4.0,59.0
-52.0,-36.0,4.0,59.0
-50.0,-36.0,4.0,59.0
-48.0,-36.0,4.0,59.0
-46.0,-36.0,4.0,59.0
-44.0,-36.0,4.0,59.0
-12.0,-36.0,4.0,473.0
-10.0,-36.0,4.0,473.0
48.0,-36.0,4.0,133.0
50.0,-36.0,4.0,133.0
52.0,-36.0,4.0,133.0
54.0,-36.0,4.0,133.0
56.0,-36.0,4.0,133.0
58.0,-36.0,4.0,133.0
60.0,-36.0,4.0,133.0
62.0,-36.0,4.0,133.0
64.0,-36.0,4.0,133.0
66.0,-36.0,4.0,467.0
68.0,-36.0,4.0,467.0
-70.0,-34.0,4.0,529.0
-68.0,-34.0,4.0,529.0
-66.0,-34.0,4.0,529.0
-64.0,-34.0,4.0,529.0
-62.0,-34.0,4.0,529.0
-60.0,-34.0,4.0,529.0
-58.0,-34.0,4.0,529.0
-56.0,-34.0,4.0,59.0
-54.0,-34.0,4.0,59.0
-52.0,-34.0,4.0,59.0
-50.0,-34.0,4.0,59.0
-48.0,-34.0,4.0,59.0
-46.0,-34.0,4.0,153.0
-44.0,-34.0,4.0,153.0
10.0,-34.0,4.0,24.0
12.0,-34.0,4.0,24.0
14.0,-34.0,4.0,24.0
16.0,-34.0,4.0,24.0
18.0,-34.0,4.0,24.0
20.0,-34.0,4.0,24.0
42.0,-34.0,4.0,211.0
44.0,-34.0,4.0,211.0
50.0,-34.0,4.0,133.0
52.0,-34.0,4.0,133.0
54.0,-34.0,4.0,133.0
56.0,-34.0,4.0,133.0
58.0,-34.0,4.0,133.0
60.0,-34.0,4.0,133.0
62.0,-34.0,4.0,133.0
64.0,-34.0,4.0,184.0
66.0,-34.0,4.0,184.0
68.0,-34.0,4.0,184.0
-70.0,-32.0,4.0,529.0
-68.0,-32.0,4.0,529.0
-66.0,-32.0,4.0,529.0
-64.0,-32.0,4.0,529.0
-62.0,-32.0,4.0,529.0
-60.0,-32.0,4.0,529.0
-58.0,-32.0,4.0,529.0
-56.0,-32.0,4.0,59.0
-54.0,-32.0,4.0,59.0
-52.0,-32.0,4.0,59.0
-50.0,-32.0,4.0,153.0
-48.0,-32.0,4.0,153.0
-46.0,-32.0,4.0,153.0
-44.0,-32.0,4.0,153.0
-20.0,-32.0,4.0,577.0
-18.0,-32.0,4.0,577.0
-16.0,-32.0,4.0,577.0
-14.0,-32.0,4.0,577.0
8.0,-32.0,4.0,24.0
10.0,-32.0,4.0,24.0
12.0,-32.0,4.0,24.0
14.0,-32.0,4.0,24.0
16.0,-32.0,4.0,24.0
18.0,-32.0,4.0,24.0
20.0,-32.0,4.0,24.0
22.0,-32.0,4.0,24.0
40.0,-32.0,4.0,211.0
42.0,-32.0,4.0,211.0
44.0,-32.0,4.0,211.0
46.0,-32.0,4.0,211.0
48.0,-32.0,4.0,211.0
56.0,-32.0,4.0,133.0
58.0,-32.0,4.0,133.0
60.0,-32.0,4.0,184.0
62.0,-32.0,4.0,184.0
64.0,-32.0,4.0,184.0
66.0,-32.0,4.0,184.0
68.0,-32.0,4.0,184.0
-70.0,-30.0,4.0,529.0
-68.0,-30.0,4.0,529.0
-66.0,-30.0,4.0,529.0
-64.0,-30.0,4.0,529.0
-62.0,-30.0,4.0,529.0
-60.0,-30.0,4.0,529.0
-58.0,-30.0,4.0,529.0
-56.0,-30.0,4.0,529.0
-54.0,-30.0,4.0,153.0
-52.0,-30.0,4.0,153.0
-50.0,-30.0,4.0,153.0
-48.0,-30.0,4.0,153.0
-46.0,-30.0,4.0,153.0
-44.0,-30.0,4.0,153.0
-22.0,-30.0,4.0,577.0
-20.0,-30.0,4.0,577.0
-18.0,-30.0,4.0,577.0
-16.0,-30.0,4.0,577.0
-14.0,-30.0,4.0,577.0
-12.0,-30.0,4.0,577.0
-10.0,-30.0,4.0,577.0
6.0,-30.0,4.0,24.0
8.0,-30.0,4.0,24.0
10.0,-30.0,4.0,24.0
12.0,-30.0,4.0,24.0
14.0,-30.0,4.0,24.0
16.0,-30.0,4.0,24.0
18.0,-30.0,4.0,24.0
20.0,-30.0,4.0,24.0
22.0,-30.0,4.0,24.0
40.0,-30.0,4.0,246.0
42.0,-30.0,4.0,211.0
44.0,-30.0,4.0,211.0
46.0,-30.0,4.0,211.0
48.0,-30.0,4.0,211.0
50.0,-30.0,4.0,211.0
52.0,-30.0,4.0,133.0
54.0,-30.0,4.0,133.0
56.0,-30.0,4.0,133.0
58.0,-30.0,4.0,184.0
60.0,-30.0,4.0,184.0
62.0,-30.0,4.0,184.0
64.0,-30.0,4.0,184.0
66.0,-30.0,4.0,184.0
68.0,-30.0,4.0,184.0
-70.0,-28.0,4.0,194.0
-68.0,-28.0,4.0,529.0
-66.0,-28.0,4.0,529.0
-64.0,-28.0,4.0,529.0
-62.0,-28.0,4.0,529.0
-60.0,-28.0,4.0,529.0
-58.0,-28.0,4.0,529.0
-56.0,-28.0,4.0,529.0
-54.0,-28.0,4.0,131.0
-52.0,-28.0,4.0,131.0
-50.0,-28.0,4.0,131.0
-48.0,-28.0,4.0,131.0
-46.0,-28.0,4.0,131.0
-44.0,-28.0,4.0,131.0
-22.0,-28.0,4.0,577.0
-20.0,-28.0,4.0,577.0
-18.0,-28.0,4.0,577.0
-16.0,-28.0,4.0,577.0
-14.0,-28.0,4.0,577.0
-12.0,-28.0,4.0,577.0
-10.0,-28.0,4.0,577.0
-8.0,-28.0,4.0,577.0
4.0,-28.0,4.0,24.0
6.0,-28.0,4.0,24.0
8.0,-28.0,4.0,24.0
10.0,-28.0,4.0,24.0
12.0,-28.0,4.0,24.0
14.0,-28.0,4.0,24.0
16.0,-28.0,4.0,24.0
18.0,-28.0,4.0,24.0
20.0,-28.0,4.0,24.0
22.0,-28.0,4.0,24.0
42.0,-28.0,4.0,211.0
44.0,-28.0,4.0,211.0
46.0,-28.0,4.0,211.0
48.0,-28.0,4.0,211.0
50.0,-28.0,4.0,211.0
52.0,-28.0,4.0,460.0
54.0,-28.0,4.0,460.0
56.0,-28.0,4.0,460.0
58.0,-28.0,4.0,184.0
60.0,-28.0,4.0,184.0
62.0,-28.0,4.0,184.0
64.0,-28.0,4.0,184.0
66.0,-28.0,4.0,184.0
68.0,-28.0,4.0,184.0
70.0,-28.0,4.0,184.0
-70.0,-26.0,4.0,194.0
-68.0,-26.0,4.0,66.0
-66.0,-26.0,4.0,66.0
-64.0,-26.0,4.0,66.0
-62.0,-26.0,4.0,66.0
-60.0,-26.0,4.0,529.0
-58.0,-26.0,4.0,529.0
-56.0,-26.0,4.0,529.0
-54.0,-26.0,4.0,131.0
-52.0,-26.0,4.0,131.0
-50.0,-26.0,4.0,131.0
-48.0,-26.0,4.0,131.0
-46.0,-26.0,4.0,131.0
-22.0,-26.0,4.0,577.0
-20.0,-26.0,4.0,577.0
-18.0,-26.0,4.0,577.0
-16.0,-26.0,4.0,577.0
-14.0,-26.0,4.0,577.0
-12.0,-26.0,4.0,577.0
-10.0,-26.0,4.0,577.0
-8.0,-26.0,4.0,104.0
-6.0,-26.0,4.0,104.0
2.0,-26.0,4.0,104.0
4.0,-26.0,4.0,104.0
6.0,-26.0,4.0,24.0
8.0,-26.0,4.0,24.0
10.0,-26.0,4.0,24.0
12.0,-26.0,4.0,24.0
14.0,-26.0,4.0,24.0
16.0,-26.0,4.0,24.0
18.0,-26.0,4.0,24.0
20.0,-26.0,4.0,24.0
22.0,-26.0,4.0,24.0
38.0,-26.0,4.0,246.0
44.0,-26.0,4.0,211.0
46.0,-26.0,4.0,211.0
48.0,-26.0,4.0,211.0
50.0,-26.0,4.0,460.0
52.0,-26.0,4.0,460.0
54.0,-26.0,4.0,460.0
56.0,-26.0,4.0,460.0
58.0,-26.0,4.0,460.0
60.0,-26.0,4.0,184.0
62.0,-26.0,4.0,184.0
64.0,-26.0,4.0,184.0
66.0,-26.0,4.0,184.0
68.0,-26.0,4.0,184.0
70.0,-26.0,4.0,184.0
-70.0,-24.0,4.0,194.0
-68.0,-24.0,4.0,66.0
-66.0,-24.0,4.0,66.0
-64.0,-24.0,4.0,66.0
-62.0,-24.0,4.0,66.0
-60.0,-24.0,4.0,66.0
-58.0,-24.0,4.0,66.0
-56.0,-24.0,4.0,66.0
-54.0,-24.0,4.0,131.0
-52.0,-24.0,4.0,131.0
-50.0,-24.0,4.0,131.0
-22.0,-24.0,4.0,577.0
-20.0,-24.0,4.0,577.0
-18.0,-24.0,4.0,577.0
-16.0,-24.0,4.0,577.0
-14.0,-24.0,4.0,577.0
-12.0,-24.0,4.0,577.0
-10.0,-24.0,4.0,577.0
-8.0,-24.0,4.0,443.0
-6.0,-24.0,4.0,104.0
-4.0,-24.0,4.0,104.0
2.0,-24.0,4.0,104.0
4.0,-24.0,4.0,104.0
6.0,-24.0,4.0,104.0
8.0,-24.0,4.0,24.0
10.0,-24.0,4.0,24.0
12.0,-24.0,4.0,24.0
14.0,-24.0,4.0,24.0
16.0,-24.0,4.0,24.0
18.0,-24.0,4.0,24.0
20.0,-24.0,4.0,24.0
22.0,-24.0,4.0,24.0
34.0,-24.0,4.0,246.0
38.0,-24.0,4.0,246.0
40.0,-24.0,4.0,246.0
46.0,-24.0,4.0,211.0
48.0,-24.0,4.0,211.0
50.0,-24.0,4.0,460.0
52.0,-24.0,4.0,460.0
54.0,-24.0,4.0,460.0
56.0,-24.0,4.0,460.0
58.0,-24.0,4.0,460.0
60.0,-24.0,4.0,184.0
62.0,-24.0,4.0,184.0
64.0,-24.0,4.0,184.0
66.0,-24.0,4.0,184.0
68.0,-24.0,4.0,184.0
-70.0,-22.0,4.0,194.0
-68.0,-22.0,4.0,66.0
-66.0,-22.0,4.0,66.0
-64.0,-22.0,4.0,66.0
-62.0,-22.0,4.0,66.0
-60.0,-22.0,4.0,66.0
-58.0,-22.0,4.0,66.0
-56.0,-22.0,4.0,66.0
-24.0,-22.0,4.0,577.0
-22.0,-22.0,4.0,577.0
-20.0,-22.0,4.0,577.0
-18.0,-22.0,4.0,577.0
-16.0,-22.0,4.0,577.0
-14.0,-22.0,4.0,577.0
-12.0,-22.0,4.0,577.0
-10.0,-22.0,4.0,443.0
-8.0,-22.0,4.0,443.0
-6.0,-22.0,4.0,104.0
-4.0,-22.0,4.0,104.0
0.0,-22.0,4.0,104.0
2.0,-22.0,4.0,104.0
4.0,-22.0,4.0,104.0
6.0,-22.0,4.0,104.0
8.0,-22.0,4.0,24.0
10.0,-22.0,4.0,24.0
12.0,-22.0,4.0,24.0
14.0,-22.0,4.0,24.0
16.0,-22.0,4.0,24.0
18.0,-22.0,4.0,111.0
20.0,-22.0,4.0,111.0
22.0,-22.0,4.0,111.0
34.0,-22.0,4.0,246.0
36.0,-22.0,4.0,246.0
38.0,-22.0,4.0,246.0
40.0,-22.0,4.0,246.0
42.0,-22.0,4.0,246.0
46.0,-22.0,4.0,28.0
48.0,-22.0,4.0,28.0
50.0,-22.0,4.0,460.0
52.0,-22.0,4.0,460.0
54.0,-22.0,4.0,460.0
56.0,-22.0,4.0,460.0
58.0,-22.0,4.0,460.0
60.0,-22.0,4.0,460.0
62.0,-22.0,4.0,184.0
64.0,-22.0,4.0,184.0
66.0,-22.0,4.0,184.0
68.0,-22.0,4.0,184.0
-70.0,-20.0,4.0,194.0
-68.0,-20.0,4.0,66.0
-66.0,-20.0,4.0,66.0
-64.0,-20.0,4.0,66.0
-62.0,-20.0,4.0,66.0
-60.0,-20.0,4.0,66.0
-58.0,-20.0,4.0,66.0
-42.0,-20.0,4.0,131.0
-40.0,-20.0,4.0,131.0
-38.0,-20.0,4.0,131.0
-36.0,-20.0,4.0,131.0
-24.0,-20.0,4.0,577.0
-22.0,-20.0,4.0,577.0
-20.0,-20.0,4.0,577.0
-18.0,-20.0,4.0,577.0
-16.0,-20.0,4.0,577.0
-14.0,-20.0,4.0,577.0
-12.0,-20.0,4.0,443.0
-10.0,-20.0,4.0,443.0
-8.0,-20.0,4.0,443.0
-6.0,-20.0,4.0,443.0
-4.0,-20.0,4.0,104.0
0.0,-20.0,4.0,104.0
2.0,-20.0,4.0,104.0
4.0,-20.0,4.0,104.0
6.0,-20.0,4.0,104.0
8.0,-20.0,4.0,104.0
10.0,-20.0,4.0,24.0
12.0,-20.0,4.0,111.0
14.0,-20.0,4.0,111.0
16.0,-20.0,4.0,111.0
18.0,-20.0,4.0,111.0
20.0,-20.0,4.0,111.0
22.0,-20.0,4.0,111.0
28.0,-20.0,4.0,111.0
34.0,-20.0,4.0,246.0
36.0,-20.0,4.0,246.0
38.0,-20.0,4.0,246.0
40.0,-20.0,4.0,28.0
42.0,-20.0,4.0,28.0
44.0,-20.0,4.0,28.0
46.0,-20.0,4.0,28.0
48.0,-20.0,4.0,28.0
50.0,-20.0,4.0,418.0
52.0,-20.0,4.0,418.0
54.0,-20.0,4.0,460.0
56.0,-20.0,4.0,460.0
58.0,-20.0,4.0,460.0
60.0,-20.0,4.0,460.0
62.0,-20.0,4.0,460.0
64.0,-20.0,4.0,184.0
66.0,-20.0,4.0,319.0
68.0,-20.0,4.0,319.0
-70.0,-18.0,4.0,194.0
-68.0,-18.0,4.0,66.0
-66.0,-18.0,4.0,66.0
-64.0,-18.0,4.0,66.0
-62.0,-18.0,4.0,66.0
-60.0,-18.0,4.0,66.0
-52.0,-18.0,4.0,354.0
-50.0,-18.0,4.0,131.0
-48.0,-18.0,4.0,131.0
-46.0,-18.0,4.0,131.0
-44.0,-18.0,4.0,131.0
-42.0,-18.0,4.0,131.0
-40.0,-18.0,4.0,131.0
-38.0,-18.0,4.0,131.0
-36.0,-18.0,4.0,131.0
-34.0,-18.0,4.0,577.0
-30.0,-18.0,4.0,577.0
-26.0,-18.0,4.0,577.0
-24.0,-18.0,4.0,577.0
-22.0,-18.0,4.0,577.0
-20.0,-18.0,4.0,577.0
-18.0,-18.0,4.0,577.0
-16.0,-18.0,4.0,577.0
-14.0,-18.0,4.0,443.0
-12.0,-18.0,4.0,443.0
-10.0,-18.0,4.0,443.0
-8.0,-18.0,4.0,443.0
-6.0,-18.0,4.0,443.0
-4.0,-18.0,4.0,104.0
-2.0,-18.0,4.0,104.0
0.0,-18.0,4.0,104.0
2.0,-18.0,4.0,104.0
4.0,-18.0,4.0,104.0
6.0,-18.0,4.0,104.0
8.0,-18.0,4.0,104.0
10.0,-18.0,4.0,111.0
12.0,-18.0,4.0,111.0
14.0,-18.0,4.0,111.0
16.0,-18.0,4.0,111.0
18.0,-18.0,4.0,111.0
20.0,-18.0,4.0,111.0
22.0,-18.0,4.0,111.0
28.0,-18.0,4.0,111.0
30.0,-18.0,4.0,246.0
34.0,-18.0,4.0,246.0
36.0,-18.0,4.0,28.0
38.0,-18.0,4.0,28.0
40.0,-18.0,4.0,28.0
42.0,-18.0,4.0,28.0
44.0,-18.0,4.0,28.0
46.0,-18.0,4.0,28.0
48.0,-18.0,4.0,28.0
50.0,-18.0,4.0,418.0
52.0,-18.0,4.0,418.0
54.0,-18.0,4.0,418.0
56.0,-18.0,4.0,460.0
58.0,-18.0,4.0,460.0
60.0,-18.0,4.0,460.0
62.0,-18.0,4.0,460.0
64.0,-18.0,4.0,319.0
66.0,-18.0,4.0,319.0
68.0,-18.0,4.0,319.0
-70.0,-16.0,4.0,194.0
-68.0,-16.0,4.0,66.0
-66.0,-16.0,4.0,66.0
-64.0,-16.0,4.0,66.0
-62.0,-16.0,4.0,66.0
-60.0,-16.0,4.0,66.0
-58.0,-16.0,4.0,66.0
-56.0,-16.0,4.0,354.0
-54.0,-16.0,4.0,354.0
-52.0,-16.0,4.0,354.0
-50.0,-16.0,4.0,354.0
-48.0,-16.0,4.0,94.0
-46.0,-16.0,4.0,131.0
-44.0,-16.0,4.0,131.0
-42.0,-16.0,4.0,179.0
-40.0,-16.0,4.0,179.0
-38.0,-16.0,4.0,179.0
-36.0,-16.0,4.0,179.0
-34.0,-16.0,4.0,179.0
-32.0,-16.0,4.0,198.0
-30.0,-16.0,4.0,577.0
-24.0,-16.0,4.0,577.0
-22.0,-16.0,4.0,577.0
-20.0,-16.0,4.0,577.0
-18.0,-16.0,4.0,577.0
-16.0,-16.0,4.0,443.0
-14.0,-16.0,4.0,443.0
-12.0,-16.0,4.0,443.0
-10.0,-16.0,4.0,443.0
-8.0,-16.0,4.0,443.0
-6.0,-16.0,4.0,443.0
-4.0,-16.0,4.0,443.0
-2.0,-16.0,4.0,104.0
0.0,-16.0,4.0,104.0
2.0,-16.0,4.0,104.0
4.0,-16.0,4.0,104.0
6.0,-16.0,4.0,104.0
8.0,-16.0,4.0,104.0
10.0,-16.0,4.0,111.0
12.0,-16.0,4.0,111.0
14.0,-16.0,4.0,111.0
16.0,-16.0,4.0,111.0
18.0,-16.0,4.0,111.0
20.0,-16.0,4.0,111.0
26.0,-16.0,4.0,111.0
28.0,-16.0,4.0,111.0
30.0,-16.0,4.0,124.0
34.0,-16.0,4.0,457.0
36.0,-16.0,4.0,28.0
38.0,-16.0,4.0,28.0
40.0,-16.0,4.0,28.0
42.0,-16.0,4.0,28.0
44.0,-16.0,4.0,28.0
46.0,-16.0,4.0,28.0
48.0,-16.0,4.0,28.0
50.0,-16.0,4.0,329.0
52.0,-16.0,4.0,329.0
54.0,-16.0,4.0,329.0
56.0,-16.0,4.0,329.0
58.0,-16.0,4.0,329.0
60.0,-16.0,4.0,460.0
62.0,-16.0,4.0,460.0
64.0,-16.0,4.0,319.0
66.0,-16.0,4.0,319.0
68.0,-16.0,4.0,319.0
-70.0,-14.0,4.0,194.0
-68.0,-14.0,4.0,66.0
-66.0,-14.0,4.0,66.0
-64.0,-14.0,4.0,66.0
-62.0,-14.0,4.0,66.0
-60.0,-14.0,4.0,66.0
-58.0,-14.0,4.0,354.0
-56.0,-14.0,4.0,354.0
-54.0,-14.0,4.0,354.0
-52.0,-14.0,4.0,354.0
-50.0,-14.0,4.0,94.0
-48.0,-14.0,4.0,94.0
-46.0,-14.0,4.0,94.0
-44.0,-14.0,4.0,179.0
-42.0,-14.0,4.0,179.0
-40.0,-14.0,4.0,179.0
-38.0,-14.0,4.0,179.0
-36.0,-14.0,4.0,179.0
-32.0,-14.0,4.0,198.0
-30.0,-14.0,4.0,198.0
-28.0,-14.0,4.0,577.0
-24.0,-14.0,4.0,577.0
-22.0,-14.0,4.0,577.0
-20.0,-14.0,4.0,577.0
-18.0,-14.0,4.0,577.0
-16.0,-14.0,4.0,443.0
-14.0,-14.0,4.0,443.0
-12.0,-14.0,4.0,443.0
-10.0,-14.0,4.0,443.0
-8.0,-14.0,4.0,443.0
-6.0,-14.0,4.0,443.0
-4.0,-14.0,4.0,443.0
-2.0,-14.0,4.0,248.0
0.0,-14.0,4.0,248.0
2.0,-14.0,4.0,248.0
4.0,-14.0,4.0,248.0
6.0,-14.0,4.0,248.0
8.0,-14.0,4.0,248.0
10.0,-14.0,4.0,111.0
12.0,-14.0,4.0,111.0
14.0,-14.0,4.0,111.0
16.0,-14.0,4.0,111.0
18.0,-14.0,4.0,111.0
20.0,-14.0,4.0,111.0
26.0,-14.0,4.0,111.0
28.0,-14.0,4.0,124.0
30.0,-14.0,4.0,124.0
36.0,-14.0,4.0,457.0
38.0,-14.0,4.0,28.0
40.0,-14.0,4.0,28.0
42.0,-14.0,4.0,28.0
44.0,-14.0,4.0,28.0
46.0,-14.0,4.0,28.0
48.0,-14.0,4.0,329.0
50.0,-14.0,4.0,329.0
52.0,-14.0,4.0,329.0
54.0,-14.0,4.0,329.0
56.0,-14.0,4.0,329.0
58.0,-14.0,4.0,329.0
60.0,-14.0,4.0,329.0
62.0,-14.0,4.0,70.0
64.0,-14.0,4.0,70.0
66.0,-14.0,4.0,319.0
68.0,-14.0,4.0,319.0
-68.0,-12.0,4.0,66.0
-66.0,-12.0,4.0,66.0
-64.0,-12.0,4.0,66.0
-62.0,-12.0,4.0,354.0
-60.0,-12.0,4.0,354.0
-58.0,-12.0,4.0,354.0
-56.0,-12.0,4.0,354.0
-54.0,-12.0,4.0,354.0
-52.0,-12.0,4.0,354.0
-50.0,-12.0,4.0,94.0
-48.0,-12.0,4.0,94.0
-46.0,-12.0,4.0,94.0
-44.0,-12.0,4.0,179.0
-42.0,-12.0,4.0,179.0
-40.0,-12.0,4.0,179.0
-38.0,-12.0,4.0,179.0
-36.0,-12.0,4.0,179.0
-32.0,-12.0,4.0,179.0
-30.0,-12.0,4.0,198.0
-28.0,-12.0,4.0,198.0
-22.0,-12.0,4.0,577.0
-20.0,-12.0,4.0,577.0
-18.0,-12.0,4.0,443.0
-16.0,-12.0,4.0,443.0
-14.0,-12.0,4.0,443.0
-12.0,-12.0,4.0,443.0
-10.0,-12.0,4.0,443.0
-8.0,-12.0,4.0,443.0
-6.0,-12.0,4.0,443.0
-4.0,-12.0,4.0,443.0
-2.0,-12.0,4.0,248.0
0.0,-12.0,4.0,248.0
2.0,-12.0,4.0,248.0
4.0,-12.0,4.0,248.0
6.0,-12.0,4.0,248.0
8.0,-12.0,4.0,248.0
10.0,-12.0,4.0,111.0
12.0,-12.0,4.0,111.0
14.0,-12.0,4.0,111.0
16.0,-12.0,4.0,111.0
18.0,-12.0,4.0,111.0
26.0,-12.0,4.0,124.0
28.0,-12.0,4.0,124.0
30.0,-12.0,4.0,124.0
32.0,-12.0,4.0,124.0
34.0,-12.0,4.0,124.0
36.0,-12.0,4.0,457.0
38.0,-12.0,4.0,28.0
40.0,-12.0,4.0,28.0
42.0,-12.0,4.0,28.0
46.0,-12.0,4.0,28.0
50.0,-12.0,4.0,329.0
52.0,-12.0,4.0,329.0
54.0,-12.0,4.0,329.0
56.0,-12.0,4.0,329.0
58.0,-12.0,4.0,329.0
60.0,-12.0,4.0,329.0
62.0,-12.0,4.0,70.0
64.0,-12.0,4.0,70.0
66.0,-12.0,4.0,70.0
-68.0,-10.0,4.0,66.0
-66.0,-10.0,4.0,66.0
-64.0,-10.0,4.0,354.0
-62.0,-10.0,4.0,354.0
-60.0,-10.0,4.0,354.0
-58.0,-10.0,4.0,354.0
-56.0,-10.0,4.0,354.0
-54.0,-10.0,4.0,354.0
-52.0,-10.0,4.0,94.0
-50.0,-10.0,4.0,94.0
-48.0,-10.0,4.0,94.0
-46.0,-10.0,4.0,94.0
-42.0,-10.0,4.0,179.0
-40.0,-10.0,4.0,179.0
-38.0,-10.0,4.0,179.0
-36.0,-10.0,4.0,179.0
-32.0,-10.0,4.0,179.0
-30.0,-10.0,4.0,591.0
-28.0,-10.0,4.0,198.0
-20.0,-10.0,4.0,443.0
-18.0,-10.0,4.0,443.0
-16.0,-10.0,4.0,443.0
-14.0,-10.0,4.0,443.0
-12.0,-10.0,4.0,443.0
-10.0,-10.0,4.0,443.0
-8.0,-10.0,4.0,443.0
-6.0,-10.0,4.0,443.0
-4.0,-10.0,4.0,443.0
-2.0,-10.0,4.0,248.0
0.0,-10.0,4.0,248.0
2.0,-10.0,4.0,248.0
4.0,-10.0,4.0,248.0
6.0,-10.0,4.0,248.0
8.0,-10.0,4.0,248.0
10.0,-10.0,4.0,111.0
12.0,-10.0,4.0,111.0
14.0,-10.0,4.0,111.0
16.0,-10.0,4.0,111.0
26.0,-10.0,4.0,124.0
28.0,-10.0,4.0,124.0
30.0,-10.0,4.0,124.0
32.0,-10.0,4.0,124.0
34.0,-10.0,4.0,124.0
36.0,-10.0,4.0,124.0
38.0,-10.0,4.0,457.0
40.0,-10.0,4.0,28.0
42.0,-10.0,4.0,28.0
52.0,-10.0,4.0,329.0
54.0,-10.0,4.0,329.0
56.0,-10.0,4.0,329.0
58.0,-10.0,4.0,329.0
60.0,-10.0,4.0,329.0
62.0,-10.0,4.0,70.0
64.0,-10.0,4.0,70.0
66.0,-10.0,4.0,70.0
-68.0,-8.0,4.0,354.0
-66.0,-8.0,4.0,354.0
-64.0,-8.0,4.0,354.0
-62.0,-8.0,4.0,354.0
-60.0,-8.0,4.0,354.0
-58.0,-8.0,4.0,354.0
-56.0,-8.0,4.0,354.0
-54.0,-8.0,4.0,354.0
-52.0,-8.0,4.0,94.0
-50.0,-8.0,4.0,94.0
-48.0,-8.0,4.0,347.0
-44.0,-8.0,4.0,179.0
-42.0,-8.0,4.0,179.0
-40.0,-8.0,4.0,179.0
-38.0,-8.0,4.0,179.0
-36.0,-8.0,4.0,179.0
-32.0,-8.0,4.0,179.0
-30.0,-8.0,4.0,591.0
-28.0,-8.0,4.0,591.0
-26.0,-8.0,4.0,434.0
-18.0,-8.0,4.0,443.0
-16.0,-8.0,4.0,443.0
-14.0,-8.0,4.0,443.0
-12.0,-8.0,4.0,443.0
-10.0,-8.0,4.0,443.0
-8.0,-8.0,4.0,443.0
-6.0,-8.0,4.0,443.0
-4.0,-8.0,4.0,443.0
-2.0,-8.0,4.0,248.0
0.0,-8.0,4.0,248.0
2.0,-8.0,4.0,248.0
4.0,-8.0,4.0,248.0
6.0,-8.0,4.0,248.0
8.0,-8.0,4.0,248.0
10.0,-8.0,4.0,111.0
12.0,-8.0,4.0,111.0
14.0,-8.0,4.0,111.0
16.0,-8.0,4.0,111.0
24.0,-8.0,4.0,124.0
26.0,-8.0,4.0,124.0
28.0,-8.0,4.0,124.0
30.0,-8.0,4.0,124.0
32.0,-8.0,4.0,124.0
34.0,-8.0,4.0,124.0
36.0,-8.0,4.0,124.0
38.0,-8.0,4.0,355.0
40.0,-8.0,4.0,355.0
42.0,-8.0,4.0,355.0
46.0,-8.0,4.0,329.0
48.0,-8.0,4.0,329.0
52.0,-8.0,4.0,329.0
54.0,-8.0,4.0,329.0
56.0,-8.0,4.0,329.0
58.0,-8.0,4.0,329.0
60.0,-8.0,4.0,329.0
62.0,-8.0,4.0,70.0
64.0,-8.0,4.0,70.0
-68.0,-6.0,4.0,354.0
-66.0,-6.0,4.0,354.0
-64.0,-6.0,4.0,354.0
-62.0,-6.0,4.0,354.0
-60.0,-6.0,4.0,354.0
-58.0,-6.0,4.0,354.0
-56.0,-6.0,4.0,354.0
-54.0,-6.0,4.0,347.0
-52.0,-6.0,4.0,347.0
-50.0,-6.0,4.0,347.0
-48.0,-6.0,4.0,347.0
-44.0,-6.0,4.0,179.0
-42.0,-6.0,4.0,179.0
-40.0,-6.0,4.0,179.0
-38.0,-6.0,4.0,179.0
-32.0,-6.0,4.0,179.0
-30.0,-6.0,4.0,591.0
-28.0,-6.0,4.0,434.0
-26.0,-6.0,4.0,434.0
-18.0,-6.0,4.0,434.0
-16.0,-6.0,4.0,443.0
-14.0,-6.0,4.0,443.0
-12.0,-6.0,4.0,443.0
-10.0,-6.0,4.0,443.0
-8.0,-6.0,4.0,443.0
-6.0,-6.0,4.0,443.0
-4.0,-6.0,4.0,443.0
-2.0,-6.0,4.0,248.0
0.0,-6.0,4.0,248.0
2.0,-6.0,4.0,248.0
4.0,-6.0,4.0,248.0
6.0,-6.0,4.0,248.0
8.0,-6.0,4.0,248.0
10.0,-6.0,4.0,111.0
12.0,-6.0,4.0,111.0
14.0,-6.0,4.0,111.0
24.0,-6.0,4.0,124.0
26.0,-6.0,4.0,124.0
28.0,-6.0,4.0,124.0
30.0,-6.0,4.0,124.0
32.0,-6.0,4.0,124.0
34.0,-6.0,4.0,124.0
36.0,-6.0,4.0,355.0
38.0,-6.0,4.0,355.0
40.0,-6.0,4.0,355.0
42.0,-6.0,4.0,355.0
44.0,-6.0,4.0,355.0
46.0,-6.0,4.0,355.0
48.0,-6.0,4.0,329.0
50.0,-6.0,4.0,329.0
54.0,-6.0,4.0,329.0
56.0,-6.0,4.0,329.0
58.0,-6.0,4.0,209.0
60.0,-6.0,4.0,209.0
62.0,-6.0,4.0,209.0
-66.0,-4.0,4.0,354.0
-64.0,-4.0,4.0,354.0
-62.0,-4.0,4.0,354.0
-60.0,-4.0,4.0,544.0
-58.0,-4.0,4.0,544.0
-56.0,-4.0,4.0,544.0
-54.0,-4.0,4.0,544.0
-52.0,-4.0,4.0,347.0
-50.0,-4.0,4.0,347.0
-48.0,-4.0,4.0,347.0
-46.0,-4.0,4.0,347.0
-44.0,-4.0,4.0,347.0
-42.0,-4.0,4.0,179.0
-40.0,-4.0,4.0,179.0
-38.0,-4.0,4.0,179.0
-36.0,-4.0,4.0,179.0
-32.0,-4.0,4.0,223.0
-30.0,-4.0,4.0,223.0
-28.0,-4.0,4.0,434.0
-26.0,-4.0,4.0,434.0
-16.0,-4.0,4.0,434.0
-14.0,-4.0,4.0,443.0
-12.0,-4.0,4.0,443.0
-10.0,-4.0,4.0,443.0
-8.0,-4.0,4.0,443.0
-6.0,-4.0,4.0,443.0
-4.0,-4.0,4.0,443.0
-2.0,-4.0,4.0,248.0
0.0,-4.0,4.0,248.0
2.0,-4.0,4.0,248.0
4.0,-4.0,4.0,248.0
6.0,-4.0,4.0,248.0
8.0,-4.0,4.0,248.0
10.0,-4.0,4.0,111.0
12.0,-4.0,4.0,111.0
22.0,-4.0,4.0,124.0
24.0,-4.0,4.0,124.0
26.0,-4.0,4.0,124.0
28.0,-4.0,4.0,124.0
30.0,-4.0,4.0,124.0
32.0,-4.0,4.0,124.0
36.0,-4.0,4.0,355.0
38.0,-4.0,4.0,355.0
40.0,-4.0,4.0,355.0
42.0,-4.0,4.0,355.0
44.0,-4.0,4.0,355.0
46.0,-4.0,4.0,355.0
48.0,-4.0,4.0,355.0
50.0,-4.0,4.0,195.0
52.0,-4.0,4.0,195.0
54.0,-4.0,4.0,195.0
56.0,-4.0,4.0,209.0
58.0,-4.0,4.0,209.0
60.0,-4.0,4.0,209.0
62.0,-4.0,4.0,209.0
-66.0,-2.0,4.0,544.0
-64.0,-2.0,4.0,544.0
-62.0,-2.0,4.0,544.0
-60.0,-2.0,4.0,544.0
-58.0,-2.0,4.0,544.0
-56.0,-2.0,4.0,544.0
-54.0,-2.0,4.0,544.0
-52.0,-2.0,4.0,347.0
-50.0,-2.0,4.0,347.0
-48.0,-2.0,4.0,347.0
-46.0,-2.0,4.0,347.0
-44.0,-2.0,4.0,347.0
-42.0,-2.0,4.0,179.0
-40.0,-2.0,4.0,274.0
-38.0,-2.0,4.0,274.0
-36.0,-2.0,4.0,274.0
-32.0,-2.0,4.0,274.0
-30.0,-2.0,4.0,434.0
-28.0,-2.0,4.0,434.0
-26.0,-2.0,4.0,434.0
-24.0,-2.0,4.0,434.0
-12.0,-2.0,4.0,443.0
-10.0,-2.0,4.0,443.0
-8.0,-2.0,4.0,443.0
-6.0,-2.0,4.0,443.0
-4.0,-2.0,4.0,443.0
-2.0,-2.0,4.0,248.0
2.0,-2.0,4.0,248.0
4.0,-2.0,4.0,248.0
6.0,-2.0,4.0,238.0
8.0,-2.0,4.0,238.0
10.0,-2.0,4.0,238.0
22.0,-2.0,4.0,124.0
24.0,-2.0,4.0,124.0
26.0,-2.0,4.0,124.0
28.0,-2.0,4.0,124.0
30.0,-2.0,4.0,124.0
32.0,-2.0,4.0,124.0
38.0,-2.0,4.0,328.0
40.0,-2.0,4.0,355.0
42.0,-2.0,4.0,355.0
44.0,-2.0,4.0,355.0
46.0,-2.0,4.0,355.0
48.0,-2.0,4.0,195.0
50.0,-2.0,4.0,195.0
52.0,-2.0,4.0,195.0
54.0,-2.0,4.0,195.0
56.0,-2.0,4.0,195.0
58.0,-2.0,4.0,209.0
60.0,-2.0,4.0,209.0
62.0,-2.0,4.0,209.0
-64.0,-0.0,4.0,544.0
-62.0,-0.0,4.0,544.0
-60.0,-0.0,4.0,544.0
-58.0,-0.0,4.0,544.0
-56.0,-0.0,4.0,544.0
-54.0,-0.0,4.0,544.0
-52.0,-0.0,4.0,347.0
-50.0,-0.0,4.0,347.0
-48.0,-0.0,4.0,347.0
-46.0,-0.0,4.0,347.0
-44.0,-0.0,4.0,347.0
-42.0,-0.0,4.0,274.0
-40.0,-0.0,4.0,274.0
-38.0,-0.0,4.0,274.0
-36.0,-0.0,4.0,274.0
-32.0,-0.0,4.0,274.0
-30.0,-0.0,4.0,434.0
-28.0,-0.0,4.0,434.0
-26.0,-0.0,4.0,434.0
-24.0,-0.0,4.0,434.0
-10.0,-0.0,4.0,443.0
-8.0,-0.0,4.0,443.0
-6.0,-0.0,4.0,443.0
-4.0,-0.0,4.0,443.0
22.0,-0.0,4.0,124.0
24.0,-0.0,4.0,124.0
26.0,-0.0,4.0,124.0
28.0,-0.0,4.0,124.0
30.0,-0.0,4.0,124.0
32.0,-0.0,4.0,124.0
38.0,-0.0,4.0,328.0
40.0,-0.0,4.0,328.0
42.0,-0.0,4.0,328.0
44.0,-0.0,4.0,328.0
46.0,-0.0,4.0,195.0
48.0,-0.0,4.0,195.0
50.0,-0.0,4.0,195.0
52.0,-0.0,4.0,195.0
54.0,-0.0,4.0,195.0
56.0,-0.0,4.0,195.0
58.0,-0.0,4.0,195.0
60.0,-0.0,4.0,195.0
-62.0,2.0,4.0,544.0
-60.0,2.0,4.0,544.0
-58.0,2.0,4.0,544.0
-56.0,2.0,4.0,544.0
-54.0,2.0,4.0,544.0
-52.0,2.0,4.0,544.0
-50.0,2.0,4.0,347.0
-48.0,2.0,4.0,347.0
-46.0,2.0,4.0,347.0
-44.0,2.0,4.0,347.0
-42.0,2.0,4.0,274.0
-40.0,2.0,4.0,274.0
-38.0,2.0,4.0,274.0
-32.0,2.0,4.0,274.0
-30.0,2.0,4.0,434.0
-28.0,2.0,4.0,434.0
-26.0,2.0,4.0,434.0
-24.0,2.0,4.0,434.0
-22.0,2.0,4.0,434.0
-6.0,2.0,4.0,443.0
20.0,2.0,4.0,264.0
22.0,2.0,4.0,124.0
24.0,2.0,4.0,124.0
26.0,2.0,4.0,124.0
28.0,2.0,4.0,124.0
30.0,2.0,4.0,37.0
32.0,2.0,4.0,37.0
36.0,2.0,4.0,328.0
38.0,2.0,4.0,328.0
40.0,2.0,4.0,328.0
42.0,2.0,4.0,328.0
44.0,2.0,4.0,328.0
46.0,2.0,4.0,195.0
48.0,2.0,4.0,195.0
50.0,2.0,4.0,195.0
52.0,2.0,4.0,195.0
54.0,2.0,4.0,195.0
56.0,2.0,4.0,195.0
58.0,2.0,4.0,195.0
60.0,2.0,4.0,195.0
62.0,2.0,4.0,195.0
-60.0,4.0,4.0,544.0
-58.0,4.0,4.0,544.0
-56.0,4.0,4.0,544.0
-54.0,4.0,4.0,544.0
-52.0,4.0,4.0,544.0
-50.0,4.0,4.0,347.0
-48.0,4.0,4.0,347.0
-46.0,4.0,4.0,347.0
-44.0,4.0,4.0,347.0
-42.0,4.0,4.0,274.0
-40.0,4.0,4.0,274.0
-38.0,4.0,4.0,274.0
-36.0,4.0,4.0,274.0
-32.0,4.0,4.0,274.0
-30.0,4.0,4.0,434.0
-28.0,4.0,4.0,434.0
-26.0,4.0,4.0,434.0
-24.0,4.0,4.0,434.0
-22.0,4.0,4.0,434.0
20.0,4.0,4.0,264.0
22.0,4.0,4.0,264.0
24.0,4.0,4.0,37.0
26.0,4.0,4.0,37.0
28.0,4.0,4.0,37.0
30.0,4.0,4.0,37.0
34.0,4.0,4.0,37.0
36.0,4.0,4.0,328.0
38.0,4.0,4.0,328.0
40.0,4.0,4.0,328.0
42.0,4.0,4.0,328.0
44.0,4.0,4.0,427.0
46.0,4.0,4.0,195.0
48.0,4.0,4.0,195.0
50.0,4.0,4.0,195.0
52.0,4.0,4.0,195.0
54.0,4.0,4.0,195.0
56.0,4.0,4.0,195.0
58.0,4.0,4.0,195.0
60.0,4.0,4.0,195.0
62.0,4.0,4.0,195.0
-62.0,6.0,4.0,544.0
-60.0,6.0,4.0,544.0
-58.0,6.0,4.0,544.0
-56.0,6.0,4.0,544.0
-54.0,6.0,4.0,544.0
-52.0,6.0,4.0,544.0
-50.0,6.0,4.0,347.0
-48.0,6.0,4.0,347.0
-46.0,6.0,4.0,347.0
-42.0,6.0,4.0,274.0
-40.0,6.0,4.0,274.0
-38.0,6.0,4.0,274.0
-36.0,6.0,4.0,274.0
-32.0,6.0,4.0,468.0
-30.0,6.0,4.0,434.0
-28.0,6.0,4.0,434.0
-26.0,6.0,4.0,434.0
-24.0,6.0,4.0,434.0
-22.0,6.0,4.0,434.0
-20.0,6.0,4.0,434.0
8.0,6.0,4.0,238.0
10.0,6.0,4.0,264.0
20.0,6.0,4.0,264.0
22.0,6.0,4.0,264.0
24.0,6.0,4.0,264.0
26.0,6.0,4.0,37.0
28.0,6.0,4.0,37.0
30.0,6.0,4.0,37.0
34.0,6.0,4.0,37.0
36.0,6.0,4.0,328.0
38.0,6.0,4.0,328.0
40.0,6.0,4.0,328.0
42.0,6.0,4.0,427.0
44.0,6.0,4.0,427.0
46.0,6.0,4.0,427.0
48.0,6.0,4.0,427.0
50.0,6.0,4.0,195.0
52.0,6.0,4.0,195.0
54.0,6.0,4.0,195.0
56.0,6.0,4.0,195.0
58.0,6.0,4.0,195.0
60.0,6.0,4.0,195.0
62.0,6.0,4.0,195.0
-62.0,8.0,4.0,359.0
-60.0,8.0,4.0,359.0
-58.0,8.0,4.0,359.0
-56.0,8.0,4.0,359.0
-54.0,8.0,4.0,359.0
-52.0,8.0,4.0,359.0
-50.0,8.0,4.0,34.0
-48.0,8.0,4.0,34.0
-46.0,8.0,4.0,34.0
-44.0,8.0,4.0,34.0
-42.0,8.0,4.0,468.0
-40.0,8.0,4.0,468.0
-38.0,8.0,4.0,468.0
-36.0,8.0,4.0,468.0
-32.0,8.0,4.0,468.0
-30.0,8.0,4.0,468.0
-28.0,8.0,4.0,434.0
-26.0,8.0,4.0,434.0
-24.0,8.0,4.0,434.0
-22.0,8.0,4.0,434.0
-20.0,8.0,4.0,434.0
-10.0,8.0,4.0,582.0
-8.0,8.0,4.0,589.0
6.0,8.0,4.0,238.0
8.0,8.0,4.0,238.0
10.0,8.0,4.0,264.0
18.0,8.0,4.0,264.0
20.0,8.0,4.0,264.0
22.0,8.0,4.0,264.0
24.0,8.0,4.0,264.0
26.0,8.0,4.0,37.0
28.0,8.0,4.0,37.0
30.0,8.0,4.0,37.0
34.0,8.0,4.0,37.0
36.0,8.0,4.0,7.0
38.0,8.0,4.0,7.0
40.0,8.0,4.0,7.0
42.0,8.0,4.0,427.0
44.0,8.0,4.0,427.0
46.0,8.0,4.0,427.0
48.0,8.0,4.0,427.0
50.0,8.0,4.0,427.0
52.0,8.0,4.0,195.0
54.0,8.0,4.0,195.0
56.0,8.0,4.0,195.0
58.0,8.0,4.0,195.0
60.0,8.0,4.0,195.0
-62.0,10.0,4.0,359.0
-60.0,10.0,4.0,359.0
-58.0,10.0,4.0,359.0
-56.0,10.0,4.0,359.0
-54.0,10.0,4.0,359.0
-52.0,10.0,4.0,359.0
-50.0,10.0,4.0,34.0
-48.0,10.0,4.0,34.0
-46.0,10.0,4.0,34.0
-44.0,10.0,4.0,34.0
-42.0,10.0,4.0,468.0
-40.0,10.0,4.0,468.0
-38.0,10.0,4.0,468.0
-36.0,10.0,4.0,468.0
-34.0,10.0,4.0,468.0
-32.0,10.0,4.0,468.0
-30.0,10.0,4.0,468.0
-28.0,10.0,4.0,448.0
-26.0,10.0,4.0,448.0
-24.0,10.0,4.0,448.0
-22.0,10.0,4.0,448.0
-20.0,10.0,4.0,448.0
-18.0,10.0,4.0,448.0
-12.0,10.0,4.0,582.0
-10.0,10.0,4.0,582.0
-8.0,10.0,4.0,582.0
-6.0,10.0,4.0,589.0
6.0,10.0,4.0,238.0
8.0,10.0,4.0,264.0
10.0,10.0,4.0,264.0
12.0,10.0,4.0,264.0
18.0,10.0,4.0,264.0
20.0,10.0,4.0,264.0
22.0,10.0,4.0,264.0
24.0,10.0,4.0,264.0
26.0,10.0,4.0,37.0
28.0,10.0,4.0,37.0
34.0,10.0,4.0,7.0
36.0,10.0,4.0,7.0
38.0,10.0,4.0,7.0
40.0,10.0,4.0,7.0
42.0,10.0,4.0,427.0
44.0,10.0,4.0,427.0
46.0,10.0,4.0,427.0
48.0,10.0,4.0,427.0
50.0,10.0,4.0,427.0
52.0,10.0,4.0,427.0
54.0,10.0,4.0,427.0
56.0,10.0,4.0,195.0
58.0,10.0,4.0,195.0
60.0,10.0,4.0,195.0
-62.0,12.0,4.0,359.0
-60.0,12.0,4.0,359.0
-58.0,12.0,4.0,359.0
-56.0,12.0,4.0,359.0
-54.0,12.0,4.0,359.0
-52.0,12.0,4.0,359.0
-50.0,12.0,4.0,359.0
-48.0,12.0,4.0,34.0
-46.0,12.0,4.0,34.0
-44.0,12.0,4.0,34.0
-42.0,12.0,4.0,34.0
-40.0,12.0,4.0,468.0
-38.0,12.0,4.0,468.0
-36.0,12.0,4.0,468.0
-34.0,12.0,4.0,468.0
-30.0,12.0,4.0,468.0
-28.0,12.0,4.0,448.0
-26.0,12.0,4.0,448.0
-24.0,12.0,4.0,448.0
-22.0,12.0,4.0,448.0
-20.0,12.0,4.0,448.0
-18.0,12.0,4.0,448.0
-14.0,12.0,4.0,582.0
-12.0,12.0,4.0,582.0
-10.0,12.0,4.0,582.0
-8.0,12.0,4.0,582.0
-6.0,12.0,4.0,582.0
4.0,12.0,4.0,238.0
6.0,12.0,4.0,238.0
8.0,12.0,4.0,264.0
10.0,12.0,4.0,264.0
12.0,12.0,4.0,264.0
14.0,12.0,4.0,264.0
18.0,12.0,4.0,264.0
20.0,12.0,4.0,264.0
22.0,12.0,4.0,264.0
24.0,12.0,4.0,264.0
26.0,12.0,4.0,307.0
28.0,12.0,4.0,307.0
34.0,12.0,4.0,307.0
36.0,12.0,4.0,7.0
38.0,12.0,4.0,7.0
40.0,12.0,4.0,7.0
42.0,12.0,4.0,7.0
44.0,12.0,4.0,427.0
46.0,12.0,4.0,427.0
48.0,12.0,4.0,427.0
50.0,12.0,4.0,427.0
52.0,12.0,4.0,427.0
54.0,12.0,4.0,427.0
56.0,12.0,4.0,427.0
58.0,12.0,4.0,195.0
60.0,12.0,4.0,195.0
-60.0,14.0,4.0,359.0
-58.0,14.0,4.0,359.0
-56.0,14.0,4.0,359.0
-54.0,14.0,4.0,359.0
-52.0,14.0,4.0,359.0
-50.0,14.0,4.0,359.0
-48.0,14.0,4.0,34.0
-46.0,14.0,4.0,34.0
-44.0,14.0,4.0,34.0
-42.0,14.0,4.0,34.0
-40.0,14.0,4.0,468.0
-38.0,14.0,4.0,468.0
-36.0,14.0,4.0,468.0
-34.0,14.0,4.0,468.0
-30.0,14.0,4.0,448.0
-28.0,14.0,4.0,448.0
-26.0,14.0,4.0,448.0
-24.0,14.0,4.0,448.0
-22.0,14.0,4.0,448.0
-20.0,14.0,4.0,448.0
-14.0,14.0,4.0,582.0
-12.0,14.0,4.0,582.0
-10.0,14.0,4.0,582.0
-8.0,14.0,4.0,582.0
-6.0,14.0,4.0,582.0
6.0,14.0,4.0,264.0
8.0,14.0,4.0,264.0
10.0,14.0,4.0,264.0
12.0,14.0,4.0,264.0
14.0,14.0,4.0,264.0
16.0,14.0,4.0,264.0
20.0,14.0,4.0,264.0
22.0,14.0,4.0,264.0
24.0,14.0,4.0,264.0
26.0,14.0,4.0,307.0
32.0,14.0,4.0,307.0
34.0,14.0,4.0,307.0
36.0,14.0,4.0,307.0
38.0,14.0,4.0,7.0
40.0,14.0,4.0,7.0
42.0,14.0,4.0,7.0
44.0,14.0,4.0,427.0
46.0,14.0,4.0,427.0
48.0,14.0,4.0,427.0
50.0,14.0,4.0,427.0
52.0,14.0,4.0,427.0
54.0,14.0,4.0,427.0
56.0,14.0,4.0,427.0
58.0,14.0,4.0,427.0
-60.0,16.0,4.0,359.0
-58.0,16.0,4.0,359.0
-56.0,16.0,4.0,359.0
-54.0,16.0,4.0,359.0
-52.0,16.0,4.0,359.0
-50.0,16.0,4.0,359.0
-48.0,16.0,4.0,34.0
-46.0,16.0,4.0,34.0
-44.0,16.0,4.0,51.0
-42.0,16.0,4.0,51.0
-40.0,16.0,4.0,51.0
-38.0,16.0,4.0,468.0
-36.0,16.0,4.0,468.0
-34.0,16.0,4.0,468.0
-32.0,16.0,4.0,468.0
-28.0,16.0,4.0,448.0
-26.0,16.0,4.0,448.0
-24.0,16.0,4.0,448.0
-22.0,16.0,4.0,448.0
-20.0,16.0,4.0,448.0
-16.0,16.0,4.0,582.0
-14.0,16.0,4.0,582.0
-12.0,16.0,4.0,582.0
-10.0,16.0,4.0,582.0
-8.0,16.0,4.0,582.0
-6.0,16.0,4.0,582.0
6.0,16.0,4.0,264.0
8.0,16.0,4.0,264.0
10.0,16.0,4.0,264.0
12.0,16.0,4.0,264.0
14.0,16.0,4.0,264.0
16.0,16.0,4.0,264.0
20.0,16.0,4.0,264.0
22.0,16.0,4.0,264.0
24.0,16.0,4.0,307.0
26.0,16.0,4.0,307.0
32.0,16.0,4.0,307.0
34.0,16.0,4.0,307.0
36.0,16.0,4.0,307.0
38.0,16.0,4.0,307.0
40.0,16.0,4.0,540.0
42.0,16.0,4.0,540.0
44.0,16.0,4.0,540.0
46.0,16.0,4.0,540.0
48.0,16.0,4.0,427.0
50.0,16.0,4.0,427.0
52.0,16.0,4.0,427.0
54.0,16.0,4.0,427.0
56.0,16.0,4.0,427.0
58.0,16.0,4.0,427.0
-60.0,18.0,4.0,359.0
-58.0,18.0,4.0,359.0
-56.0,18.0,4.0,359.0
-54.0,18.0,4.0,359.0
-52.0,18.0,4.0,359.0
-50.0,18.0,4.0,359.0
-48.0,18.0,4.0,359.0
-46.0,18.0,4.0,51.0
-44.0,18.0,4.0,51.0
-42.0,18.0,4.0,51.0
-40.0,18.0,4.0,51.0
-38.0,18.0,4.0,51.0
-36.0,18.0,4.0,468.0
-34.0,18.0,4.0,468.0
-32.0,18.0,4.0,448.0
-28.0,18.0,4.0,448.0
-26.0,18.0,4.0,448.0
-24.0,18.0,4.0,448.0
-22.0,18.0,4.0,448.0
-20.0,18.0,4.0,448.0
-18.0,18.0,4.0,448.0
-16.0,18.0,4.0,582.0
-14.0,18.0,4.0,582.0
-12.0,18.0,4.0,582.0
-10.0,18.0,4.0,582.0
-8.0,18.0,4.0,582.0
-6.0,18.0,4.0,582.0
6.0,18.0,4.0,264.0
8.0,18.0,4.0,264.0
10.0,18.0,4.0,264.0
12.0,18.0,4.0,264.0
14.0,18.0,4.0,264.0
16.0,18.0,4.0,264.0
18.0,18.0,4.0,264.0
22.0,18.0,4.0,264.0
24.0,18.0,4.0,307.0
30.0,18.0,4.0,307.0
32.0,18.0,4.0,307.0
34.0,18.0,4.0,307.0
36.0,18.0,4.0,307.0
38.0,18.0,4.0,307.0
40.0,18.0,4.0,540.0
42.0,18.0,4.0,540.0
44.0,18.0,4.0,540.0
46.0,18.0,4.0,540.0
48.0,18.0,4.0,196.0
50.0,18.0,4.0,196.0
52.0,18.0,4.0,196.0
54.0,18.0,4.0,196.0
56.0,18.0,4.0,196.0
58.0,18.0,4.0,196.0
-60.0,20.0,4.0,151.0
-58.0,20.0,4.0,151.0
-56.0,20.0,4.0,151.0
-54.0,20.0,4.0,151.0
-52.0,20.0,4.0,151.0
-50.0,20.0,4.0,151.0
-48.0,20.0,4.0,51.0
-46.0,20.0,4.0,51.0
-44.0,20.0,4.0,51.0
-42.0,20.0,4.0,51.0
-40.0,20.0,4.0,51.0
-38.0,20.0,4.0,51.0
-36.0,20.0,4.0,51.0
-34.0,20.0,4.0,51.0
-32.0,20.0,4.0,448.0
-26.0,20.0,4.0,448.0
-24.0,20.0,4.0,448.0
-22.0,20.0,4.0,448.0
-20.0,20.0,4.0,448.0
-18.0,20.0,4.0,582.0
-16.0,20.0,4.0,582.0
-14.0,20.0,4.0,582.0
-12.0,20.0,4.0,582.0
-10.0,20.0,4.0,582.0
-8.0,20.0,4.0,582.0
-6.0,20.0,4.0,582.0
6.0,20.0,4.0,264.0
8.0,20.0,4.0,264.0
10.0,20.0,4.0,264.0
12.0,20.0,4.0,264.0
14.0,20.0,4.0,264.0
16.0,20.0,4.0,264.0
18.0,20.0,4.0,264.0
30.0,20.0,4.0,307.0
32.0,20.0,4.0,307.0
34.0,20.0,4.0,307.0
36.0,20.0,4.0,307.0
38.0,20.0,4.0,307.0
40.0,20.0,4.0,540.0
42.0,20.0,4.0,540.0
44.0,20.0,4.0,540.0
46.0,20.0,4.0,540.0
48.0,20.0,4.0,196.0
50.0,20.0,4.0,196.0
52.0,20.0,4.0,196.0
54.0,20.0,4.0,196.0
56.0,20.0,4.0,196.0
58.0,20.0,4.0,196.0
-58.0,22.0,4.0,151.0
-56.0,22.0,4.0,151.0
-54.0,22.0,4.0,151.0
-52.0,22.0,4.0,151.0
-50.0,22.0,4.0,151.0
-48.0,22.0,4.0,151.0
-46.0,22.0,4.0,442.0
-44.0,22.0,4.0,442.0
-42.0,22.0,4.0,442.0
-40.0,22.0,4.0,442.0
-38.0,22.0,4.0,442.0
-36.0,22.0,4.0,442.0
-34.0,22.0,4.0,442.0
-32.0,22.0,4.0,448.0
-30.0,22.0,4.0,448.0
-20.0,22.0,4.0,448.0
-18.0,22.0,4.0,582.0
-16.0,22.0,4.0,582.0
-14.0,22.0,4.0,582.0
-12.0,22.0,4.0,582.0
-10.0,22.0,4.0,582.0
-8.0,22.0,4.0,582.0
8.0,22.0,4.0,121.0
10.0,22.0,4.0,264.0
12.0,22.0,4.0,264.0
14.0,22.0,4.0,264.0
16.0,22.0,4.0,264.0
18.0,22.0,4.0,264.0
20.0,22.0,4.0,264.0
30.0,22.0,4.0,307.0
32.0,22.0,4.0,307.0
34.0,22.0,4.0,307.0
36.0,22.0,4.0,307.0
38.0,22.0,4.0,307.0
40.0,22.0,4.0,540.0
42.0,22.0,4.0,540.0
44.0,22.0,4.0,540.0
46.0,22.0,4.0,540.0
48.0,22.0,4.0,540.0
50.0,22.0,4.0,196.0
52.0,22.0,4.0,196.0
54.0,22.0,4.0,196.0
56.0,22.0,4.0,196.0
58.0,22.0,4.0,196.0
-58.0,24.0,4.0,151.0
-56.0,24.0,4.0,151.0
-54.0,24.0,4.0,151.0
-52.0,24.0,4.0,151.0
-50.0,24.0,4.0,151.0
-48.0,24.0,4.0,442.0
-46.0,24.0,4.0,442.0
-44.0,24.0,4.0,442.0
-42.0,24.0,4.0,442.0
-40.0,24.0,4.0,442.0
-38.0,24.0,4.0,442.0
-36.0,24.0,4.0,442.0
-34.0,24.0,4.0,442.0
-32.0,24.0,4.0,442.0
-30.0,24.0,4.0,448.0
-20.0,24.0,4.0,582.0
-18.0,24.0,4.0,582.0
-16.0,24.0,4.0,582.0
-14.0,24.0,4.0,582.0
-12.0,24.0,4.0,582.0
-10.0,24.0,4.0,582.0
10.0,24.0,4.0,121.0
12.0,24.0,4.0,121.0
14.0,24.0,4.0,264.0
16.0,24.0,4.0,264.0
18.0,24.0,4.0,264.0
20.0,24.0,4.0,307.0
28.0,24.0,4.0,307.0
30.0,24.0,4.0,307.0
32.0,24.0,4.0,307.0
34.0,24.0,4.0,307.0
36.0,24.0,4.0,307.0
38.0,24.0,4.0,307.0
40.0,24.0,4.0,540.0
42.0,24.0,4.0,540.0
44.0,24.0,4.0,540.0
46.0,24.0,4.0,540.0
48.0,24.0,4.0,540.0
50.0,24.0,4.0,196.0
52.0,24.0,4.0,196.0
54.0,24.0,4.0,196.0
56.0,24.0,4.0,196.0
58.0,24.0,4.0,196.0
-58.0,26.0,4.0,151.0
-56.0,26.0,4.0,151.0
-54.0,26.0,4.0,151.0
-52.0,26.0,4.0,151.0
-50.0,26.0,4.0,442.0
-48.0,26.0,4.0,442.0
-46.0,26.0,4.0,442.0
-44.0,26.0,4.0,442.0
-42.0,26.0,4.0,442.0
-40.0,26.0,4.0,442.0
-38.0,26.0,4.0,442.0
-36.0,26.0,4.0,442.0
-34.0,26.0,4.0,442.0
-32.0,26.0,4.0,442.0
-30.0,26.0,4.0,448.0
-20.0,26.0,4.0,582.0
-18.0,26.0,4.0,582.0
-16.0,26.0,4.0,582.0
-14.0,26.0,4.0,582.0
-12.0,26.0,4.0,582.0
14.0,26.0,4.0,481.0
16.0,26.0,4.0,481.0
18.0,26.0,4.0,481.0
28.0,26.0,4.0,307.0
30.0,26.0,4.0,307.0
32.0,26.0,4.0,307.0
34.0,26.0,4.0,307.0
36.0,26.0,4.0,307.0
38.0,26.0,4.0,307.0
40.0,26.0,4.0,540.0
42.0,26.0,4.0,540.0
44.0,26.0,4.0,540.0
46.0,26.0,4.0,171.0
48.0,26.0,4.0,171.0
50.0,26.0,4.0,171.0
52.0,26.0,4.0,171.0
54.0,26.0,4.0,171.0
56.0,26.0,4.0,171.0
58.0,26.0,4.0,171.0
-58.0,28.0,4.0,151.0
-56.0,28.0,4.0,151.0
-54.0,28.0,4.0,151.0
-52.0,28.0,4.0,151.0
-50.0,28.0,4.0,442.0
-48.0,28.0,4.0,442.0
-46.0,28.0,4.0,442.0
-44.0,28.0,4.0,442.0
-42.0,28.0,4.0,442.0
-40.0,28.0,4.0,442.0
-38.0,28.0,4.0,442.0
-36.0,28.0,4.0,442.0
-34.0,28.0,4.0,442.0
-32.0,28.0,4.0,442.0
-30.0,28.0,4.0,442.0
30.0,28.0,4.0,307.0
32.0,28.0,4.0,307.0
34.0,28.0,4.0,307.0
36.0,28.0,4.0,307.0
38.0,28.0,4.0,307.0
40.0,28.0,4.0,540.0
42.0,28.0,4.0,171.0
44.0,28.0,4.0,171.0
46.0,28.0,4.0,171.0
48.0,28.0,4.0,171.0
50.0,28.0,4.0,171.0
52.0,28.0,4.0,171.0
54.0,28.0,4.0,171.0
56.0,28.0,4.0,171.0
-58.0,30.0,4.0,141.0
-56.0,30.0,4.0,141.0
-54.0,30.0,4.0,141.0
-52.0,30.0,4.0,141.0
-50.0,30.0,4.0,442.0
-48.0,30.0,4.0,442.0
-46.0,30.0,4.0,442.0
-44.0,30.0,4.0,442.0
-42.0,30.0,4.0,442.0
-40.0,30.0,4.0,442.0
-38.0,30.0,4.0,442.0
-36.0,30.0,4.0,442.0
-34.0,30.0,4.0,442.0
-32.0,30.0,4.0,442.0
-30.0,30.0,4.0,442.0
30.0,30.0,4.0,307.0
32.0,30.0,4.0,307.0
34.0,30.0,4.0,307.0
36.0,30.0,4.0,307.0
38.0,30.0,4.0,171.0
40.0,30.0,4.0,171.0
42.0,30.0,4.0,171.0
44.0,30.0,4.0,171.0
46.0,30.0,4.0,171.0
48.0,30.0,4.0,171.0
50.0,30.0,4.0,171.0
52.0,30.0,4.0,171.0
54.0,30.0,4.0,171.0
56.0,30.0,4.0,171.0
-58.0,32.0,4.0,141.0
-56.0,32.0,4.0,141.0
-54.0,32.0,4.0,141.0
-52.0,32.0,4.0,141.0
-50.0,32.0,4.0,141.0
-48.0,32.0,4.0,442.0
-46.0,32.0,4.0,442.0
-44.0,32.0,4.0,442.0
-42.0,32.0,4.0,442.0
-40.0,32.0,4.0,442.0
-38.0,32.0,4.0,442.0
-34.0,32.0,4.0,49.0
-32.0,32.0,4.0,49.0
-30.0,32.0,4.0,49.0
36.0,32.0,4.0,171.0
38.0,32.0,4.0,171.0
40.0,32.0,4.0,171.0
42.0,32.0,4.0,171.0
44.0,32.0,4.0,171.0
46.0,32.0,4.0,171.0
48.0,32.0,4.0,171.0
50.0,32.0,4.0,171.0
52.0,32.0,4.0,171.0
54.0,32.0,4.0,171.0
56.0,32.0,4.0,171.0
-58.0,34.0,4.0,141.0
-56.0,34.0,4.0,141.0
-54.0,34.0,4.0,141.0
-52.0,34.0,4.0,141.0
-50.0,34.0,4.0,141.0
-48.0,34.0,4.0,141.0
-46.0,34.0,4.0,442.0
-44.0,34.0,4.0,49.0
-42.0,34.0,4.0,49.0
-40.0,34.0,4.0,49.0
-38.0,34.0,4.0,49.0
36.0,34.0,4.0,171.0
44.0,34.0,4.0,171.0
46.0,34.0,4.0,171.0
48.0,34.0,4.0,171.0
50.0,34.0,4.0,171.0
52.0,34.0,4.0,171.0
54.0,34.0,4.0,171.0
56.0,34.0,4.0,171.0
-56.0,36.0,4.0,141.0
-54.0,36.0,4.0,141.0
-52.0,36.0,4.0,141.0
-50.0,36.0,4.0,141.0
-48.0,36.0,4.0,49.0
-46.0,36.0,4.0,49.0
-44.0,36.0,4.0,49.0
-42.0,36.0,4.0,49.0
-6.0,36.0,4.0,102.0
-4.0,36.0,4.0,102.0
-2.0,36.0,4.0,102.0
2.0,36.0,4.0,102.0
4.0,36.0,4.0,91.0
44.0,36.0,4.0,171.0
46.0,36.0,4.0,171.0
48.0,36.0,4.0,171.0
50.0,36.0,4.0,171.0
52.0,36.0,4.0,171.0
54.0,36.0,4.0,171.0
-56.0,38.0,4.0,141.0
-54.0,38.0,4.0,141.0
-52.0,38.0,4.0,141.0
-50.0,38.0,4.0,141.0
-48.0,38.0,4.0,49.0
-46.0,38.0,4.0,49.0
-44.0,38.0,4.0,49.0
-8.0,38.0,4.0,102.0
-6.0,38.0,4.0,102.0
-4.0,38.0,4.0,102.0
-2.0,38.0,4.0,102.0
0.0,38.0,4.0,102.0
2.0,38.0,4.0,91.0
4.0,38.0,4.0,91.0
6.0,38.0,4.0,91.0
44.0,38.0,4.0,171.0
46.0,38.0,4.0,171.0
48.0,38.0,4.0,171.0
50.0,38.0,4.0,171.0
52.0,38.0,4.0,72.0
54.0,38.0,4.0,72.0
-56.0,40.0,4.0,141.0
-54.0,40.0,4.0,141.0
-52.0,40.0,4.0,141.0
-50.0,40.0,4.0,141.0
-48.0,40.0,4.0,49.0
-46.0,40.0,4.0,49.0
-44.0,40.0,4.0,49.0
-8.0,40.0,4.0,102.0
-6.0,40.0,4.0,102.0
-4.0,40.0,4.0,102.0
-2.0,40.0,4.0,102.0
0.0,40.0,4.0,91.0
2.0,40.0,4.0,91.0
4.0,40.0,4.0,91.0
6.0,40.0,4.0,91.0
8.0,40.0,4.0,91.0
42.0,40.0,4.0,171.0
44.0,40.0,4.0,171.0
46.0,40.0,4.0,171.0
48.0,40.0,4.0,72.0
50.0,40.0,4.0,72.0
52.0,40.0,4.0,72.0
54.0,40.0,4.0,72.0
-54.0,42.0,4.0,141.0
-52.0,42.0,4.0,141.0
-50.0,42.0,4.0,49.0
-48.0,42.0,4.0,49.0
-46.0,42.0,4.0,49.0
-44.0,42.0,4.0,49.0
-42.0,42.0,4.0,49.0
-40.0,42.0,4.0,49.0
-38.0,42.0,4.0,49.0
-12.0,42.0,4.0,407.0
-10.0,42.0,4.0,407.0
-8.0,42.0,4.0,102.0
-6.0,42.0,4.0,102.0
-4.0,42.0,4.0,102.0
-2.0,42.0,4.0,102.0
0.0,42.0,4.0,91.0
2.0,42.0,4.0,91.0
4.0,42.0,4.0,91.0
6.0,42.0,4.0,91.0
8.0,42.0,4.0,91.0
10.0,42.0,4.0,91.0
12.0,42.0,4.0,91.0
42.0,42.0,4.0,383.0
44.0,42.0,4.0,383.0
46.0,42.0,4.0,383.0
48.0,42.0,4.0,383.0
50.0,42.0,4.0,72.0
52.0,42.0,4.0,72.0
-52.0,44.0,4.0,141.0
-50.0,44.0,4.0,49.0
-48.0,44.0,4.0,49.0
-46.0,44.0,4.0,49.0
-44.0,44.0,4.0,49.0
-42.0,44.0,4.0,49.0
-40.0,44.0,4.0,49.0
-38.0,44.0,4.0,49.0
-14.0,44.0,4.0,407.0
-12.0,44.0,4.0,407.0
-10.0,44.0,4.0,407.0
-8.0,44.0,4.0,407.0
-6.0,44.0,4.0,407.0
-4.0,44.0,4.0,102.0
-2.0,44.0,4.0,91.0
0.0,44.0,4.0,91.0
2.0,44.0,4.0,91.0
4.0,44.0,4.0,91.0
6.0,44.0,4.0,91.0
8.0,44.0,4.0,91.0
10.0,44.0,4.0,91.0
12.0,44.0,4.0,91.0
38.0,44.0,4.0,339.0
40.0,44.0,4.0,339.0
42.0,44.0,4.0,339.0
44.0,44.0,4.0,339.0
46.0,44.0,4.0,383.0
48.0,44.0,4.0,383.0
50.0,44.0,4.0,383.0
52.0,44.0,4.0,383.0
-52.0,46.0,4.0,338.0
-50.0,46.0,4.0,338.0
-48.0,46.0,4.0,338.0
-46.0,46.0,4.0,338.0
-44.0,46.0,4.0,338.0
-42.0,46.0,4.0,338.0
-40.0,46.0,4.0,338.0
-38.0,46.0,4.0,338.0
-36.0,46.0,4.0,338.0
-14.0,46.0,4.0,407.0
-12.0,46.0,4.0,407.0
-10.0,46.0,4.0,407.0
-8.0,46.0,4.0,407.0
-6.0,46.0,4.0,407.0
-4.0,46.0,4.0,407.0
-2.0,46.0,4.0,91.0
0.0,46.0,4.0,91.0
2.0,46.0,4.0,91.0
4.0,46.0,4.0,91.0
6.0,46.0,4.0,91.0
8.0,46.0,4.0,91.0
10.0,46.0,4.0,91.0
12.0,46.0,4.0,91.0
14.0,46.0,4.0,91.0
36.0,46.0,4.0,339.0
38.0,46.0,4.0,339.0
40.0,46.0,4.0,339.0
42.0,46.0,4.0,339.0
44.0,46.0,4.0,339.0
46.0,46.0,4.0,339.0
48.0,46.0,4.0,339.0
50.0,46.0,4.0,383.0
-50.0,48.0,4.0,338.0
-48.0,48.0,4.0,338.0
-46.0,48.0,4.0,338.0
-44.0,48.0,4.0,338.0
-42.0,48.0,4.0,338.0
-40.0,48.0,4.0,338.0
-38.0,48.0,4.0,338.0
-36.0,48.0,4.0,338.0
-14.0,48.0,4.0,407.0
-12.0,48.0,4.0,407.0
-10.0,48.0,4.0,407.0
-8.0,48.0,4.0,407.0
-6.0,48.0,4.0,407.0
-4.0,48.0,4.0,407.0
-2.0,48.0,4.0,407.0
0.0,48.0,4.0,91.0
2.0,48.0,4.0,91.0
4.0,48.0,4.0,91.0
6.0,48.0,4.0,91.0
8.0,48.0,4.0,91.0
10.0,48.0,4.0,86.0
12.0,48.0,4.0,86.0
14.0,48.0,4.0,86.0
38.0,48.0,4.0,339.0
40.0,48.0,4.0,339.0
42.0,48.0,4.0,339.0
44.0,48.0,4.0,339.0
46.0,48.0,4.0,339.0
48.0,48.0,4.0,339.0
-50.0,50.0,4.0,338.0
-48.0,50.0,4.0,338.0
-46.0,50.0,4.0,338.0
-44.0,50.0,4.0,338.0
-42.0,50.0,4.0,338.0
-40.0,50.0,4.0,338.0
-38.0,50.0,4.0,338.0
-36.0,50.0,4.0,262.0
-14.0,50.0,4.0,407.0
-12.0,50.0,4.0,407.0
-10.0,50.0,4.0,407.0
-8.0,50.0,4.0,407.0
-6.0,50.0,4.0,407.0
-4.0,50.0,4.0,407.0
-2.0,50.0,4.0,407.0
0.0,50.0,4.0,407.0
2.0,50.0,4.0,86.0
4.0,50.0,4.0,86.0
6.0,50.0,4.0,86.0
8.0,50.0,4.0,86.0
10.0,50.0,4.0,86.0
12.0,50.0,4.0,86.0
14.0,50.0,4.0,86.0
38.0,50.0,4.0,339.0
40.0,50.0,4.0,339.0
42.0,50.0,4.0,339.0
44.0,50.0,4.0,339.0
46.0,50.0,4.0,339.0
48.0,50.0,4.0,339.0
-48.0,52.0,4.0,300.0
-46.0,52.0,4.0,300.0
-44.0,52.0,4.0,300.0
-42.0,52.0,4.0,300.0
-40.0,52.0,4.0,154.0
-38.0,52.0,4.0,262.0
-36.0,52.0,4.0,262.0
-34.0,52.0,4.0,262.0
-32.0,52.0,4.0,262.0
-30.0,52.0,4.0,262.0
-28.0,52.0,4.0,262.0
-26.0,52.0,4.0,262.0
-14.0,52.0,4.0,407.0
-12.0,52.0,4.0,407.0
-10.0,52.0,4.0,407.0
-8.0,52.0,4.0,407.0
-6.0,52.0,4.0,407.0
-4.0,52.0,4.0,407.0
-2.0,52.0,4.0,407.0
0.0,52.0,4.0,86.0
2.0,52.0,4.0,86.0
4.0,52.0,4.0,86.0
6.0,52.0,4.0,86.0
8.0,52.0,4.0,86.0
10.0,52.0,4.0,86.0
12.0,52.0,4.0,86.0
14.0,52.0,4.0,86.0
26.0,52.0,4.0,142.0
28.0,52.0,4.0,142.0
30.0,52.0,4.0,365.0
36.0,52.0,4.0,365.0
38.0,52.0,4.0,339.0
40.0,52.0,4.0,339.0
42.0,52.0,4.0,339.0
44.0,52.0,4.0,339.0
46.0,52.0,4.0,339.0
-46.0,54.0,4.0,300.0
-44.0,54.0,4.0,300.0
-42.0,54.0,4.0,300.0
-40.0,54.0,4.0,154.0
-38.0,54.0,4.0,262.0
-36.0,54.0,4.0,262.0
-34.0,54.0,4.0,262.0
-32.0,54.0,4.0,262.0
-30.0,54.0,4.0,262.0
-28.0,54.0,4.0,262.0
-26.0,54.0,4.0,262.0
-24.0,54.0,4.0,262.0
-14.0,54.0,4.0,407.0
-12.0,54.0,4.0,407.0
-10.0,54.0,4.0,407.0
-8.0,54.0,4.0,407.0
-6.0,54.0,4.0,407.0
-4.0,54.0,4.0,407.0
-2.0,54.0,4.0,407.0
0.0,54.0,4.0,86.0
2.0,54.0,4.0,86.0
4.0,54.0,4.0,86.0
6.0,54.0,4.0,86.0
8.0,54.0,4.0,86.0
10.0,54.0,4.0,86.0
12.0,54.0,4.0,86.0
24.0,54.0,4.0,142.0
26.0,54.0,4.0,142.0
28.0,54.0,4.0,142.0
30.0,54.0,4.0,142.0
36.0,54.0,4.0,365.0
38.0,54.0,4.0,339.0
40.0,54.0,4.0,339.0
42.0,54.0,4.0,339.0
44.0,54.0,4.0,339.0
-46.0,56.0,4.0,300.0
-44.0,56.0,4.0,300.0
-42.0,56.0,4.0,300.0
-40.0,56.0,4.0,262.0
-38.0,56.0,4.0,262.0
-36.0,56.0,4.0,262.0
-34.0,56.0,4.0,262.0
-32.0,56.0,4.0,262.0
-30.0,56.0,4.0,262.0
-28.0,56.0,4.0,262.0
-26.0,56.0,4.0,262.0
-24.0,56.0,4.0,262.0
-22.0,56.0,4.0,262.0
-14.0,56.0,4.0,407.0
-12.0,56.0,4.0,407.0
-10.0,56.0,4.0,407.0
-8.0,56.0,4.0,407.0
-6.0,56.0,4.0,407.0
-4.0,56.0,4.0,407.0
-2.0,56.0,4.0,407.0
0.0,56.0,4.0,86.0
2.0,56.0,4.0,86.0
4.0,56.0,4.0,86.0
6.0,56.0,4.0,86.0
8.0,56.0,4.0,86.0
10.0,56.0,4.0,86.0
12.0,56.0,4.0,86.0
24.0,56.0,4.0,142.0
26.0,56.0,4.0,142.0
28.0,56.0,4.0,142.0
30.0,56.0,4.0,142.0
32.0,56.0,4.0,365.0
34.0,56.0,4.0,365.0
36.0,56.0,4.0,365.0
38.0,56.0,4.0,339.0
40.0,56.0,4.0,339.0
42.0,56.0,4.0,339.0
44.0,56.0,4.0,339.0
-44.0,58.0,4.0,300.0
-42.0,58.0,4.0,300.0
-40.0,58.0,4.0,262.0
-38.0,58.0,4.0,262.0
-36.0,58.0,4.0,262.0
-34.0,58.0,4.0,262.0
-32.0,58.0,4.0,262.0
-30.0,58.0,4.0,262.0
-28.0,58.0,4.0,262.0
-26.0,58.0,4.0,262.0
-24.0,58.0,4.0,262.0
-22.0,58.0,4.0,262.0
-12.0,58.0,4.0,305.0
-10.0,58.0,4.0,305.0
-8.0,58.0,4.0,407.0
-6.0,58.0,4.0,407.0
-4.0,58.0,4.0,407.0
-2.0,58.0,4.0,407.0
2.0,58.0,4.0,425.0
4.0,58.0,4.0,425.0
6.0,58.0,4.0,425.0
8.0,58.0,4.0,425.0
10.0,58.0,4.0,425.0
12.0,58.0,4.0,425.0
22.0,58.0,4.0,142.0
24.0,58.0,4.0,142.0
26.0,58.0,4.0,142.0
28.0,58.0,4.0,142.0
30.0,58.0,4.0,97.0
32.0,58.0,4.0,97.0
34.0,58.0,4.0,365.0
36.0,58.0,4.0,365.0
38.0,58.0,4.0,365.0
40.0,58.0,4.0,339.0
42.0,58.0,4.0,339.0
-42.0,60.0,4.0,262.0
-40.0,60.0,4.0,262.0
-38.0,60.0,4.0,262.0
-36.0,60.0,4.0,262.0
-34.0,60.0,4.0,262.0
-32.0,60.0,4.0,262.0
-30.0,60.0,4.0,262.0
-28.0,60.0,4.0,262.0
-26.0,60.0,4.0,262.0
-24.0,60.0,4.0,262.0
-22.0,60.0,4.0,262.0
-20.0,60.0,4.0,557.0
-12.0,60.0,4.0,305.0
-10.0,60.0,4.0,305.0
-8.0,60.0,4.0,305.0
-6.0,60.0,4.0,305.0
-4.0,60.0,4.0,305.0
-2.0,60.0,4.0,425.0
2.0,60.0,4.0,425.0
4.0,60.0,4.0,425.0
6.0,60.0,4.0,425.0
8.0,60.0,4.0,425.0
10.0,60.0,4.0,425.0
12.0,60.0,4.0,425.0
22.0,60.0,4.0,142.0
24.0,60.0,4.0,142.0
26.0,60.0,4.0,97.0
28.0,60.0,4.0,97.0
30.0,60.0,4.0,97.0
32.0,60.0,4.0,97.0
34.0,60.0,4.0,97.0
36.0,60.0,4.0,365.0
38.0,60.0,4.0,365.0
40.0,60.0,4.0,339.0
-40.0,62.0,4.0,262.0
-38.0,62.0,4.0,262.0
-36.0,62.0,4.0,262.0
-34.0,62.0,4.0,262.0
-32.0,62.0,4.0,262.0
-30.0,62.0,4.0,262.0
-28.0,62.0,4.0,262.0
-26.0,62.0,4.0,262.0
-24.0,62.0,4.0,262.0
-22.0,62.0,4.0,557.0
-20.0,62.0,4.0,557.0
-10.0,62.0,4.0,305.0
-8.0,62.0,4.0,305.0
-6.0,62.0,4.0,305.0
-4.0,62.0,4.0,305.0
-2.0,62.0,4.0,425.0
4.0,62.0,4.0,425.0
6.0,62.0,4.0,425.0
8.0,62.0,4.0,425.0
10.0,62.0,4.0,425.0
12.0,62.0,4.0,345.0
22.0,62.0,4.0,142.0
24.0,62.0,4.0,97.0
26.0,62.0,4.0,97.0
28.0,62.0,4.0,97.0
30.0,62.0,4.0,97.0
32.0,62.0,4.0,97.0
34.0,62.0,4.0,97.0
36.0,62.0,4.0,97.0
38.0,62.0,4.0,365.0
-36.0,64.0,4.0,262.0
-34.0,64.0,4.0,262.0
-32.0,64.0,4.0,262.0
-30.0,64.0,4.0,262.0
-28.0,64.0,4.0,262.0
-26.0,64.0,4.0,262.0
-24.0,64.0,4.0,262.0
-22.0,64.0,4.0,557.0
-20.0,64.0,4.0,305.0
-10.0,64.0,4.0,305.0
-8.0,64.0,4.0,305.0
-6.0,64.0,4.0,305.0
-4.0,64.0,4.0,305.0
-2.0,64.0,4.0,305.0
4.0,64.0,4.0,425.0
6.0,64.0,4.0,425.0
8.0,64.0,4.0,425.0
10.0,64.0,4.0,345.0
20.0,64.0,4.0,97.0
22.0,64.0,4.0,97.0
24.0,64.0,4.0,97.0
26.0,64.0,4.0,97.0
28.0,64.0,4.0,97.0
30.0,64.0,4.0,97.0
32.0,64.0,4.0,97.0
34.0,64.0,4.0,97.0
-30.0,66.0,4.0,262.0
-28.0,66.0,4.0,262.0
-26.0,66.0,4.0,262.0
-24.0,66.0,4.0,262.0
-22.0,66.0,4.0,305.0
-20.0,66.0,4.0,305.0
-18.0,66.0,4.0,305.0
-16.0,66.0,4.0,305.0
-14.0,66.0,4.0,305.0
-12.0,66.0,4.0,305.0
-10.0,66.0,4.0,305.0
-8.0,66.0,4.0,305.0
-6.0,66.0,4.0,305.0
-4.0,66.0,4.0,305.0
-2.0,66.0,4.0,305.0
4.0,66.0,4.0,425.0
6.0,66.0,4.0,425.0
8.0,66.0,4.0,345.0
10.0,66.0,4.0,345.0
16.0,66.0,4.0,345.0
18.0,66.0,4.0,345.0
20.0,66.0,4.0,97.0
22.0,66.0,4.0,97.0
24.0,66.0,4.0,97.0
26.0,66.0,4.0,97.0
28.0,66.0,4.0,97.0
-28.0,68.0,4.0,262.0
-26.0,68.0,4.0,262.0
-24.0,68.0,4.0,262.0
-22.0,68.0,4.0,305.0
-20.0,68.0,4.0,305.0
-18.0,68.0,4.0,305.0
-16.0,68.0,4.0,305.0
-14.0,68.0,4.0,305.0
-12.0,68.0,4.0,305.0
-10.0,68.0,4.0,305.0
-8.0,68.0,4.0,305.0
-6.0,68.0,4.0,305.0
-4.0,68.0,4.0,305.0
-2.0,68.0,4.0,305.0
4.0,68.0,4.0,425.0
6.0,68.0,4.0,345.0
8.0,68.0,4.0,345.0
10.0,68.0,4.0,345.0
12.0,68.0,4.0,345.0
14.0,68.0,4.0,345.0
16.0,68.0,4.0,345.0
18.0,68.0,4.0,345.0
20.0,68.0,4.0,345.0
22.0,68.0,4.0,97.0
24.0,68.0,4.0,97.0
26.0,68.0,4.0,97.0
-26.0,70.0,4.0,262.0
-24.0,70.0,4.0,305.0
-22.0,70.0,4.0,305.0
-20.0,70.0,4.0,305.0
-18.0,70.0,4.0,305.0
-16.0,70.0,4.0,305.0
-14.0,70.0,4.0,305.0
-12.0,70.0,4.0,305.0
-10.0,70.0,4.0,305.0
-8.0,70.0,4.0,305.0
-6.0,70.0,4.0,305.0
-4.0,70.0,4.0,305.0
-2.0,70.0,4.0,305.0
4.0,70.0,4.0,345.0
6.0,70.0,4.0,345.0
8.0,70.0,4.0,345.0
10.0,70.0,4.0,345.0
12.0,70.0,4.0,345.0
14.0,70.0,4.0,345.0
16.0,70.0,4.0,345.0
18.0,70.0,4.0,345.0
20.0,70.0,4.0,345.0
22.0,70.0,4.0,97.0
-20.0,72.0,4.0,305.0
-18.0,72.0,4.0,305.0
-16.0,72.0,4.0,305.0
-14.0,72.0,4.0,305.0
-12.0,72.0,4.0,305.0
-10.0,72.0,4.0,305.0
-8.0,72.0,4.0,305.0
-6.0,72.0,4.0,305.0
6.0,72.0,4.0,345.0
8.0,72.0,4.0,345.0
10.0,72.0,4.0,345.0
12.0,72.0,4.0,345.0
14.0,72.0,4.0,345.0
16.0,72.0,4.0,345.0
8.0,-106.0,6.0,380.0
10.0,-106.0,6.0,380.0
12.0,-106.0,6.0,380.0
14.0,-106.0,6.0,380.0
-18.0,-104.0,6.0,519.0
-16.0,-104.0,6.0,519.0
-14.0,-104.0,6.0,519.0
-12.0,-104.0,6.0,519.0
4.0,-104.0,6.0,380.0
6.0,-104.0,6.0,380.0
8.0,-104.0,6.0,380.0
10.0,-104.0,6.0,380.0
12.0,-104.0,6.0,380.0
14.0,-104.0,6.0,380.0
16.0,-104.0,6.0,380.0
18.0,-104.0,6.0,380.0
20.0,-104.0,6.0,380.0
-24.0,-102.0,6.0,519.0
-22.0,-102.0,6.0,519.0
-20.0,-102.0,6.0,519.0
-18.0,-102.0,6.0,519.0
-16.0,-102.0,6.0,519.0
-14.0,-102.0,6.0,519.0
-12.0,-102.0,6.0,519.0
-10.0,-102.0,6.0,125.0
-8.0,-102.0,6.0,125.0
0.0,-102.0,6.0,125.0
2.0,-102.0,6.0,125.0
4.0,-102.0,6.0,380.0
6.0,-102.0,6.0,380.0
8.0,-102.0,6.0,380.0
10.0,-102.0,6.0,380.0
12.0,-102.0,6.0,380.0
14.0,-102.0,6.0,380.0
16.0,-102.0,6.0,380.0
18.0,-102.0,6.0,380.0
20.0,-102.0,6.0,380.0
22.0,-102.0,6.0,139.0
24.0,-102.0,6.0,139.0
26.0,-102.0,6.0,85.0
-28.0,-100.0,6.0,304.0
-26.0,-100.0,6.0,304.0
-24.0,-100.0,6.0,519.0
-22.0,-100.0,6.0,519.0
-20.0,-100.0,6.0,519.0
-18.0,-100.0,6.0,519.0
-16.0,-100.0,6.0,519.0
-14.0,-100.0,6.0,519.0
-12.0,-100.0,6.0,125.0
-10.0,-100.0,6.0,125.0
-8.0,-100.0,6.0,125.0
-6.0,-100.0,6.0,125.0
-2.0,-100.0,6.0,125.0
0.0,-100.0,6.0,125.0
2.0,-100.0,6.0,125.0
4.0,-100.0,6.0,380.0
6.0,-100.0,6.0,380.0
8.0,-100.0,6.0,380.0
10.0,-100.0,6.0,380.0
12.0,-100.0,6.0,380.0
14.0,-100.0,6.0,380.0
16.0,-100.0,6.0,380.0
18.0,-100.0,6.0,380.0
20.0,-100.0,6.0,380.0
22.0,-100.0,6.0,139.0
24.0,-100.0,6.0,85.0
26.0,-100.0,6.0,85.0
28.0,-100.0,6.0,85.0
30.0,-100.0,6.0,85.0
-32.0,-98.0,6.0,304.0
-30.0,-98.0,6.0,304.0
-28.0,-98.0,6.0,304.0
-26.0,-98.0,6.0,304.0
-24.0,-98.0,6.0,519.0
-22.0,-98.0,6.0,519.0
-20.0,-98.0,6.0,519.0
-18.0,-98.0,6.0,519.0
-16.0,-98.0,6.0,519.0
-14.0,-98.0,6.0,519.0
-12.0,-98.0,6.0,125.0
-10.0,-98.0,6.0,125.0
-8.0,-98.0,6.0,125.0
-6.0,-98.0,6.0,125.0
-4.0,-98.0,6.0,125.0
-2.0,-98.0,6.0,125.0
0.0,-98.0,6.0,125.0
2.0,-98.0,6.0,125.0
4.0,-98.0,6.0,125.0
6.0,-98.0,6.0,380.0
8.0,-98.0,6.0,380.0
10.0,-98.0,6.0,380.0
12.0,-98.0,6.0,380.0
14.0,-98.0,6.0,380.0
16.0,-98.0,6.0,380.0
18.0,-98.0,6.0,380.0
20.0,-98.0,6.0,139.0
22.0,-98.0,6.0,139.0
24.0,-98.0,6.0,85.0
26.0,-98.0,6.0,85.0
28.0,-98.0,6.0,85.0
30.0,-98.0,6.0,85.0
32.0,-98.0,6.0,85.0
-34.0,-96.0,6.0,304.0
-32.0,-96.0,6.0,304.0
-30.0,-96.0,6.0,304.0
-28.0,-96.0,6.0,304.0
-26.0,-96.0,6.0,519.0
-24.0,-96.0,6.0,519.0
-22.0,-96.0,6.0,519.0
-20.0,-96.0,6.0,519.0
-18.0,-96.0,6.0,519.0
-16.0,-96.0,6.0,519.0
-14.0,-96.0,6.0,519.0
-12.0,-96.0,6.0,230.0
-10.0,-96.0,6.0,230.0
-8.0,-96.0,6.0,125.0
-6.0,-96.0,6.0,125.0
-4.0,-96.0,6.0,125.0
-2.0,-96.0,6.0,125.0
0.0,-96.0,6.0,125.0
2.0,-96.0,6.0,125.0
4.0,-96.0,6.0,125.0
6.0,-96.0,6.0,380.0
8.0,-96.0,6.0,380.0
10.0,-96.0,6.0,380.0
12.0,-96.0,6.0,380.0
14.0,-96.0,6.0,380.0
16.0,-96.0,6.0,380.0
18.0,-96.0,6.0,380.0
20.0,-96.0,6.0,139.0
22.0,-96.0,6.0,366.0
24.0,-96.0,6.0,85.0
26.0,-96.0,6.0,85.0
28.0,-96.0,6.0,85.0
30.0,-96.0,6.0,85.0
32.0,-96.0,6.0,85.0
34.0,-96.0,6.0,85.0
-36.0,-94.0,6.0,304.0
-34.0,-94.0,6.0,304.0
-32.0,-94.0,6.0,304.0
-30.0,-94.0,6.0,304.0
-28.0,-94.0,6.0,304.0
-26.0,-94.0,6.0,519.0
-24.0,-94.0,6.0,519.0
-22.0,-94.0,6.0,519.0
-20.0,-94.0,6.0,519.0
-18.0,-94.0,6.0,519.0
-16.0,-94.0,6.0,519.0
-14.0,-94.0,6.0,230.0
-12.0,-94.0,6.0,230.0
-10.0,-94.0,6.0,230.0
-8.0,-94.0,6.0,230.0
-6.0,-94.0,6.0,125.0
-4.0,-94.0,6.0,125.0
-2.0,-94.0,6.0,125.0
0.0,-94.0,6.0,125.0
2.0,-94.0,6.0,125.0
4.0,-94.0,6.0,125.0
6.0,-94.0,6.0,125.0
8.0,-94.0,6.0,380.0
10.0,-94.0,6.0,380.0
12.0,-94.0,6.0,380.0
14.0,-94.0,6.0,380.0
16.0,-94.0,6.0,380.0
18.0,-94.0,6.0,380.0
20.0,-94.0,6.0,325.0
22.0,-94.0,6.0,366.0
24.0,-94.0,6.0,85.0
26.0,-94.0,6.0,85.0
28.0,-94.0,6.0,85.0
30.0,-94.0,6.0,85.0
32.0,-94.0,6.0,85.0
34.0,-94.0,6.0,85.0
36.0,-94.0,6.0,85.0
-40.0,-92.0,6.0,304.0
-38.0,-92.0,6.0,304.0
-36.0,-92.0,6.0,304.0
-34.0,-92.0,6.0,304.0
-32.0,-92.0,6.0,304.0
-30.0,-92.0,6.0,304.0
-28.0,-92.0,6.0,304.0
-26.0,-92.0,6.0,519.0
-24.0,-92.0,6.0,519.0
-22.0,-92.0,6.0,519.0
-20.0,-92.0,6.0,519.0
-18.0,-92.0,6.0,519.0
-16.0,-92.0,6.0,519.0
-14.0,-92.0,6.0,230.0
-12.0,-92.0,6.0,230.0
-10.0,-92.0,6.0,230.0
-8.0,-92.0,6.0,230.0
-6.0,-92.0,6.0,230.0
-4.0,-92.0,6.0,125.0
-2.0,-92.0,6.0,125.0
0.0,-92.0,6.0,125.0
2.0,-92.0,6.0,125.0
4.0,-92.0,6.0,125.0
6.0,-92.0,6.0,125.0
8.0,-92.0,6.0,380.0
10.0,-92.0,6.0,380.0
12.0,-92.0,6.0,380.0
14.0,-92.0,6.0,380.0
16.0,-92.0,6.0,380.0
18.0,-92.0,6.0,380.0
20.0,-92.0,6.0,366.0
22.0,-92.0,6.0,366.0
24.0,-92.0,6.0,85.0
26.0,-92.0,6.0,85.0
28.0,-92.0,6.0,85.0
30.0,-92.0,6.0,85.0
32.0,-92.0,6.0,85.0
34.0,-92.0,6.0,85.0
36.0,-92.0,6.0,85.0
38.0,-92.0,6.0,85.0
-42.0,-90.0,6.0,510.0
-40.0,-90.0,6.0,510.0
-38.0,-90.0,6.0,304.0
-36.0,-90.0,6.0,304.0
-34.0,-90.0,6.0,304.0
-32.0,-90.0,6.0,304.0
-30.0,-90.0,6.0,304.0
-28.0,-90.0,6.0,519.0
-26.0,-90.0,6.0,519.0
-24.0,-90.0,6.0,519.0
-20.0,-90.0,6.0,519.0
-18.0,-90.0,6.0,519.0
-16.0,-90.0,6.0,230.0
-14.0,-90.0,6.0,230.0
-12.0,-90.0,6.0,230.0
-10.0,-90.0,6.0,230.0
-8.0,-90.0,6.0,230.0
-6.0,-90.0,6.0,230.0
-4.0,-90.0,6.0,230.0
-2.0,-90.0,6.0,125.0
0.0,-90.0,6.0,125.0
2.0,-90.0,6.0,125.0
4.0,-90.0,6.0,125.0
6.0,-90.0,6.0,125.0
8.0,-90.0,6.0,125.0
10.0,-90.0,6.0,380.0
12.0,-90.0,6.0,380.0
14.0,-90.0,6.0,380.0
16.0,-90.0,6.0,380.0
18.0,-90.0,6.0,325.0
20.0,-90.0,6.0,366.0
22.0,-90.0,6.0,366.0
24.0,-90.0,6.0,85.0
26.0,-90.0,6.0,85.0
28.0,-90.0,6.0,85.0
30.0,-90.0,6.0,85.0
32.0,-90.0,6.0,85.0
34.0,-90.0,6.0,85.0
36.0,-90.0,6.0,85.0
38.0,-90.0,6.0,85.0
40.0,-90.0,6.0,548.0
-42.0,-88.0,6.0,510.0
-40.0,-88.0,6.0,510.0
-38.0,-88.0,6.0,279.0
-36.0,-88.0,6.0,279.0
-34.0,-88.0,6.0,279.0
-32.0,-88.0,6.0,279.0
-30.0,-88.0,6.0,279.0
-28.0,-88.0,6.0,279.0
-26.0,-88.0,6.0,519.0
-18.0,-88.0,6.0,594.0
-16.0,-88.0,6.0,230.0
-14.0,-88.0,6.0,230.0
-12.0,-88.0,6.0,230.0
-10.0,-88.0,6.0,230.0
-8.0,-88.0,6.0,230.0
-6.0,-88.0,6.0,230.0
-4.0,-88.0,6.0,230.0
-2.0,-88.0,6.0,230.0
0.0,-88.0,6.0,31.0
2.0,-88.0,6.0,31.0
4.0,-88.0,6.0,125.0
6.0,-88.0,6.0,125.0
8.0,-88.0,6.0,125.0
10.0,-88.0,6.0,380.0
12.0,-88.0,6.0,380.0
14.0,-88.0,6.0,380.0
16.0,-88.0,6.0,380.0
22.0,-88.0,6.0,366.0
24.0,-88.0,6.0,335.0
26.0,-88.0,6.0,335.0
28.0,-88.0,6.0,335.0
30.0,-88.0,6.0,335.0
32.0,-88.0,6.0,335.0
34.0,-88.0,6.0,150.0
36.0,-88.0,6.0,150.0
38.0,-88.0,6.0,150.0
40.0,-88.0,6.0,548.0
42.0,-88.0,6.0,548.0
-44.0,-86.0,6.0,510.0
-42.0,-86.0,6.0,510.0
-40.0,-86.0,6.0,510.0
-38.0,-86.0,6.0,279.0
-36.0,-86.0,6.0,279.0
-34.0,-86.0,6.0,279.0
-32.0,-86.0,6.0,279.0
-30.0,-86.0,6.0,279.0
-28.0,-86.0,6.0,279.0
-26.0,-86.0,6.0,279.0
-16.0,-86.0,6.0,230.0
-14.0,-86.0,6.0,230.0
-12.0,-86.0,6.0,230.0
-10.0,-86.0,6.0,230.0
-8.0,-86.0,6.0,230.0
-6.0,-86.0,6.0,230.0
-4.0,-86.0,6.0,230.0
-2.0,-86.0,6.0,31.0
0.0,-86.0,6.0,31.0
2.0,-86.0,6.0,31.0
4.0,-86.0,6.0,31.0
6.0,-86.0,6.0,31.0
8.0,-86.0,6.0,31.0
10.0,-86.0,6.0,125.0
12.0,-86.0,6.0,380.0
14.0,-86.0,6.0,380.0
16.0,-86.0,6.0,325.0
18.0,-86.0,6.0,366.0
20.0,-86.0,6.0,366.0
22.0,-86.0,6.0,366.0
24.0,-86.0,6.0,335.0
26.0,-86.0,6.0,335.0
28.0,-86.0,6.0,335.0
30.0,-86.0,6.0,150.0
32.0,-86.0,6.0,150.0
34.0,-86.0,6.0,150.0
36.0,-86.0,6.0,150.0
38.0,-86.0,6.0,150.0
40.0,-86.0,6.0,548.0
42.0,-86.0,6.0,548.0
44.0,-86.0,6.0,548.0
46.0,-86.0,6.0,548.0
-48.0,-84.0,6.0,552.0
-46.0,-84.0,6.0,552.0
-44.0,-84.0,6.0,510.0
-42.0,-84.0,6.0,510.0
-40.0,-84.0,6.0,510.0
-38.0,-84.0,6.0,279.0
-36.0,-84.0,6.0,279.0
-34.0,-84.0,6.0,279.0
-32.0,-84.0,6.0,279.0
-30.0,-84.0,6.0,279.0
-28.0,-84.0,6.0,279.0
-18.0,-84.0,6.0,594.0
-16.0,-84.0,6.0,594.0
-14.0,-84.0,6.0,230.0
-12.0,-84.0,6.0,230.0
-10.0,-84.0,6.0,230.0
-8.0,-84.0,6.0,230.0
-6.0,-84.0,6.0,230.0
-4.0,-84.0,6.0,230.0
-2.0,-84.0,6.0,31.0
0.0,-84.0,6.0,31.0
2.0,-84.0,6.0,31.0
4.0,-84.0,6.0,31.0
6.0,-84.0,6.0,31.0
8.0,-84.0,6.0,31.0
10.0,-84.0,6.0,31.0
12.0,-84.0,6.0,31.0
14.0,-84.0,6.0,464.0
16.0,-84.0,6.0,464.0
18.0,-84.0,6.0,464.0
20.0,-84.0,6.0,464.0
22.0,-84.0,6.0,335.0
24.0,-84.0,6.0,335.0
26.0,-84.0,6.0,150.0
28.0,-84.0,6.0,150.0
30.0,-84.0,6.0,150.0
32.0,-84.0,6.0,150.0
34.0,-84.0,6.0,150.0
36.0,-84.0,6.0,150.0
38.0,-84.0,6.0,150.0
40.0,-84.0,6.0,548.0
42.0,-84.0,6.0,548.0
44.0,-84.0,6.0,548.0
46.0,-84.0,6.0,548.0
48.0,-84.0,6.0,548.0
-48.0,-82.0,6.0,552.0
-46.0,-82.0,6.0,552.0
-44.0,-82.0,6.0,552.0
-42.0,-82.0,6.0,552.0
-40.0,-82.0,6.0,351.0
-38.0,-82.0,6.0,351.0
-36.0,-82.0,6.0,351.0
-34.0,-82.0,6.0,351.0
-32.0,-82.0,6.0,279.0
-30.0,-82.0,6.0,279.0
-28.0,-82.0,6.0,279.0
-20.0,-82.0,6.0,594.0
-18.0,-82.0,6.0,594.0
-16.0,-82.0,6.0,594.0
-14.0,-82.0,6.0,594.0
-12.0,-82.0,6.0,230.0
-10.0,-82.0,6.0,230.0
-8.0,-82.0,6.0,230.0
-6.0,-82.0,6.0,230.0
-4.0,-82.0,6.0,31.0
-2.0,-82.0,6.0,31.0
0.0,-82.0,6.0,31.0
2.0,-82.0,6.0,31.0
4.0,-82.0,6.0,31.0
6.0,-82.0,6.0,31.0
8.0,-82.0,6.0,31.0
10.0,-82.0,6.0,31.0
12.0,-82.0,6.0,31.0
14.0,-82.0,6.0,464.0
16.0,-82.0,6.0,464.0
18.0,-82.0,6.0,464.0
20.0,-82.0,6.0,464.0
22.0,-82.0,6.0,464.0
24.0,-82.0,6.0,534.0
26.0,-82.0,6.0,534.0
28.0,-82.0,6.0,534.0
30.0,-82.0,6.0,150.0
32.0,-82.0,6.0,150.0
34.0,-82.0,6.0,150.0
36.0,-82.0,6.0,150.0
38.0,-82.0,6.0,548.0
40.0,-82.0,6.0,548.0
42.0,-82.0,6.0,548.0
44.0,-82.0,6.0,548.0
46.0,-82.0,6.0,548.0
48.0,-82.0,6.0,548.0
50.0,-82.0,6.0,548.0
-50.0,-80.0,6.0,552.0
-48.0,-80.0,6.0,552.0
-46.0,-80.0,6.0,552.0
-44.0,-80.0,6.0,552.0
-42.0,-80.0,6.0,552.0
-40.0,-80.0,6.0,351.0
-38.0,-80.0,6.0,351.0
-36.0,-80.0,6.0,351.0
-34.0,-80.0,6.0,351.0
-32.0,-80.0,6.0,351.0
-30.0,-80.0,6.0,351.0
-22.0,-80.0,6.0,594.0
-20.0,-80.0,6.0,594.0
-18.0,-80.0,6.0,594.0
-16.0,-80.0,6.0,594.0
-14.0,-80.0,6.0,594.0
-12.0,-80.0,6.0,356.0
-10.0,-80.0,6.0,230.0
-8.0,-80.0,6.0,230.0
-6.0,-80.0,6.0,230.0
-4.0,-80.0,6.0,31.0
-2.0,-80.0,6.0,31.0
0.0,-80.0,6.0,31.0
2.0,-80.0,6.0,31.0
4.0,-80.0,6.0,31.0
6.0,-80.0,6.0,31.0
8.0,-80.0,6.0,31.0
10.0,-80.0,6.0,31.0
12.0,-80.0,6.0,464.0
14.0,-80.0,6.0,464.0
16.0,-80.0,6.0,464.0
18.0,-80.0,6.0,464.0
20.0,-80.0,6.0,464.0
22.0,-80.0,6.0,464.0
24.0,-80.0,6.0,464.0
26.0,-80.0,6.0,534.0
28.0,-80.0,6.0,534.0
30.0,-80.0,6.0,534.0
32.0,-80.0,6.0,534.0
34.0,-80.0,6.0,150.0
36.0,-80.0,6.0,150.0
38.0,-80.0,6.0,548.0
40.0,-80.0,6.0,548.0
42.0,-80.0,6.0,548.0
44.0,-80.0,6.0,548.0
46.0,-80.0,6.0,548.0
48.0,-80.0,6.0,548.0
50.0,-80.0,6.0,548.0
52.0,-80.0,6.0,413.0
-52.0,-78.0,6.0,552.0
-50.0,-78.0,6.0,552.0
-48.0,-78.0,6.0,552.0
-46.0,-78.0,6.0,552.0
-44.0,-78.0,6.0,552.0
-42.0,-78.0,6.0,552.0
-40.0,-78.0,6.0,351.0
-38.0,-78.0,6.0,351.0
-36.0,-78.0,6.0,351.0
-34.0,-78.0,6.0,351.0
-32.0,-78.0,6.0,351.0
-30.0,-78.0,6.0,351.0
-24.0,-78.0,6.0,594.0
-22.0,-78.0,6.0,594.0
-20.0,-78.0,6.0,594.0
-18.0,-78.0,6.0,594.0
-16.0,-78.0,6.0,594.0
-14.0,-78.0,6.0,594.0
-12.0,-78.0,6.0,356.0
-10.0,-78.0,6.0,356.0
-8.0,-78.0,6.0,230.0
-6.0,-78.0,6.0,31.0
-4.0,-78.0,6.0,31.0
-2.0,-78.0,6.0,31.0
0.0,-78.0,6.0,31.0
2.0,-78.0,6.0,31.0
4.0,-78.0,6.0,31.0
6.0,-78.0,6.0,31.0
8.0,-78.0,6.0,31.0
10.0,-78.0,6.0,31.0
12.0,-78.0,6.0,464.0
14.0,-78.0,6.0,464.0
16.0,-78.0,6.0,464.0
18.0,-78.0,6.0,464.0
20.0,-78.0,6.0,464.0
22.0,-78.0,6.0,464.0
24.0,-78.0,6.0,464.0
28.0,-78.0,6.0,534.0
30.0,-78.0,6.0,534.0
32.0,-78.0,6.0,534.0
34.0,-78.0,6.0,534.0
36.0,-78.0,6.0,100.0
38.0,-78.0,6.0,100.0
40.0,-78.0,6.0,100.0
42.0,-78.0,6.0,100.0
44.0,-78.0,6.0,548.0
46.0,-78.0,6.0,548.0
48.0,-78.0,6.0,413.0
50.0,-78.0,6.0,413.0
52.0,-78.0,6.0,413.0
54.0,-78.0,6.0,413.0
-54.0,-76.0,6.0,552.0
-52.0,-76.0,6.0,552.0
-50.0,-76.0,6.0,552.0
-48.0,-76.0,6.0,552.0
-46.0,-76.0,6.0,552.0
-44.0,-76.0,6.0,552.0
-42.0,-76.0,6.0,552.0
-40.0,-76.0,6.0,351.0
-38.0,-76.0,6.0,351.0
-36.0,-76.0,6.0,351.0
-34.0,-76.0,6.0,351.0
-32.0,-76.0,6.0,351.0
-24.0,-76.0,6.0,594.0
-22.0,-76.0,6.0,594.0
-20.0,-76.0,6.0,594.0
-18.0,-76.0,6.0,594.0
-16.0,-76.0,6.0,594.0
-14.0,-76.0,6.0,594.0
-12.0,-76.0,6.0,356.0
-10.0,-76.0,6.0,356.0
-8.0,-76.0,6.0,356.0
-6.0,-76.0,6.0,31.0
-4.0,-76.0,6.0,31.0
-2.0,-76.0,6.0,31.0
0.0,-76.0,6.0,31.0
2.0,-76.0,6.0,31.0
4.0,-76.0,6.0,31.0
6.0,-76.0,6.0,578.0
8.0,-76.0,6.0,578.0
10.0,-76.0,6.0,578.0
12.0,-76.0,6.0,464.0
14.0,-76.0,6.0,464.0
16.0,-76.0,6.0,464.0
18.0,-76.0,6.0,464.0
20.0,-76.0,6.0,464.0
22.0,-76.0,6.0,464.0
24.0,-76.0,6.0,464.0
30.0,-76.0,6.0,534.0
32.0,-76.0,6.0,534.0
34.0,-76.0,6.0,534.0
36.0,-76.0,6.0,100.0
38.0,-76.0,6.0,100.0
40.0,-76.0,6.0,100.0
42.0,-76.0,6.0,100.0
44.0,-76.0,6.0,100.0
46.0,-76.0,6.0,100.0
48.0,-76.0,6.0,413.0
50.0,-76.0,6.0,413.0
52.0,-76.0,6.0,413.0
54.0,-76.0,6.0,413.0
-54.0,-74.0,6.0,552.0
-52.0,-74.0,6.0,552.0
-50.0,-74.0,6.0,552.0
-48.0,-74.0,6.0,552.0
-46.0,-74.0,6.0,552.0
-44.0,-74.0,6.0,552.0
-42.0,-74.0,6.0,144.0
-40.0,-74.0,6.0,144.0
-38.0,-74.0,6.0,144.0
-36.0,-74.0,6.0,144.0
-34.0,-74.0,6.0,144.0
-32.0,-74.0,6.0,144.0
-24.0,-74.0,6.0,288.0
-22.0,-74.0,6.0,288.0
-20.0,-74.0,6.0,594.0
-18.0,-74.0,6.0,594.0
-16.0,-74.0,6.0,594.0
-14.0,-74.0,6.0,594.0
-12.0,-74.0,6.0,356.0
-10.0,-74.0,6.0,356.0
-8.0,-74.0,6.0,356.0
-6.0,-74.0,6.0,450.0
-4.0,-74.0,6.0,31.0
-2.0,-74.0,6.0,31.0
0.0,-74.0,6.0,31.0
2.0,-74.0,6.0,578.0
4.0,-74.0,6.0,578.0
6.0,-74.0,6.0,578.0
8.0,-74.0,6.0,578.0
10.0,-74.0,6.0,578.0
12.0,-74.0,6.0,464.0
14.0,-74.0,6.0,464.0
16.0,-74.0,6.0,464.0
18.0,-74.0,6.0,464.0
20.0,-74.0,6.0,464.0
22.0,-74.0,6.0,464.0
24.0,-74.0,6.0,464.0
34.0,-74.0,6.0,100.0
36.0,-74.0,6.0,100.0
38.0,-74.0,6.0,100.0
40.0,-74.0,6.0,100.0
42.0,-74.0,6.0,100.0
44.0,-74.0,6.0,100.0
46.0,-74.0,6.0,413.0
48.0,-74.0,6.0,413.0
50.0,-74.0,6.0,413.0
52.0,-74.0,6.0,413.0
54.0,-74.0,6.0,413.0
-56.0,-72.0,6.0,552.0
-54.0,-72.0,6.0,552.0
-52.0,-72.0,6.0,552.0
-50.0,-72.0,6.0,552.0
-48.0,-72.0,6.0,552.0
-46.0,-72.0,6.0,552.0
-44.0,-72.0,6.0,552.0
-42.0,-72.0,6.0,144.0
-40.0,-72.0,6.0,144.0
-38.0,-72.0,6.0,144.0
-36.0,-72.0,6.0,144.0
-34.0,-72.0,6.0,144.0
-26.0,-72.0,6.0,288.0
-24.0,-72.0,6.0,288.0
-22.0,-72.0,6.0,288.0
-20.0,-72.0,6.0,288.0
-18.0,-72.0,6.0,288.0
-16.0,-72.0,6.0,594.0
-14.0,-72.0,6.0,594.0
-12.0,-72.0,6.0,356.0
-10.0,-72.0,6.0,356.0
-8.0,-72.0,6.0,356.0
-6.0,-72.0,6.0,450.0
-4.0,-72.0,6.0,450.0
0.0,-72.0,6.0,578.0
2.0,-72.0,6.0,578.0
4.0,-72.0,6.0,578.0
6.0,-72.0,6.0,578.0
8.0,-72.0,6.0,578.0
10.0,-72.0,6.0,578.0
12.0,-72.0,6.0,464.0
14.0,-72.0,6.0,464.0
16.0,-72.0,6.0,464.0
18.0,-72.0,6.0,464.0
20.0,-72.0,6.0,464.0
22.0,-72.0,6.0,464.0
24.0,-72.0,6.0,464.0
36.0,-72.0,6.0,100.0
38.0,-72.0,6.0,100.0
40.0,-72.0,6.0,100.0
42.0,-72.0,6.0,100.0
44.0,-72.0,6.0,100.0
46.0,-72.0,6.0,90.0
48.0,-72.0,6.0,413.0
50.0,-72.0,6.0,413.0
52.0,-72.0,6.0,413.0
54.0,-72.0,6.0,413.0
-56.0,-70.0,6.0,552.0
-54.0,-70.0,6.0,552.0
-52.0,-70.0,6.0,552.0
-50.0,-70.0,6.0,552.0
-48.0,-70.0,6.0,552.0
-46.0,-70.0,6.0,552.0
-44.0,-70.0,6.0,552.0
-42.0,-70.0,6.0,144.0
-40.0,-70.0,6.0,144.0
-38.0,-70.0,6.0,144.0
-36.0,-70.0,6.0,144.0
-22.0,-70.0,6.0,288.0
-20.0,-70.0,6.0,288.0
-18.0,-70.0,6.0,288.0
-16.0,-70.0,6.0,288.0
-14.0,-70.0,6.0,288.0
-12.0,-70.0,6.0,356.0
-10.0,-70.0,6.0,356.0
-8.0,-70.0,6.0,450.0
-6.0,-70.0,6.0,450.0
-4.0,-70.0,6.0,450.0
2.0,-70.0,6.0,578.0
4.0,-70.0,6.0,578.0
6.0,-70.0,6.0,578.0
8.0,-70.0,6.0,578.0
10.0,-70.0,6.0,578.0
12.0,-70.0,6.0,303.0
14.0,-70.0,6.0,303.0
16.0,-70.0,6.0,303.0
18.0,-70.0,6.0,464.0
20.0,-70.0,6.0,464.0
22.0,-70.0,6.0,464.0
24.0,-70.0,6.0,464.0
26.0,-70.0,6.0,464.0
28.0,-70.0,6.0,464.0
36.0,-70.0,6.0,100.0
38.0,-70.0,6.0,100.0
40.0,-70.0,6.0,90.0
42.0,-70.0,6.0,90.0
44.0,-70.0,6.0,90.0
46.0,-70.0,6.0,90.0
48.0,-70.0,6.0,90.0
50.0,-70.0,6.0,90.0
52.0,-70.0,6.0,413.0
54.0,-70.0,6.0,413.0
56.0,-70.0,6.0,413.0
-58.0,-68.0,6.0,584.0
-56.0,-68.0,6.0,584.0
-54.0,-68.0,6.0,552.0
-52.0,-68.0,6.0,552.0
-50.0,-68.0,6.0,552.0
-48.0,-68.0,6.0,552.0
-46.0,-68.0,6.0,552.0
-44.0,-68.0,6.0,144.0
-42.0,-68.0,6.0,144.0
-40.0,-68.0,6.0,144.0
-26.0,-68.0,6.0,288.0
-24.0,-68.0,6.0,288.0
-22.0,-68.0,6.0,288.0
-20.0,-68.0,6.0,288.0
-18.0,-68.0,6.0,288.0
-16.0,-68.0,6.0,288.0
-14.0,-68.0,6.0,157.0
-12.0,-68.0,6.0,157.0
-10.0,-68.0,6.0,157.0
-8.0,-68.0,6.0,157.0
-6.0,-68.0,6.0,450.0
-4.0,-68.0,6.0,450.0
2.0,-68.0,6.0,578.0
4.0,-68.0,6.0,578.0
6.0,-68.0,6.0,578.0
8.0,-68.0,6.0,578.0
10.0,-68.0,6.0,303.0
12.0,-68.0,6.0,303.0
14.0,-68.0,6.0,303.0
16.0,-68.0,6.0,303.0
18.0,-68.0,6.0,303.0
20.0,-68.0,6.0,352.0
22.0,-68.0,6.0,352.0
24.0,-68.0,6.0,352.0
26.0,-68.0,6.0,352.0
28.0,-68.0,6.0,352.0
38.0,-68.0,6.0,90.0
40.0,-68.0,6.0,90.0
42.0,-68.0,6.0,90.0
44.0,-68.0,6.0,90.0
46.0,-68.0,6.0,90.0
48.0,-68.0,6.0,90.0
50.0,-68.0,6.0,90.0
52.0,-68.0,6.0,90.0
54.0,-68.0,6.0,90.0
56.0,-68.0,6.0,413.0
58.0,-68.0,6.0,413.0
-60.0,-66.0,6.0,495.0
-58.0,-66.0,6.0,495.0
-56.0,-66.0,6.0,495.0
-54.0,-66.0,6.0,388.0
-52.0,-66.0,6.0,388.0
-50.0,-66.0,6.0,552.0
-48.0,-66.0,6.0,552.0
-46.0,-66.0,6.0,552.0
-44.0,-66.0,6.0,144.0
-42.0,-66.0,6.0,144.0
-28.0,-66.0,6.0,288.0
-26.0,-66.0,6.0,288.0
-24.0,-66.0,6.0,288.0
-22.0,-66.0,6.0,288.0
-20.0,-66.0,6.0,288.0
-18.0,-66.0,6.0,288.0
-16.0,-66.0,6.0,157.0
-14.0,-66.0,6.0,157.0
-12.0,-66.0,6.0,157.0
-10.0,-66.0,6.0,157.0
-8.0,-66.0,6.0,157.0
-6.0,-66.0,6.0,450.0
-4.0,-66.0,6.0,450.0
2.0,-66.0,6.0,578.0
4.0,-66.0,6.0,578.0
6.0,-66.0,6.0,578.0
8.0,-66.0,6.0,303.0
10.0,-66.0,6.0,303.0
12.0,-66.0,6.0,303.0
14.0,-66.0,6.0,303.0
16.0,-66.0,6.0,303.0
18.0,-66.0,6.0,303.0
20.0,-66.0,6.0,352.0
22.0,-66.0,6.0,352.0
24.0,-66.0,6.0,352.0
26.0,-66.0,6.0,352.0
28.0,-66.0,6.0,352.0
30.0,-66.0,6.0,352.0
38.0,-66.0,6.0,90.0
40.0,-66.0,6.0,90.0
42.0,-66.0,6.0,90.0
44.0,-66.0,6.0,90.0
46.0,-66.0,6.0,90.0
48.0,-66.0,6.0,90.0
50.0,-66.0,6.0,90.0
52.0,-66.0,6.0,90.0
54.0,-66.0,6.0,90.0
56.0,-66.0,6.0,90.0
58.0,-66.0,6.0,90.0
60.0,-66.0,6.0,309.0
-60.0,-64.0,6.0,495.0
-58.0,-64.0,6.0,495.0
-56.0,-64.0,6.0,495.0
-54.0,-64.0,6.0,495.0
-52.0,-64.0,6.0,225.0
-50.0,-64.0,6.0,225.0
-48.0,-64.0,6.0,225.0
-46.0,-64.0,6.0,225.0
-44.0,-64.0,6.0,144.0
-42.0,-64.0,6.0,144.0
-28.0,-64.0,6.0,288.0
-26.0,-64.0,6.0,288.0
-24.0,-64.0,6.0,288.0
-22.0,-64.0,6.0,288.0
-20.0,-64.0,6.0,288.0
-18.0,-64.0,6.0,157.0
-16.0,-64.0,6.0,157.0
-14.0,-64.0,6.0,157.0
-12.0,-64.0,6.0,157.0
-10.0,-64.0,6.0,157.0
-8.0,-64.0,6.0,157.0
-6.0,-64.0,6.0,157.0
-4.0,-64.0,6.0,450.0
2.0,-64.0,6.0,578.0
4.0,-64.0,6.0,578.0
6.0,-64.0,6.0,578.0
8.0,-64.0,6.0,303.0
10.0,-64.0,6.0,303.0
12.0,-64.0,6.0,303.0
14.0,-64.0,6.0,303.0
16.0,-64.0,6.0,303.0
18.0,-64.0,6.0,303.0
20.0,-64.0,6.0,352.0
22.0,-64.0,6.0,352.0
24.0,-64.0,6.0,352.0
26.0,-64.0,6.0,352.0
28.0,-64.0,6.0,352.0
30.0,-64.0,6.0,352.0
38.0,-64.0,6.0,90.0
40.0,-64.0,6.0,90.0
42.0,-64.0,6.0,90.0
44.0,-64.0,6.0,90.0
46.0,-64.0,6.0,90.0
48.0,-64.0,6.0,90.0
50.0,-64.0,6.0,90.0
52.0,-64.0,6.0,90.0
54.0,-64.0,6.0,90.0
56.0,-64.0,6.0,90.0
58.0,-64.0,6.0,90.0
60.0,-64.0,6.0,203.0
-58.0,-62.0,6.0,495.0
-56.0,-62.0,6.0,495.0
-54.0,-62.0,6.0,495.0
-52.0,-62.0,6.0,225.0
-50.0,-62.0,6.0,225.0
-48.0,-62.0,6.0,225.0
-46.0,-62.0,6.0,225.0
-44.0,-62.0,6.0,225.0
-42.0,-62.0,6.0,144.0
-28.0,-62.0,6.0,288.0
-26.0,-62.0,6.0,288.0
-24.0,-62.0,6.0,288.0
-22.0,-62.0,6.0,288.0
-20.0,-62.0,6.0,157.0
-18.0,-62.0,6.0,157.0
-16.0,-62.0,6.0,157.0
-14.0,-62.0,6.0,157.0
-12.0,-62.0,6.0,157.0
-10.0,-62.0,6.0,157.0
-8.0,-62.0,6.0,157.0
-6.0,-62.0,6.0,157.0
-4.0,-62.0,6.0,157.0
2.0,-62.0,6.0,181.0
4.0,-62.0,6.0,181.0
6.0,-62.0,6.0,181.0
8.0,-62.0,6.0,303.0
10.0,-62.0,6.0,303.0
12.0,-62.0,6.0,303.0
14.0,-62.0,6.0,303.0
16.0,-62.0,6.0,303.0
18.0,-62.0,6.0,303.0
20.0,-62.0,6.0,352.0
22.0,-62.0,6.0,352.0
24.0,-62.0,6.0,352.0
26.0,-62.0,6.0,352.0
28.0,-62.0,6.0,352.0
30.0,-62.0,6.0,352.0
40.0,-62.0,6.0,373.0
42.0,-62.0,6.0,373.0
44.0,-62.0,6.0,373.0
46.0,-62.0,6.0,373.0
48.0,-62.0,6.0,373.0
50.0,-62.0,6.0,373.0
52.0,-62.0,6.0,373.0
54.0,-62.0,6.0,373.0
56.0,-62.0,6.0,373.0
58.0,-62.0,6.0,203.0
60.0,-62.0,6.0,203.0
62.0,-62.0,6.0,203.0
-62.0,-60.0,6.0,495.0
-60.0,-60.0,6.0,495.0
-58.0,-60.0,6.0,495.0
-54.0,-60.0,6.0,495.0
-52.0,-60.0,6.0,225.0
-50.0,-60.0,6.0,225.0
-48.0,-60.0,6.0,225.0
-46.0,-60.0,6.0,225.0
-44.0,-60.0,6.0,225.0
-42.0,-60.0,6.0,225.0
-28.0,-60.0,6.0,108.0
-26.0,-60.0,6.0,108.0
-24.0,-60.0,6.0,47.0
-22.0,-60.0,6.0,157.0
-20.0,-60.0,6.0,157.0
-18.0,-60.0,6.0,157.0
-16.0,-60.0,6.0,157.0
-14.0,-60.0,6.0,157.0
-12.0,-60.0,6.0,157.0
-10.0,-60.0,6.0,157.0
-8.0,-60.0,6.0,452.0
-6.0,-60.0,6.0,452.0
2.0,-60.0,6.0,181.0
4.0,-60.0,6.0,181.0
6.0,-60.0,6.0,181.0
8.0,-60.0,6.0,181.0
10.0,-60.0,6.0,303.0
12.0,-60.0,6.0,303.0
14.0,-60.0,6.0,303.0
16.0,-60.0,6.0,306.0
18.0,-60.0,6.0,306.0
20.0,-60.0,6.0,306.0
22.0,-60.0,6.0,306.0
24.0,-60.0,6.0,352.0
26.0,-60.0,6.0,352.0
28.0,-60.0,6.0,352.0
30.0,-60.0,6.0,352.0
40.0,-60.0,6.0,373.0
42.0,-60.0,6.0,373.0
44.0,-60.0,6.0,373.0
46.0,-60.0,6.0,373.0
48.0,-60.0,6.0,373.0
50.0,-60.0,6.0,373.0
52.0,-60.0,6.0,373.0
54.0,-60.0,6.0,373.0
56.0,-60.0,6.0,373.0
58.0,-60.0,6.0,581.0
60.0,-60.0,6.0,203.0
62.0,-60.0,6.0,203.0
-64.0,-58.0,6.0,495.0
-62.0,-58.0,6.0,495.0
-60.0,-58.0,6.0,495.0
-58.0,-58.0,6.0,495.0
-56.0,-58.0,6.0,495.0
-52.0,-58.0,6.0,225.0
-50.0,-58.0,6.0,225.0
-48.0,-58.0,6.0,225.0
-46.0,-58.0,6.0,225.0
-44.0,-58.0,6.0,225.0
-42.0,-58.0,6.0,225.0
-28.0,-58.0,6.0,108.0
-26.0,-58.0,6.0,108.0
-24.0,-58.0,6.0,47.0
-22.0,-58.0,6.0,47.0
-20.0,-58.0,6.0,406.0
-18.0,-58.0,6.0,406.0
-16.0,-58.0,6.0,406.0
-14.0,-58.0,6.0,406.0
-12.0,-58.0,6.0,406.0
-10.0,-58.0,6.0,406.0
-8.0,-58.0,6.0,452.0
-6.0,-58.0,6.0,452.0
-4.0,-58.0,6.0,181.0
2.0,-58.0,6.0,181.0
4.0,-58.0,6.0,181.0
6.0,-58.0,6.0,181.0
8.0,-58.0,6.0,181.0
10.0,-58.0,6.0,181.0
12.0,-58.0,6.0,306.0
14.0,-58.0,6.0,306.0
16.0,-58.0,6.0,306.0
18.0,-58.0,6.0,306.0
20.0,-58.0,6.0,306.0
22.0,-58.0,6.0,306.0
24.0,-58.0,6.0,306.0
26.0,-58.0,6.0,306.0
28.0,-58.0,6.0,352.0
40.0,-58.0,6.0,373.0
42.0,-58.0,6.0,373.0
44.0,-58.0,6.0,373.0
46.0,-58.0,6.0,373.0
48.0,-58.0,6.0,373.0
50.0,-58.0,6.0,373.0
52.0,-58.0,6.0,373.0
54.0,-58.0,6.0,581.0
56.0,-58.0,6.0,581.0
58.0,-58.0,6.0,581.0
60.0,-58.0,6.0,581.0
62.0,-58.0,6.0,581.0
-64.0,-56.0,6.0,495.0
-62.0,-56.0,6.0,495.0
-60.0,-56.0,6.0,495.0
-58.0,-56.0,6.0,495.0
-56.0,-56.0,6.0,495.0
-54.0,-56.0,6.0,495.0
-52.0,-56.0,6.0,225.0
-50.0,-56.0,6.0,225.0
-48.0,-56.0,6.0,225.0
-26.0,-56.0,6.0,108.0
-24.0,-56.0,6.0,47.0
-22.0,-56.0,6.0,47.0
-20.0,-56.0,6.0,406.0
-18.0,-56.0,6.0,406.0
-16.0,-56.0,6.0,406.0
-14.0,-56.0,6.0,406.0
-12.0,-56.0,6.0,406.0
-10.0,-56.0,6.0,406.0
-8.0,-56.0,6.0,406.0
-6.0,-56.0,6.0,452.0
-4.0,-56.0,6.0,181.0
2.0,-56.0,6.0,181.0
4.0,-56.0,6.0,181.0
6.0,-56.0,6.0,181.0
8.0,-56.0,6.0,181.0
10.0,-56.0,6.0,181.0
12.0,-56.0,6.0,306.0
14.0,-56.0,6.0,306.0
16.0,-56.0,6.0,306.0
18.0,-56.0,6.0,306.0
20.0,-56.0,6.0,306.0
22.0,-56.0,6.0,306.0
24.0,-56.0,6.0,306.0
26.0,-56.0,6.0,306.0
28.0,-56.0,6.0,306.0
42.0,-56.0,6.0,373.0
44.0,-56.0,6.0,373.0
46.0,-56.0,6.0,373.0
48.0,-56.0,6.0,373.0
50.0,-56.0,6.0,581.0
52.0,-56.0,6.0,581.0
54.0,-56.0,6.0,581.0
56.0,-56.0,6.0,581.0
58.0,-56.0,6.0,581.0
60.0,-56.0,6.0,581.0
62.0,-56.0,6.0,581.0
64.0,-56.0,6.0,581.0
-66.0,-54.0,6.0,495.0
-64.0,-54.0,6.0,495.0
-62.0,-54.0,6.0,495.0
-60.0,-54.0,6.0,495.0
-58.0,-54.0,6.0,495.0
-56.0,-54.0,6.0,495.0
-54.0,-54.0,6.0,495.0
-52.0,-54.0,6.0,225.0
-50.0,-54.0,6.0,225.0
-48.0,-54.0,6.0,225.0
-46.0,-54.0,6.0,225.0
-26.0,-54.0,6.0,108.0
-24.0,-54.0,6.0,47.0
-22.0,-54.0,6.0,47.0
-20.0,-54.0,6.0,406.0
-18.0,-54.0,6.0,406.0
-16.0,-54.0,6.0,406.0
-14.0,-54.0,6.0,406.0
-12.0,-54.0,6.0,406.0
-10.0,-54.0,6.0,406.0
-8.0,-54.0,6.0,406.0
-6.0,-54.0,6.0,406.0
-4.0,-54.0,6.0,181.0
2.0,-54.0,6.0,181.0
4.0,-54.0,6.0,181.0
6.0,-54.0,6.0,181.0
8.0,-54.0,6.0,181.0
10.0,-54.0,6.0,181.0
12.0,-54.0,6.0,441.0
14.0,-54.0,6.0,441.0
16.0,-54.0,6.0,306.0
18.0,-54.0,6.0,306.0
20.0,-54.0,6.0,306.0
22.0,-54.0,6.0,306.0
24.0,-54.0,6.0,306.0
26.0,-54.0,6.0,306.0
44.0,-54.0,6.0,373.0
46.0,-54.0,6.0,581.0
48.0,-54.0,6.0,581.0
50.0,-54.0,6.0,581.0
52.0,-54.0,6.0,581.0
54.0,-54.0,6.0,581.0
56.0,-54.0,6.0,581.0
58.0,-54.0,6.0,581.0
60.0,-54.0,6.0,581.0
62.0,-54.0,6.0,581.0
64.0,-54.0,6.0,581.0
66.0,-54.0,6.0,581.0
-66.0,-52.0,6.0,42.0
-64.0,-52.0,6.0,495.0
-62.0,-52.0,6.0,495.0
-60.0,-52.0,6.0,495.0
-58.0,-52.0,6.0,495.0
-56.0,-52.0,6.0,495.0
-54.0,-52.0,6.0,495.0
-52.0,-52.0,6.0,81.0
-50.0,-52.0,6.0,81.0
-48.0,-52.0,6.0,81.0
-46.0,-52.0,6.0,81.0
-26.0,-52.0,6.0,108.0
-24.0,-52.0,6.0,47.0
-22.0,-52.0,6.0,47.0
-20.0,-52.0,6.0,47.0
-18.0,-52.0,6.0,406.0
-16.0,-52.0,6.0,406.0
-14.0,-52.0,6.0,406.0
-12.0,-52.0,6.0,406.0
-10.0,-52.0,6.0,406.0
-8.0,-52.0,6.0,406.0
-6.0,-52.0,6.0,181.0
-4.0,-52.0,6.0,181.0
4.0,-52.0,6.0,181.0
6.0,-52.0,6.0,181.0
8.0,-52.0,6.0,181.0
10.0,-52.0,6.0,181.0
12.0,-52.0,6.0,441.0
14.0,-52.0,6.0,441.0
16.0,-52.0,6.0,441.0
18.0,-52.0,6.0,441.0
20.0,-52.0,6.0,441.0
22.0,-52.0,6.0,441.0
24.0,-52.0,6.0,306.0
48.0,-52.0,6.0,581.0
50.0,-52.0,6.0,581.0
52.0,-52.0,6.0,581.0
54.0,-52.0,6.0,581.0
56.0,-52.0,6.0,581.0
58.0,-52.0,6.0,581.0
60.0,-52.0,6.0,581.0
62.0,-52.0,6.0,581.0
64.0,-52.0,6.0,581.0
66.0,-52.0,6.0,581.0
-68.0,-50.0,6.0,42.0
-66.0,-50.0,6.0,42.0
-64.0,-50.0,6.0,42.0
-62.0,-50.0,6.0,495.0
-60.0,-50.0,6.0,495.0
-58.0,-50.0,6.0,495.0
-56.0,-50.0,6.0,495.0
-54.0,-50.0,6.0,81.0
-52.0,-50.0,6.0,81.0
-50.0,-50.0,6.0,81.0
-48.0,-50.0,6.0,81.0
-46.0,-50.0,6.0,81.0
-26.0,-50.0,6.0,108.0
-24.0,-50.0,6.0,47.0
-22.0,-50.0,6.0,47.0
-20.0,-50.0,6.0,47.0
-18.0,-50.0,6.0,406.0
-16.0,-50.0,6.0,406.0
-14.0,-50.0,6.0,406.0
-12.0,-50.0,6.0,406.0
-10.0,-50.0,6.0,406.0
-8.0,-50.0,6.0,406.0
-6.0,-50.0,6.0,181.0
4.0,-50.0,6.0,181.0
6.0,-50.0,6.0,181.0
8.0,-50.0,6.0,181.0
10.0,-50.0,6.0,181.0
12.0,-50.0,6.0,441.0
14.0,-50.0,6.0,441.0
16.0,-50.0,6.0,441.0
18.0,-50.0,6.0,441.0
20.0,-50.0,6.0,441.0
22.0,-50.0,6.0,441.0
46.0,-50.0,6.0,581.0
48.0,-50.0,6.0,581.0
50.0,-50.0,6.0,581.0
52.0,-50.0,6.0,581.0
54.0,-50.0,6.0,581.0
56.0,-50.0,6.0,581.0
58.0,-50.0,6.0,581.0
60.0,-50.0,6.0,581.0
62.0,-50.0,6.0,581.0
64.0,-50.0,6.0,581.0
66.0,-50.0,6.0,581.0
68.0,-50.0,6.0,467.0
-68.0,-48.0,6.0,42.0
-66.0,-48.0,6.0,42.0
-64.0,-48.0,6.0,42.0
-62.0,-48.0,6.0,42.0
-60.0,-48.0,6.0,117.0
-58.0,-48.0,6.0,117.0
-56.0,-48.0,6.0,117.0
-54.0,-48.0,6.0,81.0
-52.0,-48.0,6.0,81.0
-50.0,-48.0,6.0,81.0
-48.0,-48.0,6.0,81.0
-46.0,-48.0,6.0,81.0
-26.0,-48.0,6.0,108.0
-24.0,-48.0,6.0,47.0
-22.0,-48.0,6.0,47.0
-20.0,-48.0,6.0,47.0
-18.0,-48.0,6.0,406.0
-16.0,-48.0,6.0,406.0
-14.0,-48.0,6.0,406.0
-12.0,-48.0,6.0,406.0
-10.0,-48.0,6.0,406.0
-8.0,-48.0,6.0,406.0
-6.0,-48.0,6.0,551.0
4.0,-48.0,6.0,551.0
6.0,-48.0,6.0,551.0
8.0,-48.0,6.0,551.0
10.0,-48.0,6.0,551.0
12.0,-48.0,6.0,441.0
14.0,-48.0,6.0,441.0
16.0,-48.0,6.0,441.0
46.0,-48.0,6.0,581.0
48.0,-48.0,6.0,581.0
50.0,-48.0,6.0,581.0
52.0,-48.0,6.0,581.0
54.0,-48.0,6.0,581.0
56.0,-48.0,6.0,581.0
58.0,-48.0,6.0,581.0
60.0,-48.0,6.0,581.0
62.0,-48.0,6.0,581.0
64.0,-48.0,6.0,581.0
66.0,-48.0,6.0,581.0
68.0,-48.0,6.0,467.0
-68.0,-46.0,6.0,42.0
-66.0,-46.0,6.0,42.0
-64.0,-46.0,6.0,42.0
-62.0,-46.0,6.0,117.0
-60.0,-46.0,6.0,117.0
-58.0,-46.0,6.0,117.0
-56.0,-46.0,6.0,117.0
-54.0,-46.0,6.0,117.0
-52.0,-46.0,6.0,81.0
-50.0,-46.0,6.0,81.0
-24.0,-46.0,6.0,47.0
-22.0,-46.0,6.0,47.0
-20.0,-46.0,6.0,47.0
-18.0,-46.0,6.0,47.0
-16.0,-46.0,6.0,406.0
-14.0,-46.0,6.0,406.0
-12.0,-46.0,6.0,406.0
-10.0,-46.0,6.0,406.0
-8.0,-46.0,6.0,406.0
-6.0,-46.0,6.0,551.0
6.0,-46.0,6.0,551.0
8.0,-46.0,6.0,551.0
10.0,-46.0,6.0,551.0
12.0,-46.0,6.0,441.0
14.0,-46.0,6.0,441.0
46.0,-46.0,6.0,581.0
48.0,-46.0,6.0,581.0
50.0,-46.0,6.0,581.0
52.0,-46.0,6.0,581.0
54.0,-46.0,6.0,581.0
56.0,-46.0,6.0,581.0
58.0,-46.0,6.0,581.0
60.0,-46.0,6.0,581.0
62.0,-46.0,6.0,133.0
64.0,-46.0,6.0,133.0
66.0,-46.0,6.0,467.0
68.0,-46.0,6.0,467.0
-70.0,-44.0,6.0,42.0
-68.0,-44.0,6.0,42.0
-66.0,-44.0,6.0,117.0
-64.0,-44.0,6.0,117.0
-62.0,-44.0,6.0,117.0
-60.0,-44.0,6.0,117.0
-58.0,-44.0,6.0,117.0
-56.0,-44.0,6.0,117.0
-54.0,-44.0,6.0,117.0
-52.0,-44.0,6.0,117.0
-50.0,-44.0,6.0,117.0
-48.0,-44.0,6.0,496.0
-20.0,-44.0,6.0,47.0
-18.0,-44.0,6.0,47.0
-16.0,-44.0,6.0,406.0
-14.0,-44.0,6.0,406.0
-12.0,-44.0,6.0,406.0
-10.0,-44.0,6.0,406.0
-8.0,-44.0,6.0,473.0
-6.0,-44.0,6.0,473.0
6.0,-44.0,6.0,551.0
8.0,-44.0,6.0,551.0
10.0,-44.0,6.0,551.0
12.0,-44.0,6.0,551.0
14.0,-44.0,6.0,441.0
46.0,-44.0,6.0,581.0
48.0,-44.0,6.0,581.0
50.0,-44.0,6.0,581.0
52.0,-44.0,6.0,581.0
54.0,-44.0,6.0,581.0
56.0,-44.0,6.0,581.0
58.0,-44.0,6.0,133.0
60.0,-44.0,6.0,133.0
62.0,-44.0,6.0,133.0
64.0,-44.0,6.0,133.0
66.0,-44.0,6.0,467.0
68.0,-44.0,6.0,467.0
-70.0,-42.0,6.0,42.0
-68.0,-42.0,6.0,117.0
-66.0,-42.0,6.0,117.0
-64.0,-42.0,6.0,117.0
-62.0,-42.0,6.0,117.0
-60.0,-42.0,6.0,117.0
-58.0,-42.0,6.0,117.0
-56.0,-42.0,6.0,117.0
-54.0,-42.0,6.0,117.0
-52.0,-42.0,6.0,117.0
-50.0,-42.0,6.0,496.0
-48.0,-42.0,6.0,496.0
-46.0,-42.0,6.0,496.0
-14.0,-42.0,6.0,406.0
-12.0,-42.0,6.0,406.0
-10.0,-42.0,6.0,473.0
-8.0,-42.0,6.0,473.0
-6.0,-42.0,6.0,473.0
8.0,-42.0,6.0,551.0
10.0,-42.0,6.0,551.0
12.0,-42.0,6.0,551.0
14.0,-42.0,6.0,441.0
46.0,-42.0,6.0,581.0
48.0,-42.0,6.0,581.0
50.0,-42.0,6.0,581.0
52.0,-42.0,6.0,133.0
54.0,-42.0,6.0,133.0
56.0,-42.0,6.0,133.0
58.0,-42.0,6.0,133.0
60.0,-42.0,6.0,133.0
62.0,-42.0,6.0,133.0
64.0,-42.0,6.0,133.0
66.0,-42.0,6.0,467.0
68.0,-42.0,6.0,467.0
-70.0,-40.0,6.0,117.0
-68.0,-40.0,6.0,117.0
-66.0,-40.0,6.0,117.0
-64.0,-40.0,6.0,117.0
-62.0,-40.0,6.0,117.0
-60.0,-40.0,6.0,117.0
-58.0,-40.0,6.0,117.0
-56.0,-40.0,6.0,117.0
-54.0,-40.0,6.0,117.0
-52.0,-40.0,6.0,117.0
-50.0,-40.0,6.0,496.0
-48.0,-40.0,6.0,496.0
-46.0,-40.0,6.0,496.0
-44.0,-40.0,6.0,496.0
-14.0,-40.0,6.0,406.0
-12.0,-40.0,6.0,473.0
-10.0,-40.0,6.0,473.0
-8.0,-40.0,6.0,473.0
46.0,-40.0,6.0,581.0
48.0,-40.0,6.0,133.0
50.0,-40.0,6.0,133.0
52.0,-40.0,6.0,133.0
54.0,-40.0,6.0,133.0
56.0,-40.0,6.0,133.0
58.0,-40.0,6.0,133.0
60.0,-40.0,6.0,133.0
62.0,-40.0,6.0,133.0
64.0,-40.0,6.0,133.0
66.0,-40.0,6.0,467.0
68.0,-40.0,6.0,467.0
-70.0,-38.0,6.0,117.0
-68.0,-38.0,6.0,117.0
-66.0,-38.0,6.0,117.0
-64.0,-38.0,6.0,117.0
-62.0,-38.0,6.0,117.0
-60.0,-38.0,6.0,117.0
-58.0,-38.0,6.0,117.0
-56.0,-38.0,6.0,117.0
-54.0,-38.0,6.0,117.0
-52.0,-38.0,6.0,59.0
-50.0,-38.0,6.0,496.0
-48.0,-38.0,6.0,496.0
-46.0,-38.0,6.0,496.0
-44.0,-38.0,6.0,496.0
-12.0,-38.0,6.0,473.0
-10.0,-38.0,6.0,473.0
-8.0,-38.0,6.0,473.0
46.0,-38.0,6.0,133.0
48.0,-38.0,6.0,133.0
50.0,-38.0,6.0,133.0
52.0,-38.0,6.0,133.0
54.0,-38.0,6.0,133.0
56.0,-38.0,6.0,133.0
58.0,-38.0,6.0,133.0
60.0,-38.0,6.0,133.0
62.0,-38.0,6.0,133.0
64.0,-38.0,6.0,133.0
66.0,-38.0,6.0,467.0
68.0,-38.0,6.0,467.0
-70.0,-36.0,6.0,529.0
-68.0,-36.0,6.0,529.0
-66.0,-36.0,6.0,117.0
-64.0,-36.0,6.0,117.0
-62.0,-36.0,6.0,117.0
-60.0,-36.0,6.0,117.0
-58.0,-36.0,6.0,117.0
-56.0,-36.0,6.0,117.0
-54.0,-36.0,6.0,59.0
-52.0,-36.0,6.0,59.0
-50.0,-36.0,6.0,59.0
-48.0,-36.0,6.0,496.0
-46.0,-36.0,6.0,496.0
-44.0,-36.0,6.0,496.0
-12.0,-36.0,6.0,473.0
-10.0,-36.0,6.0,473.0
48.0,-36.0,6.0,133.0
50.0,-36.0,6.0,133.0
52.0,-36.0,6.0,133.0
54.0,-36.0,6.0,133.0
56.0,-36.0,6.0,133.0
58.0,-36.0,6.0,133.0
60.0,-36.0,6.0,133.0
62.0,-36.0,6.0,133.0
64.0,-36.0,6.0,467.0
66.0,-36.0,6.0,467.0
68.0,-36.0,6.0,467.0
-70.0,-34.0,6.0,529.0
-68.0,-34.0,6.0,529.0
-66.0,-34.0,6.0,529.0
-64.0,-34.0,6.0,529.0
-62.0,-34.0,6.0,529.0
-60.0,-34.0,6.0,529.0
-58.0,-34.0,6.0,59.0
-56.0,-34.0,6.0,59.0
-54.0,-34.0,6.0,59.0
-52.0,-34.0,6.0,59.0
-50.0,-34.0,6.0,153.0
-48.0,-34.0,6.0,153.0
-46.0,-34.0,6.0,153.0
-44.0,-34.0,6.0,153.0
12.0,-34.0,6.0,24.0
14.0,-34.0,6.0,24.0
16.0,-34.0,6.0,24.0
18.0,-34.0,6.0,24.0
40.0,-34.0,6.0,211.0
42.0,-34.0,6.0,211.0
44.0,-34.0,6.0,211.0
46.0,-34.0,6.0,211.0
58.0,-34.0,6.0,133.0
60.0,-34.0,6.0,133.0
62.0,-34.0,6.0,133.0
64.0,-34.0,6.0,184.0
66.0,-34.0,6.0,184.0
68.0,-34.0,6.0,467.0
-70.0,-32.0,6.0,529.0
-68.0,-32.0,6.0,529.0
-66.0,-32.0,6.0,529.0
-64.0,-32.0,6.0,529.0
-62.0,-32.0,6.0,529.0
-60.0,-32.0,6.0,529.0
-58.0,-32.0,6.0,529.0
-56.0,-32.0,6.0,59.0
-54.0,-32.0,6.0,153.0
-52.0,-32.0,6.0,153.0
-50.0,-32.0,6.0,153.0
-48.0,-32.0,6.0,153.0
-46.0,-32.0,6.0,153.0
-44.0,-32.0,6.0,153.0
-20.0,-32.0,6.0,577.0
-18.0,-32.0,6.0,577.0
8.0,-32.0,6.0,24.0
10.0,-32.0,6.0,24.0
12.0,-32.0,6.0,24.0
14.0,-32.0,6.0,24.0
16.0,-32.0,6.0,24.0
18.0,-32.0,6.0,24.0
20.0,-32.0,6.0,24.0
40.0,-32.0,6.0,211.0
42.0,-32.0,6.0,211.0
44.0,-32.0,6.0,211.0
46.0,-32.0,6.0,211.0
48.0,-32.0,6.0,211.0
50.0,-32.0,6.0,133.0
58.0,-32.0,6.0,133.0
60.0,-32.0,6.0,184.0
62.0,-32.0,6.0,184.0
64.0,-32.0,6.0,184.0
66.0,-32.0,6.0,184.0
68.0,-32.0,6.0,184.0
70.0,-32.0,6.0,184.0
-70.0,-30.0,6.0,194.0
-68.0,-30.0,6.0,194.0
-66.0,-30.0,6.0,529.0
-64.0,-30.0,6.0,529.0
-62.0,-30.0,6.0,529.0
-60.0,-30.0,6.0,529.0
-58.0,-30.0,6.0,529.0
-56.0,-30.0,6.0,153.0
-54.0,-30.0,6.0,153.0
-52.0,-30.0,6.0,153.0
-50.0,-30.0,6.0,153.0
-48.0,-30.0,6.0,153.0
-46.0,-30.0,6.0,153.0
-22.0,-30.0,6.0,577.0
-20.0,-30.0,6.0,577.0
-18.0,-30.0,6.0,577.0
-16.0,-30.0,6.0,577.0
-14.0,-30.0,6.0,577.0
-12.0,-30.0,6.0,577.0
-10.0,-30.0,6.0,577.0
6.0,-30.0,6.0,24.0
8.0,-30.0,6.0,24.0
10.0,-30.0,6.0,24.0
12.0,-30.0,6.0,24.0
14.0,-30.0,6.0,24.0
16.0,-30.0,6.0,24.0
18.0,-30.0,6.0,24.0
20.0,-30.0,6.0,24.0
22.0,-30.0,6.0,24.0
40.0,-30.0,6.0,211.0
42.0,-30.0,6.0,211.0
44.0,-30.0,6.0,211.0
46.0,-30.0,6.0,211.0
48.0,-30.0,6.0,211.0
50.0,-30.0,6.0,211.0
52.0,-30.0,6.0,133.0
54.0,-30.0,6.0,133.0
56.0,-30.0,6.0,133.0
58.0,-30.0,6.0,184.0
60.0,-30.0,6.0,184.0
62.0,-30.0,6.0,184.0
64.0,-30.0,6.0,184.0
66.0,-30.0,6.0,184.0
68.0,-30.0,6.0,184.0
70.0,-30.0,6.0,184.0
-70.0,-28.0,6.0,194.0
-68.0,-28.0,6.0,194.0
-66.0,-28.0,6.0,66.0
-64.0,-28.0,6.0,66.0
-62.0,-28.0,6.0,66.0
-60.0,-28.0,6.0,162.0
-58.0,-28.0,6.0,162.0
-56.0,-28.0,6.0,131.0
-54.0,-28.0,6.0,131.0
-52.0,-28.0,6.0,131.0
-50.0,-28.0,6.0,131.0
-48.0,-28.0,6.0,131.0
-46.0,-28.0,6.0,131.0
-22.0,-28.0,6.0,577.0
-20.0,-28.0,6.0,577.0
-18.0,-28.0,6.0,577.0
-16.0,-28.0,6.0,577.0
-14.0,-28.0,6.0,577.0
-12.0,-28.0,6.0,577.0
-10.0,-28.0,6.0,577.0
-8.0,-28.0,6.0,104.0
4.0,-28.0,6.0,24.0
6.0,-28.0,6.0,24.0
8.0,-28.0,6.0,24.0
10.0,-28.0,6.0,24.0
12.0,-28.0,6.0,24.0
14.0,-28.0,6.0,24.0
16.0,-28.0,6.0,24.0
18.0,-28.0,6.0,24.0
20.0,-28.0,6.0,24.0
22.0,-28.0,6.0,24.0
42.0,-28.0,6.0,211.0
44.0,-28.0,6.0,211.0
46.0,-28.0,6.0,211.0
48.0,-28.0,6.0,211.0
50.0,-28.0,6.0,211.0
52.0,-28.0,6.0,460.0
54.0,-28.0,6.0,460.0
56.0,-28.0,6.0,460.0
58.0,-28.0,6.0,184.0
60.0,-28.0,6.0,184.0
62.0,-28.0,6.0,184.0
64.0,-28.0,6.0,184.0
66.0,-28.0,6.0,184.0
68.0,-28.0,6.0,184.0
70.0,-28.0,6.0,184.0
-70.0,-26.0,6.0,194.0
-68.0,-26.0,6.0,194.0
-66.0,-26.0,6.0,66.0
-64.0,-26.0,6.0,66.0
-62.0,-26.0,6.0,66.0
-60.0,-26.0,6.0,66.0
-58.0,-26.0,6.0,66.0
-56.0,-26.0,6.0,162.0
-54.0,-26.0,6.0,131.0
-52.0,-26.0,6.0,131.0
-50.0,-26.0,6.0,131.0
-24.0,-26.0,6.0,577.0
-22.0,-26.0,6.0,577.0
-20.0,-26.0,6.0,577.0
-18.0,-26.0,6.0,577.0
-16.0,-26.0,6.0,577.0
-14.0,-26.0,6.0,577.0
-12.0,-26.0,6.0,577.0
-10.0,-26.0,6.0,577.0
-8.0,-26.0,6.0,104.0
-6.0,-26.0,6.0,104.0
2.0,-26.0,6.0,104.0
4.0,-26.0,6.0,104.0
6.0,-26.0,6.0,24.0
8.0,-26.0,6.0,24.0
10.0,-26.0,6.0,24.0
12.0,-26.0,6.0,24.0
14.0,-26.0,6.0,24.0
16.0,-26.0,6.0,24.0
18.0,-26.0,6.0,24.0
20.0,-26.0,6.0,24.0
22.0,-26.0,6.0,24.0
36.0,-26.0,6.0,246.0
38.0,-26.0,6.0,246.0
44.0,-26.0,6.0,211.0
46.0,-26.0,6.0,211.0
48.0,-26.0,6.0,211.0
50.0,-26.0,6.0,211.0
52.0,-26.0,6.0,460.0
54.0,-26.0,6.0,460.0
56.0,-26.0,6.0,460.0
58.0,-26.0,6.0,460.0
60.0,-26.0,6.0,184.0
62.0,-26.0,6.0,184.0
64.0,-26.0,6.0,184.0
66.0,-26.0,6.0,184.0
68.0,-26.0,6.0,184.0
70.0,-26.0,6.0,184.0
-70.0,-24.0,6.0,194.0
-68.0,-24.0,6.0,194.0
-66.0,-24.0,6.0,66.0
-64.0,-24.0,6.0,66.0
-62.0,-24.0,6.0,66.0
-60.0,-24.0,6.0,66.0
-58.0,-24.0,6.0,66.0
-56.0,-24.0,6.0,66.0
-54.0,-24.0,6.0,131.0
-52.0,-24.0,6.0,131.0
-24.0,-24.0,6.0,577.0
-22.0,-24.0,6.0,577.0
-20.0,-24.0,6.0,577.0
-18.0,-24.0,6.0,577.0
-16.0,-24.0,6.0,577.0
-14.0,-24.0,6.0,577.0
-12.0,-24.0,6.0,577.0
-10.0,-24.0,6.0,443.0
-8.0,-24.0,6.0,104.0
-6.0,-24.0,6.0,104.0
2.0,-24.0,6.0,104.0
4.0,-24.0,6.0,104.0
6.0,-24.0,6.0,104.0
8.0,-24.0,6.0,24.0
10.0,-24.0,6.0,24.0
12.0,-24.0,6.0,24.0
14.0,-24.0,6.0,24.0
16.0,-24.0,6.0,24.0
18.0,-24.0,6.0,24.0
20.0,-24.0,6.0,24.0
22.0,-24.0,6.0,24.0
32.0,-24.0,6.0,246.0
34.0,-24.0,6.0,246.0
36.0,-24.0,6.0,246.0
38.0,-24.0,6.0,246.0
40.0,-24.0,6.0,246.0
46.0,-24.0,6.0,211.0
48.0,-24.0,6.0,211.0
50.0,-24.0,6.0,460.0
52.0,-24.0,6.0,460.0
54.0,-24.0,6.0,460.0
56.0,-24.0,6.0,460.0
58.0,-24.0,6.0,460.0
60.0,-24.0,6.0,460.0
62.0,-24.0,6.0,184.0
64.0,-24.0,6.0,184.0
66.0,-24.0,6.0,184.0
68.0,-24.0,6.0,184.0
-70.0,-22.0,6.0,194.0
-68.0,-22.0,6.0,194.0
-66.0,-22.0,6.0,66.0
-64.0,-22.0,6.0,66.0
-62.0,-22.0,6.0,66.0
-60.0,-22.0,6.0,66.0
-58.0,-22.0,6.0,66.0
-56.0,-22.0,6.0,66.0
-40.0,-22.0,6.0,131.0
-24.0,-22.0,6.0,577.0
-22.0,-22.0,6.0,577.0
-20.0,-22.0,6.0,577.0
-18.0,-22.0,6.0,577.0
-16.0,-22.0,6.0,577.0
-14.0,-22.0,6.0,577.0
-12.0,-22.0,6.0,577.0
-10.0,-22.0,6.0,443.0
-8.0,-22.0,6.0,443.0
-6.0,-22.0,6.0,104.0
-4.0,-22.0,6.0,104.0
0.0,-22.0,6.0,104.0
2.0,-22.0,6.0,104.0
4.0,-22.0,6.0,104.0
6.0,-22.0,6.0,104.0
8.0,-22.0,6.0,24.0
10.0,-22.0,6.0,24.0
12.0,-22.0,6.0,24.0
14.0,-22.0,6.0,24.0
16.0,-22.0,6.0,24.0
18.0,-22.0,6.0,24.0
20.0,-22.0,6.0,24.0
22.0,-22.0,6.0,111.0
32.0,-22.0,6.0,246.0
34.0,-22.0,6.0,246.0
36.0,-22.0,6.0,246.0
38.0,-22.0,6.0,246.0
40.0,-22.0,6.0,246.0
42.0,-22.0,6.0,246.0
44.0,-22.0,6.0,211.0
46.0,-22.0,6.0,211.0
48.0,-22.0,6.0,28.0
50.0,-22.0,6.0,460.0
52.0,-22.0,6.0,460.0
54.0,-22.0,6.0,460.0
56.0,-22.0,6.0,460.0
58.0,-22.0,6.0,460.0
60.0,-22.0,6.0,460.0
62.0,-22.0,6.0,184.0
64.0,-22.0,6.0,184.0
66.0,-22.0,6.0,184.0
68.0,-22.0,6.0,319.0
-70.0,-20.0,6.0,194.0
-68.0,-20.0,6.0,194.0
-66.0,-20.0,6.0,66.0
-64.0,-20.0,6.0,66.0
-62.0,-20.0,6.0,66.0
-60.0,-20.0,6.0,66.0
-58.0,-20.0,6.0,66.0
-56.0,-20.0,6.0,66.0
-54.0,-20.0,6.0,66.0
-52.0,-20.0,6.0,131.0
-50.0,-20.0,6.0,131.0
-48.0,-20.0,6.0,131.0
-46.0,-20.0,6.0,131.0
-44.0,-20.0,6.0,131.0
-42.0,-20.0,6.0,131.0
-40.0,-20.0,6.0,131.0
-38.0,-20.0,6.0,131.0
-36.0,-20.0,6.0,237.0
-34.0,-20.0,6.0,577.0
-24.0,-20.0,6.0,577.0
-22.0,-20.0,6.0,577.0
-20.0,-20.0,6.0,577.0
-18.0,-20.0,6.0,577.0
-16.0,-20.0,6.0,577.0
-14.0,-20.0,6.0,577.0
-12.0,-20.0,6.0,443.0
-10.0,-20.0,6.0,443.0
-8.0,-20.0,6.0,443.0
-6.0,-20.0,6.0,104.0
-4.0,-20.0,6.0,104.0
0.0,-20.0,6.0,104.0
2.0,-20.0,6.0,104.0
4.0,-20.0,6.0,104.0
6.0,-20.0,6.0,104.0
8.0,-20.0,6.0,104.0
10.0,-20.0,6.0,24.0
12.0,-20.0,6.0,24.0
14.0,-20.0,6.0,24.0
16.0,-20.0,6.0,111.0
18.0,-20.0,6.0,111.0
20.0,-20.0,6.0,111.0
22.0,-20.0,6.0,111.0
28.0,-20.0,6.0,111.0
32.0,-20.0,6.0,246.0
34.0,-20.0,6.0,246.0
36.0,-20.0,6.0,246.0
38.0,-20.0,6.0,246.0
40.0,-20.0,6.0,246.0
42.0,-20.0,6.0,28.0
44.0,-20.0,6.0,28.0
46.0,-20.0,6.0,28.0
48.0,-20.0,6.0,28.0
50.0,-20.0,6.0,329.0
52.0,-20.0,6.0,460.0
54.0,-20.0,6.0,460.0
56.0,-20.0,6.0,460.0
58.0,-20.0,6.0,460.0
60.0,-20.0,6.0,460.0
62.0,-20.0,6.0,460.0
64.0,-20.0,6.0,319.0
66.0,-20.0,6.0,319.0
68.0,-20.0,6.0,319.0
-70.0,-18.0,6.0,194.0
-68.0,-18.0,6.0,194.0
-66.0,-18.0,6.0,66.0
-64.0,-18.0,6.0,66.0
-62.0,-18.0,6.0,66.0
-60.0,-18.0,6.0,66.0
-58.0,-18.0,6.0,66.0
-56.0,-18.0,6.0,66.0
-54.0,-18.0,6.0,354.0
-52.0,-18.0,6.0,354.0
-50.0,-18.0,6.0,131.0
-48.0,-18.0,6.0,131.0
-46.0,-18.0,6.0,131.0
-44.0,-18.0,6.0,131.0
-42.0,-18.0,6.0,131.0
-40.0,-18.0,6.0,131.0
-38.0,-18.0,6.0,237.0
-36.0,-18.0,6.0,237.0
-34.0,-18.0,6.0,577.0
-24.0,-18.0,6.0,577.0
-22.0,-18.0,6.0,577.0
-20.0,-18.0,6.0,577.0
-18.0,-18.0,6.0,577.0
-16.0,-18.0,6.0,577.0
-14.0,-18.0,6.0,443.0
-12.0,-18.0,6.0,443.0
-10.0,-18.0,6.0,443.0
-8.0,-18.0,6.0,443.0
-6.0,-18.0,6.0,443.0
-4.0,-18.0,6.0,104.0
-2.0,-18.0,6.0,104.0
0.0,-18.0,6.0,104.0
2.0,-18.0,6.0,104.0
4.0,-18.0,6.0,104.0
6.0,-18.0,6.0,104.0
8.0,-18.0,6.0,104.0
10.0,-18.0,6.0,104.0
12.0,-18.0,6.0,111.0
14.0,-18.0,6.0,111.0
16.0,-18.0,6.0,111.0
18.0,-18.0,6.0,111.0
20.0,-18.0,6.0,111.0
22.0,-18.0,6.0,111.0
28.0,-18.0,6.0,111.0
30.0,-18.0,6.0,246.0
34.0,-18.0,6.0,246.0
36.0,-18.0,6.0,246.0
38.0,-18.0,6.0,246.0
40.0,-18.0,6.0,28.0
42.0,-18.0,6.0,28.0
44.0,-18.0,6.0,28.0
46.0,-18.0,6.0,28.0
48.0,-18.0,6.0,28.0
50.0,-18.0,6.0,329.0
52.0,-18.0,6.0,329.0
54.0,-18.0,6.0,460.0
56.0,-18.0,6.0,460.0
58.0,-18.0,6.0,460.0
60.0,-18.0,6.0,460.0
62.0,-18.0,6.0,460.0
64.0,-18.0,6.0,319.0
66.0,-18.0,6.0,319.0
68.0,-18.0,6.0,319.0
-70.0,-16.0,6.0,194.0
-68.0,-16.0,6.0,194.0
-66.0,-16.0,6.0,66.0
-64.0,-16.0,6.0,66.0
-62.0,-16.0,6.0,66.0
-60.0,-16.0,6.0,66.0
-58.0,-16.0,6.0,66.0
-56.0,-16.0,6.0,354.0
-54.0,-16.0,6.0,354.0
-52.0,-16.0,6.0,354.0
-50.0,-16.0,6.0,354.0
-48.0,-16.0,6.0,131.0
-46.0,-16.0,6.0,131.0
-44.0,-16.0,6.0,131.0
-42.0,-16.0,6.0,237.0
-40.0,-16.0,6.0,179.0
-38.0,-16.0,6.0,179.0
-36.0,-16.0,6.0,179.0
-34.0,-16.0,6.0,179.0
-30.0,-16.0,6.0,577.0
-24.0,-16.0,6.0,577.0
-22.0,-16.0,6.0,577.0
-20.0,-16.0,6.0,577.0
-18.0,-16.0,6.0,577.0
-16.0,-16.0,6.0,443.0
-14.0,-16.0,6.0,443.0
-12.0,-16.0,6.0,443.0
-10.0,-16.0,6.0,443.0
-8.0,-16.0,6.0,443.0
-6.0,-16.0,6.0,443.0
-4.0,-16.0,6.0,104.0
-2.0,-16.0,6.0,104.0
0.0,-16.0,6.0,104.0
2.0,-16.0,6.0,104.0
4.0,-16.0,6.0,104.0
6.0,-16.0,6.0,104.0
8.0,-16.0,6.0,104.0
10.0,-16.0,6.0,111.0
12.0,-16.0,6.0,111.0
14.0,-16.0,6.0,111.0
16.0,-16.0,6.0,111.0
18.0,-16.0,6.0,111.0
20.0,-16.0,6.0,111.0
26.0,-16.0,6.0,111.0
28.0,-16.0,6.0,124.0
30.0,-16.0,6.0,124.0
34.0,-16.0,6.0,116.0
36.0,-16.0,6.0,28.0
38.0,-16.0,6.0,28.0
40.0,-16.0,6.0,28.0
42.0,-16.0,6.0,28.0
44.0,-16.0,6.0,28.0
46.0,-16.0,6.0,28.0
48.0,-16.0,6.0,329.0
50.0,-16.0,6.0,329.0
52.0,-16.0,6.0,329.0
54.0,-16.0,6.0,329.0
56.0,-16.0,6.0,329.0
58.0,-16.0,6.0,460.0
60.0,-16.0,6.0,460.0
62.0,-16.0,6.0,460.0
64.0,-16.0,6.0,319.0
66.0,-16.0,6.0,319.0
68.0,-16.0,6.0,319.0
-70.0,-14.0,6.0,194.0
-68.0,-14.0,6.0,194.0
-66.0,-14.0,6.0,66.0
-64.0,-14.0,6.0,66.0
-62.0,-14.0,6.0,66.0
-60.0,-14.0,6.0,354.0
-58.0,-14.0,6.0,354.0
-56.0,-14.0,6.0,354.0
-54.0,-14.0,6.0,354.0
-52.0,-14.0,6.0,354.0
-50.0,-14.0,6.0,354.0
-48.0,-14.0,6.0,166.0
-46.0,-14.0,6.0,166.0
-44.0,-14.0,6.0,179.0
-40.0,-14.0,6.0,179.0
-38.0,-14.0,6.0,179.0
-36.0,-14.0,6.0,179.0
-32.0,-14.0,6.0,179.0
-30.0,-14.0,6.0,577.0
-28.0,-14.0,6.0,577.0
-22.0,-14.0,6.0,577.0
-20.0,-14.0,6.0,577.0
-18.0,-14.0,6.0,257.0
-16.0,-14.0,6.0,443.0
-14.0,-14.0,6.0,443.0
-12.0,-14.0,6.0,443.0
-10.0,-14.0,6.0,443.0
-8.0,-14.0,6.0,443.0
-6.0,-14.0,6.0,443.0
-4.0,-14.0,6.0,443.0
-2.0,-14.0,6.0,248.0
0.0,-14.0,6.0,248.0
2.0,-14.0,6.0,248.0
4.0,-14.0,6.0,248.0
6.0,-14.0,6.0,248.0
8.0,-14.0,6.0,248.0
10.0,-14.0,6.0,111.0
12.0,-14.0,6.0,111.0
14.0,-14.0,6.0,111.0
16.0,-14.0,6.0,111.0
18.0,-14.0,6.0,111.0
20.0,-14.0,6.0,111.0
26.0,-14.0,6.0,111.0
28.0,-14.0,6.0,124.0
30.0,-14.0,6.0,124.0
34.0,-14.0,6.0,124.0
36.0,-14.0,6.0,28.0
38.0,-14.0,6.0,28.0
40.0,-14.0,6.0,28.0
44.0,-14.0,6.0,28.0
46.0,-14.0,6.0,28.0
48.0,-14.0,6.0,329.0
50.0,-14.0,6.0,329.0
52.0,-14.0,6.0,329.0
54.0,-14.0,6.0,329.0
56.0,-14.0,6.0,329.0
58.0,-14.0,6.0,329.0
60.0,-14.0,6.0,329.0
62.0,-14.0,6.0,460.0
64.0,-14.0,6.0,319.0
66.0,-14.0,6.0,319.0
-68.0,-12.0,6.0,194.0
-66.0,-12.0,6.0,66.0
-64.0,-12.0,6.0,66.0
-62.0,-12.0,6.0,354.0
-60.0,-12.0,6.0,354.0
-58.0,-12.0,6.0,354.0
-56.0,-12.0,6.0,354.0
-54.0,-12.0,6.0,354.0
-52.0,-12.0,6.0,354.0
-50.0,-12.0,6.0,354.0
-48.0,-12.0,6.0,166.0
-46.0,-12.0,6.0,166.0
-42.0,-12.0,6.0,179.0
-40.0,-12.0,6.0,179.0
-38.0,-12.0,6.0,179.0
-36.0,-12.0,6.0,179.0
-32.0,-12.0,6.0,179.0
-30.0,-12.0,6.0,179.0
-28.0,-12.0,6.0,577.0
-22.0,-12.0,6.0,257.0
-20.0,-12.0,6.0,257.0
-18.0,-12.0,6.0,443.0
-16.0,-12.0,6.0,443.0
-14.0,-12.0,6.0,443.0
-12.0,-12.0,6.0,443.0
-10.0,-12.0,6.0,443.0
-8.0,-12.0,6.0,443.0
-6.0,-12.0,6.0,443.0
-4.0,-12.0,6.0,443.0
-2.0,-12.0,6.0,248.0
0.0,-12.0,6.0,248.0
2.0,-12.0,6.0,248.0
4.0,-12.0,6.0,248.0
6.0,-12.0,6.0,248.0
8.0,-12.0,6.0,248.0
10.0,-12.0,6.0,111.0
12.0,-12.0,6.0,111.0
14.0,-12.0,6.0,111.0
16.0,-12.0,6.0,111.0
18.0,-12.0,6.0,111.0
26.0,-12.0,6.0,124.0
28.0,-12.0,6.0,124.0
30.0,-12.0,6.0,124.0
34.0,-12.0,6.0,124.0
36.0,-12.0,6.0,124.0
38.0,-12.0,6.0,28.0
40.0,-12.0,6.0,28.0
46.0,-12.0,6.0,329.0
48.0,-12.0,6.0,329.0
52.0,-12.0,6.0,329.0
54.0,-12.0,6.0,329.0
56.0,-12.0,6.0,329.0
58.0,-12.0,6.0,329.0
60.0,-12.0,6.0,329.0
62.0,-12.0,6.0,70.0
64.0,-12.0,6.0,319.0
66.0,-12.0,6.0,319.0
-68.0,-10.0,6.0,194.0
-66.0,-10.0,6.0,354.0
-64.0,-10.0,6.0,354.0
-62.0,-10.0,6.0,354.0
-60.0,-10.0,6.0,354.0
-58.0,-10.0,6.0,354.0
-56.0,-10.0,6.0,354.0
-54.0,-10.0,6.0,354.0
-52.0,-10.0,6.0,354.0
-50.0,-10.0,6.0,94.0
-48.0,-10.0,6.0,166.0
-42.0,-10.0,6.0,179.0
-40.0,-10.0,6.0,179.0
-38.0,-10.0,6.0,179.0
-36.0,-10.0,6.0,179.0
-32.0,-10.0,6.0,179.0
-30.0,-10.0,6.0,223.0
-28.0,-10.0,6.0,223.0
-20.0,-10.0,6.0,257.0
-18.0,-10.0,6.0,443.0
-16.0,-10.0,6.0,443.0
-14.0,-10.0,6.0,443.0
-12.0,-10.0,6.0,443.0
-10.0,-10.0,6.0,443.0
-8.0,-10.0,6.0,443.0
-6.0,-10.0,6.0,443.0
-4.0,-10.0,6.0,443.0
-2.0,-10.0,6.0,248.0
0.0,-10.0,6.0,248.0
2.0,-10.0,6.0,248.0
4.0,-10.0,6.0,248.0
6.0,-10.0,6.0,248.0
8.0,-10.0,6.0,248.0
10.0,-10.0,6.0,111.0
12.0,-10.0,6.0,111.0
14.0,-10.0,6.0,111.0
16.0,-10.0,6.0,111.0
24.0,-10.0,6.0,124.0
26.0,-10.0,6.0,124.0
28.0,-10.0,6.0,124.0
30.0,-10.0,6.0,124.0
34.0,-10.0,6.0,124.0
36.0,-10.0,6.0,124.0
38.0,-10.0,6.0,28.0
40.0,-10.0,6.0,28.0
44.0,-10.0,6.0,28.0
46.0,-10.0,6.0,329.0
48.0,-10.0,6.0,329.0
52.0,-10.0,6.0,329.0
54.0,-10.0,6.0,329.0
56.0,-10.0,6.0,329.0
58.0,-10.0,6.0,329.0
60.0,-10.0,6.0,329.0
62.0,-10.0,6.0,209.0
-68.0,-8.0,6.0,194.0
-66.0,-8.0,6.0,354.0
-64.0,-8.0,6.0,354.0
-62.0,-8.0,6.0,354.0
-60.0,-8.0,6.0,354.0
-58.0,-8.0,6.0,354.0
-50.0,-8.0,6.0,347.0
-48.0,-8.0,6.0,347.0
-44.0,-8.0,6.0,179.0
-42.0,-8.0,6.0,179.0
-40.0,-8.0,6.0,179.0
-38.0,-8.0,6.0,179.0
-36.0,-8.0,6.0,179.0
-32.0,-8.0,6.0,223.0
-30.0,-8.0,6.0,223.0
-28.0,-8.0,6.0,223.0
-26.0,-8.0,6.0,434.0
-18.0,-8.0,6.0,443.0
-16.0,-8.0,6.0,443.0
-14.0,-8.0,6.0,443.0
-12.0,-8.0,6.0,443.0
-10.0,-8.0,6.0,443.0
-8.0,-8.0,6.0,443.0
-6.0,-8.0,6.0,443.0
-4.0,-8.0,6.0,443.0
-2.0,-8.0,6.0,248.0
0.0,-8.0,6.0,248.0
2.0,-8.0,6.0,248.0
4.0,-8.0,6.0,248.0
6.0,-8.0,6.0,248.0
8.0,-8.0,6.0,248.0
10.0,-8.0,6.0,248.0
12.0,-8.0,6.0,111.0
14.0,-8.0,6.0,111.0
16.0,-8.0,6.0,111.0
24.0,-8.0,6.0,124.0
26.0,-8.0,6.0,124.0
28.0,-8.0,6.0,124.0
30.0,-8.0,6.0,124.0
32.0,-8.0,6.0,124.0
34.0,-8.0,6.0,124.0
36.0,-8.0,6.0,124.0
38.0,-8.0,6.0,355.0
40.0,-8.0,6.0,355.0
44.0,-8.0,6.0,329.0
46.0,-8.0,6.0,329.0
48.0,-8.0,6.0,329.0
50.0,-8.0,6.0,329.0
54.0,-8.0,6.0,329.0
56.0,-8.0,6.0,329.0
58.0,-8.0,6.0,209.0
60.0,-8.0,6.0,209.0
-66.0,-6.0,6.0,354.0
-64.0,-6.0,6.0,354.0
-62.0,-6.0,6.0,354.0
-60.0,-6.0,6.0,354.0
-54.0,-6.0,6.0,544.0
-52.0,-6.0,6.0,347.0
-50.0,-6.0,6.0,347.0
-48.0,-6.0,6.0,347.0
-46.0,-6.0,6.0,347.0
-44.0,-6.0,6.0,179.0
-42.0,-6.0,6.0,179.0
-40.0,-6.0,6.0,179.0
-38.0,-6.0,6.0,179.0
-36.0,-6.0,6.0,179.0
-32.0,-6.0,6.0,223.0
-30.0,-6.0,6.0,223.0
-28.0,-6.0,6.0,434.0
-26.0,-6.0,6.0,434.0
-18.0,-6.0,6.0,434.0
-16.0,-6.0,6.0,443.0
-14.0,-6.0,6.0,443.0
-12.0,-6.0,6.0,443.0
-10.0,-6.0,6.0,443.0
-8.0,-6.0,6.0,443.0
-6.0,-6.0,6.0,443.0
-4.0,-6.0,6.0,443.0
-2.0,-6.0,6.0,248.0
0.0,-6.0,6.0,248.0
2.0,-6.0,6.0,248.0
4.0,-6.0,6.0,248.0
6.0,-6.0,6.0,248.0
8.0,-6.0,6.0,248.0
10.0,-6.0,6.0,248.0
12.0,-6.0,6.0,111.0
14.0,-6.0,6.0,111.0
24.0,-6.0,6.0,124.0
26.0,-6.0,6.0,124.0
28.0,-6.0,6.0,124.0
30.0,-6.0,6.0,124.0
32.0,-6.0,6.0,124.0
34.0,-6.0,6.0,124.0
36.0,-6.0,6.0,124.0
38.0,-6.0,6.0,355.0
40.0,-6.0,6.0,355.0
42.0,-6.0,6.0,355.0
44.0,-6.0,6.0,355.0
46.0,-6.0,6.0,329.0
48.0,-6.0,6.0,329.0
50.0,-6.0,6.0,329.0
52.0,-6.0,6.0,329.0
56.0,-6.0,6.0,209.0
58.0,-6.0,6.0,209.0
60.0,-6.0,6.0,209.0
-66.0,-4.0,6.0,354.0
-64.0,-4.0,6.0,354.0
-62.0,-4.0,6.0,354.0
-60.0,-4.0,6.0,544.0
-58.0,-4.0,6.0,544.0
-56.0,-4.0,6.0,544.0
-54.0,-4.0,6.0,544.0
-52.0,-4.0,6.0,347.0
-50.0,-4.0,6.0,347.0
-48.0,-4.0,6.0,347.0
-46.0,-4.0,6.0,347.0
-44.0,-4.0,6.0,347.0
-42.0,-4.0,6.0,179.0
-40.0,-4.0,6.0,179.0
-38.0,-4.0,6.0,274.0
-36.0,-4.0,6.0,223.0
-32.0,-4.0,6.0,223.0
-30.0,-4.0,6.0,223.0
-28.0,-4.0,6.0,434.0
-26.0,-4.0,6.0,434.0
-16.0,-4.0,6.0,434.0
-14.0,-4.0,6.0,443.0
-12.0,-4.0,6.0,443.0
-10.0,-4.0,6.0,443.0
-8.0,-4.0,6.0,443.0
-6.0,-4.0,6.0,443.0
-4.0,-4.0,6.0,443.0
-2.0,-4.0,6.0,248.0
0.0,-4.0,6.0,248.0
2.0,-4.0,6.0,248.0
4.0,-4.0,6.0,248.0
6.0,-4.0,6.0,248.0
8.0,-4.0,6.0,248.0
10.0,-4.0,6.0,248.0
12.0,-4.0,6.0,111.0
22.0,-4.0,6.0,124.0
24.0,-4.0,6.0,124.0
26.0,-4.0,6.0,124.0
28.0,-4.0,6.0,124.0
30.0,-4.0,6.0,124.0
32.0,-4.0,6.0,124.0
36.0,-4.0,6.0,124.0
38.0,-4.0,6.0,355.0
40.0,-4.0,6.0,355.0
42.0,-4.0,6.0,355.0
44.0,-4.0,6.0,355.0
46.0,-4.0,6.0,355.0
48.0,-4.0,6.0,195.0
50.0,-4.0,6.0,195.0
52.0,-4.0,6.0,195.0
54.0,-4.0,6.0,209.0
56.0,-4.0,6.0,209.0
58.0,-4.0,6.0,209.0
60.0,-4.0,6.0,209.0
-66.0,-2.0,6.0,544.0
-64.0,-2.0,6.0,544.0
-62.0,-2.0,6.0,544.0
-60.0,-2.0,6.0,544.0
-58.0,-2.0,6.0,544.0
-56.0,-2.0,6.0,544.0
-54.0,-2.0,6.0,544.0
-52.0,-2.0,6.0,544.0
-50.0,-2.0,6.0,347.0
-48.0,-2.0,6.0,347.0
-46.0,-2.0,6.0,347.0
-44.0,-2.0,6.0,347.0
-42.0,-2.0,6.0,274.0
-40.0,-2.0,6.0,274.0
-38.0,-2.0,6.0,274.0
-36.0,-2.0,6.0,274.0
-32.0,-2.0,6.0,223.0
-30.0,-2.0,6.0,223.0
-28.0,-2.0,6.0,434.0
-26.0,-2.0,6.0,434.0
-24.0,-2.0,6.0,434.0
-14.0,-2.0,6.0,434.0
-12.0,-2.0,6.0,443.0
-10.0,-2.0,6.0,443.0
-8.0,-2.0,6.0,443.0
-6.0,-2.0,6.0,443.0
-4.0,-2.0,6.0,443.0
-2.0,-2.0,6.0,248.0
4.0,-2.0,6.0,248.0
6.0,-2.0,6.0,238.0
8.0,-2.0,6.0,238.0
22.0,-2.0,6.0,124.0
24.0,-2.0,6.0,124.0
26.0,-2.0,6.0,124.0
28.0,-2.0,6.0,124.0
30.0,-2.0,6.0,124.0
32.0,-2.0,6.0,124.0
38.0,-2.0,6.0,328.0
40.0,-2.0,6.0,355.0
42.0,-2.0,6.0,355.0
44.0,-2.0,6.0,355.0
46.0,-2.0,6.0,195.0
48.0,-2.0,6.0,195.0
50.0,-2.0,6.0,195.0
52.0,-2.0,6.0,195.0
54.0,-2.0,6.0,195.0
56.0,-2.0,6.0,209.0
58.0,-2.0,6.0,209.0
-64.0,-0.0,6.0,544.0
-62.0,-0.0,6.0,544.0
-60.0,-0.0,6.0,544.0
-58.0,-0.0,6.0,544.0
-56.0,-0.0,6.0,544.0
-54.0,-0.0,6.0,544.0
-52.0,-0.0,6.0,544.0
-50.0,-0.0,6.0,347.0
-48.0,-0.0,6.0,347.0
-46.0,-0.0,6.0,347.0
-44.0,-0.0,6.0,347.0
-42.0,-0.0,6.0,274.0
-40.0,-0.0,6.0,274.0
-38.0,-0.0,6.0,274.0
-36.0,-0.0,6.0,274.0
-32.0,-0.0,6.0,223.0
-30.0,-0.0,6.0,434.0
-28.0,-0.0,6.0,434.0
-26.0,-0.0,6.0,434.0
-24.0,-0.0,6.0,434.0
-12.0,-0.0,6.0,434.0
-10.0,-0.0,6.0,443.0
-8.0,-0.0,6.0,443.0
-6.0,-0.0,6.0,443.0
-4.0,-0.0,6.0,443.0
22.0,-0.0,6.0,124.0
24.0,-0.0,6.0,124.0
26.0,-0.0,6.0,124.0
28.0,-0.0,6.0,124.0
30.0,-0.0,6.0,124.0
36.0,-0.0,6.0,328.0
38.0,-0.0,6.0,328.0
40.0,-0.0,6.0,328.0
42.0,-0.0,6.0,328.0
44.0,-0.0,6.0,195.0
46.0,-0.0,6.0,195.0
48.0,-0.0,6.0,195.0
50.0,-0.0,6.0,195.0
52.0,-0.0,6.0,195.0
54.0,-0.0,6.0,195.0
56.0,-0.0,6.0,195.0
58.0,-0.0,6.0,209.0
60.0,-0.0,6.0,209.0
62.0,-0.0,6.0,209.0
-64.0,2.0,6.0,544.0
-62.0,2.0,6.0,544.0
-60.0,2.0,6.0,544.0
-58.0,2.0,6.0,544.0
-56.0,2.0,6.0,544.0
-54.0,2.0,6.0,544.0
-52.0,2.0,6.0,544.0
-50.0,2.0,6.0,347.0
-48.0,2.0,6.0,347.0
-46.0,2.0,6.0,347.0
-44.0,2.0,6.0,347.0
-42.0,2.0,6.0,274.0
-40.0,2.0,6.0,274.0
-38.0,2.0,6.0,274.0
-32.0,2.0,6.0,274.0
-30.0,2.0,6.0,434.0
-28.0,2.0,6.0,434.0
-26.0,2.0,6.0,434.0
-24.0,2.0,6.0,434.0
-22.0,2.0,6.0,434.0
-8.0,2.0,6.0,443.0
20.0,2.0,6.0,264.0
22.0,2.0,6.0,124.0
24.0,2.0,6.0,124.0
26.0,2.0,6.0,124.0
28.0,2.0,6.0,124.0
30.0,2.0,6.0,124.0
34.0,2.0,6.0,328.0
36.0,2.0,6.0,328.0
38.0,2.0,6.0,328.0
40.0,2.0,6.0,328.0
42.0,2.0,6.0,328.0
44.0,2.0,6.0,195.0
46.0,2.0,6.0,195.0
48.0,2.0,6.0,195.0
50.0,2.0,6.0,195.0
52.0,2.0,6.0,195.0
54.0,2.0,6.0,195.0
56.0,2.0,6.0,195.0
58.0,2.0,6.0,195.0
60.0,2.0,6.0,195.0
62.0,2.0,6.0,209.0
-64.0,4.0,6.0,544.0
-62.0,4.0,6.0,544.0
-60.0,4.0,6.0,544.0
-58.0,4.0,6.0,544.0
-56.0,4.0,6.0,544.0
-54.0,4.0,6.0,544.0
-52.0,4.0,6.0,544.0
-50.0,4.0,6.0,544.0
-48.0,4.0,6.0,347.0
-46.0,4.0,6.0,347.0
-42.0,4.0,6.0,274.0
-40.0,4.0,6.0,274.0
-38.0,4.0,6.0,274.0
-36.0,4.0,6.0,274.0
-32.0,4.0,6.0,274.0
-30.0,4.0,6.0,434.0
-28.0,4.0,6.0,434.0
-26.0,4.0,6.0,434.0
-24.0,4.0,6.0,434.0
-22.0,4.0,6.0,434.0
8.0,4.0,6.0,238.0
10.0,4.0,6.0,238.0
20.0,4.0,6.0,264.0
22.0,4.0,6.0,264.0
24.0,4.0,6.0,124.0
26.0,4.0,6.0,124.0
28.0,4.0,6.0,124.0
30.0,4.0,6.0,37.0
34.0,4.0,6.0,37.0
36.0,4.0,6.0,328.0
38.0,4.0,6.0,328.0
40.0,4.0,6.0,328.0
42.0,4.0,6.0,328.0
44.0,4.0,6.0,427.0
46.0,4.0,6.0,195.0
48.0,4.0,6.0,195.0
50.0,4.0,6.0,195.0
52.0,4.0,6.0,195.0
54.0,4.0,6.0,195.0
56.0,4.0,6.0,195.0
58.0,4.0,6.0,195.0
60.0,4.0,6.0,195.0
62.0,4.0,6.0,195.0
-64.0,6.0,6.0,544.0
-62.0,6.0,6.0,544.0
-60.0,6.0,6.0,544.0
-58.0,6.0,6.0,544.0
-56.0,6.0,6.0,544.0
-54.0,6.0,6.0,544.0
-52.0,6.0,6.0,544.0
-50.0,6.0,6.0,544.0
-48.0,6.0,6.0,347.0
-46.0,6.0,6.0,347.0
-44.0,6.0,6.0,274.0
-42.0,6.0,6.0,274.0
-40.0,6.0,6.0,274.0
-38.0,6.0,6.0,274.0
-36.0,6.0,6.0,468.0
-34.0,6.0,6.0,468.0
-32.0,6.0,6.0,468.0
-30.0,6.0,6.0,434.0
-28.0,6.0,6.0,434.0
-26.0,6.0,6.0,434.0
-24.0,6.0,6.0,434.0
-22.0,6.0,6.0,434.0
-20.0,6.0,6.0,434.0
-12.0,6.0,6.0,434.0
-10.0,6.0,6.0,434.0
6.0,6.0,6.0,238.0
8.0,6.0,6.0,238.0
10.0,6.0,6.0,238.0
20.0,6.0,6.0,264.0
22.0,6.0,6.0,264.0
24.0,6.0,6.0,264.0
26.0,6.0,6.0,37.0
28.0,6.0,6.0,37.0
30.0,6.0,6.0,37.0
34.0,6.0,6.0,37.0
36.0,6.0,6.0,7.0
38.0,6.0,6.0,7.0
40.0,6.0,6.0,7.0
42.0,6.0,6.0,7.0
44.0,6.0,6.0,427.0
46.0,6.0,6.0,427.0
48.0,6.0,6.0,427.0
50.0,6.0,6.0,195.0
52.0,6.0,6.0,195.0
54.0,6.0,6.0,195.0
56.0,6.0,6.0,195.0
58.0,6.0,6.0,195.0
60.0,6.0,6.0,195.0
62.0,6.0,6.0,195.0
-64.0,8.0,6.0,92.0
-62.0,8.0,6.0,359.0
-60.0,8.0,6.0,359.0
-58.0,8.0,6.0,359.0
-56.0,8.0,6.0,359.0
-54.0,8.0,6.0,359.0
-52.0,8.0,6.0,359.0
-50.0,8.0,6.0,359.0
-48.0,8.0,6.0,34.0
-46.0,8.0,6.0,34.0
-44.0,8.0,6.0,468.0
-42.0,8.0,6.0,468.0
-40.0,8.0,6.0,468.0
-38.0,8.0,6.0,468.0
-36.0,8.0,6.0,468.0
-34.0,8.0,6.0,468.0
-32.0,8.0,6.0,468.0
-30.0,8.0,6.0,468.0
-28.0,8.0,6.0,434.0
-26.0,8.0,6.0,434.0
-24.0,8.0,6.0,434.0
-22.0,8.0,6.0,434.0
-20.0,8.0,6.0,434.0
-12.0,8.0,6.0,582.0
-10.0,8.0,6.0,582.0
-8.0,8.0,6.0,582.0
6.0,8.0,6.0,238.0
8.0,8.0,6.0,238.0
10.0,8.0,6.0,238.0
12.0,8.0,6.0,264.0
18.0,8.0,6.0,264.0
20.0,8.0,6.0,264.0
22.0,8.0,6.0,264.0
24.0,8.0,6.0,264.0
26.0,8.0,6.0,264.0
28.0,8.0,6.0,37.0
34.0,8.0,6.0,7.0
36.0,8.0,6.0,7.0
38.0,8.0,6.0,7.0
40.0,8.0,6.0,7.0
42.0,8.0,6.0,7.0
44.0,8.0,6.0,427.0
46.0,8.0,6.0,427.0
48.0,8.0,6.0,427.0
50.0,8.0,6.0,427.0
52.0,8.0,6.0,195.0
54.0,8.0,6.0,195.0
56.0,8.0,6.0,195.0
58.0,8.0,6.0,195.0
60.0,8.0,6.0,195.0
62.0,8.0,6.0,195.0
-62.0,10.0,6.0,359.0
-60.0,10.0,6.0,359.0
-58.0,10.0,6.0,359.0
-56.0,10.0,6.0,359.0
-54.0,10.0,6.0,359.0
-52.0,10.0,6.0,359.0
-50.0,10.0,6.0,359.0
-48.0,10.0,6.0,359.0
-46.0,10.0,6.0,34.0
-44.0,10.0,6.0,468.0
-42.0,10.0,6.0,468.0
-40.0,10.0,6.0,468.0
-38.0,10.0,6.0,468.0
-36.0,10.0,6.0,468.0
-34.0,10.0,6.0,468.0
-30.0,10.0,6.0,468.0
-28.0,10.0,6.0,468.0
-26.0,10.0,6.0,448.0
-24.0,10.0,6.0,448.0
-22.0,10.0,6.0,448.0
-20.0,10.0,6.0,448.0
-12.0,10.0,6.0,582.0
-10.0,10.0,6.0,582.0
-8.0,10.0,6.0,582.0
-6.0,10.0,6.0,582.0
6.0,10.0,6.0,238.0
8.0,10.0,6.0,238.0
10.0,10.0,6.0,264.0
12.0,10.0,6.0,264.0
14.0,10.0,6.0,264.0
20.0,10.0,6.0,264.0
22.0,10.0,6.0,264.0
24.0,10.0,6.0,264.0
26.0,10.0,6.0,264.0
28.0,10.0,6.0,307.0
32.0,10.0,6.0,307.0
34.0,10.0,6.0,7.0
36.0,10.0,6.0,7.0
38.0,10.0,6.0,7.0
40.0,10.0,6.0,7.0
42.0,10.0,6.0,7.0
44.0,10.0,6.0,427.0
46.0,10.0,6.0,427.0
48.0,10.0,6.0,427.0
50.0,10.0,6.0,427.0
52.0,10.0,6.0,427.0
54.0,10.0,6.0,427.0
56.0,10.0,6.0,195.0
58.0,10.0,6.0,195.0
60.0,10.0,6.0,195.0
-62.0,12.0,6.0,359.0
-60.0,12.0,6.0,359.0
-58.0,12.0,6.0,359.0
-56.0,12.0,6.0,359.0
-54.0,12.0,6.0,359.0
-52.0,12.0,6.0,359.0
-50.0,12.0,6.0,359.0
-48.0,12.0,6.0,359.0
-46.0,12.0,6.0,34.0
-44.0,12.0,6.0,34.0
-42.0,12.0,6.0,468.0
-40.0,12.0,6.0,468.0
-38.0,12.0,6.0,468.0
-36.0,12.0,6.0,468.0
-34.0,12.0,6.0,468.0
-30.0,12.0,6.0,468.0
-28.0,12.0,6.0,448.0
-26.0,12.0,6.0,448.0
-24.0,12.0,6.0,448.0
-22.0,12.0,6.0,448.0
-20.0,12.0,6.0,448.0
-14.0,12.0,6.0,582.0
-12.0,12.0,6.0,582.0
-10.0,12.0,6.0,582.0
-8.0,12.0,6.0,582.0
-6.0,12.0,6.0,582.0
6.0,12.0,6.0,238.0
8.0,12.0,6.0,238.0
10.0,12.0,6.0,264.0
12.0,12.0,6.0,264.0
14.0,12.0,6.0,264.0
16.0,12.0,6.0,264.0
20.0,12.0,6.0,264.0
22.0,12.0,6.0,264.0
24.0,12.0,6.0,264.0
26.0,12.0,6.0,307.0
28.0,12.0,6.0,307.0
32.0,12.0,6.0,307.0
34.0,12.0,6.0,307.0
36.0,12.0,6.0,7.0
38.0,12.0,6.0,7.0
40.0,12.0,6.0,7.0
42.0,12.0,6.0,7.0
44.0,12.0,6.0,7.0
46.0,12.0,6.0,427.0
48.0,12.0,6.0,427.0
50.0,12.0,6.0,427.0
52.0,12.0,6.0,427.0
54.0,12.0,6.0,427.0
56.0,12.0,6.0,427.0
58.0,12.0,6.0,195.0
60.0,12.0,6.0,195.0
-62.0,14.0,6.0,359.0
-60.0,14.0,6.0,359.0
-58.0,14.0,6.0,359.0
-56.0,14.0,6.0,359.0
-54.0,14.0,6.0,359.0
-52.0,14.0,6.0,359.0
-50.0,14.0,6.0,359.0
-48.0,14.0,6.0,359.0
-46.0,14.0,6.0,34.0
-44.0,14.0,6.0,34.0
-42.0,14.0,6.0,468.0
-40.0,14.0,6.0,468.0
-38.0,14.0,6.0,468.0
-36.0,14.0,6.0,468.0
-34.0,14.0,6.0,468.0
-32.0,14.0,6.0,468.0
-28.0,14.0,6.0,448.0
-26.0,14.0,6.0,448.0
-24.0,14.0,6.0,448.0
-22.0,14.0,6.0,448.0
-20.0,14.0,6.0,448.0
-16.0,14.0,6.0,448.0
-14.0,14.0,6.0,582.0
-12.0,14.0,6.0,582.0
-10.0,14.0,6.0,582.0
-8.0,14.0,6.0,582.0
-6.0,14.0,6.0,582.0
6.0,14.0,6.0,238.0
8.0,14.0,6.0,264.0
10.0,14.0,6.0,264.0
12.0,14.0,6.0,264.0
14.0,14.0,6.0,264.0
16.0,14.0,6.0,264.0
20.0,14.0,6.0,264.0
22.0,14.0,6.0,264.0
24.0,14.0,6.0,264.0
26.0,14.0,6.0,307.0
30.0,14.0,6.0,307.0
32.0,14.0,6.0,307.0
34.0,14.0,6.0,307.0
36.0,14.0,6.0,307.0
38.0,14.0,6.0,7.0
40.0,14.0,6.0,7.0
42.0,14.0,6.0,7.0
44.0,14.0,6.0,7.0
46.0,14.0,6.0,427.0
48.0,14.0,6.0,427.0
50.0,14.0,6.0,427.0
52.0,14.0,6.0,427.0
54.0,14.0,6.0,427.0
56.0,14.0,6.0,427.0
58.0,14.0,6.0,427.0
60.0,14.0,6.0,427.0
-60.0,16.0,6.0,359.0
-58.0,16.0,6.0,359.0
-56.0,16.0,6.0,359.0
-54.0,16.0,6.0,359.0
-52.0,16.0,6.0,359.0
-50.0,16.0,6.0,359.0
-48.0,16.0,6.0,359.0
-46.0,16.0,6.0,359.0
-44.0,16.0,6.0,51.0
-42.0,16.0,6.0,51.0
-40.0,16.0,6.0,468.0
-38.0,16.0,6.0,468.0
-36.0,16.0,6.0,468.0
-34.0,16.0,6.0,468.0
-32.0,16.0,6.0,468.0
-28.0,16.0,6.0,448.0
-26.0,16.0,6.0,448.0
-24.0,16.0,6.0,448.0
-22.0,16.0,6.0,448.0
-18.0,16.0,6.0,448.0
-16.0,16.0,6.0,582.0
-14.0,16.0,6.0,582.0
-12.0,16.0,6.0,582.0
-10.0,16.0,6.0,582.0
-8.0,16.0,6.0,582.0
-6.0,16.0,6.0,582.0
6.0,16.0,6.0,238.0
8.0,16.0,6.0,264.0
10.0,16.0,6.0,264.0
12.0,16.0,6.0,264.0
14.0,16.0,6.0,264.0
16.0,16.0,6.0,264.0
18.0,16.0,6.0,264.0
22.0,16.0,6.0,264.0
24.0,16.0,6.0,307.0
30.0,16.0,6.0,307.0
32.0,16.0,6.0,307.0
34.0,16.0,6.0,307.0
36.0,16.0,6.0,307.0
38.0,16.0,6.0,307.0
40.0,16.0,6.0,7.0
42.0,16.0,6.0,7.0
44.0,16.0,6.0,7.0
46.0,16.0,6.0,196.0
48.0,16.0,6.0,196.0
50.0,16.0,6.0,196.0
52.0,16.0,6.0,196.0
54.0,16.0,6.0,196.0
56.0,16.0,6.0,196.0
58.0,16.0,6.0,196.0
60.0,16.0,6.0,196.0
-60.0,18.0,6.0,359.0
-58.0,18.0,6.0,359.0
-56.0,18.0,6.0,359.0
-54.0,18.0,6.0,359.0
-52.0,18.0,6.0,359.0
-50.0,18.0,6.0,359.0
-48.0,18.0,6.0,359.0
-46.0,18.0,6.0,359.0
-44.0,18.0,6.0,51.0
-42.0,18.0,6.0,51.0
-40.0,18.0,6.0,51.0
-38.0,18.0,6.0,468.0
-36.0,18.0,6.0,468.0
-34.0,18.0,6.0,468.0
-32.0,18.0,6.0,468.0
-30.0,18.0,6.0,448.0
-26.0,18.0,6.0,448.0
-24.0,18.0,6.0,448.0
-22.0,18.0,6.0,448.0
-18.0,18.0,6.0,448.0
-16.0,18.0,6.0,582.0
-14.0,18.0,6.0,582.0
-12.0,18.0,6.0,582.0
-10.0,18.0,6.0,582.0
-8.0,18.0,6.0,582.0
6.0,18.0,6.0,264.0
8.0,18.0,6.0,264.0
10.0,18.0,6.0,264.0
12.0,18.0,6.0,264.0
14.0,18.0,6.0,264.0
16.0,18.0,6.0,264.0
18.0,18.0,6.0,264.0
30.0,18.0,6.0,307.0
32.0,18.0,6.0,307.0
34.0,18.0,6.0,307.0
36.0,18.0,6.0,307.0
38.0,18.0,6.0,307.0
40.0,18.0,6.0,540.0
42.0,18.0,6.0,540.0
44.0,18.0,6.0,540.0
46.0,18.0,6.0,196.0
48.0,18.0,6.0,196.0
50.0,18.0,6.0,196.0
52.0,18.0,6.0,196.0
54.0,18.0,6.0,196.0
56.0,18.0,6.0,196.0
58.0,18.0,6.0,196.0
-60.0,20.0,6.0,359.0
-58.0,20.0,6.0,359.0
-56.0,20.0,6.0,359.0
-54.0,20.0,6.0,359.0
-52.0,20.0,6.0,359.0
-50.0,20.0,6.0,359.0
-48.0,20.0,6.0,359.0
-46.0,20.0,6.0,51.0
-44.0,20.0,6.0,51.0
-42.0,20.0,6.0,51.0
-40.0,20.0,6.0,51.0
-38.0,20.0,6.0,51.0
-36.0,20.0,6.0,468.0
-34.0,20.0,6.0,468.0
-32.0,20.0,6.0,448.0
-30.0,20.0,6.0,448.0
-20.0,20.0,6.0,448.0
-18.0,20.0,6.0,582.0
-16.0,20.0,6.0,582.0
-14.0,20.0,6.0,582.0
-12.0,20.0,6.0,582.0
-10.0,20.0,6.0,582.0
-8.0,20.0,6.0,582.0
6.0,20.0,6.0,121.0
8.0,20.0,6.0,264.0
10.0,20.0,6.0,264.0
12.0,20.0,6.0,264.0
14.0,20.0,6.0,264.0
16.0,20.0,6.0,264.0
18.0,20.0,6.0,264.0
20.0,20.0,6.0,264.0
30.0,20.0,6.0,307.0
32.0,20.0,6.0,307.0
34.0,20.0,6.0,307.0
36.0,20.0,6.0,307.0
38.0,20.0,6.0,307.0
40.0,20.0,6.0,540.0
42.0,20.0,6.0,540.0
44.0,20.0,6.0,540.0
46.0,20.0,6.0,196.0
48.0,20.0,6.0,196.0
50.0,20.0,6.0,196.0
52.0,20.0,6.0,196.0
54.0,20.0,6.0,196.0
56.0,20.0,6.0,196.0
58.0,20.0,6.0,196.0
-60.0,22.0,6.0,151.0
-58.0,22.0,6.0,151.0
-56.0,22.0,6.0,151.0
-54.0,22.0,6.0,151.0
-52.0,22.0,6.0,151.0
-50.0,22.0,6.0,151.0
-48.0,22.0,6.0,442.0
-46.0,22.0,6.0,442.0
-44.0,22.0,6.0,442.0
-42.0,22.0,6.0,442.0
-40.0,22.0,6.0,442.0
-38.0,22.0,6.0,442.0
-36.0,22.0,6.0,442.0
-34.0,22.0,6.0,442.0
-32.0,22.0,6.0,448.0
-30.0,22.0,6.0,448.0
-22.0,22.0,6.0,448.0
-20.0,22.0,6.0,448.0
-18.0,22.0,6.0,582.0
-16.0,22.0,6.0,582.0
-14.0,22.0,6.0,582.0
-12.0,22.0,6.0,582.0
-10.0,22.0,6.0,582.0
-8.0,22.0,6.0,582.0
8.0,22.0,6.0,121.0
10.0,22.0,6.0,264.0
12.0,22.0,6.0,264.0
14.0,22.0,6.0,264.0
16.0,22.0,6.0,264.0
18.0,22.0,6.0,264.0
20.0,22.0,6.0,264.0
30.0,22.0,6.0,307.0
32.0,22.0,6.0,307.0
34.0,22.0,6.0,307.0
36.0,22.0,6.0,307.0
38.0,22.0,6.0,307.0
40.0,22.0,6.0,540.0
42.0,22.0,6.0,540.0
44.0,22.0,6.0,540.0
46.0,22.0,6.0,196.0
48.0,22.0,6.0,196.0
50.0,22.0,6.0,196.0
52.0,22.0,6.0,196.0
54.0,22.0,6.0,196.0
56.0,22.0,6.0,196.0
58.0,22.0,6.0,196.0
-58.0,24.0,6.0,151.0
-56.0,24.0,6.0,151.0
-54.0,24.0,6.0,151.0
-52.0,24.0,6.0,151.0
-50.0,24.0,6.0,151.0
-48.0,24.0,6.0,442.0
-46.0,24.0,6.0,442.0
-44.0,24.0,6.0,442.0
-42.0,24.0,6.0,442.0
-40.0,24.0,6.0,442.0
-38.0,24.0,6.0,442.0
-36.0,24.0,6.0,442.0
-34.0,24.0,6.0,442.0
-32.0,24.0,6.0,442.0
-30.0,24.0,6.0,448.0
-22.0,24.0,6.0,448.0
-20.0,24.0,6.0,582.0
-18.0,24.0,6.0,582.0
-16.0,24.0,6.0,582.0
-14.0,24.0,6.0,582.0
-12.0,24.0,6.0,582.0
-10.0,24.0,6.0,582.0
12.0,24.0,6.0,121.0
14.0,24.0,6.0,264.0
16.0,24.0,6.0,264.0
18.0,24.0,6.0,264.0
20.0,24.0,6.0,307.0
28.0,24.0,6.0,307.0
30.0,24.0,6.0,307.0
32.0,24.0,6.0,307.0
34.0,24.0,6.0,307.0
36.0,24.0,6.0,307.0
38.0,24.0,6.0,307.0
40.0,24.0,6.0,540.0
42.0,24.0,6.0,540.0
44.0,24.0,6.0,540.0
46.0,24.0,6.0,540.0
48.0,24.0,6.0,196.0
50.0,24.0,6.0,196.0
52.0,24.0,6.0,196.0
54.0,24.0,6.0,196.0
56.0,24.0,6.0,196.0
58.0,24.0,6.0,196.0
-58.0,26.0,6.0,151.0
-56.0,26.0,6.0,151.0
-54.0,26.0,6.0,151.0
-52.0,26.0,6.0,151.0
-50.0,26.0,6.0,442.0
-48.0,26.0,6.0,442.0
-46.0,26.0,6.0,442.0
-44.0,26.0,6.0,442.0
-42.0,26.0,6.0,442.0
-40.0,26.0,6.0,442.0
-38.0,26.0,6.0,442.0
-36.0,26.0,6.0,442.0
-34.0,26.0,6.0,442.0
-32.0,26.0,6.0,442.0
-30.0,26.0,6.0,448.0
-20.0,26.0,6.0,582.0
-18.0,26.0,6.0,582.0
-16.0,26.0,6.0,582.0
-14.0,26.0,6.0,582.0
16.0,26.0,6.0,121.0
18.0,26.0,6.0,264.0
28.0,26.0,6.0,307.0
30.0,26.0,6.0,307.0
32.0,26.0,6.0,307.0
34.0,26.0,6.0,307.0
36.0,26.0,6.0,307.0
38.0,26.0,6.0,307.0
40.0,26.0,6.0,540.0
42.0,26.0,6.0,540.0
44.0,26.0,6.0,540.0
46.0,26.0,6.0,540.0
48.0,26.0,6.0,196.0
50.0,26.0,6.0,196.0
52.0,26.0,6.0,196.0
54.0,26.0,6.0,196.0
56.0,26.0,6.0,196.0
58.0,26.0,6.0,196.0
-58.0,28.0,6.0,151.0
-56.0,28.0,6.0,151.0
-54.0,28.0,6.0,151.0
-52.0,28.0,6.0,442.0
-50.0,28.0,6.0,442.0
-48.0,28.0,6.0,442.0
-46.0,28.0,6.0,442.0
-44.0,28.0,6.0,442.0
-42.0,28.0,6.0,442.0
-40.0,28.0,6.0,442.0
-38.0,28.0,6.0,442.0
-36.0,28.0,6.0,442.0
-34.0,28.0,6.0,442.0
-32.0,28.0,6.0,442.0
-30.0,28.0,6.0,442.0
28.0,28.0,6.0,307.0
30.0,28.0,6.0,307.0
32.0,28.0,6.0,307.0
34.0,28.0,6.0,307.0
36.0,28.0,6.0,307.0
38.0,28.0,6.0,307.0
40.0,28.0,6.0,540.0
42.0,28.0,6.0,540.0
44.0,28.0,6.0,171.0
46.0,28.0,6.0,171.0
48.0,28.0,6.0,171.0
50.0,28.0,6.0,171.0
52.0,28.0,6.0,171.0
54.0,28.0,6.0,171.0
56.0,28.0,6.0,72.0
58.0,28.0,6.0,72.0
-58.0,30.0,6.0,141.0
-56.0,30.0,6.0,141.0
-54.0,30.0,6.0,141.0
-52.0,30.0,6.0,442.0
-50.0,30.0,6.0,442.0
-48.0,30.0,6.0,442.0
-46.0,30.0,6.0,442.0
-44.0,30.0,6.0,442.0
-42.0,30.0,6.0,442.0
-40.0,30.0,6.0,442.0
-38.0,30.0,6.0,442.0
-36.0,30.0,6.0,442.0
-34.0,30.0,6.0,442.0
-32.0,30.0,6.0,442.0
-30.0,30.0,6.0,442.0
30.0,30.0,6.0,307.0
32.0,30.0,6.0,307.0
36.0,30.0,6.0,307.0
38.0,30.0,6.0,307.0
40.0,30.0,6.0,171.0
42.0,30.0,6.0,171.0
44.0,30.0,6.0,171.0
46.0,30.0,6.0,171.0
48.0,30.0,6.0,171.0
50.0,30.0,6.0,171.0
52.0,30.0,6.0,72.0
54.0,30.0,6.0,72.0
56.0,30.0,6.0,72.0
-58.0,32.0,6.0,141.0
-56.0,32.0,6.0,141.0
-54.0,32.0,6.0,141.0
-52.0,32.0,6.0,141.0
-50.0,32.0,6.0,442.0
-48.0,32.0,6.0,442.0
-46.0,32.0,6.0,442.0
-44.0,32.0,6.0,442.0
-42.0,32.0,6.0,442.0
-40.0,32.0,6.0,442.0
-38.0,32.0,6.0,49.0
-34.0,32.0,6.0,49.0
-32.0,32.0,6.0,49.0
-30.0,32.0,6.0,49.0
38.0,32.0,6.0,171.0
40.0,32.0,6.0,171.0
42.0,32.0,6.0,171.0
44.0,32.0,6.0,171.0
46.0,32.0,6.0,171.0
48.0,32.0,6.0,72.0
50.0,32.0,6.0,72.0
52.0,32.0,6.0,72.0
54.0,32.0,6.0,72.0
56.0,32.0,6.0,72.0
-58.0,34.0,6.0,141.0
-56.0,34.0,6.0,141.0
-54.0,34.0,6.0,141.0
-52.0,34.0,6.0,141.0
-50.0,34.0,6.0,141.0
-48.0,34.0,6.0,49.0
-46.0,34.0,6.0,49.0
-44.0,34.0,6.0,49.0
-42.0,34.0,6.0,49.0
-40.0,34.0,6.0,49.0
-38.0,34.0,6.0,49.0
46.0,34.0,6.0,72.0
48.0,34.0,6.0,72.0
50.0,34.0,6.0,72.0
52.0,34.0,6.0,72.0
54.0,34.0,6.0,72.0
56.0,34.0,6.0,72.0
-56.0,36.0,6.0,141.0
-54.0,36.0,6.0,141.0
-52.0,36.0,6.0,141.0
-50.0,36.0,6.0,49.0
-48.0,36.0,6.0,49.0
-46.0,36.0,6.0,49.0
-44.0,36.0,6.0,49.0
-6.0,36.0,6.0,102.0
-4.0,36.0,6.0,102.0
-2.0,36.0,6.0,102.0
2.0,36.0,6.0,91.0
4.0,36.0,6.0,91.0
44.0,36.0,6.0,72.0
46.0,36.0,6.0,72.0
48.0,36.0,6.0,72.0
50.0,36.0,6.0,72.0
52.0,36.0,6.0,72.0
54.0,36.0,6.0,72.0
-56.0,38.0,6.0,141.0
-54.0,38.0,6.0,141.0
-52.0,38.0,6.0,141.0
-50.0,38.0,6.0,49.0
-48.0,38.0,6.0,49.0
-46.0,38.0,6.0,49.0
-44.0,38.0,6.0,49.0
-42.0,38.0,6.0,49.0
-8.0,38.0,6.0,102.0
-6.0,38.0,6.0,102.0
-4.0,38.0,6.0,102.0
-2.0,38.0,6.0,102.0
0.0,38.0,6.0,91.0
2.0,38.0,6.0,91.0
4.0,38.0,6.0,91.0
6.0,38.0,6.0,91.0
42.0,38.0,6.0,72.0
44.0,38.0,6.0,72.0
46.0,38.0,6.0,72.0
48.0,38.0,6.0,72.0
50.0,38.0,6.0,72.0
52.0,38.0,6.0,72.0
54.0,38.0,6.0,72.0
-54.0,40.0,6.0,141.0
-52.0,40.0,6.0,141.0
-50.0,40.0,6.0,49.0
-48.0,40.0,6.0,49.0
-46.0,40.0,6.0,49.0
-44.0,40.0,6.0,49.0
-42.0,40.0,6.0,49.0
-40.0,40.0,6.0,49.0
-8.0,40.0,6.0,102.0
-6.0,40.0,6.0,102.0
-4.0,40.0,6.0,102.0
-2.0,40.0,6.0,102.0
0.0,40.0,6.0,91.0
2.0,40.0,6.0,91.0
4.0,40.0,6.0,91.0
6.0,40.0,6.0,91.0
42.0,40.0,6.0,72.0
44.0,40.0,6.0,72.0
46.0,40.0,6.0,72.0
48.0,40.0,6.0,72.0
50.0,40.0,6.0,72.0
52.0,40.0,6.0,72.0
-54.0,42.0,6.0,141.0
-52.0,42.0,6.0,49.0
-50.0,42.0,6.0,49.0
-48.0,42.0,6.0,49.0
-46.0,42.0,6.0,49.0
-44.0,42.0,6.0,49.0
-42.0,42.0,6.0,49.0
-40.0,42.0,6.0,49.0
-38.0,42.0,6.0,49.0
-12.0,42.0,6.0,407.0
-10.0,42.0,6.0,407.0
-8.0,42.0,6.0,407.0
-6.0,42.0,6.0,102.0
-4.0,42.0,6.0,102.0
-2.0,42.0,6.0,91.0
0.0,42.0,6.0,91.0
2.0,42.0,6.0,91.0
4.0,42.0,6.0,91.0
6.0,42.0,6.0,91.0
8.0,42.0,6.0,91.0
10.0,42.0,6.0,91.0
12.0,42.0,6.0,91.0
42.0,42.0,6.0,518.0
44.0,42.0,6.0,72.0
46.0,42.0,6.0,72.0
48.0,42.0,6.0,72.0
50.0,42.0,6.0,72.0
52.0,42.0,6.0,72.0
-52.0,44.0,6.0,49.0
-50.0,44.0,6.0,49.0
-48.0,44.0,6.0,49.0
-46.0,44.0,6.0,49.0
-44.0,44.0,6.0,49.0
-42.0,44.0,6.0,49.0
-40.0,44.0,6.0,49.0
-38.0,44.0,6.0,49.0
-36.0,44.0,6.0,49.0
-14.0,44.0,6.0,407.0
-12.0,44.0,6.0,407.0
-10.0,44.0,6.0,407.0
-8.0,44.0,6.0,407.0
-6.0,44.0,6.0,407.0
-4.0,44.0,6.0,407.0
-2.0,44.0,6.0,91.0
0.0,44.0,6.0,91.0
2.0,44.0,6.0,91.0
4.0,44.0,6.0,91.0
6.0,44.0,6.0,91.0
8.0,44.0,6.0,91.0
10.0,44.0,6.0,91.0
12.0,44.0,6.0,91.0
42.0,44.0,6.0,518.0
44.0,44.0,6.0,518.0
46.0,44.0,6.0,72.0
48.0,44.0,6.0,72.0
50.0,44.0,6.0,72.0
-52.0,46.0,6.0,49.0
-50.0,46.0,6.0,49.0
-48.0,46.0,6.0,49.0
-46.0,46.0,6.0,49.0
-44.0,46.0,6.0,49.0
-42.0,46.0,6.0,49.0
-40.0,46.0,6.0,49.0
-38.0,46.0,6.0,49.0
-36.0,46.0,6.0,49.0
-16.0,46.0,6.0,407.0
-14.0,46.0,6.0,407.0
-12.0,46.0,6.0,407.0
-10.0,46.0,6.0,407.0
-8.0,46.0,6.0,407.0
-6.0,46.0,6.0,407.0
-4.0,46.0,6.0,407.0
-2.0,46.0,6.0,407.0
0.0,46.0,6.0,91.0
2.0,46.0,6.0,91.0
4.0,46.0,6.0,91.0
6.0,46.0,6.0,91.0
8.0,46.0,6.0,91.0
10.0,46.0,6.0,91.0
12.0,46.0,6.0,91.0
14.0,46.0,6.0,91.0
40.0,46.0,6.0,518.0
42.0,46.0,6.0,339.0
44.0,46.0,6.0,339.0
46.0,46.0,6.0,339.0
48.0,46.0,6.0,339.0
50.0,46.0,6.0,72.0
-50.0,48.0,6.0,49.0
-48.0,48.0,6.0,49.0
-46.0,48.0,6.0,49.0
-44.0,48.0,6.0,49.0
-42.0,48.0,6.0,49.0
-40.0,48.0,6.0,49.0
-38.0,48.0,6.0,62.0
-36.0,48.0,6.0,62.0
-16.0,48.0,6.0,407.0
-14.0,48.0,6.0,407.0
-12.0,48.0,6.0,407.0
-10.0,48.0,6.0,407.0
-8.0,48.0,6.0,407.0
-6.0,48.0,6.0,407.0
-4.0,48.0,6.0,407.0
-2.0,48.0,6.0,407.0
0.0,48.0,6.0,91.0
2.0,48.0,6.0,91.0
4.0,48.0,6.0,91.0
6.0,48.0,6.0,91.0
8.0,48.0,6.0,91.0
10.0,48.0,6.0,91.0
12.0,48.0,6.0,91.0
14.0,48.0,6.0,91.0
40.0,48.0,6.0,365.0
42.0,48.0,6.0,339.0
44.0,48.0,6.0,339.0
46.0,48.0,6.0,339.0
48.0,48.0,6.0,339.0
-50.0,50.0,6.0,300.0
-48.0,50.0,6.0,300.0
-46.0,50.0,6.0,300.0
-44.0,50.0,6.0,300.0
-42.0,50.0,6.0,300.0
-40.0,50.0,6.0,300.0
-38.0,50.0,6.0,62.0
-36.0,50.0,6.0,62.0
-14.0,50.0,6.0,407.0
-12.0,50.0,6.0,407.0
-10.0,50.0,6.0,407.0
-8.0,50.0,6.0,407.0
-6.0,50.0,6.0,407.0
-4.0,50.0,6.0,407.0
-2.0,50.0,6.0,407.0
0.0,50.0,6.0,407.0
2.0,50.0,6.0,91.0
4.0,50.0,6.0,91.0
6.0,50.0,6.0,86.0
8.0,50.0,6.0,86.0
10.0,50.0,6.0,86.0
12.0,50.0,6.0,86.0
14.0,50.0,6.0,86.0
28.0,50.0,6.0,365.0
40.0,50.0,6.0,365.0
42.0,50.0,6.0,339.0
44.0,50.0,6.0,339.0
46.0,50.0,6.0,339.0
48.0,50.0,6.0,339.0
-48.0,52.0,6.0,300.0
-46.0,52.0,6.0,300.0
-44.0,52.0,6.0,300.0
-42.0,52.0,6.0,300.0
-40.0,52.0,6.0,300.0
-38.0,52.0,6.0,300.0
-32.0,52.0,6.0,262.0
-30.0,52.0,6.0,262.0
-28.0,52.0,6.0,262.0
-26.0,52.0,6.0,262.0
-24.0,52.0,6.0,262.0
-14.0,52.0,6.0,407.0
-12.0,52.0,6.0,407.0
-10.0,52.0,6.0,407.0
-8.0,52.0,6.0,407.0
-6.0,52.0,6.0,407.0
-4.0,52.0,6.0,407.0
-2.0,52.0,6.0,407.0
0.0,52.0,6.0,407.0
2.0,52.0,6.0,86.0
4.0,52.0,6.0,86.0
6.0,52.0,6.0,86.0
8.0,52.0,6.0,86.0
10.0,52.0,6.0,86.0
12.0,52.0,6.0,86.0
14.0,52.0,6.0,142.0
24.0,52.0,6.0,142.0
26.0,52.0,6.0,142.0
28.0,52.0,6.0,142.0
30.0,52.0,6.0,365.0
40.0,52.0,6.0,365.0
42.0,52.0,6.0,339.0
44.0,52.0,6.0,339.0
46.0,52.0,6.0,339.0
-46.0,54.0,6.0,300.0
-44.0,54.0,6.0,300.0
-42.0,54.0,6.0,300.0
-40.0,54.0,6.0,300.0
-38.0,54.0,6.0,300.0
-36.0,54.0,6.0,262.0
-34.0,54.0,6.0,262.0
-32.0,54.0,6.0,262.0
-30.0,54.0,6.0,262.0
-28.0,54.0,6.0,262.0
-26.0,54.0,6.0,262.0
-24.0,54.0,6.0,262.0
-14.0,54.0,6.0,407.0
-12.0,54.0,6.0,407.0
-10.0,54.0,6.0,407.0
-8.0,54.0,6.0,407.0
-6.0,54.0,6.0,407.0
-4.0,54.0,6.0,407.0
-2.0,54.0,6.0,407.0
0.0,54.0,6.0,407.0
2.0,54.0,6.0,86.0
4.0,54.0,6.0,86.0
6.0,54.0,6.0,86.0
8.0,54.0,6.0,86.0
10.0,54.0,6.0,86.0
12.0,54.0,6.0,86.0
24.0,54.0,6.0,142.0
26.0,54.0,6.0,142.0
28.0,54.0,6.0,142.0
30.0,54.0,6.0,365.0
40.0,54.0,6.0,365.0
42.0,54.0,6.0,365.0
44.0,54.0,6.0,339.0
-46.0,56.0,6.0,300.0
-44.0,56.0,6.0,300.0
-42.0,56.0,6.0,300.0
-40.0,56.0,6.0,300.0
-38.0,56.0,6.0,262.0
-36.0,56.0,6.0,262.0
-34.0,56.0,6.0,262.0
-32.0,56.0,6.0,262.0
-30.0,56.0,6.0,262.0
-28.0,56.0,6.0,262.0
-26.0,56.0,6.0,262.0
-24.0,56.0,6.0,262.0
-22.0,56.0,6.0,262.0
-12.0,56.0,6.0,407.0
-10.0,56.0,6.0,407.0
-8.0,56.0,6.0,407.0
-6.0,56.0,6.0,407.0
-4.0,56.0,6.0,407.0
-2.0,56.0,6.0,407.0
0.0,56.0,6.0,407.0
2.0,56.0,6.0,86.0
4.0,56.0,6.0,86.0
6.0,56.0,6.0,86.0
8.0,56.0,6.0,86.0
10.0,56.0,6.0,86.0
12.0,56.0,6.0,142.0
22.0,56.0,6.0,142.0
24.0,56.0,6.0,142.0
26.0,56.0,6.0,142.0
28.0,56.0,6.0,142.0
30.0,56.0,6.0,365.0
36.0,56.0,6.0,365.0
38.0,56.0,6.0,365.0
40.0,56.0,6.0,365.0
42.0,56.0,6.0,365.0
-44.0,58.0,6.0,300.0
-42.0,58.0,6.0,300.0
-40.0,58.0,6.0,300.0
-38.0,58.0,6.0,262.0
-36.0,58.0,6.0,262.0
-34.0,58.0,6.0,262.0
-32.0,58.0,6.0,262.0
-30.0,58.0,6.0,262.0
-28.0,58.0,6.0,262.0
-26.0,58.0,6.0,262.0
-24.0,58.0,6.0,262.0
-22.0,58.0,6.0,262.0
-12.0,58.0,6.0,305.0
-10.0,58.0,6.0,305.0
-8.0,58.0,6.0,407.0
-6.0,58.0,6.0,407.0
-4.0,58.0,6.0,407.0
-2.0,58.0,6.0,407.0
2.0,58.0,6.0,425.0
4.0,58.0,6.0,425.0
6.0,58.0,6.0,425.0
8.0,58.0,6.0,425.0
10.0,58.0,6.0,425.0
12.0,58.0,6.0,142.0
22.0,58.0,6.0,142.0
24.0,58.0,6.0,142.0
26.0,58.0,6.0,142.0
28.0,58.0,6.0,97.0
30.0,58.0,6.0,97.0
32.0,58.0,6.0,365.0
34.0,58.0,6.0,365.0
36.0,58.0,6.0,365.0
38.0,58.0,6.0,365.0
40.0,58.0,6.0,365.0
42.0,58.0,6.0,365.0
-42.0,60.0,6.0,300.0
-40.0,60.0,6.0,262.0
-38.0,60.0,6.0,262.0
-36.0,60.0,6.0,262.0
-34.0,60.0,6.0,262.0
-32.0,60.0,6.0,262.0
-30.0,60.0,6.0,262.0
-28.0,60.0,6.0,262.0
-26.0,60.0,6.0,262.0
-24.0,60.0,6.0,262.0
-22.0,60.0,6.0,262.0
-12.0,60.0,6.0,305.0
-10.0,60.0,6.0,305.0
-8.0,60.0,6.0,305.0
-6.0,60.0,6.0,305.0
-4.0,60.0,6.0,305.0
-2.0,60.0,6.0,425.0
2.0,60.0,6.0,425.0
4.0,60.0,6.0,425.0
6.0,60.0,6.0,425.0
8.0,60.0,6.0,425.0
10.0,60.0,6.0,425.0
12.0,60.0,6.0,425.0
22.0,60.0,6.0,142.0
24.0,60.0,6.0,142.0
26.0,60.0,6.0,97.0
28.0,60.0,6.0,97.0
30.0,60.0,6.0,97.0
32.0,60.0,6.0,97.0
34.0,60.0,6.0,365.0
36.0,60.0,6.0,365.0
38.0,60.0,6.0,365.0
40.0,60.0,6.0,365.0
-40.0,62.0,6.0,262.0
-38.0,62.0,6.0,262.0
-36.0,62.0,6.0,262.0
-34.0,62.0,6.0,262.0
-32.0,62.0,6.0,262.0
-30.0,62.0,6.0,262.0
-28.0,62.0,6.0,262.0
-26.0,62.0,6.0,262.0
-24.0,62.0,6.0,262.0
-22.0,62.0,6.0,305.0
-20.0,62.0,6.0,305.0
-10.0,62.0,6.0,305.0
-8.0,62.0,6.0,305.0
-6.0,62.0,6.0,305.0
-4.0,62.0,6.0,305.0
-2.0,62.0,6.0,305.0
4.0,62.0,6.0,425.0
6.0,62.0,6.0,425.0
8.0,62.0,6.0,425.0
10.0,62.0,6.0,251.0
12.0,62.0,6.0,345.0
22.0,62.0,6.0,97.0
24.0,62.0,6.0,97.0
26.0,62.0,6.0,97.0
28.0,62.0,6.0,97.0
30.0,62.0,6.0,97.0
32.0,62.0,6.0,97.0
34.0,62.0,6.0,97.0
36.0,62.0,6.0,97.0
38.0,62.0,6.0,365.0
-36.0,64.0,6.0,262.0
-34.0,64.0,6.0,262.0
-32.0,64.0,6.0,262.0
-30.0,64.0,6.0,262.0
-28.0,64.0,6.0,262.0
-26.0,64.0,6.0,262.0
-24.0,64.0,6.0,262.0
-22.0,64.0,6.0,305.0
-20.0,64.0,6.0,305.0
-10.0,64.0,6.0,305.0
-8.0,64.0,6.0,305.0
-6.0,64.0,6.0,305.0
-4.0,64.0,6.0,305.0
-2.0,64.0,6.0,305.0
4.0,64.0,6.0,425.0
6.0,64.0,6.0,425.0
8.0,64.0,6.0,251.0
10.0,64.0,6.0,251.0
20.0,64.0,6.0,97.0
22.0,64.0,6.0,97.0
24.0,64.0,6.0,97.0
26.0,64.0,6.0,97.0
28.0,64.0,6.0,97.0
30.0,64.0,6.0,97.0
32.0,64.0,6.0,97.0
34.0,64.0,6.0,97.0
-32.0,66.0,6.0,262.0
-30.0,66.0,6.0,262.0
-28.0,66.0,6.0,262.0
-26.0,66.0,6.0,262.0
-24.0,66.0,6.0,262.0
-22.0,66.0,6.0,305.0
-20.0,66.0,6.0,305.0
-18.0,66.0,6.0,305.0
-16.0,66.0,6.0,305.0
-14.0,66.0,6.0,305.0
-12.0,66.0,6.0,305.0
-10.0,66.0,6.0,305.0
-8.0,66.0,6.0,305.0
-6.0,66.0,6.0,305.0
-4.0,66.0,6.0,305.0
-2.0,66.0,6.0,305.0
4.0,66.0,6.0,251.0
6.0,66.0,6.0,251.0
8.0,66.0,6.0,251.0
10.0,66.0,6.0,345.0
16.0,66.0,6.0,345.0
18.0,66.0,6.0,345.0
20.0,66.0,6.0,97.0
22.0,66.0,6.0,97.0
24.0,66.0,6.0,97.0
26.0,66.0,6.0,97.0
28.0,66.0,6.0,97.0
-28.0,68.0,6.0,262.0
-26.0,68.0,6.0,262.0
-24.0,68.0,6.0,262.0
-22.0,68.0,6.0,305.0
-20.0,68.0,6.0,305.0
-18.0,68.0,6.0,305.0
-16.0,68.0,6.0,305.0
-14.0,68.0,6.0,305.0
-12.0,68.0,6.0,305.0
-10.0,68.0,6.0,305.0
-8.0,68.0,6.0,305.0
-6.0,68.0,6.0,305.0
-4.0,68.0,6.0,305.0
-2.0,68.0,6.0,305.0
4.0,68.0,6.0,251.0
6.0,68.0,6.0,251.0
8.0,68.0,6.0,251.0
10.0,68.0,6.0,345.0
12.0,68.0,6.0,345.0
14.0,68.0,6.0,345.0
16.0,68.0,6.0,345.0
18.0,68.0,6.0,345.0
20.0,68.0,6.0,97.0
22.0,68.0,6.0,97.0
24.0,68.0,6.0,97.0
26.0,68.0,6.0,97.0
-26.0,70.0,6.0,262.0
-24.0,70.0,6.0,305.0
-22.0,70.0,6.0,305.0
-20.0,70.0,6.0,305.0
-18.0,70.0,6.0,305.0
-16.0,70.0,6.0,305.0
-14.0,70.0,6.0,305.0
-12.0,70.0,6.0,305.0
-10.0,70.0,6.0,305.0
-8.0,70.0,6.0,305.0
-6.0,70.0,6.0,305.0
-4.0,70.0,6.0,305.0
-2.0,70.0,6.0,305.0
4.0,70.0,6.0,251.0
6.0,70.0,6.0,251.0
8.0,70.0,6.0,345.0
10.0,70.0,6.0,345.0
12.0,70.0,6.0,345.0
14.0,70.0,6.0,345.0
16.0,70.0,6.0,345.0
18.0,70.0,6.0,345.0
20.0,70.0,6.0,97.0
22.0,70.0,6.0,97.0
-18.0,72.0,6.0,305.0
-16.0,72.0,6.0,305.0
-14.0,72.0,6.0,305.0
-12.0,72.0,6.0,305.0
-10.0,72.0,6.0,305.0
-8.0,72.0,6.0,305.0
-6.0,72.0,6.0,305.0
6.0,72.0,6.0,251.0
8.0,72.0,6.0,345.0
10.0,72.0,6.0,345.0
12.0,72.0,6.0,345.0
14.0,72.0,6.0,345.0
16.0,72.0,6.0,345.0
10.0,-106.0,8.0,380.0
-18.0,-104.0,8.0,519.0
-16.0,-104.0,8.0,519.0
-14.0,-104.0,8.0,519.0
-12.0,-104.0,8.0,367.0
4.0,-104.0,8.0,380.0
6.0,-104.0,8.0,380.0
8.0,-104.0,8.0,380.0
10.0,-104.0,8.0,380.0
12.0,-104.0,8.0,380.0
14.0,-104.0,8.0,380.0
16.0,-104.0,8.0,380.0
18.0,-104.0,8.0,380.0
-24.0,-102.0,8.0,519.0
-22.0,-102.0,8.0,519.0
-20.0,-102.0,8.0,519.0
-18.0,-102.0,8.0,519.0
-16.0,-102.0,8.0,519.0
-14.0,-102.0,8.0,519.0
-12.0,-102.0,8.0,367.0
-10.0,-102.0,8.0,125.0
-8.0,-102.0,8.0,125.0
0.0,-102.0,8.0,125.0
2.0,-102.0,8.0,380.0
4.0,-102.0,8.0,380.0
6.0,-102.0,8.0,380.0
8.0,-102.0,8.0,380.0
10.0,-102.0,8.0,380.0
12.0,-102.0,8.0,380.0
14.0,-102.0,8.0,380.0
16.0,-102.0,8.0,380.0
18.0,-102.0,8.0,380.0
20.0,-102.0,8.0,139.0
22.0,-102.0,8.0,139.0
24.0,-102.0,8.0,139.0
-28.0,-100.0,8.0,304.0
-26.0,-100.0,8.0,519.0
-24.0,-100.0,8.0,519.0
-22.0,-100.0,8.0,519.0
-20.0,-100.0,8.0,519.0
-18.0,-100.0,8.0,519.0
-16.0,-100.0,8.0,519.0
-14.0,-100.0,8.0,519.0
-12.0,-100.0,8.0,367.0
-10.0,-100.0,8.0,125.0
-8.0,-100.0,8.0,125.0
0.0,-100.0,8.0,125.0
2.0,-100.0,8.0,125.0
4.0,-100.0,8.0,380.0
6.0,-100.0,8.0,380.0
8.0,-100.0,8.0,380.0
10.0,-100.0,8.0,380.0
12.0,-100.0,8.0,380.0
14.0,-100.0,8.0,380.0
16.0,-100.0,8.0,380.0
18.0,-100.0,8.0,139.0
20.0,-100.0,8.0,139.0
22.0,-100.0,8.0,139.0
24.0,-100.0,8.0,139.0
26.0,-100.0,8.0,366.0
28.0,-100.0,8.0,85.0
-32.0,-98.0,8.0,304.0
-30.0,-98.0,8.0,304.0
-28.0,-98.0,8.0,304.0
-26.0,-98.0,8.0,519.0
-24.0,-98.0,8.0,519.0
-22.0,-98.0,8.0,519.0
-20.0,-98.0,8.0,519.0
-18.0,-98.0,8.0,519.0
-16.0,-98.0,8.0,519.0
-14.0,-98.0,8.0,519.0
-12.0,-98.0,8.0,367.0
-10.0,-98.0,8.0,125.0
-8.0,-98.0,8.0,125.0
-6.0,-98.0,8.0,125.0
-4.0,-98.0,8.0,125.0
-2.0,-98.0,8.0,125.0
0.0,-98.0,8.0,125.0
2.0,-98.0,8.0,125.0
4.0,-98.0,8.0,380.0
6.0,-98.0,8.0,380.0
8.0,-98.0,8.0,380.0
10.0,-98.0,8.0,380.0
12.0,-98.0,8.0,380.0
14.0,-98.0,8.0,380.0
16.0,-98.0,8.0,380.0
18.0,-98.0,8.0,139.0
20.0,-98.0,8.0,139.0
22.0,-98.0,8.0,139.0
24.0,-98.0,8.0,366.0
26.0,-98.0,8.0,366.0
28.0,-98.0,8.0,85.0
30.0,-98.0,8.0,85.0
-34.0,-96.0,8.0,304.0
-32.0,-96.0,8.0,304.0
-30.0,-96.0,8.0,304.0
-28.0,-96.0,8.0,304.0
-26.0,-96.0,8.0,519.0
-24.0,-96.0,8.0,519.0
-22.0,-96.0,8.0,519.0
-20.0,-96.0,8.0,519.0
-18.0,-96.0,8.0,519.0
-16.0,-96.0,8.0,519.0
-14.0,-96.0,8.0,519.0
-12.0,-96.0,8.0,230.0
-10.0,-96.0,8.0,230.0
-8.0,-96.0,8.0,125.0
-6.0,-96.0,8.0,125.0
-4.0,-96.0,8.0,125.0
-2.0,-96.0,8.0,125.0
0.0,-96.0,8.0,125.0
2.0,-96.0,8.0,125.0
4.0,-96.0,8.0,125.0
6.0,-96.0,8.0,380.0
8.0,-96.0,8.0,380.0
10.0,-96.0,8.0,380.0
12.0,-96.0,8.0,380.0
14.0,-96.0,8.0,380.0
16.0,-96.0,8.0,380.0
18.0,-96.0,8.0,139.0
20.0,-96.0,8.0,139.0
22.0,-96.0,8.0,139.0
24.0,-96.0,8.0,366.0
26.0,-96.0,8.0,366.0
28.0,-96.0,8.0,85.0
30.0,-96.0,8.0,85.0
32.0,-96.0,8.0,85.0
-36.0,-94.0,8.0,304.0
-34.0,-94.0,8.0,304.0
-32.0,-94.0,8.0,304.0
-30.0,-94.0,8.0,304.0
-28.0,-94.0,8.0,519.0
-26.0,-94.0,8.0,519.0
-24.0,-94.0,8.0,519.0
-22.0,-94.0,8.0,519.0
-20.0,-94.0,8.0,519.0
-18.0,-94.0,8.0,519.0
-16.0,-94.0,8.0,519.0
-14.0,-94.0,8.0,519.0
-12.0,-94.0,8.0,230.0
-10.0,-94.0,8.0,230.0
-8.0,-94.0,8.0,230.0
-6.0,-94.0,8.0,125.0
-4.0,-94.0,8.0,125.0
-2.0,-94.0,8.0,125.0
0.0,-94.0,8.0,125.0
2.0,-94.0,8.0,125.0
4.0,-94.0,8.0,125.0
6.0,-94.0,8.0,380.0
8.0,-94.0,8.0,380.0
10.0,-94.0,8.0,380.0
12.0,-94.0,8.0,380.0
14.0,-94.0,8.0,380.0
16.0,-94.0,8.0,380.0
18.0,-94.0,8.0,139.0
20.0,-94.0,8.0,139.0
22.0,-94.0,8.0,366.0
24.0,-94.0,8.0,366.0
26.0,-94.0,8.0,366.0
28.0,-94.0,8.0,85.0
30.0,-94.0,8.0,85.0
32.0,-94.0,8.0,85.0
34.0,-94.0,8.0,85.0
36.0,-94.0,8.0,85.0
-38.0,-92.0,8.0,304.0
-36.0,-92.0,8.0,304.0
-34.0,-92.0,8.0,304.0
-32.0,-92.0,8.0,304.0
-30.0,-92.0,8.0,304.0
-28.0,-92.0,8.0,519.0
-26.0,-92.0,8.0,519.0
-24.0,-92.0,8.0,519.0
-22.0,-92.0,8.0,519.0
-20.0,-92.0,8.0,519.0
-18.0,-92.0,8.0,519.0
-16.0,-92.0,8.0,519.0
-14.0,-92.0,8.0,230.0
-12.0,-92.0,8.0,230.0
-10.0,-92.0,8.0,230.0
-8.0,-92.0,8.0,230.0
-6.0,-92.0,8.0,230.0
-4.0,-92.0,8.0,230.0
-2.0,-92.0,8.0,125.0
0.0,-92.0,8.0,125.0
2.0,-92.0,8.0,125.0
4.0,-92.0,8.0,125.0
6.0,-92.0,8.0,125.0
8.0,-92.0,8.0,380.0
10.0,-92.0,8.0,380.0
12.0,-92.0,8.0,380.0
14.0,-92.0,8.0,380.0
16.0,-92.0,8.0,380.0
18.0,-92.0,8.0,139.0
20.0,-92.0,8.0,366.0
22.0,-92.0,8.0,366.0
24.0,-92.0,8.0,366.0
26.0,-92.0,8.0,366.0
28.0,-92.0,8.0,85.0
30.0,-92.0,8.0,85.0
32.0,-92.0,8.0,85.0
34.0,-92.0,8.0,85.0
36.0,-92.0,8.0,85.0
38.0,-92.0,8.0,85.0
-40.0,-90.0,8.0,279.0
-38.0,-90.0,8.0,279.0
-36.0,-90.0,8.0,279.0
-34.0,-90.0,8.0,279.0
-32.0,-90.0,8.0,279.0
-30.0,-90.0,8.0,279.0
-28.0,-90.0,8.0,519.0
-26.0,-90.0,8.0,519.0
-24.0,-90.0,8.0,519.0
-22.0,-90.0,8.0,519.0
-20.0,-90.0,8.0,519.0
-18.0,-90.0,8.0,519.0
-16.0,-90.0,8.0,230.0
-14.0,-90.0,8.0,230.0
-12.0,-90.0,8.0,230.0
-10.0,-90.0,8.0,230.0
-8.0,-90.0,8.0,230.0
-6.0,-90.0,8.0,230.0
-4.0,-90.0,8.0,230.0
-2.0,-90.0,8.0,230.0
0.0,-90.0,8.0,125.0
2.0,-90.0,8.0,125.0
4.0,-90.0,8.0,125.0
6.0,-90.0,8.0,125.0
8.0,-90.0,8.0,380.0
10.0,-90.0,8.0,380.0
12.0,-90.0,8.0,380.0
14.0,-90.0,8.0,380.0
16.0,-90.0,8.0,139.0
18.0,-90.0,8.0,139.0
20.0,-90.0,8.0,366.0
22.0,-90.0,8.0,366.0
24.0,-90.0,8.0,366.0
26.0,-90.0,8.0,366.0
28.0,-90.0,8.0,85.0
30.0,-90.0,8.0,85.0
32.0,-90.0,8.0,85.0
34.0,-90.0,8.0,85.0
36.0,-90.0,8.0,85.0
38.0,-90.0,8.0,85.0
40.0,-90.0,8.0,548.0
-44.0,-88.0,8.0,510.0
-42.0,-88.0,8.0,510.0
-40.0,-88.0,8.0,279.0
-38.0,-88.0,8.0,279.0
-36.0,-88.0,8.0,279.0
-34.0,-88.0,8.0,279.0
-32.0,-88.0,8.0,279.0
-30.0,-88.0,8.0,279.0
-28.0,-88.0,8.0,279.0
-26.0,-88.0,8.0,279.0
-24.0,-88.0,8.0,519.0
-18.0,-88.0,8.0,519.0
-16.0,-88.0,8.0,230.0
-14.0,-88.0,8.0,230.0
-12.0,-88.0,8.0,230.0
-10.0,-88.0,8.0,230.0
-8.0,-88.0,8.0,230.0
-6.0,-88.0,8.0,230.0
-4.0,-88.0,8.0,230.0
-2.0,-88.0,8.0,230.0
0.0,-88.0,8.0,31.0
2.0,-88.0,8.0,31.0
4.0,-88.0,8.0,31.0
6.0,-88.0,8.0,125.0
8.0,-88.0,8.0,125.0
10.0,-88.0,8.0,380.0
12.0,-88.0,8.0,380.0
14.0,-88.0,8.0,380.0
16.0,-88.0,8.0,139.0
22.0,-88.0,8.0,366.0
24.0,-88.0,8.0,366.0
26.0,-88.0,8.0,366.0
28.0,-88.0,8.0,85.0
30.0,-88.0,8.0,85.0
32.0,-88.0,8.0,150.0
34.0,-88.0,8.0,150.0
36.0,-88.0,8.0,150.0
38.0,-88.0,8.0,150.0
40.0,-88.0,8.0,548.0
42.0,-88.0,8.0,548.0
-44.0,-86.0,8.0,510.0
-42.0,-86.0,8.0,510.0
-40.0,-86.0,8.0,279.0
-38.0,-86.0,8.0,279.0
-36.0,-86.0,8.0,279.0
-34.0,-86.0,8.0,279.0
-32.0,-86.0,8.0,279.0
-30.0,-86.0,8.0,279.0
-28.0,-86.0,8.0,279.0
-26.0,-86.0,8.0,279.0
-24.0,-86.0,8.0,279.0
-16.0,-86.0,8.0,594.0
-14.0,-86.0,8.0,230.0
-12.0,-86.0,8.0,230.0
-10.0,-86.0,8.0,230.0
-8.0,-86.0,8.0,230.0
-6.0,-86.0,8.0,230.0
-4.0,-86.0,8.0,230.0
-2.0,-86.0,8.0,31.0
0.0,-86.0,8.0,31.0
2.0,-86.0,8.0,31.0
4.0,-86.0,8.0,31.0
6.0,-86.0,8.0,31.0
8.0,-86.0,8.0,31.0
10.0,-86.0,8.0,380.0
12.0,-86.0,8.0,380.0
14.0,-86.0,8.0,380.0
16.0,-86.0,8.0,366.0
22.0,-86.0,8.0,366.0
24.0,-86.0,8.0,366.0
26.0,-86.0,8.0,150.0
28.0,-86.0,8.0,150.0
30.0,-86.0,8.0,150.0
32.0,-86.0,8.0,150.0
34.0,-86.0,8.0,150.0
36.0,-86.0,8.0,150.0
38.0,-86.0,8.0,150.0
40.0,-86.0,8.0,548.0
42.0,-86.0,8.0,548.0
44.0,-86.0,8.0,548.0
-44.0,-84.0,8.0,552.0
-42.0,-84.0,8.0,552.0
-40.0,-84.0,8.0,279.0
-38.0,-84.0,8.0,279.0
-36.0,-84.0,8.0,279.0
-34.0,-84.0,8.0,279.0
-32.0,-84.0,8.0,279.0
-30.0,-84.0,8.0,279.0
-28.0,-84.0,8.0,279.0
-26.0,-84.0,8.0,279.0
-16.0,-84.0,8.0,594.0
-14.0,-84.0,8.0,230.0
-12.0,-84.0,8.0,230.0
-10.0,-84.0,8.0,230.0
-8.0,-84.0,8.0,230.0
-6.0,-84.0,8.0,230.0
-4.0,-84.0,8.0,230.0
-2.0,-84.0,8.0,31.0
0.0,-84.0,8.0,31.0
2.0,-84.0,8.0,31.0
4.0,-84.0,8.0,31.0
6.0,-84.0,8.0,31.0
8.0,-84.0,8.0,31.0
10.0,-84.0,8.0,31.0
12.0,-84.0,8.0,31.0
14.0,-84.0,8.0,380.0
16.0,-84.0,8.0,366.0
18.0,-84.0,8.0,366.0
20.0,-84.0,8.0,366.0
22.0,-84.0,8.0,366.0
24.0,-84.0,8.0,534.0
26.0,-84.0,8.0,534.0
28.0,-84.0,8.0,534.0
30.0,-84.0,8.0,150.0
32.0,-84.0,8.0,150.0
34.0,-84.0,8.0,150.0
36.0,-84.0,8.0,150.0
38.0,-84.0,8.0,150.0
40.0,-84.0,8.0,548.0
42.0,-84.0,8.0,548.0
44.0,-84.0,8.0,548.0
46.0,-84.0,8.0,548.0
48.0,-84.0,8.0,548.0
-48.0,-82.0,8.0,552.0
-46.0,-82.0,8.0,552.0
-44.0,-82.0,8.0,552.0
-42.0,-82.0,8.0,552.0
-40.0,-82.0,8.0,351.0
-38.0,-82.0,8.0,351.0
-36.0,-82.0,8.0,351.0
-34.0,-82.0,8.0,279.0
-32.0,-82.0,8.0,279.0
-30.0,-82.0,8.0,279.0
-28.0,-82.0,8.0,279.0
-20.0,-82.0,8.0,594.0
-18.0,-82.0,8.0,594.0
-16.0,-82.0,8.0,594.0
-14.0,-82.0,8.0,594.0
-12.0,-82.0,8.0,230.0
-10.0,-82.0,8.0,230.0
-8.0,-82.0,8.0,230.0
-6.0,-82.0,8.0,230.0
-4.0,-82.0,8.0,31.0
-2.0,-82.0,8.0,31.0
0.0,-82.0,8.0,31.0
2.0,-82.0,8.0,31.0
4.0,-82.0,8.0,31.0
6.0,-82.0,8.0,31.0
8.0,-82.0,8.0,31.0
10.0,-82.0,8.0,31.0
12.0,-82.0,8.0,31.0
14.0,-82.0,8.0,464.0
16.0,-82.0,8.0,464.0
18.0,-82.0,8.0,464.0
20.0,-82.0,8.0,464.0
22.0,-82.0,8.0,534.0
24.0,-82.0,8.0,534.0
26.0,-82.0,8.0,534.0
28.0,-82.0,8.0,534.0
30.0,-82.0,8.0,534.0
32.0,-82.0,8.0,534.0
34.0,-82.0,8.0,150.0
36.0,-82.0,8.0,150.0
38.0,-82.0,8.0,548.0
40.0,-82.0,8.0,548.0
42.0,-82.0,8.0,548.0
44.0,-82.0,8.0,548.0
46.0,-82.0,8.0,548.0
48.0,-82.0,8.0,548.0
50.0,-82.0,8.0,548.0
-50.0,-80.0,8.0,552.0
-48.0,-80.0,8.0,552.0
-46.0,-80.0,8.0,552.0
-44.0,-80.0,8.0,552.0
-42.0,-80.0,8.0,552.0
-40.0,-80.0,8.0,351.0
-38.0,-80.0,8.0,351.0
-36.0,-80.0,8.0,351.0
-34.0,-80.0,8.0,351.0
-32.0,-80.0,8.0,351.0
-30.0,-80.0,8.0,351.0
-22.0,-80.0,8.0,594.0
-20.0,-80.0,8.0,594.0
-18.0,-80.0,8.0,594.0
-16.0,-80.0,8.0,594.0
-14.0,-80.0,8.0,594.0
-12.0,-80.0,8.0,594.0
-10.0,-80.0,8.0,230.0
-8.0,-80.0,8.0,230.0
-6.0,-80.0,8.0,230.0
-4.0,-80.0,8.0,31.0
-2.0,-80.0,8.0,31.0
0.0,-80.0,8.0,31.0
2.0,-80.0,8.0,31.0
4.0,-80.0,8.0,31.0
6.0,-80.0,8.0,31.0
8.0,-80.0,8.0,31.0
10.0,-80.0,8.0,31.0
12.0,-80.0,8.0,464.0
14.0,-80.0,8.0,464.0
16.0,-80.0,8.0,464.0
18.0,-80.0,8.0,464.0
20.0,-80.0,8.0,464.0
22.0,-80.0,8.0,464.0
24.0,-80.0,8.0,534.0
26.0,-80.0,8.0,534.0
28.0,-80.0,8.0,534.0
30.0,-80.0,8.0,534.0
32.0,-80.0,8.0,534.0
34.0,-80.0,8.0,534.0
36.0,-80.0,8.0,534.0
38.0,-80.0,8.0,100.0
40.0,-80.0,8.0,548.0
42.0,-80.0,8.0,548.0
44.0,-80.0,8.0,548.0
46.0,-80.0,8.0,548.0
48.0,-80.0,8.0,548.0
50.0,-80.0,8.0,413.0
52.0,-80.0,8.0,413.0
-52.0,-78.0,8.0,552.0
-50.0,-78.0,8.0,552.0
-48.0,-78.0,8.0,552.0
-46.0,-78.0,8.0,552.0
-44.0,-78.0,8.0,552.0
-42.0,-78.0,8.0,552.0
-40.0,-78.0,8.0,351.0
-38.0,-78.0,8.0,351.0
-36.0,-78.0,8.0,351.0
-34.0,-78.0,8.0,351.0
-32.0,-78.0,8.0,351.0
-30.0,-78.0,8.0,351.0
-22.0,-78.0,8.0,594.0
-20.0,-78.0,8.0,594.0
-18.0,-78.0,8.0,594.0
-16.0,-78.0,8.0,594.0
-14.0,-78.0,8.0,594.0
-12.0,-78.0,8.0,594.0
-10.0,-78.0,8.0,594.0
-8.0,-78.0,8.0,230.0
-6.0,-78.0,8.0,31.0
-4.0,-78.0,8.0,31.0
-2.0,-78.0,8.0,31.0
0.0,-78.0,8.0,31.0
2.0,-78.0,8.0,31.0
4.0,-78.0,8.0,31.0
6.0,-78.0,8.0,31.0
8.0,-78.0,8.0,578.0
10.0,-78.0,8.0,578.0
12.0,-78.0,8.0,578.0
14.0,-78.0,8.0,464.0
16.0,-78.0,8.0,464.0
18.0,-78.0,8.0,464.0
20.0,-78.0,8.0,464.0
22.0,-78.0,8.0,464.0
24.0,-78.0,8.0,534.0
30.0,-78.0,8.0,534.0
32.0,-78.0,8.0,534.0
34.0,-78.0,8.0,534.0
36.0,-78.0,8.0,100.0
38.0,-78.0,8.0,100.0
40.0,-78.0,8.0,100.0
42.0,-78.0,8.0,100.0
44.0,-78.0,8.0,100.0
46.0,-78.0,8.0,413.0
48.0,-78.0,8.0,413.0
50.0,-78.0,8.0,413.0
52.0,-78.0,8.0,413.0
-54.0,-76.0,8.0,552.0
-52.0,-76.0,8.0,552.0
-50.0,-76.0,8.0,552.0
-48.0,-76.0,8.0,552.0
-46.0,-76.0,8.0,552.0
-44.0,-76.0,8.0,552.0
-42.0,-76.0,8.0,351.0
-40.0,-76.0,8.0,351.0
-38.0,-76.0,8.0,351.0
-36.0,-76.0,8.0,351.0
-34.0,-76.0,8.0,351.0
-32.0,-76.0,8.0,351.0
-24.0,-76.0,8.0,594.0
-22.0,-76.0,8.0,594.0
-20.0,-76.0,8.0,594.0
-18.0,-76.0,8.0,594.0
-16.0,-76.0,8.0,594.0
-14.0,-76.0,8.0,594.0
-12.0,-76.0,8.0,594.0
-10.0,-76.0,8.0,594.0
-8.0,-76.0,8.0,594.0
-6.0,-76.0,8.0,31.0
-4.0,-76.0,8.0,31.0
-2.0,-76.0,8.0,31.0
0.0,-76.0,8.0,31.0
2.0,-76.0,8.0,578.0
4.0,-76.0,8.0,578.0
6.0,-76.0,8.0,578.0
8.0,-76.0,8.0,578.0
10.0,-76.0,8.0,578.0
12.0,-76.0,8.0,578.0
14.0,-76.0,8.0,464.0
16.0,-76.0,8.0,464.0
18.0,-76.0,8.0,464.0
20.0,-76.0,8.0,464.0
22.0,-76.0,8.0,464.0
24.0,-76.0,8.0,464.0
32.0,-76.0,8.0,534.0
34.0,-76.0,8.0,534.0
36.0,-76.0,8.0,100.0
38.0,-76.0,8.0,100.0
40.0,-76.0,8.0,100.0
42.0,-76.0,8.0,100.0
44.0,-76.0,8.0,100.0
46.0,-76.0,8.0,413.0
48.0,-76.0,8.0,413.0
50.0,-76.0,8.0,413.0
52.0,-76.0,8.0,413.0
54.0,-76.0,8.0,413.0
-54.0,-74.0,8.0,552.0
-52.0,-74.0,8.0,552.0
-50.0,-74.0,8.0,552.0
-48.0,-74.0,8.0,552.0
-46.0,-74.0,8.0,552.0
-44.0,-74.0,8.0,552.0
-42.0,-74.0,8.0,351.0
-40.0,-74.0,8.0,351.0
-38.0,-74.0,8.0,351.0
-36.0,-74.0,8.0,351.0
-34.0,-74.0,8.0,351.0
-32.0,-74.0,8.0,351.0
-24.0,-74.0,8.0,288.0
-22.0,-74.0,8.0,594.0
-20.0,-74.0,8.0,594.0
-18.0,-74.0,8.0,594.0
-16.0,-74.0,8.0,594.0
-14.0,-74.0,8.0,594.0
-12.0,-74.0,8.0,594.0
-10.0,-74.0,8.0,594.0
-8.0,-74.0,8.0,594.0
-6.0,-74.0,8.0,31.0
-4.0,-74.0,8.0,31.0
-2.0,-74.0,8.0,578.0
0.0,-74.0,8.0,578.0
2.0,-74.0,8.0,578.0
4.0,-74.0,8.0,578.0
6.0,-74.0,8.0,578.0
8.0,-74.0,8.0,578.0
10.0,-74.0,8.0,578.0
12.0,-74.0,8.0,578.0
14.0,-74.0,8.0,464.0
16.0,-74.0,8.0,464.0
18.0,-74.0,8.0,464.0
20.0,-74.0,8.0,464.0
22.0,-74.0,8.0,464.0
24.0,-74.0,8.0,464.0
34.0,-74.0,8.0,100.0
36.0,-74.0,8.0,100.0
38.0,-74.0,8.0,100.0
40.0,-74.0,8.0,100.0
42.0,-74.0,8.0,100.0
44.0,-74.0,8.0,100.0
46.0,-74.0,8.0,413.0
48.0,-74.0,8.0,413.0
50.0,-74.0,8.0,413.0
52.0,-74.0,8.0,413.0
54.0,-74.0,8.0,413.0
-56.0,-72.0,8.0,552.0
-54.0,-72.0,8.0,552.0
-52.0,-72.0,8.0,552.0
-50.0,-72.0,8.0,552.0
-48.0,-72.0,8.0,552.0
-46.0,-72.0,8.0,552.0
-44.0,-72.0,8.0,552.0
-42.0,-72.0,8.0,144.0
-40.0,-72.0,8.0,144.0
-38.0,-72.0,8.0,144.0
-36.0,-72.0,8.0,144.0
-24.0,-72.0,8.0,288.0
-22.0,-72.0,8.0,288.0
-20.0,-72.0,8.0,288.0
-18.0,-72.0,8.0,594.0
-16.0,-72.0,8.0,594.0
-14.0,-72.0,8.0,594.0
-12.0,-72.0,8.0,594.0
-10.0,-72.0,8.0,594.0
-8.0,-72.0,8.0,594.0
-6.0,-72.0,8.0,578.0
-4.0,-72.0,8.0,578.0
2.0,-72.0,8.0,578.0
4.0,-72.0,8.0,578.0
6.0,-72.0,8.0,578.0
8.0,-72.0,8.0,578.0
10.0,-72.0,8.0,578.0
12.0,-72.0,8.0,578.0
14.0,-72.0,8.0,464.0
16.0,-72.0,8.0,464.0
18.0,-72.0,8.0,464.0
20.0,-72.0,8.0,464.0
34.0,-72.0,8.0,100.0
36.0,-72.0,8.0,100.0
38.0,-72.0,8.0,100.0
40.0,-72.0,8.0,100.0
42.0,-72.0,8.0,100.0
44.0,-72.0,8.0,100.0
46.0,-72.0,8.0,413.0
48.0,-72.0,8.0,413.0
50.0,-72.0,8.0,413.0
52.0,-72.0,8.0,413.0
54.0,-72.0,8.0,413.0
-56.0,-70.0,8.0,552.0
-54.0,-70.0,8.0,552.0
-52.0,-70.0,8.0,552.0
-50.0,-70.0,8.0,552.0
-48.0,-70.0,8.0,552.0
-46.0,-70.0,8.0,552.0
-44.0,-70.0,8.0,552.0
-42.0,-70.0,8.0,144.0
-40.0,-70.0,8.0,144.0
-38.0,-70.0,8.0,144.0
-36.0,-70.0,8.0,144.0
-26.0,-70.0,8.0,288.0
-22.0,-70.0,8.0,288.0
-20.0,-70.0,8.0,288.0
-18.0,-70.0,8.0,288.0
-16.0,-70.0,8.0,288.0
-14.0,-70.0,8.0,594.0
-12.0,-70.0,8.0,594.0
-10.0,-70.0,8.0,594.0
-8.0,-70.0,8.0,594.0
-6.0,-70.0,8.0,578.0
-4.0,-70.0,8.0,578.0
4.0,-70.0,8.0,578.0
6.0,-70.0,8.0,578.0
8.0,-70.0,8.0,578.0
10.0,-70.0,8.0,578.0
12.0,-70.0,8.0,303.0
14.0,-70.0,8.0,303.0
16.0,-70.0,8.0,352.0
18.0,-70.0,8.0,352.0
20.0,-70.0,8.0,352.0
22.0,-70.0,8.0,352.0
24.0,-70.0,8.0,352.0
26.0,-70.0,8.0,352.0
36.0,-70.0,8.0,100.0
38.0,-70.0,8.0,100.0
40.0,-70.0,8.0,90.0
42.0,-70.0,8.0,90.0
44.0,-70.0,8.0,90.0
46.0,-70.0,8.0,90.0
48.0,-70.0,8.0,90.0
50.0,-70.0,8.0,413.0
52.0,-70.0,8.0,413.0
54.0,-70.0,8.0,413.0
56.0,-70.0,8.0,413.0
-58.0,-68.0,8.0,584.0
-56.0,-68.0,8.0,584.0
-54.0,-68.0,8.0,584.0
-52.0,-68.0,8.0,552.0
-50.0,-68.0,8.0,552.0
-48.0,-68.0,8.0,552.0
-46.0,-68.0,8.0,552.0
-44.0,-68.0,8.0,144.0
-42.0,-68.0,8.0,144.0
-40.0,-68.0,8.0,144.0
-38.0,-68.0,8.0,144.0
-26.0,-68.0,8.0,288.0
-24.0,-68.0,8.0,288.0
-22.0,-68.0,8.0,288.0
-20.0,-68.0,8.0,288.0
-18.0,-68.0,8.0,288.0
-16.0,-68.0,8.0,157.0
-14.0,-68.0,8.0,157.0
-12.0,-68.0,8.0,157.0
-10.0,-68.0,8.0,157.0
-8.0,-68.0,8.0,157.0
-6.0,-68.0,8.0,578.0
-4.0,-68.0,8.0,578.0
4.0,-68.0,8.0,578.0
6.0,-68.0,8.0,578.0
8.0,-68.0,8.0,578.0
10.0,-68.0,8.0,578.0
12.0,-68.0,8.0,303.0
14.0,-68.0,8.0,303.0
16.0,-68.0,8.0,352.0
18.0,-68.0,8.0,352.0
20.0,-68.0,8.0,352.0
22.0,-68.0,8.0,352.0
24.0,-68.0,8.0,352.0
26.0,-68.0,8.0,352.0
28.0,-68.0,8.0,352.0
36.0,-68.0,8.0,90.0
38.0,-68.0,8.0,90.0
40.0,-68.0,8.0,90.0
42.0,-68.0,8.0,90.0
44.0,-68.0,8.0,90.0
46.0,-68.0,8.0,90.0
48.0,-68.0,8.0,90.0
50.0,-68.0,8.0,90.0
52.0,-68.0,8.0,90.0
54.0,-68.0,8.0,413.0
56.0,-68.0,8.0,413.0
58.0,-68.0,8.0,413.0
-60.0,-66.0,8.0,584.0
-58.0,-66.0,8.0,584.0
-56.0,-66.0,8.0,584.0
-54.0,-66.0,8.0,584.0
-52.0,-66.0,8.0,584.0
-50.0,-66.0,8.0,552.0
-48.0,-66.0,8.0,552.0
-46.0,-66.0,8.0,552.0
-44.0,-66.0,8.0,144.0
-28.0,-66.0,8.0,288.0
-26.0,-66.0,8.0,288.0
-24.0,-66.0,8.0,288.0
-20.0,-66.0,8.0,288.0
-18.0,-66.0,8.0,157.0
-16.0,-66.0,8.0,157.0
-14.0,-66.0,8.0,157.0
-12.0,-66.0,8.0,157.0
-10.0,-66.0,8.0,157.0
-8.0,-66.0,8.0,157.0
-6.0,-66.0,8.0,157.0
-4.0,-66.0,8.0,578.0
2.0,-66.0,8.0,578.0
4.0,-66.0,8.0,578.0
6.0,-66.0,8.0,578.0
8.0,-66.0,8.0,578.0
10.0,-66.0,8.0,303.0
12.0,-66.0,8.0,303.0
14.0,-66.0,8.0,303.0
16.0,-66.0,8.0,352.0
18.0,-66.0,8.0,352.0
20.0,-66.0,8.0,352.0
22.0,-66.0,8.0,352.0
24.0,-66.0,8.0,352.0
26.0,-66.0,8.0,352.0
28.0,-66.0,8.0,352.0
38.0,-66.0,8.0,90.0
40.0,-66.0,8.0,90.0
42.0,-66.0,8.0,90.0
44.0,-66.0,8.0,90.0
46.0,-66.0,8.0,90.0
48.0,-66.0,8.0,90.0
50.0,-66.0,8.0,90.0
52.0,-66.0,8.0,90.0
54.0,-66.0,8.0,90.0
56.0,-66.0,8.0,90.0
58.0,-66.0,8.0,309.0
60.0,-66.0,8.0,309.0
-60.0,-64.0,8.0,584.0
-58.0,-64.0,8.0,584.0
-56.0,-64.0,8.0,584.0
-54.0,-64.0,8.0,584.0
-52.0,-64.0,8.0,584.0
-50.0,-64.0,8.0,584.0
-48.0,-64.0,8.0,225.0
-46.0,-64.0,8.0,552.0
-44.0,-64.0,8.0,144.0
-28.0,-64.0,8.0,288.0
-26.0,-64.0,8.0,288.0
-24.0,-64.0,8.0,288.0
-22.0,-64.0,8.0,288.0
-20.0,-64.0,8.0,157.0
-18.0,-64.0,8.0,157.0
-16.0,-64.0,8.0,157.0
-14.0,-64.0,8.0,157.0
-12.0,-64.0,8.0,157.0
-10.0,-64.0,8.0,157.0
-8.0,-64.0,8.0,157.0
-6.0,-64.0,8.0,157.0
-4.0,-64.0,8.0,578.0
2.0,-64.0,8.0,578.0
4.0,-64.0,8.0,578.0
6.0,-64.0,8.0,578.0
8.0,-64.0,8.0,578.0
10.0,-64.0,8.0,303.0
12.0,-64.0,8.0,303.0
14.0,-64.0,8.0,303.0
16.0,-64.0,8.0,352.0
18.0,-64.0,8.0,352.0
20.0,-64.0,8.0,352.0
22.0,-64.0,8.0,352.0
24.0,-64.0,8.0,352.0
26.0,-64.0,8.0,352.0
28.0,-64.0,8.0,352.0
30.0,-64.0,8.0,352.0
38.0,-64.0,8.0,90.0
40.0,-64.0,8.0,90.0
42.0,-64.0,8.0,90.0
44.0,-64.0,8.0,90.0
46.0,-64.0,8.0,90.0
48.0,-64.0,8.0,90.0
50.0,-64.0,8.0,90.0
52.0,-64.0,8.0,90.0
54.0,-64.0,8.0,90.0
56.0,-64.0,8.0,90.0
58.0,-64.0,8.0,309.0
60.0,-64.0,8.0,203.0
-56.0,-62.0,8.0,495.0
-54.0,-62.0,8.0,495.0
-52.0,-62.0,8.0,495.0
-50.0,-62.0,8.0,225.0
-48.0,-62.0,8.0,225.0
-46.0,-62.0,8.0,225.0
-28.0,-62.0,8.0,108.0
-26.0,-62.0,8.0,288.0
-24.0,-62.0,8.0,288.0
-22.0,-62.0,8.0,157.0
-20.0,-62.0,8.0,157.0
-18.0,-62.0,8.0,157.0
-16.0,-62.0,8.0,157.0
-14.0,-62.0,8.0,157.0
-12.0,-62.0,8.0,157.0
-10.0,-62.0,8.0,157.0
-8.0,-62.0,8.0,157.0
-6.0,-62.0,8.0,157.0
-4.0,-62.0,8.0,157.0
2.0,-62.0,8.0,181.0
4.0,-62.0,8.0,181.0
6.0,-62.0,8.0,181.0
8.0,-62.0,8.0,181.0
10.0,-62.0,8.0,303.0
12.0,-62.0,8.0,303.0
14.0,-62.0,8.0,303.0
16.0,-62.0,8.0,306.0
18.0,-62.0,8.0,352.0
20.0,-62.0,8.0,352.0
22.0,-62.0,8.0,352.0
24.0,-62.0,8.0,352.0
26.0,-62.0,8.0,352.0
28.0,-62.0,8.0,352.0
30.0,-62.0,8.0,352.0
38.0,-62.0,8.0,90.0
40.0,-62.0,8.0,90.0
42.0,-62.0,8.0,90.0
44.0,-62.0,8.0,90.0
46.0,-62.0,8.0,90.0
48.0,-62.0,8.0,90.0
50.0,-62.0,8.0,90.0
52.0,-62.0,8.0,90.0
54.0,-62.0,8.0,90.0
56.0,-62.0,8.0,203.0
58.0,-62.0,8.0,203.0
60.0,-62.0,8.0,203.0
62.0,-62.0,8.0,203.0
-62.0,-60.0,8.0,495.0
-60.0,-60.0,8.0,495.0
-52.0,-60.0,8.0,495.0
-50.0,-60.0,8.0,225.0
-48.0,-60.0,8.0,225.0
-46.0,-60.0,8.0,225.0
-28.0,-60.0,8.0,108.0
-26.0,-60.0,8.0,108.0
-24.0,-60.0,8.0,108.0
-22.0,-60.0,8.0,157.0
-20.0,-60.0,8.0,157.0
-18.0,-60.0,8.0,157.0
-16.0,-60.0,8.0,157.0
-14.0,-60.0,8.0,157.0
-12.0,-60.0,8.0,157.0
-10.0,-60.0,8.0,452.0
-8.0,-60.0,8.0,452.0
-6.0,-60.0,8.0,452.0
2.0,-60.0,8.0,181.0
4.0,-60.0,8.0,181.0
6.0,-60.0,8.0,181.0
8.0,-60.0,8.0,181.0
10.0,-60.0,8.0,181.0
12.0,-60.0,8.0,306.0
14.0,-60.0,8.0,306.0
16.0,-60.0,8.0,306.0
18.0,-60.0,8.0,306.0
20.0,-60.0,8.0,306.0
22.0,-60.0,8.0,352.0
24.0,-60.0,8.0,352.0
26.0,-60.0,8.0,352.0
28.0,-60.0,8.0,352.0
30.0,-60.0,8.0,352.0
38.0,-60.0,8.0,90.0
40.0,-60.0,8.0,90.0
42.0,-60.0,8.0,90.0
44.0,-60.0,8.0,90.0
46.0,-60.0,8.0,90.0
48.0,-60.0,8.0,90.0
50.0,-60.0,8.0,90.0
52.0,-60.0,8.0,90.0
54.0,-60.0,8.0,90.0
56.0,-60.0,8.0,203.0
58.0,-60.0,8.0,203.0
60.0,-60.0,8.0,203.0
62.0,-60.0,8.0,203.0
-64.0,-58.0,8.0,495.0
-62.0,-58.0,8.0,495.0
-60.0,-58.0,8.0,495.0
-58.0,-58.0,8.0,495.0
-50.0,-58.0,8.0,225.0
-48.0,-58.0,8.0,225.0
-46.0,-58.0,8.0,225.0
-28.0,-58.0,8.0,108.0
-26.0,-58.0,8.0,108.0
-24.0,-58.0,8.0,108.0
-22.0,-58.0,8.0,108.0
-20.0,-58.0,8.0,406.0
-18.0,-58.0,8.0,406.0
-16.0,-58.0,8.0,452.0
-14.0,-58.0,8.0,452.0
-12.0,-58.0,8.0,452.0
-10.0,-58.0,8.0,452.0
-8.0,-58.0,8.0,452.0
-6.0,-58.0,8.0,452.0
-4.0,-58.0,8.0,181.0
2.0,-58.0,8.0,181.0
4.0,-58.0,8.0,181.0
6.0,-58.0,8.0,181.0
8.0,-58.0,8.0,181.0
10.0,-58.0,8.0,181.0
12.0,-58.0,8.0,306.0
14.0,-58.0,8.0,306.0
16.0,-58.0,8.0,306.0
18.0,-58.0,8.0,306.0
20.0,-58.0,8.0,306.0
22.0,-58.0,8.0,306.0
24.0,-58.0,8.0,306.0
26.0,-58.0,8.0,352.0
28.0,-58.0,8.0,352.0
38.0,-58.0,8.0,373.0
40.0,-58.0,8.0,373.0
42.0,-58.0,8.0,373.0
44.0,-58.0,8.0,373.0
46.0,-58.0,8.0,373.0
48.0,-58.0,8.0,373.0
50.0,-58.0,8.0,373.0
52.0,-58.0,8.0,373.0
54.0,-58.0,8.0,581.0
56.0,-58.0,8.0,581.0
58.0,-58.0,8.0,203.0
60.0,-58.0,8.0,203.0
62.0,-58.0,8.0,203.0
64.0,-58.0,8.0,203.0
-64.0,-56.0,8.0,495.0
-62.0,-56.0,8.0,495.0
-60.0,-56.0,8.0,495.0
-58.0,-56.0,8.0,495.0
-50.0,-56.0,8.0,81.0
-48.0,-56.0,8.0,81.0
-46.0,-56.0,8.0,81.0
-26.0,-56.0,8.0,108.0
-24.0,-56.0,8.0,108.0
-22.0,-56.0,8.0,108.0
-20.0,-56.0,8.0,406.0
-18.0,-56.0,8.0,406.0
-16.0,-56.0,8.0,406.0
-14.0,-56.0,8.0,452.0
-12.0,-56.0,8.0,452.0
-10.0,-56.0,8.0,452.0
-8.0,-56.0,8.0,452.0
-6.0,-56.0,8.0,452.0
-4.0,-56.0,8.0,181.0
2.0,-56.0,8.0,181.0
4.0,-56.0,8.0,181.0
6.0,-56.0,8.0,181.0
8.0,-56.0,8.0,181.0
10.0,-56.0,8.0,181.0
12.0,-56.0,8.0,306.0
14.0,-56.0,8.0,306.0
16.0,-56.0,8.0,306.0
18.0,-56.0,8.0,306.0
20.0,-56.0,8.0,306.0
22.0,-56.0,8.0,306.0
24.0,-56.0,8.0,306.0
26.0,-56.0,8.0,306.0
28.0,-56.0,8.0,306.0
40.0,-56.0,8.0,373.0
42.0,-56.0,8.0,373.0
44.0,-56.0,8.0,373.0
46.0,-56.0,8.0,373.0
48.0,-56.0,8.0,373.0
50.0,-56.0,8.0,581.0
52.0,-56.0,8.0,581.0
54.0,-56.0,8.0,581.0
56.0,-56.0,8.0,581.0
58.0,-56.0,8.0,581.0
60.0,-56.0,8.0,581.0
62.0,-56.0,8.0,581.0
-66.0,-54.0,8.0,42.0
-64.0,-54.0,8.0,42.0
-62.0,-54.0,8.0,495.0
-60.0,-54.0,8.0,495.0
-58.0,-54.0,8.0,495.0
-52.0,-54.0,8.0,81.0
-50.0,-54.0,8.0,81.0
-48.0,-54.0,8.0,81.0
-46.0,-54.0,8.0,81.0
-26.0,-54.0,8.0,108.0
-24.0,-54.0,8.0,108.0
-22.0,-54.0,8.0,108.0
-20.0,-54.0,8.0,406.0
-18.0,-54.0,8.0,406.0
-16.0,-54.0,8.0,406.0
-14.0,-54.0,8.0,406.0
-12.0,-54.0,8.0,452.0
-10.0,-54.0,8.0,452.0
-8.0,-54.0,8.0,452.0
-6.0,-54.0,8.0,452.0
-4.0,-54.0,8.0,181.0
2.0,-54.0,8.0,181.0
4.0,-54.0,8.0,181.0
6.0,-54.0,8.0,181.0
8.0,-54.0,8.0,181.0
10.0,-54.0,8.0,181.0
12.0,-54.0,8.0,181.0
14.0,-54.0,8.0,306.0
16.0,-54.0,8.0,306.0
18.0,-54.0,8.0,306.0
20.0,-54.0,8.0,306.0
22.0,-54.0,8.0,306.0
24.0,-54.0,8.0,306.0
42.0,-54.0,8.0,373.0
44.0,-54.0,8.0,373.0
46.0,-54.0,8.0,581.0
48.0,-54.0,8.0,581.0
50.0,-54.0,8.0,581.0
52.0,-54.0,8.0,581.0
54.0,-54.0,8.0,581.0
56.0,-54.0,8.0,581.0
58.0,-54.0,8.0,581.0
60.0,-54.0,8.0,581.0
-66.0,-52.0,8.0,42.0
-64.0,-52.0,8.0,42.0
-62.0,-52.0,8.0,42.0
-60.0,-52.0,8.0,495.0
-58.0,-52.0,8.0,495.0
-54.0,-52.0,8.0,81.0
-52.0,-52.0,8.0,81.0
-50.0,-52.0,8.0,81.0
-48.0,-52.0,8.0,81.0
-46.0,-52.0,8.0,81.0
-26.0,-52.0,8.0,108.0
-24.0,-52.0,8.0,108.0
-22.0,-52.0,8.0,108.0
-20.0,-52.0,8.0,406.0
-18.0,-52.0,8.0,406.0
-16.0,-52.0,8.0,406.0
-14.0,-52.0,8.0,406.0
-12.0,-52.0,8.0,406.0
-10.0,-52.0,8.0,452.0
-8.0,-52.0,8.0,452.0
-6.0,-52.0,8.0,452.0
-4.0,-52.0,8.0,181.0
2.0,-52.0,8.0,181.0
4.0,-52.0,8.0,181.0
6.0,-52.0,8.0,181.0
8.0,-52.0,8.0,181.0
10.0,-52.0,8.0,181.0
12.0,-52.0,8.0,181.0
14.0,-52.0,8.0,441.0
16.0,-52.0,8.0,441.0
18.0,-52.0,8.0,441.0
20.0,-52.0,8.0,306.0
22.0,-52.0,8.0,306.0
46.0,-52.0,8.0,581.0
48.0,-52.0,8.0,581.0
50.0,-52.0,8.0,581.0
52.0,-52.0,8.0,581.0
54.0,-52.0,8.0,581.0
56.0,-52.0,8.0,581.0
58.0,-52.0,8.0,581.0
60.0,-52.0,8.0,581.0
62.0,-52.0,8.0,581.0
64.0,-52.0,8.0,581.0
66.0,-52.0,8.0,581.0
-68.0,-50.0,8.0,42.0
-66.0,-50.0,8.0,42.0
-64.0,-50.0,8.0,42.0
-62.0,-50.0,8.0,42.0
-60.0,-50.0,8.0,42.0
-58.0,-50.0,8.0,495.0
-56.0,-50.0,8.0,81.0
-50.0,-50.0,8.0,81.0
-48.0,-50.0,8.0,81.0
-26.0,-50.0,8.0,108.0
-24.0,-50.0,8.0,108.0
-22.0,-50.0,8.0,108.0
-20.0,-50.0,8.0,47.0
-18.0,-50.0,8.0,406.0
-16.0,-50.0,8.0,406.0
-14.0,-50.0,8.0,406.0
-12.0,-50.0,8.0,406.0
-10.0,-50.0,8.0,406.0
-8.0,-50.0,8.0,452.0
-6.0,-50.0,8.0,181.0
4.0,-50.0,8.0,181.0
6.0,-50.0,8.0,181.0
8.0,-50.0,8.0,181.0
10.0,-50.0,8.0,181.0
12.0,-50.0,8.0,181.0
14.0,-50.0,8.0,441.0
16.0,-50.0,8.0,441.0
44.0,-50.0,8.0,581.0
46.0,-50.0,8.0,581.0
48.0,-50.0,8.0,581.0
50.0,-50.0,8.0,581.0
52.0,-50.0,8.0,581.0
54.0,-50.0,8.0,581.0
56.0,-50.0,8.0,581.0
58.0,-50.0,8.0,581.0
60.0,-50.0,8.0,581.0
62.0,-50.0,8.0,581.0
64.0,-50.0,8.0,581.0
66.0,-50.0,8.0,581.0
-68.0,-48.0,8.0,42.0
-66.0,-48.0,8.0,42.0
-64.0,-48.0,8.0,42.0
-62.0,-48.0,8.0,42.0
-60.0,-48.0,8.0,117.0
-58.0,-48.0,8.0,117.0
-56.0,-48.0,8.0,117.0
-54.0,-48.0,8.0,81.0
-24.0,-48.0,8.0,108.0
-22.0,-48.0,8.0,108.0
-20.0,-48.0,8.0,47.0
-18.0,-48.0,8.0,406.0
-16.0,-48.0,8.0,406.0
-14.0,-48.0,8.0,406.0
-12.0,-48.0,8.0,406.0
-10.0,-48.0,8.0,406.0
-8.0,-48.0,8.0,406.0
-6.0,-48.0,8.0,473.0
4.0,-48.0,8.0,551.0
6.0,-48.0,8.0,551.0
8.0,-48.0,8.0,551.0
10.0,-48.0,8.0,551.0
12.0,-48.0,8.0,482.0
14.0,-48.0,8.0,441.0
44.0,-48.0,8.0,581.0
46.0,-48.0,8.0,581.0
48.0,-48.0,8.0,581.0
50.0,-48.0,8.0,581.0
52.0,-48.0,8.0,581.0
54.0,-48.0,8.0,581.0
56.0,-48.0,8.0,581.0
58.0,-48.0,8.0,581.0
60.0,-48.0,8.0,581.0
62.0,-48.0,8.0,581.0
64.0,-48.0,8.0,581.0
66.0,-48.0,8.0,467.0
68.0,-48.0,8.0,467.0
-68.0,-46.0,8.0,42.0
-66.0,-46.0,8.0,42.0
-64.0,-46.0,8.0,42.0
-62.0,-46.0,8.0,117.0
-60.0,-46.0,8.0,117.0
-58.0,-46.0,8.0,117.0
-56.0,-46.0,8.0,117.0
-54.0,-46.0,8.0,117.0
-52.0,-46.0,8.0,81.0
-22.0,-46.0,8.0,108.0
-20.0,-46.0,8.0,47.0
-18.0,-46.0,8.0,406.0
-16.0,-46.0,8.0,406.0
-14.0,-46.0,8.0,406.0
-12.0,-46.0,8.0,406.0
-10.0,-46.0,8.0,406.0
-8.0,-46.0,8.0,473.0
-6.0,-46.0,8.0,473.0
4.0,-46.0,8.0,551.0
6.0,-46.0,8.0,551.0
8.0,-46.0,8.0,551.0
10.0,-46.0,8.0,551.0
12.0,-46.0,8.0,551.0
44.0,-46.0,8.0,581.0
46.0,-46.0,8.0,581.0
48.0,-46.0,8.0,581.0
50.0,-46.0,8.0,581.0
52.0,-46.0,8.0,581.0
54.0,-46.0,8.0,581.0
56.0,-46.0,8.0,581.0
58.0,-46.0,8.0,581.0
60.0,-46.0,8.0,133.0
62.0,-46.0,8.0,133.0
64.0,-46.0,8.0,133.0
66.0,-46.0,8.0,467.0
68.0,-46.0,8.0,467.0
-68.0,-44.0,8.0,42.0
-66.0,-44.0,8.0,42.0
-64.0,-44.0,8.0,117.0
-62.0,-44.0,8.0,117.0
-60.0,-44.0,8.0,117.0
-58.0,-44.0,8.0,117.0
-56.0,-44.0,8.0,117.0
-54.0,-44.0,8.0,117.0
-52.0,-44.0,8.0,117.0
-50.0,-44.0,8.0,117.0
-48.0,-44.0,8.0,496.0
-12.0,-44.0,8.0,406.0
-10.0,-44.0,8.0,473.0
-8.0,-44.0,8.0,473.0
-6.0,-44.0,8.0,473.0
6.0,-44.0,8.0,551.0
8.0,-44.0,8.0,551.0
10.0,-44.0,8.0,551.0
12.0,-44.0,8.0,551.0
46.0,-44.0,8.0,581.0
48.0,-44.0,8.0,581.0
50.0,-44.0,8.0,581.0
52.0,-44.0,8.0,581.0
54.0,-44.0,8.0,581.0
56.0,-44.0,8.0,133.0
58.0,-44.0,8.0,133.0
60.0,-44.0,8.0,133.0
62.0,-44.0,8.0,133.0
64.0,-44.0,8.0,133.0
66.0,-44.0,8.0,467.0
68.0,-44.0,8.0,467.0
-70.0,-42.0,8.0,42.0
-68.0,-42.0,8.0,117.0
-66.0,-42.0,8.0,117.0
-64.0,-42.0,8.0,117.0
-62.0,-42.0,8.0,117.0
-60.0,-42.0,8.0,117.0
-58.0,-42.0,8.0,117.0
-56.0,-42.0,8.0,117.0
-54.0,-42.0,8.0,117.0
-52.0,-42.0,8.0,117.0
-50.0,-42.0,8.0,117.0
-48.0,-42.0,8.0,496.0
-46.0,-42.0,8.0,496.0
-44.0,-42.0,8.0,496.0
-12.0,-42.0,8.0,473.0
-10.0,-42.0,8.0,473.0
-8.0,-42.0,8.0,473.0
-6.0,-42.0,8.0,473.0
46.0,-42.0,8.0,581.0
48.0,-42.0,8.0,581.0
50.0,-42.0,8.0,133.0
52.0,-42.0,8.0,133.0
54.0,-42.0,8.0,133.0
56.0,-42.0,8.0,133.0
58.0,-42.0,8.0,133.0
60.0,-42.0,8.0,133.0
62.0,-42.0,8.0,133.0
64.0,-42.0,8.0,467.0
66.0,-42.0,8.0,467.0
68.0,-42.0,8.0,467.0
-70.0,-40.0,8.0,117.0
-68.0,-40.0,8.0,117.0
-66.0,-40.0,8.0,117.0
-64.0,-40.0,8.0,117.0
-62.0,-40.0,8.0,117.0
-60.0,-40.0,8.0,117.0
-58.0,-40.0,8.0,117.0
-56.0,-40.0,8.0,117.0
-54.0,-40.0,8.0,117.0
-52.0,-40.0,8.0,117.0
-50.0,-40.0,8.0,496.0
-48.0,-40.0,8.0,496.0
-46.0,-40.0,8.0,496.0
-44.0,-40.0,8.0,496.0
-12.0,-40.0,8.0,473.0
-10.0,-40.0,8.0,473.0
-8.0,-40.0,8.0,473.0
46.0,-40.0,8.0,133.0
48.0,-40.0,8.0,133.0
50.0,-40.0,8.0,133.0
52.0,-40.0,8.0,133.0
54.0,-40.0,8.0,133.0
56.0,-40.0,8.0,133.0
58.0,-40.0,8.0,133.0
60.0,-40.0,8.0,133.0
62.0,-40.0,8.0,133.0
64.0,-40.0,8.0,467.0
66.0,-40.0,8.0,467.0
68.0,-40.0,8.0,467.0
-70.0,-38.0,8.0,117.0
-68.0,-38.0,8.0,117.0
-66.0,-38.0,8.0,117.0
-64.0,-38.0,8.0,117.0
-62.0,-38.0,8.0,117.0
-60.0,-38.0,8.0,117.0
-58.0,-38.0,8.0,117.0
-56.0,-38.0,8.0,117.0
-54.0,-38.0,8.0,117.0
-52.0,-38.0,8.0,117.0
-50.0,-38.0,8.0,496.0
-48.0,-38.0,8.0,496.0
-46.0,-38.0,8.0,496.0
-44.0,-38.0,8.0,496.0
-12.0,-38.0,8.0,473.0
-10.0,-38.0,8.0,473.0
48.0,-38.0,8.0,133.0
50.0,-38.0,8.0,133.0
52.0,-38.0,8.0,133.0
54.0,-38.0,8.0,133.0
56.0,-38.0,8.0,133.0
58.0,-38.0,8.0,133.0
60.0,-38.0,8.0,133.0
62.0,-38.0,8.0,133.0
64.0,-38.0,8.0,467.0
66.0,-38.0,8.0,467.0
68.0,-38.0,8.0,467.0
-70.0,-36.0,8.0,117.0
-68.0,-36.0,8.0,117.0
-66.0,-36.0,8.0,117.0
-64.0,-36.0,8.0,117.0
-62.0,-36.0,8.0,117.0
-60.0,-36.0,8.0,117.0
-58.0,-36.0,8.0,117.0
-56.0,-36.0,8.0,117.0
-54.0,-36.0,8.0,117.0
-52.0,-36.0,8.0,496.0
-50.0,-36.0,8.0,496.0
-48.0,-36.0,8.0,496.0
-46.0,-36.0,8.0,496.0
-44.0,-36.0,8.0,496.0
38.0,-36.0,8.0,211.0
40.0,-36.0,8.0,211.0
42.0,-36.0,8.0,211.0
44.0,-36.0,8.0,211.0
46.0,-36.0,8.0,211.0
50.0,-36.0,8.0,133.0
52.0,-36.0,8.0,133.0
54.0,-36.0,8.0,133.0
56.0,-36.0,8.0,133.0
58.0,-36.0,8.0,133.0
60.0,-36.0,8.0,133.0
62.0,-36.0,8.0,133.0
64.0,-36.0,8.0,467.0
66.0,-36.0,8.0,467.0
68.0,-36.0,8.0,467.0
-70.0,-34.0,8.0,194.0
-68.0,-34.0,8.0,162.0
-66.0,-34.0,8.0,117.0
-64.0,-34.0,8.0,117.0
-62.0,-34.0,8.0,117.0
-60.0,-34.0,8.0,117.0
-58.0,-34.0,8.0,117.0
-56.0,-34.0,8.0,117.0
-54.0,-34.0,8.0,153.0
-52.0,-34.0,8.0,153.0
-50.0,-34.0,8.0,153.0
-48.0,-34.0,8.0,153.0
-46.0,-34.0,8.0,496.0
-44.0,-34.0,8.0,496.0
12.0,-34.0,8.0,24.0
14.0,-34.0,8.0,24.0
16.0,-34.0,8.0,24.0
38.0,-34.0,8.0,211.0
40.0,-34.0,8.0,211.0
42.0,-34.0,8.0,211.0
44.0,-34.0,8.0,211.0
46.0,-34.0,8.0,211.0
48.0,-34.0,8.0,211.0
50.0,-34.0,8.0,133.0
56.0,-34.0,8.0,133.0
58.0,-34.0,8.0,133.0
60.0,-34.0,8.0,133.0
62.0,-34.0,8.0,133.0
64.0,-34.0,8.0,467.0
66.0,-34.0,8.0,467.0
68.0,-34.0,8.0,467.0
-70.0,-32.0,8.0,194.0
-68.0,-32.0,8.0,162.0
-66.0,-32.0,8.0,162.0
-64.0,-32.0,8.0,162.0
-62.0,-32.0,8.0,162.0
-60.0,-32.0,8.0,162.0
-58.0,-32.0,8.0,162.0
-56.0,-32.0,8.0,153.0
-54.0,-32.0,8.0,153.0
-52.0,-32.0,8.0,153.0
-50.0,-32.0,8.0,153.0
-48.0,-32.0,8.0,153.0
-46.0,-32.0,8.0,153.0
10.0,-32.0,8.0,24.0
12.0,-32.0,8.0,24.0
14.0,-32.0,8.0,24.0
16.0,-32.0,8.0,24.0
18.0,-32.0,8.0,24.0
20.0,-32.0,8.0,24.0
38.0,-32.0,8.0,211.0
40.0,-32.0,8.0,211.0
42.0,-32.0,8.0,211.0
44.0,-32.0,8.0,211.0
46.0,-32.0,8.0,211.0
48.0,-32.0,8.0,211.0
50.0,-32.0,8.0,133.0
52.0,-32.0,8.0,133.0
56.0,-32.0,8.0,133.0
58.0,-32.0,8.0,133.0
60.0,-32.0,8.0,133.0
62.0,-32.0,8.0,184.0
64.0,-32.0,8.0,184.0
66.0,-32.0,8.0,184.0
68.0,-32.0,8.0,184.0
70.0,-32.0,8.0,467.0
-70.0,-30.0,8.0,194.0
-68.0,-30.0,8.0,194.0
-66.0,-30.0,8.0,162.0
-64.0,-30.0,8.0,162.0
-62.0,-30.0,8.0,162.0
-60.0,-30.0,8.0,162.0
-58.0,-30.0,8.0,162.0
-56.0,-30.0,8.0,153.0
-50.0,-30.0,8.0,153.0
-48.0,-30.0,8.0,153.0
-20.0,-30.0,8.0,577.0
-18.0,-30.0,8.0,577.0
-16.0,-30.0,8.0,577.0
-14.0,-30.0,8.0,577.0
-12.0,-30.0,8.0,216.0
6.0,-30.0,8.0,24.0
8.0,-30.0,8.0,24.0
10.0,-30.0,8.0,24.0
12.0,-30.0,8.0,24.0
14.0,-30.0,8.0,24.0
16.0,-30.0,8.0,24.0
18.0,-30.0,8.0,24.0
20.0,-30.0,8.0,24.0
22.0,-30.0,8.0,24.0
38.0,-30.0,8.0,246.0
40.0,-30.0,8.0,211.0
42.0,-30.0,8.0,211.0
44.0,-30.0,8.0,211.0
46.0,-30.0,8.0,211.0
48.0,-30.0,8.0,211.0
50.0,-30.0,8.0,211.0
52.0,-30.0,8.0,133.0
54.0,-30.0,8.0,133.0
56.0,-30.0,8.0,133.0
58.0,-30.0,8.0,184.0
60.0,-30.0,8.0,184.0
62.0,-30.0,8.0,184.0
64.0,-30.0,8.0,184.0
66.0,-30.0,8.0,184.0
68.0,-30.0,8.0,184.0
70.0,-30.0,8.0,184.0
-68.0,-28.0,8.0,194.0
-66.0,-28.0,8.0,194.0
-64.0,-28.0,8.0,162.0
-62.0,-28.0,8.0,162.0
-60.0,-28.0,8.0,162.0
-58.0,-28.0,8.0,162.0
-56.0,-28.0,8.0,162.0
-50.0,-28.0,8.0,131.0
-48.0,-28.0,8.0,131.0
-24.0,-28.0,8.0,577.0
-22.0,-28.0,8.0,577.0
-20.0,-28.0,8.0,577.0
-18.0,-28.0,8.0,577.0
-16.0,-28.0,8.0,577.0
-14.0,-28.0,8.0,577.0
-12.0,-28.0,8.0,216.0
-10.0,-28.0,8.0,216.0
-8.0,-28.0,8.0,216.0
4.0,-28.0,8.0,24.0
6.0,-28.0,8.0,24.0
8.0,-28.0,8.0,24.0
10.0,-28.0,8.0,24.0
12.0,-28.0,8.0,24.0
14.0,-28.0,8.0,24.0
16.0,-28.0,8.0,24.0
18.0,-28.0,8.0,24.0
20.0,-28.0,8.0,24.0
22.0,-28.0,8.0,24.0
40.0,-28.0,8.0,211.0
42.0,-28.0,8.0,211.0
44.0,-28.0,8.0,211.0
46.0,-28.0,8.0,211.0
48.0,-28.0,8.0,211.0
50.0,-28.0,8.0,211.0
52.0,-28.0,8.0,460.0
54.0,-28.0,8.0,460.0
56.0,-28.0,8.0,460.0
58.0,-28.0,8.0,460.0
60.0,-28.0,8.0,184.0
62.0,-28.0,8.0,184.0
64.0,-28.0,8.0,184.0
66.0,-28.0,8.0,184.0
68.0,-28.0,8.0,184.0
70.0,-28.0,8.0,184.0
-70.0,-26.0,8.0,194.0
-68.0,-26.0,8.0,194.0
-66.0,-26.0,8.0,194.0
-64.0,-26.0,8.0,162.0
-62.0,-26.0,8.0,162.0
-60.0,-26.0,8.0,162.0
-58.0,-26.0,8.0,162.0
-56.0,-26.0,8.0,162.0
-54.0,-26.0,8.0,131.0
-52.0,-26.0,8.0,131.0
-50.0,-26.0,8.0,131.0
-48.0,-26.0,8.0,131.0
-26.0,-26.0,8.0,577.0
-24.0,-26.0,8.0,577.0
-22.0,-26.0,8.0,577.0
-20.0,-26.0,8.0,577.0
-18.0,-26.0,8.0,577.0
-16.0,-26.0,8.0,577.0
-14.0,-26.0,8.0,577.0
-12.0,-26.0,8.0,216.0
-10.0,-26.0,8.0,216.0
-8.0,-26.0,8.0,216.0
4.0,-26.0,8.0,104.0
6.0,-26.0,8.0,24.0
8.0,-26.0,8.0,24.0
10.0,-26.0,8.0,24.0
12.0,-26.0,8.0,24.0
14.0,-26.0,8.0,24.0
16.0,-26.0,8.0,24.0
18.0,-26.0,8.0,24.0
20.0,-26.0,8.0,24.0
22.0,-26.0,8.0,24.0
34.0,-26.0,8.0,246.0
36.0,-26.0,8.0,246.0
38.0,-26.0,8.0,246.0
42.0,-26.0,8.0,211.0
44.0,-26.0,8.0,211.0
46.0,-26.0,8.0,211.0
48.0,-26.0,8.0,211.0
50.0,-26.0,8.0,211.0
52.0,-26.0,8.0,460.0
54.0,-26.0,8.0,460.0
56.0,-26.0,8.0,460.0
58.0,-26.0,8.0,460.0
60.0,-26.0,8.0,184.0
62.0,-26.0,8.0,184.0
64.0,-26.0,8.0,184.0
66.0,-26.0,8.0,184.0
68.0,-26.0,8.0,184.0
70.0,-26.0,8.0,184.0
-70.0,-24.0,8.0,194.0
-68.0,-24.0,8.0,194.0
-66.0,-24.0,8.0,194.0
-64.0,-24.0,8.0,66.0
-62.0,-24.0,8.0,66.0
-60.0,-24.0,8.0,162.0
-58.0,-24.0,8.0,162.0
-56.0,-24.0,8.0,162.0
-54.0,-24.0,8.0,162.0
-52.0,-24.0,8.0,131.0
-50.0,-24.0,8.0,131.0
-48.0,-24.0,8.0,131.0
-46.0,-24.0,8.0,131.0
-24.0,-24.0,8.0,577.0
-22.0,-24.0,8.0,577.0
-20.0,-24.0,8.0,577.0
-18.0,-24.0,8.0,577.0
-16.0,-24.0,8.0,577.0
-14.0,-24.0,8.0,216.0
-12.0,-24.0,8.0,216.0
-10.0,-24.0,8.0,216.0
-8.0,-24.0,8.0,104.0
-6.0,-24.0,8.0,104.0
2.0,-24.0,8.0,104.0
4.0,-24.0,8.0,104.0
6.0,-24.0,8.0,104.0
8.0,-24.0,8.0,24.0
10.0,-24.0,8.0,24.0
12.0,-24.0,8.0,24.0
14.0,-24.0,8.0,24.0
16.0,-24.0,8.0,24.0
18.0,-24.0,8.0,24.0
20.0,-24.0,8.0,24.0
22.0,-24.0,8.0,24.0
32.0,-24.0,8.0,246.0
34.0,-24.0,8.0,246.0
36.0,-24.0,8.0,246.0
38.0,-24.0,8.0,246.0
40.0,-24.0,8.0,246.0
42.0,-24.0,8.0,211.0
44.0,-24.0,8.0,211.0
46.0,-24.0,8.0,211.0
48.0,-24.0,8.0,211.0
50.0,-24.0,8.0,460.0
52.0,-24.0,8.0,460.0
54.0,-24.0,8.0,460.0
56.0,-24.0,8.0,460.0
58.0,-24.0,8.0,460.0
60.0,-24.0,8.0,460.0
62.0,-24.0,8.0,184.0
64.0,-24.0,8.0,184.0
66.0,-24.0,8.0,184.0
68.0,-24.0,8.0,319.0
-70.0,-22.0,8.0,194.0
-68.0,-22.0,8.0,194.0
-66.0,-22.0,8.0,194.0
-64.0,-22.0,8.0,66.0
-62.0,-22.0,8.0,66.0
-60.0,-22.0,8.0,66.0
-58.0,-22.0,8.0,66.0
-56.0,-22.0,8.0,162.0
-54.0,-22.0,8.0,162.0
-52.0,-22.0,8.0,131.0
-50.0,-22.0,8.0,131.0
-48.0,-22.0,8.0,131.0
-46.0,-22.0,8.0,131.0
-44.0,-22.0,8.0,131.0
-42.0,-22.0,8.0,131.0
-40.0,-22.0,8.0,131.0
-38.0,-22.0,8.0,237.0
-34.0,-22.0,8.0,237.0
-24.0,-22.0,8.0,577.0
-22.0,-22.0,8.0,577.0
-20.0,-22.0,8.0,577.0
-18.0,-22.0,8.0,577.0
-16.0,-22.0,8.0,577.0
-14.0,-22.0,8.0,216.0
-12.0,-22.0,8.0,216.0
-10.0,-22.0,8.0,443.0
-8.0,-22.0,8.0,443.0
-6.0,-22.0,8.0,104.0
-4.0,-22.0,8.0,104.0
2.0,-22.0,8.0,104.0
4.0,-22.0,8.0,104.0
6.0,-22.0,8.0,104.0
8.0,-22.0,8.0,24.0
10.0,-22.0,8.0,24.0
12.0,-22.0,8.0,24.0
14.0,-22.0,8.0,24.0
16.0,-22.0,8.0,24.0
18.0,-22.0,8.0,24.0
20.0,-22.0,8.0,24.0
22.0,-22.0,8.0,24.0
32.0,-22.0,8.0,246.0
34.0,-22.0,8.0,246.0
36.0,-22.0,8.0,246.0
38.0,-22.0,8.0,246.0
40.0,-22.0,8.0,246.0
42.0,-22.0,8.0,246.0
44.0,-22.0,8.0,211.0
46.0,-22.0,8.0,211.0
48.0,-22.0,8.0,211.0
50.0,-22.0,8.0,460.0
52.0,-22.0,8.0,460.0
54.0,-22.0,8.0,460.0
56.0,-22.0,8.0,460.0
58.0,-22.0,8.0,460.0
60.0,-22.0,8.0,460.0
62.0,-22.0,8.0,460.0
64.0,-22.0,8.0,184.0
66.0,-22.0,8.0,319.0
68.0,-22.0,8.0,319.0
-70.0,-20.0,8.0,194.0
-68.0,-20.0,8.0,194.0
-66.0,-20.0,8.0,194.0
-64.0,-20.0,8.0,66.0
-62.0,-20.0,8.0,66.0
-60.0,-20.0,8.0,66.0
-58.0,-20.0,8.0,66.0
-56.0,-20.0,8.0,66.0
-54.0,-20.0,8.0,66.0
-52.0,-20.0,8.0,131.0
-50.0,-20.0,8.0,131.0
-48.0,-20.0,8.0,131.0
-46.0,-20.0,8.0,131.0
-44.0,-20.0,8.0,131.0
-42.0,-20.0,8.0,237.0
-40.0,-20.0,8.0,237.0
-38.0,-20.0,8.0,237.0
-36.0,-20.0,8.0,237.0
-34.0,-20.0,8.0,237.0
-24.0,-20.0,8.0,577.0
-22.0,-20.0,8.0,577.0
-20.0,-20.0,8.0,577.0
-18.0,-20.0,8.0,577.0
-16.0,-20.0,8.0,577.0
-14.0,-20.0,8.0,216.0
-12.0,-20.0,8.0,443.0
-10.0,-20.0,8.0,443.0
-8.0,-20.0,8.0,443.0
-6.0,-20.0,8.0,104.0
-4.0,-20.0,8.0,104.0
0.0,-20.0,8.0,104.0
2.0,-20.0,8.0,104.0
4.0,-20.0,8.0,104.0
6.0,-20.0,8.0,104.0
8.0,-20.0,8.0,104.0
10.0,-20.0,8.0,24.0
12.0,-20.0,8.0,24.0
14.0,-20.0,8.0,24.0
16.0,-20.0,8.0,24.0
18.0,-20.0,8.0,111.0
20.0,-20.0,8.0,111.0
22.0,-20.0,8.0,111.0
32.0,-20.0,8.0,246.0
34.0,-20.0,8.0,246.0
36.0,-20.0,8.0,246.0
38.0,-20.0,8.0,246.0
40.0,-20.0,8.0,246.0
42.0,-20.0,8.0,246.0
44.0,-20.0,8.0,211.0
46.0,-20.0,8.0,28.0
48.0,-20.0,8.0,28.0
50.0,-20.0,8.0,460.0
52.0,-20.0,8.0,460.0
54.0,-20.0,8.0,460.0
56.0,-20.0,8.0,460.0
58.0,-20.0,8.0,460.0
60.0,-20.0,8.0,460.0
62.0,-20.0,8.0,460.0
64.0,-20.0,8.0,319.0
66.0,-20.0,8.0,319.0
68.0,-20.0,8.0,319.0
-70.0,-18.0,8.0,194.0
-68.0,-18.0,8.0,194.0
-66.0,-18.0,8.0,194.0
-64.0,-18.0,8.0,66.0
-62.0,-18.0,8.0,66.0
-60.0,-18.0,8.0,66.0
-58.0,-18.0,8.0,66.0
-56.0,-18.0,8.0,66.0
-54.0,-18.0,8.0,354.0
-52.0,-18.0,8.0,354.0
-50.0,-18.0,8.0,131.0
-48.0,-18.0,8.0,131.0
-46.0,-18.0,8.0,131.0
-44.0,-18.0,8.0,237.0
-42.0,-18.0,8.0,237.0
-40.0,-18.0,8.0,237.0
-38.0,-18.0,8.0,237.0
-36.0,-18.0,8.0,237.0
-34.0,-18.0,8.0,237.0
-24.0,-18.0,8.0,577.0
-22.0,-18.0,8.0,577.0
-20.0,-18.0,8.0,577.0
-18.0,-18.0,8.0,577.0
-16.0,-18.0,8.0,257.0
-14.0,-18.0,8.0,443.0
-12.0,-18.0,8.0,443.0
-10.0,-18.0,8.0,443.0
-8.0,-18.0,8.0,443.0
-6.0,-18.0,8.0,443.0
-4.0,-18.0,8.0,104.0
-2.0,-18.0,8.0,104.0
0.0,-18.0,8.0,104.0
2.0,-18.0,8.0,104.0
4.0,-18.0,8.0,104.0
6.0,-18.0,8.0,104.0
8.0,-18.0,8.0,104.0
10.0,-18.0,8.0,104.0
12.0,-18.0,8.0,111.0
14.0,-18.0,8.0,111.0
16.0,-18.0,8.0,111.0
18.0,-18.0,8.0,111.0
20.0,-18.0,8.0,111.0
28.0,-18.0,8.0,111.0
34.0,-18.0,8.0,116.0
36.0,-18.0,8.0,116.0
38.0,-18.0,8.0,116.0
42.0,-18.0,8.0,28.0
44.0,-18.0,8.0,28.0
46.0,-18.0,8.0,28.0
48.0,-18.0,8.0,329.0
50.0,-18.0,8.0,329.0
52.0,-18.0,8.0,329.0
54.0,-18.0,8.0,460.0
56.0,-18.0,8.0,460.0
58.0,-18.0,8.0,460.0
60.0,-18.0,8.0,460.0
62.0,-18.0,8.0,460.0
64.0,-18.0,8.0,319.0
66.0,-18.0,8.0,319.0
68.0,-18.0,8.0,319.0
-70.0,-16.0,8.0,194.0
-68.0,-16.0,8.0,194.0
-66.0,-16.0,8.0,194.0
-64.0,-16.0,8.0,66.0
-62.0,-16.0,8.0,66.0
-60.0,-16.0,8.0,66.0
-58.0,-16.0,8.0,354.0
-56.0,-16.0,8.0,354.0
-54.0,-16.0,8.0,354.0
-52.0,-16.0,8.0,354.0
-50.0,-16.0,8.0,354.0
-48.0,-16.0,8.0,166.0
-46.0,-16.0,8.0,237.0
-44.0,-16.0,8.0,237.0
-42.0,-16.0,8.0,237.0
-40.0,-16.0,8.0,237.0
-38.0,-16.0,8.0,237.0
-36.0,-16.0,8.0,237.0
-34.0,-16.0,8.0,237.0
-24.0,-16.0,8.0,577.0
-22.0,-16.0,8.0,577.0
-20.0,-16.0,8.0,257.0
-18.0,-16.0,8.0,257.0
-16.0,-16.0,8.0,257.0
-14.0,-16.0,8.0,443.0
-12.0,-16.0,8.0,443.0
-10.0,-16.0,8.0,443.0
-8.0,-16.0,8.0,443.0
-6.0,-16.0,8.0,443.0
-4.0,-16.0,8.0,104.0
-2.0,-16.0,8.0,104.0
0.0,-16.0,8.0,104.0
2.0,-16.0,8.0,104.0
4.0,-16.0,8.0,104.0
6.0,-16.0,8.0,104.0
8.0,-16.0,8.0,104.0
10.0,-16.0,8.0,104.0
12.0,-16.0,8.0,111.0
14.0,-16.0,8.0,111.0
16.0,-16.0,8.0,111.0
18.0,-16.0,8.0,111.0
20.0,-16.0,8.0,111.0
26.0,-16.0,8.0,111.0
28.0,-16.0,8.0,124.0
30.0,-16.0,8.0,124.0
34.0,-16.0,8.0,116.0
36.0,-16.0,8.0,116.0
38.0,-16.0,8.0,116.0
40.0,-16.0,8.0,116.0
44.0,-16.0,8.0,28.0
46.0,-16.0,8.0,28.0
48.0,-16.0,8.0,329.0
50.0,-16.0,8.0,329.0
52.0,-16.0,8.0,329.0
54.0,-16.0,8.0,329.0
56.0,-16.0,8.0,460.0
58.0,-16.0,8.0,460.0
60.0,-16.0,8.0,460.0
62.0,-16.0,8.0,460.0
64.0,-16.0,8.0,319.0
66.0,-16.0,8.0,319.0
-70.0,-14.0,8.0,194.0
-68.0,-14.0,8.0,194.0
-66.0,-14.0,8.0,194.0
-64.0,-14.0,8.0,66.0
-62.0,-14.0,8.0,66.0
-60.0,-14.0,8.0,354.0
-58.0,-14.0,8.0,354.0
-56.0,-14.0,8.0,354.0
-54.0,-14.0,8.0,354.0
-52.0,-14.0,8.0,354.0
-50.0,-14.0,8.0,354.0
-48.0,-14.0,8.0,166.0
-46.0,-14.0,8.0,166.0
-40.0,-14.0,8.0,179.0
-38.0,-14.0,8.0,179.0
-36.0,-14.0,8.0,179.0
-30.0,-14.0,8.0,577.0
-24.0,-14.0,8.0,577.0
-22.0,-14.0,8.0,257.0
-20.0,-14.0,8.0,257.0
-18.0,-14.0,8.0,257.0
-16.0,-14.0,8.0,257.0
-14.0,-14.0,8.0,443.0
-12.0,-14.0,8.0,443.0
-10.0,-14.0,8.0,443.0
-8.0,-14.0,8.0,443.0
-6.0,-14.0,8.0,443.0
-4.0,-14.0,8.0,443.0
-2.0,-14.0,8.0,248.0
0.0,-14.0,8.0,248.0
2.0,-14.0,8.0,248.0
4.0,-14.0,8.0,248.0
6.0,-14.0,8.0,248.0
8.0,-14.0,8.0,248.0
10.0,-14.0,8.0,248.0
12.0,-14.0,8.0,111.0
14.0,-14.0,8.0,111.0
16.0,-14.0,8.0,111.0
18.0,-14.0,8.0,111.0
26.0,-14.0,8.0,124.0
28.0,-14.0,8.0,124.0
30.0,-14.0,8.0,124.0
36.0,-14.0,8.0,116.0
38.0,-14.0,8.0,116.0
40.0,-14.0,8.0,28.0
46.0,-14.0,8.0,329.0
48.0,-14.0,8.0,329.0
50.0,-14.0,8.0,329.0
52.0,-14.0,8.0,329.0
54.0,-14.0,8.0,329.0
56.0,-14.0,8.0,329.0
58.0,-14.0,8.0,329.0
60.0,-14.0,8.0,460.0
62.0,-14.0,8.0,319.0
64.0,-14.0,8.0,319.0
-68.0,-12.0,8.0,194.0
-66.0,-12.0,8.0,194.0
-64.0,-12.0,8.0,354.0
-62.0,-12.0,8.0,354.0
-60.0,-12.0,8.0,354.0
-58.0,-12.0,8.0,354.0
-56.0,-12.0,8.0,354.0
-54.0,-12.0,8.0,354.0
-52.0,-12.0,8.0,354.0
-50.0,-12.0,8.0,166.0
-48.0,-12.0,8.0,166.0
-42.0,-12.0,8.0,179.0
-40.0,-12.0,8.0,179.0
-38.0,-12.0,8.0,179.0
-36.0,-12.0,8.0,179.0
-32.0,-12.0,8.0,223.0
-30.0,-12.0,8.0,223.0
-28.0,-12.0,8.0,577.0
-22.0,-12.0,8.0,257.0
-20.0,-12.0,8.0,257.0
-18.0,-12.0,8.0,257.0
-16.0,-12.0,8.0,443.0
-14.0,-12.0,8.0,443.0
-12.0,-12.0,8.0,443.0
-10.0,-12.0,8.0,443.0
-8.0,-12.0,8.0,443.0
-6.0,-12.0,8.0,443.0
-4.0,-12.0,8.0,443.0
-2.0,-12.0,8.0,248.0
0.0,-12.0,8.0,248.0
2.0,-12.0,8.0,248.0
4.0,-12.0,8.0,248.0
6.0,-12.0,8.0,248.0
8.0,-12.0,8.0,248.0
10.0,-12.0,8.0,248.0
12.0,-12.0,8.0,111.0
14.0,-12.0,8.0,111.0
16.0,-12.0,8.0,111.0
26.0,-12.0,8.0,124.0
28.0,-12.0,8.0,124.0
30.0,-12.0,8.0,124.0
34.0,-12.0,8.0,124.0
36.0,-12.0,8.0,124.0
38.0,-12.0,8.0,116.0
40.0,-12.0,8.0,28.0
48.0,-12.0,8.0,329.0
50.0,-12.0,8.0,329.0
52.0,-12.0,8.0,329.0
54.0,-12.0,8.0,329.0
56.0,-12.0,8.0,329.0
58.0,-12.0,8.0,329.0
-68.0,-10.0,8.0,194.0
-66.0,-10.0,8.0,194.0
-64.0,-10.0,8.0,354.0
-62.0,-10.0,8.0,354.0
-60.0,-10.0,8.0,354.0
-58.0,-10.0,8.0,354.0
-56.0,-10.0,8.0,354.0
-54.0,-10.0,8.0,354.0
-52.0,-10.0,8.0,354.0
-50.0,-10.0,8.0,166.0
-48.0,-10.0,8.0,166.0
-42.0,-10.0,8.0,179.0
-40.0,-10.0,8.0,179.0
-38.0,-10.0,8.0,179.0
-36.0,-10.0,8.0,179.0
-32.0,-10.0,8.0,223.0
-30.0,-10.0,8.0,223.0
-28.0,-10.0,8.0,223.0
-20.0,-10.0,8.0,257.0
-18.0,-10.0,8.0,257.0
-16.0,-10.0,8.0,443.0
-14.0,-10.0,8.0,443.0
-12.0,-10.0,8.0,443.0
-10.0,-10.0,8.0,443.0
-8.0,-10.0,8.0,443.0
-6.0,-10.0,8.0,443.0
-4.0,-10.0,8.0,443.0
-2.0,-10.0,8.0,248.0
0.0,-10.0,8.0,248.0
2.0,-10.0,8.0,248.0
4.0,-10.0,8.0,248.0
6.0,-10.0,8.0,248.0
8.0,-10.0,8.0,248.0
10.0,-10.0,8.0,248.0
12.0,-10.0,8.0,111.0
14.0,-10.0,8.0,111.0
16.0,-10.0,8.0,111.0
24.0,-10.0,8.0,124.0
26.0,-10.0,8.0,124.0
28.0,-10.0,8.0,124.0
30.0,-10.0,8.0,124.0
34.0,-10.0,8.0,124.0
36.0,-10.0,8.0,124.0
38.0,-10.0,8.0,124.0
40.0,-10.0,8.0,28.0
44.0,-10.0,8.0,329.0
46.0,-10.0,8.0,329.0
48.0,-10.0,8.0,329.0
54.0,-10.0,8.0,329.0
56.0,-10.0,8.0,329.0
58.0,-10.0,8.0,209.0
-66.0,-8.0,8.0,354.0
-64.0,-8.0,8.0,354.0
-62.0,-8.0,8.0,354.0
-60.0,-8.0,8.0,354.0
-58.0,-8.0,8.0,354.0
-56.0,-8.0,8.0,354.0
-54.0,-8.0,8.0,354.0
-52.0,-8.0,8.0,166.0
-50.0,-8.0,8.0,166.0
-48.0,-8.0,8.0,166.0
-46.0,-8.0,8.0,166.0
-44.0,-8.0,8.0,166.0
-42.0,-8.0,8.0,179.0
-40.0,-8.0,8.0,179.0
-38.0,-8.0,8.0,179.0
-36.0,-8.0,8.0,223.0
-32.0,-8.0,8.0,223.0
-30.0,-8.0,8.0,223.0
-28.0,-8.0,8.0,223.0
-20.0,-8.0,8.0,257.0
-18.0,-8.0,8.0,257.0
-16.0,-8.0,8.0,443.0
-14.0,-8.0,8.0,443.0
-12.0,-8.0,8.0,443.0
-10.0,-8.0,8.0,443.0
-8.0,-8.0,8.0,443.0
-6.0,-8.0,8.0,443.0
-4.0,-8.0,8.0,443.0
-2.0,-8.0,8.0,248.0
0.0,-8.0,8.0,248.0
2.0,-8.0,8.0,248.0
4.0,-8.0,8.0,248.0
6.0,-8.0,8.0,248.0
8.0,-8.0,8.0,248.0
10.0,-8.0,8.0,248.0
12.0,-8.0,8.0,111.0
14.0,-8.0,8.0,111.0
24.0,-8.0,8.0,124.0
26.0,-8.0,8.0,124.0
28.0,-8.0,8.0,124.0
30.0,-8.0,8.0,124.0
34.0,-8.0,8.0,124.0
36.0,-8.0,8.0,124.0
38.0,-8.0,8.0,124.0
40.0,-8.0,8.0,355.0
42.0,-8.0,8.0,355.0
44.0,-8.0,8.0,329.0
46.0,-8.0,8.0,329.0
48.0,-8.0,8.0,329.0
50.0,-8.0,8.0,329.0
-66.0,-6.0,8.0,354.0
-64.0,-6.0,8.0,354.0
-62.0,-6.0,8.0,354.0
-60.0,-6.0,8.0,354.0
-58.0,-6.0,8.0,354.0
-56.0,-6.0,8.0,354.0
-54.0,-6.0,8.0,544.0
-52.0,-6.0,8.0,544.0
-50.0,-6.0,8.0,347.0
-48.0,-6.0,8.0,347.0
-46.0,-6.0,8.0,347.0
-44.0,-6.0,8.0,347.0
-42.0,-6.0,8.0,179.0
-40.0,-6.0,8.0,179.0
-38.0,-6.0,8.0,223.0
-36.0,-6.0,8.0,223.0
-32.0,-6.0,8.0,223.0
-30.0,-6.0,8.0,223.0
-28.0,-6.0,8.0,434.0
-26.0,-6.0,8.0,434.0
-18.0,-6.0,8.0,434.0
-16.0,-6.0,8.0,443.0
-14.0,-6.0,8.0,443.0
-12.0,-6.0,8.0,443.0
-10.0,-6.0,8.0,443.0
-8.0,-6.0,8.0,443.0
-6.0,-6.0,8.0,443.0
-4.0,-6.0,8.0,443.0
-2.0,-6.0,8.0,248.0
0.0,-6.0,8.0,248.0
2.0,-6.0,8.0,248.0
4.0,-6.0,8.0,248.0
6.0,-6.0,8.0,248.0
8.0,-6.0,8.0,248.0
10.0,-6.0,8.0,248.0
12.0,-6.0,8.0,111.0
22.0,-6.0,8.0,93.0
24.0,-6.0,8.0,124.0
26.0,-6.0,8.0,124.0
28.0,-6.0,8.0,124.0
30.0,-6.0,8.0,124.0
36.0,-6.0,8.0,124.0
38.0,-6.0,8.0,124.0
40.0,-6.0,8.0,355.0
42.0,-6.0,8.0,355.0
44.0,-6.0,8.0,355.0
46.0,-6.0,8.0,329.0
48.0,-6.0,8.0,329.0
50.0,-6.0,8.0,329.0
52.0,-6.0,8.0,329.0
-66.0,-4.0,8.0,354.0
-64.0,-4.0,8.0,354.0
-62.0,-4.0,8.0,354.0
-60.0,-4.0,8.0,544.0
-58.0,-4.0,8.0,544.0
-56.0,-4.0,8.0,544.0
-54.0,-4.0,8.0,544.0
-52.0,-4.0,8.0,544.0
-50.0,-4.0,8.0,347.0
-48.0,-4.0,8.0,347.0
-46.0,-4.0,8.0,347.0
-44.0,-4.0,8.0,347.0
-42.0,-4.0,8.0,274.0
-40.0,-4.0,8.0,223.0
-38.0,-4.0,8.0,223.0
-36.0,-4.0,8.0,223.0
-32.0,-4.0,8.0,223.0
-30.0,-4.0,8.0,223.0
-28.0,-4.0,8.0,434.0
-26.0,-4.0,8.0,434.0
-16.0,-4.0,8.0,434.0
-14.0,-4.0,8.0,443.0
-12.0,-4.0,8.0,443.0
-10.0,-4.0,8.0,443.0
-8.0,-4.0,8.0,443.0
-6.0,-4.0,8.0,443.0
-4.0,-4.0,8.0,443.0
-2.0,-4.0,8.0,248.0
2.0,-4.0,8.0,248.0
4.0,-4.0,8.0,248.0
6.0,-4.0,8.0,248.0
8.0,-4.0,8.0,248.0
10.0,-4.0,8.0,248.0
22.0,-4.0,8.0,93.0
24.0,-4.0,8.0,124.0
26.0,-4.0,8.0,124.0
28.0,-4.0,8.0,124.0
30.0,-4.0,8.0,124.0
36.0,-4.0,8.0,124.0
38.0,-4.0,8.0,124.0
40.0,-4.0,8.0,355.0
42.0,-4.0,8.0,355.0
44.0,-4.0,8.0,355.0
46.0,-4.0,8.0,195.0
48.0,-4.0,8.0,195.0
50.0,-4.0,8.0,209.0
52.0,-4.0,8.0,209.0
54.0,-4.0,8.0,209.0
56.0,-4.0,8.0,209.0
58.0,-4.0,8.0,209.0
-66.0,-2.0,8.0,544.0
-64.0,-2.0,8.0,544.0
-62.0,-2.0,8.0,544.0
-60.0,-2.0,8.0,544.0
-58.0,-2.0,8.0,544.0
-56.0,-2.0,8.0,544.0
-54.0,-2.0,8.0,544.0
-52.0,-2.0,8.0,544.0
-50.0,-2.0,8.0,347.0
-48.0,-2.0,8.0,347.0
-46.0,-2.0,8.0,347.0
-44.0,-2.0,8.0,347.0
-42.0,-2.0,8.0,274.0
-40.0,-2.0,8.0,274.0
-38.0,-2.0,8.0,223.0
-36.0,-2.0,8.0,223.0
-32.0,-2.0,8.0,223.0
-30.0,-2.0,8.0,223.0
-28.0,-2.0,8.0,434.0
-26.0,-2.0,8.0,434.0
-24.0,-2.0,8.0,434.0
-14.0,-2.0,8.0,434.0
-12.0,-2.0,8.0,443.0
-10.0,-2.0,8.0,443.0
-8.0,-2.0,8.0,443.0
-6.0,-2.0,8.0,443.0
-4.0,-2.0,8.0,443.0
22.0,-2.0,8.0,93.0
24.0,-2.0,8.0,124.0
26.0,-2.0,8.0,124.0
28.0,-2.0,8.0,124.0
30.0,-2.0,8.0,124.0
36.0,-2.0,8.0,124.0
38.0,-2.0,8.0,124.0
40.0,-2.0,8.0,355.0
42.0,-2.0,8.0,355.0
44.0,-2.0,8.0,355.0
46.0,-2.0,8.0,195.0
48.0,-2.0,8.0,195.0
50.0,-2.0,8.0,195.0
52.0,-2.0,8.0,195.0
54.0,-2.0,8.0,209.0
56.0,-2.0,8.0,209.0
58.0,-2.0,8.0,209.0
60.0,-2.0,8.0,209.0
-66.0,-0.0,8.0,544.0
-64.0,-0.0,8.0,544.0
-62.0,-0.0,8.0,544.0
-60.0,-0.0,8.0,544.0
-58.0,-0.0,8.0,544.0
-56.0,-0.0,8.0,544.0
-54.0,-0.0,8.0,544.0
-52.0,-0.0,8.0,544.0
-50.0,-0.0,8.0,544.0
-48.0,-0.0,8.0,347.0
-46.0,-0.0,8.0,347.0
-44.0,-0.0,8.0,347.0
-42.0,-0.0,8.0,274.0
-40.0,-0.0,8.0,274.0
-38.0,-0.0,8.0,274.0
-36.0,-0.0,8.0,223.0
-32.0,-0.0,8.0,223.0
-30.0,-0.0,8.0,434.0
-28.0,-0.0,8.0,434.0
-26.0,-0.0,8.0,434.0
-24.0,-0.0,8.0,434.0
-10.0,-0.0,8.0,443.0
-8.0,-0.0,8.0,443.0
-6.0,-0.0,8.0,443.0
-4.0,-0.0,8.0,443.0
20.0,-0.0,8.0,93.0
22.0,-0.0,8.0,93.0
24.0,-0.0,8.0,124.0
26.0,-0.0,8.0,124.0
28.0,-0.0,8.0,124.0
30.0,-0.0,8.0,124.0
34.0,-0.0,8.0,124.0
36.0,-0.0,8.0,124.0
38.0,-0.0,8.0,328.0
40.0,-0.0,8.0,328.0
42.0,-0.0,8.0,328.0
44.0,-0.0,8.0,195.0
46.0,-0.0,8.0,195.0
48.0,-0.0,8.0,195.0
50.0,-0.0,8.0,195.0
52.0,-0.0,8.0,195.0
54.0,-0.0,8.0,195.0
56.0,-0.0,8.0,209.0
58.0,-0.0,8.0,209.0
60.0,-0.0,8.0,209.0
62.0,-0.0,8.0,209.0
-64.0,2.0,8.0,544.0
-62.0,2.0,8.0,544.0
-60.0,2.0,8.0,544.0
-58.0,2.0,8.0,544.0
-56.0,2.0,8.0,544.0
-54.0,2.0,8.0,544.0
-52.0,2.0,8.0,544.0
-50.0,2.0,8.0,544.0
-48.0,2.0,8.0,347.0
-46.0,2.0,8.0,347.0
-42.0,2.0,8.0,274.0
-40.0,2.0,8.0,274.0
-38.0,2.0,8.0,274.0
-36.0,2.0,8.0,274.0
-32.0,2.0,8.0,223.0
-30.0,2.0,8.0,434.0
-28.0,2.0,8.0,434.0
-26.0,2.0,8.0,434.0
-24.0,2.0,8.0,434.0
-22.0,2.0,8.0,434.0
20.0,2.0,8.0,264.0
22.0,2.0,8.0,93.0
24.0,2.0,8.0,124.0
26.0,2.0,8.0,124.0
28.0,2.0,8.0,124.0
30.0,2.0,8.0,124.0
34.0,2.0,8.0,124.0
36.0,2.0,8.0,328.0
38.0,2.0,8.0,328.0
40.0,2.0,8.0,328.0
42.0,2.0,8.0,7.0
44.0,2.0,8.0,195.0
46.0,2.0,8.0,195.0
48.0,2.0,8.0,195.0
50.0,2.0,8.0,195.0
52.0,2.0,8.0,195.0
54.0,2.0,8.0,195.0
56.0,2.0,8.0,195.0
58.0,2.0,8.0,209.0
60.0,2.0,8.0,209.0
62.0,2.0,8.0,209.0
-64.0,4.0,8.0,92.0
-62.0,4.0,8.0,544.0
-60.0,4.0,8.0,544.0
-58.0,4.0,8.0,544.0
-56.0,4.0,8.0,544.0
-54.0,4.0,8.0,544.0
-52.0,4.0,8.0,544.0
-50.0,4.0,8.0,544.0
-48.0,4.0,8.0,347.0
-46.0,4.0,8.0,347.0
-44.0,4.0,8.0,274.0
-42.0,4.0,8.0,274.0
-40.0,4.0,8.0,274.0
-38.0,4.0,8.0,274.0
-36.0,4.0,8.0,274.0
-32.0,4.0,8.0,223.0
-30.0,4.0,8.0,434.0
-28.0,4.0,8.0,434.0
-26.0,4.0,8.0,434.0
-24.0,4.0,8.0,434.0
-22.0,4.0,8.0,434.0
8.0,4.0,8.0,238.0
10.0,4.0,8.0,238.0
20.0,4.0,8.0,264.0
22.0,4.0,8.0,264.0
24.0,4.0,8.0,124.0
26.0,4.0,8.0,124.0
28.0,4.0,8.0,124.0
30.0,4.0,8.0,124.0
32.0,4.0,8.0,124.0
34.0,4.0,8.0,7.0
36.0,4.0,8.0,7.0
38.0,4.0,8.0,7.0
40.0,4.0,8.0,7.0
42.0,4.0,8.0,7.0
44.0,4.0,8.0,427.0
46.0,4.0,8.0,195.0
48.0,4.0,8.0,195.0
50.0,4.0,8.0,195.0
52.0,4.0,8.0,195.0
54.0,4.0,8.0,195.0
56.0,4.0,8.0,195.0
58.0,4.0,8.0,195.0
60.0,4.0,8.0,195.0
62.0,4.0,8.0,209.0
-64.0,6.0,8.0,92.0
-62.0,6.0,8.0,92.0
-60.0,6.0,8.0,544.0
-58.0,6.0,8.0,544.0
-56.0,6.0,8.0,544.0
-54.0,6.0,8.0,544.0
-52.0,6.0,8.0,544.0
-50.0,6.0,8.0,544.0
-48.0,6.0,8.0,544.0
-46.0,6.0,8.0,347.0
-44.0,6.0,8.0,274.0
-42.0,6.0,8.0,274.0
-40.0,6.0,8.0,468.0
-38.0,6.0,8.0,468.0
-36.0,6.0,8.0,468.0
-34.0,6.0,8.0,468.0
-32.0,6.0,8.0,468.0
-30.0,6.0,8.0,434.0
-28.0,6.0,8.0,434.0
-26.0,6.0,8.0,434.0
-24.0,6.0,8.0,434.0
-22.0,6.0,8.0,434.0
-20.0,6.0,8.0,434.0
-12.0,6.0,8.0,434.0
-10.0,6.0,8.0,434.0
-8.0,6.0,8.0,582.0
6.0,6.0,8.0,238.0
8.0,6.0,8.0,238.0
10.0,6.0,8.0,238.0
12.0,6.0,8.0,238.0
20.0,6.0,8.0,264.0
22.0,6.0,8.0,264.0
24.0,6.0,8.0,264.0
26.0,6.0,8.0,124.0
28.0,6.0,8.0,124.0
32.0,6.0,8.0,7.0
34.0,6.0,8.0,7.0
36.0,6.0,8.0,7.0
38.0,6.0,8.0,7.0
40.0,6.0,8.0,7.0
42.0,6.0,8.0,7.0
44.0,6.0,8.0,7.0
46.0,6.0,8.0,427.0
48.0,6.0,8.0,427.0
50.0,6.0,8.0,195.0
52.0,6.0,8.0,195.0
54.0,6.0,8.0,195.0
56.0,6.0,8.0,195.0
58.0,6.0,8.0,195.0
60.0,6.0,8.0,195.0
62.0,6.0,8.0,195.0
-64.0,8.0,8.0,92.0
-62.0,8.0,8.0,92.0
-60.0,8.0,8.0,544.0
-58.0,8.0,8.0,544.0
-56.0,8.0,8.0,544.0
-54.0,8.0,8.0,544.0
-52.0,8.0,8.0,544.0
-50.0,8.0,8.0,544.0
-48.0,8.0,8.0,544.0
-46.0,8.0,8.0,468.0
-44.0,8.0,8.0,468.0
-42.0,8.0,8.0,468.0
-40.0,8.0,8.0,468.0
-38.0,8.0,8.0,468.0
-36.0,8.0,8.0,468.0
-34.0,8.0,8.0,468.0
-30.0,8.0,8.0,468.0
-28.0,8.0,8.0,434.0
-26.0,8.0,8.0,434.0
-24.0,8.0,8.0,434.0
-22.0,8.0,8.0,434.0
-20.0,8.0,8.0,434.0
-12.0,8.0,8.0,434.0
-10.0,8.0,8.0,582.0
-8.0,8.0,8.0,582.0
6.0,8.0,8.0,238.0
8.0,8.0,8.0,238.0
10.0,8.0,8.0,238.0
12.0,8.0,8.0,238.0
20.0,8.0,8.0,264.0
22.0,8.0,8.0,264.0
24.0,8.0,8.0,264.0
26.0,8.0,8.0,264.0
28.0,8.0,8.0,37.0
32.0,8.0,8.0,7.0
34.0,8.0,8.0,7.0
36.0,8.0,8.0,7.0
38.0,8.0,8.0,7.0
40.0,8.0,8.0,7.0
42.0,8.0,8.0,7.0
44.0,8.0,8.0,7.0
46.0,8.0,8.0,427.0
48.0,8.0,8.0,427.0
50.0,8.0,8.0,427.0
52.0,8.0,8.0,195.0
54.0,8.0,8.0,195.0
56.0,8.0,8.0,195.0
58.0,8.0,8.0,195.0
60.0,8.0,8.0,195.0
62.0,8.0,8.0,195.0
-64.0,10.0,8.0,92.0
-62.0,10.0,8.0,359.0
-60.0,10.0,8.0,359.0
-58.0,10.0,8.0,359.0
-56.0,10.0,8.0,359.0
-54.0,10.0,8.0,359.0
-52.0,10.0,8.0,359.0
-50.0,10.0,8.0,359.0
-48.0,10.0,8.0,359.0
-46.0,10.0,8.0,359.0
-44.0,10.0,8.0,468.0
-42.0,10.0,8.0,468.0
-40.0,10.0,8.0,468.0
-38.0,10.0,8.0,468.0
-36.0,10.0,8.0,468.0
-34.0,10.0,8.0,468.0
-32.0,10.0,8.0,468.0
-30.0,10.0,8.0,468.0
-28.0,10.0,8.0,468.0
-26.0,10.0,8.0,434.0
-24.0,10.0,8.0,434.0
-22.0,10.0,8.0,434.0
-14.0,10.0,8.0,448.0
-12.0,10.0,8.0,582.0
-10.0,10.0,8.0,582.0
-8.0,10.0,8.0,582.0
6.0,10.0,8.0,238.0
8.0,10.0,8.0,238.0
10.0,10.0,8.0,238.0
12.0,10.0,8.0,264.0
14.0,10.0,8.0,264.0
20.0,10.0,8.0,264.0
22.0,10.0,8.0,264.0
24.0,10.0,8.0,264.0
26.0,10.0,8.0,264.0
28.0,10.0,8.0,307.0
32.0,10.0,8.0,7.0
34.0,10.0,8.0,7.0
36.0,10.0,8.0,7.0
38.0,10.0,8.0,7.0
40.0,10.0,8.0,7.0
42.0,10.0,8.0,7.0
44.0,10.0,8.0,7.0
46.0,10.0,8.0,427.0
48.0,10.0,8.0,427.0
50.0,10.0,8.0,427.0
52.0,10.0,8.0,427.0
54.0,10.0,8.0,427.0
56.0,10.0,8.0,195.0
58.0,10.0,8.0,195.0
60.0,10.0,8.0,195.0
62.0,10.0,8.0,195.0
-62.0,12.0,8.0,359.0
-60.0,12.0,8.0,359.0
-58.0,12.0,8.0,359.0
-56.0,12.0,8.0,359.0
-54.0,12.0,8.0,359.0
-52.0,12.0,8.0,359.0
-50.0,12.0,8.0,359.0
-48.0,12.0,8.0,359.0
-46.0,12.0,8.0,359.0
-44.0,12.0,8.0,468.0
-42.0,12.0,8.0,468.0
-40.0,12.0,8.0,468.0
-38.0,12.0,8.0,468.0
-36.0,12.0,8.0,468.0
-34.0,12.0,8.0,468.0
-32.0,12.0,8.0,468.0
-28.0,12.0,8.0,468.0
-26.0,12.0,8.0,448.0
-24.0,12.0,8.0,448.0
-22.0,12.0,8.0,448.0
-16.0,12.0,8.0,448.0
-14.0,12.0,8.0,582.0
-12.0,12.0,8.0,582.0
-10.0,12.0,8.0,582.0
-8.0,12.0,8.0,582.0
-6.0,12.0,8.0,582.0
6.0,12.0,8.0,238.0
8.0,12.0,8.0,238.0
10.0,12.0,8.0,238.0
12.0,12.0,8.0,264.0
14.0,12.0,8.0,264.0
16.0,12.0,8.0,264.0
20.0,12.0,8.0,264.0
22.0,12.0,8.0,264.0
24.0,12.0,8.0,264.0
26.0,12.0,8.0,307.0
32.0,12.0,8.0,307.0
34.0,12.0,8.0,7.0
36.0,12.0,8.0,7.0
38.0,12.0,8.0,7.0
40.0,12.0,8.0,7.0
42.0,12.0,8.0,7.0
44.0,12.0,8.0,7.0
46.0,12.0,8.0,7.0
48.0,12.0,8.0,427.0
50.0,12.0,8.0,427.0
52.0,12.0,8.0,427.0
54.0,12.0,8.0,427.0
56.0,12.0,8.0,427.0
58.0,12.0,8.0,195.0
60.0,12.0,8.0,195.0
-62.0,14.0,8.0,359.0
-60.0,14.0,8.0,359.0
-58.0,14.0,8.0,359.0
-56.0,14.0,8.0,359.0
-54.0,14.0,8.0,359.0
-52.0,14.0,8.0,359.0
-50.0,14.0,8.0,359.0
-48.0,14.0,8.0,359.0
-46.0,14.0,8.0,359.0
-44.0,14.0,8.0,468.0
-42.0,14.0,8.0,468.0
-40.0,14.0,8.0,468.0
-38.0,14.0,8.0,468.0
-36.0,14.0,8.0,468.0
-34.0,14.0,8.0,468.0
-32.0,14.0,8.0,468.0
-28.0,14.0,8.0,448.0
-26.0,14.0,8.0,448.0
-24.0,14.0,8.0,448.0
-22.0,14.0,8.0,448.0
-18.0,14.0,8.0,448.0
-16.0,14.0,8.0,448.0
-14.0,14.0,8.0,582.0
-12.0,14.0,8.0,582.0
-10.0,14.0,8.0,582.0
-8.0,14.0,8.0,582.0
-6.0,14.0,8.0,582.0
6.0,14.0,8.0,238.0
8.0,14.0,8.0,238.0
10.0,14.0,8.0,264.0
12.0,14.0,8.0,264.0
14.0,14.0,8.0,264.0
16.0,14.0,8.0,264.0
22.0,14.0,8.0,264.0
24.0,14.0,8.0,264.0
26.0,14.0,8.0,307.0
30.0,14.0,8.0,307.0
32.0,14.0,8.0,307.0
34.0,14.0,8.0,307.0
36.0,14.0,8.0,7.0
38.0,14.0,8.0,7.0
40.0,14.0,8.0,7.0
42.0,14.0,8.0,7.0
44.0,14.0,8.0,7.0
46.0,14.0,8.0,7.0
48.0,14.0,8.0,196.0
50.0,14.0,8.0,196.0
52.0,14.0,8.0,196.0
54.0,14.0,8.0,196.0
56.0,14.0,8.0,196.0
58.0,14.0,8.0,196.0
60.0,14.0,8.0,196.0
-60.0,16.0,8.0,359.0
-58.0,16.0,8.0,359.0
-56.0,16.0,8.0,359.0
-54.0,16.0,8.0,359.0
-52.0,16.0,8.0,359.0
-50.0,16.0,8.0,359.0
-48.0,16.0,8.0,359.0
-46.0,16.0,8.0,359.0
-44.0,16.0,8.0,359.0
-42.0,16.0,8.0,468.0
-40.0,16.0,8.0,468.0
-38.0,16.0,8.0,468.0
-36.0,16.0,8.0,468.0
-34.0,16.0,8.0,468.0
-32.0,16.0,8.0,468.0
-30.0,16.0,8.0,468.0
-26.0,16.0,8.0,448.0
-24.0,16.0,8.0,448.0
-18.0,16.0,8.0,448.0
-16.0,16.0,8.0,582.0
-14.0,16.0,8.0,582.0
-12.0,16.0,8.0,582.0
-10.0,16.0,8.0,582.0
-8.0,16.0,8.0,582.0
6.0,16.0,8.0,238.0
8.0,16.0,8.0,238.0
10.0,16.0,8.0,264.0
12.0,16.0,8.0,264.0
14.0,16.0,8.0,264.0
16.0,16.0,8.0,264.0
18.0,16.0,8.0,264.0
30.0,16.0,8.0,307.0
32.0,16.0,8.0,307.0
34.0,16.0,8.0,307.0
36.0,16.0,8.0,307.0
38.0,16.0,8.0,7.0
40.0,16.0,8.0,7.0
42.0,16.0,8.0,7.0
44.0,16.0,8.0,7.0
46.0,16.0,8.0,196.0
48.0,16.0,8.0,196.0
50.0,16.0,8.0,196.0
52.0,16.0,8.0,196.0
54.0,16.0,8.0,196.0
56.0,16.0,8.0,196.0
58.0,16.0,8.0,196.0
60.0,16.0,8.0,196.0
-60.0,18.0,8.0,359.0
-58.0,18.0,8.0,359.0
-56.0,18.0,8.0,359.0
-54.0,18.0,8.0,359.0
-52.0,18.0,8.0,359.0
-50.0,18.0,8.0,359.0
-48.0,18.0,8.0,359.0
-46.0,18.0,8.0,359.0
-44.0,18.0,8.0,51.0
-42.0,18.0,8.0,468.0
-40.0,18.0,8.0,468.0
-38.0,18.0,8.0,468.0
-36.0,18.0,8.0,468.0
-34.0,18.0,8.0,468.0
-32.0,18.0,8.0,468.0
-30.0,18.0,8.0,448.0
-20.0,18.0,8.0,448.0
-18.0,18.0,8.0,448.0
-16.0,18.0,8.0,582.0
-14.0,18.0,8.0,582.0
-12.0,18.0,8.0,582.0
-10.0,18.0,8.0,582.0
-8.0,18.0,8.0,582.0
8.0,18.0,8.0,264.0
10.0,18.0,8.0,264.0
12.0,18.0,8.0,264.0
14.0,18.0,8.0,264.0
16.0,18.0,8.0,264.0
18.0,18.0,8.0,264.0
28.0,18.0,8.0,307.0
30.0,18.0,8.0,307.0
32.0,18.0,8.0,307.0
34.0,18.0,8.0,307.0
36.0,18.0,8.0,307.0
38.0,18.0,8.0,307.0
40.0,18.0,8.0,7.0
42.0,18.0,8.0,7.0
44.0,18.0,8.0,196.0
46.0,18.0,8.0,196.0
48.0,18.0,8.0,196.0
50.0,18.0,8.0,196.0
52.0,18.0,8.0,196.0
54.0,18.0,8.0,196.0
56.0,18.0,8.0,196.0
58.0,18.0,8.0,196.0
60.0,18.0,8.0,196.0
-60.0,20.0,8.0,359.0
-58.0,20.0,8.0,359.0
-56.0,20.0,8.0,359.0
-54.0,20.0,8.0,359.0
-52.0,20.0,8.0,359.0
-50.0,20.0,8.0,359.0
-48.0,20.0,8.0,359.0
-46.0,20.0,8.0,359.0
-44.0,20.0,8.0,442.0
-42.0,20.0,8.0,442.0
-40.0,20.0,8.0,442.0
-38.0,20.0,8.0,468.0
-36.0,20.0,8.0,468.0
-34.0,20.0,8.0,468.0
-32.0,20.0,8.0,468.0
-30.0,20.0,8.0,448.0
-22.0,20.0,8.0,448.0
-20.0,20.0,8.0,448.0
-18.0,20.0,8.0,582.0
-16.0,20.0,8.0,582.0
-14.0,20.0,8.0,582.0
-12.0,20.0,8.0,582.0
-10.0,20.0,8.0,582.0
-8.0,20.0,8.0,582.0
8.0,20.0,8.0,264.0
10.0,20.0,8.0,264.0
12.0,20.0,8.0,264.0
14.0,20.0,8.0,264.0
16.0,20.0,8.0,264.0
18.0,20.0,8.0,264.0
20.0,20.0,8.0,264.0
28.0,20.0,8.0,307.0
30.0,20.0,8.0,307.0
32.0,20.0,8.0,307.0
34.0,20.0,8.0,307.0
36.0,20.0,8.0,307.0
38.0,20.0,8.0,307.0
40.0,20.0,8.0,307.0
42.0,20.0,8.0,540.0
44.0,20.0,8.0,196.0
46.0,20.0,8.0,196.0
48.0,20.0,8.0,196.0
50.0,20.0,8.0,196.0
52.0,20.0,8.0,196.0
54.0,20.0,8.0,196.0
56.0,20.0,8.0,196.0
58.0,20.0,8.0,196.0
-60.0,22.0,8.0,359.0
-58.0,22.0,8.0,359.0
-56.0,22.0,8.0,359.0
-54.0,22.0,8.0,359.0
-52.0,22.0,8.0,359.0
-50.0,22.0,8.0,359.0
-48.0,22.0,8.0,442.0
-46.0,22.0,8.0,442.0
-44.0,22.0,8.0,442.0
-42.0,22.0,8.0,442.0
-40.0,22.0,8.0,442.0
-38.0,22.0,8.0,442.0
-36.0,22.0,8.0,442.0
-34.0,22.0,8.0,442.0
-32.0,22.0,8.0,468.0
-30.0,22.0,8.0,448.0
-22.0,22.0,8.0,448.0
-20.0,22.0,8.0,448.0
-18.0,22.0,8.0,582.0
-16.0,22.0,8.0,582.0
-14.0,22.0,8.0,582.0
-12.0,22.0,8.0,582.0
-10.0,22.0,8.0,582.0
10.0,22.0,8.0,121.0
12.0,22.0,8.0,264.0
14.0,22.0,8.0,264.0
16.0,22.0,8.0,264.0
18.0,22.0,8.0,264.0
20.0,22.0,8.0,264.0
28.0,22.0,8.0,307.0
30.0,22.0,8.0,307.0
32.0,22.0,8.0,307.0
34.0,22.0,8.0,307.0
36.0,22.0,8.0,307.0
38.0,22.0,8.0,307.0
40.0,22.0,8.0,307.0
42.0,22.0,8.0,540.0
44.0,22.0,8.0,196.0
46.0,22.0,8.0,196.0
48.0,22.0,8.0,196.0
50.0,22.0,8.0,196.0
52.0,22.0,8.0,196.0
54.0,22.0,8.0,196.0
56.0,22.0,8.0,196.0
58.0,22.0,8.0,196.0
-60.0,24.0,8.0,151.0
-58.0,24.0,8.0,151.0
-56.0,24.0,8.0,151.0
-54.0,24.0,8.0,151.0
-52.0,24.0,8.0,151.0
-50.0,24.0,8.0,442.0
-48.0,24.0,8.0,442.0
-46.0,24.0,8.0,442.0
-44.0,24.0,8.0,442.0
-42.0,24.0,8.0,442.0
-40.0,24.0,8.0,442.0
-38.0,24.0,8.0,442.0
-36.0,24.0,8.0,442.0
-34.0,24.0,8.0,442.0
-32.0,24.0,8.0,442.0
-30.0,24.0,8.0,448.0
-20.0,24.0,8.0,582.0
-18.0,24.0,8.0,582.0
-16.0,24.0,8.0,582.0
-14.0,24.0,8.0,582.0
-12.0,24.0,8.0,582.0
14.0,24.0,8.0,121.0
16.0,24.0,8.0,264.0
18.0,24.0,8.0,264.0
28.0,24.0,8.0,307.0
30.0,24.0,8.0,307.0
32.0,24.0,8.0,307.0
34.0,24.0,8.0,307.0
36.0,24.0,8.0,307.0
38.0,24.0,8.0,307.0
40.0,24.0,8.0,307.0
42.0,24.0,8.0,540.0
44.0,24.0,8.0,196.0
46.0,24.0,8.0,196.0
48.0,24.0,8.0,196.0
50.0,24.0,8.0,196.0
52.0,24.0,8.0,196.0
54.0,24.0,8.0,196.0
56.0,24.0,8.0,196.0
58.0,24.0,8.0,196.0
-60.0,26.0,8.0,151.0
-58.0,26.0,8.0,151.0
-56.0,26.0,8.0,151.0
-54.0,26.0,8.0,151.0
-52.0,26.0,8.0,151.0
-50.0,26.0,8.0,442.0
-48.0,26.0,8.0,442.0
-46.0,26.0,8.0,442.0
-44.0,26.0,8.0,442.0
-42.0,26.0,8.0,442.0
-40.0,26.0,8.0,442.0
-38.0,26.0,8.0,442.0
-36.0,26.0,8.0,442.0
-34.0,26.0,8.0,442.0
-32.0,26.0,8.0,442.0
-30.0,26.0,8.0,448.0
-18.0,26.0,8.0,582.0
-16.0,26.0,8.0,582.0
28.0,26.0,8.0,307.0
30.0,26.0,8.0,307.0
32.0,26.0,8.0,307.0
34.0,26.0,8.0,307.0
36.0,26.0,8.0,307.0
38.0,26.0,8.0,307.0
40.0,26.0,8.0,307.0
42.0,26.0,8.0,540.0
44.0,26.0,8.0,540.0
46.0,26.0,8.0,196.0
48.0,26.0,8.0,196.0
50.0,26.0,8.0,196.0
52.0,26.0,8.0,196.0
54.0,26.0,8.0,196.0
56.0,26.0,8.0,196.0
58.0,26.0,8.0,196.0
-58.0,28.0,8.0,151.0
-56.0,28.0,8.0,151.0
-54.0,28.0,8.0,151.0
-52.0,28.0,8.0,442.0
-50.0,28.0,8.0,442.0
-48.0,28.0,8.0,442.0
-46.0,28.0,8.0,442.0
-44.0,28.0,8.0,442.0
-42.0,28.0,8.0,442.0
-40.0,28.0,8.0,442.0
-38.0,28.0,8.0,442.0
-36.0,28.0,8.0,442.0
-34.0,28.0,8.0,442.0
-32.0,28.0,8.0,442.0
-30.0,28.0,8.0,442.0
28.0,28.0,8.0,307.0
30.0,28.0,8.0,307.0
32.0,28.0,8.0,307.0
34.0,28.0,8.0,307.0
36.0,28.0,8.0,307.0
38.0,28.0,8.0,307.0
40.0,28.0,8.0,307.0
42.0,28.0,8.0,540.0
44.0,28.0,8.0,72.0
50.0,28.0,8.0,72.0
52.0,28.0,8.0,72.0
54.0,28.0,8.0,72.0
56.0,28.0,8.0,72.0
58.0,28.0,8.0,72.0
-58.0,30.0,8.0,151.0
-56.0,30.0,8.0,141.0
-54.0,30.0,8.0,141.0
-52.0,30.0,8.0,442.0
-50.0,30.0,8.0,442.0
-48.0,30.0,8.0,442.0
-46.0,30.0,8.0,442.0
-44.0,30.0,8.0,442.0
-42.0,30.0,8.0,442.0
-40.0,30.0,8.0,442.0
-38.0,30.0,8.0,442.0
-36.0,30.0,8.0,442.0
-34.0,30.0,8.0,442.0
-32.0,30.0,8.0,49.0
-30.0,30.0,8.0,49.0
28.0,30.0,8.0,307.0
30.0,30.0,8.0,307.0
32.0,30.0,8.0,307.0
38.0,30.0,8.0,307.0
40.0,30.0,8.0,72.0
42.0,30.0,8.0,72.0
50.0,30.0,8.0,72.0
52.0,30.0,8.0,72.0
54.0,30.0,8.0,72.0
56.0,30.0,8.0,72.0
-58.0,32.0,8.0,141.0
-56.0,32.0,8.0,141.0
-54.0,32.0,8.0,141.0
-52.0,32.0,8.0,442.0
-50.0,32.0,8.0,442.0
-48.0,32.0,8.0,442.0
-46.0,32.0,8.0,442.0
-44.0,32.0,8.0,442.0
-42.0,32.0,8.0,49.0
-40.0,32.0,8.0,49.0
-38.0,32.0,8.0,49.0
-32.0,32.0,8.0,49.0
-30.0,32.0,8.0,49.0
50.0,32.0,8.0,72.0
52.0,32.0,8.0,72.0
54.0,32.0,8.0,72.0
56.0,32.0,8.0,72.0
-58.0,34.0,8.0,141.0
-56.0,34.0,8.0,141.0
-54.0,34.0,8.0,141.0
-52.0,34.0,8.0,141.0
-50.0,34.0,8.0,49.0
-6.0,34.0,8.0,102.0
-4.0,34.0,8.0,121.0
2.0,34.0,8.0,121.0
4.0,34.0,8.0,121.0
48.0,34.0,8.0,72.0
50.0,34.0,8.0,72.0
52.0,34.0,8.0,72.0
54.0,34.0,8.0,72.0
-56.0,36.0,8.0,141.0
-54.0,36.0,8.0,141.0
-52.0,36.0,8.0,49.0
-50.0,36.0,8.0,49.0
-48.0,36.0,8.0,49.0
-46.0,36.0,8.0,49.0
-44.0,36.0,8.0,49.0
-42.0,36.0,8.0,49.0
-8.0,36.0,8.0,102.0
-6.0,36.0,8.0,102.0
-4.0,36.0,8.0,102.0
-2.0,36.0,8.0,102.0
2.0,36.0,8.0,121.0
4.0,36.0,8.0,91.0
6.0,36.0,8.0,91.0
42.0,36.0,8.0,72.0
44.0,36.0,8.0,72.0
46.0,36.0,8.0,72.0
48.0,36.0,8.0,72.0
50.0,36.0,8.0,72.0
52.0,36.0,8.0,72.0
54.0,36.0,8.0,72.0
-56.0,38.0,8.0,141.0
-54.0,38.0,8.0,141.0
-52.0,38.0,8.0,49.0
-50.0,38.0,8.0,49.0
-48.0,38.0,8.0,49.0
-46.0,38.0,8.0,49.0
-44.0,38.0,8.0,49.0
-42.0,38.0,8.0,49.0
-40.0,38.0,8.0,49.0
-8.0,38.0,8.0,102.0
-6.0,38.0,8.0,102.0
-4.0,38.0,8.0,102.0
-2.0,38.0,8.0,102.0
0.0,38.0,8.0,91.0
2.0,38.0,8.0,91.0
4.0,38.0,8.0,91.0
6.0,38.0,8.0,91.0
40.0,38.0,8.0,72.0
42.0,38.0,8.0,72.0
44.0,38.0,8.0,72.0
46.0,38.0,8.0,72.0
48.0,38.0,8.0,72.0
50.0,38.0,8.0,72.0
52.0,38.0,8.0,72.0
54.0,38.0,8.0,72.0
-54.0,40.0,8.0,141.0
-52.0,40.0,8.0,49.0
-50.0,40.0,8.0,49.0
-48.0,40.0,8.0,49.0
-46.0,40.0,8.0,49.0
-44.0,40.0,8.0,49.0
-42.0,40.0,8.0,49.0
-40.0,40.0,8.0,49.0
-38.0,40.0,8.0,49.0
-8.0,40.0,8.0,102.0
-6.0,40.0,8.0,102.0
-4.0,40.0,8.0,102.0
-2.0,40.0,8.0,91.0
0.0,40.0,8.0,91.0
2.0,40.0,8.0,91.0
4.0,40.0,8.0,91.0
6.0,40.0,8.0,91.0
40.0,40.0,8.0,518.0
42.0,40.0,8.0,72.0
44.0,40.0,8.0,72.0
46.0,40.0,8.0,72.0
48.0,40.0,8.0,72.0
50.0,40.0,8.0,72.0
52.0,40.0,8.0,72.0
-54.0,42.0,8.0,49.0
-52.0,42.0,8.0,49.0
-50.0,42.0,8.0,49.0
-48.0,42.0,8.0,49.0
-46.0,42.0,8.0,49.0
-44.0,42.0,8.0,49.0
-42.0,42.0,8.0,49.0
-40.0,42.0,8.0,49.0
-38.0,42.0,8.0,49.0
-14.0,42.0,8.0,407.0
-12.0,42.0,8.0,407.0
-10.0,42.0,8.0,407.0
-8.0,42.0,8.0,407.0
-6.0,42.0,8.0,407.0
-4.0,42.0,8.0,91.0
-2.0,42.0,8.0,91.0
0.0,42.0,8.0,91.0
2.0,42.0,8.0,91.0
4.0,42.0,8.0,91.0
6.0,42.0,8.0,91.0
8.0,42.0,8.0,91.0
10.0,42.0,8.0,91.0
12.0,42.0,8.0,91.0
40.0,42.0,8.0,518.0
42.0,42.0,8.0,518.0
44.0,42.0,8.0,72.0
46.0,42.0,8.0,72.0
48.0,42.0,8.0,72.0
50.0,42.0,8.0,72.0
52.0,42.0,8.0,72.0
-52.0,44.0,8.0,49.0
-50.0,44.0,8.0,49.0
-48.0,44.0,8.0,49.0
-46.0,44.0,8.0,49.0
-44.0,44.0,8.0,49.0
-42.0,44.0,8.0,49.0
-40.0,44.0,8.0,49.0
-38.0,44.0,8.0,49.0
-14.0,44.0,8.0,407.0
-12.0,44.0,8.0,407.0
-10.0,44.0,8.0,407.0
-8.0,44.0,8.0,407.0
-6.0,44.0,8.0,407.0
-4.0,44.0,8.0,407.0
-2.0,44.0,8.0,263.0
0.0,44.0,8.0,263.0
2.0,44.0,8.0,263.0
4.0,44.0,8.0,263.0
6.0,44.0,8.0,263.0
8.0,44.0,8.0,263.0
10.0,44.0,8.0,263.0
12.0,44.0,8.0,263.0
14.0,44.0,8.0,263.0
40.0,44.0,8.0,518.0
42.0,44.0,8.0,518.0
44.0,44.0,8.0,518.0
46.0,44.0,8.0,72.0
48.0,44.0,8.0,72.0
50.0,44.0,8.0,72.0
-52.0,46.0,8.0,49.0
-50.0,46.0,8.0,49.0
-48.0,46.0,8.0,49.0
-46.0,46.0,8.0,49.0
-44.0,46.0,8.0,49.0
-42.0,46.0,8.0,49.0
-40.0,46.0,8.0,49.0
-38.0,46.0,8.0,49.0
-36.0,46.0,8.0,49.0
-16.0,46.0,8.0,407.0
-14.0,46.0,8.0,407.0
-12.0,46.0,8.0,407.0
-10.0,46.0,8.0,407.0
-8.0,46.0,8.0,407.0
-6.0,46.0,8.0,407.0
-4.0,46.0,8.0,407.0
-2.0,46.0,8.0,263.0
0.0,46.0,8.0,263.0
2.0,46.0,8.0,263.0
4.0,46.0,8.0,263.0
6.0,46.0,8.0,263.0
8.0,46.0,8.0,263.0
10.0,46.0,8.0,263.0
12.0,46.0,8.0,263.0
14.0,46.0,8.0,263.0
38.0,46.0,8.0,518.0
40.0,46.0,8.0,518.0
42.0,46.0,8.0,518.0
44.0,46.0,8.0,518.0
46.0,46.0,8.0,518.0
48.0,46.0,8.0,72.0
50.0,46.0,8.0,72.0
-50.0,48.0,8.0,361.0
-48.0,48.0,8.0,361.0
-46.0,48.0,8.0,361.0
-44.0,48.0,8.0,361.0
-42.0,48.0,8.0,361.0
-40.0,48.0,8.0,62.0
-38.0,48.0,8.0,62.0
-36.0,48.0,8.0,62.0
-16.0,48.0,8.0,407.0
-14.0,48.0,8.0,407.0
-12.0,48.0,8.0,407.0
-10.0,48.0,8.0,407.0
-8.0,48.0,8.0,407.0
-6.0,48.0,8.0,407.0
-4.0,48.0,8.0,407.0
-2.0,48.0,8.0,407.0
0.0,48.0,8.0,263.0
2.0,48.0,8.0,263.0
4.0,48.0,8.0,263.0
6.0,48.0,8.0,263.0
8.0,48.0,8.0,263.0
10.0,48.0,8.0,263.0
12.0,48.0,8.0,263.0
14.0,48.0,8.0,525.0
16.0,48.0,8.0,525.0
28.0,48.0,8.0,365.0
30.0,48.0,8.0,365.0
40.0,48.0,8.0,365.0
42.0,48.0,8.0,365.0
44.0,48.0,8.0,518.0
46.0,48.0,8.0,518.0
48.0,48.0,8.0,339.0
-48.0,50.0,8.0,361.0
-46.0,50.0,8.0,361.0
-44.0,50.0,8.0,361.0
-42.0,50.0,8.0,361.0
-40.0,50.0,8.0,62.0
-38.0,50.0,8.0,62.0
-36.0,50.0,8.0,62.0
-34.0,50.0,8.0,62.0
-32.0,50.0,8.0,62.0
-16.0,50.0,8.0,407.0
-14.0,50.0,8.0,407.0
-12.0,50.0,8.0,407.0
-10.0,50.0,8.0,407.0
-8.0,50.0,8.0,407.0
-6.0,50.0,8.0,407.0
-4.0,50.0,8.0,407.0
-2.0,50.0,8.0,407.0
0.0,50.0,8.0,263.0
2.0,50.0,8.0,263.0
4.0,50.0,8.0,263.0
6.0,50.0,8.0,263.0
8.0,50.0,8.0,263.0
10.0,50.0,8.0,263.0
12.0,50.0,8.0,525.0
14.0,50.0,8.0,525.0
26.0,50.0,8.0,142.0
28.0,50.0,8.0,365.0
30.0,50.0,8.0,365.0
32.0,50.0,8.0,365.0
34.0,50.0,8.0,365.0
40.0,50.0,8.0,365.0
42.0,50.0,8.0,365.0
44.0,50.0,8.0,365.0
46.0,50.0,8.0,365.0
-48.0,52.0,8.0,300.0
-46.0,52.0,8.0,300.0
-44.0,52.0,8.0,300.0
-42.0,52.0,8.0,300.0
-40.0,52.0,8.0,300.0
-38.0,52.0,8.0,62.0
-36.0,52.0,8.0,62.0
-34.0,52.0,8.0,62.0
-32.0,52.0,8.0,62.0
-30.0,52.0,8.0,280.0
-28.0,52.0,8.0,280.0
-26.0,52.0,8.0,280.0
-14.0,52.0,8.0,407.0
-12.0,52.0,8.0,407.0
-10.0,52.0,8.0,407.0
-8.0,52.0,8.0,407.0
-6.0,52.0,8.0,407.0
-4.0,52.0,8.0,407.0
-2.0,52.0,8.0,407.0
0.0,52.0,8.0,407.0
2.0,52.0,8.0,263.0
4.0,52.0,8.0,263.0
6.0,52.0,8.0,263.0
8.0,52.0,8.0,263.0
10.0,52.0,8.0,525.0
12.0,52.0,8.0,525.0
14.0,52.0,8.0,142.0
24.0,52.0,8.0,142.0
26.0,52.0,8.0,142.0
28.0,52.0,8.0,365.0
30.0,52.0,8.0,365.0
32.0,52.0,8.0,365.0
34.0,52.0,8.0,365.0
36.0,52.0,8.0,365.0
40.0,52.0,8.0,365.0
42.0,52.0,8.0,365.0
44.0,52.0,8.0,365.0
46.0,52.0,8.0,365.0
-46.0,54.0,8.0,300.0
-44.0,54.0,8.0,300.0
-42.0,54.0,8.0,300.0
-40.0,54.0,8.0,300.0
-38.0,54.0,8.0,300.0
-36.0,54.0,8.0,62.0
-34.0,54.0,8.0,262.0
-32.0,54.0,8.0,262.0
-30.0,54.0,8.0,262.0
-28.0,54.0,8.0,262.0
-26.0,54.0,8.0,262.0
-24.0,54.0,8.0,262.0
-14.0,54.0,8.0,407.0
-12.0,54.0,8.0,407.0
-10.0,54.0,8.0,407.0
-8.0,54.0,8.0,407.0
-6.0,54.0,8.0,407.0
-4.0,54.0,8.0,407.0
-2.0,54.0,8.0,407.0
0.0,54.0,8.0,407.0
2.0,54.0,8.0,86.0
4.0,54.0,8.0,86.0
6.0,54.0,8.0,86.0
8.0,54.0,8.0,86.0
10.0,54.0,8.0,525.0
12.0,54.0,8.0,525.0
24.0,54.0,8.0,142.0
26.0,54.0,8.0,142.0
28.0,54.0,8.0,365.0
30.0,54.0,8.0,365.0
32.0,54.0,8.0,365.0
34.0,54.0,8.0,365.0
36.0,54.0,8.0,365.0
40.0,54.0,8.0,365.0
42.0,54.0,8.0,365.0
44.0,54.0,8.0,365.0
-44.0,56.0,8.0,300.0
-42.0,56.0,8.0,300.0
-40.0,56.0,8.0,300.0
-38.0,56.0,8.0,300.0
-36.0,56.0,8.0,262.0
-34.0,56.0,8.0,262.0
-32.0,56.0,8.0,262.0
-30.0,56.0,8.0,262.0
-28.0,56.0,8.0,262.0
-26.0,56.0,8.0,262.0
-24.0,56.0,8.0,262.0
-12.0,56.0,8.0,407.0
-10.0,56.0,8.0,407.0
-8.0,56.0,8.0,407.0
-6.0,56.0,8.0,407.0
-4.0,56.0,8.0,407.0
-2.0,56.0,8.0,407.0
0.0,56.0,8.0,407.0
2.0,56.0,8.0,86.0
4.0,56.0,8.0,86.0
6.0,56.0,8.0,86.0
8.0,56.0,8.0,86.0
10.0,56.0,8.0,86.0
12.0,56.0,8.0,142.0
22.0,56.0,8.0,142.0
24.0,56.0,8.0,142.0
26.0,56.0,8.0,142.0
28.0,56.0,8.0,142.0
30.0,56.0,8.0,365.0
32.0,56.0,8.0,365.0
34.0,56.0,8.0,365.0
36.0,56.0,8.0,365.0
42.0,56.0,8.0,365.0
-44.0,58.0,8.0,300.0
-42.0,58.0,8.0,300.0
-40.0,58.0,8.0,300.0
-38.0,58.0,8.0,300.0
-36.0,58.0,8.0,262.0
-34.0,58.0,8.0,262.0
-32.0,58.0,8.0,262.0
-30.0,58.0,8.0,262.0
-28.0,58.0,8.0,262.0
-26.0,58.0,8.0,262.0
-24.0,58.0,8.0,262.0
-22.0,58.0,8.0,262.0
-12.0,58.0,8.0,305.0
-10.0,58.0,8.0,305.0
-8.0,58.0,8.0,407.0
-6.0,58.0,8.0,407.0
-4.0,58.0,8.0,407.0
-2.0,58.0,8.0,407.0
2.0,58.0,8.0,425.0
4.0,58.0,8.0,425.0
6.0,58.0,8.0,425.0
8.0,58.0,8.0,251.0
10.0,58.0,8.0,251.0
12.0,58.0,8.0,251.0
22.0,58.0,8.0,142.0
24.0,58.0,8.0,142.0
26.0,58.0,8.0,142.0
28.0,58.0,8.0,97.0
30.0,58.0,8.0,365.0
32.0,58.0,8.0,365.0
34.0,58.0,8.0,365.0
36.0,58.0,8.0,365.0
38.0,58.0,8.0,365.0
-42.0,60.0,8.0,300.0
-40.0,60.0,8.0,300.0
-38.0,60.0,8.0,300.0
-36.0,60.0,8.0,262.0
-34.0,60.0,8.0,262.0
-32.0,60.0,8.0,262.0
-30.0,60.0,8.0,262.0
-28.0,60.0,8.0,262.0
-26.0,60.0,8.0,262.0
-24.0,60.0,8.0,262.0
-22.0,60.0,8.0,262.0
-20.0,60.0,8.0,305.0
-12.0,60.0,8.0,305.0
-10.0,60.0,8.0,305.0
-8.0,60.0,8.0,305.0
-6.0,60.0,8.0,305.0
-4.0,60.0,8.0,305.0
-2.0,60.0,8.0,305.0
2.0,60.0,8.0,425.0
4.0,60.0,8.0,425.0
6.0,60.0,8.0,251.0
8.0,60.0,8.0,251.0
10.0,60.0,8.0,251.0
12.0,60.0,8.0,251.0
22.0,60.0,8.0,142.0
24.0,60.0,8.0,97.0
26.0,60.0,8.0,97.0
28.0,60.0,8.0,97.0
30.0,60.0,8.0,97.0
32.0,60.0,8.0,97.0
34.0,60.0,8.0,365.0
36.0,60.0,8.0,365.0
38.0,60.0,8.0,365.0
-40.0,62.0,8.0,300.0
-38.0,62.0,8.0,262.0
-36.0,62.0,8.0,262.0
-34.0,62.0,8.0,262.0
-32.0,62.0,8.0,262.0
-30.0,62.0,8.0,262.0
-28.0,62.0,8.0,262.0
-26.0,62.0,8.0,262.0
-24.0,62.0,8.0,262.0
-22.0,62.0,8.0,305.0
-20.0,62.0,8.0,305.0
-12.0,62.0,8.0,305.0
-10.0,62.0,8.0,305.0
-8.0,62.0,8.0,305.0
-6.0,62.0,8.0,305.0
-4.0,62.0,8.0,305.0
-2.0,62.0,8.0,305.0
4.0,62.0,8.0,251.0
6.0,62.0,8.0,251.0
8.0,62.0,8.0,251.0
10.0,62.0,8.0,251.0
12.0,62.0,8.0,251.0
22.0,62.0,8.0,97.0
24.0,62.0,8.0,97.0
26.0,62.0,8.0,97.0
28.0,62.0,8.0,97.0
30.0,62.0,8.0,97.0
32.0,62.0,8.0,97.0
34.0,62.0,8.0,97.0
36.0,62.0,8.0,365.0
-36.0,64.0,8.0,262.0
-34.0,64.0,8.0,262.0
-32.0,64.0,8.0,262.0
-30.0,64.0,8.0,262.0
-28.0,64.0,8.0,262.0
-26.0,64.0,8.0,262.0
-24.0,64.0,8.0,262.0
-22.0,64.0,8.0,305.0
-20.0,64.0,8.0,305.0
-12.0,64.0,8.0,305.0
-10.0,64.0,8.0,305.0
-8.0,64.0,8.0,305.0
-6.0,64.0,8.0,305.0
-4.0,64.0,8.0,305.0
-2.0,64.0,8.0,305.0
4.0,64.0,8.0,251.0
6.0,64.0,8.0,251.0
8.0,64.0,8.0,251.0
10.0,64.0,8.0,251.0
20.0,64.0,8.0,97.0
22.0,64.0,8.0,97.0
24.0,64.0,8.0,97.0
26.0,64.0,8.0,97.0
28.0,64.0,8.0,97.0
30.0,64.0,8.0,97.0
32.0,64.0,8.0,97.0
34.0,64.0,8.0,97.0
-32.0,66.0,8.0,262.0
-30.0,66.0,8.0,262.0
-28.0,66.0,8.0,262.0
-26.0,66.0,8.0,262.0
-24.0,66.0,8.0,262.0
-22.0,66.0,8.0,305.0
-20.0,66.0,8.0,305.0
-18.0,66.0,8.0,305.0
-16.0,66.0,8.0,305.0
-14.0,66.0,8.0,305.0
-12.0,66.0,8.0,305.0
-10.0,66.0,8.0,305.0
-8.0,66.0,8.0,305.0
-6.0,66.0,8.0,305.0
-4.0,66.0,8.0,305.0
-2.0,66.0,8.0,305.0
4.0,66.0,8.0,251.0
6.0,66.0,8.0,251.0
8.0,66.0,8.0,251.0
10.0,66.0,8.0,251.0
16.0,66.0,8.0,251.0
18.0,66.0,8.0,97.0
20.0,66.0,8.0,97.0
22.0,66.0,8.0,97.0
24.0,66.0,8.0,97.0
26.0,66.0,8.0,97.0
28.0,66.0,8.0,97.0
-28.0,68.0,8.0,262.0
-26.0,68.0,8.0,262.0
-24.0,68.0,8.0,305.0
-22.0,68.0,8.0,305.0
-20.0,68.0,8.0,305.0
-18.0,68.0,8.0,305.0
-16.0,68.0,8.0,305.0
-14.0,68.0,8.0,305.0
-12.0,68.0,8.0,305.0
-10.0,68.0,8.0,305.0
-8.0,68.0,8.0,305.0
-6.0,68.0,8.0,305.0
-4.0,68.0,8.0,305.0
-2.0,68.0,8.0,305.0
4.0,68.0,8.0,251.0
6.0,68.0,8.0,251.0
8.0,68.0,8.0,251.0
10.0,68.0,8.0,251.0
12.0,68.0,8.0,251.0
14.0,68.0,8.0,251.0
16.0,68.0,8.0,345.0
18.0,68.0,8.0,345.0
20.0,68.0,8.0,97.0
22.0,68.0,8.0,97.0
24.0,68.0,8.0,97.0
26.0,68.0,8.0,97.0
-26.0,70.0,8.0,262.0
-24.0,70.0,8.0,305.0
-22.0,70.0,8.0,305.0
-20.0,70.0,8.0,305.0
-18.0,70.0,8.0,305.0
-16.0,70.0,8.0,305.0
-14.0,70.0,8.0,305.0
-12.0,70.0,8.0,305.0
-10.0,70.0,8.0,305.0
-8.0,70.0,8.0,305.0
-6.0,70.0,8.0,305.0
-4.0,70.0,8.0,305.0
-2.0,70.0,8.0,305.0
4.0,70.0,8.0,251.0
6.0,70.0,8.0,251.0
8.0,70.0,8.0,251.0
10.0,70.0,8.0,251.0
12.0,70.0,8.0,251.0
14.0,70.0,8.0,251.0
16.0,70.0,8.0,345.0
18.0,70.0,8.0,345.0
20.0,70.0,8.0,97.0
22.0,70.0,8.0,97.0
-18.0,72.0,8.0,305.0
-16.0,72.0,8.0,305.0
-14.0,72.0,8.0,305.0
-12.0,72.0,8.0,305.0
-10.0,72.0,8.0,305.0
-8.0,72.0,8.0,305.0
-6.0,72.0,8.0,305.0
6.0,72.0,8.0,251.0
8.0,72.0,8.0,251.0
10.0,72.0,8.0,251.0
12.0,72.0,8.0,251.0
14.0,72.0,8.0,345.0
16.0,72.0,8.0,345.0
-14.0,-104.0,10.0,367.0
-12.0,-104.0,10.0,367.0
6.0,-104.0,10.0,380.0
8.0,-104.0,10.0,380.0
10.0,-104.0,10.0,380.0
12.0,-104.0,10.0,380.0
14.0,-104.0,10.0,380.0
16.0,-104.0,10.0,380.0
18.0,-104.0,10.0,139.0
-22.0,-102.0,10.0,519.0
-20.0,-102.0,10.0,519.0
-18.0,-102.0,10.0,519.0
-16.0,-102.0,10.0,367.0
-14.0,-102.0,10.0,367.0
-12.0,-102.0,10.0,367.0
-10.0,-102.0,10.0,367.0
-8.0,-102.0,10.0,125.0
0.0,-102.0,10.0,125.0
2.0,-102.0,10.0,380.0
4.0,-102.0,10.0,380.0
6.0,-102.0,10.0,380.0
8.0,-102.0,10.0,380.0
10.0,-102.0,10.0,380.0
12.0,-102.0,10.0,380.0
14.0,-102.0,10.0,380.0
16.0,-102.0,10.0,139.0
18.0,-102.0,10.0,139.0
20.0,-102.0,10.0,139.0
22.0,-102.0,10.0,139.0
24.0,-102.0,10.0,139.0
-26.0,-100.0,10.0,519.0
-24.0,-100.0,10.0,519.0
-22.0,-100.0,10.0,519.0
-20.0,-100.0,10.0,519.0
-18.0,-100.0,10.0,519.0
-16.0,-100.0,10.0,367.0
-14.0,-100.0,10.0,367.0
-12.0,-100.0,10.0,367.0
-10.0,-100.0,10.0,125.0
-8.0,-100.0,10.0,125.0
0.0,-100.0,10.0,125.0
2.0,-100.0,10.0,125.0
4.0,-100.0,10.0,380.0
6.0,-100.0,10.0,380.0
8.0,-100.0,10.0,380.0
10.0,-100.0,10.0,380.0
12.0,-100.0,10.0,380.0
14.0,-100.0,10.0,380.0
16.0,-100.0,10.0,139.0
18.0,-100.0,10.0,139.0
20.0,-100.0,10.0,139.0
22.0,-100.0,10.0,139.0
24.0,-100.0,10.0,139.0
26.0,-100.0,10.0,366.0
28.0,-100.0,10.0,366.0
-30.0,-98.0,10.0,304.0
-28.0,-98.0,10.0,519.0
-26.0,-98.0,10.0,519.0
-24.0,-98.0,10.0,519.0
-22.0,-98.0,10.0,519.0
-20.0,-98.0,10.0,519.0
-18.0,-98.0,10.0,519.0
-16.0,-98.0,10.0,367.0
-14.0,-98.0,10.0,367.0
-12.0,-98.0,10.0,367.0
-10.0,-98.0,10.0,125.0
-8.0,-98.0,10.0,125.0
-2.0,-98.0,10.0,125.0
0.0,-98.0,10.0,125.0
2.0,-98.0,10.0,125.0
4.0,-98.0,10.0,380.0
6.0,-98.0,10.0,380.0
8.0,-98.0,10.0,380.0
10.0,-98.0,10.0,380.0
12.0,-98.0,10.0,380.0
14.0,-98.0,10.0,380.0
16.0,-98.0,10.0,139.0
18.0,-98.0,10.0,139.0
20.0,-98.0,10.0,139.0
22.0,-98.0,10.0,139.0
24.0,-98.0,10.0,139.0
26.0,-98.0,10.0,366.0
28.0,-98.0,10.0,366.0
30.0,-98.0,10.0,366.0
-34.0,-96.0,10.0,304.0
-32.0,-96.0,10.0,304.0
-30.0,-96.0,10.0,304.0
-28.0,-96.0,10.0,519.0
-26.0,-96.0,10.0,519.0
-24.0,-96.0,10.0,519.0
-22.0,-96.0,10.0,519.0
-20.0,-96.0,10.0,519.0
-18.0,-96.0,10.0,519.0
-16.0,-96.0,10.0,367.0
-14.0,-96.0,10.0,367.0
-12.0,-96.0,10.0,367.0
-10.0,-96.0,10.0,230.0
-8.0,-96.0,10.0,230.0
-6.0,-96.0,10.0,125.0
-4.0,-96.0,10.0,125.0
-2.0,-96.0,10.0,125.0
0.0,-96.0,10.0,125.0
2.0,-96.0,10.0,125.0
4.0,-96.0,10.0,125.0
6.0,-96.0,10.0,380.0
8.0,-96.0,10.0,380.0
10.0,-96.0,10.0,380.0
12.0,-96.0,10.0,380.0
14.0,-96.0,10.0,380.0
16.0,-96.0,10.0,139.0
18.0,-96.0,10.0,139.0
20.0,-96.0,10.0,139.0
22.0,-96.0,10.0,139.0
24.0,-96.0,10.0,366.0
26.0,-96.0,10.0,366.0
28.0,-96.0,10.0,366.0
30.0,-96.0,10.0,366.0
32.0,-96.0,10.0,85.0
-36.0,-94.0,10.0,304.0
-34.0,-94.0,10.0,304.0
-32.0,-94.0,10.0,304.0
-30.0,-94.0,10.0,304.0
-28.0,-94.0,10.0,519.0
-26.0,-94.0,10.0,519.0
-24.0,-94.0,10.0,519.0
-22.0,-94.0,10.0,519.0
-20.0,-94.0,10.0,519.0
-18.0,-94.0,10.0,519.0
-16.0,-94.0,10.0,367.0
-14.0,-94.0,10.0,367.0
-12.0,-94.0,10.0,230.0
-10.0,-94.0,10.0,230.0
-8.0,-94.0,10.0,230.0
-6.0,-94.0,10.0,230.0
-4.0,-94.0,10.0,125.0
-2.0,-94.0,10.0,125.0
0.0,-94.0,10.0,125.0
2.0,-94.0,10.0,125.0
4.0,-94.0,10.0,125.0
6.0,-94.0,10.0,380.0
8.0,-94.0,10.0,380.0
10.0,-94.0,10.0,380.0
12.0,-94.0,10.0,380.0
14.0,-94.0,10.0,380.0
16.0,-94.0,10.0,139.0
18.0,-94.0,10.0,139.0
20.0,-94.0,10.0,139.0
22.0,-94.0,10.0,366.0
24.0,-94.0,10.0,366.0
26.0,-94.0,10.0,366.0
28.0,-94.0,10.0,366.0
30.0,-94.0,10.0,366.0
32.0,-94.0,10.0,85.0
34.0,-94.0,10.0,85.0
-38.0,-92.0,10.0,304.0
-36.0,-92.0,10.0,304.0
-34.0,-92.0,10.0,304.0
-32.0,-92.0,10.0,304.0
-30.0,-92.0,10.0,519.0
-28.0,-92.0,10.0,519.0
-26.0,-92.0,10.0,519.0
-24.0,-92.0,10.0,519.0
-22.0,-92.0,10.0,519.0
-20.0,-92.0,10.0,519.0
-18.0,-92.0,10.0,519.0
-16.0,-92.0,10.0,367.0
-14.0,-92.0,10.0,230.0
-12.0,-92.0,10.0,230.0
-10.0,-92.0,10.0,230.0
-8.0,-92.0,10.0,230.0
-6.0,-92.0,10.0,230.0
-4.0,-92.0,10.0,230.0
-2.0,-92.0,10.0,125.0
0.0,-92.0,10.0,125.0
2.0,-92.0,10.0,125.0
4.0,-92.0,10.0,125.0
6.0,-92.0,10.0,125.0
8.0,-92.0,10.0,380.0
10.0,-92.0,10.0,380.0
12.0,-92.0,10.0,380.0
14.0,-92.0,10.0,139.0
16.0,-92.0,10.0,139.0
18.0,-92.0,10.0,139.0
20.0,-92.0,10.0,139.0
22.0,-92.0,10.0,366.0
24.0,-92.0,10.0,366.0
26.0,-92.0,10.0,366.0
28.0,-92.0,10.0,366.0
30.0,-92.0,10.0,366.0
32.0,-92.0,10.0,85.0
34.0,-92.0,10.0,85.0
36.0,-92.0,10.0,85.0
-40.0,-90.0,10.0,279.0
-38.0,-90.0,10.0,279.0
-36.0,-90.0,10.0,279.0
-34.0,-90.0,10.0,279.0
-32.0,-90.0,10.0,279.0
-30.0,-90.0,10.0,279.0
-28.0,-90.0,10.0,519.0
-26.0,-90.0,10.0,519.0
-24.0,-90.0,10.0,519.0
-22.0,-90.0,10.0,519.0
-20.0,-90.0,10.0,519.0
-18.0,-90.0,10.0,519.0
-16.0,-90.0,10.0,367.0
-14.0,-90.0,10.0,230.0
-12.0,-90.0,10.0,230.0
-10.0,-90.0,10.0,230.0
-8.0,-90.0,10.0,230.0
-6.0,-90.0,10.0,230.0
-4.0,-90.0,10.0,230.0
-2.0,-90.0,10.0,230.0
0.0,-90.0,10.0,31.0
2.0,-90.0,10.0,125.0
4.0,-90.0,10.0,125.0
6.0,-90.0,10.0,125.0
8.0,-90.0,10.0,380.0
10.0,-90.0,10.0,380.0
12.0,-90.0,10.0,380.0
14.0,-90.0,10.0,139.0
16.0,-90.0,10.0,139.0
18.0,-90.0,10.0,139.0
20.0,-90.0,10.0,366.0
22.0,-90.0,10.0,366.0
24.0,-90.0,10.0,366.0
26.0,-90.0,10.0,366.0
28.0,-90.0,10.0,366.0
30.0,-90.0,10.0,366.0
32.0,-90.0,10.0,85.0
34.0,-90.0,10.0,85.0
36.0,-90.0,10.0,85.0
38.0,-90.0,10.0,150.0
40.0,-90.0,10.0,548.0
42.0,-90.0,10.0,548.0
-42.0,-88.0,10.0,279.0
-40.0,-88.0,10.0,279.0
-38.0,-88.0,10.0,279.0
-36.0,-88.0,10.0,279.0
-34.0,-88.0,10.0,279.0
-32.0,-88.0,10.0,279.0
-30.0,-88.0,10.0,279.0
-28.0,-88.0,10.0,279.0
-26.0,-88.0,10.0,279.0
-24.0,-88.0,10.0,519.0
-22.0,-88.0,10.0,519.0
-20.0,-88.0,10.0,519.0
-18.0,-88.0,10.0,519.0
-16.0,-88.0,10.0,230.0
-14.0,-88.0,10.0,230.0
-12.0,-88.0,10.0,230.0
-10.0,-88.0,10.0,230.0
-8.0,-88.0,10.0,230.0
-6.0,-88.0,10.0,230.0
-4.0,-88.0,10.0,230.0
-2.0,-88.0,10.0,230.0
0.0,-88.0,10.0,31.0
2.0,-88.0,10.0,31.0
4.0,-88.0,10.0,31.0
6.0,-88.0,10.0,31.0
8.0,-88.0,10.0,125.0
10.0,-88.0,10.0,380.0
12.0,-88.0,10.0,380.0
14.0,-88.0,10.0,139.0
16.0,-88.0,10.0,139.0
18.0,-88.0,10.0,366.0
20.0,-88.0,10.0,366.0
22.0,-88.0,10.0,366.0
24.0,-88.0,10.0,366.0
26.0,-88.0,10.0,366.0
28.0,-88.0,10.0,366.0
30.0,-88.0,10.0,150.0
32.0,-88.0,10.0,150.0
34.0,-88.0,10.0,150.0
36.0,-88.0,10.0,150.0
38.0,-88.0,10.0,150.0
40.0,-88.0,10.0,548.0
42.0,-88.0,10.0,548.0
-44.0,-86.0,10.0,552.0
-42.0,-86.0,10.0,279.0
-40.0,-86.0,10.0,279.0
-38.0,-86.0,10.0,279.0
-36.0,-86.0,10.0,279.0
-34.0,-86.0,10.0,279.0
-32.0,-86.0,10.0,279.0
-30.0,-86.0,10.0,279.0
-28.0,-86.0,10.0,279.0
-26.0,-86.0,10.0,279.0
-24.0,-86.0,10.0,279.0
-18.0,-86.0,10.0,594.0
-16.0,-86.0,10.0,594.0
-14.0,-86.0,10.0,230.0
-12.0,-86.0,10.0,230.0
-10.0,-86.0,10.0,230.0
-8.0,-86.0,10.0,230.0
-6.0,-86.0,10.0,230.0
-4.0,-86.0,10.0,230.0
-2.0,-86.0,10.0,31.0
0.0,-86.0,10.0,31.0
2.0,-86.0,10.0,31.0
4.0,-86.0,10.0,31.0
6.0,-86.0,10.0,31.0
8.0,-86.0,10.0,31.0
10.0,-86.0,10.0,31.0
12.0,-86.0,10.0,380.0
14.0,-86.0,10.0,139.0
16.0,-86.0,10.0,139.0
20.0,-86.0,10.0,366.0
22.0,-86.0,10.0,366.0
24.0,-86.0,10.0,366.0
26.0,-86.0,10.0,366.0
28.0,-86.0,10.0,534.0
30.0,-86.0,10.0,150.0
32.0,-86.0,10.0,150.0
34.0,-86.0,10.0,150.0
36.0,-86.0,10.0,150.0
38.0,-86.0,10.0,150.0
40.0,-86.0,10.0,548.0
42.0,-86.0,10.0,548.0
44.0,-86.0,10.0,548.0
-44.0,-84.0,10.0,552.0
-42.0,-84.0,10.0,552.0
-40.0,-84.0,10.0,279.0
-38.0,-84.0,10.0,279.0
-36.0,-84.0,10.0,279.0
-34.0,-84.0,10.0,279.0
-32.0,-84.0,10.0,279.0
-30.0,-84.0,10.0,279.0
-28.0,-84.0,10.0,279.0
-26.0,-84.0,10.0,279.0
-16.0,-84.0,10.0,594.0
-14.0,-84.0,10.0,594.0
-12.0,-84.0,10.0,230.0
-10.0,-84.0,10.0,230.0
-8.0,-84.0,10.0,230.0
-6.0,-84.0,10.0,230.0
-4.0,-84.0,10.0,230.0
-2.0,-84.0,10.0,31.0
0.0,-84.0,10.0,31.0
2.0,-84.0,10.0,31.0
4.0,-84.0,10.0,31.0
6.0,-84.0,10.0,31.0
8.0,-84.0,10.0,31.0
10.0,-84.0,10.0,31.0
12.0,-84.0,10.0,31.0
14.0,-84.0,10.0,139.0
16.0,-84.0,10.0,366.0
18.0,-84.0,10.0,366.0
20.0,-84.0,10.0,366.0
22.0,-84.0,10.0,366.0
24.0,-84.0,10.0,534.0
26.0,-84.0,10.0,534.0
28.0,-84.0,10.0,534.0
30.0,-84.0,10.0,534.0
32.0,-84.0,10.0,534.0
34.0,-84.0,10.0,150.0
36.0,-84.0,10.0,150.0
38.0,-84.0,10.0,150.0
40.0,-84.0,10.0,548.0
42.0,-84.0,10.0,548.0
44.0,-84.0,10.0,548.0
46.0,-84.0,10.0,548.0
48.0,-84.0,10.0,548.0
-44.0,-82.0,10.0,552.0
-42.0,-82.0,10.0,552.0
-40.0,-82.0,10.0,351.0
-38.0,-82.0,10.0,279.0
-36.0,-82.0,10.0,279.0
-34.0,-82.0,10.0,279.0
-32.0,-82.0,10.0,279.0
-30.0,-82.0,10.0,279.0
-28.0,-82.0,10.0,279.0
-26.0,-82.0,10.0,279.0
-16.0,-82.0,10.0,594.0
-14.0,-82.0,10.0,594.0
-12.0,-82.0,10.0,230.0
-10.0,-82.0,10.0,230.0
-8.0,-82.0,10.0,230.0
-6.0,-82.0,10.0,230.0
-4.0,-82.0,10.0,31.0
-2.0,-82.0,10.0,31.0
0.0,-82.0,10.0,31.0
2.0,-82.0,10.0,31.0
4.0,-82.0,10.0,31.0
6.0,-82.0,10.0,31.0
8.0,-82.0,10.0,31.0
10.0,-82.0,10.0,31.0
12.0,-82.0,10.0,31.0
14.0,-82.0,10.0,464.0
16.0,-82.0,10.0,464.0
18.0,-82.0,10.0,366.0
20.0,-82.0,10.0,534.0
22.0,-82.0,10.0,534.0
24.0,-82.0,10.0,534.0
26.0,-82.0,10.0,534.0
28.0,-82.0,10.0,534.0
30.0,-82.0,10.0,534.0
32.0,-82.0,10.0,534.0
34.0,-82.0,10.0,534.0
36.0,-82.0,10.0,534.0
38.0,-82.0,10.0,548.0
40.0,-82.0,10.0,548.0
42.0,-82.0,10.0,548.0
44.0,-82.0,10.0,548.0
46.0,-82.0,10.0,548.0
48.0,-82.0,10.0,548.0
50.0,-82.0,10.0,413.0
-50.0,-80.0,10.0,552.0
-48.0,-80.0,10.0,552.0
-46.0,-80.0,10.0,552.0
-44.0,-80.0,10.0,552.0
-42.0,-80.0,10.0,552.0
-40.0,-80.0,10.0,351.0
-38.0,-80.0,10.0,351.0
-36.0,-80.0,10.0,351.0
-34.0,-80.0,10.0,351.0
-32.0,-80.0,10.0,279.0
-30.0,-80.0,10.0,279.0
-28.0,-80.0,10.0,279.0
-20.0,-80.0,10.0,594.0
-18.0,-80.0,10.0,594.0
-16.0,-80.0,10.0,594.0
-14.0,-80.0,10.0,594.0
-12.0,-80.0,10.0,594.0
-10.0,-80.0,10.0,230.0
-8.0,-80.0,10.0,230.0
-6.0,-80.0,10.0,230.0
-4.0,-80.0,10.0,31.0
-2.0,-80.0,10.0,31.0
0.0,-80.0,10.0,31.0
2.0,-80.0,10.0,31.0
4.0,-80.0,10.0,31.0
6.0,-80.0,10.0,31.0
8.0,-80.0,10.0,578.0
10.0,-80.0,10.0,578.0
12.0,-80.0,10.0,578.0
14.0,-80.0,10.0,464.0
16.0,-80.0,10.0,464.0
18.0,-80.0,10.0,464.0
20.0,-80.0,10.0,464.0
22.0,-80.0,10.0,534.0
24.0,-80.0,10.0,534.0
26.0,-80.0,10.0,534.0
28.0,-80.0,10.0,534.0
30.0,-80.0,10.0,534.0
32.0,-80.0,10.0,534.0
34.0,-80.0,10.0,534.0
36.0,-80.0,10.0,534.0
38.0,-80.0,10.0,100.0
40.0,-80.0,10.0,100.0
42.0,-80.0,10.0,548.0
44.0,-80.0,10.0,548.0
46.0,-80.0,10.0,548.0
48.0,-80.0,10.0,413.0
50.0,-80.0,10.0,413.0
52.0,-80.0,10.0,413.0
-52.0,-78.0,10.0,552.0
-50.0,-78.0,10.0,552.0
-48.0,-78.0,10.0,552.0
-46.0,-78.0,10.0,552.0
-44.0,-78.0,10.0,552.0
-42.0,-78.0,10.0,351.0
-40.0,-78.0,10.0,351.0
-38.0,-78.0,10.0,351.0
-36.0,-78.0,10.0,351.0
-34.0,-78.0,10.0,351.0
-32.0,-78.0,10.0,351.0
-30.0,-78.0,10.0,351.0
-22.0,-78.0,10.0,594.0
-20.0,-78.0,10.0,594.0
-18.0,-78.0,10.0,594.0
-16.0,-78.0,10.0,594.0
-14.0,-78.0,10.0,594.0
-12.0,-78.0,10.0,594.0
-10.0,-78.0,10.0,594.0
-8.0,-78.0,10.0,230.0
-6.0,-78.0,10.0,31.0
-4.0,-78.0,10.0,31.0
-2.0,-78.0,10.0,31.0
0.0,-78.0,10.0,31.0
2.0,-78.0,10.0,31.0
4.0,-78.0,10.0,578.0
6.0,-78.0,10.0,578.0
8.0,-78.0,10.0,578.0
10.0,-78.0,10.0,578.0
12.0,-78.0,10.0,578.0
14.0,-78.0,10.0,464.0
16.0,-78.0,10.0,464.0
18.0,-78.0,10.0,464.0
20.0,-78.0,10.0,464.0
22.0,-78.0,10.0,534.0
24.0,-78.0,10.0,534.0
30.0,-78.0,10.0,534.0
32.0,-78.0,10.0,534.0
34.0,-78.0,10.0,534.0
36.0,-78.0,10.0,534.0
38.0,-78.0,10.0,100.0
40.0,-78.0,10.0,100.0
42.0,-78.0,10.0,100.0
44.0,-78.0,10.0,100.0
46.0,-78.0,10.0,413.0
48.0,-78.0,10.0,413.0
50.0,-78.0,10.0,413.0
52.0,-78.0,10.0,413.0
-54.0,-76.0,10.0,552.0
-52.0,-76.0,10.0,552.0
-50.0,-76.0,10.0,552.0
-48.0,-76.0,10.0,552.0
-46.0,-76.0,10.0,552.0
-44.0,-76.0,10.0,552.0
-42.0,-76.0,10.0,351.0
-40.0,-76.0,10.0,351.0
-38.0,-76.0,10.0,351.0
-36.0,-76.0,10.0,351.0
-34.0,-76.0,10.0,351.0
-24.0,-76.0,10.0,594.0
-22.0,-76.0,10.0,594.0
-20.0,-76.0,10.0,594.0
-18.0,-76.0,10.0,594.0
-16.0,-76.0,10.0,594.0
-14.0,-76.0,10.0,594.0
-12.0,-76.0,10.0,594.0
-10.0,-76.0,10.0,594.0
-8.0,-76.0,10.0,594.0
-6.0,-76.0,10.0,31.0
-4.0,-76.0,10.0,31.0
-2.0,-76.0,10.0,578.0
0.0,-76.0,10.0,578.0
2.0,-76.0,10.0,578.0
4.0,-76.0,10.0,578.0
6.0,-76.0,10.0,578.0
8.0,-76.0,10.0,578.0
10.0,-76.0,10.0,578.0
12.0,-76.0,10.0,578.0
14.0,-76.0,10.0,464.0
16.0,-76.0,10.0,464.0
18.0,-76.0,10.0,464.0
20.0,-76.0,10.0,464.0
22.0,-76.0,10.0,464.0
32.0,-76.0,10.0,534.0
34.0,-76.0,10.0,534.0
36.0,-76.0,10.0,100.0
38.0,-76.0,10.0,100.0
40.0,-76.0,10.0,100.0
42.0,-76.0,10.0,100.0
44.0,-76.0,10.0,100.0
46.0,-76.0,10.0,413.0
48.0,-76.0,10.0,413.0
50.0,-76.0,10.0,413.0
52.0,-76.0,10.0,413.0
-54.0,-74.0,10.0,552.0
-52.0,-74.0,10.0,552.0
-50.0,-74.0,10.0,552.0
-48.0,-74.0,10.0,552.0
-46.0,-74.0,10.0,552.0
-44.0,-74.0,10.0,552.0
-42.0,-74.0,10.0,351.0
-40.0,-74.0,10.0,351.0
-38.0,-74.0,10.0,351.0
-36.0,-74.0,10.0,351.0
-34.0,-74.0,10.0,351.0
-24.0,-74.0,10.0,594.0
-22.0,-74.0,10.0,594.0
-20.0,-74.0,10.0,594.0
-18.0,-74.0,10.0,594.0
-16.0,-74.0,10.0,594.0
-14.0,-74.0,10.0,594.0
-12.0,-74.0,10.0,594.0
-10.0,-74.0,10.0,594.0
-8.0,-74.0,10.0,594.0
-6.0,-74.0,10.0,578.0
-4.0,-74.0,10.0,578.0
-2.0,-74.0,10.0,578.0
0.0,-74.0,10.0,578.0
2.0,-74.0,10.0,578.0
4.0,-74.0,10.0,578.0
6.0,-74.0,10.0,578.0
8.0,-74.0,10.0,578.0
10.0,-74.0,10.0,578.0
12.0,-74.0,10.0,578.0
14.0,-74.0,10.0,464.0
16.0,-74.0,10.0,464.0
18.0,-74.0,10.0,464.0
20.0,-74.0,10.0,464.0
22.0,-74.0,10.0,464.0
34.0,-74.0,10.0,534.0
36.0,-74.0,10.0,100.0
38.0,-74.0,10.0,100.0
40.0,-74.0,10.0,100.0
42.0,-74.0,10.0,100.0
44.0,-74.0,10.0,413.0
46.0,-74.0,10.0,413.0
48.0,-74.0,10.0,413.0
50.0,-74.0,10.0,413.0
52.0,-74.0,10.0,413.0
-56.0,-72.0,10.0,552.0
-54.0,-72.0,10.0,552.0
-52.0,-72.0,10.0,552.0
-50.0,-72.0,10.0,552.0
-48.0,-72.0,10.0,552.0
-46.0,-72.0,10.0,552.0
-44.0,-72.0,10.0,552.0
-42.0,-72.0,10.0,351.0
-40.0,-72.0,10.0,351.0
-38.0,-72.0,10.0,351.0
-36.0,-72.0,10.0,351.0
-24.0,-72.0,10.0,288.0
-22.0,-72.0,10.0,288.0
-20.0,-72.0,10.0,594.0
-18.0,-72.0,10.0,594.0
-16.0,-72.0,10.0,594.0
-14.0,-72.0,10.0,594.0
-12.0,-72.0,10.0,594.0
-10.0,-72.0,10.0,594.0
-8.0,-72.0,10.0,594.0
-6.0,-72.0,10.0,578.0
-4.0,-72.0,10.0,578.0
-2.0,-72.0,10.0,578.0
0.0,-72.0,10.0,578.0
2.0,-72.0,10.0,578.0
4.0,-72.0,10.0,578.0
6.0,-72.0,10.0,578.0
8.0,-72.0,10.0,578.0
10.0,-72.0,10.0,578.0
12.0,-72.0,10.0,578.0
14.0,-72.0,10.0,578.0
16.0,-72.0,10.0,352.0
18.0,-72.0,10.0,352.0
20.0,-72.0,10.0,352.0
34.0,-72.0,10.0,100.0
36.0,-72.0,10.0,100.0
38.0,-72.0,10.0,100.0
40.0,-72.0,10.0,100.0
42.0,-72.0,10.0,100.0
44.0,-72.0,10.0,413.0
46.0,-72.0,10.0,413.0
48.0,-72.0,10.0,413.0
50.0,-72.0,10.0,413.0
52.0,-72.0,10.0,413.0
-56.0,-70.0,10.0,584.0
-54.0,-70.0,10.0,552.0
-52.0,-70.0,10.0,552.0
-50.0,-70.0,10.0,552.0
-48.0,-70.0,10.0,552.0
-46.0,-70.0,10.0,552.0
-44.0,-70.0,10.0,552.0
-42.0,-70.0,10.0,144.0
-40.0,-70.0,10.0,144.0
-38.0,-70.0,10.0,144.0
-36.0,-70.0,10.0,144.0
-22.0,-70.0,10.0,288.0
-20.0,-70.0,10.0,288.0
-18.0,-70.0,10.0,157.0
-16.0,-70.0,10.0,157.0
-14.0,-70.0,10.0,157.0
-12.0,-70.0,10.0,157.0
-10.0,-70.0,10.0,157.0
-8.0,-70.0,10.0,157.0
-6.0,-70.0,10.0,578.0
-4.0,-70.0,10.0,578.0
4.0,-70.0,10.0,578.0
6.0,-70.0,10.0,578.0
8.0,-70.0,10.0,578.0
10.0,-70.0,10.0,578.0
12.0,-70.0,10.0,578.0
14.0,-70.0,10.0,352.0
16.0,-70.0,10.0,352.0
18.0,-70.0,10.0,352.0
20.0,-70.0,10.0,352.0
24.0,-70.0,10.0,352.0
34.0,-70.0,10.0,100.0
36.0,-70.0,10.0,100.0
38.0,-70.0,10.0,100.0
40.0,-70.0,10.0,90.0
42.0,-70.0,10.0,90.0
44.0,-70.0,10.0,90.0
46.0,-70.0,10.0,90.0
48.0,-70.0,10.0,413.0
50.0,-70.0,10.0,413.0
52.0,-70.0,10.0,413.0
54.0,-70.0,10.0,413.0
-58.0,-68.0,10.0,584.0
-56.0,-68.0,10.0,584.0
-54.0,-68.0,10.0,584.0
-52.0,-68.0,10.0,584.0
-50.0,-68.0,10.0,552.0
-48.0,-68.0,10.0,552.0
-46.0,-68.0,10.0,552.0
-44.0,-68.0,10.0,144.0
-42.0,-68.0,10.0,144.0
-40.0,-68.0,10.0,144.0
-38.0,-68.0,10.0,144.0
-26.0,-68.0,10.0,288.0
-24.0,-68.0,10.0,288.0
-22.0,-68.0,10.0,288.0
-20.0,-68.0,10.0,157.0
-18.0,-68.0,10.0,157.0
-16.0,-68.0,10.0,157.0
-14.0,-68.0,10.0,157.0
-12.0,-68.0,10.0,157.0
-10.0,-68.0,10.0,157.0
-8.0,-68.0,10.0,157.0
-6.0,-68.0,10.0,578.0
-4.0,-68.0,10.0,578.0
4.0,-68.0,10.0,578.0
6.0,-68.0,10.0,578.0
8.0,-68.0,10.0,578.0
10.0,-68.0,10.0,578.0
12.0,-68.0,10.0,578.0
14.0,-68.0,10.0,352.0
16.0,-68.0,10.0,352.0
18.0,-68.0,10.0,352.0
20.0,-68.0,10.0,352.0
24.0,-68.0,10.0,352.0
26.0,-68.0,10.0,352.0
36.0,-68.0,10.0,90.0
38.0,-68.0,10.0,90.0
40.0,-68.0,10.0,90.0
42.0,-68.0,10.0,90.0
44.0,-68.0,10.0,90.0
46.0,-68.0,10.0,90.0
48.0,-68.0,10.0,90.0
50.0,-68.0,10.0,90.0
52.0,-68.0,10.0,413.0
54.0,-68.0,10.0,413.0
56.0,-68.0,10.0,413.0
-58.0,-66.0,10.0,584.0
-56.0,-66.0,10.0,584.0
-54.0,-66.0,10.0,584.0
-52.0,-66.0,10.0,584.0
-50.0,-66.0,10.0,584.0
-48.0,-66.0,10.0,552.0
-46.0,-66.0,10.0,552.0
-44.0,-66.0,10.0,144.0
-42.0,-66.0,10.0,144.0
-40.0,-66.0,10.0,144.0
-26.0,-66.0,10.0,288.0
-22.0,-66.0,10.0,157.0
-20.0,-66.0,10.0,157.0
-18.0,-66.0,10.0,157.0
-16.0,-66.0,10.0,157.0
-14.0,-66.0,10.0,157.0
-12.0,-66.0,10.0,157.0
-10.0,-66.0,10.0,157.0
-8.0,-66.0,10.0,157.0
-6.0,-66.0,10.0,157.0
-4.0,-66.0,10.0,578.0
0.0,-66.0,10.0,578.0
2.0,-66.0,10.0,578.0
4.0,-66.0,10.0,578.0
6.0,-66.0,10.0,578.0
8.0,-66.0,10.0,578.0
10.0,-66.0,10.0,578.0
12.0,-66.0,10.0,303.0
14.0,-66.0,10.0,352.0
16.0,-66.0,10.0,352.0
18.0,-66.0,10.0,352.0
20.0,-66.0,10.0,352.0
24.0,-66.0,10.0,352.0
26.0,-66.0,10.0,352.0
36.0,-66.0,10.0,90.0
38.0,-66.0,10.0,90.0
40.0,-66.0,10.0,90.0
42.0,-66.0,10.0,90.0
44.0,-66.0,10.0,90.0
46.0,-66.0,10.0,90.0
48.0,-66.0,10.0,90.0
50.0,-66.0,10.0,90.0
52.0,-66.0,10.0,90.0
54.0,-66.0,10.0,90.0
56.0,-66.0,10.0,309.0
58.0,-66.0,10.0,309.0
-60.0,-64.0,10.0,584.0
-58.0,-64.0,10.0,584.0
-56.0,-64.0,10.0,584.0
-54.0,-64.0,10.0,584.0
-52.0,-64.0,10.0,584.0
-50.0,-64.0,10.0,584.0
-48.0,-64.0,10.0,584.0
-46.0,-64.0,10.0,552.0
-44.0,-64.0,10.0,144.0
-26.0,-64.0,10.0,288.0
-22.0,-64.0,10.0,157.0
-20.0,-64.0,10.0,157.0
-18.0,-64.0,10.0,157.0
-16.0,-64.0,10.0,157.0
-14.0,-64.0,10.0,157.0
-12.0,-64.0,10.0,157.0
-10.0,-64.0,10.0,157.0
-8.0,-64.0,10.0,157.0
-6.0,-64.0,10.0,157.0
-4.0,-64.0,10.0,578.0
0.0,-64.0,10.0,578.0
2.0,-64.0,10.0,578.0
4.0,-64.0,10.0,578.0
6.0,-64.0,10.0,578.0
8.0,-64.0,10.0,578.0
10.0,-64.0,10.0,303.0
12.0,-64.0,10.0,303.0
14.0,-64.0,10.0,352.0
16.0,-64.0,10.0,352.0
18.0,-64.0,10.0,352.0
20.0,-64.0,10.0,352.0
24.0,-64.0,10.0,352.0
26.0,-64.0,10.0,352.0
36.0,-64.0,10.0,90.0
38.0,-64.0,10.0,90.0
40.0,-64.0,10.0,90.0
42.0,-64.0,10.0,90.0
44.0,-64.0,10.0,90.0
46.0,-64.0,10.0,90.0
48.0,-64.0,10.0,90.0
50.0,-64.0,10.0,90.0
52.0,-64.0,10.0,90.0
54.0,-64.0,10.0,309.0
56.0,-64.0,10.0,309.0
58.0,-64.0,10.0,309.0
60.0,-64.0,10.0,203.0
-54.0,-62.0,10.0,584.0
-52.0,-62.0,10.0,584.0
-50.0,-62.0,10.0,584.0
-48.0,-62.0,10.0,584.0
-46.0,-62.0,10.0,225.0
-44.0,-62.0,10.0,144.0
-26.0,-62.0,10.0,108.0
-22.0,-62.0,10.0,157.0
-20.0,-62.0,10.0,157.0
-18.0,-62.0,10.0,157.0
-16.0,-62.0,10.0,157.0
-14.0,-62.0,10.0,157.0
-12.0,-62.0,10.0,157.0
-10.0,-62.0,10.0,157.0
-8.0,-62.0,10.0,157.0
-6.0,-62.0,10.0,157.0
2.0,-62.0,10.0,181.0
4.0,-62.0,10.0,181.0
6.0,-62.0,10.0,181.0
8.0,-62.0,10.0,181.0
10.0,-62.0,10.0,303.0
12.0,-62.0,10.0,306.0
14.0,-62.0,10.0,306.0
26.0,-62.0,10.0,352.0
28.0,-62.0,10.0,352.0
36.0,-62.0,10.0,90.0
38.0,-62.0,10.0,90.0
40.0,-62.0,10.0,90.0
42.0,-62.0,10.0,90.0
44.0,-62.0,10.0,90.0
46.0,-62.0,10.0,90.0
48.0,-62.0,10.0,90.0
50.0,-62.0,10.0,90.0
52.0,-62.0,10.0,90.0
54.0,-62.0,10.0,309.0
56.0,-62.0,10.0,203.0
58.0,-62.0,10.0,203.0
60.0,-62.0,10.0,203.0
62.0,-62.0,10.0,203.0
-62.0,-60.0,10.0,495.0
-50.0,-60.0,10.0,495.0
-48.0,-60.0,10.0,81.0
-46.0,-60.0,10.0,81.0
-44.0,-60.0,10.0,81.0
-26.0,-60.0,10.0,108.0
-24.0,-60.0,10.0,108.0
-22.0,-60.0,10.0,157.0
-20.0,-60.0,10.0,157.0
-18.0,-60.0,10.0,157.0
-16.0,-60.0,10.0,157.0
-14.0,-60.0,10.0,157.0
-12.0,-60.0,10.0,452.0
-10.0,-60.0,10.0,452.0
-8.0,-60.0,10.0,452.0
-6.0,-60.0,10.0,452.0
-4.0,-60.0,10.0,452.0
2.0,-60.0,10.0,181.0
4.0,-60.0,10.0,181.0
6.0,-60.0,10.0,181.0
8.0,-60.0,10.0,181.0
10.0,-60.0,10.0,181.0
12.0,-60.0,10.0,306.0
14.0,-60.0,10.0,306.0
16.0,-60.0,10.0,306.0
18.0,-60.0,10.0,306.0
20.0,-60.0,10.0,352.0
22.0,-60.0,10.0,352.0
26.0,-60.0,10.0,352.0
28.0,-60.0,10.0,352.0
38.0,-60.0,10.0,90.0
40.0,-60.0,10.0,90.0
42.0,-60.0,10.0,90.0
44.0,-60.0,10.0,90.0
46.0,-60.0,10.0,90.0
48.0,-60.0,10.0,90.0
50.0,-60.0,10.0,90.0
52.0,-60.0,10.0,90.0
54.0,-60.0,10.0,203.0
56.0,-60.0,10.0,203.0
58.0,-60.0,10.0,203.0
60.0,-60.0,10.0,203.0
62.0,-60.0,10.0,203.0
-64.0,-58.0,10.0,42.0
-62.0,-58.0,10.0,495.0
-60.0,-58.0,10.0,495.0
-52.0,-58.0,10.0,495.0
-46.0,-58.0,10.0,81.0
-24.0,-58.0,10.0,108.0
-22.0,-58.0,10.0,108.0
-20.0,-58.0,10.0,452.0
-18.0,-58.0,10.0,452.0
-16.0,-58.0,10.0,452.0
-14.0,-58.0,10.0,452.0
-12.0,-58.0,10.0,452.0
-10.0,-58.0,10.0,452.0
-8.0,-58.0,10.0,452.0
-6.0,-58.0,10.0,452.0
-4.0,-58.0,10.0,181.0
2.0,-58.0,10.0,181.0
4.0,-58.0,10.0,181.0
6.0,-58.0,10.0,181.0
8.0,-58.0,10.0,181.0
10.0,-58.0,10.0,181.0
12.0,-58.0,10.0,306.0
14.0,-58.0,10.0,306.0
16.0,-58.0,10.0,306.0
18.0,-58.0,10.0,306.0
20.0,-58.0,10.0,306.0
22.0,-58.0,10.0,306.0
26.0,-58.0,10.0,352.0
28.0,-58.0,10.0,352.0
38.0,-58.0,10.0,90.0
40.0,-58.0,10.0,90.0
42.0,-58.0,10.0,90.0
44.0,-58.0,10.0,90.0
46.0,-58.0,10.0,90.0
48.0,-58.0,10.0,90.0
50.0,-58.0,10.0,90.0
52.0,-58.0,10.0,203.0
54.0,-58.0,10.0,203.0
56.0,-58.0,10.0,203.0
58.0,-58.0,10.0,203.0
60.0,-58.0,10.0,203.0
62.0,-58.0,10.0,203.0
64.0,-58.0,10.0,203.0
-64.0,-56.0,10.0,42.0
-62.0,-56.0,10.0,42.0
-60.0,-56.0,10.0,495.0
-58.0,-56.0,10.0,495.0
-52.0,-56.0,10.0,81.0
-26.0,-56.0,10.0,108.0
-24.0,-56.0,10.0,108.0
-22.0,-56.0,10.0,108.0
-20.0,-56.0,10.0,452.0
-18.0,-56.0,10.0,452.0
-16.0,-56.0,10.0,452.0
-14.0,-56.0,10.0,452.0
-12.0,-56.0,10.0,452.0
-10.0,-56.0,10.0,452.0
-8.0,-56.0,10.0,452.0
-6.0,-56.0,10.0,452.0
-4.0,-56.0,10.0,181.0
2.0,-56.0,10.0,181.0
4.0,-56.0,10.0,181.0
6.0,-56.0,10.0,181.0
8.0,-56.0,10.0,181.0
10.0,-56.0,10.0,181.0
12.0,-56.0,10.0,181.0
14.0,-56.0,10.0,306.0
16.0,-56.0,10.0,306.0
18.0,-56.0,10.0,306.0
20.0,-56.0,10.0,306.0
40.0,-56.0,10.0,373.0
42.0,-56.0,10.0,373.0
44.0,-56.0,10.0,373.0
46.0,-56.0,10.0,373.0
48.0,-56.0,10.0,190.0
50.0,-56.0,10.0,581.0
52.0,-56.0,10.0,581.0
54.0,-56.0,10.0,581.0
56.0,-56.0,10.0,203.0
58.0,-56.0,10.0,203.0
60.0,-56.0,10.0,203.0
62.0,-56.0,10.0,203.0
64.0,-56.0,10.0,203.0
-66.0,-54.0,10.0,42.0
-64.0,-54.0,10.0,42.0
-62.0,-54.0,10.0,42.0
-60.0,-54.0,10.0,42.0
-58.0,-54.0,10.0,495.0
-26.0,-54.0,10.0,108.0
-24.0,-54.0,10.0,108.0
-22.0,-54.0,10.0,108.0
-20.0,-54.0,10.0,108.0
-18.0,-54.0,10.0,452.0
-16.0,-54.0,10.0,452.0
-14.0,-54.0,10.0,452.0
-12.0,-54.0,10.0,452.0
-10.0,-54.0,10.0,452.0
-8.0,-54.0,10.0,452.0
-6.0,-54.0,10.0,452.0
-4.0,-54.0,10.0,181.0
2.0,-54.0,10.0,181.0
4.0,-54.0,10.0,181.0
6.0,-54.0,10.0,181.0
8.0,-54.0,10.0,181.0
10.0,-54.0,10.0,181.0
12.0,-54.0,10.0,181.0
14.0,-54.0,10.0,306.0
16.0,-54.0,10.0,306.0
18.0,-54.0,10.0,306.0
20.0,-54.0,10.0,306.0
42.0,-54.0,10.0,373.0
44.0,-54.0,10.0,190.0
46.0,-54.0,10.0,190.0
48.0,-54.0,10.0,581.0
50.0,-54.0,10.0,581.0
52.0,-54.0,10.0,581.0
54.0,-54.0,10.0,581.0
56.0,-54.0,10.0,581.0
58.0,-54.0,10.0,581.0
60.0,-54.0,10.0,581.0
62.0,-54.0,10.0,203.0
-66.0,-52.0,10.0,42.0
-64.0,-52.0,10.0,42.0
-62.0,-52.0,10.0,42.0
-60.0,-52.0,10.0,42.0
-58.0,-52.0,10.0,42.0
-56.0,-52.0,10.0,81.0
-26.0,-52.0,10.0,108.0
-24.0,-52.0,10.0,108.0
-22.0,-52.0,10.0,108.0
-20.0,-52.0,10.0,108.0
-18.0,-52.0,10.0,452.0
-16.0,-52.0,10.0,452.0
-14.0,-52.0,10.0,452.0
-12.0,-52.0,10.0,452.0
-10.0,-52.0,10.0,452.0
-8.0,-52.0,10.0,452.0
-6.0,-52.0,10.0,452.0
-4.0,-52.0,10.0,181.0
2.0,-52.0,10.0,181.0
4.0,-52.0,10.0,181.0
6.0,-52.0,10.0,181.0
8.0,-52.0,10.0,181.0
10.0,-52.0,10.0,181.0
12.0,-52.0,10.0,482.0
14.0,-52.0,10.0,482.0
16.0,-52.0,10.0,306.0
44.0,-52.0,10.0,581.0
46.0,-52.0,10.0,581.0
48.0,-52.0,10.0,581.0
50.0,-52.0,10.0,581.0
52.0,-52.0,10.0,581.0
54.0,-52.0,10.0,581.0
56.0,-52.0,10.0,581.0
58.0,-52.0,10.0,581.0
60.0,-52.0,10.0,581.0
62.0,-52.0,10.0,581.0
-66.0,-50.0,10.0,42.0
-64.0,-50.0,10.0,42.0
-62.0,-50.0,10.0,42.0
-60.0,-50.0,10.0,42.0
-58.0,-50.0,10.0,42.0
-56.0,-50.0,10.0,81.0
-54.0,-50.0,10.0,81.0
-52.0,-50.0,10.0,81.0
-24.0,-50.0,10.0,108.0
-22.0,-50.0,10.0,108.0
-20.0,-50.0,10.0,108.0
-18.0,-50.0,10.0,406.0
-16.0,-50.0,10.0,452.0
-14.0,-50.0,10.0,452.0
-12.0,-50.0,10.0,452.0
-10.0,-50.0,10.0,452.0
-8.0,-50.0,10.0,452.0
-6.0,-50.0,10.0,452.0
-4.0,-50.0,10.0,181.0
2.0,-50.0,10.0,181.0
4.0,-50.0,10.0,181.0
6.0,-50.0,10.0,181.0
8.0,-50.0,10.0,181.0
10.0,-50.0,10.0,482.0
44.0,-50.0,10.0,581.0
46.0,-50.0,10.0,581.0
48.0,-50.0,10.0,581.0
50.0,-50.0,10.0,581.0
52.0,-50.0,10.0,581.0
54.0,-50.0,10.0,581.0
56.0,-50.0,10.0,581.0
58.0,-50.0,10.0,581.0
60.0,-50.0,10.0,581.0
62.0,-50.0,10.0,581.0
64.0,-50.0,10.0,581.0
66.0,-50.0,10.0,467.0
-68.0,-48.0,10.0,42.0
-66.0,-48.0,10.0,42.0
-64.0,-48.0,10.0,42.0
-62.0,-48.0,10.0,42.0
-60.0,-48.0,10.0,42.0
-58.0,-48.0,10.0,117.0
-56.0,-48.0,10.0,117.0
-54.0,-48.0,10.0,81.0
-52.0,-48.0,10.0,81.0
-50.0,-48.0,10.0,81.0
-20.0,-48.0,10.0,108.0
-18.0,-48.0,10.0,406.0
-16.0,-48.0,10.0,406.0
-12.0,-48.0,10.0,452.0
-10.0,-48.0,10.0,452.0
-8.0,-48.0,10.0,473.0
-6.0,-48.0,10.0,473.0
-4.0,-48.0,10.0,473.0
4.0,-48.0,10.0,551.0
6.0,-48.0,10.0,551.0
8.0,-48.0,10.0,551.0
10.0,-48.0,10.0,482.0
44.0,-48.0,10.0,581.0
46.0,-48.0,10.0,581.0
48.0,-48.0,10.0,581.0
50.0,-48.0,10.0,581.0
52.0,-48.0,10.0,581.0
54.0,-48.0,10.0,581.0
56.0,-48.0,10.0,581.0
58.0,-48.0,10.0,581.0
60.0,-48.0,10.0,581.0
62.0,-48.0,10.0,581.0
64.0,-48.0,10.0,467.0
66.0,-48.0,10.0,467.0
-68.0,-46.0,10.0,42.0
-66.0,-46.0,10.0,42.0
-64.0,-46.0,10.0,42.0
-62.0,-46.0,10.0,117.0
-60.0,-46.0,10.0,117.0
-58.0,-46.0,10.0,117.0
-56.0,-46.0,10.0,117.0
-54.0,-46.0,10.0,117.0
-52.0,-46.0,10.0,81.0
-50.0,-46.0,10.0,81.0
-48.0,-46.0,10.0,81.0
-12.0,-46.0,10.0,452.0
-10.0,-46.0,10.0,473.0
-8.0,-46.0,10.0,473.0
-6.0,-46.0,10.0,473.0
4.0,-46.0,10.0,551.0
6.0,-46.0,10.0,551.0
8.0,-46.0,10.0,551.0
10.0,-46.0,10.0,482.0
44.0,-46.0,10.0,581.0
46.0,-46.0,10.0,581.0
48.0,-46.0,10.0,581.0
50.0,-46.0,10.0,581.0
52.0,-46.0,10.0,581.0
54.0,-46.0,10.0,581.0
56.0,-46.0,10.0,581.0
58.0,-46.0,10.0,133.0
60.0,-46.0,10.0,133.0
62.0,-46.0,10.0,133.0
64.0,-46.0,10.0,467.0
66.0,-46.0,10.0,467.0
68.0,-46.0,10.0,467.0
-68.0,-44.0,10.0,42.0
-66.0,-44.0,10.0,42.0
-64.0,-44.0,10.0,117.0
-62.0,-44.0,10.0,117.0
-60.0,-44.0,10.0,117.0
-58.0,-44.0,10.0,117.0
-56.0,-44.0,10.0,117.0
-54.0,-44.0,10.0,117.0
-52.0,-44.0,10.0,117.0
-50.0,-44.0,10.0,117.0
-48.0,-44.0,10.0,496.0
-46.0,-44.0,10.0,496.0
-12.0,-44.0,10.0,473.0
-10.0,-44.0,10.0,473.0
-8.0,-44.0,10.0,473.0
-6.0,-44.0,10.0,473.0
6.0,-44.0,10.0,551.0
8.0,-44.0,10.0,551.0
10.0,-44.0,10.0,551.0
46.0,-44.0,10.0,581.0
48.0,-44.0,10.0,581.0
50.0,-44.0,10.0,581.0
52.0,-44.0,10.0,581.0
54.0,-44.0,10.0,133.0
56.0,-44.0,10.0,133.0
58.0,-44.0,10.0,133.0
60.0,-44.0,10.0,133.0
62.0,-44.0,10.0,133.0
64.0,-44.0,10.0,467.0
66.0,-44.0,10.0,467.0
68.0,-44.0,10.0,467.0
-68.0,-42.0,10.0,42.0
-66.0,-42.0,10.0,117.0
-64.0,-42.0,10.0,117.0
-62.0,-42.0,10.0,117.0
-60.0,-42.0,10.0,117.0
-58.0,-42.0,10.0,117.0
-56.0,-42.0,10.0,117.0
-54.0,-42.0,10.0,117.0
-52.0,-42.0,10.0,117.0
-50.0,-42.0,10.0,117.0
-48.0,-42.0,10.0,496.0
-46.0,-42.0,10.0,496.0
-44.0,-42.0,10.0,496.0
-12.0,-42.0,10.0,473.0
-10.0,-42.0,10.0,473.0
-8.0,-42.0,10.0,473.0
-6.0,-42.0,10.0,473.0
46.0,-42.0,10.0,581.0
48.0,-42.0,10.0,133.0
50.0,-42.0,10.0,133.0
52.0,-42.0,10.0,133.0
54.0,-42.0,10.0,133.0
56.0,-42.0,10.0,133.0
58.0,-42.0,10.0,133.0
60.0,-42.0,10.0,133.0
62.0,-42.0,10.0,133.0
64.0,-42.0,10.0,467.0
66.0,-42.0,10.0,467.0
68.0,-42.0,10.0,467.0
-70.0,-40.0,10.0,117.0
-68.0,-40.0,10.0,117.0
-66.0,-40.0,10.0,117.0
-64.0,-40.0,10.0,117.0
-62.0,-40.0,10.0,117.0
-60.0,-40.0,10.0,117.0
-58.0,-40.0,10.0,117.0
-56.0,-40.0,10.0,117.0
-54.0,-40.0,10.0,117.0
-52.0,-40.0,10.0,117.0
-50.0,-40.0,10.0,496.0
-48.0,-40.0,10.0,496.0
-46.0,-40.0,10.0,496.0
-44.0,-40.0,10.0,496.0
-12.0,-40.0,10.0,473.0
-10.0,-40.0,10.0,473.0
-8.0,-40.0,10.0,473.0
48.0,-40.0,10.0,133.0
50.0,-40.0,10.0,133.0
52.0,-40.0,10.0,133.0
54.0,-40.0,10.0,133.0
56.0,-40.0,10.0,133.0
58.0,-40.0,10.0,133.0
60.0,-40.0,10.0,133.0
62.0,-40.0,10.0,133.0
64.0,-40.0,10.0,467.0
66.0,-40.0,10.0,467.0
68.0,-40.0,10.0,467.0
-70.0,-38.0,10.0,117.0
-68.0,-38.0,10.0,117.0
-66.0,-38.0,10.0,117.0
-64.0,-38.0,10.0,117.0
-62.0,-38.0,10.0,117.0
-60.0,-38.0,10.0,117.0
-58.0,-38.0,10.0,117.0
-56.0,-38.0,10.0,117.0
-54.0,-38.0,10.0,117.0
-52.0,-38.0,10.0,117.0
-50.0,-38.0,10.0,496.0
-48.0,-38.0,10.0,496.0
-46.0,-38.0,10.0,496.0
-44.0,-38.0,10.0,496.0
-42.0,-38.0,10.0,496.0
42.0,-38.0,10.0,211.0
44.0,-38.0,10.0,211.0
48.0,-38.0,10.0,133.0
50.0,-38.0,10.0,133.0
52.0,-38.0,10.0,133.0
54.0,-38.0,10.0,133.0
56.0,-38.0,10.0,133.0
58.0,-38.0,10.0,133.0
60.0,-38.0,10.0,133.0
62.0,-38.0,10.0,467.0
64.0,-38.0,10.0,467.0
66.0,-38.0,10.0,467.0
68.0,-38.0,10.0,467.0
-70.0,-36.0,10.0,117.0
-68.0,-36.0,10.0,117.0
-66.0,-36.0,10.0,117.0
-64.0,-36.0,10.0,117.0
-62.0,-36.0,10.0,117.0
-60.0,-36.0,10.0,117.0
-58.0,-36.0,10.0,117.0
-56.0,-36.0,10.0,117.0
-54.0,-36.0,10.0,117.0
-52.0,-36.0,10.0,496.0
-50.0,-36.0,10.0,496.0
-48.0,-36.0,10.0,496.0
-46.0,-36.0,10.0,496.0
-44.0,-36.0,10.0,496.0
36.0,-36.0,10.0,211.0
38.0,-36.0,10.0,211.0
40.0,-36.0,10.0,211.0
42.0,-36.0,10.0,211.0
44.0,-36.0,10.0,211.0
46.0,-36.0,10.0,211.0
48.0,-36.0,10.0,133.0
50.0,-36.0,10.0,133.0
56.0,-36.0,10.0,133.0
58.0,-36.0,10.0,133.0
60.0,-36.0,10.0,133.0
62.0,-36.0,10.0,467.0
64.0,-36.0,10.0,467.0
66.0,-36.0,10.0,467.0
68.0,-36.0,10.0,467.0
-70.0,-34.0,10.0,162.0
-68.0,-34.0,10.0,162.0
-66.0,-34.0,10.0,162.0
-64.0,-34.0,10.0,117.0
-62.0,-34.0,10.0,117.0
-60.0,-34.0,10.0,117.0
-58.0,-34.0,10.0,117.0
-56.0,-34.0,10.0,117.0
-54.0,-34.0,10.0,117.0
-52.0,-34.0,10.0,496.0
-50.0,-34.0,10.0,496.0
-48.0,-34.0,10.0,496.0
-46.0,-34.0,10.0,496.0
16.0,-34.0,10.0,24.0
36.0,-34.0,10.0,211.0
38.0,-34.0,10.0,211.0
40.0,-34.0,10.0,211.0
42.0,-34.0,10.0,211.0
44.0,-34.0,10.0,211.0
46.0,-34.0,10.0,211.0
48.0,-34.0,10.0,211.0
50.0,-34.0,10.0,133.0
52.0,-34.0,10.0,133.0
56.0,-34.0,10.0,133.0
58.0,-34.0,10.0,133.0
60.0,-34.0,10.0,133.0
62.0,-34.0,10.0,467.0
64.0,-34.0,10.0,467.0
66.0,-34.0,10.0,467.0
68.0,-34.0,10.0,467.0
-70.0,-32.0,10.0,194.0
-68.0,-32.0,10.0,162.0
-66.0,-32.0,10.0,162.0
-64.0,-32.0,10.0,162.0
-62.0,-32.0,10.0,162.0
-60.0,-32.0,10.0,162.0
-58.0,-32.0,10.0,162.0
-56.0,-32.0,10.0,162.0
-54.0,-32.0,10.0,153.0
-52.0,-32.0,10.0,153.0
-50.0,-32.0,10.0,153.0
-48.0,-32.0,10.0,153.0
12.0,-32.0,10.0,24.0
14.0,-32.0,10.0,24.0
16.0,-32.0,10.0,24.0
18.0,-32.0,10.0,24.0
36.0,-32.0,10.0,246.0
38.0,-32.0,10.0,211.0
40.0,-32.0,10.0,211.0
42.0,-32.0,10.0,211.0
44.0,-32.0,10.0,211.0
46.0,-32.0,10.0,211.0
48.0,-32.0,10.0,211.0
50.0,-32.0,10.0,133.0
52.0,-32.0,10.0,133.0
54.0,-32.0,10.0,133.0
56.0,-32.0,10.0,133.0
58.0,-32.0,10.0,133.0
60.0,-32.0,10.0,133.0
62.0,-32.0,10.0,467.0
64.0,-32.0,10.0,467.0
66.0,-32.0,10.0,467.0
68.0,-32.0,10.0,467.0
-70.0,-30.0,10.0,194.0
-68.0,-30.0,10.0,162.0
-66.0,-30.0,10.0,162.0
-64.0,-30.0,10.0,162.0
-62.0,-30.0,10.0,162.0
-60.0,-30.0,10.0,162.0
-58.0,-30.0,10.0,162.0
-56.0,-30.0,10.0,162.0
-50.0,-30.0,10.0,153.0
-48.0,-30.0,10.0,153.0
-46.0,-30.0,10.0,153.0
8.0,-30.0,10.0,24.0
10.0,-30.0,10.0,24.0
12.0,-30.0,10.0,24.0
14.0,-30.0,10.0,24.0
16.0,-30.0,10.0,24.0
18.0,-30.0,10.0,24.0
20.0,-30.0,10.0,24.0
38.0,-30.0,10.0,211.0
40.0,-30.0,10.0,211.0
42.0,-30.0,10.0,211.0
44.0,-30.0,10.0,211.0
46.0,-30.0,10.0,211.0
48.0,-30.0,10.0,211.0
50.0,-30.0,10.0,211.0
52.0,-30.0,10.0,133.0
54.0,-30.0,10.0,133.0
56.0,-30.0,10.0,133.0
58.0,-30.0,10.0,184.0
60.0,-30.0,10.0,184.0
62.0,-30.0,10.0,184.0
64.0,-30.0,10.0,184.0
66.0,-30.0,10.0,184.0
68.0,-30.0,10.0,184.0
-70.0,-28.0,10.0,194.0
-68.0,-28.0,10.0,194.0
-66.0,-28.0,10.0,162.0
-64.0,-28.0,10.0,162.0
-62.0,-28.0,10.0,162.0
-60.0,-28.0,10.0,162.0
-58.0,-28.0,10.0,162.0
-56.0,-28.0,10.0,162.0
-54.0,-28.0,10.0,162.0
-52.0,-28.0,10.0,131.0
-50.0,-28.0,10.0,131.0
-48.0,-28.0,10.0,131.0
-46.0,-28.0,10.0,131.0
-44.0,-28.0,10.0,131.0
-24.0,-28.0,10.0,577.0
-22.0,-28.0,10.0,577.0
-20.0,-28.0,10.0,577.0
-18.0,-28.0,10.0,577.0
-16.0,-28.0,10.0,216.0
-14.0,-28.0,10.0,216.0
-12.0,-28.0,10.0,216.0
-10.0,-28.0,10.0,216.0
6.0,-28.0,10.0,24.0
8.0,-28.0,10.0,24.0
10.0,-28.0,10.0,24.0
12.0,-28.0,10.0,24.0
14.0,-28.0,10.0,24.0
16.0,-28.0,10.0,24.0
18.0,-28.0,10.0,24.0
20.0,-28.0,10.0,24.0
22.0,-28.0,10.0,24.0
34.0,-28.0,10.0,246.0
36.0,-28.0,10.0,246.0
38.0,-28.0,10.0,246.0
40.0,-28.0,10.0,211.0
42.0,-28.0,10.0,211.0
44.0,-28.0,10.0,211.0
46.0,-28.0,10.0,211.0
48.0,-28.0,10.0,211.0
50.0,-28.0,10.0,211.0
52.0,-28.0,10.0,460.0
54.0,-28.0,10.0,460.0
56.0,-28.0,10.0,460.0
58.0,-28.0,10.0,460.0
60.0,-28.0,10.0,184.0
62.0,-28.0,10.0,184.0
64.0,-28.0,10.0,184.0
66.0,-28.0,10.0,184.0
68.0,-28.0,10.0,184.0
-70.0,-26.0,10.0,194.0
-68.0,-26.0,10.0,194.0
-66.0,-26.0,10.0,194.0
-64.0,-26.0,10.0,162.0
-62.0,-26.0,10.0,162.0
-60.0,-26.0,10.0,162.0
-58.0,-26.0,10.0,162.0
-56.0,-26.0,10.0,162.0
-54.0,-26.0,10.0,162.0
-52.0,-26.0,10.0,131.0
-50.0,-26.0,10.0,131.0
-48.0,-26.0,10.0,131.0
-46.0,-26.0,10.0,131.0
-44.0,-26.0,10.0,131.0
-42.0,-26.0,10.0,131.0
-24.0,-26.0,10.0,577.0
-22.0,-26.0,10.0,577.0
-20.0,-26.0,10.0,577.0
-18.0,-26.0,10.0,577.0
-16.0,-26.0,10.0,216.0
-14.0,-26.0,10.0,216.0
-12.0,-26.0,10.0,216.0
-10.0,-26.0,10.0,216.0
-8.0,-26.0,10.0,216.0
6.0,-26.0,10.0,24.0
8.0,-26.0,10.0,24.0
10.0,-26.0,10.0,24.0
12.0,-26.0,10.0,24.0
14.0,-26.0,10.0,24.0
16.0,-26.0,10.0,24.0
18.0,-26.0,10.0,24.0
20.0,-26.0,10.0,24.0
22.0,-26.0,10.0,24.0
34.0,-26.0,10.0,246.0
36.0,-26.0,10.0,246.0
38.0,-26.0,10.0,246.0
40.0,-26.0,10.0,211.0
42.0,-26.0,10.0,211.0
44.0,-26.0,10.0,211.0
46.0,-26.0,10.0,211.0
48.0,-26.0,10.0,211.0
50.0,-26.0,10.0,211.0
52.0,-26.0,10.0,460.0
54.0,-26.0,10.0,460.0
56.0,-26.0,10.0,460.0
58.0,-26.0,10.0,460.0
60.0,-26.0,10.0,460.0
62.0,-26.0,10.0,184.0
64.0,-26.0,10.0,184.0
66.0,-26.0,10.0,184.0
68.0,-26.0,10.0,184.0
-70.0,-24.0,10.0,194.0
-68.0,-24.0,10.0,194.0
-66.0,-24.0,10.0,194.0
-64.0,-24.0,10.0,162.0
-62.0,-24.0,10.0,162.0
-60.0,-24.0,10.0,162.0
-58.0,-24.0,10.0,162.0
-56.0,-24.0,10.0,162.0
-54.0,-24.0,10.0,162.0
-52.0,-24.0,10.0,131.0
-50.0,-24.0,10.0,131.0
-48.0,-24.0,10.0,131.0
-46.0,-24.0,10.0,131.0
-44.0,-24.0,10.0,131.0
-42.0,-24.0,10.0,237.0
-40.0,-24.0,10.0,237.0
-24.0,-24.0,10.0,577.0
-22.0,-24.0,10.0,577.0
-20.0,-24.0,10.0,577.0
-18.0,-24.0,10.0,216.0
-16.0,-24.0,10.0,216.0
-14.0,-24.0,10.0,216.0
-12.0,-24.0,10.0,216.0
-10.0,-24.0,10.0,216.0
-8.0,-24.0,10.0,216.0
4.0,-24.0,10.0,104.0
6.0,-24.0,10.0,104.0
8.0,-24.0,10.0,24.0
10.0,-24.0,10.0,24.0
12.0,-24.0,10.0,24.0
14.0,-24.0,10.0,24.0
16.0,-24.0,10.0,24.0
18.0,-24.0,10.0,24.0
20.0,-24.0,10.0,24.0
22.0,-24.0,10.0,24.0
30.0,-24.0,10.0,246.0
32.0,-24.0,10.0,246.0
34.0,-24.0,10.0,246.0
36.0,-24.0,10.0,246.0
38.0,-24.0,10.0,246.0
40.0,-24.0,10.0,246.0
42.0,-24.0,10.0,211.0
44.0,-24.0,10.0,211.0
46.0,-24.0,10.0,211.0
48.0,-24.0,10.0,211.0
50.0,-24.0,10.0,460.0
52.0,-24.0,10.0,460.0
54.0,-24.0,10.0,460.0
56.0,-24.0,10.0,460.0
58.0,-24.0,10.0,460.0
60.0,-24.0,10.0,460.0
62.0,-24.0,10.0,184.0
64.0,-24.0,10.0,184.0
66.0,-24.0,10.0,319.0
68.0,-24.0,10.0,319.0
-70.0,-22.0,10.0,194.0
-68.0,-22.0,10.0,194.0
-66.0,-22.0,10.0,194.0
-64.0,-22.0,10.0,194.0
-62.0,-22.0,10.0,162.0
-60.0,-22.0,10.0,162.0
-58.0,-22.0,10.0,162.0
-56.0,-22.0,10.0,162.0
-54.0,-22.0,10.0,162.0
-52.0,-22.0,10.0,162.0
-50.0,-22.0,10.0,131.0
-48.0,-22.0,10.0,131.0
-46.0,-22.0,10.0,131.0
-44.0,-22.0,10.0,237.0
-42.0,-22.0,10.0,237.0
-40.0,-22.0,10.0,237.0
-38.0,-22.0,10.0,237.0
-24.0,-22.0,10.0,577.0
-22.0,-22.0,10.0,577.0
-20.0,-22.0,10.0,577.0
-18.0,-22.0,10.0,216.0
-16.0,-22.0,10.0,216.0
-14.0,-22.0,10.0,216.0
-12.0,-22.0,10.0,216.0
-10.0,-22.0,10.0,216.0
-8.0,-22.0,10.0,216.0
-6.0,-22.0,10.0,104.0
2.0,-22.0,10.0,104.0
4.0,-22.0,10.0,104.0
6.0,-22.0,10.0,104.0
8.0,-22.0,10.0,24.0
10.0,-22.0,10.0,24.0
12.0,-22.0,10.0,24.0
14.0,-22.0,10.0,24.0
16.0,-22.0,10.0,24.0
18.0,-22.0,10.0,24.0
20.0,-22.0,10.0,24.0
22.0,-22.0,10.0,24.0
32.0,-22.0,10.0,246.0
34.0,-22.0,10.0,246.0
36.0,-22.0,10.0,246.0
38.0,-22.0,10.0,246.0
40.0,-22.0,10.0,246.0
42.0,-22.0,10.0,211.0
44.0,-22.0,10.0,211.0
46.0,-22.0,10.0,211.0
48.0,-22.0,10.0,211.0
50.0,-22.0,10.0,460.0
52.0,-22.0,10.0,460.0
54.0,-22.0,10.0,460.0
56.0,-22.0,10.0,460.0
58.0,-22.0,10.0,460.0
60.0,-22.0,10.0,460.0
62.0,-22.0,10.0,460.0
64.0,-22.0,10.0,319.0
66.0,-22.0,10.0,319.0
68.0,-22.0,10.0,319.0
-70.0,-20.0,10.0,194.0
-68.0,-20.0,10.0,194.0
-66.0,-20.0,10.0,194.0
-64.0,-20.0,10.0,194.0
-62.0,-20.0,10.0,66.0
-60.0,-20.0,10.0,162.0
-58.0,-20.0,10.0,162.0
-56.0,-20.0,10.0,162.0
-54.0,-20.0,10.0,162.0
-52.0,-20.0,10.0,162.0
-50.0,-20.0,10.0,131.0
-48.0,-20.0,10.0,237.0
-46.0,-20.0,10.0,237.0
-44.0,-20.0,10.0,237.0
-42.0,-20.0,10.0,237.0
-40.0,-20.0,10.0,237.0
-36.0,-20.0,10.0,237.0
-34.0,-20.0,10.0,237.0
-24.0,-20.0,10.0,577.0
-22.0,-20.0,10.0,577.0
-20.0,-20.0,10.0,577.0
-18.0,-20.0,10.0,216.0
-16.0,-20.0,10.0,216.0
-14.0,-20.0,10.0,216.0
-12.0,-20.0,10.0,216.0
-10.0,-20.0,10.0,443.0
-8.0,-20.0,10.0,443.0
-6.0,-20.0,10.0,104.0
-4.0,-20.0,10.0,104.0
0.0,-20.0,10.0,104.0
2.0,-20.0,10.0,104.0
4.0,-20.0,10.0,104.0
6.0,-20.0,10.0,104.0
8.0,-20.0,10.0,104.0
10.0,-20.0,10.0,24.0
12.0,-20.0,10.0,24.0
14.0,-20.0,10.0,24.0
16.0,-20.0,10.0,24.0
18.0,-20.0,10.0,24.0
20.0,-20.0,10.0,24.0
32.0,-20.0,10.0,116.0
34.0,-20.0,10.0,116.0
36.0,-20.0,10.0,116.0
38.0,-20.0,10.0,116.0
40.0,-20.0,10.0,116.0
42.0,-20.0,10.0,116.0
44.0,-20.0,10.0,5.0
46.0,-20.0,10.0,5.0
48.0,-20.0,10.0,5.0
50.0,-20.0,10.0,460.0
52.0,-20.0,10.0,460.0
54.0,-20.0,10.0,460.0
56.0,-20.0,10.0,460.0
58.0,-20.0,10.0,460.0
60.0,-20.0,10.0,460.0
62.0,-20.0,10.0,460.0
64.0,-20.0,10.0,319.0
66.0,-20.0,10.0,319.0
68.0,-20.0,10.0,319.0
-70.0,-18.0,10.0,194.0
-68.0,-18.0,10.0,194.0
-66.0,-18.0,10.0,194.0
-64.0,-18.0,10.0,194.0
-62.0,-18.0,10.0,66.0
-60.0,-18.0,10.0,66.0
-58.0,-18.0,10.0,66.0
-56.0,-18.0,10.0,354.0
-54.0,-18.0,10.0,354.0
-52.0,-18.0,10.0,354.0
-50.0,-18.0,10.0,237.0
-48.0,-18.0,10.0,237.0
-46.0,-18.0,10.0,237.0
-44.0,-18.0,10.0,237.0
-42.0,-18.0,10.0,237.0
-38.0,-18.0,10.0,237.0
-36.0,-18.0,10.0,237.0
-34.0,-18.0,10.0,237.0
-24.0,-18.0,10.0,577.0
-22.0,-18.0,10.0,577.0
-20.0,-18.0,10.0,257.0
-18.0,-18.0,10.0,257.0
-16.0,-18.0,10.0,257.0
-14.0,-18.0,10.0,257.0
-12.0,-18.0,10.0,443.0
-10.0,-18.0,10.0,443.0
-8.0,-18.0,10.0,443.0
-6.0,-18.0,10.0,443.0
-4.0,-18.0,10.0,104.0
-2.0,-18.0,10.0,104.0
0.0,-18.0,10.0,104.0
2.0,-18.0,10.0,104.0
4.0,-18.0,10.0,104.0
6.0,-18.0,10.0,104.0
8.0,-18.0,10.0,104.0
10.0,-18.0,10.0,104.0
12.0,-18.0,10.0,24.0
14.0,-18.0,10.0,24.0
16.0,-18.0,10.0,111.0
18.0,-18.0,10.0,111.0
20.0,-18.0,10.0,111.0
34.0,-18.0,10.0,116.0
36.0,-18.0,10.0,116.0
38.0,-18.0,10.0,116.0
40.0,-18.0,10.0,116.0
44.0,-18.0,10.0,5.0
46.0,-18.0,10.0,5.0
48.0,-18.0,10.0,5.0
50.0,-18.0,10.0,329.0
52.0,-18.0,10.0,460.0
54.0,-18.0,10.0,460.0
56.0,-18.0,10.0,460.0
58.0,-18.0,10.0,460.0
60.0,-18.0,10.0,460.0
62.0,-18.0,10.0,460.0
64.0,-18.0,10.0,319.0
66.0,-18.0,10.0,319.0
-70.0,-16.0,10.0,194.0
-68.0,-16.0,10.0,194.0
-66.0,-16.0,10.0,194.0
-64.0,-16.0,10.0,194.0
-62.0,-16.0,10.0,66.0
-60.0,-16.0,10.0,66.0
-58.0,-16.0,10.0,354.0
-56.0,-16.0,10.0,354.0
-54.0,-16.0,10.0,354.0
-52.0,-16.0,10.0,354.0
-50.0,-16.0,10.0,166.0
-48.0,-16.0,10.0,166.0
-46.0,-16.0,10.0,237.0
-44.0,-16.0,10.0,237.0
-42.0,-16.0,10.0,237.0
-40.0,-16.0,10.0,237.0
-38.0,-16.0,10.0,237.0
-36.0,-16.0,10.0,237.0
-24.0,-16.0,10.0,577.0
-22.0,-16.0,10.0,257.0
-20.0,-16.0,10.0,257.0
-18.0,-16.0,10.0,257.0
-16.0,-16.0,10.0,257.0
-14.0,-16.0,10.0,257.0
-12.0,-16.0,10.0,443.0
-10.0,-16.0,10.0,443.0
-8.0,-16.0,10.0,443.0
-6.0,-16.0,10.0,443.0
-4.0,-16.0,10.0,104.0
-2.0,-16.0,10.0,104.0
0.0,-16.0,10.0,104.0
2.0,-16.0,10.0,104.0
4.0,-16.0,10.0,104.0
6.0,-16.0,10.0,104.0
8.0,-16.0,10.0,104.0
10.0,-16.0,10.0,104.0
12.0,-16.0,10.0,111.0
14.0,-16.0,10.0,111.0
16.0,-16.0,10.0,111.0
18.0,-16.0,10.0,111.0
28.0,-16.0,10.0,124.0
34.0,-16.0,10.0,116.0
36.0,-16.0,10.0,116.0
38.0,-16.0,10.0,116.0
40.0,-16.0,10.0,116.0
48.0,-16.0,10.0,329.0
50.0,-16.0,10.0,329.0
52.0,-16.0,10.0,329.0
54.0,-16.0,10.0,329.0
56.0,-16.0,10.0,460.0
58.0,-16.0,10.0,460.0
60.0,-16.0,10.0,460.0
62.0,-16.0,10.0,319.0
-68.0,-14.0,10.0,194.0
-66.0,-14.0,10.0,194.0
-64.0,-14.0,10.0,194.0
-62.0,-14.0,10.0,354.0
-60.0,-14.0,10.0,354.0
-58.0,-14.0,10.0,354.0
-56.0,-14.0,10.0,354.0
-54.0,-14.0,10.0,354.0
-52.0,-14.0,10.0,354.0
-50.0,-14.0,10.0,166.0
-48.0,-14.0,10.0,166.0
-46.0,-14.0,10.0,166.0
-44.0,-14.0,10.0,166.0
-40.0,-14.0,10.0,237.0
-38.0,-14.0,10.0,237.0
-36.0,-14.0,10.0,237.0
-24.0,-14.0,10.0,257.0
-22.0,-14.0,10.0,257.0
-20.0,-14.0,10.0,257.0
-18.0,-14.0,10.0,257.0
-16.0,-14.0,10.0,257.0
-14.0,-14.0,10.0,257.0
-12.0,-14.0,10.0,443.0
-10.0,-14.0,10.0,443.0
-8.0,-14.0,10.0,443.0
-6.0,-14.0,10.0,443.0
-4.0,-14.0,10.0,248.0
-2.0,-14.0,10.0,248.0
0.0,-14.0,10.0,248.0
2.0,-14.0,10.0,248.0
4.0,-14.0,10.0,248.0
6.0,-14.0,10.0,248.0
8.0,-14.0,10.0,248.0
10.0,-14.0,10.0,248.0
12.0,-14.0,10.0,111.0
14.0,-14.0,10.0,111.0
16.0,-14.0,10.0,111.0
26.0,-14.0,10.0,93.0
28.0,-14.0,10.0,124.0
36.0,-14.0,10.0,116.0
38.0,-14.0,10.0,116.0
40.0,-14.0,10.0,116.0
54.0,-14.0,10.0,329.0
56.0,-14.0,10.0,329.0
58.0,-14.0,10.0,460.0
60.0,-14.0,10.0,460.0
62.0,-14.0,10.0,319.0
64.0,-14.0,10.0,319.0
-68.0,-12.0,10.0,194.0
-66.0,-12.0,10.0,194.0
-64.0,-12.0,10.0,194.0
-62.0,-12.0,10.0,354.0
-60.0,-12.0,10.0,354.0
-58.0,-12.0,10.0,354.0
-56.0,-12.0,10.0,354.0
-54.0,-12.0,10.0,354.0
-52.0,-12.0,10.0,354.0
-50.0,-12.0,10.0,166.0
-48.0,-12.0,10.0,166.0
-46.0,-12.0,10.0,166.0
-44.0,-12.0,10.0,166.0
-42.0,-12.0,10.0,166.0
-40.0,-12.0,10.0,166.0
-38.0,-12.0,10.0,179.0
-36.0,-12.0,10.0,223.0
-22.0,-12.0,10.0,257.0
-20.0,-12.0,10.0,257.0
-18.0,-12.0,10.0,257.0
-16.0,-12.0,10.0,257.0
-14.0,-12.0,10.0,443.0
-12.0,-12.0,10.0,443.0
-10.0,-12.0,10.0,443.0
-8.0,-12.0,10.0,443.0
-6.0,-12.0,10.0,443.0
-4.0,-12.0,10.0,248.0
-2.0,-12.0,10.0,248.0
0.0,-12.0,10.0,248.0
2.0,-12.0,10.0,248.0
4.0,-12.0,10.0,248.0
6.0,-12.0,10.0,248.0
8.0,-12.0,10.0,248.0
10.0,-12.0,10.0,248.0
12.0,-12.0,10.0,111.0
14.0,-12.0,10.0,111.0
16.0,-12.0,10.0,111.0
26.0,-12.0,10.0,93.0
28.0,-12.0,10.0,124.0
30.0,-12.0,10.0,124.0
34.0,-12.0,10.0,124.0
36.0,-12.0,10.0,116.0
38.0,-12.0,10.0,116.0
40.0,-12.0,10.0,116.0
56.0,-12.0,10.0,329.0
58.0,-12.0,10.0,209.0
60.0,-12.0,10.0,209.0
62.0,-12.0,10.0,209.0
64.0,-12.0,10.0,319.0
-68.0,-10.0,10.0,194.0
-66.0,-10.0,10.0,194.0
-64.0,-10.0,10.0,354.0
-62.0,-10.0,10.0,354.0
-60.0,-10.0,10.0,354.0
-58.0,-10.0,10.0,354.0
-56.0,-10.0,10.0,354.0
-54.0,-10.0,10.0,354.0
-52.0,-10.0,10.0,166.0
-50.0,-10.0,10.0,166.0
-48.0,-10.0,10.0,166.0
-46.0,-10.0,10.0,166.0
-42.0,-10.0,10.0,166.0
-40.0,-10.0,10.0,179.0
-38.0,-10.0,10.0,223.0
-36.0,-10.0,10.0,223.0
-30.0,-10.0,10.0,223.0
-20.0,-10.0,10.0,257.0
-18.0,-10.0,10.0,257.0
-16.0,-10.0,10.0,257.0
-14.0,-10.0,10.0,443.0
-12.0,-10.0,10.0,443.0
-10.0,-10.0,10.0,443.0
-8.0,-10.0,10.0,443.0
-6.0,-10.0,10.0,443.0
-4.0,-10.0,10.0,248.0
-2.0,-10.0,10.0,248.0
0.0,-10.0,10.0,248.0
2.0,-10.0,10.0,248.0
4.0,-10.0,10.0,248.0
6.0,-10.0,10.0,248.0
8.0,-10.0,10.0,248.0
10.0,-10.0,10.0,248.0
12.0,-10.0,10.0,111.0
14.0,-10.0,10.0,111.0
26.0,-10.0,10.0,93.0
28.0,-10.0,10.0,124.0
30.0,-10.0,10.0,124.0
34.0,-10.0,10.0,124.0
36.0,-10.0,10.0,124.0
38.0,-10.0,10.0,116.0
40.0,-10.0,10.0,116.0
44.0,-10.0,10.0,329.0
46.0,-10.0,10.0,329.0
48.0,-10.0,10.0,329.0
56.0,-10.0,10.0,209.0
58.0,-10.0,10.0,209.0
60.0,-10.0,10.0,209.0
62.0,-10.0,10.0,209.0
-68.0,-8.0,10.0,194.0
-66.0,-8.0,10.0,354.0
-64.0,-8.0,10.0,354.0
-62.0,-8.0,10.0,354.0
-60.0,-8.0,10.0,354.0
-58.0,-8.0,10.0,354.0
-56.0,-8.0,10.0,354.0
-54.0,-8.0,10.0,354.0
-52.0,-8.0,10.0,166.0
-50.0,-8.0,10.0,166.0
-48.0,-8.0,10.0,166.0
-46.0,-8.0,10.0,166.0
-42.0,-8.0,10.0,166.0
-40.0,-8.0,10.0,223.0
-38.0,-8.0,10.0,223.0
-36.0,-8.0,10.0,223.0
-30.0,-8.0,10.0,223.0
-28.0,-8.0,10.0,223.0
-20.0,-8.0,10.0,257.0
-18.0,-8.0,10.0,257.0
-16.0,-8.0,10.0,257.0
-14.0,-8.0,10.0,443.0
-12.0,-8.0,10.0,443.0
-10.0,-8.0,10.0,443.0
-8.0,-8.0,10.0,443.0
-6.0,-8.0,10.0,443.0
-4.0,-8.0,10.0,248.0
-2.0,-8.0,10.0,248.0
0.0,-8.0,10.0,248.0
2.0,-8.0,10.0,248.0
4.0,-8.0,10.0,248.0
6.0,-8.0,10.0,248.0
8.0,-8.0,10.0,248.0
10.0,-8.0,10.0,248.0
12.0,-8.0,10.0,111.0
14.0,-8.0,10.0,111.0
24.0,-8.0,10.0,93.0
26.0,-8.0,10.0,93.0
28.0,-8.0,10.0,124.0
30.0,-8.0,10.0,124.0
34.0,-8.0,10.0,124.0
36.0,-8.0,10.0,124.0
38.0,-8.0,10.0,466.0
40.0,-8.0,10.0,466.0
44.0,-8.0,10.0,329.0
46.0,-8.0,10.0,329.0
48.0,-8.0,10.0,329.0
50.0,-8.0,10.0,329.0
-68.0,-6.0,10.0,354.0
-66.0,-6.0,10.0,354.0
-64.0,-6.0,10.0,354.0
-62.0,-6.0,10.0,354.0
-60.0,-6.0,10.0,354.0
-58.0,-6.0,10.0,354.0
-56.0,-6.0,10.0,354.0
-54.0,-6.0,10.0,544.0
-52.0,-6.0,10.0,166.0
-50.0,-6.0,10.0,166.0
-48.0,-6.0,10.0,166.0
-46.0,-6.0,10.0,166.0
-44.0,-6.0,10.0,166.0
-42.0,-6.0,10.0,223.0
-40.0,-6.0,10.0,223.0
-38.0,-6.0,10.0,223.0
-36.0,-6.0,10.0,223.0
-34.0,-6.0,10.0,223.0
-30.0,-6.0,10.0,223.0
-28.0,-6.0,10.0,223.0
-18.0,-6.0,10.0,257.0
-16.0,-6.0,10.0,443.0
-14.0,-6.0,10.0,443.0
-12.0,-6.0,10.0,443.0
-10.0,-6.0,10.0,443.0
-8.0,-6.0,10.0,443.0
-6.0,-6.0,10.0,443.0
-4.0,-6.0,10.0,248.0
-2.0,-6.0,10.0,248.0
2.0,-6.0,10.0,248.0
4.0,-6.0,10.0,248.0
6.0,-6.0,10.0,248.0
8.0,-6.0,10.0,248.0
10.0,-6.0,10.0,248.0
12.0,-6.0,10.0,111.0
22.0,-6.0,10.0,93.0
24.0,-6.0,10.0,93.0
26.0,-6.0,10.0,93.0
28.0,-6.0,10.0,124.0
30.0,-6.0,10.0,124.0
34.0,-6.0,10.0,124.0
36.0,-6.0,10.0,124.0
38.0,-6.0,10.0,124.0
40.0,-6.0,10.0,466.0
42.0,-6.0,10.0,466.0
44.0,-6.0,10.0,329.0
46.0,-6.0,10.0,329.0
48.0,-6.0,10.0,329.0
50.0,-6.0,10.0,209.0
52.0,-6.0,10.0,209.0
54.0,-6.0,10.0,209.0
56.0,-6.0,10.0,209.0
58.0,-6.0,10.0,209.0
-66.0,-4.0,10.0,354.0
-64.0,-4.0,10.0,354.0
-62.0,-4.0,10.0,354.0
-60.0,-4.0,10.0,544.0
-58.0,-4.0,10.0,544.0
-56.0,-4.0,10.0,544.0
-54.0,-4.0,10.0,544.0
-52.0,-4.0,10.0,544.0
-50.0,-4.0,10.0,166.0
-48.0,-4.0,10.0,166.0
-46.0,-4.0,10.0,166.0
-44.0,-4.0,10.0,166.0
-40.0,-4.0,10.0,223.0
-38.0,-4.0,10.0,223.0
-36.0,-4.0,10.0,223.0
-30.0,-4.0,10.0,223.0
-28.0,-4.0,10.0,434.0
-26.0,-4.0,10.0,434.0
-16.0,-4.0,10.0,434.0
-14.0,-4.0,10.0,443.0
-12.0,-4.0,10.0,443.0
-10.0,-4.0,10.0,443.0
-8.0,-4.0,10.0,443.0
-6.0,-4.0,10.0,443.0
-4.0,-4.0,10.0,248.0
4.0,-4.0,10.0,248.0
6.0,-4.0,10.0,248.0
8.0,-4.0,10.0,248.0
10.0,-4.0,10.0,248.0
22.0,-4.0,10.0,93.0
24.0,-4.0,10.0,93.0
26.0,-4.0,10.0,93.0
28.0,-4.0,10.0,124.0
30.0,-4.0,10.0,124.0
36.0,-4.0,10.0,124.0
38.0,-4.0,10.0,124.0
40.0,-4.0,10.0,466.0
42.0,-4.0,10.0,355.0
44.0,-4.0,10.0,355.0
46.0,-4.0,10.0,195.0
48.0,-4.0,10.0,209.0
50.0,-4.0,10.0,209.0
52.0,-4.0,10.0,209.0
54.0,-4.0,10.0,209.0
56.0,-4.0,10.0,209.0
58.0,-4.0,10.0,209.0
60.0,-4.0,10.0,209.0
64.0,-4.0,10.0,209.0
-66.0,-2.0,10.0,92.0
-64.0,-2.0,10.0,544.0
-62.0,-2.0,10.0,544.0
-60.0,-2.0,10.0,544.0
-58.0,-2.0,10.0,544.0
-56.0,-2.0,10.0,544.0
-54.0,-2.0,10.0,544.0
-52.0,-2.0,10.0,544.0
-50.0,-2.0,10.0,544.0
-48.0,-2.0,10.0,347.0
-46.0,-2.0,10.0,347.0
-44.0,-2.0,10.0,347.0
-42.0,-2.0,10.0,223.0
-40.0,-2.0,10.0,223.0
-38.0,-2.0,10.0,223.0
-36.0,-2.0,10.0,223.0
-30.0,-2.0,10.0,223.0
-28.0,-2.0,10.0,434.0
-26.0,-2.0,10.0,434.0
-24.0,-2.0,10.0,434.0
-14.0,-2.0,10.0,434.0
-12.0,-2.0,10.0,443.0
-10.0,-2.0,10.0,443.0
-8.0,-2.0,10.0,443.0
-6.0,-2.0,10.0,443.0
-4.0,-2.0,10.0,248.0
22.0,-2.0,10.0,93.0
24.0,-2.0,10.0,93.0
26.0,-2.0,10.0,93.0
28.0,-2.0,10.0,124.0
30.0,-2.0,10.0,124.0
34.0,-2.0,10.0,124.0
36.0,-2.0,10.0,124.0
38.0,-2.0,10.0,124.0
40.0,-2.0,10.0,355.0
42.0,-2.0,10.0,355.0
44.0,-2.0,10.0,195.0
46.0,-2.0,10.0,195.0
48.0,-2.0,10.0,195.0
50.0,-2.0,10.0,209.0
52.0,-2.0,10.0,209.0
54.0,-2.0,10.0,209.0
56.0,-2.0,10.0,209.0
58.0,-2.0,10.0,209.0
60.0,-2.0,10.0,209.0
62.0,-2.0,10.0,209.0
64.0,-2.0,10.0,209.0
-66.0,-0.0,10.0,92.0
-64.0,-0.0,10.0,92.0
-62.0,-0.0,10.0,544.0
-60.0,-0.0,10.0,544.0
-58.0,-0.0,10.0,544.0
-56.0,-0.0,10.0,544.0
-54.0,-0.0,10.0,544.0
-52.0,-0.0,10.0,544.0
-50.0,-0.0,10.0,544.0
-48.0,-0.0,10.0,347.0
-46.0,-0.0,10.0,347.0
-44.0,-0.0,10.0,274.0
-42.0,-0.0,10.0,274.0
-40.0,-0.0,10.0,223.0
-38.0,-0.0,10.0,223.0
-36.0,-0.0,10.0,223.0
-30.0,-0.0,10.0,223.0
-28.0,-0.0,10.0,434.0
-26.0,-0.0,10.0,434.0
-24.0,-0.0,10.0,434.0
-10.0,-0.0,10.0,443.0
-8.0,-0.0,10.0,443.0
-6.0,-0.0,10.0,443.0
20.0,-0.0,10.0,93.0
22.0,-0.0,10.0,93.0
24.0,-0.0,10.0,93.0
26.0,-0.0,10.0,93.0
28.0,-0.0,10.0,124.0
30.0,-0.0,10.0,124.0
34.0,-0.0,10.0,124.0
36.0,-0.0,10.0,124.0
38.0,-0.0,10.0,124.0
40.0,-0.0,10.0,7.0
42.0,-0.0,10.0,7.0
44.0,-0.0,10.0,195.0
46.0,-0.0,10.0,195.0
48.0,-0.0,10.0,195.0
50.0,-0.0,10.0,195.0
52.0,-0.0,10.0,195.0
54.0,-0.0,10.0,209.0
56.0,-0.0,10.0,209.0
58.0,-0.0,10.0,209.0
60.0,-0.0,10.0,209.0
62.0,-0.0,10.0,209.0
64.0,-0.0,10.0,209.0
-66.0,2.0,10.0,92.0
-64.0,2.0,10.0,92.0
-62.0,2.0,10.0,544.0
-60.0,2.0,10.0,544.0
-58.0,2.0,10.0,544.0
-56.0,2.0,10.0,544.0
-54.0,2.0,10.0,544.0
-52.0,2.0,10.0,544.0
-50.0,2.0,10.0,544.0
-48.0,2.0,10.0,544.0
-46.0,2.0,10.0,347.0
-44.0,2.0,10.0,274.0
-42.0,2.0,10.0,274.0
-40.0,2.0,10.0,274.0
-38.0,2.0,10.0,223.0
-36.0,2.0,10.0,223.0
-30.0,2.0,10.0,434.0
-28.0,2.0,10.0,434.0
-26.0,2.0,10.0,434.0
-24.0,2.0,10.0,434.0
-22.0,2.0,10.0,434.0
8.0,2.0,10.0,238.0
10.0,2.0,10.0,238.0
20.0,2.0,10.0,93.0
22.0,2.0,10.0,93.0
24.0,2.0,10.0,93.0
26.0,2.0,10.0,93.0
28.0,2.0,10.0,124.0
30.0,2.0,10.0,124.0
32.0,2.0,10.0,124.0
34.0,2.0,10.0,124.0
36.0,2.0,10.0,124.0
38.0,2.0,10.0,7.0
40.0,2.0,10.0,7.0
42.0,2.0,10.0,7.0
44.0,2.0,10.0,7.0
46.0,2.0,10.0,195.0
48.0,2.0,10.0,195.0
54.0,2.0,10.0,195.0
56.0,2.0,10.0,209.0
58.0,2.0,10.0,209.0
60.0,2.0,10.0,209.0
62.0,2.0,10.0,209.0
64.0,2.0,10.0,209.0
-64.0,4.0,10.0,92.0
-62.0,4.0,10.0,92.0
-60.0,4.0,10.0,544.0
-58.0,4.0,10.0,544.0
-56.0,4.0,10.0,544.0
-54.0,4.0,10.0,544.0
-52.0,4.0,10.0,544.0
-50.0,4.0,10.0,544.0
-48.0,4.0,10.0,544.0
-46.0,4.0,10.0,347.0
-44.0,4.0,10.0,274.0
-42.0,4.0,10.0,274.0
-40.0,4.0,10.0,274.0
-38.0,4.0,10.0,274.0
-36.0,4.0,10.0,223.0
-34.0,4.0,10.0,223.0
-30.0,4.0,10.0,434.0
-28.0,4.0,10.0,434.0
-26.0,4.0,10.0,434.0
-24.0,4.0,10.0,434.0
-22.0,4.0,10.0,434.0
-12.0,4.0,10.0,434.0
-10.0,4.0,10.0,434.0
8.0,4.0,10.0,238.0
10.0,4.0,10.0,238.0
12.0,4.0,10.0,238.0
20.0,4.0,10.0,264.0
22.0,4.0,10.0,264.0
24.0,4.0,10.0,93.0
26.0,4.0,10.0,93.0
28.0,4.0,10.0,124.0
30.0,4.0,10.0,124.0
32.0,4.0,10.0,124.0
34.0,4.0,10.0,7.0
36.0,4.0,10.0,7.0
38.0,4.0,10.0,7.0
40.0,4.0,10.0,7.0
42.0,4.0,10.0,7.0
44.0,4.0,10.0,7.0
46.0,4.0,10.0,195.0
48.0,4.0,10.0,195.0
50.0,4.0,10.0,195.0
54.0,4.0,10.0,195.0
56.0,4.0,10.0,195.0
58.0,4.0,10.0,209.0
60.0,4.0,10.0,209.0
62.0,4.0,10.0,209.0
-64.0,6.0,10.0,92.0
-62.0,6.0,10.0,92.0
-60.0,6.0,10.0,92.0
-58.0,6.0,10.0,544.0
-56.0,6.0,10.0,544.0
-54.0,6.0,10.0,544.0
-52.0,6.0,10.0,544.0
-50.0,6.0,10.0,544.0
-48.0,6.0,10.0,544.0
-46.0,6.0,10.0,236.0
-44.0,6.0,10.0,236.0
-42.0,6.0,10.0,468.0
-40.0,6.0,10.0,468.0
-38.0,6.0,10.0,468.0
-36.0,6.0,10.0,468.0
-34.0,6.0,10.0,468.0
-30.0,6.0,10.0,468.0
-28.0,6.0,10.0,434.0
-26.0,6.0,10.0,434.0
-24.0,6.0,10.0,434.0
-22.0,6.0,10.0,434.0
-20.0,6.0,10.0,434.0
-14.0,6.0,10.0,434.0
-12.0,6.0,10.0,434.0
-10.0,6.0,10.0,434.0
-8.0,6.0,10.0,434.0
6.0,6.0,10.0,238.0
8.0,6.0,10.0,238.0
10.0,6.0,10.0,238.0
12.0,6.0,10.0,238.0
20.0,6.0,10.0,264.0
22.0,6.0,10.0,264.0
24.0,6.0,10.0,264.0
26.0,6.0,10.0,93.0
28.0,6.0,10.0,124.0
32.0,6.0,10.0,7.0
34.0,6.0,10.0,7.0
36.0,6.0,10.0,7.0
38.0,6.0,10.0,7.0
40.0,6.0,10.0,7.0
42.0,6.0,10.0,7.0
44.0,6.0,10.0,7.0
46.0,6.0,10.0,7.0
48.0,6.0,10.0,427.0
50.0,6.0,10.0,195.0
52.0,6.0,10.0,195.0
54.0,6.0,10.0,195.0
56.0,6.0,10.0,195.0
58.0,6.0,10.0,195.0
60.0,6.0,10.0,195.0
62.0,6.0,10.0,209.0
-64.0,8.0,10.0,92.0
-62.0,8.0,10.0,92.0
-60.0,8.0,10.0,92.0
-58.0,8.0,10.0,92.0
-56.0,8.0,10.0,544.0
-54.0,8.0,10.0,544.0
-52.0,8.0,10.0,544.0
-50.0,8.0,10.0,544.0
-48.0,8.0,10.0,544.0
-46.0,8.0,10.0,468.0
-44.0,8.0,10.0,468.0
-42.0,8.0,10.0,468.0
-40.0,8.0,10.0,468.0
-38.0,8.0,10.0,468.0
-36.0,8.0,10.0,468.0
-34.0,8.0,10.0,468.0
-32.0,8.0,10.0,468.0
-30.0,8.0,10.0,468.0
-28.0,8.0,10.0,434.0
-26.0,8.0,10.0,434.0
-24.0,8.0,10.0,434.0
-22.0,8.0,10.0,434.0
-14.0,8.0,10.0,434.0
-12.0,8.0,10.0,434.0
-10.0,8.0,10.0,582.0
-8.0,8.0,10.0,582.0
6.0,8.0,10.0,238.0
8.0,8.0,10.0,238.0
10.0,8.0,10.0,238.0
12.0,8.0,10.0,238.0
14.0,8.0,10.0,238.0
20.0,8.0,10.0,264.0
22.0,8.0,10.0,264.0
24.0,8.0,10.0,264.0
26.0,8.0,10.0,264.0
28.0,8.0,10.0,307.0
32.0,8.0,10.0,7.0
34.0,8.0,10.0,7.0
36.0,8.0,10.0,7.0
38.0,8.0,10.0,7.0
40.0,8.0,10.0,7.0
42.0,8.0,10.0,7.0
46.0,8.0,10.0,7.0
48.0,8.0,10.0,427.0
50.0,8.0,10.0,427.0
52.0,8.0,10.0,195.0
54.0,8.0,10.0,195.0
56.0,8.0,10.0,195.0
58.0,8.0,10.0,195.0
60.0,8.0,10.0,195.0
62.0,8.0,10.0,195.0
-64.0,10.0,10.0,92.0
-62.0,10.0,10.0,92.0
-60.0,10.0,10.0,92.0
-58.0,10.0,10.0,359.0
-56.0,10.0,10.0,359.0
-54.0,10.0,10.0,359.0
-52.0,10.0,10.0,359.0
-50.0,10.0,10.0,359.0
-48.0,10.0,10.0,359.0
-46.0,10.0,10.0,468.0
-44.0,10.0,10.0,468.0
-42.0,10.0,10.0,468.0
-40.0,10.0,10.0,468.0
-38.0,10.0,10.0,468.0
-36.0,10.0,10.0,468.0
-34.0,10.0,10.0,468.0
-32.0,10.0,10.0,468.0
-28.0,10.0,10.0,468.0
-26.0,10.0,10.0,434.0
-24.0,10.0,10.0,434.0
-22.0,10.0,10.0,434.0
-16.0,10.0,10.0,434.0
-14.0,10.0,10.0,448.0
-12.0,10.0,10.0,582.0
-10.0,10.0,10.0,582.0
-8.0,10.0,10.0,582.0
6.0,10.0,10.0,238.0
8.0,10.0,10.0,238.0
10.0,10.0,10.0,238.0
12.0,10.0,10.0,238.0
14.0,10.0,10.0,264.0
16.0,10.0,10.0,264.0
20.0,10.0,10.0,264.0
22.0,10.0,10.0,264.0
24.0,10.0,10.0,264.0
26.0,10.0,10.0,264.0
32.0,10.0,10.0,7.0
34.0,10.0,10.0,7.0
36.0,10.0,10.0,7.0
38.0,10.0,10.0,7.0
40.0,10.0,10.0,7.0
42.0,10.0,10.0,7.0
46.0,10.0,10.0,7.0
48.0,10.0,10.0,427.0
50.0,10.0,10.0,427.0
52.0,10.0,10.0,427.0
54.0,10.0,10.0,427.0
56.0,10.0,10.0,195.0
58.0,10.0,10.0,195.0
60.0,10.0,10.0,195.0
62.0,10.0,10.0,195.0
-62.0,12.0,10.0,359.0
-60.0,12.0,10.0,359.0
-58.0,12.0,10.0,359.0
-56.0,12.0,10.0,359.0
-54.0,12.0,10.0,359.0
-52.0,12.0,10.0,359.0
-50.0,12.0,10.0,359.0
-48.0,12.0,10.0,359.0
-46.0,12.0,10.0,359.0
-44.0,12.0,10.0,468.0
-42.0,12.0,10.0,468.0
-40.0,12.0,10.0,468.0
-38.0,12.0,10.0,468.0
-36.0,12.0,10.0,468.0
-34.0,12.0,10.0,468.0
-32.0,12.0,10.0,468.0
-26.0,12.0,10.0,448.0
-24.0,12.0,10.0,448.0
-22.0,12.0,10.0,448.0
-18.0,12.0,10.0,448.0
-16.0,12.0,10.0,448.0
-14.0,12.0,10.0,582.0
-12.0,12.0,10.0,582.0
-10.0,12.0,10.0,582.0
-8.0,12.0,10.0,582.0
6.0,12.0,10.0,238.0
8.0,12.0,10.0,238.0
10.0,12.0,10.0,238.0
12.0,12.0,10.0,238.0
14.0,12.0,10.0,264.0
16.0,12.0,10.0,264.0
18.0,12.0,10.0,264.0
20.0,12.0,10.0,264.0
22.0,12.0,10.0,264.0
24.0,12.0,10.0,264.0
26.0,12.0,10.0,307.0
30.0,12.0,10.0,307.0
32.0,12.0,10.0,307.0
34.0,12.0,10.0,7.0
36.0,12.0,10.0,7.0
38.0,12.0,10.0,7.0
40.0,12.0,10.0,7.0
42.0,12.0,10.0,7.0
46.0,12.0,10.0,7.0
48.0,12.0,10.0,7.0
50.0,12.0,10.0,196.0
52.0,12.0,10.0,196.0
54.0,12.0,10.0,196.0
56.0,12.0,10.0,196.0
58.0,12.0,10.0,195.0
60.0,12.0,10.0,195.0
-62.0,14.0,10.0,359.0
-60.0,14.0,10.0,359.0
-58.0,14.0,10.0,359.0
-56.0,14.0,10.0,359.0
-54.0,14.0,10.0,359.0
-52.0,14.0,10.0,359.0
-50.0,14.0,10.0,359.0
-48.0,14.0,10.0,359.0
-46.0,14.0,10.0,359.0
-44.0,14.0,10.0,468.0
-42.0,14.0,10.0,468.0
-40.0,14.0,10.0,468.0
-38.0,14.0,10.0,468.0
-36.0,14.0,10.0,468.0
-34.0,14.0,10.0,468.0
-32.0,14.0,10.0,468.0
-26.0,14.0,10.0,448.0
-24.0,14.0,10.0,448.0
-18.0,14.0,10.0,448.0
-16.0,14.0,10.0,448.0
-14.0,14.0,10.0,582.0
-12.0,14.0,10.0,582.0
-10.0,14.0,10.0,582.0
-8.0,14.0,10.0,582.0
6.0,14.0,10.0,238.0
8.0,14.0,10.0,238.0
10.0,14.0,10.0,238.0
12.0,14.0,10.0,264.0
14.0,14.0,10.0,264.0
16.0,14.0,10.0,264.0
18.0,14.0,10.0,264.0
22.0,14.0,10.0,264.0
24.0,14.0,10.0,264.0
30.0,14.0,10.0,307.0
32.0,14.0,10.0,307.0
34.0,14.0,10.0,307.0
36.0,14.0,10.0,7.0
38.0,14.0,10.0,7.0
40.0,14.0,10.0,7.0
42.0,14.0,10.0,7.0
46.0,14.0,10.0,7.0
48.0,14.0,10.0,196.0
50.0,14.0,10.0,196.0
52.0,14.0,10.0,196.0
54.0,14.0,10.0,196.0
56.0,14.0,10.0,196.0
58.0,14.0,10.0,196.0
60.0,14.0,10.0,196.0
-62.0,16.0,10.0,359.0
-60.0,16.0,10.0,359.0
-58.0,16.0,10.0,359.0
-56.0,16.0,10.0,359.0
-54.0,16.0,10.0,359.0
-52.0,16.0,10.0,359.0
-50.0,16.0,10.0,359.0
-48.0,16.0,10.0,359.0
-46.0,16.0,10.0,359.0
-44.0,16.0,10.0,468.0
-42.0,16.0,10.0,468.0
-40.0,16.0,10.0,468.0
-38.0,16.0,10.0,468.0
-36.0,16.0,10.0,468.0
-34.0,16.0,10.0,468.0
-32.0,16.0,10.0,468.0
-30.0,16.0,10.0,468.0
-20.0,16.0,10.0,448.0
-18.0,16.0,10.0,448.0
-16.0,16.0,10.0,582.0
-14.0,16.0,10.0,582.0
-12.0,16.0,10.0,582.0
-10.0,16.0,10.0,582.0
-8.0,16.0,10.0,582.0
8.0,16.0,10.0,238.0
10.0,16.0,10.0,238.0
12.0,16.0,10.0,264.0
14.0,16.0,10.0,264.0
16.0,16.0,10.0,264.0
18.0,16.0,10.0,264.0
28.0,16.0,10.0,307.0
30.0,16.0,10.0,307.0
32.0,16.0,10.0,307.0
34.0,16.0,10.0,307.0
36.0,16.0,10.0,307.0
38.0,16.0,10.0,7.0
40.0,16.0,10.0,7.0
42.0,16.0,10.0,7.0
44.0,16.0,10.0,7.0
46.0,16.0,10.0,196.0
48.0,16.0,10.0,196.0
50.0,16.0,10.0,196.0
52.0,16.0,10.0,196.0
54.0,16.0,10.0,196.0
56.0,16.0,10.0,196.0
58.0,16.0,10.0,196.0
60.0,16.0,10.0,196.0
-62.0,18.0,10.0,359.0
-60.0,18.0,10.0,359.0
-58.0,18.0,10.0,359.0
-56.0,18.0,10.0,359.0
-54.0,18.0,10.0,359.0
-52.0,18.0,10.0,359.0
-50.0,18.0,10.0,359.0
-48.0,18.0,10.0,359.0
-46.0,18.0,10.0,359.0
-44.0,18.0,10.0,359.0
-42.0,18.0,10.0,468.0
-40.0,18.0,10.0,468.0
-38.0,18.0,10.0,468.0
-36.0,18.0,10.0,468.0
-34.0,18.0,10.0,468.0
-32.0,18.0,10.0,468.0
-30.0,18.0,10.0,468.0
-20.0,18.0,10.0,448.0
-18.0,18.0,10.0,448.0
-16.0,18.0,10.0,582.0
-14.0,18.0,10.0,582.0
-12.0,18.0,10.0,582.0
-10.0,18.0,10.0,582.0
-8.0,18.0,10.0,582.0
8.0,18.0,10.0,238.0
10.0,18.0,10.0,264.0
12.0,18.0,10.0,264.0
14.0,18.0,10.0,264.0
16.0,18.0,10.0,264.0
18.0,18.0,10.0,264.0
20.0,18.0,10.0,264.0
28.0,18.0,10.0,307.0
30.0,18.0,10.0,307.0
32.0,18.0,10.0,307.0
34.0,18.0,10.0,307.0
36.0,18.0,10.0,307.0
38.0,18.0,10.0,307.0
40.0,18.0,10.0,7.0
42.0,18.0,10.0,7.0
44.0,18.0,10.0,196.0
46.0,18.0,10.0,196.0
48.0,18.0,10.0,196.0
50.0,18.0,10.0,196.0
52.0,18.0,10.0,196.0
54.0,18.0,10.0,196.0
56.0,18.0,10.0,196.0
58.0,18.0,10.0,196.0
60.0,18.0,10.0,196.0
-60.0,20.0,10.0,359.0
-58.0,20.0,10.0,359.0
-56.0,20.0,10.0,359.0
-54.0,20.0,10.0,359.0
-52.0,20.0,10.0,359.0
-50.0,20.0,10.0,359.0
-48.0,20.0,10.0,359.0
-46.0,20.0,10.0,359.0
-44.0,20.0,10.0,442.0
-42.0,20.0,10.0,442.0
-40.0,20.0,10.0,442.0
-38.0,20.0,10.0,468.0
-36.0,20.0,10.0,468.0
-34.0,20.0,10.0,468.0
-32.0,20.0,10.0,468.0
-30.0,20.0,10.0,468.0
-22.0,20.0,10.0,448.0
-20.0,20.0,10.0,448.0
-18.0,20.0,10.0,582.0
-16.0,20.0,10.0,582.0
-14.0,20.0,10.0,582.0
-12.0,20.0,10.0,582.0
-10.0,20.0,10.0,582.0
10.0,20.0,10.0,264.0
12.0,20.0,10.0,264.0
14.0,20.0,10.0,264.0
16.0,20.0,10.0,264.0
18.0,20.0,10.0,264.0
28.0,20.0,10.0,307.0
30.0,20.0,10.0,307.0
32.0,20.0,10.0,307.0
34.0,20.0,10.0,307.0
36.0,20.0,10.0,307.0
38.0,20.0,10.0,307.0
40.0,20.0,10.0,307.0
42.0,20.0,10.0,196.0
44.0,20.0,10.0,196.0
46.0,20.0,10.0,196.0
48.0,20.0,10.0,196.0
50.0,20.0,10.0,196.0
52.0,20.0,10.0,196.0
54.0,20.0,10.0,196.0
56.0,20.0,10.0,196.0
58.0,20.0,10.0,196.0
-60.0,22.0,10.0,359.0
-58.0,22.0,10.0,359.0
-56.0,22.0,10.0,359.0
-54.0,22.0,10.0,359.0
-52.0,22.0,10.0,359.0
-50.0,22.0,10.0,359.0
-48.0,22.0,10.0,359.0
-46.0,22.0,10.0,442.0
-44.0,22.0,10.0,442.0
-42.0,22.0,10.0,442.0
-40.0,22.0,10.0,442.0
-38.0,22.0,10.0,442.0
-36.0,22.0,10.0,442.0
-34.0,22.0,10.0,468.0
-32.0,22.0,10.0,468.0
-30.0,22.0,10.0,448.0
-22.0,22.0,10.0,448.0
-20.0,22.0,10.0,448.0
-18.0,22.0,10.0,582.0
-16.0,22.0,10.0,582.0
-14.0,22.0,10.0,582.0
-12.0,22.0,10.0,582.0
12.0,22.0,10.0,264.0
14.0,22.0,10.0,264.0
16.0,22.0,10.0,264.0
18.0,22.0,10.0,264.0
28.0,22.0,10.0,307.0
30.0,22.0,10.0,307.0
32.0,22.0,10.0,307.0
34.0,22.0,10.0,307.0
36.0,22.0,10.0,307.0
38.0,22.0,10.0,307.0
40.0,22.0,10.0,307.0
42.0,22.0,10.0,196.0
44.0,22.0,10.0,196.0
48.0,22.0,10.0,196.0
50.0,22.0,10.0,196.0
52.0,22.0,10.0,196.0
54.0,22.0,10.0,196.0
56.0,22.0,10.0,196.0
58.0,22.0,10.0,196.0
-60.0,24.0,10.0,359.0
-58.0,24.0,10.0,359.0
-56.0,24.0,10.0,359.0
-54.0,24.0,10.0,359.0
-52.0,24.0,10.0,359.0
-50.0,24.0,10.0,442.0
-48.0,24.0,10.0,442.0
-46.0,24.0,10.0,442.0
-44.0,24.0,10.0,442.0
-42.0,24.0,10.0,442.0
-40.0,24.0,10.0,442.0
-38.0,24.0,10.0,442.0
-36.0,24.0,10.0,442.0
-34.0,24.0,10.0,442.0
-32.0,24.0,10.0,442.0
-30.0,24.0,10.0,448.0
-20.0,24.0,10.0,582.0
-18.0,24.0,10.0,582.0
-16.0,24.0,10.0,582.0
-14.0,24.0,10.0,582.0
28.0,24.0,10.0,307.0
30.0,24.0,10.0,307.0
32.0,24.0,10.0,307.0
34.0,24.0,10.0,307.0
36.0,24.0,10.0,307.0
38.0,24.0,10.0,307.0
40.0,24.0,10.0,307.0
42.0,24.0,10.0,196.0
48.0,24.0,10.0,196.0
50.0,24.0,10.0,196.0
52.0,24.0,10.0,196.0
54.0,24.0,10.0,196.0
56.0,24.0,10.0,196.0
58.0,24.0,10.0,196.0
-60.0,26.0,10.0,151.0
-58.0,26.0,10.0,151.0
-56.0,26.0,10.0,151.0
-54.0,26.0,10.0,151.0
-52.0,26.0,10.0,442.0
-50.0,26.0,10.0,442.0
-48.0,26.0,10.0,442.0
-46.0,26.0,10.0,442.0
-44.0,26.0,10.0,442.0
-42.0,26.0,10.0,442.0
-40.0,26.0,10.0,442.0
-38.0,26.0,10.0,442.0
-36.0,26.0,10.0,442.0
-34.0,26.0,10.0,442.0
-32.0,26.0,10.0,442.0
-30.0,26.0,10.0,448.0
28.0,26.0,10.0,307.0
30.0,26.0,10.0,307.0
32.0,26.0,10.0,307.0
34.0,26.0,10.0,307.0
36.0,26.0,10.0,307.0
38.0,26.0,10.0,307.0
40.0,26.0,10.0,307.0
42.0,26.0,10.0,196.0
50.0,26.0,10.0,196.0
52.0,26.0,10.0,196.0
54.0,26.0,10.0,196.0
56.0,26.0,10.0,196.0
58.0,26.0,10.0,196.0
-60.0,28.0,10.0,151.0
-58.0,28.0,10.0,151.0
-56.0,28.0,10.0,151.0
-54.0,28.0,10.0,151.0
-52.0,28.0,10.0,442.0
-50.0,28.0,10.0,442.0
-48.0,28.0,10.0,442.0
-46.0,28.0,10.0,442.0
-44.0,28.0,10.0,442.0
-42.0,28.0,10.0,442.0
-40.0,28.0,10.0,442.0
-38.0,28.0,10.0,442.0
-36.0,28.0,10.0,442.0
-34.0,28.0,10.0,442.0
-32.0,28.0,10.0,442.0
-30.0,28.0,10.0,442.0
28.0,28.0,10.0,307.0
30.0,28.0,10.0,307.0
32.0,28.0,10.0,307.0
40.0,28.0,10.0,72.0
52.0,28.0,10.0,72.0
54.0,28.0,10.0,72.0
56.0,28.0,10.0,72.0
58.0,28.0,10.0,72.0
-58.0,30.0,10.0,151.0
-56.0,30.0,10.0,151.0
-54.0,30.0,10.0,442.0
-52.0,30.0,10.0,442.0
-50.0,30.0,10.0,442.0
-48.0,30.0,10.0,442.0
-46.0,30.0,10.0,442.0
-44.0,30.0,10.0,442.0
-42.0,30.0,10.0,442.0
-40.0,30.0,10.0,442.0
-38.0,30.0,10.0,442.0
-32.0,30.0,10.0,49.0
-30.0,30.0,10.0,49.0
50.0,30.0,10.0,72.0
52.0,30.0,10.0,72.0
54.0,30.0,10.0,72.0
56.0,30.0,10.0,72.0
-58.0,32.0,10.0,141.0
-56.0,32.0,10.0,141.0
-54.0,32.0,10.0,141.0
-52.0,32.0,10.0,442.0
-50.0,32.0,10.0,442.0
2.0,32.0,10.0,121.0
4.0,32.0,10.0,121.0
50.0,32.0,10.0,72.0
52.0,32.0,10.0,72.0
54.0,32.0,10.0,72.0
56.0,32.0,10.0,72.0
-58.0,34.0,10.0,141.0
-56.0,34.0,10.0,141.0
-54.0,34.0,10.0,141.0
-52.0,34.0,10.0,49.0
-50.0,34.0,10.0,49.0
-8.0,34.0,10.0,121.0
-6.0,34.0,10.0,121.0
-4.0,34.0,10.0,121.0
2.0,34.0,10.0,121.0
4.0,34.0,10.0,121.0
6.0,34.0,10.0,121.0
50.0,34.0,10.0,72.0
52.0,34.0,10.0,72.0
54.0,34.0,10.0,72.0
-56.0,36.0,10.0,141.0
-54.0,36.0,10.0,49.0
-52.0,36.0,10.0,49.0
-50.0,36.0,10.0,49.0
-48.0,36.0,10.0,49.0
-46.0,36.0,10.0,49.0
-44.0,36.0,10.0,49.0
-42.0,36.0,10.0,49.0
-40.0,36.0,10.0,49.0
-8.0,36.0,10.0,293.0
-6.0,36.0,10.0,293.0
-4.0,36.0,10.0,293.0
-2.0,36.0,10.0,293.0
0.0,36.0,10.0,293.0
2.0,36.0,10.0,293.0
4.0,36.0,10.0,293.0
6.0,36.0,10.0,293.0
38.0,36.0,10.0,518.0
40.0,36.0,10.0,72.0
42.0,36.0,10.0,72.0
44.0,36.0,10.0,72.0
46.0,36.0,10.0,72.0
48.0,36.0,10.0,72.0
50.0,36.0,10.0,72.0
52.0,36.0,10.0,72.0
54.0,36.0,10.0,72.0
-56.0,38.0,10.0,141.0
-54.0,38.0,10.0,49.0
-52.0,38.0,10.0,49.0
-50.0,38.0,10.0,49.0
-48.0,38.0,10.0,49.0
-46.0,38.0,10.0,49.0
-44.0,38.0,10.0,49.0
-42.0,38.0,10.0,49.0
-40.0,38.0,10.0,49.0
-38.0,38.0,10.0,49.0
-8.0,38.0,10.0,102.0
-6.0,38.0,10.0,293.0
-4.0,38.0,10.0,293.0
-2.0,38.0,10.0,293.0
0.0,38.0,10.0,293.0
2.0,38.0,10.0,293.0
4.0,38.0,10.0,263.0
6.0,38.0,10.0,263.0
38.0,38.0,10.0,518.0
40.0,38.0,10.0,518.0
42.0,38.0,10.0,72.0
44.0,38.0,10.0,72.0
46.0,38.0,10.0,72.0
48.0,38.0,10.0,72.0
50.0,38.0,10.0,72.0
52.0,38.0,10.0,72.0
-54.0,40.0,10.0,49.0
-52.0,40.0,10.0,49.0
-50.0,40.0,10.0,49.0
-48.0,40.0,10.0,49.0
-46.0,40.0,10.0,49.0
-44.0,40.0,10.0,49.0
-42.0,40.0,10.0,49.0
-40.0,40.0,10.0,49.0
-38.0,40.0,10.0,49.0
-12.0,40.0,10.0,407.0
-10.0,40.0,10.0,407.0
-8.0,40.0,10.0,407.0
-6.0,40.0,10.0,293.0
-4.0,40.0,10.0,263.0
-2.0,40.0,10.0,263.0
0.0,40.0,10.0,263.0
2.0,40.0,10.0,263.0
4.0,40.0,10.0,263.0
6.0,40.0,10.0,263.0
38.0,40.0,10.0,518.0
40.0,40.0,10.0,518.0
42.0,40.0,10.0,72.0
44.0,40.0,10.0,72.0
46.0,40.0,10.0,72.0
48.0,40.0,10.0,72.0
50.0,40.0,10.0,72.0
52.0,40.0,10.0,72.0
-54.0,42.0,10.0,49.0
-52.0,42.0,10.0,49.0
-50.0,42.0,10.0,49.0
-48.0,42.0,10.0,49.0
-46.0,42.0,10.0,49.0
-44.0,42.0,10.0,49.0
-42.0,42.0,10.0,49.0
-40.0,42.0,10.0,49.0
-38.0,42.0,10.0,49.0
-14.0,42.0,10.0,407.0
-12.0,42.0,10.0,407.0
-10.0,42.0,10.0,407.0
-8.0,42.0,10.0,407.0
-6.0,42.0,10.0,407.0
-4.0,42.0,10.0,263.0
-2.0,42.0,10.0,263.0
0.0,42.0,10.0,263.0
2.0,42.0,10.0,263.0
4.0,42.0,10.0,263.0
6.0,42.0,10.0,263.0
8.0,42.0,10.0,263.0
10.0,42.0,10.0,263.0
12.0,42.0,10.0,263.0
38.0,42.0,10.0,518.0
40.0,42.0,10.0,518.0
42.0,42.0,10.0,518.0
44.0,42.0,10.0,72.0
46.0,42.0,10.0,72.0
48.0,42.0,10.0,72.0
50.0,42.0,10.0,72.0
-52.0,44.0,10.0,49.0
-50.0,44.0,10.0,49.0
-48.0,44.0,10.0,49.0
-46.0,44.0,10.0,49.0
-44.0,44.0,10.0,49.0
-42.0,44.0,10.0,49.0
-40.0,44.0,10.0,49.0
-38.0,44.0,10.0,49.0
-16.0,44.0,10.0,407.0
-14.0,44.0,10.0,407.0
-12.0,44.0,10.0,407.0
-10.0,44.0,10.0,407.0
-8.0,44.0,10.0,407.0
-6.0,44.0,10.0,407.0
-4.0,44.0,10.0,263.0
-2.0,44.0,10.0,263.0
0.0,44.0,10.0,263.0
2.0,44.0,10.0,263.0
4.0,44.0,10.0,263.0
6.0,44.0,10.0,263.0
8.0,44.0,10.0,263.0
10.0,44.0,10.0,263.0
12.0,44.0,10.0,263.0
14.0,44.0,10.0,263.0
36.0,44.0,10.0,518.0
38.0,44.0,10.0,518.0
40.0,44.0,10.0,518.0
42.0,44.0,10.0,518.0
44.0,44.0,10.0,518.0
46.0,44.0,10.0,72.0
48.0,44.0,10.0,72.0
50.0,44.0,10.0,72.0
-50.0,46.0,10.0,49.0
-48.0,46.0,10.0,49.0
-46.0,46.0,10.0,49.0
-44.0,46.0,10.0,49.0
-42.0,46.0,10.0,49.0
-40.0,46.0,10.0,49.0
-38.0,46.0,10.0,62.0
-16.0,46.0,10.0,407.0
-14.0,46.0,10.0,407.0
-12.0,46.0,10.0,407.0
-10.0,46.0,10.0,407.0
-8.0,46.0,10.0,407.0
-6.0,46.0,10.0,407.0
-4.0,46.0,10.0,407.0
-2.0,46.0,10.0,263.0
0.0,46.0,10.0,263.0
2.0,46.0,10.0,263.0
4.0,46.0,10.0,263.0
6.0,46.0,10.0,263.0
8.0,46.0,10.0,263.0
10.0,46.0,10.0,263.0
12.0,46.0,10.0,263.0
14.0,46.0,10.0,525.0
36.0,46.0,10.0,518.0
38.0,46.0,10.0,518.0
40.0,46.0,10.0,518.0
42.0,46.0,10.0,518.0
44.0,46.0,10.0,518.0
46.0,46.0,10.0,518.0
48.0,46.0,10.0,72.0
-50.0,48.0,10.0,361.0
-48.0,48.0,10.0,361.0
-46.0,48.0,10.0,361.0
-44.0,48.0,10.0,361.0
-42.0,48.0,10.0,361.0
-40.0,48.0,10.0,62.0
-38.0,48.0,10.0,62.0
-36.0,48.0,10.0,62.0
-34.0,48.0,10.0,62.0
-32.0,48.0,10.0,280.0
-30.0,48.0,10.0,280.0
-28.0,48.0,10.0,280.0
-16.0,48.0,10.0,407.0
-14.0,48.0,10.0,407.0
-12.0,48.0,10.0,407.0
-10.0,48.0,10.0,407.0
-8.0,48.0,10.0,407.0
-6.0,48.0,10.0,407.0
-4.0,48.0,10.0,407.0
-2.0,48.0,10.0,263.0
0.0,48.0,10.0,263.0
2.0,48.0,10.0,263.0
4.0,48.0,10.0,263.0
6.0,48.0,10.0,263.0
8.0,48.0,10.0,263.0
10.0,48.0,10.0,263.0
12.0,48.0,10.0,525.0
14.0,48.0,10.0,525.0
16.0,48.0,10.0,525.0
28.0,48.0,10.0,365.0
30.0,48.0,10.0,365.0
32.0,48.0,10.0,365.0
34.0,48.0,10.0,365.0
36.0,48.0,10.0,365.0
38.0,48.0,10.0,365.0
40.0,48.0,10.0,518.0
42.0,48.0,10.0,518.0
44.0,48.0,10.0,518.0
46.0,48.0,10.0,518.0
48.0,48.0,10.0,518.0
-48.0,50.0,10.0,361.0
-46.0,50.0,10.0,361.0
-44.0,50.0,10.0,361.0
-42.0,50.0,10.0,361.0
-40.0,50.0,10.0,62.0
-38.0,50.0,10.0,62.0
-36.0,50.0,10.0,62.0
-34.0,50.0,10.0,62.0
-32.0,50.0,10.0,280.0
-30.0,50.0,10.0,280.0
-28.0,50.0,10.0,280.0
-16.0,50.0,10.0,407.0
-14.0,50.0,10.0,407.0
-12.0,50.0,10.0,407.0
-10.0,50.0,10.0,407.0
-8.0,50.0,10.0,407.0
-6.0,50.0,10.0,407.0
-4.0,50.0,10.0,407.0
-2.0,50.0,10.0,407.0
0.0,50.0,10.0,263.0
2.0,50.0,10.0,263.0
4.0,50.0,10.0,263.0
6.0,50.0,10.0,263.0
8.0,50.0,10.0,263.0
10.0,50.0,10.0,525.0
12.0,50.0,10.0,525.0
14.0,50.0,10.0,525.0
26.0,50.0,10.0,365.0
28.0,50.0,10.0,365.0
30.0,50.0,10.0,365.0
32.0,50.0,10.0,365.0
34.0,50.0,10.0,365.0
36.0,50.0,10.0,365.0
38.0,50.0,10.0,365.0
40.0,50.0,10.0,365.0
42.0,50.0,10.0,365.0
44.0,50.0,10.0,365.0
46.0,50.0,10.0,365.0
-46.0,52.0,10.0,300.0
-44.0,52.0,10.0,300.0
-42.0,52.0,10.0,300.0
-40.0,52.0,10.0,300.0
-38.0,52.0,10.0,62.0
-36.0,52.0,10.0,62.0
-34.0,52.0,10.0,62.0
-32.0,52.0,10.0,280.0
-30.0,52.0,10.0,280.0
-28.0,52.0,10.0,280.0
-26.0,52.0,10.0,280.0
-14.0,52.0,10.0,407.0
-12.0,52.0,10.0,407.0
-10.0,52.0,10.0,407.0
-8.0,52.0,10.0,407.0
-6.0,52.0,10.0,407.0
-4.0,52.0,10.0,407.0
-2.0,52.0,10.0,407.0
0.0,52.0,10.0,263.0
2.0,52.0,10.0,263.0
4.0,52.0,10.0,263.0
6.0,52.0,10.0,263.0
8.0,52.0,10.0,525.0
10.0,52.0,10.0,525.0
12.0,52.0,10.0,525.0
14.0,52.0,10.0,525.0
24.0,52.0,10.0,142.0
26.0,52.0,10.0,365.0
28.0,52.0,10.0,365.0
30.0,52.0,10.0,365.0
32.0,52.0,10.0,365.0
34.0,52.0,10.0,365.0
36.0,52.0,10.0,365.0
38.0,52.0,10.0,365.0
40.0,52.0,10.0,365.0
42.0,52.0,10.0,365.0
44.0,52.0,10.0,365.0
46.0,52.0,10.0,365.0
-46.0,54.0,10.0,300.0
-44.0,54.0,10.0,300.0
-42.0,54.0,10.0,300.0
-40.0,54.0,10.0,300.0
-38.0,54.0,10.0,300.0
-36.0,54.0,10.0,62.0
-34.0,54.0,10.0,62.0
-32.0,54.0,10.0,280.0
-30.0,54.0,10.0,280.0
-28.0,54.0,10.0,280.0
-26.0,54.0,10.0,280.0
-24.0,54.0,10.0,280.0
-14.0,54.0,10.0,407.0
-12.0,54.0,10.0,407.0
-10.0,54.0,10.0,407.0
-8.0,54.0,10.0,407.0
-6.0,54.0,10.0,407.0
-4.0,54.0,10.0,407.0
-2.0,54.0,10.0,407.0
0.0,54.0,10.0,407.0
2.0,54.0,10.0,263.0
4.0,54.0,10.0,263.0
6.0,54.0,10.0,525.0
8.0,54.0,10.0,525.0
10.0,54.0,10.0,525.0
12.0,54.0,10.0,525.0
22.0,54.0,10.0,142.0
24.0,54.0,10.0,142.0
26.0,54.0,10.0,142.0
28.0,54.0,10.0,365.0
30.0,54.0,10.0,365.0
32.0,54.0,10.0,365.0
34.0,54.0,10.0,365.0
36.0,54.0,10.0,365.0
38.0,54.0,10.0,365.0
40.0,54.0,10.0,365.0
42.0,54.0,10.0,365.0
44.0,54.0,10.0,365.0
-44.0,56.0,10.0,300.0
-42.0,56.0,10.0,300.0
-40.0,56.0,10.0,300.0
-38.0,56.0,10.0,300.0
-36.0,56.0,10.0,300.0
-34.0,56.0,10.0,62.0
-32.0,56.0,10.0,262.0
-30.0,56.0,10.0,280.0
-28.0,56.0,10.0,280.0
-26.0,56.0,10.0,280.0
-24.0,56.0,10.0,280.0
-22.0,56.0,10.0,280.0
-14.0,56.0,10.0,407.0
-12.0,56.0,10.0,407.0
-10.0,56.0,10.0,407.0
-8.0,56.0,10.0,407.0
-6.0,56.0,10.0,407.0
-4.0,56.0,10.0,407.0
-2.0,56.0,10.0,407.0
2.0,56.0,10.0,263.0
4.0,56.0,10.0,525.0
6.0,56.0,10.0,525.0
8.0,56.0,10.0,525.0
10.0,56.0,10.0,525.0
12.0,56.0,10.0,525.0
22.0,56.0,10.0,142.0
24.0,56.0,10.0,142.0
26.0,56.0,10.0,142.0
28.0,56.0,10.0,365.0
30.0,56.0,10.0,365.0
32.0,56.0,10.0,365.0
34.0,56.0,10.0,365.0
36.0,56.0,10.0,365.0
38.0,56.0,10.0,365.0
40.0,56.0,10.0,365.0
42.0,56.0,10.0,365.0
-42.0,58.0,10.0,300.0
-40.0,58.0,10.0,300.0
-38.0,58.0,10.0,300.0
-36.0,58.0,10.0,300.0
-34.0,58.0,10.0,262.0
-32.0,58.0,10.0,262.0
-30.0,58.0,10.0,262.0
-28.0,58.0,10.0,262.0
-26.0,58.0,10.0,262.0
-24.0,58.0,10.0,262.0
-22.0,58.0,10.0,280.0
-12.0,58.0,10.0,305.0
-10.0,58.0,10.0,305.0
-8.0,58.0,10.0,407.0
-6.0,58.0,10.0,407.0
-4.0,58.0,10.0,407.0
-2.0,58.0,10.0,407.0
2.0,58.0,10.0,251.0
4.0,58.0,10.0,251.0
6.0,58.0,10.0,251.0
8.0,58.0,10.0,251.0
10.0,58.0,10.0,251.0
12.0,58.0,10.0,251.0
22.0,58.0,10.0,142.0
24.0,58.0,10.0,142.0
26.0,58.0,10.0,97.0
28.0,58.0,10.0,97.0
30.0,58.0,10.0,365.0
32.0,58.0,10.0,365.0
34.0,58.0,10.0,365.0
36.0,58.0,10.0,365.0
38.0,58.0,10.0,365.0
-40.0,60.0,10.0,300.0
-38.0,60.0,10.0,300.0
-36.0,60.0,10.0,300.0
-34.0,60.0,10.0,262.0
-32.0,60.0,10.0,262.0
-30.0,60.0,10.0,262.0
-28.0,60.0,10.0,262.0
-26.0,60.0,10.0,262.0
-24.0,60.0,10.0,262.0
-22.0,60.0,10.0,305.0
-20.0,60.0,10.0,305.0
-12.0,60.0,10.0,305.0
-10.0,60.0,10.0,305.0
-8.0,60.0,10.0,305.0
-6.0,60.0,10.0,305.0
-4.0,60.0,10.0,305.0
-2.0,60.0,10.0,305.0
4.0,60.0,10.0,251.0
6.0,60.0,10.0,251.0
8.0,60.0,10.0,251.0
10.0,60.0,10.0,251.0
12.0,60.0,10.0,251.0
22.0,60.0,10.0,142.0
24.0,60.0,10.0,97.0
26.0,60.0,10.0,97.0
28.0,60.0,10.0,97.0
30.0,60.0,10.0,97.0
32.0,60.0,10.0,365.0
34.0,60.0,10.0,365.0
36.0,60.0,10.0,365.0
38.0,60.0,10.0,365.0
-38.0,62.0,10.0,300.0
-36.0,62.0,10.0,262.0
-34.0,62.0,10.0,262.0
-32.0,62.0,10.0,262.0
-30.0,62.0,10.0,262.0
-28.0,62.0,10.0,262.0
-26.0,62.0,10.0,262.0
-24.0,62.0,10.0,262.0
-22.0,62.0,10.0,305.0
-20.0,62.0,10.0,305.0
-12.0,62.0,10.0,305.0
-10.0,62.0,10.0,305.0
-8.0,62.0,10.0,305.0
-6.0,62.0,10.0,305.0
-4.0,62.0,10.0,305.0
-2.0,62.0,10.0,305.0
4.0,62.0,10.0,251.0
6.0,62.0,10.0,251.0
8.0,62.0,10.0,251.0
10.0,62.0,10.0,251.0
12.0,62.0,10.0,251.0
22.0,62.0,10.0,97.0
24.0,62.0,10.0,97.0
26.0,62.0,10.0,97.0
28.0,62.0,10.0,97.0
30.0,62.0,10.0,97.0
32.0,62.0,10.0,97.0
34.0,62.0,10.0,365.0
36.0,62.0,10.0,365.0
-36.0,64.0,10.0,262.0
-34.0,64.0,10.0,262.0
-32.0,64.0,10.0,262.0
-30.0,64.0,10.0,262.0
-28.0,64.0,10.0,262.0
-26.0,64.0,10.0,262.0
-24.0,64.0,10.0,262.0
-22.0,64.0,10.0,305.0
-20.0,64.0,10.0,305.0
-18.0,64.0,10.0,305.0
-12.0,64.0,10.0,305.0
-10.0,64.0,10.0,305.0
-8.0,64.0,10.0,305.0
-6.0,64.0,10.0,305.0
-4.0,64.0,10.0,305.0
-2.0,64.0,10.0,305.0
4.0,64.0,10.0,251.0
6.0,64.0,10.0,251.0
8.0,64.0,10.0,251.0
10.0,64.0,10.0,251.0
20.0,64.0,10.0,97.0
22.0,64.0,10.0,97.0
24.0,64.0,10.0,97.0
26.0,64.0,10.0,97.0
28.0,64.0,10.0,97.0
30.0,64.0,10.0,97.0
32.0,64.0,10.0,97.0
-32.0,66.0,10.0,262.0
-30.0,66.0,10.0,262.0
-28.0,66.0,10.0,262.0
-26.0,66.0,10.0,262.0
-24.0,66.0,10.0,305.0
-22.0,66.0,10.0,305.0
-20.0,66.0,10.0,305.0
-18.0,66.0,10.0,305.0
-16.0,66.0,10.0,305.0
-14.0,66.0,10.0,305.0
-12.0,66.0,10.0,305.0
-10.0,66.0,10.0,305.0
-8.0,66.0,10.0,305.0
-6.0,66.0,10.0,305.0
-4.0,66.0,10.0,305.0
-2.0,66.0,10.0,305.0
4.0,66.0,10.0,251.0
6.0,66.0,10.0,251.0
8.0,66.0,10.0,251.0
10.0,66.0,10.0,251.0
12.0,66.0,10.0,251.0
16.0,66.0,10.0,251.0
18.0,66.0,10.0,251.0
20.0,66.0,10.0,97.0
22.0,66.0,10.0,97.0
24.0,66.0,10.0,97.0
26.0,66.0,10.0,97.0
28.0,66.0,10.0,97.0
-28.0,68.0,10.0,262.0
-26.0,68.0,10.0,262.0
-24.0,68.0,10.0,305.0
-22.0,68.0,10.0,305.0
-20.0,68.0,10.0,305.0
-18.0,68.0,10.0,305.0
-16.0,68.0,10.0,305.0
-14.0,68.0,10.0,305.0
-12.0,68.0,10.0,305.0
-10.0,68.0,10.0,305.0
-8.0,68.0,10.0,305.0
-6.0,68.0,10.0,305.0
-4.0,68.0,10.0,305.0
-2.0,68.0,10.0,305.0
4.0,68.0,10.0,251.0
6.0,68.0,10.0,251.0
8.0,68.0,10.0,251.0
10.0,68.0,10.0,251.0
12.0,68.0,10.0,251.0
14.0,68.0,10.0,251.0
16.0,68.0,10.0,251.0
18.0,68.0,10.0,251.0
20.0,68.0,10.0,97.0
22.0,68.0,10.0,97.0
24.0,68.0,10.0,97.0
26.0,68.0,10.0,97.0
-24.0,70.0,10.0,305.0
-22.0,70.0,10.0,305.0
-20.0,70.0,10.0,305.0
-18.0,70.0,10.0,305.0
-16.0,70.0,10.0,305.0
-14.0,70.0,10.0,305.0
-12.0,70.0,10.0,305.0
-10.0,70.0,10.0,305.0
-8.0,70.0,10.0,305.0
-6.0,70.0,10.0,305.0
-4.0,70.0,10.0,305.0
-2.0,70.0,10.0,305.0
4.0,70.0,10.0,251.0
6.0,70.0,10.0,251.0
8.0,70.0,10.0,251.0
10.0,70.0,10.0,251.0
12.0,70.0,10.0,251.0
14.0,70.0,10.0,251.0
16.0,70.0,10.0,251.0
18.0,70.0,10.0,251.0
20.0,70.0,10.0,97.0
22.0,70.0,10.0,97.0
-18.0,72.0,10.0,305.0
-16.0,72.0,10.0,305.0
-14.0,72.0,10.0,305.0
-12.0,72.0,10.0,305.0
-10.0,72.0,10.0,305.0
-8.0,72.0,10.0,305.0
-6.0,72.0,10.0,305.0
6.0,72.0,10.0,251.0
8.0,72.0,10.0,251.0
10.0,72.0,10.0,251.0
12.0,72.0,10.0,251.0
14.0,72.0,10.0,251.0
6.0,-104.0,12.0,380.0
8.0,-104.0,12.0,380.0
10.0,-104.0,12.0,380.0
12.0,-104.0,12.0,380.0
14.0,-104.0,12.0,139.0
16.0,-104.0,12.0,139.0
-22.0,-102.0,12.0,519.0
-20.0,-102.0,12.0,367.0
-18.0,-102.0,12.0,367.0
-16.0,-102.0,12.0,367.0
-14.0,-102.0,12.0,367.0
-12.0,-102.0,12.0,367.0
-10.0,-102.0,12.0,367.0
2.0,-102.0,12.0,380.0
4.0,-102.0,12.0,380.0
6.0,-102.0,12.0,380.0
8.0,-102.0,12.0,380.0
10.0,-102.0,12.0,380.0
12.0,-102.0,12.0,380.0
14.0,-102.0,12.0,139.0
16.0,-102.0,12.0,139.0
18.0,-102.0,12.0,139.0
20.0,-102.0,12.0,139.0
22.0,-102.0,12.0,139.0
-26.0,-100.0,12.0,519.0
-24.0,-100.0,12.0,519.0
-22.0,-100.0,12.0,519.0
-20.0,-100.0,12.0,367.0
-18.0,-100.0,12.0,367.0
-16.0,-100.0,12.0,367.0
-14.0,-100.0,12.0,367.0
-12.0,-100.0,12.0,367.0
-10.0,-100.0,12.0,367.0
-8.0,-100.0,12.0,125.0
0.0,-100.0,12.0,125.0
2.0,-100.0,12.0,380.0
4.0,-100.0,12.0,380.0
6.0,-100.0,12.0,380.0
8.0,-100.0,12.0,380.0
10.0,-100.0,12.0,380.0
12.0,-100.0,12.0,380.0
14.0,-100.0,12.0,139.0
16.0,-100.0,12.0,139.0
18.0,-100.0,12.0,139.0
20.0,-100.0,12.0,139.0
22.0,-100.0,12.0,139.0
24.0,-100.0,12.0,139.0
26.0,-100.0,12.0,139.0
-30.0,-98.0,12.0,304.0
-28.0,-98.0,12.0,519.0
-26.0,-98.0,12.0,519.0
-24.0,-98.0,12.0,519.0
-22.0,-98.0,12.0,519.0
-20.0,-98.0,12.0,367.0
-18.0,-98.0,12.0,367.0
-16.0,-98.0,12.0,367.0
-14.0,-98.0,12.0,367.0
-12.0,-98.0,12.0,367.0
-10.0,-98.0,12.0,367.0
-8.0,-98.0,12.0,125.0
-2.0,-98.0,12.0,125.0
0.0,-98.0,12.0,125.0
2.0,-98.0,12.0,125.0
4.0,-98.0,12.0,380.0
6.0,-98.0,12.0,380.0
8.0,-98.0,12.0,380.0
10.0,-98.0,12.0,380.0
12.0,-98.0,12.0,380.0
14.0,-98.0,12.0,139.0
16.0,-98.0,12.0,139.0
18.0,-98.0,12.0,139.0
20.0,-98.0,12.0,139.0
22.0,-98.0,12.0,139.0
24.0,-98.0,12.0,139.0
26.0,-98.0,12.0,366.0
28.0,-98.0,12.0,366.0
-32.0,-96.0,12.0,304.0
-30.0,-96.0,12.0,519.0
-28.0,-96.0,12.0,519.0
-26.0,-96.0,12.0,519.0
-24.0,-96.0,12.0,519.0
-22.0,-96.0,12.0,519.0
-20.0,-96.0,12.0,367.0
-18.0,-96.0,12.0,367.0
-16.0,-96.0,12.0,367.0
-14.0,-96.0,12.0,367.0
-12.0,-96.0,12.0,367.0
-10.0,-96.0,12.0,230.0
-8.0,-96.0,12.0,230.0
-6.0,-96.0,12.0,125.0
-4.0,-96.0,12.0,125.0
-2.0,-96.0,12.0,125.0
0.0,-96.0,12.0,125.0
2.0,-96.0,12.0,125.0
4.0,-96.0,12.0,380.0
6.0,-96.0,12.0,380.0
8.0,-96.0,12.0,380.0
10.0,-96.0,12.0,380.0
12.0,-96.0,12.0,380.0
14.0,-96.0,12.0,139.0
16.0,-96.0,12.0,139.0
18.0,-96.0,12.0,139.0
20.0,-96.0,12.0,139.0
22.0,-96.0,12.0,139.0
24.0,-96.0,12.0,366.0
26.0,-96.0,12.0,366.0
28.0,-96.0,12.0,366.0
30.0,-96.0,12.0,366.0
-34.0,-94.0,12.0,304.0
-32.0,-94.0,12.0,304.0
-30.0,-94.0,12.0,519.0
-28.0,-94.0,12.0,519.0
-26.0,-94.0,12.0,519.0
-24.0,-94.0,12.0,519.0
-22.0,-94.0,12.0,519.0
-20.0,-94.0,12.0,367.0
-18.0,-94.0,12.0,367.0
-16.0,-94.0,12.0,367.0
-14.0,-94.0,12.0,367.0
-12.0,-94.0,12.0,367.0
-10.0,-94.0,12.0,230.0
-8.0,-94.0,12.0,230.0
-6.0,-94.0,12.0,230.0
-4.0,-94.0,12.0,125.0
-2.0,-94.0,12.0,125.0
0.0,-94.0,12.0,125.0
2.0,-94.0,12.0,125.0
4.0,-94.0,12.0,125.0
6.0,-94.0,12.0,380.0
8.0,-94.0,12.0,380.0
10.0,-94.0,12.0,380.0
12.0,-94.0,12.0,139.0
14.0,-94.0,12.0,139.0
16.0,-94.0,12.0,139.0
18.0,-94.0,12.0,139.0
20.0,-94.0,12.0,139.0
22.0,-94.0,12.0,139.0
24.0,-94.0,12.0,366.0
26.0,-94.0,12.0,366.0
28.0,-94.0,12.0,366.0
30.0,-94.0,12.0,366.0
32.0,-94.0,12.0,366.0
-38.0,-92.0,12.0,279.0
-36.0,-92.0,12.0,279.0
-34.0,-92.0,12.0,279.0
-32.0,-92.0,12.0,279.0
-30.0,-92.0,12.0,519.0
-28.0,-92.0,12.0,519.0
-26.0,-92.0,12.0,519.0
-24.0,-92.0,12.0,519.0
-22.0,-92.0,12.0,519.0
-20.0,-92.0,12.0,367.0
-18.0,-92.0,12.0,367.0
-16.0,-92.0,12.0,367.0
-14.0,-92.0,12.0,367.0
-12.0,-92.0,12.0,230.0
-10.0,-92.0,12.0,230.0
-8.0,-92.0,12.0,230.0
-6.0,-92.0,12.0,230.0
-4.0,-92.0,12.0,230.0
-2.0,-92.0,12.0,230.0
0.0,-92.0,12.0,125.0
2.0,-92.0,12.0,125.0
4.0,-92.0,12.0,125.0
6.0,-92.0,12.0,380.0
8.0,-92.0,12.0,380.0
10.0,-92.0,12.0,380.0
12.0,-92.0,12.0,139.0
14.0,-92.0,12.0,139.0
16.0,-92.0,12.0,139.0
18.0,-92.0,12.0,139.0
20.0,-92.0,12.0,139.0
22.0,-92.0,12.0,366.0
24.0,-92.0,12.0,366.0
26.0,-92.0,12.0,366.0
28.0,-92.0,12.0,366.0
30.0,-92.0,12.0,366.0
32.0,-92.0,12.0,366.0
34.0,-92.0,12.0,85.0
36.0,-92.0,12.0,85.0
-40.0,-90.0,12.0,279.0
-38.0,-90.0,12.0,279.0
-36.0,-90.0,12.0,279.0
-34.0,-90.0,12.0,279.0
-32.0,-90.0,12.0,279.0
-30.0,-90.0,12.0,279.0
-28.0,-90.0,12.0,279.0
-26.0,-90.0,12.0,519.0
-24.0,-90.0,12.0,519.0
-22.0,-90.0,12.0,519.0
-20.0,-90.0,12.0,367.0
-18.0,-90.0,12.0,367.0
-16.0,-90.0,12.0,367.0
-14.0,-90.0,12.0,230.0
-12.0,-90.0,12.0,230.0
-10.0,-90.0,12.0,230.0
-8.0,-90.0,12.0,230.0
-6.0,-90.0,12.0,230.0
-4.0,-90.0,12.0,230.0
-2.0,-90.0,12.0,230.0
0.0,-90.0,12.0,31.0
2.0,-90.0,12.0,31.0
4.0,-90.0,12.0,125.0
6.0,-90.0,12.0,125.0
8.0,-90.0,12.0,380.0
10.0,-90.0,12.0,380.0
12.0,-90.0,12.0,139.0
14.0,-90.0,12.0,139.0
16.0,-90.0,12.0,139.0
18.0,-90.0,12.0,139.0
20.0,-90.0,12.0,366.0
22.0,-90.0,12.0,366.0
24.0,-90.0,12.0,366.0
26.0,-90.0,12.0,366.0
28.0,-90.0,12.0,366.0
30.0,-90.0,12.0,366.0
32.0,-90.0,12.0,366.0
34.0,-90.0,12.0,85.0
36.0,-90.0,12.0,150.0
38.0,-90.0,12.0,150.0
40.0,-90.0,12.0,548.0
42.0,-90.0,12.0,548.0
-42.0,-88.0,12.0,279.0
-40.0,-88.0,12.0,279.0
-38.0,-88.0,12.0,279.0
-36.0,-88.0,12.0,279.0
-34.0,-88.0,12.0,279.0
-32.0,-88.0,12.0,279.0
-30.0,-88.0,12.0,279.0
-28.0,-88.0,12.0,279.0
-26.0,-88.0,12.0,279.0
-24.0,-88.0,12.0,519.0
-22.0,-88.0,12.0,519.0
-20.0,-88.0,12.0,367.0
-18.0,-88.0,12.0,367.0
-16.0,-88.0,12.0,367.0
-14.0,-88.0,12.0,230.0
-12.0,-88.0,12.0,230.0
-10.0,-88.0,12.0,230.0
-8.0,-88.0,12.0,230.0
-6.0,-88.0,12.0,230.0
-4.0,-88.0,12.0,230.0
-2.0,-88.0,12.0,230.0
0.0,-88.0,12.0,31.0
2.0,-88.0,12.0,31.0
4.0,-88.0,12.0,31.0
6.0,-88.0,12.0,31.0
8.0,-88.0,12.0,380.0
10.0,-88.0,12.0,380.0
12.0,-88.0,12.0,139.0
14.0,-88.0,12.0,139.0
16.0,-88.0,12.0,139.0
18.0,-88.0,12.0,139.0
20.0,-88.0,12.0,366.0
22.0,-88.0,12.0,366.0
24.0,-88.0,12.0,366.0
26.0,-88.0,12.0,366.0
28.0,-88.0,12.0,366.0
30.0,-88.0,12.0,366.0
32.0,-88.0,12.0,150.0
34.0,-88.0,12.0,150.0
36.0,-88.0,12.0,150.0
38.0,-88.0,12.0,150.0
40.0,-88.0,12.0,548.0
42.0,-88.0,12.0,548.0
44.0,-88.0,12.0,548.0
-44.0,-86.0,12.0,279.0
-42.0,-86.0,12.0,279.0
-40.0,-86.0,12.0,279.0
-38.0,-86.0,12.0,279.0
-36.0,-86.0,12.0,279.0
-34.0,-86.0,12.0,279.0
-32.0,-86.0,12.0,279.0
-30.0,-86.0,12.0,279.0
-28.0,-86.0,12.0,279.0
-26.0,-86.0,12.0,279.0
-24.0,-86.0,12.0,279.0
-22.0,-86.0,12.0,279.0
-20.0,-86.0,12.0,367.0
-18.0,-86.0,12.0,594.0
-16.0,-86.0,12.0,594.0
-14.0,-86.0,12.0,230.0
-12.0,-86.0,12.0,230.0
-10.0,-86.0,12.0,230.0
-8.0,-86.0,12.0,230.0
-6.0,-86.0,12.0,230.0
-4.0,-86.0,12.0,230.0
-2.0,-86.0,12.0,31.0
0.0,-86.0,12.0,31.0
2.0,-86.0,12.0,31.0
4.0,-86.0,12.0,31.0
6.0,-86.0,12.0,31.0
8.0,-86.0,12.0,31.0
10.0,-86.0,12.0,31.0
12.0,-86.0,12.0,139.0
14.0,-86.0,12.0,139.0
16.0,-86.0,12.0,139.0
20.0,-86.0,12.0,366.0
22.0,-86.0,12.0,366.0
24.0,-86.0,12.0,366.0
26.0,-86.0,12.0,366.0
28.0,-86.0,12.0,366.0
30.0,-86.0,12.0,534.0
32.0,-86.0,12.0,534.0
34.0,-86.0,12.0,150.0
36.0,-86.0,12.0,150.0
38.0,-86.0,12.0,150.0
40.0,-86.0,12.0,548.0
42.0,-86.0,12.0,548.0
44.0,-86.0,12.0,548.0
-44.0,-84.0,12.0,552.0
-42.0,-84.0,12.0,279.0
-40.0,-84.0,12.0,279.0
-38.0,-84.0,12.0,279.0
-36.0,-84.0,12.0,279.0
-34.0,-84.0,12.0,279.0
-32.0,-84.0,12.0,279.0
-30.0,-84.0,12.0,279.0
-28.0,-84.0,12.0,279.0
-26.0,-84.0,12.0,279.0
-24.0,-84.0,12.0,279.0
-14.0,-84.0,12.0,594.0
-12.0,-84.0,12.0,230.0
-10.0,-84.0,12.0,230.0
-8.0,-84.0,12.0,230.0
-6.0,-84.0,12.0,230.0
-4.0,-84.0,12.0,230.0
-2.0,-84.0,12.0,31.0
0.0,-84.0,12.0,31.0
2.0,-84.0,12.0,31.0
4.0,-84.0,12.0,31.0
6.0,-84.0,12.0,31.0
8.0,-84.0,12.0,31.0
10.0,-84.0,12.0,31.0
12.0,-84.0,12.0,139.0
14.0,-84.0,12.0,139.0
16.0,-84.0,12.0,366.0
18.0,-84.0,12.0,366.0
20.0,-84.0,12.0,366.0
22.0,-84.0,12.0,366.0
24.0,-84.0,12.0,366.0
26.0,-84.0,12.0,534.0
28.0,-84.0,12.0,534.0
30.0,-84.0,12.0,534.0
32.0,-84.0,12.0,534.0
34.0,-84.0,12.0,534.0
36.0,-84.0,12.0,534.0
38.0,-84.0,12.0,150.0
40.0,-84.0,12.0,548.0
42.0,-84.0,12.0,548.0
44.0,-84.0,12.0,548.0
46.0,-84.0,12.0,548.0
48.0,-84.0,12.0,548.0
-42.0,-82.0,12.0,552.0
-40.0,-82.0,12.0,279.0
-38.0,-82.0,12.0,279.0
-36.0,-82.0,12.0,279.0
-34.0,-82.0,12.0,279.0
-32.0,-82.0,12.0,279.0
-30.0,-82.0,12.0,279.0
-28.0,-82.0,12.0,279.0
-26.0,-82.0,12.0,279.0
-14.0,-82.0,12.0,594.0
-12.0,-82.0,12.0,594.0
-10.0,-82.0,12.0,230.0
-8.0,-82.0,12.0,230.0
-6.0,-82.0,12.0,230.0
-4.0,-82.0,12.0,31.0
-2.0,-82.0,12.0,31.0
0.0,-82.0,12.0,31.0
2.0,-82.0,12.0,31.0
4.0,-82.0,12.0,31.0
6.0,-82.0,12.0,31.0
8.0,-82.0,12.0,31.0
10.0,-82.0,12.0,578.0
12.0,-82.0,12.0,578.0
14.0,-82.0,12.0,139.0
16.0,-82.0,12.0,366.0
18.0,-82.0,12.0,366.0
20.0,-82.0,12.0,366.0
22.0,-82.0,12.0,534.0
24.0,-82.0,12.0,534.0
26.0,-82.0,12.0,534.0
28.0,-82.0,12.0,534.0
30.0,-82.0,12.0,534.0
32.0,-82.0,12.0,534.0
34.0,-82.0,12.0,534.0
36.0,-82.0,12.0,534.0
38.0,-82.0,12.0,534.0
40.0,-82.0,12.0,548.0
42.0,-82.0,12.0,548.0
44.0,-82.0,12.0,548.0
46.0,-82.0,12.0,548.0
48.0,-82.0,12.0,413.0
50.0,-82.0,12.0,413.0
-48.0,-80.0,12.0,552.0
-46.0,-80.0,12.0,552.0
-44.0,-80.0,12.0,552.0
-42.0,-80.0,12.0,351.0
-40.0,-80.0,12.0,351.0
-38.0,-80.0,12.0,351.0
-36.0,-80.0,12.0,351.0
-34.0,-80.0,12.0,279.0
-32.0,-80.0,12.0,279.0
-30.0,-80.0,12.0,279.0
-28.0,-80.0,12.0,279.0
-20.0,-80.0,12.0,594.0
-18.0,-80.0,12.0,594.0
-16.0,-80.0,12.0,594.0
-14.0,-80.0,12.0,594.0
-12.0,-80.0,12.0,594.0
-10.0,-80.0,12.0,230.0
-8.0,-80.0,12.0,230.0
-6.0,-80.0,12.0,230.0
-4.0,-80.0,12.0,31.0
-2.0,-80.0,12.0,31.0
0.0,-80.0,12.0,31.0
2.0,-80.0,12.0,31.0
4.0,-80.0,12.0,578.0
6.0,-80.0,12.0,578.0
8.0,-80.0,12.0,578.0
10.0,-80.0,12.0,578.0
12.0,-80.0,12.0,578.0
14.0,-80.0,12.0,578.0
16.0,-80.0,12.0,464.0
18.0,-80.0,12.0,464.0
20.0,-80.0,12.0,534.0
22.0,-80.0,12.0,534.0
24.0,-80.0,12.0,534.0
26.0,-80.0,12.0,534.0
28.0,-80.0,12.0,534.0
30.0,-80.0,12.0,534.0
32.0,-80.0,12.0,534.0
34.0,-80.0,12.0,534.0
36.0,-80.0,12.0,534.0
38.0,-80.0,12.0,100.0
40.0,-80.0,12.0,100.0
42.0,-80.0,12.0,100.0
44.0,-80.0,12.0,548.0
46.0,-80.0,12.0,413.0
48.0,-80.0,12.0,413.0
50.0,-80.0,12.0,413.0
52.0,-80.0,12.0,413.0
-50.0,-78.0,12.0,552.0
-48.0,-78.0,12.0,552.0
-46.0,-78.0,12.0,552.0
-44.0,-78.0,12.0,552.0
-42.0,-78.0,12.0,351.0
-40.0,-78.0,12.0,351.0
-38.0,-78.0,12.0,351.0
-36.0,-78.0,12.0,351.0
-34.0,-78.0,12.0,351.0
-32.0,-78.0,12.0,351.0
-30.0,-78.0,12.0,351.0
-20.0,-78.0,12.0,594.0
-18.0,-78.0,12.0,594.0
-16.0,-78.0,12.0,594.0
-14.0,-78.0,12.0,594.0
-12.0,-78.0,12.0,594.0
-10.0,-78.0,12.0,594.0
-8.0,-78.0,12.0,230.0
-6.0,-78.0,12.0,31.0
-4.0,-78.0,12.0,31.0
-2.0,-78.0,12.0,31.0
0.0,-78.0,12.0,578.0
2.0,-78.0,12.0,578.0
4.0,-78.0,12.0,578.0
6.0,-78.0,12.0,578.0
8.0,-78.0,12.0,578.0
10.0,-78.0,12.0,578.0
12.0,-78.0,12.0,578.0
14.0,-78.0,12.0,578.0
16.0,-78.0,12.0,464.0
18.0,-78.0,12.0,464.0
20.0,-78.0,12.0,534.0
22.0,-78.0,12.0,534.0
30.0,-78.0,12.0,534.0
32.0,-78.0,12.0,534.0
34.0,-78.0,12.0,534.0
36.0,-78.0,12.0,534.0
38.0,-78.0,12.0,100.0
40.0,-78.0,12.0,100.0
42.0,-78.0,12.0,100.0
44.0,-78.0,12.0,413.0
46.0,-78.0,12.0,413.0
48.0,-78.0,12.0,413.0
50.0,-78.0,12.0,413.0
52.0,-78.0,12.0,413.0
-50.0,-76.0,12.0,552.0
-48.0,-76.0,12.0,552.0
-46.0,-76.0,12.0,552.0
-44.0,-76.0,12.0,552.0
-42.0,-76.0,12.0,351.0
-40.0,-76.0,12.0,351.0
-38.0,-76.0,12.0,351.0
-36.0,-76.0,12.0,351.0
-22.0,-76.0,12.0,594.0
-20.0,-76.0,12.0,594.0
-18.0,-76.0,12.0,594.0
-16.0,-76.0,12.0,594.0
-14.0,-76.0,12.0,594.0
-12.0,-76.0,12.0,594.0
-10.0,-76.0,12.0,594.0
-8.0,-76.0,12.0,594.0
-6.0,-76.0,12.0,578.0
-4.0,-76.0,12.0,578.0
-2.0,-76.0,12.0,578.0
0.0,-76.0,12.0,578.0
2.0,-76.0,12.0,578.0
4.0,-76.0,12.0,578.0
6.0,-76.0,12.0,578.0
8.0,-76.0,12.0,578.0
10.0,-76.0,12.0,578.0
12.0,-76.0,12.0,578.0
14.0,-76.0,12.0,578.0
16.0,-76.0,12.0,464.0
18.0,-76.0,12.0,464.0
20.0,-76.0,12.0,464.0
32.0,-76.0,12.0,534.0
34.0,-76.0,12.0,534.0
36.0,-76.0,12.0,100.0
38.0,-76.0,12.0,100.0
40.0,-76.0,12.0,100.0
42.0,-76.0,12.0,100.0
44.0,-76.0,12.0,413.0
46.0,-76.0,12.0,413.0
48.0,-76.0,12.0,413.0
50.0,-76.0,12.0,413.0
52.0,-76.0,12.0,413.0
-42.0,-74.0,12.0,351.0
-40.0,-74.0,12.0,351.0
-38.0,-74.0,12.0,351.0
-36.0,-74.0,12.0,351.0
-24.0,-74.0,12.0,594.0
-22.0,-74.0,12.0,594.0
-20.0,-74.0,12.0,594.0
-18.0,-74.0,12.0,594.0
-16.0,-74.0,12.0,594.0
-14.0,-74.0,12.0,594.0
-12.0,-74.0,12.0,594.0
-10.0,-74.0,12.0,594.0
-8.0,-74.0,12.0,594.0
-6.0,-74.0,12.0,578.0
-4.0,-74.0,12.0,578.0
-2.0,-74.0,12.0,578.0
0.0,-74.0,12.0,578.0
2.0,-74.0,12.0,578.0
4.0,-74.0,12.0,578.0
6.0,-74.0,12.0,578.0
8.0,-74.0,12.0,578.0
10.0,-74.0,12.0,578.0
12.0,-74.0,12.0,578.0
14.0,-74.0,12.0,578.0
16.0,-74.0,12.0,464.0
18.0,-74.0,12.0,464.0
20.0,-74.0,12.0,464.0
34.0,-74.0,12.0,534.0
36.0,-74.0,12.0,100.0
38.0,-74.0,12.0,100.0
40.0,-74.0,12.0,100.0
42.0,-74.0,12.0,100.0
44.0,-74.0,12.0,413.0
46.0,-74.0,12.0,413.0
48.0,-74.0,12.0,413.0
50.0,-74.0,12.0,413.0
52.0,-74.0,12.0,413.0
-40.0,-72.0,12.0,351.0
-38.0,-72.0,12.0,351.0
-36.0,-72.0,12.0,351.0
-24.0,-72.0,12.0,288.0
-22.0,-72.0,12.0,594.0
-20.0,-72.0,12.0,594.0
-18.0,-72.0,12.0,594.0
-16.0,-72.0,12.0,594.0
-14.0,-72.0,12.0,594.0
-12.0,-72.0,12.0,594.0
-10.0,-72.0,12.0,594.0
-8.0,-72.0,12.0,594.0
-6.0,-72.0,12.0,578.0
-4.0,-72.0,12.0,578.0
0.0,-72.0,12.0,578.0
2.0,-72.0,12.0,578.0
4.0,-72.0,12.0,578.0
6.0,-72.0,12.0,578.0
8.0,-72.0,12.0,578.0
10.0,-72.0,12.0,578.0
12.0,-72.0,12.0,578.0
14.0,-72.0,12.0,578.0
16.0,-72.0,12.0,352.0
18.0,-72.0,12.0,352.0
20.0,-72.0,12.0,352.0
34.0,-72.0,12.0,100.0
36.0,-72.0,12.0,100.0
38.0,-72.0,12.0,100.0
40.0,-72.0,12.0,100.0
42.0,-72.0,12.0,100.0
44.0,-72.0,12.0,413.0
46.0,-72.0,12.0,413.0
48.0,-72.0,12.0,413.0
50.0,-72.0,12.0,413.0
52.0,-72.0,12.0,413.0
-42.0,-70.0,12.0,351.0
-40.0,-70.0,12.0,351.0
-38.0,-70.0,12.0,351.0
-36.0,-70.0,12.0,351.0
-22.0,-70.0,12.0,288.0
-20.0,-70.0,12.0,157.0
-18.0,-70.0,12.0,157.0
-16.0,-70.0,12.0,157.0
-14.0,-70.0,12.0,157.0
-12.0,-70.0,12.0,157.0
-10.0,-70.0,12.0,157.0
-8.0,-70.0,12.0,157.0
-6.0,-70.0,12.0,578.0
-4.0,-70.0,12.0,578.0
2.0,-70.0,12.0,578.0
4.0,-70.0,12.0,578.0
6.0,-70.0,12.0,578.0
8.0,-70.0,12.0,578.0
10.0,-70.0,12.0,578.0
12.0,-70.0,12.0,578.0
14.0,-70.0,12.0,352.0
34.0,-70.0,12.0,100.0
36.0,-70.0,12.0,100.0
38.0,-70.0,12.0,100.0
40.0,-70.0,12.0,90.0
42.0,-70.0,12.0,90.0
44.0,-70.0,12.0,90.0
46.0,-70.0,12.0,413.0
48.0,-70.0,12.0,413.0
50.0,-70.0,12.0,413.0
52.0,-70.0,12.0,413.0
-42.0,-68.0,12.0,144.0
-40.0,-68.0,12.0,144.0
-38.0,-68.0,12.0,144.0
-20.0,-68.0,12.0,157.0
-18.0,-68.0,12.0,157.0
-16.0,-68.0,12.0,157.0
-14.0,-68.0,12.0,157.0
-12.0,-68.0,12.0,157.0
-10.0,-68.0,12.0,157.0
-8.0,-68.0,12.0,157.0
-6.0,-68.0,12.0,578.0
-4.0,-68.0,12.0,578.0
2.0,-68.0,12.0,578.0
4.0,-68.0,12.0,578.0
6.0,-68.0,12.0,578.0
8.0,-68.0,12.0,578.0
10.0,-68.0,12.0,578.0
12.0,-68.0,12.0,578.0
14.0,-68.0,12.0,352.0
16.0,-68.0,12.0,352.0
18.0,-68.0,12.0,352.0
34.0,-68.0,12.0,100.0
36.0,-68.0,12.0,90.0
38.0,-68.0,12.0,90.0
40.0,-68.0,12.0,90.0
42.0,-68.0,12.0,90.0
44.0,-68.0,12.0,90.0
46.0,-68.0,12.0,90.0
48.0,-68.0,12.0,90.0
50.0,-68.0,12.0,413.0
52.0,-68.0,12.0,413.0
-46.0,-66.0,12.0,552.0
-42.0,-66.0,12.0,144.0
-40.0,-66.0,12.0,144.0
-38.0,-66.0,12.0,144.0
-20.0,-66.0,12.0,157.0
-18.0,-66.0,12.0,157.0
-16.0,-66.0,12.0,157.0
-14.0,-66.0,12.0,157.0
-12.0,-66.0,12.0,157.0
-10.0,-66.0,12.0,157.0
-8.0,-66.0,12.0,157.0
-6.0,-66.0,12.0,118.0
-4.0,-66.0,12.0,578.0
0.0,-66.0,12.0,578.0
2.0,-66.0,12.0,578.0
4.0,-66.0,12.0,578.0
6.0,-66.0,12.0,578.0
8.0,-66.0,12.0,578.0
10.0,-66.0,12.0,578.0
12.0,-66.0,12.0,352.0
14.0,-66.0,12.0,352.0
16.0,-66.0,12.0,352.0
18.0,-66.0,12.0,352.0
20.0,-66.0,12.0,352.0
34.0,-66.0,12.0,90.0
36.0,-66.0,12.0,90.0
38.0,-66.0,12.0,90.0
40.0,-66.0,12.0,90.0
42.0,-66.0,12.0,90.0
44.0,-66.0,12.0,90.0
46.0,-66.0,12.0,90.0
48.0,-66.0,12.0,90.0
50.0,-66.0,12.0,90.0
52.0,-66.0,12.0,309.0
54.0,-66.0,12.0,309.0
56.0,-66.0,12.0,309.0
-46.0,-64.0,12.0,584.0
-42.0,-64.0,12.0,144.0
-40.0,-64.0,12.0,144.0
-20.0,-64.0,12.0,157.0
-18.0,-64.0,12.0,157.0
-16.0,-64.0,12.0,157.0
-14.0,-64.0,12.0,157.0
-12.0,-64.0,12.0,157.0
-10.0,-64.0,12.0,157.0
-8.0,-64.0,12.0,157.0
-6.0,-64.0,12.0,118.0
-4.0,-64.0,12.0,118.0
0.0,-64.0,12.0,578.0
2.0,-64.0,12.0,578.0
4.0,-64.0,12.0,578.0
6.0,-64.0,12.0,578.0
8.0,-64.0,12.0,578.0
10.0,-64.0,12.0,578.0
12.0,-64.0,12.0,352.0
14.0,-64.0,12.0,352.0
16.0,-64.0,12.0,352.0
18.0,-64.0,12.0,352.0
20.0,-64.0,12.0,352.0
36.0,-64.0,12.0,90.0
38.0,-64.0,12.0,90.0
40.0,-64.0,12.0,90.0
42.0,-64.0,12.0,90.0
44.0,-64.0,12.0,90.0
46.0,-64.0,12.0,90.0
48.0,-64.0,12.0,90.0
50.0,-64.0,12.0,90.0
52.0,-64.0,12.0,309.0
54.0,-64.0,12.0,309.0
56.0,-64.0,12.0,309.0
58.0,-64.0,12.0,309.0
-54.0,-62.0,12.0,584.0
-52.0,-62.0,12.0,584.0
-46.0,-62.0,12.0,584.0
-20.0,-62.0,12.0,157.0
-18.0,-62.0,12.0,157.0
-16.0,-62.0,12.0,157.0
-14.0,-62.0,12.0,157.0
-12.0,-62.0,12.0,157.0
-10.0,-62.0,12.0,157.0
-8.0,-62.0,12.0,118.0
-6.0,-62.0,12.0,118.0
-4.0,-62.0,12.0,118.0
0.0,-62.0,12.0,578.0
2.0,-62.0,12.0,578.0
4.0,-62.0,12.0,578.0
6.0,-62.0,12.0,181.0
8.0,-62.0,12.0,181.0
10.0,-62.0,12.0,181.0
12.0,-62.0,12.0,306.0
14.0,-62.0,12.0,352.0
16.0,-62.0,12.0,352.0
36.0,-62.0,12.0,90.0
38.0,-62.0,12.0,90.0
40.0,-62.0,12.0,90.0
42.0,-62.0,12.0,90.0
44.0,-62.0,12.0,90.0
46.0,-62.0,12.0,90.0
48.0,-62.0,12.0,90.0
50.0,-62.0,12.0,90.0
52.0,-62.0,12.0,309.0
56.0,-62.0,12.0,203.0
58.0,-62.0,12.0,203.0
60.0,-62.0,12.0,203.0
-58.0,-60.0,12.0,584.0
-56.0,-60.0,12.0,584.0
-54.0,-60.0,12.0,584.0
-52.0,-60.0,12.0,584.0
-50.0,-60.0,12.0,584.0
-22.0,-60.0,12.0,157.0
-20.0,-60.0,12.0,157.0
-18.0,-60.0,12.0,157.0
-16.0,-60.0,12.0,157.0
-14.0,-60.0,12.0,452.0
-12.0,-60.0,12.0,452.0
-10.0,-60.0,12.0,452.0
-8.0,-60.0,12.0,452.0
-6.0,-60.0,12.0,452.0
-4.0,-60.0,12.0,118.0
0.0,-60.0,12.0,181.0
2.0,-60.0,12.0,181.0
4.0,-60.0,12.0,181.0
6.0,-60.0,12.0,181.0
8.0,-60.0,12.0,181.0
10.0,-60.0,12.0,181.0
12.0,-60.0,12.0,306.0
14.0,-60.0,12.0,306.0
16.0,-60.0,12.0,306.0
18.0,-60.0,12.0,352.0
20.0,-60.0,12.0,352.0
36.0,-60.0,12.0,90.0
38.0,-60.0,12.0,90.0
40.0,-60.0,12.0,90.0
42.0,-60.0,12.0,90.0
44.0,-60.0,12.0,90.0
46.0,-60.0,12.0,90.0
48.0,-60.0,12.0,90.0
50.0,-60.0,12.0,90.0
52.0,-60.0,12.0,203.0
56.0,-60.0,12.0,203.0
58.0,-60.0,12.0,203.0
60.0,-60.0,12.0,203.0
-60.0,-58.0,12.0,42.0
-58.0,-58.0,12.0,495.0
-56.0,-58.0,12.0,495.0
-54.0,-58.0,12.0,495.0
-52.0,-58.0,12.0,81.0
-50.0,-58.0,12.0,81.0
-22.0,-58.0,12.0,108.0
-20.0,-58.0,12.0,452.0
-18.0,-58.0,12.0,452.0
-16.0,-58.0,12.0,452.0
-14.0,-58.0,12.0,452.0
-12.0,-58.0,12.0,452.0
-10.0,-58.0,12.0,452.0
-8.0,-58.0,12.0,452.0
-6.0,-58.0,12.0,452.0
-4.0,-58.0,12.0,452.0
2.0,-58.0,12.0,181.0
4.0,-58.0,12.0,181.0
6.0,-58.0,12.0,181.0
8.0,-58.0,12.0,181.0
10.0,-58.0,12.0,181.0
12.0,-58.0,12.0,469.0
14.0,-58.0,12.0,306.0
16.0,-58.0,12.0,306.0
18.0,-58.0,12.0,306.0
20.0,-58.0,12.0,306.0
38.0,-58.0,12.0,90.0
40.0,-58.0,12.0,90.0
42.0,-58.0,12.0,90.0
44.0,-58.0,12.0,90.0
46.0,-58.0,12.0,90.0
48.0,-58.0,12.0,190.0
50.0,-58.0,12.0,190.0
56.0,-58.0,12.0,203.0
58.0,-58.0,12.0,203.0
60.0,-58.0,12.0,203.0
-64.0,-56.0,12.0,42.0
-62.0,-56.0,12.0,42.0
-60.0,-56.0,12.0,42.0
-58.0,-56.0,12.0,42.0
-56.0,-56.0,12.0,495.0
-54.0,-56.0,12.0,81.0
-52.0,-56.0,12.0,81.0
-50.0,-56.0,12.0,81.0
-24.0,-56.0,12.0,108.0
-22.0,-56.0,12.0,108.0
-20.0,-56.0,12.0,452.0
-18.0,-56.0,12.0,452.0
-16.0,-56.0,12.0,452.0
-14.0,-56.0,12.0,452.0
-12.0,-56.0,12.0,452.0
-10.0,-56.0,12.0,452.0
-8.0,-56.0,12.0,452.0
-6.0,-56.0,12.0,452.0
-4.0,-56.0,12.0,181.0
2.0,-56.0,12.0,181.0
4.0,-56.0,12.0,181.0
6.0,-56.0,12.0,181.0
8.0,-56.0,12.0,181.0
10.0,-56.0,12.0,181.0
12.0,-56.0,12.0,469.0
14.0,-56.0,12.0,469.0
16.0,-56.0,12.0,306.0
18.0,-56.0,12.0,306.0
20.0,-56.0,12.0,306.0
38.0,-56.0,12.0,90.0
40.0,-56.0,12.0,90.0
42.0,-56.0,12.0,190.0
44.0,-56.0,12.0,190.0
46.0,-56.0,12.0,190.0
-64.0,-54.0,12.0,42.0
-62.0,-54.0,12.0,42.0
-60.0,-54.0,12.0,42.0
-56.0,-54.0,12.0,81.0
-54.0,-54.0,12.0,81.0
-52.0,-54.0,12.0,81.0
-24.0,-54.0,12.0,108.0
-22.0,-54.0,12.0,108.0
-20.0,-54.0,12.0,452.0
-18.0,-54.0,12.0,452.0
-16.0,-54.0,12.0,452.0
-14.0,-54.0,12.0,452.0
-12.0,-54.0,12.0,452.0
-10.0,-54.0,12.0,452.0
-8.0,-54.0,12.0,452.0
-6.0,-54.0,12.0,452.0
-4.0,-54.0,12.0,181.0
2.0,-54.0,12.0,181.0
4.0,-54.0,12.0,181.0
6.0,-54.0,12.0,181.0
8.0,-54.0,12.0,181.0
10.0,-54.0,12.0,482.0
12.0,-54.0,12.0,482.0
14.0,-54.0,12.0,469.0
16.0,-54.0,12.0,469.0
18.0,-54.0,12.0,306.0
42.0,-54.0,12.0,190.0
-64.0,-52.0,12.0,42.0
-62.0,-52.0,12.0,42.0
-60.0,-52.0,12.0,42.0
-58.0,-52.0,12.0,42.0
-54.0,-52.0,12.0,81.0
-52.0,-52.0,12.0,81.0
-22.0,-52.0,12.0,108.0
-20.0,-52.0,12.0,108.0
-18.0,-52.0,12.0,452.0
-16.0,-52.0,12.0,452.0
-14.0,-52.0,12.0,452.0
-12.0,-52.0,12.0,452.0
-10.0,-52.0,12.0,452.0
-8.0,-52.0,12.0,452.0
-6.0,-52.0,12.0,452.0
-4.0,-52.0,12.0,181.0
2.0,-52.0,12.0,181.0
4.0,-52.0,12.0,181.0
6.0,-52.0,12.0,181.0
8.0,-52.0,12.0,181.0
10.0,-52.0,12.0,482.0
44.0,-52.0,12.0,190.0
46.0,-52.0,12.0,190.0
48.0,-52.0,12.0,190.0
50.0,-52.0,12.0,190.0
62.0,-52.0,12.0,203.0
64.0,-52.0,12.0,203.0
-66.0,-50.0,12.0,42.0
-64.0,-50.0,12.0,42.0
-62.0,-50.0,12.0,42.0
-60.0,-50.0,12.0,42.0
-58.0,-50.0,12.0,42.0
-56.0,-50.0,12.0,81.0
-54.0,-50.0,12.0,81.0
-52.0,-50.0,12.0,81.0
-50.0,-50.0,12.0,81.0
-20.0,-50.0,12.0,108.0
-18.0,-50.0,12.0,452.0
-16.0,-50.0,12.0,452.0
-12.0,-50.0,12.0,452.0
-10.0,-50.0,12.0,452.0
-8.0,-50.0,12.0,452.0
-6.0,-50.0,12.0,473.0
-4.0,-50.0,12.0,473.0
2.0,-50.0,12.0,181.0
4.0,-50.0,12.0,181.0
6.0,-50.0,12.0,181.0
8.0,-50.0,12.0,482.0
10.0,-50.0,12.0,482.0
42.0,-50.0,12.0,231.0
44.0,-50.0,12.0,190.0
46.0,-50.0,12.0,190.0
48.0,-50.0,12.0,190.0
50.0,-50.0,12.0,581.0
52.0,-50.0,12.0,581.0
54.0,-50.0,12.0,581.0
56.0,-50.0,12.0,581.0
58.0,-50.0,12.0,581.0
60.0,-50.0,12.0,581.0
62.0,-50.0,12.0,581.0
64.0,-50.0,12.0,467.0
-68.0,-48.0,12.0,42.0
-66.0,-48.0,12.0,42.0
-64.0,-48.0,12.0,42.0
-62.0,-48.0,12.0,42.0
-60.0,-48.0,12.0,42.0
-58.0,-48.0,12.0,117.0
-56.0,-48.0,12.0,117.0
-54.0,-48.0,12.0,81.0
-52.0,-48.0,12.0,81.0
-50.0,-48.0,12.0,81.0
-48.0,-48.0,12.0,81.0
-46.0,-48.0,12.0,81.0
-12.0,-48.0,12.0,452.0
-10.0,-48.0,12.0,452.0
-8.0,-48.0,12.0,473.0
-6.0,-48.0,12.0,473.0
-4.0,-48.0,12.0,473.0
4.0,-48.0,12.0,551.0
6.0,-48.0,12.0,551.0
8.0,-48.0,12.0,482.0
10.0,-48.0,12.0,482.0
44.0,-48.0,12.0,231.0
46.0,-48.0,12.0,581.0
48.0,-48.0,12.0,581.0
50.0,-48.0,12.0,581.0
52.0,-48.0,12.0,581.0
54.0,-48.0,12.0,581.0
56.0,-48.0,12.0,581.0
58.0,-48.0,12.0,581.0
60.0,-48.0,12.0,581.0
62.0,-48.0,12.0,133.0
64.0,-48.0,12.0,467.0
66.0,-48.0,12.0,467.0
-68.0,-46.0,12.0,42.0
-66.0,-46.0,12.0,42.0
-64.0,-46.0,12.0,42.0
-62.0,-46.0,12.0,42.0
-60.0,-46.0,12.0,117.0
-58.0,-46.0,12.0,117.0
-56.0,-46.0,12.0,117.0
-54.0,-46.0,12.0,117.0
-52.0,-46.0,12.0,81.0
-50.0,-46.0,12.0,81.0
-48.0,-46.0,12.0,81.0
-46.0,-46.0,12.0,81.0
-44.0,-46.0,12.0,496.0
-12.0,-46.0,12.0,473.0
-10.0,-46.0,12.0,473.0
-8.0,-46.0,12.0,473.0
-6.0,-46.0,12.0,473.0
-4.0,-46.0,12.0,473.0
4.0,-46.0,12.0,551.0
6.0,-46.0,12.0,551.0
8.0,-46.0,12.0,482.0
10.0,-46.0,12.0,482.0
44.0,-46.0,12.0,231.0
46.0,-46.0,12.0,581.0
48.0,-46.0,12.0,581.0
50.0,-46.0,12.0,581.0
52.0,-46.0,12.0,581.0
54.0,-46.0,12.0,581.0
56.0,-46.0,12.0,133.0
58.0,-46.0,12.0,133.0
60.0,-46.0,12.0,133.0
62.0,-46.0,12.0,133.0
64.0,-46.0,12.0,467.0
66.0,-46.0,12.0,467.0
68.0,-46.0,12.0,467.0
-68.0,-44.0,12.0,42.0
-66.0,-44.0,12.0,42.0
-64.0,-44.0,12.0,117.0
-62.0,-44.0,12.0,117.0
-60.0,-44.0,12.0,117.0
-58.0,-44.0,12.0,117.0
-56.0,-44.0,12.0,117.0
-54.0,-44.0,12.0,117.0
-52.0,-44.0,12.0,117.0
-50.0,-44.0,12.0,117.0
-48.0,-44.0,12.0,81.0
-46.0,-44.0,12.0,496.0
-44.0,-44.0,12.0,496.0
-12.0,-44.0,12.0,473.0
-10.0,-44.0,12.0,473.0
-8.0,-44.0,12.0,473.0
-6.0,-44.0,12.0,473.0
6.0,-44.0,12.0,551.0
8.0,-44.0,12.0,482.0
46.0,-44.0,12.0,581.0
48.0,-44.0,12.0,581.0
50.0,-44.0,12.0,581.0
52.0,-44.0,12.0,133.0
54.0,-44.0,12.0,133.0
56.0,-44.0,12.0,133.0
58.0,-44.0,12.0,133.0
60.0,-44.0,12.0,133.0
62.0,-44.0,12.0,467.0
64.0,-44.0,12.0,467.0
66.0,-44.0,12.0,467.0
68.0,-44.0,12.0,467.0
-68.0,-42.0,12.0,42.0
-66.0,-42.0,12.0,117.0
-64.0,-42.0,12.0,117.0
-62.0,-42.0,12.0,117.0
-60.0,-42.0,12.0,117.0
-58.0,-42.0,12.0,117.0
-56.0,-42.0,12.0,117.0
-54.0,-42.0,12.0,117.0
-52.0,-42.0,12.0,117.0
-50.0,-42.0,12.0,117.0
-48.0,-42.0,12.0,496.0
-46.0,-42.0,12.0,496.0
-44.0,-42.0,12.0,496.0
-12.0,-42.0,12.0,473.0
-10.0,-42.0,12.0,473.0
-8.0,-42.0,12.0,473.0
-6.0,-42.0,12.0,473.0
48.0,-42.0,12.0,133.0
50.0,-42.0,12.0,133.0
52.0,-42.0,12.0,133.0
54.0,-42.0,12.0,133.0
56.0,-42.0,12.0,133.0
58.0,-42.0,12.0,133.0
60.0,-42.0,12.0,133.0
62.0,-42.0,12.0,467.0
64.0,-42.0,12.0,467.0
66.0,-42.0,12.0,467.0
68.0,-42.0,12.0,467.0
-70.0,-40.0,12.0,42.0
-68.0,-40.0,12.0,117.0
-66.0,-40.0,12.0,117.0
-64.0,-40.0,12.0,117.0
-62.0,-40.0,12.0,117.0
-60.0,-40.0,12.0,117.0
-58.0,-40.0,12.0,117.0
-56.0,-40.0,12.0,117.0
-54.0,-40.0,12.0,117.0
-52.0,-40.0,12.0,117.0
-50.0,-40.0,12.0,496.0
-48.0,-40.0,12.0,496.0
-46.0,-40.0,12.0,496.0
-44.0,-40.0,12.0,496.0
-10.0,-40.0,12.0,473.0
-8.0,-40.0,12.0,473.0
54.0,-40.0,12.0,133.0
56.0,-40.0,12.0,133.0
58.0,-40.0,12.0,133.0
60.0,-40.0,12.0,133.0
62.0,-40.0,12.0,467.0
64.0,-40.0,12.0,467.0
66.0,-40.0,12.0,467.0
68.0,-40.0,12.0,467.0
-70.0,-38.0,12.0,117.0
-68.0,-38.0,12.0,117.0
-66.0,-38.0,12.0,117.0
-64.0,-38.0,12.0,117.0
-62.0,-38.0,12.0,117.0
-60.0,-38.0,12.0,117.0
-58.0,-38.0,12.0,117.0
-56.0,-38.0,12.0,117.0
-54.0,-38.0,12.0,117.0
-52.0,-38.0,12.0,117.0
-50.0,-38.0,12.0,496.0
-48.0,-38.0,12.0,496.0
-46.0,-38.0,12.0,496.0
-44.0,-38.0,12.0,496.0
-42.0,-38.0,12.0,496.0
42.0,-38.0,12.0,211.0
44.0,-38.0,12.0,211.0
46.0,-38.0,12.0,133.0
48.0,-38.0,12.0,133.0
56.0,-38.0,12.0,133.0
58.0,-38.0,12.0,133.0
60.0,-38.0,12.0,133.0
62.0,-38.0,12.0,467.0
64.0,-38.0,12.0,467.0
66.0,-38.0,12.0,467.0
68.0,-38.0,12.0,467.0
-70.0,-36.0,12.0,117.0
-68.0,-36.0,12.0,117.0
-66.0,-36.0,12.0,117.0
-64.0,-36.0,12.0,117.0
-62.0,-36.0,12.0,117.0
-60.0,-36.0,12.0,117.0
-58.0,-36.0,12.0,117.0
-56.0,-36.0,12.0,117.0
-54.0,-36.0,12.0,117.0
-52.0,-36.0,12.0,496.0
-50.0,-36.0,12.0,496.0
-48.0,-36.0,12.0,496.0
-46.0,-36.0,12.0,496.0
-44.0,-36.0,12.0,496.0
36.0,-36.0,12.0,211.0
42.0,-36.0,12.0,211.0
44.0,-36.0,12.0,211.0
46.0,-36.0,12.0,211.0
48.0,-36.0,12.0,133.0
50.0,-36.0,12.0,133.0
52.0,-36.0,12.0,133.0
56.0,-36.0,12.0,133.0
58.0,-36.0,12.0,133.0
60.0,-36.0,12.0,133.0
62.0,-36.0,12.0,467.0
64.0,-36.0,12.0,467.0
66.0,-36.0,12.0,467.0
68.0,-36.0,12.0,467.0
-70.0,-34.0,12.0,162.0
-68.0,-34.0,12.0,162.0
-66.0,-34.0,12.0,162.0
-64.0,-34.0,12.0,117.0
-62.0,-34.0,12.0,117.0
-60.0,-34.0,12.0,117.0
-58.0,-34.0,12.0,117.0
-56.0,-34.0,12.0,117.0
-54.0,-34.0,12.0,117.0
-52.0,-34.0,12.0,496.0
-50.0,-34.0,12.0,496.0
-48.0,-34.0,12.0,496.0
-46.0,-34.0,12.0,496.0
36.0,-34.0,12.0,211.0
38.0,-34.0,12.0,211.0
40.0,-34.0,12.0,211.0
42.0,-34.0,12.0,211.0
44.0,-34.0,12.0,211.0
46.0,-34.0,12.0,211.0
48.0,-34.0,12.0,211.0
50.0,-34.0,12.0,133.0
52.0,-34.0,12.0,133.0
54.0,-34.0,12.0,133.0
56.0,-34.0,12.0,133.0
58.0,-34.0,12.0,133.0
60.0,-34.0,12.0,467.0
62.0,-34.0,12.0,467.0
64.0,-34.0,12.0,467.0
66.0,-34.0,12.0,467.0
68.0,-34.0,12.0,467.0
-70.0,-32.0,12.0,162.0
-68.0,-32.0,12.0,162.0
-66.0,-32.0,12.0,162.0
-64.0,-32.0,12.0,162.0
-62.0,-32.0,12.0,162.0
-60.0,-32.0,12.0,162.0
-58.0,-32.0,12.0,162.0
-56.0,-32.0,12.0,162.0
-54.0,-32.0,12.0,213.0
-52.0,-32.0,12.0,153.0
-50.0,-32.0,12.0,496.0
-48.0,-32.0,12.0,496.0
-46.0,-32.0,12.0,496.0
34.0,-32.0,12.0,246.0
36.0,-32.0,12.0,211.0
38.0,-32.0,12.0,211.0
40.0,-32.0,12.0,211.0
42.0,-32.0,12.0,211.0
44.0,-32.0,12.0,211.0
46.0,-32.0,12.0,211.0
48.0,-32.0,12.0,211.0
50.0,-32.0,12.0,211.0
52.0,-32.0,12.0,133.0
54.0,-32.0,12.0,133.0
56.0,-32.0,12.0,133.0
58.0,-32.0,12.0,133.0
60.0,-32.0,12.0,467.0
62.0,-32.0,12.0,467.0
64.0,-32.0,12.0,467.0
66.0,-32.0,12.0,467.0
68.0,-32.0,12.0,467.0
-70.0,-30.0,12.0,194.0
-68.0,-30.0,12.0,162.0
-66.0,-30.0,12.0,162.0
-64.0,-30.0,12.0,162.0
-62.0,-30.0,12.0,162.0
-60.0,-30.0,12.0,162.0
-58.0,-30.0,12.0,162.0
-56.0,-30.0,12.0,162.0
-54.0,-30.0,12.0,213.0
-52.0,-30.0,12.0,213.0
-50.0,-30.0,12.0,153.0
-48.0,-30.0,12.0,153.0
-46.0,-30.0,12.0,153.0
-44.0,-30.0,12.0,153.0
-42.0,-30.0,12.0,496.0
12.0,-30.0,12.0,24.0
14.0,-30.0,12.0,24.0
16.0,-30.0,12.0,24.0
34.0,-30.0,12.0,246.0
36.0,-30.0,12.0,246.0
38.0,-30.0,12.0,211.0
40.0,-30.0,12.0,211.0
42.0,-30.0,12.0,211.0
44.0,-30.0,12.0,211.0
46.0,-30.0,12.0,211.0
48.0,-30.0,12.0,211.0
50.0,-30.0,12.0,211.0
52.0,-30.0,12.0,133.0
54.0,-30.0,12.0,133.0
56.0,-30.0,12.0,133.0
58.0,-30.0,12.0,460.0
60.0,-30.0,12.0,184.0
62.0,-30.0,12.0,184.0
64.0,-30.0,12.0,467.0
66.0,-30.0,12.0,467.0
68.0,-30.0,12.0,467.0
-68.0,-28.0,12.0,162.0
-66.0,-28.0,12.0,162.0
-64.0,-28.0,12.0,162.0
-62.0,-28.0,12.0,162.0
-60.0,-28.0,12.0,162.0
-58.0,-28.0,12.0,162.0
-56.0,-28.0,12.0,162.0
-54.0,-28.0,12.0,162.0
-52.0,-28.0,12.0,213.0
-50.0,-28.0,12.0,213.0
-48.0,-28.0,12.0,131.0
-46.0,-28.0,12.0,131.0
-44.0,-28.0,12.0,131.0
-42.0,-28.0,12.0,237.0
10.0,-28.0,12.0,24.0
12.0,-28.0,12.0,24.0
14.0,-28.0,12.0,24.0
16.0,-28.0,12.0,24.0
18.0,-28.0,12.0,24.0
20.0,-28.0,12.0,24.0
34.0,-28.0,12.0,246.0
36.0,-28.0,12.0,246.0
38.0,-28.0,12.0,211.0
40.0,-28.0,12.0,211.0
42.0,-28.0,12.0,211.0
44.0,-28.0,12.0,211.0
46.0,-28.0,12.0,211.0
48.0,-28.0,12.0,211.0
50.0,-28.0,12.0,211.0
52.0,-28.0,12.0,460.0
54.0,-28.0,12.0,460.0
56.0,-28.0,12.0,460.0
58.0,-28.0,12.0,460.0
60.0,-28.0,12.0,184.0
62.0,-28.0,12.0,184.0
64.0,-28.0,12.0,184.0
66.0,-28.0,12.0,184.0
68.0,-28.0,12.0,184.0
-68.0,-26.0,12.0,194.0
-66.0,-26.0,12.0,162.0
-64.0,-26.0,12.0,162.0
-62.0,-26.0,12.0,162.0
-60.0,-26.0,12.0,162.0
-58.0,-26.0,12.0,162.0
-56.0,-26.0,12.0,162.0
-54.0,-26.0,12.0,162.0
-52.0,-26.0,12.0,213.0
-50.0,-26.0,12.0,213.0
-48.0,-26.0,12.0,131.0
-46.0,-26.0,12.0,131.0
-44.0,-26.0,12.0,237.0
-42.0,-26.0,12.0,237.0
-40.0,-26.0,12.0,237.0
-16.0,-26.0,12.0,216.0
-14.0,-26.0,12.0,216.0
-12.0,-26.0,12.0,216.0
8.0,-26.0,12.0,24.0
10.0,-26.0,12.0,24.0
12.0,-26.0,12.0,24.0
14.0,-26.0,12.0,24.0
16.0,-26.0,12.0,24.0
18.0,-26.0,12.0,24.0
20.0,-26.0,12.0,24.0
34.0,-26.0,12.0,246.0
36.0,-26.0,12.0,246.0
38.0,-26.0,12.0,246.0
40.0,-26.0,12.0,211.0
42.0,-26.0,12.0,211.0
44.0,-26.0,12.0,211.0
46.0,-26.0,12.0,211.0
48.0,-26.0,12.0,211.0
50.0,-26.0,12.0,211.0
52.0,-26.0,12.0,460.0
54.0,-26.0,12.0,460.0
56.0,-26.0,12.0,460.0
58.0,-26.0,12.0,460.0
60.0,-26.0,12.0,460.0
62.0,-26.0,12.0,184.0
64.0,-26.0,12.0,184.0
66.0,-26.0,12.0,184.0
68.0,-26.0,12.0,319.0
-70.0,-24.0,12.0,194.0
-68.0,-24.0,12.0,194.0
-66.0,-24.0,12.0,194.0
-64.0,-24.0,12.0,162.0
-62.0,-24.0,12.0,162.0
-60.0,-24.0,12.0,162.0
-58.0,-24.0,12.0,162.0
-56.0,-24.0,12.0,162.0
-54.0,-24.0,12.0,162.0
-52.0,-24.0,12.0,162.0
-50.0,-24.0,12.0,213.0
-48.0,-24.0,12.0,237.0
-46.0,-24.0,12.0,237.0
-44.0,-24.0,12.0,237.0
-42.0,-24.0,12.0,237.0
-40.0,-24.0,12.0,237.0
-38.0,-24.0,12.0,237.0
-16.0,-24.0,12.0,216.0
-14.0,-24.0,12.0,216.0
-12.0,-24.0,12.0,216.0
-10.0,-24.0,12.0,216.0
6.0,-24.0,12.0,104.0
8.0,-24.0,12.0,24.0
10.0,-24.0,12.0,24.0
12.0,-24.0,12.0,24.0
14.0,-24.0,12.0,24.0
16.0,-24.0,12.0,24.0
18.0,-24.0,12.0,24.0
20.0,-24.0,12.0,24.0
30.0,-24.0,12.0,246.0
32.0,-24.0,12.0,246.0
34.0,-24.0,12.0,246.0
36.0,-24.0,12.0,246.0
38.0,-24.0,12.0,246.0
40.0,-24.0,12.0,211.0
42.0,-24.0,12.0,211.0
44.0,-24.0,12.0,211.0
46.0,-24.0,12.0,211.0
48.0,-24.0,12.0,211.0
50.0,-24.0,12.0,285.0
52.0,-24.0,12.0,460.0
54.0,-24.0,12.0,460.0
56.0,-24.0,12.0,460.0
58.0,-24.0,12.0,460.0
60.0,-24.0,12.0,460.0
62.0,-24.0,12.0,460.0
64.0,-24.0,12.0,319.0
66.0,-24.0,12.0,319.0
68.0,-24.0,12.0,319.0
-70.0,-22.0,12.0,194.0
-68.0,-22.0,12.0,194.0
-66.0,-22.0,12.0,194.0
-64.0,-22.0,12.0,162.0
-62.0,-22.0,12.0,162.0
-60.0,-22.0,12.0,162.0
-58.0,-22.0,12.0,162.0
-56.0,-22.0,12.0,162.0
-54.0,-22.0,12.0,162.0
-52.0,-22.0,12.0,162.0
-50.0,-22.0,12.0,213.0
-48.0,-22.0,12.0,237.0
-46.0,-22.0,12.0,237.0
-44.0,-22.0,12.0,237.0
-42.0,-22.0,12.0,237.0
-40.0,-22.0,12.0,237.0
-20.0,-22.0,12.0,216.0
-18.0,-22.0,12.0,216.0
-16.0,-22.0,12.0,216.0
-14.0,-22.0,12.0,216.0
-12.0,-22.0,12.0,216.0
-10.0,-22.0,12.0,216.0
-8.0,-22.0,12.0,216.0
4.0,-22.0,12.0,104.0
6.0,-22.0,12.0,104.0
8.0,-22.0,12.0,24.0
10.0,-22.0,12.0,24.0
12.0,-22.0,12.0,24.0
14.0,-22.0,12.0,24.0
16.0,-22.0,12.0,24.0
18.0,-22.0,12.0,24.0
20.0,-22.0,12.0,24.0
32.0,-22.0,12.0,116.0
34.0,-22.0,12.0,116.0
36.0,-22.0,12.0,116.0
38.0,-22.0,12.0,116.0
40.0,-22.0,12.0,116.0
42.0,-22.0,12.0,211.0
44.0,-22.0,12.0,211.0
46.0,-22.0,12.0,5.0
48.0,-22.0,12.0,285.0
50.0,-22.0,12.0,285.0
52.0,-22.0,12.0,460.0
54.0,-22.0,12.0,460.0
56.0,-22.0,12.0,460.0
58.0,-22.0,12.0,460.0
60.0,-22.0,12.0,460.0
62.0,-22.0,12.0,460.0
64.0,-22.0,12.0,319.0
66.0,-22.0,12.0,319.0
-70.0,-20.0,12.0,194.0
-68.0,-20.0,12.0,194.0
-66.0,-20.0,12.0,194.0
-64.0,-20.0,12.0,194.0
-62.0,-20.0,12.0,162.0
-60.0,-20.0,12.0,162.0
-58.0,-20.0,12.0,162.0
-56.0,-20.0,12.0,162.0
-54.0,-20.0,12.0,162.0
-52.0,-20.0,12.0,162.0
-50.0,-20.0,12.0,237.0
-48.0,-20.0,12.0,237.0
-46.0,-20.0,12.0,237.0
-44.0,-20.0,12.0,237.0
-42.0,-20.0,12.0,237.0
-40.0,-20.0,12.0,237.0
-22.0,-20.0,12.0,216.0
-20.0,-20.0,12.0,216.0
-18.0,-20.0,12.0,216.0
-16.0,-20.0,12.0,216.0
-14.0,-20.0,12.0,216.0
-12.0,-20.0,12.0,216.0
-10.0,-20.0,12.0,216.0
-8.0,-20.0,12.0,216.0
-6.0,-20.0,12.0,104.0
2.0,-20.0,12.0,104.0
4.0,-20.0,12.0,104.0
6.0,-20.0,12.0,104.0
8.0,-20.0,12.0,104.0
10.0,-20.0,12.0,24.0
12.0,-20.0,12.0,24.0
14.0,-20.0,12.0,24.0
16.0,-20.0,12.0,24.0
18.0,-20.0,12.0,24.0
20.0,-20.0,12.0,24.0
32.0,-20.0,12.0,116.0
34.0,-20.0,12.0,116.0
36.0,-20.0,12.0,116.0
38.0,-20.0,12.0,116.0
44.0,-20.0,12.0,5.0
48.0,-20.0,12.0,5.0
50.0,-20.0,12.0,285.0
52.0,-20.0,12.0,460.0
54.0,-20.0,12.0,460.0
56.0,-20.0,12.0,460.0
58.0,-20.0,12.0,460.0
60.0,-20.0,12.0,460.0
62.0,-20.0,12.0,460.0
64.0,-20.0,12.0,319.0
-68.0,-18.0,12.0,194.0
-66.0,-18.0,12.0,194.0
-64.0,-18.0,12.0,194.0
-62.0,-18.0,12.0,194.0
-60.0,-18.0,12.0,162.0
-58.0,-18.0,12.0,162.0
-56.0,-18.0,12.0,162.0
-54.0,-18.0,12.0,162.0
-52.0,-18.0,12.0,162.0
-50.0,-18.0,12.0,237.0
-48.0,-18.0,12.0,237.0
-46.0,-18.0,12.0,237.0
-44.0,-18.0,12.0,237.0
-42.0,-18.0,12.0,237.0
-40.0,-18.0,12.0,237.0
-38.0,-18.0,12.0,237.0
-36.0,-18.0,12.0,237.0
-22.0,-18.0,12.0,216.0
-20.0,-18.0,12.0,216.0
-18.0,-18.0,12.0,216.0
-16.0,-18.0,12.0,216.0
-14.0,-18.0,12.0,216.0
-12.0,-18.0,12.0,216.0
-10.0,-18.0,12.0,443.0
-8.0,-18.0,12.0,443.0
-6.0,-18.0,12.0,104.0
-4.0,-18.0,12.0,104.0
2.0,-18.0,12.0,104.0
4.0,-18.0,12.0,104.0
6.0,-18.0,12.0,104.0
8.0,-18.0,12.0,104.0
10.0,-18.0,12.0,104.0
12.0,-18.0,12.0,24.0
14.0,-18.0,12.0,24.0
16.0,-18.0,12.0,24.0
18.0,-18.0,12.0,111.0
34.0,-18.0,12.0,116.0
36.0,-18.0,12.0,116.0
38.0,-18.0,12.0,116.0
46.0,-18.0,12.0,5.0
48.0,-18.0,12.0,5.0
50.0,-18.0,12.0,5.0
52.0,-18.0,12.0,460.0
54.0,-18.0,12.0,460.0
56.0,-18.0,12.0,460.0
58.0,-18.0,12.0,460.0
60.0,-18.0,12.0,460.0
62.0,-18.0,12.0,319.0
64.0,-18.0,12.0,319.0
-68.0,-16.0,12.0,194.0
-66.0,-16.0,12.0,194.0
-64.0,-16.0,12.0,194.0
-62.0,-16.0,12.0,194.0
-60.0,-16.0,12.0,354.0
-58.0,-16.0,12.0,354.0
-56.0,-16.0,12.0,354.0
-54.0,-16.0,12.0,354.0
-52.0,-16.0,12.0,354.0
-50.0,-16.0,12.0,166.0
-48.0,-16.0,12.0,166.0
-46.0,-16.0,12.0,237.0
-44.0,-16.0,12.0,237.0
-42.0,-16.0,12.0,237.0
-40.0,-16.0,12.0,237.0
-38.0,-16.0,12.0,237.0
-36.0,-16.0,12.0,237.0
-22.0,-16.0,12.0,257.0
-20.0,-16.0,12.0,257.0
-18.0,-16.0,12.0,257.0
-16.0,-16.0,12.0,257.0
-14.0,-16.0,12.0,257.0
-12.0,-16.0,12.0,257.0
-10.0,-16.0,12.0,443.0
-8.0,-16.0,12.0,443.0
-6.0,-16.0,12.0,443.0
-4.0,-16.0,12.0,104.0
0.0,-16.0,12.0,104.0
2.0,-16.0,12.0,104.0
4.0,-16.0,12.0,104.0
6.0,-16.0,12.0,104.0
8.0,-16.0,12.0,104.0
10.0,-16.0,12.0,104.0
12.0,-16.0,12.0,111.0
14.0,-16.0,12.0,111.0
16.0,-16.0,12.0,111.0
18.0,-16.0,12.0,111.0
34.0,-16.0,12.0,116.0
36.0,-16.0,12.0,116.0
38.0,-16.0,12.0,116.0
40.0,-16.0,12.0,116.0
44.0,-16.0,12.0,5.0
46.0,-16.0,12.0,5.0
48.0,-16.0,12.0,5.0
50.0,-16.0,12.0,5.0
52.0,-16.0,12.0,329.0
54.0,-16.0,12.0,460.0
56.0,-16.0,12.0,460.0
58.0,-16.0,12.0,460.0
60.0,-16.0,12.0,460.0
62.0,-16.0,12.0,319.0
64.0,-16.0,12.0,319.0
66.0,-16.0,12.0,319.0
-66.0,-14.0,12.0,194.0
-64.0,-14.0,12.0,194.0
-62.0,-14.0,12.0,194.0
-60.0,-14.0,12.0,354.0
-58.0,-14.0,12.0,354.0
-56.0,-14.0,12.0,354.0
-54.0,-14.0,12.0,354.0
-52.0,-14.0,12.0,166.0
-50.0,-14.0,12.0,166.0
-48.0,-14.0,12.0,166.0
-46.0,-14.0,12.0,166.0
-44.0,-14.0,12.0,166.0
-42.0,-14.0,12.0,237.0
-40.0,-14.0,12.0,237.0
-38.0,-14.0,12.0,237.0
-36.0,-14.0,12.0,237.0
-22.0,-14.0,12.0,257.0
-20.0,-14.0,12.0,257.0
-18.0,-14.0,12.0,257.0
-16.0,-14.0,12.0,257.0
-14.0,-14.0,12.0,257.0
-12.0,-14.0,12.0,257.0
-10.0,-14.0,12.0,443.0
-8.0,-14.0,12.0,443.0
-6.0,-14.0,12.0,443.0
-4.0,-14.0,12.0,248.0
-2.0,-14.0,12.0,248.0
0.0,-14.0,12.0,248.0
2.0,-14.0,12.0,248.0
4.0,-14.0,12.0,248.0
6.0,-14.0,12.0,248.0
8.0,-14.0,12.0,248.0
10.0,-14.0,12.0,248.0
12.0,-14.0,12.0,111.0
14.0,-14.0,12.0,111.0
16.0,-14.0,12.0,111.0
34.0,-14.0,12.0,116.0
36.0,-14.0,12.0,116.0
38.0,-14.0,12.0,116.0
42.0,-14.0,12.0,116.0
44.0,-14.0,12.0,5.0
46.0,-14.0,12.0,5.0
48.0,-14.0,12.0,5.0
50.0,-14.0,12.0,329.0
52.0,-14.0,12.0,329.0
54.0,-14.0,12.0,329.0
56.0,-14.0,12.0,329.0
58.0,-14.0,12.0,460.0
60.0,-14.0,12.0,460.0
62.0,-14.0,12.0,319.0
64.0,-14.0,12.0,319.0
66.0,-14.0,12.0,319.0
-68.0,-12.0,12.0,194.0
-66.0,-12.0,12.0,194.0
-64.0,-12.0,12.0,194.0
-62.0,-12.0,12.0,354.0
-60.0,-12.0,12.0,354.0
-58.0,-12.0,12.0,354.0
-56.0,-12.0,12.0,354.0
-54.0,-12.0,12.0,354.0
-52.0,-12.0,12.0,166.0
-50.0,-12.0,12.0,166.0
-48.0,-12.0,12.0,166.0
-46.0,-12.0,12.0,166.0
-44.0,-12.0,12.0,166.0
-42.0,-12.0,12.0,166.0
-40.0,-12.0,12.0,166.0
-38.0,-12.0,12.0,237.0
-36.0,-12.0,12.0,223.0
-22.0,-12.0,12.0,257.0
-20.0,-12.0,12.0,257.0
-18.0,-12.0,12.0,257.0
-16.0,-12.0,12.0,257.0
-14.0,-12.0,12.0,257.0
-12.0,-12.0,12.0,443.0
-10.0,-12.0,12.0,443.0
-8.0,-12.0,12.0,443.0
-6.0,-12.0,12.0,443.0
-4.0,-12.0,12.0,248.0
-2.0,-12.0,12.0,248.0
0.0,-12.0,12.0,248.0
2.0,-12.0,12.0,248.0
4.0,-12.0,12.0,248.0
6.0,-12.0,12.0,248.0
8.0,-12.0,12.0,248.0
10.0,-12.0,12.0,248.0
12.0,-12.0,12.0,111.0
14.0,-12.0,12.0,111.0
16.0,-12.0,12.0,111.0
34.0,-12.0,12.0,116.0
36.0,-12.0,12.0,116.0
38.0,-12.0,12.0,116.0
44.0,-12.0,12.0,5.0
46.0,-12.0,12.0,5.0
48.0,-12.0,12.0,329.0
50.0,-12.0,12.0,329.0
52.0,-12.0,12.0,329.0
54.0,-12.0,12.0,329.0
56.0,-12.0,12.0,209.0
58.0,-12.0,12.0,209.0
60.0,-12.0,12.0,209.0
62.0,-12.0,12.0,209.0
64.0,-12.0,12.0,319.0
66.0,-12.0,12.0,319.0
-68.0,-10.0,12.0,194.0
-66.0,-10.0,12.0,194.0
-64.0,-10.0,12.0,354.0
-62.0,-10.0,12.0,354.0
-60.0,-10.0,12.0,354.0
-58.0,-10.0,12.0,354.0
-56.0,-10.0,12.0,354.0
-54.0,-10.0,12.0,354.0
-52.0,-10.0,12.0,166.0
-50.0,-10.0,12.0,166.0
-48.0,-10.0,12.0,166.0
-46.0,-10.0,12.0,166.0
-44.0,-10.0,12.0,166.0
-42.0,-10.0,12.0,166.0
-40.0,-10.0,12.0,166.0
-38.0,-10.0,12.0,223.0
-36.0,-10.0,12.0,223.0
-20.0,-10.0,12.0,257.0
-18.0,-10.0,12.0,257.0
-16.0,-10.0,12.0,257.0
-14.0,-10.0,12.0,257.0
-12.0,-10.0,12.0,443.0
-10.0,-10.0,12.0,443.0
-8.0,-10.0,12.0,443.0
-6.0,-10.0,12.0,443.0
-4.0,-10.0,12.0,248.0
-2.0,-10.0,12.0,248.0
0.0,-10.0,12.0,248.0
2.0,-10.0,12.0,248.0
4.0,-10.0,12.0,248.0
6.0,-10.0,12.0,248.0
8.0,-10.0,12.0,248.0
10.0,-10.0,12.0,248.0
12.0,-10.0,12.0,248.0
14.0,-10.0,12.0,111.0
16.0,-10.0,12.0,111.0
28.0,-10.0,12.0,93.0
34.0,-10.0,12.0,124.0
36.0,-10.0,12.0,466.0
38.0,-10.0,12.0,466.0
52.0,-10.0,12.0,329.0
54.0,-10.0,12.0,209.0
56.0,-10.0,12.0,209.0
58.0,-10.0,12.0,209.0
60.0,-10.0,12.0,209.0
62.0,-10.0,12.0,209.0
-68.0,-8.0,12.0,194.0
-66.0,-8.0,12.0,354.0
-64.0,-8.0,12.0,354.0
-62.0,-8.0,12.0,354.0
-60.0,-8.0,12.0,354.0
-58.0,-8.0,12.0,354.0
-56.0,-8.0,12.0,354.0
-54.0,-8.0,12.0,166.0
-52.0,-8.0,12.0,166.0
-50.0,-8.0,12.0,166.0
-48.0,-8.0,12.0,166.0
-46.0,-8.0,12.0,166.0
-42.0,-8.0,12.0,166.0
-40.0,-8.0,12.0,223.0
-38.0,-8.0,12.0,223.0
-36.0,-8.0,12.0,223.0
-34.0,-8.0,12.0,223.0
-18.0,-8.0,12.0,257.0
-16.0,-8.0,12.0,257.0
-14.0,-8.0,12.0,257.0
-12.0,-8.0,12.0,443.0
-10.0,-8.0,12.0,443.0
-8.0,-8.0,12.0,443.0
-6.0,-8.0,12.0,443.0
-4.0,-8.0,12.0,248.0
-2.0,-8.0,12.0,248.0
2.0,-8.0,12.0,248.0
4.0,-8.0,12.0,248.0
6.0,-8.0,12.0,248.0
8.0,-8.0,12.0,248.0
10.0,-8.0,12.0,248.0
12.0,-8.0,12.0,248.0
14.0,-8.0,12.0,111.0
24.0,-8.0,12.0,93.0
26.0,-8.0,12.0,93.0
28.0,-8.0,12.0,93.0
34.0,-8.0,12.0,124.0
36.0,-8.0,12.0,466.0
38.0,-8.0,12.0,466.0
40.0,-8.0,12.0,466.0
54.0,-8.0,12.0,209.0
56.0,-8.0,12.0,209.0
58.0,-8.0,12.0,209.0
64.0,-8.0,12.0,209.0
-68.0,-6.0,12.0,194.0
-66.0,-6.0,12.0,354.0
-64.0,-6.0,12.0,354.0
-62.0,-6.0,12.0,354.0
-60.0,-6.0,12.0,354.0
-58.0,-6.0,12.0,354.0
-56.0,-6.0,12.0,354.0
-54.0,-6.0,12.0,166.0
-52.0,-6.0,12.0,166.0
-50.0,-6.0,12.0,166.0
-48.0,-6.0,12.0,166.0
-46.0,-6.0,12.0,166.0
-44.0,-6.0,12.0,166.0
-40.0,-6.0,12.0,223.0
-38.0,-6.0,12.0,223.0
-36.0,-6.0,12.0,223.0
-34.0,-6.0,12.0,223.0
-30.0,-6.0,12.0,223.0
-28.0,-6.0,12.0,223.0
-26.0,-6.0,12.0,434.0
-18.0,-6.0,12.0,257.0
-16.0,-6.0,12.0,257.0
-14.0,-6.0,12.0,443.0
-12.0,-6.0,12.0,443.0
-10.0,-6.0,12.0,443.0
-8.0,-6.0,12.0,443.0
-6.0,-6.0,12.0,443.0
-4.0,-6.0,12.0,248.0
2.0,-6.0,12.0,248.0
4.0,-6.0,12.0,248.0
6.0,-6.0,12.0,248.0
8.0,-6.0,12.0,248.0
10.0,-6.0,12.0,248.0
12.0,-6.0,12.0,248.0
24.0,-6.0,12.0,93.0
26.0,-6.0,12.0,93.0
28.0,-6.0,12.0,93.0
34.0,-6.0,12.0,124.0
36.0,-6.0,12.0,466.0
38.0,-6.0,12.0,466.0
40.0,-6.0,12.0,466.0
44.0,-6.0,12.0,466.0
46.0,-6.0,12.0,329.0
48.0,-6.0,12.0,209.0
50.0,-6.0,12.0,209.0
52.0,-6.0,12.0,209.0
54.0,-6.0,12.0,209.0
56.0,-6.0,12.0,209.0
58.0,-6.0,12.0,209.0
60.0,-6.0,12.0,209.0
62.0,-6.0,12.0,209.0
64.0,-6.0,12.0,209.0
66.0,-6.0,12.0,209.0
-68.0,-4.0,12.0,92.0
-66.0,-4.0,12.0,354.0
-64.0,-4.0,12.0,354.0
-62.0,-4.0,12.0,354.0
-60.0,-4.0,12.0,544.0
-58.0,-4.0,12.0,544.0
-56.0,-4.0,12.0,544.0
-54.0,-4.0,12.0,544.0
-52.0,-4.0,12.0,166.0
-50.0,-4.0,12.0,166.0
-48.0,-4.0,12.0,166.0
-46.0,-4.0,12.0,166.0
-44.0,-4.0,12.0,166.0
-42.0,-4.0,12.0,223.0
-40.0,-4.0,12.0,223.0
-38.0,-4.0,12.0,223.0
-36.0,-4.0,12.0,223.0
-34.0,-4.0,12.0,223.0
-30.0,-4.0,12.0,223.0
-28.0,-4.0,12.0,434.0
-26.0,-4.0,12.0,434.0
-24.0,-4.0,12.0,434.0
-16.0,-4.0,12.0,257.0
-14.0,-4.0,12.0,443.0
-12.0,-4.0,12.0,443.0
-10.0,-4.0,12.0,443.0
-8.0,-4.0,12.0,443.0
-6.0,-4.0,12.0,443.0
-4.0,-4.0,12.0,248.0
4.0,-4.0,12.0,248.0
6.0,-4.0,12.0,248.0
8.0,-4.0,12.0,248.0
22.0,-4.0,12.0,93.0
24.0,-4.0,12.0,93.0
26.0,-4.0,12.0,93.0
28.0,-4.0,12.0,93.0
30.0,-4.0,12.0,93.0
34.0,-4.0,12.0,124.0
36.0,-4.0,12.0,466.0
38.0,-4.0,12.0,466.0
40.0,-4.0,12.0,466.0
42.0,-4.0,12.0,466.0
44.0,-4.0,12.0,466.0
46.0,-4.0,12.0,209.0
48.0,-4.0,12.0,209.0
50.0,-4.0,12.0,209.0
52.0,-4.0,12.0,209.0
54.0,-4.0,12.0,209.0
56.0,-4.0,12.0,209.0
58.0,-4.0,12.0,209.0
60.0,-4.0,12.0,209.0
62.0,-4.0,12.0,209.0
64.0,-4.0,12.0,209.0
-66.0,-2.0,12.0,92.0
-64.0,-2.0,12.0,92.0
-62.0,-2.0,12.0,544.0
-60.0,-2.0,12.0,544.0
-58.0,-2.0,12.0,544.0
-56.0,-2.0,12.0,544.0
-54.0,-2.0,12.0,544.0
-52.0,-2.0,12.0,544.0
-50.0,-2.0,12.0,544.0
-48.0,-2.0,12.0,166.0
-46.0,-2.0,12.0,166.0
-44.0,-2.0,12.0,166.0
-42.0,-2.0,12.0,223.0
-40.0,-2.0,12.0,223.0
-38.0,-2.0,12.0,223.0
-36.0,-2.0,12.0,223.0
-34.0,-2.0,12.0,223.0
-30.0,-2.0,12.0,223.0
-28.0,-2.0,12.0,434.0
-26.0,-2.0,12.0,434.0
-24.0,-2.0,12.0,434.0
-12.0,-2.0,12.0,443.0
-10.0,-2.0,12.0,443.0
-8.0,-2.0,12.0,443.0
-6.0,-2.0,12.0,443.0
22.0,-2.0,12.0,93.0
24.0,-2.0,12.0,93.0
26.0,-2.0,12.0,93.0
28.0,-2.0,12.0,93.0
30.0,-2.0,12.0,93.0
34.0,-2.0,12.0,124.0
36.0,-2.0,12.0,124.0
38.0,-2.0,12.0,466.0
40.0,-2.0,12.0,466.0
42.0,-2.0,12.0,466.0
44.0,-2.0,12.0,201.0
46.0,-2.0,12.0,201.0
48.0,-2.0,12.0,209.0
50.0,-2.0,12.0,209.0
52.0,-2.0,12.0,209.0
54.0,-2.0,12.0,209.0
56.0,-2.0,12.0,209.0
58.0,-2.0,12.0,209.0
60.0,-2.0,12.0,209.0
62.0,-2.0,12.0,209.0
64.0,-2.0,12.0,209.0
-66.0,-0.0,12.0,92.0
-64.0,-0.0,12.0,92.0
-62.0,-0.0,12.0,92.0
-60.0,-0.0,12.0,544.0
-58.0,-0.0,12.0,544.0
-56.0,-0.0,12.0,544.0
-54.0,-0.0,12.0,544.0
-52.0,-0.0,12.0,544.0
-50.0,-0.0,12.0,544.0
-48.0,-0.0,12.0,544.0
-46.0,-0.0,12.0,166.0
-44.0,-0.0,12.0,236.0
-42.0,-0.0,12.0,223.0
-40.0,-0.0,12.0,223.0
-38.0,-0.0,12.0,223.0
-36.0,-0.0,12.0,223.0
-30.0,-0.0,12.0,223.0
-28.0,-0.0,12.0,434.0
-26.0,-0.0,12.0,434.0
-24.0,-0.0,12.0,434.0
-22.0,-0.0,12.0,434.0
8.0,-0.0,12.0,238.0
10.0,-0.0,12.0,238.0
12.0,-0.0,12.0,238.0
22.0,-0.0,12.0,93.0
24.0,-0.0,12.0,93.0
26.0,-0.0,12.0,93.0
28.0,-0.0,12.0,93.0
30.0,-0.0,12.0,93.0
32.0,-0.0,12.0,124.0
34.0,-0.0,12.0,124.0
36.0,-0.0,12.0,124.0
38.0,-0.0,12.0,466.0
40.0,-0.0,12.0,201.0
42.0,-0.0,12.0,201.0
44.0,-0.0,12.0,201.0
46.0,-0.0,12.0,201.0
48.0,-0.0,12.0,195.0
54.0,-0.0,12.0,209.0
56.0,-0.0,12.0,209.0
58.0,-0.0,12.0,209.0
60.0,-0.0,12.0,209.0
62.0,-0.0,12.0,209.0
64.0,-0.0,12.0,209.0
-66.0,2.0,12.0,92.0
-64.0,2.0,12.0,92.0
-62.0,2.0,12.0,92.0
-60.0,2.0,12.0,92.0
-58.0,2.0,12.0,544.0
-56.0,2.0,12.0,544.0
-54.0,2.0,12.0,544.0
-52.0,2.0,12.0,544.0
-50.0,2.0,12.0,544.0
-48.0,2.0,12.0,544.0
-46.0,2.0,12.0,236.0
-44.0,2.0,12.0,236.0
-42.0,2.0,12.0,236.0
-40.0,2.0,12.0,236.0
-38.0,2.0,12.0,236.0
-36.0,2.0,12.0,223.0
-34.0,2.0,12.0,223.0
-30.0,2.0,12.0,434.0
-28.0,2.0,12.0,434.0
-26.0,2.0,12.0,434.0
-24.0,2.0,12.0,434.0
-22.0,2.0,12.0,434.0
-14.0,2.0,12.0,434.0
-12.0,2.0,12.0,434.0
-10.0,2.0,12.0,434.0
8.0,2.0,12.0,238.0
10.0,2.0,12.0,238.0
12.0,2.0,12.0,238.0
22.0,2.0,12.0,93.0
24.0,2.0,12.0,93.0
26.0,2.0,12.0,93.0
28.0,2.0,12.0,93.0
32.0,2.0,12.0,124.0
34.0,2.0,12.0,124.0
36.0,2.0,12.0,7.0
38.0,2.0,12.0,7.0
40.0,2.0,12.0,7.0
42.0,2.0,12.0,201.0
44.0,2.0,12.0,201.0
46.0,2.0,12.0,201.0
48.0,2.0,12.0,195.0
54.0,2.0,12.0,209.0
56.0,2.0,12.0,209.0
58.0,2.0,12.0,209.0
60.0,2.0,12.0,209.0
62.0,2.0,12.0,209.0
64.0,2.0,12.0,209.0
-64.0,4.0,12.0,92.0
-62.0,4.0,12.0,92.0
-60.0,4.0,12.0,92.0
-58.0,4.0,12.0,544.0
-56.0,4.0,12.0,544.0
-54.0,4.0,12.0,544.0
-52.0,4.0,12.0,544.0
-48.0,4.0,12.0,544.0
-46.0,4.0,12.0,236.0
-44.0,4.0,12.0,236.0
-42.0,4.0,12.0,236.0
-40.0,4.0,12.0,236.0
-38.0,4.0,12.0,236.0
-36.0,4.0,12.0,236.0
-34.0,4.0,12.0,236.0
-28.0,4.0,12.0,434.0
-26.0,4.0,12.0,434.0
-24.0,4.0,12.0,434.0
-22.0,4.0,12.0,434.0
-14.0,4.0,12.0,434.0
-12.0,4.0,12.0,434.0
-10.0,4.0,12.0,434.0
8.0,4.0,12.0,238.0
10.0,4.0,12.0,238.0
12.0,4.0,12.0,238.0
14.0,4.0,12.0,238.0
20.0,4.0,12.0,264.0
22.0,4.0,12.0,93.0
24.0,4.0,12.0,93.0
26.0,4.0,12.0,93.0
28.0,4.0,12.0,93.0
32.0,4.0,12.0,124.0
34.0,4.0,12.0,7.0
36.0,4.0,12.0,7.0
38.0,4.0,12.0,7.0
40.0,4.0,12.0,7.0
42.0,4.0,12.0,7.0
44.0,4.0,12.0,7.0
46.0,4.0,12.0,201.0
48.0,4.0,12.0,201.0
50.0,4.0,12.0,195.0
52.0,4.0,12.0,195.0
54.0,4.0,12.0,195.0
56.0,4.0,12.0,209.0
58.0,4.0,12.0,209.0
60.0,4.0,12.0,209.0
62.0,4.0,12.0,209.0
64.0,4.0,12.0,209.0
-64.0,6.0,12.0,92.0
-62.0,6.0,12.0,92.0
-60.0,6.0,12.0,92.0
-58.0,6.0,12.0,92.0
-56.0,6.0,12.0,544.0
-54.0,6.0,12.0,544.0
-52.0,6.0,12.0,544.0
-50.0,6.0,12.0,544.0
-48.0,6.0,12.0,544.0
-46.0,6.0,12.0,236.0
-44.0,6.0,12.0,236.0
-42.0,6.0,12.0,236.0
-40.0,6.0,12.0,236.0
-38.0,6.0,12.0,236.0
-36.0,6.0,12.0,468.0
-34.0,6.0,12.0,468.0
-32.0,6.0,12.0,468.0
-28.0,6.0,12.0,434.0
-26.0,6.0,12.0,434.0
-24.0,6.0,12.0,434.0
-22.0,6.0,12.0,434.0
-16.0,6.0,12.0,434.0
-14.0,6.0,12.0,434.0
-12.0,6.0,12.0,434.0
-10.0,6.0,12.0,434.0
-8.0,6.0,12.0,434.0
8.0,6.0,12.0,238.0
10.0,6.0,12.0,238.0
12.0,6.0,12.0,238.0
14.0,6.0,12.0,238.0
20.0,6.0,12.0,264.0
22.0,6.0,12.0,264.0
24.0,6.0,12.0,93.0
26.0,6.0,12.0,93.0
28.0,6.0,12.0,93.0
32.0,6.0,12.0,7.0
34.0,6.0,12.0,7.0
36.0,6.0,12.0,7.0
38.0,6.0,12.0,7.0
40.0,6.0,12.0,7.0
42.0,6.0,12.0,7.0
46.0,6.0,12.0,7.0
48.0,6.0,12.0,201.0
50.0,6.0,12.0,195.0
52.0,6.0,12.0,195.0
54.0,6.0,12.0,195.0
56.0,6.0,12.0,195.0
58.0,6.0,12.0,209.0
60.0,6.0,12.0,209.0
62.0,6.0,12.0,209.0
-64.0,8.0,12.0,92.0
-62.0,8.0,12.0,92.0
-60.0,8.0,12.0,92.0
-58.0,8.0,12.0,92.0
-56.0,8.0,12.0,92.0
-54.0,8.0,12.0,544.0
-52.0,8.0,12.0,544.0
-50.0,8.0,12.0,544.0
-48.0,8.0,12.0,544.0
-46.0,8.0,12.0,236.0
-44.0,8.0,12.0,236.0
-42.0,8.0,12.0,468.0
-40.0,8.0,12.0,468.0
-38.0,8.0,12.0,468.0
-36.0,8.0,12.0,468.0
-34.0,8.0,12.0,468.0
-32.0,8.0,12.0,468.0
-26.0,8.0,12.0,434.0
-24.0,8.0,12.0,434.0
-22.0,8.0,12.0,434.0
-16.0,8.0,12.0,434.0
-14.0,8.0,12.0,434.0
-12.0,8.0,12.0,434.0
-10.0,8.0,12.0,434.0
-8.0,8.0,12.0,582.0
6.0,8.0,12.0,238.0
8.0,8.0,12.0,238.0
10.0,8.0,12.0,238.0
12.0,8.0,12.0,238.0
14.0,8.0,12.0,238.0
16.0,8.0,12.0,238.0
20.0,8.0,12.0,264.0
22.0,8.0,12.0,264.0
24.0,8.0,12.0,264.0
26.0,8.0,12.0,264.0
32.0,8.0,12.0,7.0
34.0,8.0,12.0,7.0
36.0,8.0,12.0,7.0
38.0,8.0,12.0,7.0
40.0,8.0,12.0,7.0
46.0,8.0,12.0,7.0
48.0,8.0,12.0,7.0
50.0,8.0,12.0,427.0
52.0,8.0,12.0,195.0
54.0,8.0,12.0,195.0
56.0,8.0,12.0,195.0
58.0,8.0,12.0,195.0
60.0,8.0,12.0,195.0
62.0,8.0,12.0,209.0
-64.0,10.0,12.0,92.0
-62.0,10.0,12.0,92.0
-60.0,10.0,12.0,92.0
-58.0,10.0,12.0,92.0
-56.0,10.0,12.0,359.0
-54.0,10.0,12.0,359.0
-52.0,10.0,12.0,359.0
-50.0,10.0,12.0,359.0
-48.0,10.0,12.0,359.0
-46.0,10.0,12.0,468.0
-42.0,10.0,12.0,468.0
-40.0,10.0,12.0,468.0
-38.0,10.0,12.0,468.0
-36.0,10.0,12.0,468.0
-34.0,10.0,12.0,468.0
-32.0,10.0,12.0,468.0
-18.0,10.0,12.0,434.0
-16.0,10.0,12.0,434.0
-14.0,10.0,12.0,434.0
-12.0,10.0,12.0,582.0
-10.0,10.0,12.0,582.0
-8.0,10.0,12.0,582.0
6.0,10.0,12.0,238.0
8.0,10.0,12.0,238.0
10.0,10.0,12.0,238.0
12.0,10.0,12.0,238.0
14.0,10.0,12.0,238.0
16.0,10.0,12.0,264.0
20.0,10.0,12.0,264.0
22.0,10.0,12.0,264.0
24.0,10.0,12.0,264.0
26.0,10.0,12.0,264.0
32.0,10.0,12.0,7.0
34.0,10.0,12.0,7.0
36.0,10.0,12.0,7.0
38.0,10.0,12.0,7.0
40.0,10.0,12.0,7.0
46.0,10.0,12.0,7.0
48.0,10.0,12.0,7.0
50.0,10.0,12.0,427.0
52.0,10.0,12.0,427.0
54.0,10.0,12.0,427.0
56.0,10.0,12.0,195.0
58.0,10.0,12.0,195.0
60.0,10.0,12.0,195.0
62.0,10.0,12.0,195.0
-64.0,12.0,12.0,92.0
-62.0,12.0,12.0,92.0
-60.0,12.0,12.0,92.0
-58.0,12.0,12.0,359.0
-56.0,12.0,12.0,359.0
-54.0,12.0,12.0,359.0
-52.0,12.0,12.0,359.0
-50.0,12.0,12.0,359.0
-48.0,12.0,12.0,359.0
-46.0,12.0,12.0,468.0
-42.0,12.0,12.0,468.0
-40.0,12.0,12.0,468.0
-38.0,12.0,12.0,468.0
-36.0,12.0,12.0,468.0
-34.0,12.0,12.0,468.0
-32.0,12.0,12.0,468.0
-20.0,12.0,12.0,448.0
-18.0,12.0,12.0,448.0
-16.0,12.0,12.0,448.0
-14.0,12.0,12.0,582.0
-12.0,12.0,12.0,582.0
-10.0,12.0,12.0,582.0
-8.0,12.0,12.0,582.0
8.0,12.0,12.0,238.0
10.0,12.0,12.0,238.0
12.0,12.0,12.0,238.0
14.0,12.0,12.0,238.0
16.0,12.0,12.0,264.0
18.0,12.0,12.0,264.0
20.0,12.0,12.0,264.0
22.0,12.0,12.0,264.0
24.0,12.0,12.0,264.0
26.0,12.0,12.0,307.0
30.0,12.0,12.0,307.0
32.0,12.0,12.0,7.0
34.0,12.0,12.0,7.0
36.0,12.0,12.0,7.0
38.0,12.0,12.0,7.0
40.0,12.0,12.0,7.0
46.0,12.0,12.0,7.0
48.0,12.0,12.0,7.0
50.0,12.0,12.0,196.0
52.0,12.0,12.0,196.0
54.0,12.0,12.0,196.0
56.0,12.0,12.0,196.0
58.0,12.0,12.0,196.0
60.0,12.0,12.0,196.0
-62.0,14.0,12.0,455.0
-60.0,14.0,12.0,455.0
-58.0,14.0,12.0,359.0
-56.0,14.0,12.0,359.0
-54.0,14.0,12.0,359.0
-52.0,14.0,12.0,359.0
-50.0,14.0,12.0,359.0
-48.0,14.0,12.0,359.0
-46.0,14.0,12.0,359.0
-42.0,14.0,12.0,468.0
-40.0,14.0,12.0,468.0
-38.0,14.0,12.0,468.0
-36.0,14.0,12.0,468.0
-34.0,14.0,12.0,468.0
-32.0,14.0,12.0,468.0
-20.0,14.0,12.0,448.0
-18.0,14.0,12.0,448.0
-16.0,14.0,12.0,448.0
-14.0,14.0,12.0,582.0
-12.0,14.0,12.0,582.0
-10.0,14.0,12.0,582.0
-8.0,14.0,12.0,582.0
8.0,14.0,12.0,238.0
10.0,14.0,12.0,238.0
12.0,14.0,12.0,238.0
14.0,14.0,12.0,264.0
16.0,14.0,12.0,264.0
18.0,14.0,12.0,264.0
30.0,14.0,12.0,307.0
32.0,14.0,12.0,307.0
34.0,14.0,12.0,7.0
36.0,14.0,12.0,7.0
38.0,14.0,12.0,7.0
48.0,14.0,12.0,196.0
50.0,14.0,12.0,196.0
52.0,14.0,12.0,196.0
54.0,14.0,12.0,196.0
56.0,14.0,12.0,196.0
58.0,14.0,12.0,196.0
60.0,14.0,12.0,196.0
-62.0,16.0,12.0,455.0
-60.0,16.0,12.0,455.0
-58.0,16.0,12.0,359.0
-56.0,16.0,12.0,359.0
-54.0,16.0,12.0,359.0
-52.0,16.0,12.0,359.0
-50.0,16.0,12.0,359.0
-48.0,16.0,12.0,359.0
-46.0,16.0,12.0,359.0
-40.0,16.0,12.0,468.0
-38.0,16.0,12.0,468.0
-36.0,16.0,12.0,468.0
-34.0,16.0,12.0,468.0
-32.0,16.0,12.0,468.0
-30.0,16.0,12.0,468.0
-22.0,16.0,12.0,448.0
-20.0,16.0,12.0,448.0
-18.0,16.0,12.0,448.0
-16.0,16.0,12.0,582.0
-14.0,16.0,12.0,582.0
-12.0,16.0,12.0,582.0
-10.0,16.0,12.0,582.0
-8.0,16.0,12.0,582.0
8.0,16.0,12.0,238.0
10.0,16.0,12.0,238.0
12.0,16.0,12.0,238.0
14.0,16.0,12.0,264.0
16.0,16.0,12.0,264.0
18.0,16.0,12.0,264.0
28.0,16.0,12.0,307.0
30.0,16.0,12.0,307.0
32.0,16.0,12.0,307.0
34.0,16.0,12.0,307.0
36.0,16.0,12.0,7.0
38.0,16.0,12.0,7.0
52.0,16.0,12.0,196.0
54.0,16.0,12.0,196.0
56.0,16.0,12.0,196.0
58.0,16.0,12.0,196.0
60.0,16.0,12.0,196.0
-62.0,18.0,12.0,455.0
-60.0,18.0,12.0,455.0
-58.0,18.0,12.0,359.0
-56.0,18.0,12.0,359.0
-54.0,18.0,12.0,359.0
-52.0,18.0,12.0,359.0
-50.0,18.0,12.0,359.0
-48.0,18.0,12.0,359.0
-46.0,18.0,12.0,359.0
-40.0,18.0,12.0,468.0
-38.0,18.0,12.0,468.0
-36.0,18.0,12.0,468.0
-34.0,18.0,12.0,468.0
-32.0,18.0,12.0,468.0
-30.0,18.0,12.0,468.0
-22.0,18.0,12.0,448.0
-20.0,18.0,12.0,448.0
-18.0,18.0,12.0,448.0
-16.0,18.0,12.0,582.0
-14.0,18.0,12.0,582.0
-12.0,18.0,12.0,582.0
-10.0,18.0,12.0,582.0
10.0,18.0,12.0,238.0
12.0,18.0,12.0,264.0
14.0,18.0,12.0,264.0
16.0,18.0,12.0,264.0
18.0,18.0,12.0,264.0
28.0,18.0,12.0,307.0
30.0,18.0,12.0,307.0
32.0,18.0,12.0,307.0
34.0,18.0,12.0,307.0
36.0,18.0,12.0,307.0
38.0,18.0,12.0,7.0
50.0,18.0,12.0,196.0
52.0,18.0,12.0,196.0
54.0,18.0,12.0,196.0
56.0,18.0,12.0,196.0
58.0,18.0,12.0,196.0
60.0,18.0,12.0,196.0
-62.0,20.0,12.0,455.0
-60.0,20.0,12.0,455.0
-58.0,20.0,12.0,359.0
-56.0,20.0,12.0,359.0
-54.0,20.0,12.0,359.0
-52.0,20.0,12.0,359.0
-50.0,20.0,12.0,359.0
-48.0,20.0,12.0,359.0
-46.0,20.0,12.0,359.0
-44.0,20.0,12.0,442.0
-38.0,20.0,12.0,468.0
-36.0,20.0,12.0,468.0
-34.0,20.0,12.0,468.0
-32.0,20.0,12.0,468.0
-30.0,20.0,12.0,468.0
-22.0,20.0,12.0,448.0
-20.0,20.0,12.0,448.0
-18.0,20.0,12.0,582.0
-16.0,20.0,12.0,582.0
-14.0,20.0,12.0,582.0
-12.0,20.0,12.0,582.0
12.0,20.0,12.0,264.0
14.0,20.0,12.0,264.0
16.0,20.0,12.0,264.0
18.0,20.0,12.0,264.0
28.0,20.0,12.0,307.0
30.0,20.0,12.0,307.0
32.0,20.0,12.0,307.0
34.0,20.0,12.0,307.0
36.0,20.0,12.0,307.0
38.0,20.0,12.0,307.0
40.0,20.0,12.0,7.0
42.0,20.0,12.0,196.0
48.0,20.0,12.0,196.0
50.0,20.0,12.0,196.0
52.0,20.0,12.0,196.0
54.0,20.0,12.0,196.0
56.0,20.0,12.0,196.0
58.0,20.0,12.0,196.0
60.0,20.0,12.0,196.0
-60.0,22.0,12.0,455.0
-58.0,22.0,12.0,359.0
-56.0,22.0,12.0,359.0
-54.0,22.0,12.0,359.0
-52.0,22.0,12.0,359.0
-50.0,22.0,12.0,359.0
-48.0,22.0,12.0,359.0
-46.0,22.0,12.0,442.0
-44.0,22.0,12.0,442.0
-38.0,22.0,12.0,442.0
-36.0,22.0,12.0,468.0
-34.0,22.0,12.0,468.0
-32.0,22.0,12.0,468.0
-30.0,22.0,12.0,468.0
-22.0,22.0,12.0,448.0
-20.0,22.0,12.0,448.0
-18.0,22.0,12.0,582.0
-16.0,22.0,12.0,582.0
-14.0,22.0,12.0,582.0
16.0,22.0,12.0,264.0
28.0,22.0,12.0,307.0
30.0,22.0,12.0,307.0
32.0,22.0,12.0,307.0
34.0,22.0,12.0,307.0
36.0,22.0,12.0,307.0
38.0,22.0,12.0,307.0
40.0,22.0,12.0,307.0
48.0,22.0,12.0,196.0
50.0,22.0,12.0,196.0
52.0,22.0,12.0,196.0
54.0,22.0,12.0,196.0
56.0,22.0,12.0,196.0
58.0,22.0,12.0,196.0
-60.0,24.0,12.0,455.0
-58.0,24.0,12.0,359.0
-56.0,24.0,12.0,359.0
-54.0,24.0,12.0,359.0
-52.0,24.0,12.0,359.0
-50.0,24.0,12.0,359.0
-48.0,24.0,12.0,442.0
-46.0,24.0,12.0,442.0
-44.0,24.0,12.0,442.0
-38.0,24.0,12.0,442.0
-36.0,24.0,12.0,442.0
-34.0,24.0,12.0,442.0
-32.0,24.0,12.0,468.0
-30.0,24.0,12.0,448.0
-18.0,24.0,12.0,582.0
28.0,24.0,12.0,307.0
30.0,24.0,12.0,307.0
32.0,24.0,12.0,307.0
48.0,24.0,12.0,196.0
50.0,24.0,12.0,196.0
52.0,24.0,12.0,196.0
54.0,24.0,12.0,196.0
56.0,24.0,12.0,196.0
58.0,24.0,12.0,196.0
-60.0,26.0,12.0,455.0
-58.0,26.0,12.0,359.0
-56.0,26.0,12.0,359.0
-54.0,26.0,12.0,359.0
-52.0,26.0,12.0,442.0
-38.0,26.0,12.0,442.0
-36.0,26.0,12.0,442.0
-34.0,26.0,12.0,442.0
-32.0,26.0,12.0,442.0
-30.0,26.0,12.0,442.0
28.0,26.0,12.0,307.0
30.0,26.0,12.0,307.0
32.0,26.0,12.0,307.0
52.0,26.0,12.0,72.0
54.0,26.0,12.0,72.0
56.0,26.0,12.0,119.0
58.0,26.0,12.0,119.0
-60.0,28.0,12.0,455.0
-58.0,28.0,12.0,151.0
-56.0,28.0,12.0,151.0
-54.0,28.0,12.0,419.0
-52.0,28.0,12.0,442.0
-50.0,28.0,12.0,442.0
-32.0,28.0,12.0,442.0
30.0,28.0,12.0,307.0
52.0,28.0,12.0,72.0
54.0,28.0,12.0,72.0
56.0,28.0,12.0,72.0
58.0,28.0,12.0,119.0
-58.0,30.0,12.0,419.0
-56.0,30.0,12.0,419.0
-54.0,30.0,12.0,419.0
-52.0,30.0,12.0,442.0
-50.0,30.0,12.0,442.0
-48.0,30.0,12.0,442.0
2.0,30.0,12.0,121.0
4.0,30.0,12.0,121.0
50.0,30.0,12.0,72.0
52.0,30.0,12.0,72.0
54.0,30.0,12.0,72.0
56.0,30.0,12.0,72.0
-58.0,32.0,12.0,419.0
-56.0,32.0,12.0,419.0
-54.0,32.0,12.0,419.0
-52.0,32.0,12.0,442.0
-50.0,32.0,12.0,49.0
-48.0,32.0,12.0,49.0
-8.0,32.0,12.0,121.0
-6.0,32.0,12.0,121.0
-4.0,32.0,12.0,121.0
2.0,32.0,12.0,121.0
4.0,32.0,12.0,121.0
6.0,32.0,12.0,121.0
50.0,32.0,12.0,72.0
52.0,32.0,12.0,72.0
54.0,32.0,12.0,72.0
56.0,32.0,12.0,72.0
-58.0,34.0,12.0,419.0
-56.0,34.0,12.0,419.0
-54.0,34.0,12.0,49.0
-52.0,34.0,12.0,49.0
-50.0,34.0,12.0,49.0
-48.0,34.0,12.0,49.0
-46.0,34.0,12.0,49.0
-44.0,34.0,12.0,49.0
-42.0,34.0,12.0,49.0
-40.0,34.0,12.0,49.0
-8.0,34.0,12.0,121.0
-6.0,34.0,12.0,121.0
-4.0,34.0,12.0,121.0
2.0,34.0,12.0,121.0
4.0,34.0,12.0,121.0
6.0,34.0,12.0,121.0
40.0,34.0,12.0,72.0
42.0,34.0,12.0,72.0
44.0,34.0,12.0,72.0
46.0,34.0,12.0,72.0
48.0,34.0,12.0,72.0
50.0,34.0,12.0,72.0
52.0,34.0,12.0,72.0
54.0,34.0,12.0,72.0
-56.0,36.0,12.0,49.0
-54.0,36.0,12.0,49.0
-52.0,36.0,12.0,49.0
-50.0,36.0,12.0,49.0
-48.0,36.0,12.0,49.0
-46.0,36.0,12.0,49.0
-44.0,36.0,12.0,49.0
-42.0,36.0,12.0,49.0
-40.0,36.0,12.0,49.0
-38.0,36.0,12.0,49.0
-8.0,36.0,12.0,293.0
-6.0,36.0,12.0,293.0
-4.0,36.0,12.0,293.0
-2.0,36.0,12.0,293.0
0.0,36.0,12.0,293.0
2.0,36.0,12.0,293.0
4.0,36.0,12.0,293.0
6.0,36.0,12.0,293.0
38.0,36.0,12.0,518.0
40.0,36.0,12.0,72.0
42.0,36.0,12.0,72.0
44.0,36.0,12.0,72.0
46.0,36.0,12.0,72.0
48.0,36.0,12.0,72.0
50.0,36.0,12.0,72.0
52.0,36.0,12.0,72.0
54.0,36.0,12.0,72.0
-56.0,38.0,12.0,49.0
-54.0,38.0,12.0,49.0
-52.0,38.0,12.0,49.0
-50.0,38.0,12.0,49.0
-48.0,38.0,12.0,49.0
-46.0,38.0,12.0,49.0
-44.0,38.0,12.0,49.0
-42.0,38.0,12.0,49.0
-40.0,38.0,12.0,49.0
-38.0,38.0,12.0,49.0
-8.0,38.0,12.0,293.0
-6.0,38.0,12.0,293.0
-4.0,38.0,12.0,293.0
-2.0,38.0,12.0,293.0
0.0,38.0,12.0,293.0
2.0,38.0,12.0,293.0
4.0,38.0,12.0,293.0
6.0,38.0,12.0,293.0
38.0,38.0,12.0,518.0
40.0,38.0,12.0,518.0
42.0,38.0,12.0,72.0
44.0,38.0,12.0,72.0
46.0,38.0,12.0,72.0
48.0,38.0,12.0,72.0
50.0,38.0,12.0,72.0
52.0,38.0,12.0,72.0
-54.0,40.0,12.0,49.0
-52.0,40.0,12.0,49.0
-50.0,40.0,12.0,49.0
-48.0,40.0,12.0,49.0
-46.0,40.0,12.0,49.0
-44.0,40.0,12.0,49.0
-42.0,40.0,12.0,49.0
-40.0,40.0,12.0,49.0
-38.0,40.0,12.0,49.0
-36.0,40.0,12.0,49.0
-14.0,40.0,12.0,407.0
-12.0,40.0,12.0,407.0
-10.0,40.0,12.0,407.0
-8.0,40.0,12.0,293.0
-6.0,40.0,12.0,293.0
-4.0,40.0,12.0,293.0
-2.0,40.0,12.0,293.0
0.0,40.0,12.0,263.0
2.0,40.0,12.0,263.0
4.0,40.0,12.0,263.0
6.0,40.0,12.0,263.0
8.0,40.0,12.0,263.0
10.0,40.0,12.0,263.0
12.0,40.0,12.0,263.0
38.0,40.0,12.0,518.0
40.0,40.0,12.0,518.0
42.0,40.0,12.0,518.0
44.0,40.0,12.0,72.0
46.0,40.0,12.0,72.0
48.0,40.0,12.0,72.0
50.0,40.0,12.0,72.0
52.0,40.0,12.0,72.0
-52.0,42.0,12.0,49.0
-50.0,42.0,12.0,49.0
-48.0,42.0,12.0,49.0
-46.0,42.0,12.0,49.0
-44.0,42.0,12.0,49.0
-42.0,42.0,12.0,49.0
-40.0,42.0,12.0,49.0
-38.0,42.0,12.0,49.0
-36.0,42.0,12.0,49.0
-14.0,42.0,12.0,407.0
-12.0,42.0,12.0,407.0
-10.0,42.0,12.0,407.0
-8.0,42.0,12.0,407.0
-6.0,42.0,12.0,263.0
-4.0,42.0,12.0,263.0
-2.0,42.0,12.0,263.0
0.0,42.0,12.0,263.0
2.0,42.0,12.0,263.0
4.0,42.0,12.0,263.0
6.0,42.0,12.0,263.0
8.0,42.0,12.0,263.0
10.0,42.0,12.0,263.0
12.0,42.0,12.0,263.0
14.0,42.0,12.0,263.0
36.0,42.0,12.0,518.0
38.0,42.0,12.0,518.0
40.0,42.0,12.0,518.0
42.0,42.0,12.0,518.0
44.0,42.0,12.0,72.0
46.0,42.0,12.0,72.0
48.0,42.0,12.0,72.0
50.0,42.0,12.0,72.0
-52.0,44.0,12.0,49.0
-50.0,44.0,12.0,49.0
-48.0,44.0,12.0,49.0
-46.0,44.0,12.0,49.0
-44.0,44.0,12.0,49.0
-42.0,44.0,12.0,49.0
-40.0,44.0,12.0,49.0
-38.0,44.0,12.0,49.0
-36.0,44.0,12.0,62.0
-16.0,44.0,12.0,407.0
-14.0,44.0,12.0,407.0
-12.0,44.0,12.0,407.0
-10.0,44.0,12.0,407.0
-8.0,44.0,12.0,407.0
-6.0,44.0,12.0,407.0
-4.0,44.0,12.0,263.0
-2.0,44.0,12.0,263.0
0.0,44.0,12.0,263.0
2.0,44.0,12.0,263.0
4.0,44.0,12.0,263.0
6.0,44.0,12.0,263.0
8.0,44.0,12.0,263.0
10.0,44.0,12.0,263.0
12.0,44.0,12.0,263.0
14.0,44.0,12.0,525.0
36.0,44.0,12.0,518.0
38.0,44.0,12.0,518.0
40.0,44.0,12.0,518.0
42.0,44.0,12.0,518.0
44.0,44.0,12.0,518.0
46.0,44.0,12.0,72.0
48.0,44.0,12.0,72.0
50.0,44.0,12.0,72.0
-50.0,46.0,12.0,361.0
-48.0,46.0,12.0,361.0
-46.0,46.0,12.0,361.0
-44.0,46.0,12.0,361.0
-42.0,46.0,12.0,361.0
-40.0,46.0,12.0,62.0
-38.0,46.0,12.0,62.0
-32.0,46.0,12.0,280.0
-30.0,46.0,12.0,280.0
-16.0,46.0,12.0,407.0
-14.0,46.0,12.0,407.0
-12.0,46.0,12.0,407.0
-10.0,46.0,12.0,407.0
-8.0,46.0,12.0,407.0
-6.0,46.0,12.0,407.0
-4.0,46.0,12.0,263.0
-2.0,46.0,12.0,263.0
0.0,46.0,12.0,263.0
2.0,46.0,12.0,263.0
4.0,46.0,12.0,263.0
6.0,46.0,12.0,263.0
8.0,46.0,12.0,263.0
10.0,46.0,12.0,263.0
12.0,46.0,12.0,525.0
14.0,46.0,12.0,525.0
30.0,46.0,12.0,518.0
32.0,46.0,12.0,518.0
34.0,46.0,12.0,518.0
36.0,46.0,12.0,518.0
38.0,46.0,12.0,518.0
40.0,46.0,12.0,518.0
42.0,46.0,12.0,518.0
44.0,46.0,12.0,518.0
46.0,46.0,12.0,518.0
48.0,46.0,12.0,72.0
-50.0,48.0,12.0,361.0
-48.0,48.0,12.0,361.0
-46.0,48.0,12.0,361.0
-44.0,48.0,12.0,361.0
-42.0,48.0,12.0,361.0
-40.0,48.0,12.0,62.0
-38.0,48.0,12.0,62.0
-36.0,48.0,12.0,62.0
-34.0,48.0,12.0,62.0
-32.0,48.0,12.0,280.0
-30.0,48.0,12.0,280.0
-28.0,48.0,12.0,280.0
-16.0,48.0,12.0,407.0
-14.0,48.0,12.0,407.0
-12.0,48.0,12.0,407.0
-10.0,48.0,12.0,407.0
-8.0,48.0,12.0,407.0
-6.0,48.0,12.0,407.0
-4.0,48.0,12.0,407.0
-2.0,48.0,12.0,263.0
0.0,48.0,12.0,263.0
2.0,48.0,12.0,263.0
4.0,48.0,12.0,263.0
6.0,48.0,12.0,263.0
8.0,48.0,12.0,263.0
10.0,48.0,12.0,525.0
12.0,48.0,12.0,525.0
14.0,48.0,12.0,525.0
28.0,48.0,12.0,365.0
30.0,48.0,12.0,365.0
32.0,48.0,12.0,365.0
34.0,48.0,12.0,365.0
36.0,48.0,12.0,518.0
38.0,48.0,12.0,518.0
40.0,48.0,12.0,518.0
42.0,48.0,12.0,518.0
44.0,48.0,12.0,518.0
46.0,48.0,12.0,518.0
48.0,48.0,12.0,518.0
-48.0,50.0,12.0,361.0
-46.0,50.0,12.0,361.0
-44.0,50.0,12.0,361.0
-42.0,50.0,12.0,361.0
-40.0,50.0,12.0,62.0
-38.0,50.0,12.0,62.0
-36.0,50.0,12.0,62.0
-34.0,50.0,12.0,62.0
-32.0,50.0,12.0,280.0
-30.0,50.0,12.0,280.0
-28.0,50.0,12.0,280.0
-26.0,50.0,12.0,280.0
-14.0,50.0,12.0,407.0
-12.0,50.0,12.0,407.0
-10.0,50.0,12.0,407.0
-8.0,50.0,12.0,407.0
-6.0,50.0,12.0,407.0
-4.0,50.0,12.0,407.0
-2.0,50.0,12.0,263.0
0.0,50.0,12.0,263.0
2.0,50.0,12.0,263.0
4.0,50.0,12.0,263.0
6.0,50.0,12.0,263.0
8.0,50.0,12.0,525.0
10.0,50.0,12.0,525.0
12.0,50.0,12.0,525.0
14.0,50.0,12.0,525.0
26.0,50.0,12.0,365.0
28.0,50.0,12.0,365.0
30.0,50.0,12.0,365.0
32.0,50.0,12.0,365.0
34.0,50.0,12.0,365.0
36.0,50.0,12.0,365.0
38.0,50.0,12.0,365.0
40.0,50.0,12.0,365.0
42.0,50.0,12.0,365.0
44.0,50.0,12.0,365.0
46.0,50.0,12.0,518.0
-46.0,52.0,12.0,361.0
-44.0,52.0,12.0,361.0
-42.0,52.0,12.0,361.0
-40.0,52.0,12.0,62.0
-38.0,52.0,12.0,62.0
-36.0,52.0,12.0,62.0
-34.0,52.0,12.0,62.0
-32.0,52.0,12.0,280.0
-30.0,52.0,12.0,280.0
-28.0,52.0,12.0,280.0
-26.0,52.0,12.0,280.0
-14.0,52.0,12.0,407.0
-12.0,52.0,12.0,407.0
-10.0,52.0,12.0,407.0
-8.0,52.0,12.0,407.0
-6.0,52.0,12.0,407.0
-4.0,52.0,12.0,407.0
-2.0,52.0,12.0,407.0
0.0,52.0,12.0,263.0
2.0,52.0,12.0,263.0
4.0,52.0,12.0,263.0
6.0,52.0,12.0,525.0
8.0,52.0,12.0,525.0
10.0,52.0,12.0,525.0
12.0,52.0,12.0,525.0
14.0,52.0,12.0,525.0
24.0,52.0,12.0,142.0
26.0,52.0,12.0,365.0
28.0,52.0,12.0,365.0
30.0,52.0,12.0,365.0
32.0,52.0,12.0,365.0
34.0,52.0,12.0,365.0
36.0,52.0,12.0,365.0
38.0,52.0,12.0,365.0
40.0,52.0,12.0,365.0
42.0,52.0,12.0,365.0
44.0,52.0,12.0,365.0
-44.0,54.0,12.0,300.0
-42.0,54.0,12.0,300.0
-40.0,54.0,12.0,300.0
-38.0,54.0,12.0,62.0
-36.0,54.0,12.0,62.0
-34.0,54.0,12.0,62.0
-32.0,54.0,12.0,280.0
-30.0,54.0,12.0,280.0
-28.0,54.0,12.0,280.0
-26.0,54.0,12.0,280.0
-24.0,54.0,12.0,280.0
-12.0,54.0,12.0,407.0
-10.0,54.0,12.0,407.0
-8.0,54.0,12.0,407.0
-6.0,54.0,12.0,407.0
-4.0,54.0,12.0,407.0
-2.0,54.0,12.0,407.0
0.0,54.0,12.0,263.0
2.0,54.0,12.0,263.0
4.0,54.0,12.0,525.0
6.0,54.0,12.0,525.0
8.0,54.0,12.0,525.0
10.0,54.0,12.0,525.0
12.0,54.0,12.0,525.0
24.0,54.0,12.0,142.0
26.0,54.0,12.0,365.0
28.0,54.0,12.0,365.0
30.0,54.0,12.0,365.0
32.0,54.0,12.0,365.0
34.0,54.0,12.0,365.0
36.0,54.0,12.0,365.0
38.0,54.0,12.0,365.0
40.0,54.0,12.0,365.0
42.0,54.0,12.0,365.0
-44.0,56.0,12.0,300.0
-42.0,56.0,12.0,300.0
-40.0,56.0,12.0,300.0
-38.0,56.0,12.0,300.0
-36.0,56.0,12.0,62.0
-34.0,56.0,12.0,62.0
-32.0,56.0,12.0,280.0
-30.0,56.0,12.0,280.0
-28.0,56.0,12.0,280.0
-26.0,56.0,12.0,280.0
-24.0,56.0,12.0,280.0
-22.0,56.0,12.0,280.0
-12.0,56.0,12.0,407.0
-10.0,56.0,12.0,407.0
-8.0,56.0,12.0,407.0
-6.0,56.0,12.0,407.0
-4.0,56.0,12.0,407.0
-2.0,56.0,12.0,407.0
2.0,56.0,12.0,525.0
4.0,56.0,12.0,525.0
6.0,56.0,12.0,525.0
8.0,56.0,12.0,525.0
10.0,56.0,12.0,525.0
12.0,56.0,12.0,525.0
22.0,56.0,12.0,142.0
24.0,56.0,12.0,142.0
26.0,56.0,12.0,365.0
28.0,56.0,12.0,365.0
30.0,56.0,12.0,365.0
32.0,56.0,12.0,365.0
34.0,56.0,12.0,365.0
36.0,56.0,12.0,365.0
38.0,56.0,12.0,365.0
40.0,56.0,12.0,365.0
42.0,56.0,12.0,365.0
-42.0,58.0,12.0,300.0
-40.0,58.0,12.0,300.0
-38.0,58.0,12.0,300.0
-36.0,58.0,12.0,300.0
-34.0,58.0,12.0,62.0
-32.0,58.0,12.0,280.0
-30.0,58.0,12.0,280.0
-28.0,58.0,12.0,280.0
-26.0,58.0,12.0,280.0
-24.0,58.0,12.0,280.0
-22.0,58.0,12.0,280.0
-20.0,58.0,12.0,305.0
-12.0,58.0,12.0,305.0
-10.0,58.0,12.0,305.0
-8.0,58.0,12.0,407.0
-6.0,58.0,12.0,407.0
-4.0,58.0,12.0,407.0
-2.0,58.0,12.0,407.0
2.0,58.0,12.0,251.0
4.0,58.0,12.0,251.0
6.0,58.0,12.0,251.0
8.0,58.0,12.0,251.0
10.0,58.0,12.0,251.0
12.0,58.0,12.0,251.0
22.0,58.0,12.0,142.0
24.0,58.0,12.0,142.0
26.0,58.0,12.0,97.0
28.0,58.0,12.0,365.0
30.0,58.0,12.0,365.0
32.0,58.0,12.0,365.0
34.0,58.0,12.0,365.0
36.0,58.0,12.0,365.0
38.0,58.0,12.0,365.0
40.0,58.0,12.0,365.0
-40.0,60.0,12.0,300.0
-38.0,60.0,12.0,300.0
-36.0,60.0,12.0,300.0
-34.0,60.0,12.0,300.0
-32.0,60.0,12.0,262.0
-30.0,60.0,12.0,280.0
-28.0,60.0,12.0,280.0
-26.0,60.0,12.0,280.0
-24.0,60.0,12.0,280.0
-22.0,60.0,12.0,280.0
-20.0,60.0,12.0,305.0
-12.0,60.0,12.0,305.0
-10.0,60.0,12.0,305.0
-8.0,60.0,12.0,305.0
-6.0,60.0,12.0,305.0
-4.0,60.0,12.0,305.0
-2.0,60.0,12.0,305.0
4.0,60.0,12.0,251.0
6.0,60.0,12.0,251.0
8.0,60.0,12.0,251.0
10.0,60.0,12.0,251.0
12.0,60.0,12.0,251.0
22.0,60.0,12.0,97.0
24.0,60.0,12.0,97.0
26.0,60.0,12.0,97.0
28.0,60.0,12.0,97.0
30.0,60.0,12.0,365.0
32.0,60.0,12.0,365.0
34.0,60.0,12.0,365.0
36.0,60.0,12.0,365.0
38.0,60.0,12.0,365.0
-38.0,62.0,12.0,300.0
-36.0,62.0,12.0,300.0
-34.0,62.0,12.0,300.0
-32.0,62.0,12.0,262.0
-30.0,62.0,12.0,262.0
-28.0,62.0,12.0,262.0
-26.0,62.0,12.0,262.0
-24.0,62.0,12.0,262.0
-22.0,62.0,12.0,305.0
-20.0,62.0,12.0,305.0
-18.0,62.0,12.0,305.0
-12.0,62.0,12.0,305.0
-10.0,62.0,12.0,305.0
-8.0,62.0,12.0,305.0
-6.0,62.0,12.0,305.0
-4.0,62.0,12.0,305.0
-2.0,62.0,12.0,305.0
4.0,62.0,12.0,251.0
6.0,62.0,12.0,251.0
8.0,62.0,12.0,251.0
10.0,62.0,12.0,251.0
12.0,62.0,12.0,251.0
22.0,62.0,12.0,97.0
24.0,62.0,12.0,97.0
26.0,62.0,12.0,97.0
28.0,62.0,12.0,97.0
30.0,62.0,12.0,97.0
32.0,62.0,12.0,365.0
34.0,62.0,12.0,365.0
36.0,62.0,12.0,365.0
-34.0,64.0,12.0,262.0
-32.0,64.0,12.0,262.0
-30.0,64.0,12.0,262.0
-28.0,64.0,12.0,262.0
-26.0,64.0,12.0,262.0
-24.0,64.0,12.0,262.0
-22.0,64.0,12.0,305.0
-20.0,64.0,12.0,305.0
-18.0,64.0,12.0,305.0
-16.0,64.0,12.0,305.0
-14.0,64.0,12.0,305.0
-12.0,64.0,12.0,305.0
-10.0,64.0,12.0,305.0
-8.0,64.0,12.0,305.0
-6.0,64.0,12.0,305.0
-4.0,64.0,12.0,305.0
-2.0,64.0,12.0,305.0
4.0,64.0,12.0,251.0
6.0,64.0,12.0,251.0
8.0,64.0,12.0,251.0
10.0,64.0,12.0,251.0
12.0,64.0,12.0,251.0
20.0,64.0,12.0,97.0
22.0,64.0,12.0,97.0
24.0,64.0,12.0,97.0
26.0,64.0,12.0,97.0
28.0,64.0,12.0,97.0
30.0,64.0,12.0,97.0
-30.0,66.0,12.0,262.0
-28.0,66.0,12.0,262.0
-26.0,66.0,12.0,262.0
-24.0,66.0,12.0,305.0
-22.0,66.0,12.0,305.0
-20.0,66.0,12.0,305.0
-18.0,66.0,12.0,305.0
-16.0,66.0,12.0,305.0
-14.0,66.0,12.0,305.0
-12.0,66.0,12.0,305.0
-10.0,66.0,12.0,305.0
-8.0,66.0,12.0,305.0
-6.0,66.0,12.0,305.0
-4.0,66.0,12.0,305.0
-2.0,66.0,12.0,305.0
4.0,66.0,12.0,251.0
6.0,66.0,12.0,251.0
8.0,66.0,12.0,251.0
10.0,66.0,12.0,251.0
12.0,66.0,12.0,251.0
14.0,66.0,12.0,251.0
16.0,66.0,12.0,251.0
18.0,66.0,12.0,251.0
20.0,66.0,12.0,97.0
22.0,66.0,12.0,97.0
24.0,66.0,12.0,97.0
26.0,66.0,12.0,97.0
28.0,66.0,12.0,97.0
-28.0,68.0,12.0,262.0
-26.0,68.0,12.0,262.0
-24.0,68.0,12.0,305.0
-22.0,68.0,12.0,305.0
-20.0,68.0,12.0,305.0
-18.0,68.0,12.0,305.0
-16.0,68.0,12.0,305.0
-14.0,68.0,12.0,305.0
-12.0,68.0,12.0,305.0
-10.0,68.0,12.0,305.0
-8.0,68.0,12.0,305.0
-6.0,68.0,12.0,305.0
-4.0,68.0,12.0,305.0
-2.0,68.0,12.0,305.0
4.0,68.0,12.0,251.0
6.0,68.0,12.0,251.0
8.0,68.0,12.0,251.0
10.0,68.0,12.0,251.0
12.0,68.0,12.0,251.0
14.0,68.0,12.0,251.0
16.0,68.0,12.0,251.0
18.0,68.0,12.0,251.0
20.0,68.0,12.0,97.0
22.0,68.0,12.0,97.0
24.0,68.0,12.0,97.0
26.0,68.0,12.0,97.0
-24.0,70.0,12.0,305.0
-22.0,70.0,12.0,305.0
-20.0,70.0,12.0,305.0
-18.0,70.0,12.0,305.0
-16.0,70.0,12.0,305.0
-14.0,70.0,12.0,305.0
-12.0,70.0,12.0,305.0
-10.0,70.0,12.0,305.0
-8.0,70.0,12.0,305.0
-6.0,70.0,12.0,305.0
-4.0,70.0,12.0,305.0
-2.0,70.0,12.0,305.0
4.0,70.0,12.0,251.0
6.0,70.0,12.0,251.0
8.0,70.0,12.0,251.0
10.0,70.0,12.0,251.0
12.0,70.0,12.0,251.0
14.0,70.0,12.0,251.0
16.0,70.0,12.0,251.0
18.0,70.0,12.0,251.0
20.0,70.0,12.0,97.0
-16.0,72.0,12.0,305.0
-14.0,72.0,12.0,305.0
-12.0,72.0,12.0,305.0
-10.0,72.0,12.0,305.0
-8.0,72.0,12.0,305.0
8.0,72.0,12.0,251.0
10.0,72.0,12.0,251.0
12.0,72.0,12.0,251.0
10.0,-104.0,14.0,380.0
12.0,-104.0,14.0,139.0
14.0,-104.0,14.0,139.0
-20.0,-102.0,14.0,367.0
-18.0,-102.0,14.0,367.0
-16.0,-102.0,14.0,367.0
-14.0,-102.0,14.0,367.0
-12.0,-102.0,14.0,367.0
-10.0,-102.0,14.0,367.0
4.0,-102.0,14.0,380.0
6.0,-102.0,14.0,380.0
8.0,-102.0,14.0,380.0
10.0,-102.0,14.0,380.0
12.0,-102.0,14.0,139.0
14.0,-102.0,14.0,139.0
16.0,-102.0,14.0,139.0
18.0,-102.0,14.0,139.0
20.0,-102.0,14.0,139.0
-24.0,-100.0,14.0,367.0
-22.0,-100.0,14.0,367.0
-20.0,-100.0,14.0,367.0
-18.0,-100.0,14.0,367.0
-16.0,-100.0,14.0,367.0
-14.0,-100.0,14.0,367.0
-12.0,-100.0,14.0,367.0
-10.0,-100.0,14.0,367.0
-8.0,-100.0,14.0,247.0
0.0,-100.0,14.0,125.0
2.0,-100.0,14.0,380.0
4.0,-100.0,14.0,380.0
6.0,-100.0,14.0,380.0
8.0,-100.0,14.0,380.0
10.0,-100.0,14.0,380.0
12.0,-100.0,14.0,139.0
14.0,-100.0,14.0,139.0
16.0,-100.0,14.0,139.0
18.0,-100.0,14.0,139.0
20.0,-100.0,14.0,139.0
22.0,-100.0,14.0,139.0
24.0,-100.0,14.0,139.0
-28.0,-98.0,14.0,519.0
-26.0,-98.0,14.0,519.0
-24.0,-98.0,14.0,367.0
-22.0,-98.0,14.0,367.0
-20.0,-98.0,14.0,367.0
-18.0,-98.0,14.0,367.0
-16.0,-98.0,14.0,367.0
-14.0,-98.0,14.0,367.0
-12.0,-98.0,14.0,367.0
-10.0,-98.0,14.0,367.0
-8.0,-98.0,14.0,125.0
0.0,-98.0,14.0,125.0
2.0,-98.0,14.0,125.0
4.0,-98.0,14.0,380.0
6.0,-98.0,14.0,380.0
8.0,-98.0,14.0,380.0
10.0,-98.0,14.0,380.0
12.0,-98.0,14.0,139.0
14.0,-98.0,14.0,139.0
16.0,-98.0,14.0,139.0
18.0,-98.0,14.0,139.0
20.0,-98.0,14.0,139.0
22.0,-98.0,14.0,139.0
24.0,-98.0,14.0,139.0
26.0,-98.0,14.0,366.0
28.0,-98.0,14.0,366.0
-30.0,-96.0,14.0,519.0
-28.0,-96.0,14.0,519.0
-26.0,-96.0,14.0,519.0
-24.0,-96.0,14.0,367.0
-22.0,-96.0,14.0,367.0
-20.0,-96.0,14.0,367.0
-18.0,-96.0,14.0,367.0
-16.0,-96.0,14.0,367.0
-14.0,-96.0,14.0,367.0
-12.0,-96.0,14.0,367.0
-10.0,-96.0,14.0,367.0
-8.0,-96.0,14.0,230.0
-6.0,-96.0,14.0,230.0
-2.0,-96.0,14.0,125.0
0.0,-96.0,14.0,125.0
2.0,-96.0,14.0,125.0
4.0,-96.0,14.0,380.0
6.0,-96.0,14.0,380.0
8.0,-96.0,14.0,380.0
10.0,-96.0,14.0,139.0
12.0,-96.0,14.0,139.0
14.0,-96.0,14.0,139.0
16.0,-96.0,14.0,139.0
18.0,-96.0,14.0,139.0
20.0,-96.0,14.0,139.0
22.0,-96.0,14.0,139.0
24.0,-96.0,14.0,139.0
26.0,-96.0,14.0,366.0
28.0,-96.0,14.0,366.0
30.0,-96.0,14.0,366.0
-32.0,-94.0,14.0,519.0
-30.0,-94.0,14.0,519.0
-28.0,-94.0,14.0,519.0
-26.0,-94.0,14.0,519.0
-24.0,-94.0,14.0,367.0
-22.0,-94.0,14.0,367.0
-20.0,-94.0,14.0,367.0
-18.0,-94.0,14.0,367.0
-16.0,-94.0,14.0,367.0
-14.0,-94.0,14.0,367.0
-12.0,-94.0,14.0,367.0
-10.0,-94.0,14.0,230.0
-8.0,-94.0,14.0,230.0
-6.0,-94.0,14.0,230.0
-4.0,-94.0,14.0,230.0
-2.0,-94.0,14.0,125.0
0.0,-94.0,14.0,125.0
2.0,-94.0,14.0,125.0
4.0,-94.0,14.0,125.0
6.0,-94.0,14.0,380.0
8.0,-94.0,14.0,380.0
10.0,-94.0,14.0,139.0
12.0,-94.0,14.0,139.0
14.0,-94.0,14.0,139.0
16.0,-94.0,14.0,139.0
18.0,-94.0,14.0,139.0
20.0,-94.0,14.0,139.0
22.0,-94.0,14.0,139.0
24.0,-94.0,14.0,366.0
26.0,-94.0,14.0,366.0
28.0,-94.0,14.0,366.0
30.0,-94.0,14.0,366.0
32.0,-94.0,14.0,366.0
-36.0,-92.0,14.0,279.0
-34.0,-92.0,14.0,279.0
-32.0,-92.0,14.0,279.0
-30.0,-92.0,14.0,519.0
-28.0,-92.0,14.0,519.0
-26.0,-92.0,14.0,519.0
-24.0,-92.0,14.0,367.0
-22.0,-92.0,14.0,367.0
-20.0,-92.0,14.0,367.0
-18.0,-92.0,14.0,367.0
-16.0,-92.0,14.0,367.0
-14.0,-92.0,14.0,367.0
-12.0,-92.0,14.0,230.0
-10.0,-92.0,14.0,230.0
-8.0,-92.0,14.0,230.0
-6.0,-92.0,14.0,230.0
-4.0,-92.0,14.0,230.0
-2.0,-92.0,14.0,461.0
0.0,-92.0,14.0,461.0
2.0,-92.0,14.0,125.0
4.0,-92.0,14.0,125.0
6.0,-92.0,14.0,380.0
8.0,-92.0,14.0,380.0
10.0,-92.0,14.0,139.0
12.0,-92.0,14.0,139.0
14.0,-92.0,14.0,139.0
16.0,-92.0,14.0,139.0
18.0,-92.0,14.0,139.0
20.0,-92.0,14.0,139.0
22.0,-92.0,14.0,366.0
24.0,-92.0,14.0,366.0
26.0,-92.0,14.0,366.0
28.0,-92.0,14.0,366.0
30.0,-92.0,14.0,366.0
32.0,-92.0,14.0,366.0
34.0,-92.0,14.0,366.0
36.0,-92.0,14.0,366.0
-38.0,-90.0,14.0,279.0
-36.0,-90.0,14.0,279.0
-34.0,-90.0,14.0,279.0
-32.0,-90.0,14.0,279.0
-30.0,-90.0,14.0,279.0
-28.0,-90.0,14.0,279.0
-26.0,-90.0,14.0,519.0
-24.0,-90.0,14.0,367.0
-22.0,-90.0,14.0,367.0
-20.0,-90.0,14.0,367.0
-18.0,-90.0,14.0,367.0
-16.0,-90.0,14.0,367.0
-14.0,-90.0,14.0,367.0
-12.0,-90.0,14.0,230.0
-10.0,-90.0,14.0,230.0
-8.0,-90.0,14.0,230.0
-6.0,-90.0,14.0,230.0
-4.0,-90.0,14.0,230.0
-2.0,-90.0,14.0,230.0
0.0,-90.0,14.0,461.0
2.0,-90.0,14.0,461.0
4.0,-90.0,14.0,461.0
6.0,-90.0,14.0,125.0
8.0,-90.0,14.0,380.0
10.0,-90.0,14.0,139.0
12.0,-90.0,14.0,139.0
14.0,-90.0,14.0,139.0
16.0,-90.0,14.0,139.0
18.0,-90.0,14.0,139.0
20.0,-90.0,14.0,139.0
22.0,-90.0,14.0,366.0
24.0,-90.0,14.0,366.0
26.0,-90.0,14.0,366.0
28.0,-90.0,14.0,366.0
30.0,-90.0,14.0,366.0
32.0,-90.0,14.0,366.0
34.0,-90.0,14.0,366.0
36.0,-90.0,14.0,150.0
38.0,-90.0,14.0,150.0
40.0,-90.0,14.0,548.0
-42.0,-88.0,14.0,279.0
-40.0,-88.0,14.0,279.0
-38.0,-88.0,14.0,279.0
-36.0,-88.0,14.0,279.0
-34.0,-88.0,14.0,279.0
-32.0,-88.0,14.0,279.0
-30.0,-88.0,14.0,279.0
-28.0,-88.0,14.0,279.0
-26.0,-88.0,14.0,279.0
-24.0,-88.0,14.0,279.0
-22.0,-88.0,14.0,367.0
-20.0,-88.0,14.0,367.0
-18.0,-88.0,14.0,367.0
-16.0,-88.0,14.0,367.0
-14.0,-88.0,14.0,230.0
-12.0,-88.0,14.0,230.0
-10.0,-88.0,14.0,230.0
-8.0,-88.0,14.0,230.0
-6.0,-88.0,14.0,230.0
-4.0,-88.0,14.0,230.0
-2.0,-88.0,14.0,230.0
0.0,-88.0,14.0,31.0
2.0,-88.0,14.0,31.0
4.0,-88.0,14.0,31.0
6.0,-88.0,14.0,31.0
8.0,-88.0,14.0,31.0
10.0,-88.0,14.0,139.0
12.0,-88.0,14.0,139.0
14.0,-88.0,14.0,139.0
16.0,-88.0,14.0,139.0
18.0,-88.0,14.0,139.0
20.0,-88.0,14.0,366.0
22.0,-88.0,14.0,366.0
24.0,-88.0,14.0,366.0
26.0,-88.0,14.0,366.0
28.0,-88.0,14.0,366.0
30.0,-88.0,14.0,366.0
32.0,-88.0,14.0,366.0
34.0,-88.0,14.0,150.0
36.0,-88.0,14.0,150.0
38.0,-88.0,14.0,150.0
40.0,-88.0,14.0,548.0
42.0,-88.0,14.0,548.0
44.0,-88.0,14.0,548.0
-42.0,-86.0,14.0,279.0
-40.0,-86.0,14.0,279.0
-38.0,-86.0,14.0,279.0
-36.0,-86.0,14.0,279.0
-34.0,-86.0,14.0,279.0
-32.0,-86.0,14.0,279.0
-30.0,-86.0,14.0,279.0
-28.0,-86.0,14.0,279.0
-26.0,-86.0,14.0,279.0
-24.0,-86.0,14.0,279.0
-22.0,-86.0,14.0,279.0
-20.0,-86.0,14.0,367.0
-18.0,-86.0,14.0,367.0
-16.0,-86.0,14.0,594.0
-14.0,-86.0,14.0,230.0
-12.0,-86.0,14.0,230.0
-10.0,-86.0,14.0,230.0
-8.0,-86.0,14.0,230.0
-6.0,-86.0,14.0,230.0
-4.0,-86.0,14.0,230.0
-2.0,-86.0,14.0,31.0
0.0,-86.0,14.0,31.0
2.0,-86.0,14.0,31.0
4.0,-86.0,14.0,31.0
6.0,-86.0,14.0,31.0
8.0,-86.0,14.0,31.0
10.0,-86.0,14.0,139.0
12.0,-86.0,14.0,139.0
14.0,-86.0,14.0,139.0
16.0,-86.0,14.0,139.0
20.0,-86.0,14.0,366.0
22.0,-86.0,14.0,366.0
24.0,-86.0,14.0,366.0
26.0,-86.0,14.0,366.0
28.0,-86.0,14.0,366.0
30.0,-86.0,14.0,366.0
32.0,-86.0,14.0,534.0
34.0,-86.0,14.0,534.0
36.0,-86.0,14.0,534.0
38.0,-86.0,14.0,150.0
40.0,-86.0,14.0,548.0
42.0,-86.0,14.0,548.0
44.0,-86.0,14.0,548.0
46.0,-86.0,14.0,548.0
-42.0,-84.0,14.0,279.0
-40.0,-84.0,14.0,279.0
-38.0,-84.0,14.0,279.0
-36.0,-84.0,14.0,279.0
-34.0,-84.0,14.0,279.0
-32.0,-84.0,14.0,279.0
-30.0,-84.0,14.0,279.0
-28.0,-84.0,14.0,279.0
-26.0,-84.0,14.0,279.0
-20.0,-84.0,14.0,594.0
-18.0,-84.0,14.0,594.0
-16.0,-84.0,14.0,594.0
-12.0,-84.0,14.0,230.0
-10.0,-84.0,14.0,230.0
-8.0,-84.0,14.0,230.0
-6.0,-84.0,14.0,230.0
-4.0,-84.0,14.0,230.0
-2.0,-84.0,14.0,31.0
0.0,-84.0,14.0,31.0
2.0,-84.0,14.0,31.0
4.0,-84.0,14.0,31.0
6.0,-84.0,14.0,31.0
8.0,-84.0,14.0,31.0
10.0,-84.0,14.0,578.0
12.0,-84.0,14.0,139.0
14.0,-84.0,14.0,139.0
16.0,-84.0,14.0,139.0
22.0,-84.0,14.0,366.0
24.0,-84.0,14.0,366.0
26.0,-84.0,14.0,366.0
28.0,-84.0,14.0,534.0
30.0,-84.0,14.0,534.0
32.0,-84.0,14.0,534.0
34.0,-84.0,14.0,534.0
36.0,-84.0,14.0,534.0
38.0,-84.0,14.0,534.0
40.0,-84.0,14.0,548.0
42.0,-84.0,14.0,548.0
44.0,-84.0,14.0,548.0
46.0,-84.0,14.0,548.0
-42.0,-82.0,14.0,279.0
-40.0,-82.0,14.0,279.0
-38.0,-82.0,14.0,279.0
-36.0,-82.0,14.0,279.0
-34.0,-82.0,14.0,279.0
-32.0,-82.0,14.0,279.0
-30.0,-82.0,14.0,279.0
-28.0,-82.0,14.0,279.0
-26.0,-82.0,14.0,279.0
-14.0,-82.0,14.0,594.0
-12.0,-82.0,14.0,594.0
-10.0,-82.0,14.0,230.0
-8.0,-82.0,14.0,230.0
-6.0,-82.0,14.0,230.0
-4.0,-82.0,14.0,31.0
-2.0,-82.0,14.0,31.0
0.0,-82.0,14.0,31.0
2.0,-82.0,14.0,31.0
4.0,-82.0,14.0,31.0
6.0,-82.0,14.0,578.0
8.0,-82.0,14.0,578.0
10.0,-82.0,14.0,578.0
12.0,-82.0,14.0,578.0
14.0,-82.0,14.0,139.0
16.0,-82.0,14.0,366.0
18.0,-82.0,14.0,366.0
24.0,-82.0,14.0,534.0
26.0,-82.0,14.0,534.0
28.0,-82.0,14.0,534.0
30.0,-82.0,14.0,534.0
32.0,-82.0,14.0,534.0
34.0,-82.0,14.0,534.0
36.0,-82.0,14.0,534.0
38.0,-82.0,14.0,534.0
40.0,-82.0,14.0,548.0
42.0,-82.0,14.0,548.0
44.0,-82.0,14.0,548.0
46.0,-82.0,14.0,413.0
48.0,-82.0,14.0,413.0
50.0,-82.0,14.0,413.0
-40.0,-80.0,14.0,351.0
-38.0,-80.0,14.0,279.0
-36.0,-80.0,14.0,279.0
-34.0,-80.0,14.0,279.0
-32.0,-80.0,14.0,279.0
-30.0,-80.0,14.0,279.0
-28.0,-80.0,14.0,279.0
-16.0,-80.0,14.0,594.0
-14.0,-80.0,14.0,594.0
-12.0,-80.0,14.0,594.0
-10.0,-80.0,14.0,594.0
-8.0,-80.0,14.0,230.0
-6.0,-80.0,14.0,230.0
-4.0,-80.0,14.0,31.0
-2.0,-80.0,14.0,31.0
0.0,-80.0,14.0,578.0
2.0,-80.0,14.0,578.0
4.0,-80.0,14.0,578.0
6.0,-80.0,14.0,578.0
8.0,-80.0,14.0,578.0
10.0,-80.0,14.0,578.0
12.0,-80.0,14.0,578.0
14.0,-80.0,14.0,578.0
16.0,-80.0,14.0,366.0
18.0,-80.0,14.0,366.0
24.0,-80.0,14.0,534.0
26.0,-80.0,14.0,534.0
28.0,-80.0,14.0,534.0
30.0,-80.0,14.0,534.0
32.0,-80.0,14.0,534.0
34.0,-80.0,14.0,534.0
36.0,-80.0,14.0,534.0
38.0,-80.0,14.0,534.0
40.0,-80.0,14.0,100.0
42.0,-80.0,14.0,100.0
44.0,-80.0,14.0,413.0
46.0,-80.0,14.0,413.0
48.0,-80.0,14.0,413.0
50.0,-80.0,14.0,413.0
-48.0,-78.0,14.0,552.0
-46.0,-78.0,14.0,552.0
-44.0,-78.0,14.0,552.0
-40.0,-78.0,14.0,351.0
-38.0,-78.0,14.0,351.0
-36.0,-78.0,14.0,351.0
-34.0,-78.0,14.0,351.0
-32.0,-78.0,14.0,279.0
-20.0,-78.0,14.0,594.0
-18.0,-78.0,14.0,594.0
-16.0,-78.0,14.0,594.0
-14.0,-78.0,14.0,594.0
-12.0,-78.0,14.0,594.0
-10.0,-78.0,14.0,594.0
-8.0,-78.0,14.0,230.0
-6.0,-78.0,14.0,31.0
-4.0,-78.0,14.0,578.0
-2.0,-78.0,14.0,578.0
0.0,-78.0,14.0,578.0
2.0,-78.0,14.0,578.0
4.0,-78.0,14.0,578.0
6.0,-78.0,14.0,578.0
8.0,-78.0,14.0,578.0
10.0,-78.0,14.0,578.0
12.0,-78.0,14.0,578.0
14.0,-78.0,14.0,578.0
16.0,-78.0,14.0,578.0
18.0,-78.0,14.0,534.0
30.0,-78.0,14.0,534.0
32.0,-78.0,14.0,534.0
34.0,-78.0,14.0,534.0
36.0,-78.0,14.0,534.0
38.0,-78.0,14.0,100.0
40.0,-78.0,14.0,100.0
42.0,-78.0,14.0,100.0
44.0,-78.0,14.0,413.0
46.0,-78.0,14.0,413.0
48.0,-78.0,14.0,413.0
50.0,-78.0,14.0,413.0
52.0,-78.0,14.0,413.0
-48.0,-76.0,14.0,552.0
-46.0,-76.0,14.0,552.0
-44.0,-76.0,14.0,552.0
-38.0,-76.0,14.0,351.0
-36.0,-76.0,14.0,351.0
-20.0,-76.0,14.0,594.0
-18.0,-76.0,14.0,594.0
-16.0,-76.0,14.0,594.0
-14.0,-76.0,14.0,594.0
-12.0,-76.0,14.0,594.0
-10.0,-76.0,14.0,594.0
-8.0,-76.0,14.0,594.0
-6.0,-76.0,14.0,578.0
-4.0,-76.0,14.0,578.0
-2.0,-76.0,14.0,578.0
0.0,-76.0,14.0,578.0
2.0,-76.0,14.0,578.0
4.0,-76.0,14.0,578.0
6.0,-76.0,14.0,578.0
8.0,-76.0,14.0,578.0
10.0,-76.0,14.0,578.0
12.0,-76.0,14.0,578.0
14.0,-76.0,14.0,578.0
16.0,-76.0,14.0,578.0
18.0,-76.0,14.0,464.0
20.0,-76.0,14.0,534.0
32.0,-76.0,14.0,534.0
34.0,-76.0,14.0,534.0
36.0,-76.0,14.0,534.0
38.0,-76.0,14.0,100.0
40.0,-76.0,14.0,100.0
42.0,-76.0,14.0,100.0
44.0,-76.0,14.0,413.0
46.0,-76.0,14.0,413.0
48.0,-76.0,14.0,413.0
50.0,-76.0,14.0,413.0
52.0,-76.0,14.0,413.0
-40.0,-74.0,14.0,351.0
-38.0,-74.0,14.0,351.0
-22.0,-74.0,14.0,594.0
-20.0,-74.0,14.0,594.0
-18.0,-74.0,14.0,594.0
-16.0,-74.0,14.0,594.0
-14.0,-74.0,14.0,594.0
-12.0,-74.0,14.0,594.0
-10.0,-74.0,14.0,594.0
-8.0,-74.0,14.0,578.0
-6.0,-74.0,14.0,578.0
-4.0,-74.0,14.0,578.0
-2.0,-74.0,14.0,578.0
0.0,-74.0,14.0,578.0
2.0,-74.0,14.0,578.0
4.0,-74.0,14.0,578.0
6.0,-74.0,14.0,578.0
8.0,-74.0,14.0,578.0
10.0,-74.0,14.0,578.0
12.0,-74.0,14.0,578.0
14.0,-74.0,14.0,578.0
16.0,-74.0,14.0,578.0
18.0,-74.0,14.0,352.0
20.0,-74.0,14.0,352.0
34.0,-74.0,14.0,534.0
36.0,-74.0,14.0,100.0
38.0,-74.0,14.0,100.0
40.0,-74.0,14.0,100.0
42.0,-74.0,14.0,413.0
44.0,-74.0,14.0,413.0
46.0,-74.0,14.0,413.0
48.0,-74.0,14.0,413.0
50.0,-74.0,14.0,413.0
52.0,-74.0,14.0,413.0
-50.0,-72.0,14.0,552.0
-48.0,-72.0,14.0,552.0
-40.0,-72.0,14.0,351.0
-38.0,-72.0,14.0,351.0
-22.0,-72.0,14.0,594.0
-20.0,-72.0,14.0,594.0
-18.0,-72.0,14.0,594.0
-16.0,-72.0,14.0,594.0
-14.0,-72.0,14.0,594.0
-12.0,-72.0,14.0,594.0
-10.0,-72.0,14.0,594.0
-8.0,-72.0,14.0,578.0
-6.0,-72.0,14.0,578.0
-4.0,-72.0,14.0,578.0
-2.0,-72.0,14.0,578.0
0.0,-72.0,14.0,578.0
2.0,-72.0,14.0,578.0
4.0,-72.0,14.0,578.0
6.0,-72.0,14.0,578.0
8.0,-72.0,14.0,578.0
10.0,-72.0,14.0,578.0
12.0,-72.0,14.0,578.0
14.0,-72.0,14.0,578.0
16.0,-72.0,14.0,352.0
18.0,-72.0,14.0,352.0
20.0,-72.0,14.0,352.0
34.0,-72.0,14.0,534.0
36.0,-72.0,14.0,100.0
38.0,-72.0,14.0,100.0
40.0,-72.0,14.0,100.0
42.0,-72.0,14.0,413.0
44.0,-72.0,14.0,413.0
46.0,-72.0,14.0,413.0
48.0,-72.0,14.0,413.0
50.0,-72.0,14.0,413.0
52.0,-72.0,14.0,413.0
-52.0,-70.0,14.0,584.0
-50.0,-70.0,14.0,552.0
-48.0,-70.0,14.0,552.0
-46.0,-70.0,14.0,552.0
-40.0,-70.0,14.0,351.0
-38.0,-70.0,14.0,351.0
-22.0,-70.0,14.0,157.0
-20.0,-70.0,14.0,157.0
-18.0,-70.0,14.0,157.0
-16.0,-70.0,14.0,157.0
-14.0,-70.0,14.0,157.0
-12.0,-70.0,14.0,157.0
-10.0,-70.0,14.0,157.0
-8.0,-70.0,14.0,118.0
-6.0,-70.0,14.0,578.0
-4.0,-70.0,14.0,578.0
2.0,-70.0,14.0,578.0
4.0,-70.0,14.0,578.0
6.0,-70.0,14.0,578.0
8.0,-70.0,14.0,578.0
10.0,-70.0,14.0,578.0
12.0,-70.0,14.0,578.0
14.0,-70.0,14.0,578.0
16.0,-70.0,14.0,352.0
18.0,-70.0,14.0,352.0
34.0,-70.0,14.0,100.0
36.0,-70.0,14.0,100.0
38.0,-70.0,14.0,100.0
40.0,-70.0,14.0,90.0
42.0,-70.0,14.0,90.0
44.0,-70.0,14.0,413.0
46.0,-70.0,14.0,413.0
48.0,-70.0,14.0,413.0
50.0,-70.0,14.0,413.0
52.0,-70.0,14.0,413.0
-54.0,-68.0,14.0,584.0
-52.0,-68.0,14.0,584.0
-50.0,-68.0,14.0,584.0
-48.0,-68.0,14.0,584.0
-46.0,-68.0,14.0,552.0
-40.0,-68.0,14.0,351.0
-38.0,-68.0,14.0,351.0
-20.0,-68.0,14.0,157.0
-18.0,-68.0,14.0,157.0
-16.0,-68.0,14.0,157.0
-14.0,-68.0,14.0,157.0
-12.0,-68.0,14.0,157.0
-10.0,-68.0,14.0,157.0
-8.0,-68.0,14.0,118.0
-6.0,-68.0,14.0,578.0
-4.0,-68.0,14.0,578.0
2.0,-68.0,14.0,578.0
4.0,-68.0,14.0,578.0
6.0,-68.0,14.0,578.0
8.0,-68.0,14.0,578.0
10.0,-68.0,14.0,578.0
12.0,-68.0,14.0,578.0
14.0,-68.0,14.0,352.0
16.0,-68.0,14.0,352.0
18.0,-68.0,14.0,352.0
20.0,-68.0,14.0,352.0
34.0,-68.0,14.0,100.0
36.0,-68.0,14.0,90.0
38.0,-68.0,14.0,90.0
40.0,-68.0,14.0,90.0
42.0,-68.0,14.0,90.0
44.0,-68.0,14.0,90.0
46.0,-68.0,14.0,90.0
48.0,-68.0,14.0,413.0
50.0,-68.0,14.0,413.0
52.0,-68.0,14.0,309.0
54.0,-68.0,14.0,309.0
56.0,-68.0,14.0,309.0
-56.0,-66.0,14.0,584.0
-54.0,-66.0,14.0,584.0
-52.0,-66.0,14.0,584.0
-50.0,-66.0,14.0,584.0
-48.0,-66.0,14.0,584.0
-46.0,-66.0,14.0,584.0
-40.0,-66.0,14.0,144.0
-38.0,-66.0,14.0,144.0
-18.0,-66.0,14.0,157.0
-16.0,-66.0,14.0,157.0
-14.0,-66.0,14.0,157.0
-12.0,-66.0,14.0,157.0
-10.0,-66.0,14.0,118.0
-8.0,-66.0,14.0,118.0
-6.0,-66.0,14.0,118.0
-4.0,-66.0,14.0,578.0
0.0,-66.0,14.0,578.0
2.0,-66.0,14.0,578.0
4.0,-66.0,14.0,578.0
6.0,-66.0,14.0,578.0
8.0,-66.0,14.0,578.0
10.0,-66.0,14.0,578.0
12.0,-66.0,14.0,578.0
14.0,-66.0,14.0,352.0
16.0,-66.0,14.0,352.0
18.0,-66.0,14.0,352.0
20.0,-66.0,14.0,352.0
34.0,-66.0,14.0,90.0
36.0,-66.0,14.0,90.0
38.0,-66.0,14.0,90.0
40.0,-66.0,14.0,90.0
42.0,-66.0,14.0,90.0
44.0,-66.0,14.0,90.0
46.0,-66.0,14.0,90.0
48.0,-66.0,14.0,90.0
50.0,-66.0,14.0,309.0
52.0,-66.0,14.0,309.0
54.0,-66.0,14.0,309.0
56.0,-66.0,14.0,309.0
58.0,-66.0,14.0,309.0
-56.0,-64.0,14.0,584.0
-54.0,-64.0,14.0,584.0
-52.0,-64.0,14.0,584.0
-50.0,-64.0,14.0,584.0
-48.0,-64.0,14.0,584.0
-46.0,-64.0,14.0,584.0
-40.0,-64.0,14.0,144.0
-38.0,-64.0,14.0,144.0
-20.0,-64.0,14.0,157.0
-18.0,-64.0,14.0,157.0
-16.0,-64.0,14.0,157.0
-14.0,-64.0,14.0,157.0
-12.0,-64.0,14.0,157.0
-10.0,-64.0,14.0,118.0
-8.0,-64.0,14.0,118.0
-6.0,-64.0,14.0,118.0
0.0,-64.0,14.0,578.0
2.0,-64.0,14.0,578.0
4.0,-64.0,14.0,578.0
6.0,-64.0,14.0,578.0
8.0,-64.0,14.0,578.0
10.0,-64.0,14.0,578.0
12.0,-64.0,14.0,352.0
14.0,-64.0,14.0,352.0
16.0,-64.0,14.0,352.0
18.0,-64.0,14.0,352.0
20.0,-64.0,14.0,352.0
34.0,-64.0,14.0,90.0
36.0,-64.0,14.0,90.0
38.0,-64.0,14.0,90.0
40.0,-64.0,14.0,90.0
42.0,-64.0,14.0,90.0
44.0,-64.0,14.0,90.0
46.0,-64.0,14.0,90.0
48.0,-64.0,14.0,90.0
50.0,-64.0,14.0,309.0
54.0,-64.0,14.0,309.0
56.0,-64.0,14.0,309.0
58.0,-64.0,14.0,309.0
60.0,-64.0,14.0,203.0
-60.0,-62.0,14.0,584.0
-58.0,-62.0,14.0,584.0
-56.0,-62.0,14.0,584.0
-54.0,-62.0,14.0,584.0
-52.0,-62.0,14.0,584.0
-50.0,-62.0,14.0,584.0
-48.0,-62.0,14.0,584.0
-20.0,-62.0,14.0,157.0
-18.0,-62.0,14.0,157.0
-16.0,-62.0,14.0,157.0
-14.0,-62.0,14.0,157.0
-12.0,-62.0,14.0,157.0
-10.0,-62.0,14.0,118.0
-8.0,-62.0,14.0,118.0
-6.0,-62.0,14.0,118.0
-4.0,-62.0,14.0,118.0
0.0,-62.0,14.0,578.0
2.0,-62.0,14.0,578.0
4.0,-62.0,14.0,578.0
6.0,-62.0,14.0,243.0
8.0,-62.0,14.0,243.0
10.0,-62.0,14.0,243.0
12.0,-62.0,14.0,469.0
14.0,-62.0,14.0,352.0
16.0,-62.0,14.0,352.0
18.0,-62.0,14.0,352.0
20.0,-62.0,14.0,352.0
36.0,-62.0,14.0,90.0
38.0,-62.0,14.0,90.0
40.0,-62.0,14.0,90.0
42.0,-62.0,14.0,90.0
44.0,-62.0,14.0,90.0
46.0,-62.0,14.0,90.0
48.0,-62.0,14.0,90.0
50.0,-62.0,14.0,309.0
54.0,-62.0,14.0,309.0
56.0,-62.0,14.0,203.0
58.0,-62.0,14.0,203.0
60.0,-62.0,14.0,203.0
62.0,-62.0,14.0,203.0
-62.0,-60.0,14.0,584.0
-60.0,-60.0,14.0,584.0
-58.0,-60.0,14.0,584.0
-56.0,-60.0,14.0,584.0
-54.0,-60.0,14.0,584.0
-52.0,-60.0,14.0,584.0
-50.0,-60.0,14.0,584.0
-48.0,-60.0,14.0,81.0
-18.0,-60.0,14.0,157.0
-16.0,-60.0,14.0,452.0
-14.0,-60.0,14.0,452.0
-12.0,-60.0,14.0,452.0
-10.0,-60.0,14.0,452.0
-8.0,-60.0,14.0,118.0
-6.0,-60.0,14.0,118.0
-4.0,-60.0,14.0,118.0
0.0,-60.0,14.0,181.0
2.0,-60.0,14.0,181.0
4.0,-60.0,14.0,181.0
6.0,-60.0,14.0,181.0
8.0,-60.0,14.0,243.0
10.0,-60.0,14.0,469.0
12.0,-60.0,14.0,469.0
14.0,-60.0,14.0,469.0
16.0,-60.0,14.0,469.0
18.0,-60.0,14.0,352.0
20.0,-60.0,14.0,352.0
36.0,-60.0,14.0,90.0
38.0,-60.0,14.0,90.0
40.0,-60.0,14.0,90.0
42.0,-60.0,14.0,90.0
44.0,-60.0,14.0,90.0
46.0,-60.0,14.0,90.0
48.0,-60.0,14.0,190.0
50.0,-60.0,14.0,309.0
52.0,-60.0,14.0,203.0
54.0,-60.0,14.0,203.0
56.0,-60.0,14.0,203.0
58.0,-60.0,14.0,203.0
60.0,-60.0,14.0,203.0
62.0,-60.0,14.0,203.0
-64.0,-58.0,14.0,42.0
-62.0,-58.0,14.0,42.0
-60.0,-58.0,14.0,42.0
-58.0,-58.0,14.0,584.0
-56.0,-58.0,14.0,584.0
-54.0,-58.0,14.0,584.0
-52.0,-58.0,14.0,81.0
-50.0,-58.0,14.0,81.0
-48.0,-58.0,14.0,81.0
-22.0,-58.0,14.0,108.0
-20.0,-58.0,14.0,452.0
-18.0,-58.0,14.0,452.0
-16.0,-58.0,14.0,452.0
-14.0,-58.0,14.0,452.0
-12.0,-58.0,14.0,452.0
-10.0,-58.0,14.0,452.0
-8.0,-58.0,14.0,452.0
-6.0,-58.0,14.0,118.0
-4.0,-58.0,14.0,118.0
0.0,-58.0,14.0,181.0
2.0,-58.0,14.0,181.0
4.0,-58.0,14.0,181.0
6.0,-58.0,14.0,181.0
8.0,-58.0,14.0,181.0
10.0,-58.0,14.0,469.0
12.0,-58.0,14.0,469.0
14.0,-58.0,14.0,469.0
16.0,-58.0,14.0,469.0
18.0,-58.0,14.0,469.0
20.0,-58.0,14.0,352.0
38.0,-58.0,14.0,90.0
40.0,-58.0,14.0,90.0
42.0,-58.0,14.0,190.0
44.0,-58.0,14.0,190.0
46.0,-58.0,14.0,190.0
54.0,-58.0,14.0,203.0
56.0,-58.0,14.0,203.0
58.0,-58.0,14.0,203.0
60.0,-58.0,14.0,203.0
62.0,-58.0,14.0,203.0
-64.0,-56.0,14.0,42.0
-62.0,-56.0,14.0,42.0
-60.0,-56.0,14.0,42.0
-58.0,-56.0,14.0,42.0
-56.0,-56.0,14.0,42.0
-54.0,-56.0,14.0,81.0
-52.0,-56.0,14.0,81.0
-50.0,-56.0,14.0,81.0
-48.0,-56.0,14.0,81.0
-24.0,-56.0,14.0,108.0
-22.0,-56.0,14.0,108.0
-20.0,-56.0,14.0,452.0
-18.0,-56.0,14.0,452.0
-16.0,-56.0,14.0,452.0
-14.0,-56.0,14.0,452.0
-12.0,-56.0,14.0,452.0
-10.0,-56.0,14.0,452.0
-8.0,-56.0,14.0,452.0
-6.0,-56.0,14.0,452.0
-4.0,-56.0,14.0,452.0
2.0,-56.0,14.0,181.0
4.0,-56.0,14.0,181.0
6.0,-56.0,14.0,181.0
8.0,-56.0,14.0,181.0
10.0,-56.0,14.0,482.0
12.0,-56.0,14.0,469.0
14.0,-56.0,14.0,469.0
16.0,-56.0,14.0,469.0
18.0,-56.0,14.0,469.0
20.0,-56.0,14.0,469.0
38.0,-56.0,14.0,190.0
40.0,-56.0,14.0,190.0
42.0,-56.0,14.0,190.0
44.0,-56.0,14.0,190.0
54.0,-56.0,14.0,203.0
56.0,-56.0,14.0,203.0
58.0,-56.0,14.0,203.0
60.0,-56.0,14.0,203.0
62.0,-56.0,14.0,203.0
-64.0,-54.0,14.0,42.0
-62.0,-54.0,14.0,42.0
-60.0,-54.0,14.0,42.0
-58.0,-54.0,14.0,42.0
-56.0,-54.0,14.0,81.0
-54.0,-54.0,14.0,81.0
-52.0,-54.0,14.0,81.0
-50.0,-54.0,14.0,81.0
-24.0,-54.0,14.0,108.0
-22.0,-54.0,14.0,108.0
-20.0,-54.0,14.0,452.0
-18.0,-54.0,14.0,452.0
-16.0,-54.0,14.0,452.0
-14.0,-54.0,14.0,452.0
-12.0,-54.0,14.0,452.0
-10.0,-54.0,14.0,452.0
-8.0,-54.0,14.0,452.0
-6.0,-54.0,14.0,452.0
-4.0,-54.0,14.0,181.0
2.0,-54.0,14.0,181.0
4.0,-54.0,14.0,181.0
6.0,-54.0,14.0,181.0
8.0,-54.0,14.0,482.0
10.0,-54.0,14.0,482.0
12.0,-54.0,14.0,482.0
56.0,-54.0,14.0,203.0
58.0,-54.0,14.0,203.0
60.0,-54.0,14.0,203.0
62.0,-54.0,14.0,203.0
64.0,-54.0,14.0,203.0
-64.0,-52.0,14.0,42.0
-62.0,-52.0,14.0,42.0
-60.0,-52.0,14.0,42.0
-58.0,-52.0,14.0,42.0
-56.0,-52.0,14.0,81.0
-54.0,-52.0,14.0,81.0
-52.0,-52.0,14.0,81.0
-50.0,-52.0,14.0,81.0
-22.0,-52.0,14.0,108.0
-20.0,-52.0,14.0,108.0
-18.0,-52.0,14.0,452.0
-16.0,-52.0,14.0,452.0
-14.0,-52.0,14.0,452.0
-12.0,-52.0,14.0,452.0
-10.0,-52.0,14.0,452.0
-8.0,-52.0,14.0,452.0
-6.0,-52.0,14.0,452.0
-4.0,-52.0,14.0,181.0
2.0,-52.0,14.0,181.0
4.0,-52.0,14.0,181.0
6.0,-52.0,14.0,482.0
8.0,-52.0,14.0,482.0
10.0,-52.0,14.0,482.0
56.0,-52.0,14.0,203.0
58.0,-52.0,14.0,203.0
60.0,-52.0,14.0,203.0
62.0,-52.0,14.0,203.0
64.0,-52.0,14.0,203.0
66.0,-52.0,14.0,203.0
-66.0,-50.0,14.0,42.0
-64.0,-50.0,14.0,42.0
-60.0,-50.0,14.0,42.0
-58.0,-50.0,14.0,42.0
-56.0,-50.0,14.0,81.0
-54.0,-50.0,14.0,81.0
-52.0,-50.0,14.0,81.0
-50.0,-50.0,14.0,81.0
-18.0,-50.0,14.0,452.0
-16.0,-50.0,14.0,452.0
-14.0,-50.0,14.0,452.0
-12.0,-50.0,14.0,452.0
-10.0,-50.0,14.0,452.0
-8.0,-50.0,14.0,452.0
-6.0,-50.0,14.0,473.0
-4.0,-50.0,14.0,473.0
2.0,-50.0,14.0,181.0
4.0,-50.0,14.0,181.0
6.0,-50.0,14.0,482.0
8.0,-50.0,14.0,482.0
10.0,-50.0,14.0,482.0
56.0,-50.0,14.0,190.0
58.0,-50.0,14.0,203.0
60.0,-50.0,14.0,505.0
62.0,-50.0,14.0,505.0
64.0,-50.0,14.0,505.0
66.0,-50.0,14.0,467.0
-66.0,-48.0,14.0,42.0
-64.0,-48.0,14.0,42.0
-62.0,-48.0,14.0,42.0
-60.0,-48.0,14.0,42.0
-58.0,-48.0,14.0,117.0
-56.0,-48.0,14.0,117.0
-54.0,-48.0,14.0,81.0
-52.0,-48.0,14.0,81.0
-50.0,-48.0,14.0,81.0
-48.0,-48.0,14.0,81.0
-12.0,-48.0,14.0,452.0
-10.0,-48.0,14.0,473.0
-8.0,-48.0,14.0,473.0
-6.0,-48.0,14.0,473.0
-4.0,-48.0,14.0,473.0
2.0,-48.0,14.0,551.0
4.0,-48.0,14.0,482.0
6.0,-48.0,14.0,482.0
8.0,-48.0,14.0,482.0
10.0,-48.0,14.0,482.0
44.0,-48.0,14.0,231.0
46.0,-48.0,14.0,231.0
48.0,-48.0,14.0,190.0
54.0,-48.0,14.0,581.0
56.0,-48.0,14.0,581.0
58.0,-48.0,14.0,581.0
60.0,-48.0,14.0,133.0
62.0,-48.0,14.0,467.0
64.0,-48.0,14.0,467.0
66.0,-48.0,14.0,467.0
-68.0,-46.0,14.0,42.0
-66.0,-46.0,14.0,42.0
-64.0,-46.0,14.0,42.0
-62.0,-46.0,14.0,42.0
-60.0,-46.0,14.0,117.0
-58.0,-46.0,14.0,117.0
-56.0,-46.0,14.0,117.0
-54.0,-46.0,14.0,117.0
-52.0,-46.0,14.0,81.0
-50.0,-46.0,14.0,81.0
-48.0,-46.0,14.0,81.0
-46.0,-46.0,14.0,81.0
-44.0,-46.0,14.0,496.0
-12.0,-46.0,14.0,473.0
-10.0,-46.0,14.0,473.0
-8.0,-46.0,14.0,473.0
-6.0,-46.0,14.0,473.0
-4.0,-46.0,14.0,473.0
4.0,-46.0,14.0,551.0
6.0,-46.0,14.0,482.0
8.0,-46.0,14.0,482.0
46.0,-46.0,14.0,231.0
48.0,-46.0,14.0,231.0
52.0,-46.0,14.0,581.0
54.0,-46.0,14.0,133.0
56.0,-46.0,14.0,133.0
58.0,-46.0,14.0,133.0
60.0,-46.0,14.0,133.0
62.0,-46.0,14.0,467.0
64.0,-46.0,14.0,467.0
66.0,-46.0,14.0,467.0
-68.0,-44.0,14.0,42.0
-66.0,-44.0,14.0,42.0
-64.0,-44.0,14.0,42.0
-62.0,-44.0,14.0,117.0
-60.0,-44.0,14.0,117.0
-58.0,-44.0,14.0,117.0
-56.0,-44.0,14.0,117.0
-54.0,-44.0,14.0,117.0
-52.0,-44.0,14.0,117.0
-50.0,-44.0,14.0,117.0
-48.0,-44.0,14.0,81.0
-46.0,-44.0,14.0,496.0
-44.0,-44.0,14.0,496.0
-10.0,-44.0,14.0,473.0
-8.0,-44.0,14.0,473.0
-6.0,-44.0,14.0,473.0
-4.0,-44.0,14.0,473.0
4.0,-44.0,14.0,551.0
6.0,-44.0,14.0,482.0
52.0,-44.0,14.0,133.0
54.0,-44.0,14.0,133.0
56.0,-44.0,14.0,133.0
58.0,-44.0,14.0,133.0
60.0,-44.0,14.0,133.0
62.0,-44.0,14.0,467.0
64.0,-44.0,14.0,467.0
66.0,-44.0,14.0,467.0
-68.0,-42.0,14.0,42.0
-66.0,-42.0,14.0,117.0
-64.0,-42.0,14.0,117.0
-62.0,-42.0,14.0,117.0
-60.0,-42.0,14.0,117.0
-58.0,-42.0,14.0,117.0
-56.0,-42.0,14.0,117.0
-54.0,-42.0,14.0,117.0
-52.0,-42.0,14.0,117.0
-50.0,-42.0,14.0,117.0
-48.0,-42.0,14.0,496.0
-46.0,-42.0,14.0,496.0
-44.0,-42.0,14.0,496.0
-10.0,-42.0,14.0,473.0
-8.0,-42.0,14.0,473.0
-6.0,-42.0,14.0,473.0
54.0,-42.0,14.0,133.0
56.0,-42.0,14.0,133.0
58.0,-42.0,14.0,133.0
60.0,-42.0,14.0,133.0
62.0,-42.0,14.0,467.0
64.0,-42.0,14.0,467.0
66.0,-42.0,14.0,467.0
68.0,-42.0,14.0,467.0
-68.0,-40.0,14.0,117.0
-66.0,-40.0,14.0,117.0
-64.0,-40.0,14.0,117.0
-62.0,-40.0,14.0,117.0
-60.0,-40.0,14.0,117.0
-58.0,-40.0,14.0,117.0
-56.0,-40.0,14.0,117.0
-54.0,-40.0,14.0,117.0
-52.0,-40.0,14.0,117.0
-50.0,-40.0,14.0,117.0
-48.0,-40.0,14.0,496.0
-46.0,-40.0,14.0,496.0
-44.0,-40.0,14.0,496.0
-8.0,-40.0,14.0,473.0
44.0,-40.0,14.0,231.0
46.0,-40.0,14.0,231.0
56.0,-40.0,14.0,133.0
58.0,-40.0,14.0,133.0
60.0,-40.0,14.0,467.0
62.0,-40.0,14.0,467.0
64.0,-40.0,14.0,467.0
66.0,-40.0,14.0,467.0
68.0,-40.0,14.0,467.0
-68.0,-38.0,14.0,117.0
-66.0,-38.0,14.0,117.0
-64.0,-38.0,14.0,117.0
-60.0,-38.0,14.0,117.0
-58.0,-38.0,14.0,117.0
-56.0,-38.0,14.0,117.0
-54.0,-38.0,14.0,117.0
-52.0,-38.0,14.0,117.0
-50.0,-38.0,14.0,496.0
-48.0,-38.0,14.0,496.0
-46.0,-38.0,14.0,496.0
-44.0,-38.0,14.0,496.0
44.0,-38.0,14.0,211.0
46.0,-38.0,14.0,211.0
48.0,-38.0,14.0,133.0
50.0,-38.0,14.0,133.0
56.0,-38.0,14.0,133.0
58.0,-38.0,14.0,133.0
60.0,-38.0,14.0,467.0
62.0,-38.0,14.0,467.0
64.0,-38.0,14.0,467.0
66.0,-38.0,14.0,467.0
68.0,-38.0,14.0,467.0
-68.0,-36.0,14.0,117.0
-66.0,-36.0,14.0,117.0
-64.0,-36.0,14.0,117.0
-60.0,-36.0,14.0,117.0
-58.0,-36.0,14.0,117.0
-56.0,-36.0,14.0,117.0
-54.0,-36.0,14.0,117.0
-52.0,-36.0,14.0,117.0
-50.0,-36.0,14.0,496.0
-48.0,-36.0,14.0,496.0
-46.0,-36.0,14.0,496.0
-44.0,-36.0,14.0,496.0
44.0,-36.0,14.0,211.0
46.0,-36.0,14.0,211.0
48.0,-36.0,14.0,133.0
50.0,-36.0,14.0,133.0
52.0,-36.0,14.0,133.0
54.0,-36.0,14.0,133.0
56.0,-36.0,14.0,133.0
58.0,-36.0,14.0,133.0
60.0,-36.0,14.0,467.0
62.0,-36.0,14.0,467.0
64.0,-36.0,14.0,467.0
66.0,-36.0,14.0,467.0
68.0,-36.0,14.0,467.0
-68.0,-34.0,14.0,162.0
-66.0,-34.0,14.0,162.0
-64.0,-34.0,14.0,162.0
-62.0,-34.0,14.0,117.0
-60.0,-34.0,14.0,117.0
-58.0,-34.0,14.0,117.0
-56.0,-34.0,14.0,117.0
-54.0,-34.0,14.0,117.0
-52.0,-34.0,14.0,496.0
-50.0,-34.0,14.0,496.0
-48.0,-34.0,14.0,496.0
36.0,-34.0,14.0,211.0
38.0,-34.0,14.0,211.0
40.0,-34.0,14.0,211.0
42.0,-34.0,14.0,211.0
44.0,-34.0,14.0,211.0
46.0,-34.0,14.0,211.0
48.0,-34.0,14.0,211.0
50.0,-34.0,14.0,133.0
52.0,-34.0,14.0,133.0
54.0,-34.0,14.0,133.0
56.0,-34.0,14.0,133.0
58.0,-34.0,14.0,133.0
60.0,-34.0,14.0,467.0
62.0,-34.0,14.0,467.0
64.0,-34.0,14.0,467.0
66.0,-34.0,14.0,467.0
-68.0,-32.0,14.0,162.0
-66.0,-32.0,14.0,162.0
-64.0,-32.0,14.0,162.0
-62.0,-32.0,14.0,162.0
-60.0,-32.0,14.0,162.0
-58.0,-32.0,14.0,162.0
-56.0,-32.0,14.0,213.0
-54.0,-32.0,14.0,213.0
-52.0,-32.0,14.0,213.0
-50.0,-32.0,14.0,213.0
-48.0,-32.0,14.0,496.0
-46.0,-32.0,14.0,496.0
-44.0,-32.0,14.0,496.0
-42.0,-32.0,14.0,496.0
34.0,-32.0,14.0,246.0
36.0,-32.0,14.0,211.0
38.0,-32.0,14.0,211.0
40.0,-32.0,14.0,211.0
42.0,-32.0,14.0,211.0
44.0,-32.0,14.0,211.0
46.0,-32.0,14.0,211.0
48.0,-32.0,14.0,211.0
50.0,-32.0,14.0,211.0
52.0,-32.0,14.0,133.0
54.0,-32.0,14.0,133.0
56.0,-32.0,14.0,133.0
58.0,-32.0,14.0,133.0
60.0,-32.0,14.0,467.0
62.0,-32.0,14.0,467.0
64.0,-32.0,14.0,467.0
66.0,-32.0,14.0,467.0
-68.0,-30.0,14.0,162.0
-66.0,-30.0,14.0,162.0
-64.0,-30.0,14.0,162.0
-62.0,-30.0,14.0,162.0
-60.0,-30.0,14.0,162.0
-58.0,-30.0,14.0,162.0
-56.0,-30.0,14.0,162.0
-54.0,-30.0,14.0,213.0
-52.0,-30.0,14.0,213.0
-50.0,-30.0,14.0,213.0
-48.0,-30.0,14.0,213.0
-46.0,-30.0,14.0,213.0
-44.0,-30.0,14.0,496.0
-42.0,-30.0,14.0,496.0
-40.0,-30.0,14.0,496.0
34.0,-30.0,14.0,246.0
36.0,-30.0,14.0,211.0
38.0,-30.0,14.0,211.0
40.0,-30.0,14.0,211.0
42.0,-30.0,14.0,211.0
44.0,-30.0,14.0,211.0
46.0,-30.0,14.0,211.0
48.0,-30.0,14.0,211.0
50.0,-30.0,14.0,211.0
52.0,-30.0,14.0,133.0
54.0,-30.0,14.0,133.0
56.0,-30.0,14.0,133.0
58.0,-30.0,14.0,460.0
60.0,-30.0,14.0,467.0
62.0,-30.0,14.0,467.0
64.0,-30.0,14.0,467.0
66.0,-30.0,14.0,467.0
68.0,-30.0,14.0,467.0
-68.0,-28.0,14.0,162.0
-66.0,-28.0,14.0,162.0
-64.0,-28.0,14.0,162.0
-62.0,-28.0,14.0,162.0
-60.0,-28.0,14.0,162.0
-58.0,-28.0,14.0,162.0
-56.0,-28.0,14.0,162.0
-54.0,-28.0,14.0,213.0
-52.0,-28.0,14.0,213.0
-50.0,-28.0,14.0,213.0
-48.0,-28.0,14.0,213.0
-46.0,-28.0,14.0,213.0
-44.0,-28.0,14.0,237.0
-42.0,-28.0,14.0,237.0
-40.0,-28.0,14.0,237.0
14.0,-28.0,14.0,24.0
16.0,-28.0,14.0,24.0
18.0,-28.0,14.0,24.0
34.0,-28.0,14.0,246.0
36.0,-28.0,14.0,246.0
38.0,-28.0,14.0,211.0
40.0,-28.0,14.0,211.0
42.0,-28.0,14.0,211.0
44.0,-28.0,14.0,211.0
46.0,-28.0,14.0,211.0
48.0,-28.0,14.0,211.0
50.0,-28.0,14.0,285.0
52.0,-28.0,14.0,285.0
54.0,-28.0,14.0,460.0
56.0,-28.0,14.0,460.0
58.0,-28.0,14.0,460.0
60.0,-28.0,14.0,460.0
62.0,-28.0,14.0,184.0
64.0,-28.0,14.0,184.0
66.0,-28.0,14.0,467.0
68.0,-28.0,14.0,467.0
-68.0,-26.0,14.0,162.0
-66.0,-26.0,14.0,162.0
-64.0,-26.0,14.0,162.0
-62.0,-26.0,14.0,162.0
-60.0,-26.0,14.0,162.0
-58.0,-26.0,14.0,162.0
-56.0,-26.0,14.0,162.0
-54.0,-26.0,14.0,162.0
-52.0,-26.0,14.0,213.0
-50.0,-26.0,14.0,213.0
-48.0,-26.0,14.0,213.0
-46.0,-26.0,14.0,213.0
-44.0,-26.0,14.0,237.0
-42.0,-26.0,14.0,237.0
-40.0,-26.0,14.0,237.0
-38.0,-26.0,14.0,237.0
12.0,-26.0,14.0,24.0
14.0,-26.0,14.0,24.0
16.0,-26.0,14.0,24.0
18.0,-26.0,14.0,24.0
30.0,-26.0,14.0,246.0
32.0,-26.0,14.0,246.0
34.0,-26.0,14.0,246.0
36.0,-26.0,14.0,246.0
38.0,-26.0,14.0,211.0
40.0,-26.0,14.0,211.0
42.0,-26.0,14.0,211.0
44.0,-26.0,14.0,211.0
46.0,-26.0,14.0,211.0
48.0,-26.0,14.0,285.0
50.0,-26.0,14.0,285.0
52.0,-26.0,14.0,285.0
54.0,-26.0,14.0,460.0
56.0,-26.0,14.0,460.0
58.0,-26.0,14.0,460.0
60.0,-26.0,14.0,460.0
62.0,-26.0,14.0,184.0
64.0,-26.0,14.0,184.0
66.0,-26.0,14.0,319.0
68.0,-26.0,14.0,319.0
-66.0,-24.0,14.0,162.0
-64.0,-24.0,14.0,162.0
-62.0,-24.0,14.0,162.0
-60.0,-24.0,14.0,162.0
-58.0,-24.0,14.0,162.0
-56.0,-24.0,14.0,162.0
-54.0,-24.0,14.0,162.0
-52.0,-24.0,14.0,213.0
-50.0,-24.0,14.0,213.0
-48.0,-24.0,14.0,213.0
-46.0,-24.0,14.0,237.0
-44.0,-24.0,14.0,237.0
-42.0,-24.0,14.0,237.0
-40.0,-24.0,14.0,237.0
-38.0,-24.0,14.0,237.0
10.0,-24.0,14.0,24.0
12.0,-24.0,14.0,24.0
14.0,-24.0,14.0,24.0
16.0,-24.0,14.0,24.0
18.0,-24.0,14.0,24.0
20.0,-24.0,14.0,24.0
30.0,-24.0,14.0,116.0
32.0,-24.0,14.0,116.0
34.0,-24.0,14.0,116.0
38.0,-24.0,14.0,116.0
40.0,-24.0,14.0,211.0
42.0,-24.0,14.0,211.0
44.0,-24.0,14.0,211.0
46.0,-24.0,14.0,285.0
48.0,-24.0,14.0,285.0
50.0,-24.0,14.0,285.0
52.0,-24.0,14.0,285.0
54.0,-24.0,14.0,460.0
56.0,-24.0,14.0,460.0
58.0,-24.0,14.0,460.0
60.0,-24.0,14.0,460.0
62.0,-24.0,14.0,460.0
64.0,-24.0,14.0,319.0
66.0,-24.0,14.0,319.0
-68.0,-22.0,14.0,194.0
-66.0,-22.0,14.0,194.0
-64.0,-22.0,14.0,162.0
-62.0,-22.0,14.0,162.0
-60.0,-22.0,14.0,162.0
-58.0,-22.0,14.0,162.0
-56.0,-22.0,14.0,162.0
-54.0,-22.0,14.0,162.0
-52.0,-22.0,14.0,213.0
-50.0,-22.0,14.0,213.0
-48.0,-22.0,14.0,237.0
-46.0,-22.0,14.0,237.0
-44.0,-22.0,14.0,237.0
-42.0,-22.0,14.0,237.0
-40.0,-22.0,14.0,237.0
-20.0,-22.0,14.0,216.0
-18.0,-22.0,14.0,216.0
-16.0,-22.0,14.0,216.0
-14.0,-22.0,14.0,216.0
-12.0,-22.0,14.0,216.0
8.0,-22.0,14.0,24.0
10.0,-22.0,14.0,24.0
12.0,-22.0,14.0,24.0
14.0,-22.0,14.0,24.0
16.0,-22.0,14.0,24.0
18.0,-22.0,14.0,24.0
20.0,-22.0,14.0,24.0
32.0,-22.0,14.0,116.0
34.0,-22.0,14.0,116.0
36.0,-22.0,14.0,116.0
38.0,-22.0,14.0,116.0
40.0,-22.0,14.0,116.0
42.0,-22.0,14.0,5.0
44.0,-22.0,14.0,5.0
46.0,-22.0,14.0,5.0
48.0,-22.0,14.0,285.0
50.0,-22.0,14.0,285.0
52.0,-22.0,14.0,285.0
54.0,-22.0,14.0,460.0
56.0,-22.0,14.0,460.0
58.0,-22.0,14.0,460.0
60.0,-22.0,14.0,460.0
62.0,-22.0,14.0,460.0
-68.0,-20.0,14.0,194.0
-66.0,-20.0,14.0,194.0
-64.0,-20.0,14.0,162.0
-62.0,-20.0,14.0,162.0
-60.0,-20.0,14.0,162.0
-58.0,-20.0,14.0,162.0
-56.0,-20.0,14.0,162.0
-54.0,-20.0,14.0,162.0
-52.0,-20.0,14.0,162.0
-50.0,-20.0,14.0,237.0
-48.0,-20.0,14.0,237.0
-46.0,-20.0,14.0,237.0
-44.0,-20.0,14.0,237.0
-42.0,-20.0,14.0,237.0
-40.0,-20.0,14.0,237.0
-38.0,-20.0,14.0,237.0
-22.0,-20.0,14.0,216.0
-20.0,-20.0,14.0,216.0
-18.0,-20.0,14.0,216.0
-16.0,-20.0,14.0,216.0
-14.0,-20.0,14.0,216.0
-12.0,-20.0,14.0,216.0
-10.0,-20.0,14.0,216.0
6.0,-20.0,14.0,104.0
8.0,-20.0,14.0,104.0
10.0,-20.0,14.0,24.0
12.0,-20.0,14.0,24.0
14.0,-20.0,14.0,24.0
16.0,-20.0,14.0,24.0
18.0,-20.0,14.0,24.0
32.0,-20.0,14.0,116.0
34.0,-20.0,14.0,116.0
36.0,-20.0,14.0,116.0
38.0,-20.0,14.0,116.0
40.0,-20.0,14.0,116.0
42.0,-20.0,14.0,5.0
44.0,-20.0,14.0,5.0
46.0,-20.0,14.0,5.0
48.0,-20.0,14.0,5.0
50.0,-20.0,14.0,285.0
52.0,-20.0,14.0,285.0
54.0,-20.0,14.0,460.0
56.0,-20.0,14.0,460.0
58.0,-20.0,14.0,460.0
60.0,-20.0,14.0,460.0
62.0,-20.0,14.0,319.0
64.0,-20.0,14.0,319.0
66.0,-20.0,14.0,319.0
-68.0,-18.0,14.0,194.0
-66.0,-18.0,14.0,194.0
-64.0,-18.0,14.0,194.0
-62.0,-18.0,14.0,162.0
-60.0,-18.0,14.0,162.0
-58.0,-18.0,14.0,162.0
-56.0,-18.0,14.0,162.0
-54.0,-18.0,14.0,162.0
-52.0,-18.0,14.0,162.0
-50.0,-18.0,14.0,237.0
-48.0,-18.0,14.0,237.0
-46.0,-18.0,14.0,237.0
-44.0,-18.0,14.0,237.0
-42.0,-18.0,14.0,237.0
-40.0,-18.0,14.0,237.0
-38.0,-18.0,14.0,237.0
-36.0,-18.0,14.0,237.0
-34.0,-18.0,14.0,237.0
-22.0,-18.0,14.0,216.0
-20.0,-18.0,14.0,216.0
-18.0,-18.0,14.0,216.0
-16.0,-18.0,14.0,216.0
-14.0,-18.0,14.0,216.0
-12.0,-18.0,14.0,216.0
-10.0,-18.0,14.0,216.0
-8.0,-18.0,14.0,216.0
-6.0,-18.0,14.0,104.0
4.0,-18.0,14.0,104.0
6.0,-18.0,14.0,104.0
8.0,-18.0,14.0,104.0
10.0,-18.0,14.0,104.0
12.0,-18.0,14.0,24.0
14.0,-18.0,14.0,24.0
16.0,-18.0,14.0,24.0
18.0,-18.0,14.0,24.0
34.0,-18.0,14.0,116.0
36.0,-18.0,14.0,116.0
38.0,-18.0,14.0,116.0
42.0,-18.0,14.0,5.0
44.0,-18.0,14.0,5.0
46.0,-18.0,14.0,5.0
48.0,-18.0,14.0,5.0
50.0,-18.0,14.0,5.0
52.0,-18.0,14.0,285.0
54.0,-18.0,14.0,460.0
56.0,-18.0,14.0,460.0
58.0,-18.0,14.0,460.0
60.0,-18.0,14.0,460.0
62.0,-18.0,14.0,319.0
64.0,-18.0,14.0,319.0
66.0,-18.0,14.0,319.0
-68.0,-16.0,14.0,194.0
-66.0,-16.0,14.0,194.0
-64.0,-16.0,14.0,194.0
-62.0,-16.0,14.0,194.0
-60.0,-16.0,14.0,162.0
-58.0,-16.0,14.0,162.0
-56.0,-16.0,14.0,162.0
-54.0,-16.0,14.0,354.0
-52.0,-16.0,14.0,166.0
-50.0,-16.0,14.0,166.0
-48.0,-16.0,14.0,237.0
-46.0,-16.0,14.0,237.0
-44.0,-16.0,14.0,237.0
-42.0,-16.0,14.0,237.0
-40.0,-16.0,14.0,237.0
-38.0,-16.0,14.0,237.0
-36.0,-16.0,14.0,237.0
-34.0,-16.0,14.0,237.0
-22.0,-16.0,14.0,257.0
-20.0,-16.0,14.0,257.0
-18.0,-16.0,14.0,257.0
-16.0,-16.0,14.0,257.0
-14.0,-16.0,14.0,257.0
-12.0,-16.0,14.0,257.0
-10.0,-16.0,14.0,257.0
-8.0,-16.0,14.0,443.0
-6.0,-16.0,14.0,443.0
-4.0,-16.0,14.0,104.0
2.0,-16.0,14.0,104.0
4.0,-16.0,14.0,104.0
6.0,-16.0,14.0,104.0
8.0,-16.0,14.0,104.0
10.0,-16.0,14.0,104.0
12.0,-16.0,14.0,24.0
14.0,-16.0,14.0,24.0
16.0,-16.0,14.0,111.0
18.0,-16.0,14.0,111.0
34.0,-16.0,14.0,116.0
36.0,-16.0,14.0,116.0
38.0,-16.0,14.0,116.0
42.0,-16.0,14.0,5.0
44.0,-16.0,14.0,5.0
46.0,-16.0,14.0,5.0
48.0,-16.0,14.0,5.0
50.0,-16.0,14.0,5.0
52.0,-16.0,14.0,5.0
54.0,-16.0,14.0,460.0
56.0,-16.0,14.0,460.0
58.0,-16.0,14.0,460.0
60.0,-16.0,14.0,460.0
62.0,-16.0,14.0,319.0
64.0,-16.0,14.0,319.0
66.0,-16.0,14.0,319.0
-66.0,-14.0,14.0,194.0
-64.0,-14.0,14.0,194.0
-62.0,-14.0,14.0,194.0
-60.0,-14.0,14.0,354.0
-58.0,-14.0,14.0,354.0
-56.0,-14.0,14.0,354.0
-54.0,-14.0,14.0,354.0
-52.0,-14.0,14.0,166.0
-50.0,-14.0,14.0,166.0
-48.0,-14.0,14.0,166.0
-46.0,-14.0,14.0,166.0
-44.0,-14.0,14.0,237.0
-42.0,-14.0,14.0,237.0
-40.0,-14.0,14.0,237.0
-38.0,-14.0,14.0,237.0
-36.0,-14.0,14.0,237.0
-22.0,-14.0,14.0,257.0
-20.0,-14.0,14.0,257.0
-18.0,-14.0,14.0,257.0
-16.0,-14.0,14.0,257.0
-14.0,-14.0,14.0,257.0
-12.0,-14.0,14.0,257.0
-10.0,-14.0,14.0,257.0
-8.0,-14.0,14.0,443.0
-6.0,-14.0,14.0,443.0
-4.0,-14.0,14.0,248.0
2.0,-14.0,14.0,248.0
4.0,-14.0,14.0,248.0
6.0,-14.0,14.0,248.0
8.0,-14.0,14.0,248.0
10.0,-14.0,14.0,248.0
12.0,-14.0,14.0,248.0
14.0,-14.0,14.0,111.0
16.0,-14.0,14.0,111.0
18.0,-14.0,14.0,111.0
34.0,-14.0,14.0,116.0
36.0,-14.0,14.0,116.0
38.0,-14.0,14.0,116.0
40.0,-14.0,14.0,116.0
42.0,-14.0,14.0,5.0
44.0,-14.0,14.0,5.0
46.0,-14.0,14.0,5.0
48.0,-14.0,14.0,5.0
50.0,-14.0,14.0,5.0
52.0,-14.0,14.0,5.0
54.0,-14.0,14.0,329.0
56.0,-14.0,14.0,460.0
58.0,-14.0,14.0,460.0
60.0,-14.0,14.0,460.0
62.0,-14.0,14.0,319.0
64.0,-14.0,14.0,319.0
66.0,-14.0,14.0,319.0
-68.0,-12.0,14.0,194.0
-66.0,-12.0,14.0,194.0
-64.0,-12.0,14.0,194.0
-62.0,-12.0,14.0,354.0
-60.0,-12.0,14.0,354.0
-58.0,-12.0,14.0,354.0
-56.0,-12.0,14.0,354.0
-54.0,-12.0,14.0,166.0
-52.0,-12.0,14.0,166.0
-50.0,-12.0,14.0,166.0
-48.0,-12.0,14.0,166.0
-46.0,-12.0,14.0,166.0
-44.0,-12.0,14.0,166.0
-42.0,-12.0,14.0,421.0
-40.0,-12.0,14.0,421.0
-38.0,-12.0,14.0,421.0
-36.0,-12.0,14.0,237.0
-20.0,-12.0,14.0,257.0
-18.0,-12.0,14.0,257.0
-16.0,-12.0,14.0,257.0
-14.0,-12.0,14.0,257.0
-12.0,-12.0,14.0,257.0
-10.0,-12.0,14.0,443.0
-8.0,-12.0,14.0,443.0
-6.0,-12.0,14.0,443.0
-4.0,-12.0,14.0,248.0
2.0,-12.0,14.0,248.0
4.0,-12.0,14.0,248.0
6.0,-12.0,14.0,248.0
8.0,-12.0,14.0,248.0
10.0,-12.0,14.0,248.0
12.0,-12.0,14.0,248.0
14.0,-12.0,14.0,111.0
16.0,-12.0,14.0,111.0
32.0,-12.0,14.0,466.0
34.0,-12.0,14.0,116.0
36.0,-12.0,14.0,116.0
38.0,-12.0,14.0,116.0
42.0,-12.0,14.0,5.0
44.0,-12.0,14.0,5.0
46.0,-12.0,14.0,5.0
48.0,-12.0,14.0,5.0
50.0,-12.0,14.0,5.0
52.0,-12.0,14.0,329.0
54.0,-12.0,14.0,209.0
56.0,-12.0,14.0,209.0
58.0,-12.0,14.0,209.0
60.0,-12.0,14.0,209.0
62.0,-12.0,14.0,209.0
64.0,-12.0,14.0,319.0
66.0,-12.0,14.0,319.0
-68.0,-10.0,14.0,194.0
-66.0,-10.0,14.0,194.0
-64.0,-10.0,14.0,354.0
-62.0,-10.0,14.0,354.0
-60.0,-10.0,14.0,354.0
-58.0,-10.0,14.0,354.0
-56.0,-10.0,14.0,354.0
-54.0,-10.0,14.0,166.0
-52.0,-10.0,14.0,166.0
-50.0,-10.0,14.0,166.0
-48.0,-10.0,14.0,166.0
-46.0,-10.0,14.0,166.0
-44.0,-10.0,14.0,166.0
-42.0,-10.0,14.0,166.0
-40.0,-10.0,14.0,421.0
-38.0,-10.0,14.0,421.0
-36.0,-10.0,14.0,223.0
-34.0,-10.0,14.0,223.0
-20.0,-10.0,14.0,257.0
-18.0,-10.0,14.0,257.0
-16.0,-10.0,14.0,257.0
-14.0,-10.0,14.0,257.0
-12.0,-10.0,14.0,257.0
-10.0,-10.0,14.0,443.0
-8.0,-10.0,14.0,443.0
-6.0,-10.0,14.0,443.0
-4.0,-10.0,14.0,248.0
2.0,-10.0,14.0,248.0
4.0,-10.0,14.0,248.0
6.0,-10.0,14.0,248.0
8.0,-10.0,14.0,248.0
10.0,-10.0,14.0,248.0
12.0,-10.0,14.0,248.0
14.0,-10.0,14.0,111.0
16.0,-10.0,14.0,93.0
32.0,-10.0,14.0,93.0
34.0,-10.0,14.0,466.0
36.0,-10.0,14.0,466.0
38.0,-10.0,14.0,466.0
48.0,-10.0,14.0,5.0
50.0,-10.0,14.0,209.0
52.0,-10.0,14.0,209.0
54.0,-10.0,14.0,209.0
56.0,-10.0,14.0,209.0
58.0,-10.0,14.0,209.0
-68.0,-8.0,14.0,194.0
-66.0,-8.0,14.0,478.0
-64.0,-8.0,14.0,354.0
-62.0,-8.0,14.0,354.0
-60.0,-8.0,14.0,354.0
-58.0,-8.0,14.0,354.0
-56.0,-8.0,14.0,354.0
-54.0,-8.0,14.0,166.0
-52.0,-8.0,14.0,166.0
-50.0,-8.0,14.0,166.0
-48.0,-8.0,14.0,166.0
-46.0,-8.0,14.0,166.0
-44.0,-8.0,14.0,166.0
-40.0,-8.0,14.0,421.0
-38.0,-8.0,14.0,223.0
-36.0,-8.0,14.0,223.0
-34.0,-8.0,14.0,223.0
-18.0,-8.0,14.0,257.0
-16.0,-8.0,14.0,257.0
-14.0,-8.0,14.0,257.0
-12.0,-8.0,14.0,257.0
-10.0,-8.0,14.0,443.0
-8.0,-8.0,14.0,443.0
-6.0,-8.0,14.0,443.0
-4.0,-8.0,14.0,248.0
4.0,-8.0,14.0,248.0
6.0,-8.0,14.0,248.0
8.0,-8.0,14.0,248.0
10.0,-8.0,14.0,248.0
12.0,-8.0,14.0,248.0
14.0,-8.0,14.0,93.0
32.0,-8.0,14.0,93.0
34.0,-8.0,14.0,466.0
36.0,-8.0,14.0,466.0
38.0,-8.0,14.0,466.0
64.0,-8.0,14.0,209.0
66.0,-8.0,14.0,209.0
-68.0,-6.0,14.0,478.0
-66.0,-6.0,14.0,478.0
-64.0,-6.0,14.0,354.0
-62.0,-6.0,14.0,354.0
-60.0,-6.0,14.0,354.0
-58.0,-6.0,14.0,354.0
-56.0,-6.0,14.0,166.0
-54.0,-6.0,14.0,166.0
-52.0,-6.0,14.0,166.0
-50.0,-6.0,14.0,166.0
-48.0,-6.0,14.0,166.0
-46.0,-6.0,14.0,166.0
-44.0,-6.0,14.0,166.0
-40.0,-6.0,14.0,223.0
-38.0,-6.0,14.0,223.0
-36.0,-6.0,14.0,223.0
-34.0,-6.0,14.0,223.0
-28.0,-6.0,14.0,223.0
-16.0,-6.0,14.0,257.0
-14.0,-6.0,14.0,257.0
-12.0,-6.0,14.0,443.0
-10.0,-6.0,14.0,443.0
-8.0,-6.0,14.0,443.0
-6.0,-6.0,14.0,443.0
4.0,-6.0,14.0,248.0
6.0,-6.0,14.0,248.0
8.0,-6.0,14.0,248.0
10.0,-6.0,14.0,248.0
24.0,-6.0,14.0,93.0
26.0,-6.0,14.0,93.0
28.0,-6.0,14.0,93.0
34.0,-6.0,14.0,466.0
36.0,-6.0,14.0,466.0
38.0,-6.0,14.0,466.0
40.0,-6.0,14.0,466.0
42.0,-6.0,14.0,466.0
44.0,-6.0,14.0,466.0
52.0,-6.0,14.0,209.0
54.0,-6.0,14.0,209.0
56.0,-6.0,14.0,209.0
58.0,-6.0,14.0,209.0
60.0,-6.0,14.0,209.0
62.0,-6.0,14.0,209.0
64.0,-6.0,14.0,209.0
66.0,-6.0,14.0,209.0
-68.0,-4.0,14.0,92.0
-66.0,-4.0,14.0,92.0
-64.0,-4.0,14.0,92.0
-50.0,-4.0,14.0,166.0
-48.0,-4.0,14.0,166.0
-46.0,-4.0,14.0,166.0
-44.0,-4.0,14.0,166.0
-42.0,-4.0,14.0,166.0
-40.0,-4.0,14.0,223.0
-38.0,-4.0,14.0,223.0
-36.0,-4.0,14.0,223.0
-34.0,-4.0,14.0,223.0
-28.0,-4.0,14.0,223.0
-26.0,-4.0,14.0,434.0
-12.0,-4.0,14.0,443.0
-10.0,-4.0,14.0,443.0
-8.0,-4.0,14.0,443.0
-6.0,-4.0,14.0,443.0
24.0,-4.0,14.0,93.0
26.0,-4.0,14.0,93.0
28.0,-4.0,14.0,93.0
34.0,-4.0,14.0,466.0
36.0,-4.0,14.0,466.0
38.0,-4.0,14.0,466.0
40.0,-4.0,14.0,466.0
42.0,-4.0,14.0,466.0
44.0,-4.0,14.0,466.0
46.0,-4.0,14.0,201.0
50.0,-4.0,14.0,209.0
52.0,-4.0,14.0,209.0
54.0,-4.0,14.0,209.0
56.0,-4.0,14.0,209.0
58.0,-4.0,14.0,209.0
60.0,-4.0,14.0,209.0
62.0,-4.0,14.0,209.0
64.0,-4.0,14.0,209.0
-66.0,-2.0,14.0,92.0
-64.0,-2.0,14.0,92.0
-62.0,-2.0,14.0,92.0
-60.0,-2.0,14.0,544.0
-58.0,-2.0,14.0,544.0
-56.0,-2.0,14.0,544.0
-54.0,-2.0,14.0,544.0
-50.0,-2.0,14.0,166.0
-48.0,-2.0,14.0,166.0
-46.0,-2.0,14.0,166.0
-44.0,-2.0,14.0,166.0
-42.0,-2.0,14.0,223.0
-40.0,-2.0,14.0,223.0
-38.0,-2.0,14.0,223.0
-36.0,-2.0,14.0,223.0
-34.0,-2.0,14.0,223.0
-28.0,-2.0,14.0,434.0
-26.0,-2.0,14.0,434.0
-24.0,-2.0,14.0,434.0
10.0,-2.0,14.0,238.0
12.0,-2.0,14.0,238.0
24.0,-2.0,14.0,93.0
26.0,-2.0,14.0,93.0
28.0,-2.0,14.0,93.0
34.0,-2.0,14.0,466.0
36.0,-2.0,14.0,466.0
38.0,-2.0,14.0,466.0
40.0,-2.0,14.0,466.0
42.0,-2.0,14.0,466.0
44.0,-2.0,14.0,201.0
46.0,-2.0,14.0,201.0
52.0,-2.0,14.0,209.0
54.0,-2.0,14.0,209.0
56.0,-2.0,14.0,209.0
58.0,-2.0,14.0,209.0
60.0,-2.0,14.0,209.0
62.0,-2.0,14.0,209.0
64.0,-2.0,14.0,209.0
-66.0,-0.0,14.0,92.0
-64.0,-0.0,14.0,92.0
-62.0,-0.0,14.0,92.0
-60.0,-0.0,14.0,92.0
-58.0,-0.0,14.0,544.0
-56.0,-0.0,14.0,544.0
-54.0,-0.0,14.0,544.0
-52.0,-0.0,14.0,544.0
-48.0,-0.0,14.0,166.0
-46.0,-0.0,14.0,166.0
-44.0,-0.0,14.0,236.0
-42.0,-0.0,14.0,236.0
-40.0,-0.0,14.0,236.0
-38.0,-0.0,14.0,236.0
-36.0,-0.0,14.0,223.0
-34.0,-0.0,14.0,223.0
-28.0,-0.0,14.0,434.0
-26.0,-0.0,14.0,434.0
-24.0,-0.0,14.0,434.0
-14.0,-0.0,14.0,434.0
-12.0,-0.0,14.0,434.0
-10.0,-0.0,14.0,443.0
8.0,-0.0,14.0,238.0
10.0,-0.0,14.0,238.0
12.0,-0.0,14.0,238.0
14.0,-0.0,14.0,238.0
24.0,-0.0,14.0,93.0
26.0,-0.0,14.0,93.0
28.0,-0.0,14.0,93.0
32.0,-0.0,14.0,93.0
34.0,-0.0,14.0,93.0
36.0,-0.0,14.0,466.0
38.0,-0.0,14.0,466.0
40.0,-0.0,14.0,201.0
42.0,-0.0,14.0,201.0
44.0,-0.0,14.0,201.0
46.0,-0.0,14.0,201.0
54.0,-0.0,14.0,209.0
56.0,-0.0,14.0,209.0
58.0,-0.0,14.0,209.0
60.0,-0.0,14.0,209.0
62.0,-0.0,14.0,209.0
64.0,-0.0,14.0,209.0
-66.0,2.0,14.0,92.0
-64.0,2.0,14.0,92.0
-62.0,2.0,14.0,92.0
-60.0,2.0,14.0,92.0
-58.0,2.0,14.0,92.0
-56.0,2.0,14.0,544.0
-54.0,2.0,14.0,544.0
-46.0,2.0,14.0,236.0
-44.0,2.0,14.0,236.0
-42.0,2.0,14.0,236.0
-40.0,2.0,14.0,236.0
-38.0,2.0,14.0,236.0
-36.0,2.0,14.0,236.0
-34.0,2.0,14.0,236.0
-28.0,2.0,14.0,434.0
-26.0,2.0,14.0,434.0
-24.0,2.0,14.0,434.0
-22.0,2.0,14.0,434.0
-16.0,2.0,14.0,434.0
-14.0,2.0,14.0,434.0
-12.0,2.0,14.0,434.0
-10.0,2.0,14.0,434.0
8.0,2.0,14.0,238.0
10.0,2.0,14.0,238.0
12.0,2.0,14.0,238.0
14.0,2.0,14.0,238.0
24.0,2.0,14.0,93.0
26.0,2.0,14.0,93.0
28.0,2.0,14.0,93.0
32.0,2.0,14.0,93.0
34.0,2.0,14.0,93.0
36.0,2.0,14.0,466.0
38.0,2.0,14.0,201.0
40.0,2.0,14.0,201.0
42.0,2.0,14.0,201.0
44.0,2.0,14.0,201.0
46.0,2.0,14.0,201.0
54.0,2.0,14.0,209.0
56.0,2.0,14.0,209.0
58.0,2.0,14.0,209.0
60.0,2.0,14.0,209.0
62.0,2.0,14.0,209.0
64.0,2.0,14.0,209.0
-66.0,4.0,14.0,92.0
-64.0,4.0,14.0,92.0
-62.0,4.0,14.0,92.0
-60.0,4.0,14.0,92.0
-58.0,4.0,14.0,92.0
-56.0,4.0,14.0,92.0
-54.0,4.0,14.0,544.0
-48.0,4.0,14.0,544.0
-46.0,4.0,14.0,236.0
-44.0,4.0,14.0,236.0
-42.0,4.0,14.0,236.0
-40.0,4.0,14.0,236.0
-38.0,4.0,14.0,236.0
-36.0,4.0,14.0,236.0
-34.0,4.0,14.0,236.0
-26.0,4.0,14.0,434.0
-24.0,4.0,14.0,434.0
-16.0,4.0,14.0,434.0
-14.0,4.0,14.0,434.0
-12.0,4.0,14.0,434.0
-10.0,4.0,14.0,434.0
8.0,4.0,14.0,238.0
10.0,4.0,14.0,238.0
12.0,4.0,14.0,238.0
14.0,4.0,14.0,238.0
16.0,4.0,14.0,238.0
22.0,4.0,14.0,93.0
24.0,4.0,14.0,93.0
26.0,4.0,14.0,93.0
32.0,4.0,14.0,93.0
34.0,4.0,14.0,7.0
36.0,4.0,14.0,7.0
38.0,4.0,14.0,7.0
40.0,4.0,14.0,201.0
42.0,4.0,14.0,201.0
48.0,4.0,14.0,201.0
50.0,4.0,14.0,201.0
52.0,4.0,14.0,201.0
54.0,4.0,14.0,209.0
56.0,4.0,14.0,209.0
58.0,4.0,14.0,209.0
60.0,4.0,14.0,209.0
62.0,4.0,14.0,209.0
64.0,4.0,14.0,209.0
-64.0,6.0,14.0,92.0
-62.0,6.0,14.0,92.0
-60.0,6.0,14.0,92.0
-58.0,6.0,14.0,92.0
-56.0,6.0,14.0,92.0
-54.0,6.0,14.0,544.0
-52.0,6.0,14.0,544.0
-50.0,6.0,14.0,544.0
-48.0,6.0,14.0,236.0
-46.0,6.0,14.0,236.0
-44.0,6.0,14.0,236.0
-42.0,6.0,14.0,236.0
-40.0,6.0,14.0,236.0
-38.0,6.0,14.0,236.0
-36.0,6.0,14.0,236.0
-34.0,6.0,14.0,236.0
-32.0,6.0,14.0,236.0
-18.0,6.0,14.0,434.0
-16.0,6.0,14.0,434.0
-14.0,6.0,14.0,434.0
-12.0,6.0,14.0,434.0
-10.0,6.0,14.0,434.0
-8.0,6.0,14.0,586.0
8.0,6.0,14.0,238.0
10.0,6.0,14.0,238.0
12.0,6.0,14.0,238.0
14.0,6.0,14.0,238.0
16.0,6.0,14.0,238.0
24.0,6.0,14.0,93.0
26.0,6.0,14.0,93.0
32.0,6.0,14.0,7.0
34.0,6.0,14.0,7.0
36.0,6.0,14.0,7.0
38.0,6.0,14.0,7.0
48.0,6.0,14.0,201.0
50.0,6.0,14.0,201.0
52.0,6.0,14.0,201.0
54.0,6.0,14.0,201.0
56.0,6.0,14.0,209.0
58.0,6.0,14.0,209.0
60.0,6.0,14.0,209.0
62.0,6.0,14.0,209.0
-64.0,8.0,14.0,92.0
-62.0,8.0,14.0,92.0
-60.0,8.0,14.0,92.0
-58.0,8.0,14.0,92.0
-56.0,8.0,14.0,92.0
-54.0,8.0,14.0,92.0
-52.0,8.0,14.0,324.0
-50.0,8.0,14.0,324.0
-48.0,8.0,14.0,236.0
-46.0,8.0,14.0,236.0
-40.0,8.0,14.0,236.0
-38.0,8.0,14.0,236.0
-36.0,8.0,14.0,468.0
-34.0,8.0,14.0,468.0
-32.0,8.0,14.0,468.0
-18.0,8.0,14.0,434.0
-16.0,8.0,14.0,434.0
-14.0,8.0,14.0,434.0
-12.0,8.0,14.0,434.0
-10.0,8.0,14.0,434.0
-8.0,8.0,14.0,586.0
8.0,8.0,14.0,238.0
10.0,8.0,14.0,238.0
12.0,8.0,14.0,238.0
14.0,8.0,14.0,238.0
16.0,8.0,14.0,238.0
18.0,8.0,14.0,238.0
24.0,8.0,14.0,264.0
32.0,8.0,14.0,7.0
34.0,8.0,14.0,7.0
46.0,8.0,14.0,201.0
48.0,8.0,14.0,201.0
50.0,8.0,14.0,201.0
52.0,8.0,14.0,201.0
54.0,8.0,14.0,201.0
56.0,8.0,14.0,195.0
58.0,8.0,14.0,209.0
60.0,8.0,14.0,209.0
62.0,8.0,14.0,209.0
-64.0,10.0,14.0,92.0
-62.0,10.0,14.0,92.0
-60.0,10.0,14.0,92.0
-58.0,10.0,14.0,92.0
-56.0,10.0,14.0,92.0
-54.0,10.0,14.0,324.0
-52.0,10.0,14.0,324.0
-50.0,10.0,14.0,324.0
-48.0,10.0,14.0,324.0
-46.0,10.0,14.0,236.0
-38.0,10.0,14.0,468.0
-36.0,10.0,14.0,468.0
-34.0,10.0,14.0,468.0
-32.0,10.0,14.0,468.0
-20.0,10.0,14.0,434.0
-18.0,10.0,14.0,434.0
-16.0,10.0,14.0,434.0
-14.0,10.0,14.0,434.0
-12.0,10.0,14.0,434.0
-10.0,10.0,14.0,582.0
-8.0,10.0,14.0,582.0
8.0,10.0,14.0,238.0
10.0,10.0,14.0,238.0
12.0,10.0,14.0,238.0
14.0,10.0,14.0,238.0
16.0,10.0,14.0,238.0
18.0,10.0,14.0,264.0
32.0,10.0,14.0,7.0
34.0,10.0,14.0,7.0
46.0,10.0,14.0,7.0
48.0,10.0,14.0,7.0
50.0,10.0,14.0,201.0
52.0,10.0,14.0,201.0
54.0,10.0,14.0,196.0
56.0,10.0,14.0,196.0
58.0,10.0,14.0,82.0
60.0,10.0,14.0,82.0
62.0,10.0,14.0,82.0
-64.0,12.0,14.0,92.0
-62.0,12.0,14.0,92.0
-60.0,12.0,14.0,92.0
-58.0,12.0,14.0,455.0
-56.0,12.0,14.0,455.0
-54.0,12.0,14.0,324.0
-52.0,12.0,14.0,324.0
-50.0,12.0,14.0,359.0
-48.0,12.0,14.0,359.0
-46.0,12.0,14.0,468.0
-38.0,12.0,14.0,468.0
-34.0,12.0,14.0,468.0
-32.0,12.0,14.0,468.0
-20.0,12.0,14.0,434.0
-18.0,12.0,14.0,434.0
-16.0,12.0,14.0,448.0
-14.0,12.0,14.0,582.0
-12.0,12.0,14.0,582.0
-10.0,12.0,14.0,582.0
-8.0,12.0,14.0,582.0
8.0,12.0,14.0,238.0
10.0,12.0,14.0,238.0
12.0,12.0,14.0,238.0
14.0,12.0,14.0,238.0
16.0,12.0,14.0,238.0
18.0,12.0,14.0,264.0
32.0,12.0,14.0,7.0
36.0,12.0,14.0,7.0
46.0,12.0,14.0,7.0
48.0,12.0,14.0,7.0
50.0,12.0,14.0,196.0
52.0,12.0,14.0,196.0
54.0,12.0,14.0,196.0
56.0,12.0,14.0,196.0
58.0,12.0,14.0,82.0
60.0,12.0,14.0,82.0
-62.0,14.0,14.0,455.0
-60.0,14.0,14.0,455.0
-58.0,14.0,14.0,455.0
-56.0,14.0,14.0,455.0
-54.0,14.0,14.0,455.0
-52.0,14.0,14.0,359.0
-50.0,14.0,14.0,359.0
-48.0,14.0,14.0,359.0
-46.0,14.0,14.0,359.0
-38.0,14.0,14.0,468.0
-32.0,14.0,14.0,468.0
-22.0,14.0,14.0,448.0
-20.0,14.0,14.0,448.0
-18.0,14.0,14.0,448.0
-16.0,14.0,14.0,448.0
-14.0,14.0,14.0,582.0
-12.0,14.0,14.0,582.0
-10.0,14.0,14.0,582.0
-8.0,14.0,14.0,582.0
8.0,14.0,14.0,238.0
10.0,14.0,14.0,238.0
12.0,14.0,14.0,238.0
14.0,14.0,14.0,238.0
16.0,14.0,14.0,264.0
18.0,14.0,14.0,264.0
30.0,14.0,14.0,307.0
32.0,14.0,14.0,307.0
48.0,14.0,14.0,196.0
50.0,14.0,14.0,196.0
52.0,14.0,14.0,196.0
54.0,14.0,14.0,196.0
56.0,14.0,14.0,196.0
58.0,14.0,14.0,196.0
60.0,14.0,14.0,82.0
-62.0,16.0,14.0,455.0
-60.0,16.0,14.0,455.0
-58.0,16.0,14.0,455.0
-56.0,16.0,14.0,455.0
-54.0,16.0,14.0,455.0
-52.0,16.0,14.0,359.0
-50.0,16.0,14.0,359.0
-48.0,16.0,14.0,359.0
-38.0,16.0,14.0,468.0
-32.0,16.0,14.0,468.0
-22.0,16.0,14.0,448.0
-20.0,16.0,14.0,448.0
-18.0,16.0,14.0,448.0
-16.0,16.0,14.0,582.0
-14.0,16.0,14.0,582.0
-12.0,16.0,14.0,582.0
-10.0,16.0,14.0,582.0
10.0,16.0,14.0,238.0
12.0,16.0,14.0,238.0
14.0,16.0,14.0,238.0
16.0,16.0,14.0,264.0
18.0,16.0,14.0,264.0
30.0,16.0,14.0,307.0
32.0,16.0,14.0,307.0
50.0,16.0,14.0,196.0
52.0,16.0,14.0,196.0
54.0,16.0,14.0,196.0
56.0,16.0,14.0,196.0
58.0,16.0,14.0,196.0
60.0,16.0,14.0,82.0
-62.0,18.0,14.0,455.0
-60.0,18.0,14.0,455.0
-58.0,18.0,14.0,455.0
-56.0,18.0,14.0,455.0
-54.0,18.0,14.0,455.0
-52.0,18.0,14.0,359.0
-50.0,18.0,14.0,359.0
-48.0,18.0,14.0,359.0
-46.0,18.0,14.0,359.0
-22.0,18.0,14.0,448.0
-20.0,18.0,14.0,448.0
-18.0,18.0,14.0,448.0
-16.0,18.0,14.0,582.0
-14.0,18.0,14.0,582.0
-12.0,18.0,14.0,582.0
12.0,18.0,14.0,238.0
14.0,18.0,14.0,264.0
16.0,18.0,14.0,264.0
18.0,18.0,14.0,264.0
30.0,18.0,14.0,307.0
32.0,18.0,14.0,307.0
50.0,18.0,14.0,196.0
52.0,18.0,14.0,196.0
54.0,18.0,14.0,196.0
56.0,18.0,14.0,196.0
58.0,18.0,14.0,196.0
60.0,18.0,14.0,196.0
-62.0,20.0,14.0,455.0
-60.0,20.0,14.0,455.0
-58.0,20.0,14.0,455.0
-56.0,20.0,14.0,455.0
-54.0,20.0,14.0,455.0
-52.0,20.0,14.0,359.0
-50.0,20.0,14.0,359.0
-48.0,20.0,14.0,359.0
-46.0,20.0,14.0,359.0
-22.0,20.0,14.0,448.0
-20.0,20.0,14.0,448.0
-18.0,20.0,14.0,582.0
-16.0,20.0,14.0,582.0
-14.0,20.0,14.0,582.0
14.0,20.0,14.0,264.0
16.0,20.0,14.0,264.0
30.0,20.0,14.0,307.0
32.0,20.0,14.0,307.0
48.0,20.0,14.0,196.0
50.0,20.0,14.0,196.0
52.0,20.0,14.0,196.0
54.0,20.0,14.0,196.0
56.0,20.0,14.0,196.0
58.0,20.0,14.0,196.0
60.0,20.0,14.0,196.0
-60.0,22.0,14.0,455.0
-58.0,22.0,14.0,455.0
-56.0,22.0,14.0,455.0
-54.0,22.0,14.0,455.0
-52.0,22.0,14.0,359.0
-50.0,22.0,14.0,359.0
-48.0,22.0,14.0,359.0
-46.0,22.0,14.0,442.0
-20.0,22.0,14.0,448.0
-18.0,22.0,14.0,582.0
-16.0,22.0,14.0,582.0
30.0,22.0,14.0,307.0
32.0,22.0,14.0,307.0
48.0,22.0,14.0,196.0
50.0,22.0,14.0,196.0
52.0,22.0,14.0,196.0
54.0,22.0,14.0,196.0
56.0,22.0,14.0,196.0
58.0,22.0,14.0,196.0
-60.0,24.0,14.0,455.0
-58.0,24.0,14.0,455.0
-56.0,24.0,14.0,455.0
-54.0,24.0,14.0,455.0
-52.0,24.0,14.0,359.0
-50.0,24.0,14.0,419.0
30.0,24.0,14.0,307.0
48.0,24.0,14.0,196.0
50.0,24.0,14.0,196.0
52.0,24.0,14.0,196.0
54.0,24.0,14.0,196.0
56.0,24.0,14.0,119.0
58.0,24.0,14.0,119.0
-60.0,26.0,14.0,455.0
-58.0,26.0,14.0,455.0
-56.0,26.0,14.0,455.0
-54.0,26.0,14.0,419.0
-52.0,26.0,14.0,419.0
-50.0,26.0,14.0,419.0
50.0,26.0,14.0,72.0
52.0,26.0,14.0,72.0
54.0,26.0,14.0,119.0
56.0,26.0,14.0,119.0
58.0,26.0,14.0,119.0
-60.0,28.0,14.0,455.0
-58.0,28.0,14.0,419.0
-56.0,28.0,14.0,419.0
-54.0,28.0,14.0,419.0
-52.0,28.0,14.0,419.0
-50.0,28.0,14.0,419.0
-48.0,28.0,14.0,419.0
2.0,28.0,14.0,121.0
4.0,28.0,14.0,121.0
52.0,28.0,14.0,72.0
54.0,28.0,14.0,119.0
56.0,28.0,14.0,119.0
-58.0,30.0,14.0,419.0
-56.0,30.0,14.0,419.0
-54.0,30.0,14.0,419.0
-52.0,30.0,14.0,419.0
-50.0,30.0,14.0,419.0
-48.0,30.0,14.0,419.0
-46.0,30.0,14.0,442.0
-8.0,30.0,14.0,121.0
-6.0,30.0,14.0,121.0
-4.0,30.0,14.0,121.0
2.0,30.0,14.0,121.0
4.0,30.0,14.0,121.0
6.0,30.0,14.0,121.0
50.0,30.0,14.0,72.0
52.0,30.0,14.0,72.0
54.0,30.0,14.0,72.0
56.0,30.0,14.0,119.0
-58.0,32.0,14.0,419.0
-56.0,32.0,14.0,419.0
-54.0,32.0,14.0,419.0
-52.0,32.0,14.0,419.0
-50.0,32.0,14.0,419.0
-48.0,32.0,14.0,49.0
-46.0,32.0,14.0,49.0
-44.0,32.0,14.0,49.0
-42.0,32.0,14.0,49.0
-8.0,32.0,14.0,121.0
-6.0,32.0,14.0,121.0
-4.0,32.0,14.0,121.0
0.0,32.0,14.0,121.0
2.0,32.0,14.0,121.0
4.0,32.0,14.0,121.0
6.0,32.0,14.0,320.0
40.0,32.0,14.0,284.0
42.0,32.0,14.0,72.0
44.0,32.0,14.0,72.0
50.0,32.0,14.0,72.0
52.0,32.0,14.0,72.0
54.0,32.0,14.0,72.0
56.0,32.0,14.0,72.0
-56.0,34.0,14.0,419.0
-54.0,34.0,14.0,419.0
-52.0,34.0,14.0,419.0
-50.0,34.0,14.0,49.0
-48.0,34.0,14.0,49.0
-46.0,34.0,14.0,49.0
-44.0,34.0,14.0,49.0
-42.0,34.0,14.0,49.0
-40.0,34.0,14.0,49.0
-38.0,34.0,14.0,49.0
-8.0,34.0,14.0,293.0
-6.0,34.0,14.0,293.0
-4.0,34.0,14.0,293.0
2.0,34.0,14.0,293.0
4.0,34.0,14.0,293.0
6.0,34.0,14.0,320.0
38.0,34.0,14.0,284.0
40.0,34.0,14.0,284.0
42.0,34.0,14.0,72.0
44.0,34.0,14.0,72.0
46.0,34.0,14.0,72.0
48.0,34.0,14.0,72.0
50.0,34.0,14.0,72.0
52.0,34.0,14.0,72.0
54.0,34.0,14.0,72.0
-56.0,36.0,14.0,419.0
-54.0,36.0,14.0,419.0
-52.0,36.0,14.0,437.0
-50.0,36.0,14.0,49.0
-48.0,36.0,14.0,49.0
-46.0,36.0,14.0,49.0
-44.0,36.0,14.0,49.0
-42.0,36.0,14.0,49.0
-40.0,36.0,14.0,49.0
-38.0,36.0,14.0,49.0
-8.0,36.0,14.0,293.0
-6.0,36.0,14.0,293.0
-4.0,36.0,14.0,293.0
-2.0,36.0,14.0,293.0
2.0,36.0,14.0,293.0
4.0,36.0,14.0,293.0
6.0,36.0,14.0,293.0
36.0,36.0,14.0,518.0
38.0,36.0,14.0,518.0
40.0,36.0,14.0,284.0
42.0,36.0,14.0,72.0
44.0,36.0,14.0,72.0
46.0,36.0,14.0,72.0
48.0,36.0,14.0,72.0
50.0,36.0,14.0,72.0
52.0,36.0,14.0,72.0
54.0,36.0,14.0,72.0
-54.0,38.0,14.0,437.0
-52.0,38.0,14.0,437.0
-50.0,38.0,14.0,49.0
-48.0,38.0,14.0,49.0
-46.0,38.0,14.0,49.0
-44.0,38.0,14.0,49.0
-42.0,38.0,14.0,49.0
-40.0,38.0,14.0,49.0
-38.0,38.0,14.0,49.0
-36.0,38.0,14.0,49.0
-12.0,38.0,14.0,293.0
-10.0,38.0,14.0,293.0
-8.0,38.0,14.0,293.0
-6.0,38.0,14.0,293.0
-4.0,38.0,14.0,293.0
-2.0,38.0,14.0,293.0
0.0,38.0,14.0,293.0
2.0,38.0,14.0,293.0
4.0,38.0,14.0,293.0
6.0,38.0,14.0,293.0
8.0,38.0,14.0,293.0
10.0,38.0,14.0,320.0
12.0,38.0,14.0,320.0
38.0,38.0,14.0,518.0
40.0,38.0,14.0,518.0
42.0,38.0,14.0,72.0
44.0,38.0,14.0,72.0
46.0,38.0,14.0,72.0
48.0,38.0,14.0,72.0
50.0,38.0,14.0,72.0
52.0,38.0,14.0,72.0
-54.0,40.0,14.0,437.0
-52.0,40.0,14.0,437.0
-50.0,40.0,14.0,49.0
-48.0,40.0,14.0,49.0
-46.0,40.0,14.0,49.0
-44.0,40.0,14.0,49.0
-42.0,40.0,14.0,49.0
-40.0,40.0,14.0,49.0
-38.0,40.0,14.0,49.0
-36.0,40.0,14.0,49.0
-14.0,40.0,14.0,407.0
-12.0,40.0,14.0,407.0
-10.0,40.0,14.0,293.0
-8.0,40.0,14.0,293.0
-6.0,40.0,14.0,293.0
-4.0,40.0,14.0,293.0
-2.0,40.0,14.0,293.0
0.0,40.0,14.0,293.0
2.0,40.0,14.0,293.0
4.0,40.0,14.0,263.0
6.0,40.0,14.0,263.0
8.0,40.0,14.0,263.0
10.0,40.0,14.0,263.0
12.0,40.0,14.0,263.0
38.0,40.0,14.0,518.0
40.0,40.0,14.0,518.0
42.0,40.0,14.0,518.0
44.0,40.0,14.0,72.0
46.0,40.0,14.0,72.0
48.0,40.0,14.0,72.0
50.0,40.0,14.0,72.0
52.0,40.0,14.0,72.0
-52.0,42.0,14.0,437.0
-50.0,42.0,14.0,437.0
-48.0,42.0,14.0,49.0
-46.0,42.0,14.0,49.0
-44.0,42.0,14.0,49.0
-42.0,42.0,14.0,49.0
-40.0,42.0,14.0,49.0
-38.0,42.0,14.0,49.0
-36.0,42.0,14.0,49.0
-16.0,42.0,14.0,407.0
-14.0,42.0,14.0,407.0
-12.0,42.0,14.0,407.0
-10.0,42.0,14.0,407.0
-8.0,42.0,14.0,407.0
-6.0,42.0,14.0,293.0
-4.0,42.0,14.0,263.0
-2.0,42.0,14.0,263.0
0.0,42.0,14.0,263.0
2.0,42.0,14.0,263.0
4.0,42.0,14.0,263.0
6.0,42.0,14.0,263.0
8.0,42.0,14.0,263.0
10.0,42.0,14.0,263.0
12.0,42.0,14.0,263.0
14.0,42.0,14.0,525.0
36.0,42.0,14.0,518.0
38.0,42.0,14.0,518.0
40.0,42.0,14.0,518.0
42.0,42.0,14.0,518.0
44.0,42.0,14.0,518.0
46.0,42.0,14.0,72.0
48.0,42.0,14.0,72.0
50.0,42.0,14.0,72.0
-52.0,44.0,14.0,437.0
-50.0,44.0,14.0,437.0
-48.0,44.0,14.0,361.0
-46.0,44.0,14.0,361.0
-44.0,44.0,14.0,361.0
-42.0,44.0,14.0,361.0
-40.0,44.0,14.0,62.0
-38.0,44.0,14.0,62.0
-36.0,44.0,14.0,62.0
-16.0,44.0,14.0,407.0
-14.0,44.0,14.0,407.0
-12.0,44.0,14.0,407.0
-10.0,44.0,14.0,407.0
-8.0,44.0,14.0,407.0
-6.0,44.0,14.0,263.0
-4.0,44.0,14.0,263.0
-2.0,44.0,14.0,263.0
0.0,44.0,14.0,263.0
2.0,44.0,14.0,263.0
4.0,44.0,14.0,263.0
6.0,44.0,14.0,263.0
8.0,44.0,14.0,263.0
10.0,44.0,14.0,263.0
12.0,44.0,14.0,525.0
14.0,44.0,14.0,525.0
34.0,44.0,14.0,518.0
36.0,44.0,14.0,518.0
38.0,44.0,14.0,518.0
40.0,44.0,14.0,518.0
42.0,44.0,14.0,518.0
44.0,44.0,14.0,518.0
46.0,44.0,14.0,72.0
48.0,44.0,14.0,72.0
-50.0,46.0,14.0,361.0
-48.0,46.0,14.0,361.0
-46.0,46.0,14.0,361.0
-44.0,46.0,14.0,361.0
-42.0,46.0,14.0,361.0
-40.0,46.0,14.0,62.0
-38.0,46.0,14.0,62.0
-36.0,46.0,14.0,62.0
-34.0,46.0,14.0,62.0
-32.0,46.0,14.0,280.0
-30.0,46.0,14.0,280.0
-28.0,46.0,14.0,280.0
-16.0,46.0,14.0,407.0
-14.0,46.0,14.0,407.0
-12.0,46.0,14.0,407.0
-10.0,46.0,14.0,407.0
-8.0,46.0,14.0,407.0
-6.0,46.0,14.0,407.0
-4.0,46.0,14.0,263.0
-2.0,46.0,14.0,263.0
0.0,46.0,14.0,263.0
2.0,46.0,14.0,263.0
4.0,46.0,14.0,263.0
6.0,46.0,14.0,263.0
8.0,46.0,14.0,263.0
10.0,46.0,14.0,525.0
12.0,46.0,14.0,525.0
14.0,46.0,14.0,525.0
30.0,46.0,14.0,518.0
32.0,46.0,14.0,518.0
34.0,46.0,14.0,518.0
36.0,46.0,14.0,518.0
38.0,46.0,14.0,518.0
40.0,46.0,14.0,518.0
42.0,46.0,14.0,518.0
44.0,46.0,14.0,518.0
46.0,46.0,14.0,518.0
48.0,46.0,14.0,146.0
-48.0,48.0,14.0,361.0
-46.0,48.0,14.0,361.0
-44.0,48.0,14.0,361.0
-42.0,48.0,14.0,361.0
-40.0,48.0,14.0,62.0
-38.0,48.0,14.0,62.0
-36.0,48.0,14.0,62.0
-34.0,48.0,14.0,62.0
-32.0,48.0,14.0,280.0
-30.0,48.0,14.0,280.0
-28.0,48.0,14.0,280.0
-26.0,48.0,14.0,280.0
-14.0,48.0,14.0,407.0
-12.0,48.0,14.0,407.0
-10.0,48.0,14.0,407.0
-8.0,48.0,14.0,407.0
-6.0,48.0,14.0,407.0
-4.0,48.0,14.0,263.0
-2.0,48.0,14.0,263.0
0.0,48.0,14.0,263.0
2.0,48.0,14.0,263.0
4.0,48.0,14.0,263.0
6.0,48.0,14.0,263.0
8.0,48.0,14.0,525.0
10.0,48.0,14.0,525.0
12.0,48.0,14.0,525.0
14.0,48.0,14.0,525.0
28.0,48.0,14.0,365.0
30.0,48.0,14.0,365.0
32.0,48.0,14.0,518.0
34.0,48.0,14.0,518.0
36.0,48.0,14.0,518.0
38.0,48.0,14.0,518.0
40.0,48.0,14.0,518.0
42.0,48.0,14.0,518.0
44.0,48.0,14.0,518.0
46.0,48.0,14.0,518.0
-48.0,50.0,14.0,361.0
-46.0,50.0,14.0,361.0
-44.0,50.0,14.0,361.0
-42.0,50.0,14.0,361.0
-40.0,50.0,14.0,62.0
-38.0,50.0,14.0,62.0
-36.0,50.0,14.0,62.0
-34.0,50.0,14.0,62.0
-32.0,50.0,14.0,280.0
-30.0,50.0,14.0,280.0
-28.0,50.0,14.0,280.0
-26.0,50.0,14.0,280.0
-14.0,50.0,14.0,407.0
-12.0,50.0,14.0,407.0
-10.0,50.0,14.0,407.0
-8.0,50.0,14.0,407.0
-6.0,50.0,14.0,407.0
-4.0,50.0,14.0,407.0
-2.0,50.0,14.0,263.0
0.0,50.0,14.0,263.0
2.0,50.0,14.0,263.0
4.0,50.0,14.0,263.0
6.0,50.0,14.0,525.0
8.0,50.0,14.0,525.0
10.0,50.0,14.0,525.0
12.0,50.0,14.0,525.0
14.0,50.0,14.0,525.0
28.0,50.0,14.0,365.0
30.0,50.0,14.0,365.0
32.0,50.0,14.0,365.0
34.0,50.0,14.0,365.0
36.0,50.0,14.0,365.0
38.0,50.0,14.0,365.0
40.0,50.0,14.0,365.0
42.0,50.0,14.0,518.0
44.0,50.0,14.0,518.0
46.0,50.0,14.0,518.0
-46.0,52.0,14.0,361.0
-44.0,52.0,14.0,361.0
-42.0,52.0,14.0,361.0
-40.0,52.0,14.0,62.0
-38.0,52.0,14.0,62.0
-36.0,52.0,14.0,62.0
-34.0,52.0,14.0,62.0
-32.0,52.0,14.0,280.0
-30.0,52.0,14.0,280.0
-28.0,52.0,14.0,280.0
-26.0,52.0,14.0,280.0
-24.0,52.0,14.0,280.0
-12.0,52.0,14.0,407.0
-10.0,52.0,14.0,407.0
-8.0,52.0,14.0,407.0
-6.0,52.0,14.0,407.0
-4.0,52.0,14.0,407.0
-2.0,52.0,14.0,263.0
0.0,52.0,14.0,263.0
2.0,52.0,14.0,263.0
4.0,52.0,14.0,525.0
6.0,52.0,14.0,525.0
8.0,52.0,14.0,525.0
10.0,52.0,14.0,525.0
12.0,52.0,14.0,525.0
26.0,52.0,14.0,365.0
28.0,52.0,14.0,365.0
30.0,52.0,14.0,365.0
32.0,52.0,14.0,365.0
34.0,52.0,14.0,365.0
36.0,52.0,14.0,365.0
38.0,52.0,14.0,365.0
42.0,52.0,14.0,365.0
44.0,52.0,14.0,365.0
-44.0,54.0,14.0,300.0
-42.0,54.0,14.0,300.0
-40.0,54.0,14.0,300.0
-38.0,54.0,14.0,62.0
-36.0,54.0,14.0,62.0
-34.0,54.0,14.0,62.0
-32.0,54.0,14.0,280.0
-30.0,54.0,14.0,280.0
-28.0,54.0,14.0,280.0
-26.0,54.0,14.0,280.0
-24.0,54.0,14.0,280.0
-12.0,54.0,14.0,407.0
-10.0,54.0,14.0,407.0
-8.0,54.0,14.0,407.0
-6.0,54.0,14.0,407.0
-4.0,54.0,14.0,407.0
-2.0,54.0,14.0,407.0
0.0,54.0,14.0,263.0
2.0,54.0,14.0,525.0
4.0,54.0,14.0,525.0
6.0,54.0,14.0,525.0
8.0,54.0,14.0,525.0
10.0,54.0,14.0,525.0
12.0,54.0,14.0,525.0
24.0,54.0,14.0,365.0
26.0,54.0,14.0,365.0
28.0,54.0,14.0,365.0
30.0,54.0,14.0,365.0
32.0,54.0,14.0,365.0
34.0,54.0,14.0,365.0
36.0,54.0,14.0,365.0
38.0,54.0,14.0,365.0
40.0,54.0,14.0,365.0
42.0,54.0,14.0,365.0
-42.0,56.0,14.0,300.0
-40.0,56.0,14.0,300.0
-38.0,56.0,14.0,300.0
-36.0,56.0,14.0,62.0
-34.0,56.0,14.0,62.0
-32.0,56.0,14.0,280.0
-30.0,56.0,14.0,280.0
-28.0,56.0,14.0,280.0
-26.0,56.0,14.0,280.0
-24.0,56.0,14.0,280.0
-22.0,56.0,14.0,280.0
-12.0,56.0,14.0,407.0
-10.0,56.0,14.0,407.0
-8.0,56.0,14.0,407.0
-6.0,56.0,14.0,407.0
-4.0,56.0,14.0,407.0
-2.0,56.0,14.0,407.0
2.0,56.0,14.0,525.0
4.0,56.0,14.0,525.0
6.0,56.0,14.0,525.0
8.0,56.0,14.0,525.0
10.0,56.0,14.0,525.0
12.0,56.0,14.0,525.0
22.0,56.0,14.0,142.0
24.0,56.0,14.0,142.0
26.0,56.0,14.0,365.0
28.0,56.0,14.0,365.0
30.0,56.0,14.0,365.0
32.0,56.0,14.0,365.0
34.0,56.0,14.0,365.0
36.0,56.0,14.0,365.0
38.0,56.0,14.0,365.0
40.0,56.0,14.0,365.0
-42.0,58.0,14.0,300.0
-40.0,58.0,14.0,300.0
-38.0,58.0,14.0,300.0
-36.0,58.0,14.0,300.0
-34.0,58.0,14.0,62.0
-32.0,58.0,14.0,280.0
-30.0,58.0,14.0,280.0
-28.0,58.0,14.0,280.0
-26.0,58.0,14.0,280.0
-24.0,58.0,14.0,280.0
-22.0,58.0,14.0,280.0
-20.0,58.0,14.0,280.0
-12.0,58.0,14.0,305.0
-10.0,58.0,14.0,305.0
-8.0,58.0,14.0,407.0
-6.0,58.0,14.0,407.0
-4.0,58.0,14.0,407.0
-2.0,58.0,14.0,407.0
4.0,58.0,14.0,251.0
6.0,58.0,14.0,251.0
8.0,58.0,14.0,251.0
10.0,58.0,14.0,251.0
12.0,58.0,14.0,251.0
22.0,58.0,14.0,142.0
24.0,58.0,14.0,97.0
26.0,58.0,14.0,365.0
28.0,58.0,14.0,365.0
30.0,58.0,14.0,365.0
32.0,58.0,14.0,365.0
34.0,58.0,14.0,365.0
36.0,58.0,14.0,365.0
38.0,58.0,14.0,365.0
40.0,58.0,14.0,365.0
-40.0,60.0,14.0,300.0
-38.0,60.0,14.0,300.0
-36.0,60.0,14.0,300.0
-34.0,60.0,14.0,300.0
-32.0,60.0,14.0,280.0
-30.0,60.0,14.0,280.0
-28.0,60.0,14.0,280.0
-26.0,60.0,14.0,280.0
-24.0,60.0,14.0,280.0
-22.0,60.0,14.0,280.0
-20.0,60.0,14.0,305.0
-12.0,60.0,14.0,305.0
-10.0,60.0,14.0,305.0
-8.0,60.0,14.0,305.0
-6.0,60.0,14.0,305.0
-4.0,60.0,14.0,305.0
-2.0,60.0,14.0,251.0
4.0,60.0,14.0,251.0
6.0,60.0,14.0,251.0
8.0,60.0,14.0,251.0
10.0,60.0,14.0,251.0
12.0,60.0,14.0,251.0
24.0,60.0,14.0,97.0
26.0,60.0,14.0,97.0
28.0,60.0,14.0,365.0
30.0,60.0,14.0,365.0
32.0,60.0,14.0,365.0
34.0,60.0,14.0,365.0
36.0,60.0,14.0,365.0
38.0,60.0,14.0,365.0
-36.0,62.0,14.0,300.0
-34.0,62.0,14.0,300.0
-32.0,62.0,14.0,280.0
-30.0,62.0,14.0,280.0
-28.0,62.0,14.0,280.0
-26.0,62.0,14.0,280.0
-24.0,62.0,14.0,280.0
-22.0,62.0,14.0,280.0
-20.0,62.0,14.0,305.0
-18.0,62.0,14.0,305.0
-16.0,62.0,14.0,305.0
-12.0,62.0,14.0,305.0
-10.0,62.0,14.0,305.0
-8.0,62.0,14.0,305.0
-6.0,62.0,14.0,305.0
-4.0,62.0,14.0,305.0
-2.0,62.0,14.0,251.0
4.0,62.0,14.0,251.0
6.0,62.0,14.0,251.0
8.0,62.0,14.0,251.0
10.0,62.0,14.0,251.0
12.0,62.0,14.0,251.0
22.0,62.0,14.0,97.0
24.0,62.0,14.0,97.0
26.0,62.0,14.0,97.0
28.0,62.0,14.0,97.0
30.0,62.0,14.0,97.0
32.0,62.0,14.0,365.0
34.0,62.0,14.0,365.0
-32.0,64.0,14.0,262.0
-30.0,64.0,14.0,280.0
-28.0,64.0,14.0,280.0
-26.0,64.0,14.0,280.0
-24.0,64.0,14.0,280.0
-22.0,64.0,14.0,305.0
-20.0,64.0,14.0,305.0
-18.0,64.0,14.0,305.0
-16.0,64.0,14.0,305.0
-14.0,64.0,14.0,305.0
-12.0,64.0,14.0,305.0
-10.0,64.0,14.0,305.0
-8.0,64.0,14.0,305.0
-6.0,64.0,14.0,305.0
-4.0,64.0,14.0,305.0
-2.0,64.0,14.0,251.0
4.0,64.0,14.0,251.0
6.0,64.0,14.0,251.0
8.0,64.0,14.0,251.0
10.0,64.0,14.0,251.0
12.0,64.0,14.0,251.0
18.0,64.0,14.0,251.0
20.0,64.0,14.0,97.0
22.0,64.0,14.0,97.0
24.0,64.0,14.0,97.0
26.0,64.0,14.0,97.0
28.0,64.0,14.0,97.0
-30.0,66.0,14.0,262.0
-28.0,66.0,14.0,262.0
-26.0,66.0,14.0,4.0
-24.0,66.0,14.0,305.0
-22.0,66.0,14.0,305.0
-20.0,66.0,14.0,305.0
-18.0,66.0,14.0,305.0
-16.0,66.0,14.0,305.0
-14.0,66.0,14.0,305.0
-12.0,66.0,14.0,305.0
-10.0,66.0,14.0,305.0
-8.0,66.0,14.0,305.0
-6.0,66.0,14.0,305.0
-4.0,66.0,14.0,305.0
-2.0,66.0,14.0,251.0
4.0,66.0,14.0,251.0
6.0,66.0,14.0,251.0
8.0,66.0,14.0,251.0
10.0,66.0,14.0,251.0
12.0,66.0,14.0,251.0
14.0,66.0,14.0,251.0
16.0,66.0,14.0,251.0
18.0,66.0,14.0,251.0
20.0,66.0,14.0,251.0
22.0,66.0,14.0,97.0
24.0,66.0,14.0,97.0
26.0,66.0,14.0,97.0
-28.0,68.0,14.0,262.0
-26.0,68.0,14.0,262.0
-24.0,68.0,14.0,305.0
-22.0,68.0,14.0,305.0
-20.0,68.0,14.0,305.0
-18.0,68.0,14.0,305.0
-16.0,68.0,14.0,305.0
-14.0,68.0,14.0,305.0
-12.0,68.0,14.0,305.0
-10.0,68.0,14.0,305.0
-8.0,68.0,14.0,305.0
-6.0,68.0,14.0,305.0
-4.0,68.0,14.0,305.0
-2.0,68.0,14.0,251.0
4.0,68.0,14.0,251.0
6.0,68.0,14.0,251.0
8.0,68.0,14.0,251.0
10.0,68.0,14.0,251.0
12.0,68.0,14.0,251.0
14.0,68.0,14.0,251.0
16.0,68.0,14.0,251.0
18.0,68.0,14.0,251.0
20.0,68.0,14.0,251.0
22.0,68.0,14.0,97.0
24.0,68.0,14.0,97.0
-22.0,70.0,14.0,305.0
-20.0,70.0,14.0,305.0
-18.0,70.0,14.0,305.0
-16.0,70.0,14.0,305.0
-14.0,70.0,14.0,305.0
-12.0,70.0,14.0,305.0
-10.0,70.0,14.0,305.0
-8.0,70.0,14.0,305.0
-6.0,70.0,14.0,305.0
-4.0,70.0,14.0,305.0
-2.0,70.0,14.0,251.0
4.0,70.0,14.0,251.0
6.0,70.0,14.0,251.0
8.0,70.0,14.0,251.0
10.0,70.0,14.0,251.0
12.0,70.0,14.0,251.0
14.0,70.0,14.0,251.0
16.0,70.0,14.0,251.0
18.0,70.0,14.0,251.0
-14.0,72.0,14.0,305.0
-12.0,72.0,14.0,305.0
-10.0,72.0,14.0,305.0
-16.0,-102.0,16.0,367.0
-14.0,-102.0,16.0,247.0
4.0,-102.0,16.0,380.0
6.0,-102.0,16.0,380.0
8.0,-102.0,16.0,380.0
10.0,-102.0,16.0,139.0
12.0,-102.0,16.0,139.0
14.0,-102.0,16.0,139.0
16.0,-102.0,16.0,139.0
18.0,-102.0,16.0,139.0
-22.0,-100.0,16.0,367.0
-20.0,-100.0,16.0,367.0
-18.0,-100.0,16.0,367.0
-16.0,-100.0,16.0,367.0
-14.0,-100.0,16.0,247.0
-12.0,-100.0,16.0,247.0
-10.0,-100.0,16.0,247.0
2.0,-100.0,16.0,380.0
4.0,-100.0,16.0,380.0
6.0,-100.0,16.0,380.0
8.0,-100.0,16.0,380.0
10.0,-100.0,16.0,139.0
12.0,-100.0,16.0,139.0
14.0,-100.0,16.0,139.0
16.0,-100.0,16.0,139.0
18.0,-100.0,16.0,139.0
20.0,-100.0,16.0,139.0
22.0,-100.0,16.0,139.0
-26.0,-98.0,16.0,367.0
-24.0,-98.0,16.0,367.0
-22.0,-98.0,16.0,367.0
-20.0,-98.0,16.0,367.0
-18.0,-98.0,16.0,367.0
-16.0,-98.0,16.0,367.0
-14.0,-98.0,16.0,247.0
-12.0,-98.0,16.0,247.0
-10.0,-98.0,16.0,247.0
-8.0,-98.0,16.0,420.0
0.0,-98.0,16.0,461.0
2.0,-98.0,16.0,380.0
4.0,-98.0,16.0,380.0
6.0,-98.0,16.0,380.0
8.0,-98.0,16.0,139.0
10.0,-98.0,16.0,139.0
12.0,-98.0,16.0,139.0
14.0,-98.0,16.0,139.0
16.0,-98.0,16.0,139.0
18.0,-98.0,16.0,139.0
20.0,-98.0,16.0,139.0
22.0,-98.0,16.0,139.0
24.0,-98.0,16.0,139.0
26.0,-98.0,16.0,139.0
-30.0,-96.0,16.0,519.0
-28.0,-96.0,16.0,367.0
-26.0,-96.0,16.0,367.0
-24.0,-96.0,16.0,367.0
-22.0,-96.0,16.0,367.0
-20.0,-96.0,16.0,367.0
-18.0,-96.0,16.0,367.0
-16.0,-96.0,16.0,367.0
-14.0,-96.0,16.0,247.0
-12.0,-96.0,16.0,247.0
-10.0,-96.0,16.0,247.0
-8.0,-96.0,16.0,461.0
-2.0,-96.0,16.0,461.0
0.0,-96.0,16.0,461.0
2.0,-96.0,16.0,461.0
4.0,-96.0,16.0,380.0
6.0,-96.0,16.0,380.0
8.0,-96.0,16.0,139.0
10.0,-96.0,16.0,139.0
12.0,-96.0,16.0,139.0
14.0,-96.0,16.0,139.0
16.0,-96.0,16.0,139.0
18.0,-96.0,16.0,139.0
20.0,-96.0,16.0,139.0
22.0,-96.0,16.0,139.0
24.0,-96.0,16.0,139.0
26.0,-96.0,16.0,366.0
28.0,-96.0,16.0,366.0
30.0,-96.0,16.0,366.0
-30.0,-94.0,16.0,519.0
-28.0,-94.0,16.0,367.0
-26.0,-94.0,16.0,367.0
-24.0,-94.0,16.0,367.0
-22.0,-94.0,16.0,367.0
-20.0,-94.0,16.0,367.0
-18.0,-94.0,16.0,367.0
-16.0,-94.0,16.0,367.0
-14.0,-94.0,16.0,247.0
-12.0,-94.0,16.0,247.0
-10.0,-94.0,16.0,247.0
-8.0,-94.0,16.0,461.0
-6.0,-94.0,16.0,461.0
-4.0,-94.0,16.0,461.0
-2.0,-94.0,16.0,461.0
0.0,-94.0,16.0,461.0
2.0,-94.0,16.0,461.0
4.0,-94.0,16.0,461.0
6.0,-94.0,16.0,380.0
8.0,-94.0,16.0,139.0
10.0,-94.0,16.0,139.0
12.0,-94.0,16.0,139.0
14.0,-94.0,16.0,139.0
16.0,-94.0,16.0,139.0
18.0,-94.0,16.0,139.0
20.0,-94.0,16.0,139.0
22.0,-94.0,16.0,139.0
24.0,-94.0,16.0,366.0
26.0,-94.0,16.0,366.0
28.0,-94.0,16.0,366.0
30.0,-94.0,16.0,366.0
32.0,-94.0,16.0,366.0
-36.0,-92.0,16.0,279.0
-34.0,-92.0,16.0,279.0
-32.0,-92.0,16.0,279.0
-30.0,-92.0,16.0,279.0
-28.0,-92.0,16.0,367.0
-26.0,-92.0,16.0,367.0
-24.0,-92.0,16.0,367.0
-22.0,-92.0,16.0,367.0
-20.0,-92.0,16.0,367.0
-18.0,-92.0,16.0,367.0
-16.0,-92.0,16.0,367.0
-14.0,-92.0,16.0,247.0
-12.0,-92.0,16.0,247.0
-10.0,-92.0,16.0,461.0
-8.0,-92.0,16.0,461.0
-6.0,-92.0,16.0,461.0
-4.0,-92.0,16.0,461.0
-2.0,-92.0,16.0,461.0
0.0,-92.0,16.0,461.0
2.0,-92.0,16.0,461.0
4.0,-92.0,16.0,461.0
6.0,-92.0,16.0,461.0
8.0,-92.0,16.0,139.0
10.0,-92.0,16.0,139.0
12.0,-92.0,16.0,139.0
14.0,-92.0,16.0,139.0
16.0,-92.0,16.0,139.0
18.0,-92.0,16.0,139.0
20.0,-92.0,16.0,139.0
22.0,-92.0,16.0,139.0
24.0,-92.0,16.0,366.0
26.0,-92.0,16.0,366.0
28.0,-92.0,16.0,366.0
30.0,-92.0,16.0,366.0
32.0,-92.0,16.0,366.0
34.0,-92.0,16.0,366.0
-38.0,-90.0,16.0,279.0
-36.0,-90.0,16.0,279.0
-34.0,-90.0,16.0,279.0
-32.0,-90.0,16.0,279.0
-30.0,-90.0,16.0,279.0
-28.0,-90.0,16.0,279.0
-26.0,-90.0,16.0,367.0
-24.0,-90.0,16.0,367.0
-22.0,-90.0,16.0,367.0
-20.0,-90.0,16.0,367.0
-18.0,-90.0,16.0,367.0
-16.0,-90.0,16.0,367.0
-14.0,-90.0,16.0,247.0
-12.0,-90.0,16.0,230.0
-10.0,-90.0,16.0,461.0
-8.0,-90.0,16.0,461.0
-6.0,-90.0,16.0,461.0
-4.0,-90.0,16.0,461.0
-2.0,-90.0,16.0,461.0
0.0,-90.0,16.0,461.0
2.0,-90.0,16.0,461.0
4.0,-90.0,16.0,461.0
6.0,-90.0,16.0,461.0
8.0,-90.0,16.0,139.0
10.0,-90.0,16.0,139.0
12.0,-90.0,16.0,139.0
14.0,-90.0,16.0,139.0
16.0,-90.0,16.0,139.0
18.0,-90.0,16.0,139.0
20.0,-90.0,16.0,139.0
22.0,-90.0,16.0,366.0
24.0,-90.0,16.0,366.0
26.0,-90.0,16.0,366.0
28.0,-90.0,16.0,366.0
30.0,-90.0,16.0,366.0
32.0,-90.0,16.0,366.0
34.0,-90.0,16.0,366.0
36.0,-90.0,16.0,366.0
38.0,-90.0,16.0,150.0
40.0,-90.0,16.0,548.0
-40.0,-88.0,16.0,279.0
-38.0,-88.0,16.0,279.0
-36.0,-88.0,16.0,279.0
-34.0,-88.0,16.0,279.0
-32.0,-88.0,16.0,279.0
-30.0,-88.0,16.0,279.0
-28.0,-88.0,16.0,279.0
-26.0,-88.0,16.0,279.0
-24.0,-88.0,16.0,367.0
-22.0,-88.0,16.0,367.0
-20.0,-88.0,16.0,367.0
-18.0,-88.0,16.0,367.0
-16.0,-88.0,16.0,367.0
-14.0,-88.0,16.0,247.0
-12.0,-88.0,16.0,230.0
-10.0,-88.0,16.0,230.0
-8.0,-88.0,16.0,461.0
-6.0,-88.0,16.0,461.0
-4.0,-88.0,16.0,461.0
-2.0,-88.0,16.0,461.0
0.0,-88.0,16.0,461.0
2.0,-88.0,16.0,461.0
4.0,-88.0,16.0,461.0
6.0,-88.0,16.0,461.0
8.0,-88.0,16.0,461.0
10.0,-88.0,16.0,139.0
12.0,-88.0,16.0,139.0
14.0,-88.0,16.0,139.0
16.0,-88.0,16.0,139.0
18.0,-88.0,16.0,139.0
20.0,-88.0,16.0,366.0
22.0,-88.0,16.0,366.0
24.0,-88.0,16.0,366.0
26.0,-88.0,16.0,366.0
28.0,-88.0,16.0,366.0
30.0,-88.0,16.0,366.0
32.0,-88.0,16.0,366.0
34.0,-88.0,16.0,366.0
36.0,-88.0,16.0,534.0
38.0,-88.0,16.0,150.0
40.0,-88.0,16.0,548.0
42.0,-88.0,16.0,548.0
-40.0,-86.0,16.0,279.0
-38.0,-86.0,16.0,279.0
-36.0,-86.0,16.0,279.0
-34.0,-86.0,16.0,279.0
-32.0,-86.0,16.0,279.0
-30.0,-86.0,16.0,279.0
-28.0,-86.0,16.0,279.0
-26.0,-86.0,16.0,279.0
-24.0,-86.0,16.0,279.0
-22.0,-86.0,16.0,279.0
-20.0,-86.0,16.0,367.0
-18.0,-86.0,16.0,367.0
-16.0,-86.0,16.0,367.0
-14.0,-86.0,16.0,230.0
-12.0,-86.0,16.0,230.0
-10.0,-86.0,16.0,230.0
-8.0,-86.0,16.0,461.0
-6.0,-86.0,16.0,461.0
-4.0,-86.0,16.0,461.0
-2.0,-86.0,16.0,461.0
0.0,-86.0,16.0,461.0
2.0,-86.0,16.0,461.0
4.0,-86.0,16.0,461.0
6.0,-86.0,16.0,461.0
8.0,-86.0,16.0,461.0
10.0,-86.0,16.0,139.0
12.0,-86.0,16.0,139.0
14.0,-86.0,16.0,139.0
16.0,-86.0,16.0,139.0
20.0,-86.0,16.0,366.0
22.0,-86.0,16.0,366.0
24.0,-86.0,16.0,366.0
26.0,-86.0,16.0,366.0
28.0,-86.0,16.0,366.0
30.0,-86.0,16.0,366.0
32.0,-86.0,16.0,534.0
34.0,-86.0,16.0,534.0
36.0,-86.0,16.0,534.0
38.0,-86.0,16.0,534.0
40.0,-86.0,16.0,548.0
42.0,-86.0,16.0,548.0
44.0,-86.0,16.0,548.0
46.0,-86.0,16.0,548.0
-40.0,-84.0,16.0,279.0
-38.0,-84.0,16.0,279.0
-36.0,-84.0,16.0,279.0
-34.0,-84.0,16.0,279.0
-32.0,-84.0,16.0,279.0
-30.0,-84.0,16.0,279.0
-28.0,-84.0,16.0,279.0
-26.0,-84.0,16.0,279.0
-20.0,-84.0,16.0,454.0
-18.0,-84.0,16.0,594.0
-16.0,-84.0,16.0,594.0
-10.0,-84.0,16.0,230.0
-8.0,-84.0,16.0,230.0
-6.0,-84.0,16.0,461.0
-4.0,-84.0,16.0,461.0
-2.0,-84.0,16.0,461.0
0.0,-84.0,16.0,461.0
2.0,-84.0,16.0,461.0
4.0,-84.0,16.0,461.0
6.0,-84.0,16.0,461.0
8.0,-84.0,16.0,461.0
10.0,-84.0,16.0,461.0
12.0,-84.0,16.0,139.0
14.0,-84.0,16.0,139.0
16.0,-84.0,16.0,139.0
22.0,-84.0,16.0,366.0
24.0,-84.0,16.0,366.0
26.0,-84.0,16.0,366.0
28.0,-84.0,16.0,534.0
30.0,-84.0,16.0,534.0
32.0,-84.0,16.0,534.0
34.0,-84.0,16.0,534.0
36.0,-84.0,16.0,534.0
38.0,-84.0,16.0,534.0
40.0,-84.0,16.0,548.0
42.0,-84.0,16.0,548.0
44.0,-84.0,16.0,548.0
46.0,-84.0,16.0,413.0
-40.0,-82.0,16.0,279.0
-38.0,-82.0,16.0,279.0
-36.0,-82.0,16.0,279.0
-34.0,-82.0,16.0,279.0
-32.0,-82.0,16.0,279.0
-30.0,-82.0,16.0,279.0
-28.0,-82.0,16.0,279.0
-12.0,-82.0,16.0,594.0
-10.0,-82.0,16.0,230.0
-8.0,-82.0,16.0,230.0
-6.0,-82.0,16.0,461.0
-4.0,-82.0,16.0,461.0
-2.0,-82.0,16.0,461.0
0.0,-82.0,16.0,461.0
2.0,-82.0,16.0,461.0
4.0,-82.0,16.0,578.0
6.0,-82.0,16.0,578.0
8.0,-82.0,16.0,578.0
10.0,-82.0,16.0,578.0
12.0,-82.0,16.0,578.0
14.0,-82.0,16.0,139.0
16.0,-82.0,16.0,366.0
22.0,-82.0,16.0,366.0
24.0,-82.0,16.0,534.0
26.0,-82.0,16.0,534.0
28.0,-82.0,16.0,534.0
30.0,-82.0,16.0,534.0
32.0,-82.0,16.0,534.0
34.0,-82.0,16.0,534.0
36.0,-82.0,16.0,534.0
38.0,-82.0,16.0,534.0
40.0,-82.0,16.0,100.0
42.0,-82.0,16.0,548.0
44.0,-82.0,16.0,413.0
46.0,-82.0,16.0,413.0
48.0,-82.0,16.0,413.0
-38.0,-80.0,16.0,279.0
-36.0,-80.0,16.0,279.0
-34.0,-80.0,16.0,279.0
-32.0,-80.0,16.0,279.0
-30.0,-80.0,16.0,279.0
-14.0,-80.0,16.0,594.0
-12.0,-80.0,16.0,594.0
-10.0,-80.0,16.0,594.0
-8.0,-80.0,16.0,230.0
-6.0,-80.0,16.0,230.0
-4.0,-80.0,16.0,461.0
-2.0,-80.0,16.0,578.0
0.0,-80.0,16.0,578.0
2.0,-80.0,16.0,578.0
4.0,-80.0,16.0,578.0
6.0,-80.0,16.0,578.0
8.0,-80.0,16.0,578.0
10.0,-80.0,16.0,578.0
12.0,-80.0,16.0,578.0
14.0,-80.0,16.0,578.0
16.0,-80.0,16.0,366.0
24.0,-80.0,16.0,534.0
26.0,-80.0,16.0,534.0
28.0,-80.0,16.0,534.0
30.0,-80.0,16.0,534.0
32.0,-80.0,16.0,534.0
34.0,-80.0,16.0,534.0
36.0,-80.0,16.0,534.0
38.0,-80.0,16.0,534.0
40.0,-80.0,16.0,100.0
42.0,-80.0,16.0,100.0
44.0,-80.0,16.0,413.0
46.0,-80.0,16.0,413.0
48.0,-80.0,16.0,413.0
50.0,-80.0,16.0,99.0
-38.0,-78.0,16.0,351.0
-36.0,-78.0,16.0,351.0
-34.0,-78.0,16.0,279.0
-18.0,-78.0,16.0,594.0
-16.0,-78.0,16.0,594.0
-14.0,-78.0,16.0,594.0
-12.0,-78.0,16.0,594.0
-10.0,-78.0,16.0,594.0
-8.0,-78.0,16.0,594.0
-6.0,-78.0,16.0,578.0
-4.0,-78.0,16.0,578.0
-2.0,-78.0,16.0,578.0
0.0,-78.0,16.0,578.0
2.0,-78.0,16.0,578.0
4.0,-78.0,16.0,578.0
6.0,-78.0,16.0,578.0
8.0,-78.0,16.0,578.0
10.0,-78.0,16.0,578.0
12.0,-78.0,16.0,578.0
14.0,-78.0,16.0,578.0
16.0,-78.0,16.0,578.0
18.0,-78.0,16.0,534.0
26.0,-78.0,16.0,534.0
28.0,-78.0,16.0,534.0
30.0,-78.0,16.0,534.0
32.0,-78.0,16.0,534.0
34.0,-78.0,16.0,534.0
36.0,-78.0,16.0,534.0
38.0,-78.0,16.0,100.0
40.0,-78.0,16.0,100.0
42.0,-78.0,16.0,413.0
44.0,-78.0,16.0,413.0
46.0,-78.0,16.0,413.0
48.0,-78.0,16.0,413.0
50.0,-78.0,16.0,413.0
-36.0,-76.0,16.0,351.0
-34.0,-76.0,16.0,351.0
-18.0,-76.0,16.0,594.0
-16.0,-76.0,16.0,594.0
-14.0,-76.0,16.0,594.0
-12.0,-76.0,16.0,594.0
-10.0,-76.0,16.0,594.0
-8.0,-76.0,16.0,349.0
-6.0,-76.0,16.0,578.0
-4.0,-76.0,16.0,578.0
-2.0,-76.0,16.0,578.0
0.0,-76.0,16.0,578.0
2.0,-76.0,16.0,578.0
4.0,-76.0,16.0,578.0
6.0,-76.0,16.0,578.0
8.0,-76.0,16.0,578.0
10.0,-76.0,16.0,578.0
12.0,-76.0,16.0,578.0
14.0,-76.0,16.0,578.0
16.0,-76.0,16.0,578.0
18.0,-76.0,16.0,534.0
32.0,-76.0,16.0,534.0
34.0,-76.0,16.0,534.0
36.0,-76.0,16.0,534.0
38.0,-76.0,16.0,100.0
40.0,-76.0,16.0,100.0
42.0,-76.0,16.0,413.0
44.0,-76.0,16.0,413.0
46.0,-76.0,16.0,413.0
48.0,-76.0,16.0,413.0
50.0,-76.0,16.0,413.0
52.0,-76.0,16.0,99.0
-48.0,-74.0,16.0,552.0
-34.0,-74.0,16.0,351.0
-32.0,-74.0,16.0,351.0
-20.0,-74.0,16.0,594.0
-18.0,-74.0,16.0,594.0
-16.0,-74.0,16.0,594.0
-14.0,-74.0,16.0,594.0
-12.0,-74.0,16.0,349.0
-10.0,-74.0,16.0,349.0
-8.0,-74.0,16.0,349.0
-6.0,-74.0,16.0,578.0
-4.0,-74.0,16.0,578.0
-2.0,-74.0,16.0,578.0
0.0,-74.0,16.0,578.0
2.0,-74.0,16.0,578.0
4.0,-74.0,16.0,578.0
6.0,-74.0,16.0,578.0
8.0,-74.0,16.0,578.0
10.0,-74.0,16.0,578.0
12.0,-74.0,16.0,578.0
14.0,-74.0,16.0,578.0
16.0,-74.0,16.0,578.0
18.0,-74.0,16.0,352.0
20.0,-74.0,16.0,352.0
34.0,-74.0,16.0,534.0
36.0,-74.0,16.0,100.0
38.0,-74.0,16.0,100.0
40.0,-74.0,16.0,100.0
42.0,-74.0,16.0,413.0
44.0,-74.0,16.0,413.0
46.0,-74.0,16.0,413.0
48.0,-74.0,16.0,413.0
50.0,-74.0,16.0,413.0
52.0,-74.0,16.0,413.0
-52.0,-72.0,16.0,584.0
-50.0,-72.0,16.0,552.0
-48.0,-72.0,16.0,552.0
-46.0,-72.0,16.0,552.0
-44.0,-72.0,16.0,351.0
-20.0,-72.0,16.0,594.0
-18.0,-72.0,16.0,594.0
-16.0,-72.0,16.0,594.0
-14.0,-72.0,16.0,349.0
-12.0,-72.0,16.0,349.0
-10.0,-72.0,16.0,349.0
-8.0,-72.0,16.0,349.0
-6.0,-72.0,16.0,578.0
-4.0,-72.0,16.0,578.0
-2.0,-72.0,16.0,578.0
0.0,-72.0,16.0,578.0
2.0,-72.0,16.0,578.0
4.0,-72.0,16.0,578.0
6.0,-72.0,16.0,578.0
8.0,-72.0,16.0,578.0
10.0,-72.0,16.0,578.0
12.0,-72.0,16.0,578.0
14.0,-72.0,16.0,578.0
16.0,-72.0,16.0,352.0
18.0,-72.0,16.0,352.0
20.0,-72.0,16.0,352.0
34.0,-72.0,16.0,534.0
36.0,-72.0,16.0,100.0
38.0,-72.0,16.0,100.0
40.0,-72.0,16.0,100.0
42.0,-72.0,16.0,413.0
44.0,-72.0,16.0,413.0
46.0,-72.0,16.0,413.0
48.0,-72.0,16.0,413.0
50.0,-72.0,16.0,413.0
52.0,-72.0,16.0,413.0
-54.0,-70.0,16.0,584.0
-52.0,-70.0,16.0,584.0
-50.0,-70.0,16.0,584.0
-48.0,-70.0,16.0,552.0
-46.0,-70.0,16.0,552.0
-44.0,-70.0,16.0,423.0
-18.0,-70.0,16.0,157.0
-16.0,-70.0,16.0,157.0
-14.0,-70.0,16.0,349.0
-12.0,-70.0,16.0,349.0
-10.0,-70.0,16.0,349.0
-8.0,-70.0,16.0,349.0
-6.0,-70.0,16.0,578.0
-4.0,-70.0,16.0,578.0
-2.0,-70.0,16.0,578.0
0.0,-70.0,16.0,578.0
2.0,-70.0,16.0,578.0
4.0,-70.0,16.0,578.0
6.0,-70.0,16.0,578.0
8.0,-70.0,16.0,578.0
10.0,-70.0,16.0,578.0
12.0,-70.0,16.0,578.0
14.0,-70.0,16.0,578.0
16.0,-70.0,16.0,352.0
18.0,-70.0,16.0,352.0
20.0,-70.0,16.0,352.0
34.0,-70.0,16.0,100.0
36.0,-70.0,16.0,100.0
38.0,-70.0,16.0,100.0
40.0,-70.0,16.0,90.0
42.0,-70.0,16.0,413.0
44.0,-70.0,16.0,413.0
46.0,-70.0,16.0,413.0
48.0,-70.0,16.0,413.0
50.0,-70.0,16.0,413.0
52.0,-70.0,16.0,413.0
54.0,-70.0,16.0,309.0
-56.0,-68.0,16.0,584.0
-54.0,-68.0,16.0,584.0
-52.0,-68.0,16.0,584.0
-50.0,-68.0,16.0,584.0
-48.0,-68.0,16.0,584.0
-46.0,-68.0,16.0,570.0
-44.0,-68.0,16.0,570.0
-38.0,-68.0,16.0,351.0
-18.0,-68.0,16.0,157.0
-16.0,-68.0,16.0,157.0
-14.0,-68.0,16.0,157.0
-12.0,-68.0,16.0,118.0
-10.0,-68.0,16.0,118.0
-8.0,-68.0,16.0,118.0
-6.0,-68.0,16.0,118.0
-4.0,-68.0,16.0,578.0
0.0,-68.0,16.0,578.0
2.0,-68.0,16.0,578.0
4.0,-68.0,16.0,578.0
6.0,-68.0,16.0,578.0
8.0,-68.0,16.0,578.0
10.0,-68.0,16.0,578.0
12.0,-68.0,16.0,578.0
14.0,-68.0,16.0,352.0
16.0,-68.0,16.0,352.0
18.0,-68.0,16.0,352.0
20.0,-68.0,16.0,352.0
34.0,-68.0,16.0,537.0
36.0,-68.0,16.0,90.0
38.0,-68.0,16.0,90.0
40.0,-68.0,16.0,90.0
42.0,-68.0,16.0,90.0
44.0,-68.0,16.0,90.0
46.0,-68.0,16.0,413.0
48.0,-68.0,16.0,413.0
50.0,-68.0,16.0,309.0
52.0,-68.0,16.0,309.0
54.0,-68.0,16.0,309.0
56.0,-68.0,16.0,309.0
58.0,-68.0,16.0,309.0
-58.0,-66.0,16.0,584.0
-56.0,-66.0,16.0,584.0
-54.0,-66.0,16.0,584.0
-52.0,-66.0,16.0,584.0
-50.0,-66.0,16.0,584.0
-48.0,-66.0,16.0,584.0
-46.0,-66.0,16.0,584.0
-44.0,-66.0,16.0,299.0
-40.0,-66.0,16.0,541.0
-38.0,-66.0,16.0,541.0
-20.0,-66.0,16.0,157.0
-18.0,-66.0,16.0,157.0
-16.0,-66.0,16.0,157.0
-14.0,-66.0,16.0,157.0
-12.0,-66.0,16.0,118.0
-10.0,-66.0,16.0,118.0
-8.0,-66.0,16.0,118.0
-6.0,-66.0,16.0,118.0
-4.0,-66.0,16.0,118.0
0.0,-66.0,16.0,578.0
2.0,-66.0,16.0,578.0
4.0,-66.0,16.0,578.0
6.0,-66.0,16.0,578.0
8.0,-66.0,16.0,578.0
10.0,-66.0,16.0,578.0
12.0,-66.0,16.0,578.0
14.0,-66.0,16.0,352.0
16.0,-66.0,16.0,352.0
18.0,-66.0,16.0,352.0
34.0,-66.0,16.0,90.0
36.0,-66.0,16.0,90.0
38.0,-66.0,16.0,90.0
40.0,-66.0,16.0,90.0
42.0,-66.0,16.0,90.0
44.0,-66.0,16.0,90.0
46.0,-66.0,16.0,90.0
48.0,-66.0,16.0,309.0
50.0,-66.0,16.0,309.0
52.0,-66.0,16.0,309.0
54.0,-66.0,16.0,309.0
56.0,-66.0,16.0,309.0
58.0,-66.0,16.0,309.0
60.0,-66.0,16.0,309.0
-58.0,-64.0,16.0,584.0
-56.0,-64.0,16.0,584.0
-54.0,-64.0,16.0,584.0
-52.0,-64.0,16.0,584.0
-50.0,-64.0,16.0,584.0
-48.0,-64.0,16.0,584.0
-46.0,-64.0,16.0,584.0
-44.0,-64.0,16.0,299.0
-40.0,-64.0,16.0,541.0
-22.0,-64.0,16.0,157.0
-20.0,-64.0,16.0,157.0
-18.0,-64.0,16.0,157.0
-16.0,-64.0,16.0,157.0
-14.0,-64.0,16.0,118.0
-12.0,-64.0,16.0,118.0
-10.0,-64.0,16.0,118.0
-8.0,-64.0,16.0,118.0
-6.0,-64.0,16.0,118.0
-4.0,-64.0,16.0,118.0
0.0,-64.0,16.0,578.0
2.0,-64.0,16.0,578.0
4.0,-64.0,16.0,578.0
6.0,-64.0,16.0,578.0
8.0,-64.0,16.0,243.0
10.0,-64.0,16.0,243.0
12.0,-64.0,16.0,469.0
14.0,-64.0,16.0,469.0
16.0,-64.0,16.0,352.0
18.0,-64.0,16.0,352.0
20.0,-64.0,16.0,352.0
22.0,-64.0,16.0,352.0
34.0,-64.0,16.0,90.0
36.0,-64.0,16.0,90.0
38.0,-64.0,16.0,90.0
40.0,-64.0,16.0,90.0
42.0,-64.0,16.0,90.0
44.0,-64.0,16.0,90.0
46.0,-64.0,16.0,90.0
48.0,-64.0,16.0,309.0
50.0,-64.0,16.0,309.0
52.0,-64.0,16.0,309.0
54.0,-64.0,16.0,309.0
56.0,-64.0,16.0,309.0
58.0,-64.0,16.0,309.0
60.0,-64.0,16.0,203.0
-60.0,-62.0,16.0,584.0
-58.0,-62.0,16.0,584.0
-56.0,-62.0,16.0,584.0
-54.0,-62.0,16.0,584.0
-52.0,-62.0,16.0,584.0
-50.0,-62.0,16.0,584.0
-48.0,-62.0,16.0,584.0
-46.0,-62.0,16.0,584.0
-22.0,-62.0,16.0,157.0
-20.0,-62.0,16.0,157.0
-18.0,-62.0,16.0,157.0
-16.0,-62.0,16.0,157.0
-14.0,-62.0,16.0,118.0
-12.0,-62.0,16.0,118.0
-10.0,-62.0,16.0,118.0
-8.0,-62.0,16.0,118.0
-6.0,-62.0,16.0,118.0
-4.0,-62.0,16.0,118.0
-2.0,-62.0,16.0,118.0
0.0,-62.0,16.0,578.0
2.0,-62.0,16.0,243.0
4.0,-62.0,16.0,243.0
6.0,-62.0,16.0,243.0
8.0,-62.0,16.0,243.0
10.0,-62.0,16.0,243.0
12.0,-62.0,16.0,469.0
14.0,-62.0,16.0,469.0
16.0,-62.0,16.0,469.0
18.0,-62.0,16.0,352.0
20.0,-62.0,16.0,352.0
22.0,-62.0,16.0,352.0
36.0,-62.0,16.0,90.0
38.0,-62.0,16.0,90.0
40.0,-62.0,16.0,90.0
42.0,-62.0,16.0,90.0
44.0,-62.0,16.0,90.0
46.0,-62.0,16.0,90.0
48.0,-62.0,16.0,309.0
52.0,-62.0,16.0,309.0
54.0,-62.0,16.0,309.0
56.0,-62.0,16.0,203.0
58.0,-62.0,16.0,203.0
60.0,-62.0,16.0,203.0
62.0,-62.0,16.0,203.0
-62.0,-60.0,16.0,584.0
-60.0,-60.0,16.0,584.0
-58.0,-60.0,16.0,584.0
-56.0,-60.0,16.0,584.0
-54.0,-60.0,16.0,584.0
-52.0,-60.0,16.0,584.0
-50.0,-60.0,16.0,584.0
-48.0,-60.0,16.0,584.0
-46.0,-60.0,16.0,81.0
-20.0,-60.0,16.0,17.0
-18.0,-60.0,16.0,17.0
-16.0,-60.0,16.0,17.0
-14.0,-60.0,16.0,452.0
-12.0,-60.0,16.0,118.0
-10.0,-60.0,16.0,118.0
-8.0,-60.0,16.0,118.0
-6.0,-60.0,16.0,118.0
-4.0,-60.0,16.0,118.0
-2.0,-60.0,16.0,118.0
0.0,-60.0,16.0,243.0
2.0,-60.0,16.0,243.0
4.0,-60.0,16.0,243.0
6.0,-60.0,16.0,243.0
8.0,-60.0,16.0,243.0
10.0,-60.0,16.0,243.0
12.0,-60.0,16.0,469.0
14.0,-60.0,16.0,469.0
16.0,-60.0,16.0,469.0
18.0,-60.0,16.0,469.0
20.0,-60.0,16.0,469.0
22.0,-60.0,16.0,352.0
36.0,-60.0,16.0,90.0
38.0,-60.0,16.0,90.0
40.0,-60.0,16.0,90.0
42.0,-60.0,16.0,190.0
44.0,-60.0,16.0,190.0
46.0,-60.0,16.0,190.0
50.0,-60.0,16.0,309.0
52.0,-60.0,16.0,203.0
54.0,-60.0,16.0,203.0
56.0,-60.0,16.0,203.0
58.0,-60.0,16.0,203.0
60.0,-60.0,16.0,203.0
62.0,-60.0,16.0,203.0
-62.0,-58.0,16.0,42.0
-60.0,-58.0,16.0,584.0
-58.0,-58.0,16.0,584.0
-56.0,-58.0,16.0,584.0
-54.0,-58.0,16.0,584.0
-52.0,-58.0,16.0,584.0
-50.0,-58.0,16.0,81.0
-48.0,-58.0,16.0,81.0
-24.0,-58.0,16.0,108.0
-22.0,-58.0,16.0,17.0
-20.0,-58.0,16.0,17.0
-16.0,-58.0,16.0,17.0
-14.0,-58.0,16.0,452.0
-12.0,-58.0,16.0,452.0
-10.0,-58.0,16.0,118.0
-8.0,-58.0,16.0,118.0
-6.0,-58.0,16.0,118.0
-4.0,-58.0,16.0,118.0
-2.0,-58.0,16.0,118.0
0.0,-58.0,16.0,243.0
2.0,-58.0,16.0,243.0
4.0,-58.0,16.0,243.0
6.0,-58.0,16.0,243.0
8.0,-58.0,16.0,243.0
10.0,-58.0,16.0,469.0
12.0,-58.0,16.0,469.0
14.0,-58.0,16.0,469.0
16.0,-58.0,16.0,469.0
18.0,-58.0,16.0,469.0
20.0,-58.0,16.0,469.0
38.0,-58.0,16.0,190.0
40.0,-58.0,16.0,190.0
42.0,-58.0,16.0,190.0
44.0,-58.0,16.0,190.0
50.0,-58.0,16.0,190.0
52.0,-58.0,16.0,203.0
54.0,-58.0,16.0,203.0
56.0,-58.0,16.0,203.0
58.0,-58.0,16.0,203.0
60.0,-58.0,16.0,203.0
62.0,-58.0,16.0,203.0
-64.0,-56.0,16.0,42.0
-62.0,-56.0,16.0,42.0
-60.0,-56.0,16.0,42.0
-58.0,-56.0,16.0,42.0
-56.0,-56.0,16.0,42.0
-54.0,-56.0,16.0,81.0
-52.0,-56.0,16.0,81.0
-50.0,-56.0,16.0,81.0
-48.0,-56.0,16.0,81.0
-46.0,-56.0,16.0,81.0
-24.0,-56.0,16.0,108.0
-22.0,-56.0,16.0,17.0
-20.0,-56.0,16.0,17.0
-18.0,-56.0,16.0,17.0
-16.0,-56.0,16.0,17.0
-14.0,-56.0,16.0,452.0
-12.0,-56.0,16.0,452.0
-10.0,-56.0,16.0,452.0
-8.0,-56.0,16.0,452.0
-6.0,-56.0,16.0,118.0
-4.0,-56.0,16.0,118.0
-2.0,-56.0,16.0,118.0
2.0,-56.0,16.0,181.0
4.0,-56.0,16.0,243.0
6.0,-56.0,16.0,243.0
8.0,-56.0,16.0,482.0
10.0,-56.0,16.0,469.0
12.0,-56.0,16.0,469.0
14.0,-56.0,16.0,469.0
16.0,-56.0,16.0,469.0
18.0,-56.0,16.0,469.0
38.0,-56.0,16.0,190.0
40.0,-56.0,16.0,190.0
42.0,-56.0,16.0,190.0
52.0,-56.0,16.0,190.0
54.0,-56.0,16.0,203.0
56.0,-56.0,16.0,203.0
58.0,-56.0,16.0,203.0
60.0,-56.0,16.0,203.0
62.0,-56.0,16.0,203.0
64.0,-56.0,16.0,203.0
-64.0,-54.0,16.0,42.0
-62.0,-54.0,16.0,42.0
-60.0,-54.0,16.0,42.0
-58.0,-54.0,16.0,42.0
-56.0,-54.0,16.0,42.0
-54.0,-54.0,16.0,81.0
-52.0,-54.0,16.0,81.0
-50.0,-54.0,16.0,81.0
-48.0,-54.0,16.0,81.0
-46.0,-54.0,16.0,81.0
-24.0,-54.0,16.0,108.0
-22.0,-54.0,16.0,17.0
-20.0,-54.0,16.0,17.0
-18.0,-54.0,16.0,17.0
-16.0,-54.0,16.0,17.0
-14.0,-54.0,16.0,452.0
-12.0,-54.0,16.0,452.0
-10.0,-54.0,16.0,452.0
-8.0,-54.0,16.0,452.0
-6.0,-54.0,16.0,452.0
-4.0,-54.0,16.0,118.0
2.0,-54.0,16.0,181.0
4.0,-54.0,16.0,181.0
6.0,-54.0,16.0,482.0
8.0,-54.0,16.0,482.0
10.0,-54.0,16.0,482.0
54.0,-54.0,16.0,190.0
56.0,-54.0,16.0,203.0
58.0,-54.0,16.0,203.0
60.0,-54.0,16.0,203.0
62.0,-54.0,16.0,203.0
64.0,-54.0,16.0,203.0
-66.0,-52.0,16.0,42.0
-64.0,-52.0,16.0,42.0
-62.0,-52.0,16.0,42.0
-60.0,-52.0,16.0,42.0
-58.0,-52.0,16.0,42.0
-56.0,-52.0,16.0,81.0
-54.0,-52.0,16.0,81.0
-52.0,-52.0,16.0,81.0
-50.0,-52.0,16.0,81.0
-48.0,-52.0,16.0,81.0
-46.0,-52.0,16.0,81.0
-22.0,-52.0,16.0,108.0
-20.0,-52.0,16.0,17.0
-18.0,-52.0,16.0,17.0
-16.0,-52.0,16.0,17.0
-14.0,-52.0,16.0,452.0
-12.0,-52.0,16.0,452.0
-10.0,-52.0,16.0,452.0
-8.0,-52.0,16.0,452.0
-6.0,-52.0,16.0,452.0
-4.0,-52.0,16.0,473.0
2.0,-52.0,16.0,181.0
4.0,-52.0,16.0,482.0
6.0,-52.0,16.0,482.0
8.0,-52.0,16.0,482.0
10.0,-52.0,16.0,482.0
56.0,-52.0,16.0,203.0
58.0,-52.0,16.0,203.0
60.0,-52.0,16.0,203.0
62.0,-52.0,16.0,203.0
64.0,-52.0,16.0,505.0
66.0,-52.0,16.0,505.0
-66.0,-50.0,16.0,42.0
-64.0,-50.0,16.0,42.0
-62.0,-50.0,16.0,42.0
-60.0,-50.0,16.0,42.0
-58.0,-50.0,16.0,42.0
-56.0,-50.0,16.0,81.0
-54.0,-50.0,16.0,81.0
-52.0,-50.0,16.0,81.0
-50.0,-50.0,16.0,81.0
-48.0,-50.0,16.0,81.0
-46.0,-50.0,16.0,81.0
-20.0,-50.0,16.0,17.0
-18.0,-50.0,16.0,17.0
-16.0,-50.0,16.0,17.0
-14.0,-50.0,16.0,452.0
-12.0,-50.0,16.0,452.0
-10.0,-50.0,16.0,452.0
-8.0,-50.0,16.0,473.0
-6.0,-50.0,16.0,473.0
-4.0,-50.0,16.0,473.0
2.0,-50.0,16.0,482.0
4.0,-50.0,16.0,482.0
6.0,-50.0,16.0,482.0
8.0,-50.0,16.0,482.0
10.0,-50.0,16.0,482.0
54.0,-50.0,16.0,190.0
56.0,-50.0,16.0,190.0
58.0,-50.0,16.0,505.0
60.0,-50.0,16.0,505.0
62.0,-50.0,16.0,505.0
64.0,-50.0,16.0,505.0
66.0,-50.0,16.0,505.0
-66.0,-48.0,16.0,42.0
-64.0,-48.0,16.0,42.0
-62.0,-48.0,16.0,42.0
-60.0,-48.0,16.0,42.0
-58.0,-48.0,16.0,42.0
-56.0,-48.0,16.0,50.0
-54.0,-48.0,16.0,50.0
-52.0,-48.0,16.0,50.0
-50.0,-48.0,16.0,50.0
-48.0,-48.0,16.0,50.0
-46.0,-48.0,16.0,50.0
-12.0,-48.0,16.0,452.0
-10.0,-48.0,16.0,473.0
-8.0,-48.0,16.0,473.0
-6.0,-48.0,16.0,473.0
-4.0,-48.0,16.0,473.0
2.0,-48.0,16.0,482.0
4.0,-48.0,16.0,482.0
6.0,-48.0,16.0,482.0
8.0,-48.0,16.0,482.0
10.0,-48.0,16.0,482.0
50.0,-48.0,16.0,190.0
52.0,-48.0,16.0,190.0
54.0,-48.0,16.0,190.0
56.0,-48.0,16.0,505.0
58.0,-48.0,16.0,505.0
60.0,-48.0,16.0,505.0
62.0,-48.0,16.0,505.0
64.0,-48.0,16.0,505.0
66.0,-48.0,16.0,467.0
-68.0,-46.0,16.0,42.0
-66.0,-46.0,16.0,42.0
-64.0,-46.0,16.0,42.0
-62.0,-46.0,16.0,42.0
-56.0,-46.0,16.0,117.0
-54.0,-46.0,16.0,50.0
-52.0,-46.0,16.0,50.0
-50.0,-46.0,16.0,50.0
-48.0,-46.0,16.0,50.0
-46.0,-46.0,16.0,50.0
-10.0,-46.0,16.0,473.0
-8.0,-46.0,16.0,473.0
-6.0,-46.0,16.0,473.0
-4.0,-46.0,16.0,473.0
2.0,-46.0,16.0,473.0
4.0,-46.0,16.0,482.0
6.0,-46.0,16.0,482.0
8.0,-46.0,16.0,482.0
50.0,-46.0,16.0,231.0
52.0,-46.0,16.0,190.0
54.0,-46.0,16.0,190.0
56.0,-46.0,16.0,505.0
58.0,-46.0,16.0,505.0
60.0,-46.0,16.0,505.0
62.0,-46.0,16.0,467.0
64.0,-46.0,16.0,467.0
66.0,-46.0,16.0,467.0
68.0,-46.0,16.0,467.0
-68.0,-44.0,16.0,42.0
-66.0,-44.0,16.0,42.0
-64.0,-44.0,16.0,42.0
-62.0,-44.0,16.0,117.0
-54.0,-44.0,16.0,117.0
-52.0,-44.0,16.0,50.0
-50.0,-44.0,16.0,50.0
-48.0,-44.0,16.0,50.0
-46.0,-44.0,16.0,50.0
-10.0,-44.0,16.0,473.0
-8.0,-44.0,16.0,473.0
-6.0,-44.0,16.0,473.0
-4.0,-44.0,16.0,473.0
4.0,-44.0,16.0,482.0
6.0,-44.0,16.0,482.0
50.0,-44.0,16.0,231.0
52.0,-44.0,16.0,133.0
54.0,-44.0,16.0,133.0
56.0,-44.0,16.0,133.0
58.0,-44.0,16.0,133.0
60.0,-44.0,16.0,467.0
62.0,-44.0,16.0,467.0
64.0,-44.0,16.0,467.0
66.0,-44.0,16.0,467.0
-68.0,-42.0,16.0,42.0
-66.0,-42.0,16.0,42.0
-64.0,-42.0,16.0,117.0
-62.0,-42.0,16.0,117.0
-52.0,-42.0,16.0,117.0
-50.0,-42.0,16.0,50.0
-48.0,-42.0,16.0,50.0
-46.0,-42.0,16.0,496.0
-8.0,-42.0,16.0,473.0
-6.0,-42.0,16.0,473.0
-4.0,-42.0,16.0,473.0
52.0,-42.0,16.0,133.0
54.0,-42.0,16.0,133.0
56.0,-42.0,16.0,133.0
58.0,-42.0,16.0,133.0
60.0,-42.0,16.0,467.0
62.0,-42.0,16.0,467.0
64.0,-42.0,16.0,467.0
-68.0,-40.0,16.0,117.0
-66.0,-40.0,16.0,117.0
-64.0,-40.0,16.0,117.0
-50.0,-40.0,16.0,117.0
-48.0,-40.0,16.0,496.0
-46.0,-40.0,16.0,496.0
44.0,-40.0,16.0,231.0
46.0,-40.0,16.0,231.0
48.0,-40.0,16.0,231.0
54.0,-40.0,16.0,133.0
56.0,-40.0,16.0,133.0
58.0,-40.0,16.0,133.0
60.0,-40.0,16.0,467.0
62.0,-40.0,16.0,467.0
64.0,-40.0,16.0,467.0
66.0,-40.0,16.0,467.0
-70.0,-38.0,16.0,117.0
-68.0,-38.0,16.0,117.0
-66.0,-38.0,16.0,117.0
-64.0,-38.0,16.0,117.0
44.0,-38.0,16.0,231.0
46.0,-38.0,16.0,231.0
48.0,-38.0,16.0,133.0
50.0,-38.0,16.0,133.0
52.0,-38.0,16.0,133.0
56.0,-38.0,16.0,133.0
58.0,-38.0,16.0,133.0
60.0,-38.0,16.0,467.0
62.0,-38.0,16.0,467.0
64.0,-38.0,16.0,467.0
66.0,-38.0,16.0,467.0
-70.0,-36.0,16.0,117.0
-68.0,-36.0,16.0,117.0
-66.0,-36.0,16.0,117.0
-64.0,-36.0,16.0,117.0
-54.0,-36.0,16.0,117.0
38.0,-36.0,16.0,211.0
40.0,-36.0,16.0,211.0
42.0,-36.0,16.0,211.0
44.0,-36.0,16.0,211.0
46.0,-36.0,16.0,211.0
48.0,-36.0,16.0,133.0
50.0,-36.0,16.0,133.0
52.0,-36.0,16.0,133.0
54.0,-36.0,16.0,133.0
56.0,-36.0,16.0,133.0
58.0,-36.0,16.0,467.0
60.0,-36.0,16.0,467.0
62.0,-36.0,16.0,467.0
64.0,-36.0,16.0,467.0
66.0,-36.0,16.0,467.0
68.0,-36.0,16.0,467.0
-70.0,-34.0,16.0,162.0
-68.0,-34.0,16.0,162.0
-66.0,-34.0,16.0,162.0
-64.0,-34.0,16.0,162.0
-62.0,-34.0,16.0,117.0
-56.0,-34.0,16.0,117.0
-54.0,-34.0,16.0,213.0
-52.0,-34.0,16.0,213.0
-50.0,-34.0,16.0,213.0
36.0,-34.0,16.0,211.0
38.0,-34.0,16.0,211.0
40.0,-34.0,16.0,211.0
42.0,-34.0,16.0,211.0
44.0,-34.0,16.0,211.0
46.0,-34.0,16.0,211.0
48.0,-34.0,16.0,211.0
50.0,-34.0,16.0,133.0
52.0,-34.0,16.0,133.0
54.0,-34.0,16.0,133.0
56.0,-34.0,16.0,133.0
58.0,-34.0,16.0,467.0
60.0,-34.0,16.0,467.0
62.0,-34.0,16.0,467.0
64.0,-34.0,16.0,467.0
66.0,-34.0,16.0,467.0
68.0,-34.0,16.0,467.0
-70.0,-32.0,16.0,162.0
-68.0,-32.0,16.0,162.0
-66.0,-32.0,16.0,162.0
-64.0,-32.0,16.0,162.0
-62.0,-32.0,16.0,162.0
-60.0,-32.0,16.0,162.0
-58.0,-32.0,16.0,162.0
-56.0,-32.0,16.0,213.0
-54.0,-32.0,16.0,213.0
-52.0,-32.0,16.0,213.0
-50.0,-32.0,16.0,213.0
-48.0,-32.0,16.0,213.0
36.0,-32.0,16.0,211.0
38.0,-32.0,16.0,211.0
40.0,-32.0,16.0,211.0
42.0,-32.0,16.0,211.0
44.0,-32.0,16.0,211.0
46.0,-32.0,16.0,211.0
48.0,-32.0,16.0,211.0
50.0,-32.0,16.0,211.0
52.0,-32.0,16.0,133.0
54.0,-32.0,16.0,133.0
56.0,-32.0,16.0,133.0
58.0,-32.0,16.0,467.0
60.0,-32.0,16.0,467.0
62.0,-32.0,16.0,467.0
64.0,-32.0,16.0,467.0
66.0,-32.0,16.0,467.0
68.0,-32.0,16.0,467.0
-70.0,-30.0,16.0,162.0
-68.0,-30.0,16.0,162.0
-66.0,-30.0,16.0,162.0
-64.0,-30.0,16.0,162.0
-62.0,-30.0,16.0,162.0
-60.0,-30.0,16.0,162.0
-58.0,-30.0,16.0,162.0
-56.0,-30.0,16.0,213.0
-54.0,-30.0,16.0,213.0
-52.0,-30.0,16.0,213.0
-50.0,-30.0,16.0,213.0
-48.0,-30.0,16.0,213.0
-46.0,-30.0,16.0,213.0
-44.0,-30.0,16.0,213.0
-42.0,-30.0,16.0,213.0
-40.0,-30.0,16.0,237.0
32.0,-30.0,16.0,246.0
34.0,-30.0,16.0,246.0
36.0,-30.0,16.0,211.0
38.0,-30.0,16.0,211.0
40.0,-30.0,16.0,211.0
42.0,-30.0,16.0,211.0
44.0,-30.0,16.0,211.0
46.0,-30.0,16.0,211.0
48.0,-30.0,16.0,211.0
50.0,-30.0,16.0,285.0
52.0,-30.0,16.0,285.0
54.0,-30.0,16.0,379.0
56.0,-30.0,16.0,379.0
58.0,-30.0,16.0,379.0
60.0,-30.0,16.0,467.0
62.0,-30.0,16.0,467.0
64.0,-30.0,16.0,467.0
66.0,-30.0,16.0,467.0
68.0,-30.0,16.0,467.0
-70.0,-28.0,16.0,162.0
-68.0,-28.0,16.0,162.0
-66.0,-28.0,16.0,162.0
-64.0,-28.0,16.0,162.0
-62.0,-28.0,16.0,162.0
-58.0,-28.0,16.0,162.0
-56.0,-28.0,16.0,162.0
-54.0,-28.0,16.0,213.0
-52.0,-28.0,16.0,213.0
-50.0,-28.0,16.0,213.0
-48.0,-28.0,16.0,213.0
-46.0,-28.0,16.0,213.0
-44.0,-28.0,16.0,213.0
-42.0,-28.0,16.0,237.0
-40.0,-28.0,16.0,237.0
-38.0,-28.0,16.0,237.0
32.0,-28.0,16.0,246.0
34.0,-28.0,16.0,246.0
36.0,-28.0,16.0,211.0
38.0,-28.0,16.0,211.0
40.0,-28.0,16.0,211.0
42.0,-28.0,16.0,211.0
44.0,-28.0,16.0,211.0
46.0,-28.0,16.0,211.0
48.0,-28.0,16.0,285.0
50.0,-28.0,16.0,285.0
52.0,-28.0,16.0,285.0
54.0,-28.0,16.0,379.0
56.0,-28.0,16.0,379.0
58.0,-28.0,16.0,379.0
60.0,-28.0,16.0,379.0
62.0,-28.0,16.0,467.0
64.0,-28.0,16.0,467.0
66.0,-28.0,16.0,467.0
-70.0,-26.0,16.0,194.0
-68.0,-26.0,16.0,162.0
-66.0,-26.0,16.0,162.0
-64.0,-26.0,16.0,162.0
-62.0,-26.0,16.0,162.0
-60.0,-26.0,16.0,162.0
-58.0,-26.0,16.0,162.0
-56.0,-26.0,16.0,162.0
-54.0,-26.0,16.0,213.0
-52.0,-26.0,16.0,213.0
-50.0,-26.0,16.0,213.0
-48.0,-26.0,16.0,213.0
-46.0,-26.0,16.0,213.0
-44.0,-26.0,16.0,237.0
-42.0,-26.0,16.0,237.0
-40.0,-26.0,16.0,237.0
14.0,-26.0,16.0,24.0
16.0,-26.0,16.0,24.0
30.0,-26.0,16.0,116.0
34.0,-26.0,16.0,116.0
36.0,-26.0,16.0,116.0
38.0,-26.0,16.0,211.0
40.0,-26.0,16.0,211.0
42.0,-26.0,16.0,211.0
44.0,-26.0,16.0,211.0
46.0,-26.0,16.0,285.0
48.0,-26.0,16.0,285.0
50.0,-26.0,16.0,285.0
52.0,-26.0,16.0,285.0
54.0,-26.0,16.0,285.0
56.0,-26.0,16.0,379.0
58.0,-26.0,16.0,379.0
60.0,-26.0,16.0,379.0
62.0,-26.0,16.0,460.0
64.0,-26.0,16.0,319.0
-70.0,-24.0,16.0,194.0
-68.0,-24.0,16.0,162.0
-66.0,-24.0,16.0,162.0
-64.0,-24.0,16.0,162.0
-62.0,-24.0,16.0,162.0
-60.0,-24.0,16.0,162.0
-58.0,-24.0,16.0,162.0
-56.0,-24.0,16.0,162.0
-54.0,-24.0,16.0,213.0
-52.0,-24.0,16.0,213.0
-50.0,-24.0,16.0,213.0
-48.0,-24.0,16.0,213.0
-46.0,-24.0,16.0,237.0
-44.0,-24.0,16.0,237.0
-42.0,-24.0,16.0,237.0
-40.0,-24.0,16.0,237.0
-38.0,-24.0,16.0,237.0
12.0,-24.0,16.0,24.0
14.0,-24.0,16.0,24.0
16.0,-24.0,16.0,24.0
18.0,-24.0,16.0,24.0
30.0,-24.0,16.0,116.0
32.0,-24.0,16.0,116.0
34.0,-24.0,16.0,116.0
36.0,-24.0,16.0,116.0
38.0,-24.0,16.0,116.0
40.0,-24.0,16.0,116.0
42.0,-24.0,16.0,5.0
44.0,-24.0,16.0,285.0
46.0,-24.0,16.0,285.0
48.0,-24.0,16.0,285.0
50.0,-24.0,16.0,285.0
52.0,-24.0,16.0,285.0
54.0,-24.0,16.0,285.0
56.0,-24.0,16.0,379.0
58.0,-24.0,16.0,460.0
60.0,-24.0,16.0,460.0
-68.0,-22.0,16.0,194.0
-66.0,-22.0,16.0,162.0
-64.0,-22.0,16.0,162.0
-62.0,-22.0,16.0,162.0
-60.0,-22.0,16.0,162.0
-58.0,-22.0,16.0,162.0
-56.0,-22.0,16.0,162.0
-54.0,-22.0,16.0,162.0
-52.0,-22.0,16.0,213.0
-50.0,-22.0,16.0,213.0
-48.0,-22.0,16.0,213.0
-46.0,-22.0,16.0,237.0
-44.0,-22.0,16.0,237.0
-42.0,-22.0,16.0,237.0
-40.0,-22.0,16.0,237.0
-38.0,-22.0,16.0,237.0
-18.0,-22.0,16.0,216.0
-16.0,-22.0,16.0,216.0
-14.0,-22.0,16.0,216.0
10.0,-22.0,16.0,24.0
12.0,-22.0,16.0,24.0
14.0,-22.0,16.0,24.0
16.0,-22.0,16.0,24.0
18.0,-22.0,16.0,24.0
32.0,-22.0,16.0,116.0
34.0,-22.0,16.0,116.0
36.0,-22.0,16.0,116.0
38.0,-22.0,16.0,116.0
40.0,-22.0,16.0,116.0
42.0,-22.0,16.0,5.0
44.0,-22.0,16.0,5.0
46.0,-22.0,16.0,285.0
48.0,-22.0,16.0,285.0
50.0,-22.0,16.0,285.0
52.0,-22.0,16.0,285.0
54.0,-22.0,16.0,285.0
56.0,-22.0,16.0,460.0
58.0,-22.0,16.0,460.0
60.0,-22.0,16.0,460.0
62.0,-22.0,16.0,319.0
64.0,-22.0,16.0,319.0
66.0,-22.0,16.0,319.0
-68.0,-20.0,16.0,194.0
-66.0,-20.0,16.0,194.0
-64.0,-20.0,16.0,162.0
-62.0,-20.0,16.0,162.0
-60.0,-20.0,16.0,162.0
-58.0,-20.0,16.0,162.0
-56.0,-20.0,16.0,162.0
-54.0,-20.0,16.0,162.0
-52.0,-20.0,16.0,213.0
-50.0,-20.0,16.0,213.0
-48.0,-20.0,16.0,237.0
-46.0,-20.0,16.0,237.0
-44.0,-20.0,16.0,237.0
-42.0,-20.0,16.0,237.0
-40.0,-20.0,16.0,237.0
-38.0,-20.0,16.0,237.0
-34.0,-20.0,16.0,237.0
-20.0,-20.0,16.0,216.0
-18.0,-20.0,16.0,216.0
-16.0,-20.0,16.0,216.0
-14.0,-20.0,16.0,216.0
-12.0,-20.0,16.0,216.0
8.0,-20.0,16.0,104.0
10.0,-20.0,16.0,24.0
12.0,-20.0,16.0,24.0
14.0,-20.0,16.0,24.0
16.0,-20.0,16.0,24.0
18.0,-20.0,16.0,24.0
32.0,-20.0,16.0,116.0
34.0,-20.0,16.0,116.0
36.0,-20.0,16.0,116.0
38.0,-20.0,16.0,116.0
40.0,-20.0,16.0,116.0
42.0,-20.0,16.0,5.0
44.0,-20.0,16.0,5.0
46.0,-20.0,16.0,5.0
48.0,-20.0,16.0,285.0
50.0,-20.0,16.0,285.0
52.0,-20.0,16.0,285.0
54.0,-20.0,16.0,285.0
56.0,-20.0,16.0,460.0
58.0,-20.0,16.0,460.0
60.0,-20.0,16.0,460.0
62.0,-20.0,16.0,319.0
64.0,-20.0,16.0,319.0
66.0,-20.0,16.0,319.0
-68.0,-18.0,16.0,194.0
-66.0,-18.0,16.0,194.0
-64.0,-18.0,16.0,162.0
-62.0,-18.0,16.0,162.0
-60.0,-18.0,16.0,162.0
-58.0,-18.0,16.0,162.0
-56.0,-18.0,16.0,162.0
-54.0,-18.0,16.0,162.0
-52.0,-18.0,16.0,162.0
-50.0,-18.0,16.0,237.0
-48.0,-18.0,16.0,237.0
-46.0,-18.0,16.0,237.0
-44.0,-18.0,16.0,237.0
-42.0,-18.0,16.0,237.0
-40.0,-18.0,16.0,237.0
-38.0,-18.0,16.0,237.0
-36.0,-18.0,16.0,237.0
-34.0,-18.0,16.0,237.0
-20.0,-18.0,16.0,216.0
-18.0,-18.0,16.0,216.0
-16.0,-18.0,16.0,216.0
-14.0,-18.0,16.0,216.0
-12.0,-18.0,16.0,216.0
-10.0,-18.0,16.0,216.0
-8.0,-18.0,16.0,216.0
6.0,-18.0,16.0,104.0
8.0,-18.0,16.0,104.0
10.0,-18.0,16.0,104.0
12.0,-18.0,16.0,24.0
14.0,-18.0,16.0,24.0
16.0,-18.0,16.0,24.0
18.0,-18.0,16.0,24.0
32.0,-18.0,16.0,116.0
34.0,-18.0,16.0,116.0
36.0,-18.0,16.0,116.0
38.0,-18.0,16.0,116.0
40.0,-18.0,16.0,116.0
42.0,-18.0,16.0,5.0
44.0,-18.0,16.0,5.0
46.0,-18.0,16.0,5.0
48.0,-18.0,16.0,5.0
50.0,-18.0,16.0,285.0
52.0,-18.0,16.0,285.0
54.0,-18.0,16.0,285.0
56.0,-18.0,16.0,460.0
58.0,-18.0,16.0,460.0
60.0,-18.0,16.0,460.0
62.0,-18.0,16.0,319.0
64.0,-18.0,16.0,319.0
66.0,-18.0,16.0,319.0
-68.0,-16.0,16.0,194.0
-66.0,-16.0,16.0,194.0
-64.0,-16.0,16.0,194.0
-62.0,-16.0,16.0,162.0
-60.0,-16.0,16.0,162.0
-58.0,-16.0,16.0,162.0
-56.0,-16.0,16.0,162.0
-54.0,-16.0,16.0,162.0
-52.0,-16.0,16.0,166.0
-50.0,-16.0,16.0,166.0
-48.0,-16.0,16.0,237.0
-46.0,-16.0,16.0,237.0
-44.0,-16.0,16.0,237.0
-42.0,-16.0,16.0,237.0
-40.0,-16.0,16.0,237.0
-38.0,-16.0,16.0,237.0
-36.0,-16.0,16.0,237.0
-34.0,-16.0,16.0,237.0
-20.0,-16.0,16.0,257.0
-18.0,-16.0,16.0,257.0
-16.0,-16.0,16.0,257.0
-14.0,-16.0,16.0,257.0
-12.0,-16.0,16.0,257.0
-10.0,-16.0,16.0,257.0
-8.0,-16.0,16.0,257.0
-6.0,-16.0,16.0,443.0
6.0,-16.0,16.0,104.0
8.0,-16.0,16.0,104.0
10.0,-16.0,16.0,104.0
12.0,-16.0,16.0,24.0
14.0,-16.0,16.0,24.0
16.0,-16.0,16.0,24.0
18.0,-16.0,16.0,111.0
32.0,-16.0,16.0,116.0
34.0,-16.0,16.0,116.0
36.0,-16.0,16.0,116.0
38.0,-16.0,16.0,116.0
40.0,-16.0,16.0,116.0
42.0,-16.0,16.0,5.0
44.0,-16.0,16.0,5.0
46.0,-16.0,16.0,5.0
48.0,-16.0,16.0,5.0
50.0,-16.0,16.0,5.0
52.0,-16.0,16.0,285.0
54.0,-16.0,16.0,285.0
56.0,-16.0,16.0,460.0
58.0,-16.0,16.0,460.0
60.0,-16.0,16.0,460.0
62.0,-16.0,16.0,319.0
64.0,-16.0,16.0,319.0
66.0,-16.0,16.0,319.0
68.0,-16.0,16.0,319.0
-68.0,-14.0,16.0,194.0
-66.0,-14.0,16.0,194.0
-64.0,-14.0,16.0,194.0
-62.0,-14.0,16.0,194.0
-60.0,-14.0,16.0,162.0
-58.0,-14.0,16.0,354.0
-56.0,-14.0,16.0,354.0
-54.0,-14.0,16.0,166.0
-52.0,-14.0,16.0,166.0
-50.0,-14.0,16.0,166.0
-48.0,-14.0,16.0,166.0
-46.0,-14.0,16.0,421.0
-44.0,-14.0,16.0,421.0
-42.0,-14.0,16.0,237.0
-40.0,-14.0,16.0,237.0
-38.0,-14.0,16.0,237.0
-36.0,-14.0,16.0,237.0
-34.0,-14.0,16.0,237.0
-20.0,-14.0,16.0,257.0
-18.0,-14.0,16.0,257.0
-16.0,-14.0,16.0,257.0
-14.0,-14.0,16.0,257.0
-12.0,-14.0,16.0,257.0
-10.0,-14.0,16.0,257.0
-8.0,-14.0,16.0,257.0
-6.0,-14.0,16.0,443.0
4.0,-14.0,16.0,248.0
6.0,-14.0,16.0,248.0
8.0,-14.0,16.0,248.0
10.0,-14.0,16.0,248.0
12.0,-14.0,16.0,248.0
14.0,-14.0,16.0,111.0
16.0,-14.0,16.0,111.0
18.0,-14.0,16.0,93.0
32.0,-14.0,16.0,116.0
34.0,-14.0,16.0,116.0
36.0,-14.0,16.0,116.0
38.0,-14.0,16.0,116.0
40.0,-14.0,16.0,116.0
42.0,-14.0,16.0,5.0
44.0,-14.0,16.0,5.0
46.0,-14.0,16.0,5.0
48.0,-14.0,16.0,5.0
50.0,-14.0,16.0,5.0
52.0,-14.0,16.0,5.0
54.0,-14.0,16.0,285.0
56.0,-14.0,16.0,209.0
58.0,-14.0,16.0,209.0
60.0,-14.0,16.0,209.0
62.0,-14.0,16.0,319.0
64.0,-14.0,16.0,319.0
66.0,-14.0,16.0,319.0
68.0,-14.0,16.0,319.0
-68.0,-12.0,16.0,194.0
-66.0,-12.0,16.0,194.0
-64.0,-12.0,16.0,478.0
-62.0,-12.0,16.0,478.0
-60.0,-12.0,16.0,354.0
-58.0,-12.0,16.0,354.0
-56.0,-12.0,16.0,354.0
-54.0,-12.0,16.0,166.0
-52.0,-12.0,16.0,166.0
-50.0,-12.0,16.0,166.0
-48.0,-12.0,16.0,166.0
-46.0,-12.0,16.0,166.0
-44.0,-12.0,16.0,421.0
-42.0,-12.0,16.0,421.0
-40.0,-12.0,16.0,421.0
-38.0,-12.0,16.0,421.0
-36.0,-12.0,16.0,421.0
-34.0,-12.0,16.0,421.0
-18.0,-12.0,16.0,257.0
-16.0,-12.0,16.0,257.0
-14.0,-12.0,16.0,257.0
-12.0,-12.0,16.0,257.0
-10.0,-12.0,16.0,257.0
-8.0,-12.0,16.0,443.0
-6.0,-12.0,16.0,443.0
4.0,-12.0,16.0,248.0
6.0,-12.0,16.0,248.0
8.0,-12.0,16.0,248.0
10.0,-12.0,16.0,248.0
12.0,-12.0,16.0,248.0
14.0,-12.0,16.0,111.0
16.0,-12.0,16.0,93.0
32.0,-12.0,16.0,466.0
34.0,-12.0,16.0,466.0
36.0,-12.0,16.0,466.0
42.0,-12.0,16.0,5.0
44.0,-12.0,16.0,5.0
46.0,-12.0,16.0,5.0
48.0,-12.0,16.0,5.0
50.0,-12.0,16.0,5.0
52.0,-12.0,16.0,5.0
54.0,-12.0,16.0,209.0
56.0,-12.0,16.0,209.0
58.0,-12.0,16.0,209.0
64.0,-12.0,16.0,209.0
66.0,-12.0,16.0,319.0
68.0,-12.0,16.0,319.0
-68.0,-10.0,16.0,478.0
-66.0,-10.0,16.0,478.0
-64.0,-10.0,16.0,478.0
-62.0,-10.0,16.0,478.0
-60.0,-10.0,16.0,354.0
-58.0,-10.0,16.0,354.0
-56.0,-10.0,16.0,166.0
-54.0,-10.0,16.0,166.0
-52.0,-10.0,16.0,166.0
-50.0,-10.0,16.0,166.0
-48.0,-10.0,16.0,166.0
-46.0,-10.0,16.0,166.0
-44.0,-10.0,16.0,421.0
-42.0,-10.0,16.0,421.0
-40.0,-10.0,16.0,421.0
-38.0,-10.0,16.0,421.0
-36.0,-10.0,16.0,421.0
-34.0,-10.0,16.0,223.0
-18.0,-10.0,16.0,257.0
-16.0,-10.0,16.0,257.0
-14.0,-10.0,16.0,257.0
-12.0,-10.0,16.0,257.0
-10.0,-10.0,16.0,257.0
-8.0,-10.0,16.0,443.0
-6.0,-10.0,16.0,443.0
4.0,-10.0,16.0,248.0
6.0,-10.0,16.0,248.0
8.0,-10.0,16.0,248.0
10.0,-10.0,16.0,248.0
12.0,-10.0,16.0,248.0
14.0,-10.0,16.0,93.0
32.0,-10.0,16.0,466.0
34.0,-10.0,16.0,466.0
36.0,-10.0,16.0,466.0
38.0,-10.0,16.0,466.0
40.0,-10.0,16.0,466.0
48.0,-10.0,16.0,5.0
50.0,-10.0,16.0,5.0
52.0,-10.0,16.0,209.0
54.0,-10.0,16.0,209.0
56.0,-10.0,16.0,209.0
-68.0,-8.0,16.0,478.0
-66.0,-8.0,16.0,478.0
-64.0,-8.0,16.0,478.0
-62.0,-8.0,16.0,478.0
-56.0,-8.0,16.0,166.0
-54.0,-8.0,16.0,166.0
-52.0,-8.0,16.0,166.0
-50.0,-8.0,16.0,166.0
-48.0,-8.0,16.0,166.0
-46.0,-8.0,16.0,166.0
-44.0,-8.0,16.0,166.0
-42.0,-8.0,16.0,421.0
-40.0,-8.0,16.0,421.0
-38.0,-8.0,16.0,421.0
-36.0,-8.0,16.0,223.0
-34.0,-8.0,16.0,223.0
-16.0,-8.0,16.0,257.0
-14.0,-8.0,16.0,257.0
-12.0,-8.0,16.0,257.0
-10.0,-8.0,16.0,257.0
-8.0,-8.0,16.0,443.0
-6.0,-8.0,16.0,443.0
6.0,-8.0,16.0,248.0
8.0,-8.0,16.0,248.0
10.0,-8.0,16.0,248.0
12.0,-8.0,16.0,248.0
32.0,-8.0,16.0,466.0
34.0,-8.0,16.0,466.0
36.0,-8.0,16.0,466.0
38.0,-8.0,16.0,466.0
42.0,-8.0,16.0,466.0
44.0,-8.0,16.0,466.0
62.0,-8.0,16.0,209.0
64.0,-8.0,16.0,209.0
66.0,-8.0,16.0,209.0
-68.0,-6.0,16.0,478.0
-66.0,-6.0,16.0,478.0
-64.0,-6.0,16.0,478.0
-62.0,-6.0,16.0,478.0
-56.0,-6.0,16.0,166.0
-54.0,-6.0,16.0,166.0
-52.0,-6.0,16.0,166.0
-50.0,-6.0,16.0,166.0
-48.0,-6.0,16.0,166.0
-46.0,-6.0,16.0,166.0
-44.0,-6.0,16.0,166.0
-40.0,-6.0,16.0,421.0
-38.0,-6.0,16.0,223.0
-36.0,-6.0,16.0,223.0
-34.0,-6.0,16.0,223.0
-12.0,-6.0,16.0,257.0
-10.0,-6.0,16.0,443.0
34.0,-6.0,16.0,466.0
36.0,-6.0,16.0,466.0
38.0,-6.0,16.0,466.0
40.0,-6.0,16.0,466.0
42.0,-6.0,16.0,466.0
44.0,-6.0,16.0,466.0
52.0,-6.0,16.0,209.0
54.0,-6.0,16.0,209.0
56.0,-6.0,16.0,209.0
58.0,-6.0,16.0,209.0
60.0,-6.0,16.0,209.0
62.0,-6.0,16.0,209.0
64.0,-6.0,16.0,209.0
66.0,-6.0,16.0,209.0
-68.0,-4.0,16.0,478.0
-66.0,-4.0,16.0,478.0
-64.0,-4.0,16.0,478.0
-48.0,-4.0,16.0,166.0
-46.0,-4.0,16.0,166.0
-44.0,-4.0,16.0,166.0
-42.0,-4.0,16.0,166.0
-40.0,-4.0,16.0,223.0
-38.0,-4.0,16.0,223.0
-36.0,-4.0,16.0,223.0
-34.0,-4.0,16.0,223.0
-14.0,-4.0,16.0,257.0
-12.0,-4.0,16.0,257.0
10.0,-4.0,16.0,248.0
12.0,-4.0,16.0,238.0
14.0,-4.0,16.0,93.0
34.0,-4.0,16.0,466.0
36.0,-4.0,16.0,466.0
38.0,-4.0,16.0,466.0
40.0,-4.0,16.0,466.0
42.0,-4.0,16.0,466.0
44.0,-4.0,16.0,466.0
50.0,-4.0,16.0,209.0
52.0,-4.0,16.0,209.0
54.0,-4.0,16.0,209.0
56.0,-4.0,16.0,209.0
58.0,-4.0,16.0,209.0
60.0,-4.0,16.0,209.0
62.0,-4.0,16.0,209.0
64.0,-4.0,16.0,209.0
-66.0,-2.0,16.0,92.0
-64.0,-2.0,16.0,92.0
-62.0,-2.0,16.0,92.0
-60.0,-2.0,16.0,92.0
-58.0,-2.0,16.0,92.0
-48.0,-2.0,16.0,166.0
-46.0,-2.0,16.0,166.0
-44.0,-2.0,16.0,166.0
-42.0,-2.0,16.0,236.0
-40.0,-2.0,16.0,236.0
-38.0,-2.0,16.0,236.0
-36.0,-2.0,16.0,223.0
-34.0,-2.0,16.0,223.0
-16.0,-2.0,16.0,434.0
-14.0,-2.0,16.0,257.0
-12.0,-2.0,16.0,257.0
-10.0,-2.0,16.0,443.0
10.0,-2.0,16.0,238.0
12.0,-2.0,16.0,238.0
14.0,-2.0,16.0,238.0
34.0,-2.0,16.0,466.0
36.0,-2.0,16.0,466.0
38.0,-2.0,16.0,466.0
40.0,-2.0,16.0,466.0
42.0,-2.0,16.0,466.0
44.0,-2.0,16.0,201.0
52.0,-2.0,16.0,209.0
54.0,-2.0,16.0,209.0
56.0,-2.0,16.0,209.0
58.0,-2.0,16.0,209.0
60.0,-2.0,16.0,209.0
62.0,-2.0,16.0,209.0
64.0,-2.0,16.0,209.0
-66.0,-0.0,16.0,92.0
-64.0,-0.0,16.0,92.0
-62.0,-0.0,16.0,92.0
-60.0,-0.0,16.0,92.0
-58.0,-0.0,16.0,92.0
-56.0,-0.0,16.0,544.0
-46.0,-0.0,16.0,166.0
-44.0,-0.0,16.0,236.0
-42.0,-0.0,16.0,236.0
-40.0,-0.0,16.0,236.0
-38.0,-0.0,16.0,236.0
-36.0,-0.0,16.0,236.0
-34.0,-0.0,16.0,236.0
-16.0,-0.0,16.0,434.0
-14.0,-0.0,16.0,434.0
-12.0,-0.0,16.0,434.0
-10.0,-0.0,16.0,443.0
10.0,-0.0,16.0,238.0
12.0,-0.0,16.0,238.0
14.0,-0.0,16.0,238.0
16.0,-0.0,16.0,238.0
32.0,-0.0,16.0,93.0
34.0,-0.0,16.0,466.0
36.0,-0.0,16.0,466.0
38.0,-0.0,16.0,466.0
42.0,-0.0,16.0,201.0
44.0,-0.0,16.0,201.0
54.0,-0.0,16.0,209.0
56.0,-0.0,16.0,209.0
58.0,-0.0,16.0,209.0
60.0,-0.0,16.0,209.0
62.0,-0.0,16.0,209.0
64.0,-0.0,16.0,209.0
-66.0,2.0,16.0,92.0
-64.0,2.0,16.0,92.0
-62.0,2.0,16.0,92.0
-60.0,2.0,16.0,92.0
-58.0,2.0,16.0,92.0
-56.0,2.0,16.0,92.0
-46.0,2.0,16.0,236.0
-44.0,2.0,16.0,236.0
-42.0,2.0,16.0,236.0
-40.0,2.0,16.0,236.0
-38.0,2.0,16.0,236.0
-36.0,2.0,16.0,236.0
-34.0,2.0,16.0,236.0
-18.0,2.0,16.0,434.0
-16.0,2.0,16.0,434.0
-14.0,2.0,16.0,434.0
-12.0,2.0,16.0,434.0
-10.0,2.0,16.0,434.0
8.0,2.0,16.0,238.0
10.0,2.0,16.0,238.0
12.0,2.0,16.0,238.0
14.0,2.0,16.0,238.0
16.0,2.0,16.0,238.0
32.0,2.0,16.0,93.0
34.0,2.0,16.0,466.0
36.0,2.0,16.0,466.0
52.0,2.0,16.0,201.0
54.0,2.0,16.0,209.0
56.0,2.0,16.0,209.0
58.0,2.0,16.0,209.0
60.0,2.0,16.0,209.0
62.0,2.0,16.0,209.0
64.0,2.0,16.0,209.0
-66.0,4.0,16.0,92.0
-64.0,4.0,16.0,92.0
-62.0,4.0,16.0,92.0
-60.0,4.0,16.0,92.0
-58.0,4.0,16.0,92.0
-56.0,4.0,16.0,92.0
-46.0,4.0,16.0,236.0
-44.0,4.0,16.0,236.0
-42.0,4.0,16.0,236.0
-40.0,4.0,16.0,236.0
-38.0,4.0,16.0,236.0
-36.0,4.0,16.0,236.0
-34.0,4.0,16.0,236.0
-18.0,4.0,16.0,434.0
-16.0,4.0,16.0,434.0
-14.0,4.0,16.0,434.0
-12.0,4.0,16.0,434.0
-10.0,4.0,16.0,586.0
8.0,4.0,16.0,238.0
10.0,4.0,16.0,238.0
12.0,4.0,16.0,238.0
14.0,4.0,16.0,238.0
16.0,4.0,16.0,238.0
18.0,4.0,16.0,238.0
34.0,4.0,16.0,7.0
48.0,4.0,16.0,201.0
50.0,4.0,16.0,201.0
52.0,4.0,16.0,201.0
54.0,4.0,16.0,201.0
56.0,4.0,16.0,209.0
58.0,4.0,16.0,209.0
60.0,4.0,16.0,209.0
62.0,4.0,16.0,209.0
64.0,4.0,16.0,209.0
-66.0,6.0,16.0,92.0
-64.0,6.0,16.0,92.0
-62.0,6.0,16.0,92.0
-60.0,6.0,16.0,92.0
-58.0,6.0,16.0,92.0
-56.0,6.0,16.0,92.0
-54.0,6.0,16.0,92.0
-52.0,6.0,16.0,324.0
-50.0,6.0,16.0,324.0
-48.0,6.0,16.0,236.0
-46.0,6.0,16.0,236.0
-36.0,6.0,16.0,236.0
-34.0,6.0,16.0,236.0
-18.0,6.0,16.0,434.0
-16.0,6.0,16.0,434.0
-14.0,6.0,16.0,434.0
-12.0,6.0,16.0,434.0
-10.0,6.0,16.0,586.0
8.0,6.0,16.0,238.0
10.0,6.0,16.0,238.0
12.0,6.0,16.0,238.0
14.0,6.0,16.0,238.0
16.0,6.0,16.0,238.0
18.0,6.0,16.0,238.0
46.0,6.0,16.0,201.0
48.0,6.0,16.0,201.0
50.0,6.0,16.0,201.0
52.0,6.0,16.0,201.0
54.0,6.0,16.0,201.0
56.0,6.0,16.0,201.0
58.0,6.0,16.0,209.0
60.0,6.0,16.0,209.0
62.0,6.0,16.0,209.0
64.0,6.0,16.0,209.0
-64.0,8.0,16.0,92.0
-62.0,8.0,16.0,92.0
-60.0,8.0,16.0,92.0
-58.0,8.0,16.0,92.0
-56.0,8.0,16.0,92.0
-54.0,8.0,16.0,324.0
-52.0,8.0,16.0,324.0
-50.0,8.0,16.0,324.0
-48.0,8.0,16.0,236.0
-46.0,8.0,16.0,236.0
-20.0,8.0,16.0,434.0
-18.0,8.0,16.0,434.0
-16.0,8.0,16.0,434.0
-14.0,8.0,16.0,434.0
-12.0,8.0,16.0,434.0
-10.0,8.0,16.0,586.0
8.0,8.0,16.0,238.0
10.0,8.0,16.0,238.0
12.0,8.0,16.0,238.0
14.0,8.0,16.0,238.0
16.0,8.0,16.0,238.0
18.0,8.0,16.0,238.0
46.0,8.0,16.0,201.0
48.0,8.0,16.0,201.0
50.0,8.0,16.0,201.0
52.0,8.0,16.0,201.0
54.0,8.0,16.0,201.0
56.0,8.0,16.0,82.0
58.0,8.0,16.0,82.0
60.0,8.0,16.0,82.0
62.0,8.0,16.0,82.0
-64.0,10.0,16.0,92.0
-62.0,10.0,16.0,92.0
-60.0,10.0,16.0,92.0
-58.0,10.0,16.0,92.0
-56.0,10.0,16.0,324.0
-54.0,10.0,16.0,324.0
-52.0,10.0,16.0,324.0
-50.0,10.0,16.0,324.0
-48.0,10.0,16.0,324.0
-46.0,10.0,16.0,236.0
-20.0,10.0,16.0,434.0
-18.0,10.0,16.0,434.0
-16.0,10.0,16.0,434.0
-14.0,10.0,16.0,434.0
-12.0,10.0,16.0,434.0
-10.0,10.0,16.0,160.0
8.0,10.0,16.0,238.0
10.0,10.0,16.0,238.0
12.0,10.0,16.0,238.0
14.0,10.0,16.0,238.0
16.0,10.0,16.0,238.0
18.0,10.0,16.0,238.0
46.0,10.0,16.0,201.0
48.0,10.0,16.0,201.0
50.0,10.0,16.0,201.0
52.0,10.0,16.0,201.0
54.0,10.0,16.0,201.0
56.0,10.0,16.0,82.0
58.0,10.0,16.0,82.0
60.0,10.0,16.0,82.0
62.0,10.0,16.0,82.0
-64.0,12.0,16.0,92.0
-62.0,12.0,16.0,92.0
-60.0,12.0,16.0,455.0
-58.0,12.0,16.0,455.0
-56.0,12.0,16.0,324.0
-54.0,12.0,16.0,324.0
-52.0,12.0,16.0,324.0
-50.0,12.0,16.0,324.0
-48.0,12.0,16.0,324.0
-46.0,12.0,16.0,236.0
-22.0,12.0,16.0,434.0
-20.0,12.0,16.0,434.0
-18.0,12.0,16.0,434.0
-16.0,12.0,16.0,434.0
-14.0,12.0,16.0,582.0
-12.0,12.0,16.0,582.0
-10.0,12.0,16.0,160.0
10.0,12.0,16.0,238.0
12.0,12.0,16.0,238.0
14.0,12.0,16.0,238.0
16.0,12.0,16.0,238.0
18.0,12.0,16.0,238.0
46.0,12.0,16.0,7.0
48.0,12.0,16.0,201.0
50.0,12.0,16.0,201.0
52.0,12.0,16.0,196.0
54.0,12.0,16.0,161.0
56.0,12.0,16.0,82.0
58.0,12.0,16.0,82.0
60.0,12.0,16.0,82.0
-62.0,14.0,16.0,455.0
-60.0,14.0,16.0,455.0
-58.0,14.0,16.0,455.0
-56.0,14.0,16.0,455.0
-54.0,14.0,16.0,455.0
-52.0,14.0,16.0,324.0
-50.0,14.0,16.0,324.0
-48.0,14.0,16.0,324.0
-46.0,14.0,16.0,324.0
-22.0,14.0,16.0,448.0
-20.0,14.0,16.0,448.0
-18.0,14.0,16.0,448.0
-16.0,14.0,16.0,448.0
-14.0,14.0,16.0,582.0
-12.0,14.0,16.0,582.0
-10.0,14.0,16.0,582.0
10.0,14.0,16.0,238.0
12.0,14.0,16.0,238.0
14.0,14.0,16.0,238.0
16.0,14.0,16.0,238.0
18.0,14.0,16.0,264.0
44.0,14.0,16.0,7.0
46.0,14.0,16.0,7.0
48.0,14.0,16.0,196.0
50.0,14.0,16.0,196.0
52.0,14.0,16.0,196.0
54.0,14.0,16.0,196.0
56.0,14.0,16.0,82.0
58.0,14.0,16.0,82.0
60.0,14.0,16.0,82.0
-62.0,16.0,16.0,455.0
-60.0,16.0,16.0,455.0
-58.0,16.0,16.0,455.0
-56.0,16.0,16.0,455.0
-54.0,16.0,16.0,455.0
-52.0,16.0,16.0,455.0
-50.0,16.0,16.0,455.0
-48.0,16.0,16.0,324.0
-22.0,16.0,16.0,448.0
-20.0,16.0,16.0,448.0
-18.0,16.0,16.0,448.0
-16.0,16.0,16.0,582.0
-14.0,16.0,16.0,582.0
-12.0,16.0,16.0,582.0
12.0,16.0,16.0,215.0
14.0,16.0,16.0,238.0
16.0,16.0,16.0,238.0
18.0,16.0,16.0,264.0
46.0,16.0,16.0,196.0
48.0,16.0,16.0,196.0
50.0,16.0,16.0,196.0
52.0,16.0,16.0,196.0
54.0,16.0,16.0,196.0
56.0,16.0,16.0,196.0
58.0,16.0,16.0,82.0
60.0,16.0,16.0,82.0
-62.0,18.0,16.0,455.0
-60.0,18.0,16.0,455.0
-58.0,18.0,16.0,455.0
-56.0,18.0,16.0,455.0
-54.0,18.0,16.0,455.0
-52.0,18.0,16.0,455.0
-50.0,18.0,16.0,455.0
-48.0,18.0,16.0,455.0
-46.0,18.0,16.0,455.0
-22.0,18.0,16.0,448.0
-20.0,18.0,16.0,448.0
-18.0,18.0,16.0,448.0
-16.0,18.0,16.0,582.0
-14.0,18.0,16.0,582.0
16.0,18.0,16.0,215.0
18.0,18.0,16.0,264.0
50.0,18.0,16.0,196.0
52.0,18.0,16.0,196.0
54.0,18.0,16.0,196.0
56.0,18.0,16.0,196.0
58.0,18.0,16.0,82.0
60.0,18.0,16.0,82.0
-62.0,20.0,16.0,455.0
-60.0,20.0,16.0,455.0
-58.0,20.0,16.0,455.0
-56.0,20.0,16.0,455.0
-54.0,20.0,16.0,455.0
-52.0,20.0,16.0,455.0
-50.0,20.0,16.0,455.0
-48.0,20.0,16.0,455.0
-20.0,20.0,16.0,448.0
-18.0,20.0,16.0,582.0
-16.0,20.0,16.0,582.0
50.0,20.0,16.0,196.0
52.0,20.0,16.0,196.0
54.0,20.0,16.0,196.0
56.0,20.0,16.0,196.0
58.0,20.0,16.0,196.0
60.0,20.0,16.0,82.0
-60.0,22.0,16.0,455.0
-58.0,22.0,16.0,455.0
-56.0,22.0,16.0,455.0
-54.0,22.0,16.0,455.0
-52.0,22.0,16.0,455.0
-50.0,22.0,16.0,455.0
-48.0,22.0,16.0,419.0
50.0,22.0,16.0,196.0
52.0,22.0,16.0,196.0
54.0,22.0,16.0,196.0
56.0,22.0,16.0,119.0
58.0,22.0,16.0,119.0
-60.0,24.0,16.0,455.0
-58.0,24.0,16.0,455.0
-56.0,24.0,16.0,455.0
-54.0,24.0,16.0,455.0
-52.0,24.0,16.0,419.0
-50.0,24.0,16.0,419.0
50.0,24.0,16.0,196.0
52.0,24.0,16.0,119.0
54.0,24.0,16.0,119.0
56.0,24.0,16.0,119.0
58.0,24.0,16.0,119.0
-60.0,26.0,16.0,455.0
-58.0,26.0,16.0,455.0
-56.0,26.0,16.0,419.0
-54.0,26.0,16.0,419.0
-52.0,26.0,16.0,419.0
-50.0,26.0,16.0,419.0
-6.0,26.0,16.0,121.0
-4.0,26.0,16.0,121.0
2.0,26.0,16.0,121.0
4.0,26.0,16.0,121.0
50.0,26.0,16.0,119.0
52.0,26.0,16.0,119.0
54.0,26.0,16.0,119.0
56.0,26.0,16.0,119.0
58.0,26.0,16.0,119.0
-58.0,28.0,16.0,419.0
-56.0,28.0,16.0,419.0
-54.0,28.0,16.0,419.0
-52.0,28.0,16.0,419.0
-50.0,28.0,16.0,419.0
-48.0,28.0,16.0,419.0
-8.0,28.0,16.0,121.0
-6.0,28.0,16.0,121.0
-4.0,28.0,16.0,121.0
2.0,28.0,16.0,121.0
4.0,28.0,16.0,121.0
6.0,28.0,16.0,320.0
42.0,28.0,16.0,284.0
44.0,28.0,16.0,284.0
46.0,28.0,16.0,72.0
52.0,28.0,16.0,119.0
54.0,28.0,16.0,119.0
56.0,28.0,16.0,119.0
-58.0,30.0,16.0,419.0
-56.0,30.0,16.0,419.0
-54.0,30.0,16.0,419.0
-52.0,30.0,16.0,419.0
-50.0,30.0,16.0,419.0
-48.0,30.0,16.0,419.0
-46.0,30.0,16.0,419.0
-44.0,30.0,16.0,419.0
-8.0,30.0,16.0,121.0
-6.0,30.0,16.0,121.0
-4.0,30.0,16.0,121.0
0.0,30.0,16.0,121.0
2.0,30.0,16.0,121.0
4.0,30.0,16.0,320.0
6.0,30.0,16.0,320.0
40.0,30.0,16.0,284.0
42.0,30.0,16.0,284.0
44.0,30.0,16.0,284.0
46.0,30.0,16.0,72.0
50.0,30.0,16.0,72.0
52.0,30.0,16.0,72.0
54.0,30.0,16.0,119.0
56.0,30.0,16.0,119.0
-58.0,32.0,16.0,419.0
-56.0,32.0,16.0,419.0
-54.0,32.0,16.0,419.0
-52.0,32.0,16.0,419.0
-50.0,32.0,16.0,419.0
-48.0,32.0,16.0,419.0
-46.0,32.0,16.0,419.0
-44.0,32.0,16.0,49.0
-42.0,32.0,16.0,49.0
-40.0,32.0,16.0,49.0
-8.0,32.0,16.0,293.0
-6.0,32.0,16.0,293.0
-4.0,32.0,16.0,293.0
2.0,32.0,16.0,293.0
4.0,32.0,16.0,320.0
6.0,32.0,16.0,320.0
38.0,32.0,16.0,284.0
40.0,32.0,16.0,284.0
42.0,32.0,16.0,284.0
44.0,32.0,16.0,284.0
46.0,32.0,16.0,72.0
50.0,32.0,16.0,72.0
52.0,32.0,16.0,72.0
54.0,32.0,16.0,119.0
-56.0,34.0,16.0,419.0
-54.0,34.0,16.0,419.0
-52.0,34.0,16.0,419.0
-50.0,34.0,16.0,419.0
-48.0,34.0,16.0,419.0
-46.0,34.0,16.0,49.0
-44.0,34.0,16.0,49.0
-42.0,34.0,16.0,49.0
-40.0,34.0,16.0,49.0
-38.0,34.0,16.0,49.0
-8.0,34.0,16.0,293.0
-6.0,34.0,16.0,293.0
-4.0,34.0,16.0,293.0
-2.0,34.0,16.0,293.0
2.0,34.0,16.0,293.0
4.0,34.0,16.0,293.0
6.0,34.0,16.0,320.0
36.0,34.0,16.0,284.0
38.0,34.0,16.0,284.0
40.0,34.0,16.0,284.0
42.0,34.0,16.0,284.0
44.0,34.0,16.0,284.0
46.0,34.0,16.0,72.0
48.0,34.0,16.0,72.0
50.0,34.0,16.0,72.0
52.0,34.0,16.0,72.0
54.0,34.0,16.0,146.0
-56.0,36.0,16.0,419.0
-54.0,36.0,16.0,419.0
-52.0,36.0,16.0,437.0
-50.0,36.0,16.0,437.0
-48.0,36.0,16.0,437.0
-46.0,36.0,16.0,49.0
-44.0,36.0,16.0,49.0
-42.0,36.0,16.0,49.0
-40.0,36.0,16.0,49.0
-38.0,36.0,16.0,49.0
-36.0,36.0,16.0,49.0
-8.0,36.0,16.0,293.0
-6.0,36.0,16.0,293.0
-4.0,36.0,16.0,293.0
-2.0,36.0,16.0,293.0
2.0,36.0,16.0,293.0
4.0,36.0,16.0,293.0
6.0,36.0,16.0,293.0
8.0,36.0,16.0,320.0
36.0,36.0,16.0,518.0
38.0,36.0,16.0,284.0
40.0,36.0,16.0,284.0
42.0,36.0,16.0,284.0
44.0,36.0,16.0,284.0
46.0,36.0,16.0,72.0
48.0,36.0,16.0,72.0
50.0,36.0,16.0,72.0
52.0,36.0,16.0,146.0
-54.0,38.0,16.0,437.0
-52.0,38.0,16.0,437.0
-50.0,38.0,16.0,437.0
-48.0,38.0,16.0,437.0
-46.0,38.0,16.0,437.0
-44.0,38.0,16.0,49.0
-42.0,38.0,16.0,49.0
-40.0,38.0,16.0,49.0
-38.0,38.0,16.0,49.0
-36.0,38.0,16.0,49.0
-14.0,38.0,16.0,293.0
-12.0,38.0,16.0,293.0
-10.0,38.0,16.0,293.0
-8.0,38.0,16.0,293.0
-6.0,38.0,16.0,293.0
-4.0,38.0,16.0,293.0
-2.0,38.0,16.0,293.0
2.0,38.0,16.0,293.0
4.0,38.0,16.0,293.0
6.0,38.0,16.0,293.0
8.0,38.0,16.0,293.0
10.0,38.0,16.0,320.0
12.0,38.0,16.0,320.0
38.0,38.0,16.0,518.0
40.0,38.0,16.0,284.0
42.0,38.0,16.0,284.0
44.0,38.0,16.0,284.0
46.0,38.0,16.0,72.0
48.0,38.0,16.0,72.0
50.0,38.0,16.0,146.0
52.0,38.0,16.0,146.0
-52.0,40.0,16.0,437.0
-50.0,40.0,16.0,437.0
-48.0,40.0,16.0,437.0
-46.0,40.0,16.0,437.0
-44.0,40.0,16.0,49.0
-42.0,40.0,16.0,49.0
-40.0,40.0,16.0,49.0
-38.0,40.0,16.0,49.0
-36.0,40.0,16.0,49.0
-14.0,40.0,16.0,407.0
-12.0,40.0,16.0,293.0
-10.0,40.0,16.0,293.0
-8.0,40.0,16.0,293.0
-6.0,40.0,16.0,293.0
-4.0,40.0,16.0,293.0
-2.0,40.0,16.0,293.0
0.0,40.0,16.0,293.0
2.0,40.0,16.0,293.0
4.0,40.0,16.0,293.0
6.0,40.0,16.0,293.0
8.0,40.0,16.0,263.0
10.0,40.0,16.0,263.0
12.0,40.0,16.0,263.0
14.0,40.0,16.0,525.0
36.0,40.0,16.0,518.0
38.0,40.0,16.0,518.0
40.0,40.0,16.0,518.0
42.0,40.0,16.0,518.0
44.0,40.0,16.0,284.0
46.0,40.0,16.0,72.0
48.0,40.0,16.0,146.0
50.0,40.0,16.0,146.0
-52.0,42.0,16.0,437.0
-50.0,42.0,16.0,437.0
-48.0,42.0,16.0,437.0
-46.0,42.0,16.0,437.0
-44.0,42.0,16.0,49.0
-42.0,42.0,16.0,49.0
-40.0,42.0,16.0,49.0
-38.0,42.0,16.0,49.0
-36.0,42.0,16.0,62.0
-16.0,42.0,16.0,407.0
-14.0,42.0,16.0,407.0
-12.0,42.0,16.0,407.0
-10.0,42.0,16.0,407.0
-8.0,42.0,16.0,293.0
-6.0,42.0,16.0,293.0
-4.0,42.0,16.0,293.0
-2.0,42.0,16.0,293.0
0.0,42.0,16.0,263.0
2.0,42.0,16.0,263.0
4.0,42.0,16.0,263.0
6.0,42.0,16.0,263.0
8.0,42.0,16.0,263.0
10.0,42.0,16.0,263.0
12.0,42.0,16.0,525.0
14.0,42.0,16.0,525.0
34.0,42.0,16.0,518.0
36.0,42.0,16.0,518.0
38.0,42.0,16.0,518.0
40.0,42.0,16.0,518.0
42.0,42.0,16.0,518.0
44.0,42.0,16.0,518.0
46.0,42.0,16.0,146.0
48.0,42.0,16.0,146.0
50.0,42.0,16.0,146.0
-50.0,44.0,16.0,437.0
-48.0,44.0,16.0,437.0
-46.0,44.0,16.0,361.0
-44.0,44.0,16.0,361.0
-42.0,44.0,16.0,361.0
-40.0,44.0,16.0,62.0
-38.0,44.0,16.0,62.0
-36.0,44.0,16.0,62.0
-34.0,44.0,16.0,62.0
-30.0,44.0,16.0,280.0
-28.0,44.0,16.0,280.0
-26.0,44.0,16.0,280.0
-16.0,44.0,16.0,407.0
-14.0,44.0,16.0,407.0
-12.0,44.0,16.0,407.0
-10.0,44.0,16.0,407.0
-8.0,44.0,16.0,407.0
-6.0,44.0,16.0,263.0
-4.0,44.0,16.0,263.0
-2.0,44.0,16.0,263.0
0.0,44.0,16.0,263.0
2.0,44.0,16.0,263.0
4.0,44.0,16.0,263.0
6.0,44.0,16.0,263.0
8.0,44.0,16.0,263.0
10.0,44.0,16.0,525.0
12.0,44.0,16.0,525.0
14.0,44.0,16.0,525.0
34.0,44.0,16.0,518.0
36.0,44.0,16.0,518.0
38.0,44.0,16.0,518.0
40.0,44.0,16.0,518.0
42.0,44.0,16.0,518.0
44.0,44.0,16.0,518.0
46.0,44.0,16.0,146.0
48.0,44.0,16.0,146.0
-50.0,46.0,16.0,361.0
-48.0,46.0,16.0,361.0
-46.0,46.0,16.0,361.0
-44.0,46.0,16.0,361.0
-42.0,46.0,16.0,361.0
-40.0,46.0,16.0,62.0
-38.0,46.0,16.0,62.0
-36.0,46.0,16.0,62.0
-34.0,46.0,16.0,62.0
-32.0,46.0,16.0,280.0
-30.0,46.0,16.0,280.0
-28.0,46.0,16.0,280.0
-26.0,46.0,16.0,280.0
-16.0,46.0,16.0,407.0
-14.0,46.0,16.0,407.0
-12.0,46.0,16.0,407.0
-10.0,46.0,16.0,407.0
-8.0,46.0,16.0,407.0
-6.0,46.0,16.0,263.0
-4.0,46.0,16.0,263.0
-2.0,46.0,16.0,263.0
0.0,46.0,16.0,263.0
2.0,46.0,16.0,263.0
4.0,46.0,16.0,263.0
6.0,46.0,16.0,263.0
8.0,46.0,16.0,525.0
10.0,46.0,16.0,525.0
12.0,46.0,16.0,525.0
14.0,46.0,16.0,525.0
30.0,46.0,16.0,518.0
32.0,46.0,16.0,518.0
34.0,46.0,16.0,518.0
36.0,46.0,16.0,518.0
38.0,46.0,16.0,518.0
40.0,46.0,16.0,518.0
42.0,46.0,16.0,518.0
44.0,46.0,16.0,518.0
46.0,46.0,16.0,518.0
-48.0,48.0,16.0,361.0
-46.0,48.0,16.0,361.0
-44.0,48.0,16.0,361.0
-42.0,48.0,16.0,361.0
-40.0,48.0,16.0,62.0
-38.0,48.0,16.0,62.0
-36.0,48.0,16.0,62.0
-34.0,48.0,16.0,62.0
-32.0,48.0,16.0,280.0
-30.0,48.0,16.0,280.0
-28.0,48.0,16.0,280.0
-26.0,48.0,16.0,280.0
-14.0,48.0,16.0,407.0
-12.0,48.0,16.0,407.0
-10.0,48.0,16.0,407.0
-8.0,48.0,16.0,407.0
-6.0,48.0,16.0,407.0
-4.0,48.0,16.0,263.0
-2.0,48.0,16.0,263.0
0.0,48.0,16.0,263.0
2.0,48.0,16.0,263.0
4.0,48.0,16.0,263.0
6.0,48.0,16.0,525.0
8.0,48.0,16.0,525.0
10.0,48.0,16.0,525.0
12.0,48.0,16.0,525.0
14.0,48.0,16.0,525.0
30.0,48.0,16.0,518.0
32.0,48.0,16.0,518.0
34.0,48.0,16.0,518.0
36.0,48.0,16.0,518.0
38.0,48.0,16.0,518.0
40.0,48.0,16.0,518.0
42.0,48.0,16.0,518.0
44.0,48.0,16.0,518.0
46.0,48.0,16.0,518.0
-48.0,50.0,16.0,361.0
-46.0,50.0,16.0,361.0
-44.0,50.0,16.0,361.0
-42.0,50.0,16.0,361.0
-40.0,50.0,16.0,62.0
-38.0,50.0,16.0,62.0
-36.0,50.0,16.0,62.0
-34.0,50.0,16.0,62.0
-32.0,50.0,16.0,280.0
-30.0,50.0,16.0,280.0
-28.0,50.0,16.0,280.0
-26.0,50.0,16.0,280.0
-24.0,50.0,16.0,280.0
-14.0,50.0,16.0,407.0
-12.0,50.0,16.0,407.0
-10.0,50.0,16.0,407.0
-8.0,50.0,16.0,407.0
-6.0,50.0,16.0,407.0
-4.0,50.0,16.0,263.0
-2.0,50.0,16.0,263.0
0.0,50.0,16.0,263.0
2.0,50.0,16.0,263.0
4.0,50.0,16.0,525.0
6.0,50.0,16.0,525.0
8.0,50.0,16.0,525.0
10.0,50.0,16.0,525.0
12.0,50.0,16.0,525.0
30.0,50.0,16.0,365.0
32.0,50.0,16.0,365.0
34.0,50.0,16.0,365.0
36.0,50.0,16.0,365.0
38.0,50.0,16.0,518.0
40.0,50.0,16.0,518.0
42.0,50.0,16.0,518.0
44.0,50.0,16.0,518.0
-46.0,52.0,16.0,361.0
-44.0,52.0,16.0,361.0
-42.0,52.0,16.0,361.0
-40.0,52.0,16.0,62.0
-38.0,52.0,16.0,62.0
-36.0,52.0,16.0,62.0
-34.0,52.0,16.0,62.0
-32.0,52.0,16.0,280.0
-30.0,52.0,16.0,280.0
-28.0,52.0,16.0,280.0
-26.0,52.0,16.0,280.0
-24.0,52.0,16.0,280.0
-12.0,52.0,16.0,407.0
-10.0,52.0,16.0,407.0
-8.0,52.0,16.0,407.0
-6.0,52.0,16.0,407.0
-4.0,52.0,16.0,407.0
-2.0,52.0,16.0,263.0
0.0,52.0,16.0,263.0
2.0,52.0,16.0,525.0
4.0,52.0,16.0,525.0
6.0,52.0,16.0,525.0
8.0,52.0,16.0,525.0
10.0,52.0,16.0,525.0
12.0,52.0,16.0,525.0
28.0,52.0,16.0,365.0
30.0,52.0,16.0,365.0
32.0,52.0,16.0,365.0
34.0,52.0,16.0,365.0
36.0,52.0,16.0,365.0
38.0,52.0,16.0,365.0
40.0,52.0,16.0,365.0
42.0,52.0,16.0,365.0
-44.0,54.0,16.0,361.0
-42.0,54.0,16.0,361.0
-40.0,54.0,16.0,62.0
-38.0,54.0,16.0,62.0
-36.0,54.0,16.0,62.0
-34.0,54.0,16.0,62.0
-32.0,54.0,16.0,280.0
-30.0,54.0,16.0,280.0
-28.0,54.0,16.0,280.0
-26.0,54.0,16.0,280.0
-24.0,54.0,16.0,280.0
-22.0,54.0,16.0,280.0
-12.0,54.0,16.0,407.0
-10.0,54.0,16.0,407.0
-8.0,54.0,16.0,407.0
-6.0,54.0,16.0,407.0
-4.0,54.0,16.0,407.0
-2.0,54.0,16.0,263.0
0.0,54.0,16.0,525.0
2.0,54.0,16.0,525.0
4.0,54.0,16.0,525.0
6.0,54.0,16.0,525.0
8.0,54.0,16.0,525.0
10.0,54.0,16.0,525.0
12.0,54.0,16.0,525.0
22.0,54.0,16.0,142.0
24.0,54.0,16.0,365.0
26.0,54.0,16.0,365.0
28.0,54.0,16.0,365.0
30.0,54.0,16.0,365.0
32.0,54.0,16.0,365.0
34.0,54.0,16.0,365.0
36.0,54.0,16.0,365.0
38.0,54.0,16.0,365.0
40.0,54.0,16.0,365.0
42.0,54.0,16.0,365.0
-42.0,56.0,16.0,300.0
-40.0,56.0,16.0,300.0
-38.0,56.0,16.0,62.0
-36.0,56.0,16.0,62.0
-34.0,56.0,16.0,62.0
-32.0,56.0,16.0,280.0
-30.0,56.0,16.0,280.0
-28.0,56.0,16.0,280.0
-26.0,56.0,16.0,280.0
-24.0,56.0,16.0,280.0
-22.0,56.0,16.0,280.0
-12.0,56.0,16.0,407.0
-10.0,56.0,16.0,407.0
-8.0,56.0,16.0,407.0
-6.0,56.0,16.0,407.0
-4.0,56.0,16.0,407.0
-2.0,56.0,16.0,407.0
2.0,56.0,16.0,525.0
4.0,56.0,16.0,525.0
6.0,56.0,16.0,525.0
8.0,56.0,16.0,525.0
10.0,56.0,16.0,525.0
12.0,56.0,16.0,525.0
22.0,56.0,16.0,142.0
24.0,56.0,16.0,365.0
26.0,56.0,16.0,365.0
28.0,56.0,16.0,365.0
30.0,56.0,16.0,365.0
32.0,56.0,16.0,365.0
34.0,56.0,16.0,365.0
36.0,56.0,16.0,365.0
38.0,56.0,16.0,365.0
40.0,56.0,16.0,365.0
-40.0,58.0,16.0,300.0
-38.0,58.0,16.0,300.0
-36.0,58.0,16.0,62.0
-34.0,58.0,16.0,62.0
-32.0,58.0,16.0,280.0
-30.0,58.0,16.0,280.0
-28.0,58.0,16.0,280.0
-26.0,58.0,16.0,280.0
-24.0,58.0,16.0,280.0
-22.0,58.0,16.0,280.0
-20.0,58.0,16.0,280.0
-10.0,58.0,16.0,305.0
-8.0,58.0,16.0,407.0
-6.0,58.0,16.0,407.0
-4.0,58.0,16.0,407.0
-2.0,58.0,16.0,407.0
2.0,58.0,16.0,251.0
4.0,58.0,16.0,251.0
6.0,58.0,16.0,251.0
8.0,58.0,16.0,251.0
10.0,58.0,16.0,251.0
12.0,58.0,16.0,251.0
22.0,58.0,16.0,142.0
24.0,58.0,16.0,365.0
26.0,58.0,16.0,365.0
28.0,58.0,16.0,365.0
30.0,58.0,16.0,365.0
32.0,58.0,16.0,365.0
34.0,58.0,16.0,365.0
36.0,58.0,16.0,365.0
38.0,58.0,16.0,365.0
-38.0,60.0,16.0,300.0
-36.0,60.0,16.0,158.0
-34.0,60.0,16.0,158.0
-32.0,60.0,16.0,280.0
-30.0,60.0,16.0,280.0
-28.0,60.0,16.0,280.0
-26.0,60.0,16.0,280.0
-24.0,60.0,16.0,280.0
-22.0,60.0,16.0,280.0
-20.0,60.0,16.0,280.0
-10.0,60.0,16.0,305.0
-8.0,60.0,16.0,305.0
-6.0,60.0,16.0,305.0
-4.0,60.0,16.0,305.0
-2.0,60.0,16.0,251.0
2.0,60.0,16.0,251.0
4.0,60.0,16.0,251.0
6.0,60.0,16.0,251.0
8.0,60.0,16.0,251.0
10.0,60.0,16.0,251.0
12.0,60.0,16.0,251.0
24.0,60.0,16.0,97.0
26.0,60.0,16.0,97.0
28.0,60.0,16.0,365.0
30.0,60.0,16.0,365.0
32.0,60.0,16.0,365.0
34.0,60.0,16.0,365.0
36.0,60.0,16.0,365.0
-36.0,62.0,16.0,158.0
-34.0,62.0,16.0,158.0
-32.0,62.0,16.0,4.0
-30.0,62.0,16.0,4.0
-28.0,62.0,16.0,4.0
-26.0,62.0,16.0,4.0
-24.0,62.0,16.0,4.0
-22.0,62.0,16.0,4.0
-20.0,62.0,16.0,305.0
-18.0,62.0,16.0,305.0
-16.0,62.0,16.0,305.0
-14.0,62.0,16.0,305.0
-12.0,62.0,16.0,305.0
-10.0,62.0,16.0,305.0
-8.0,62.0,16.0,305.0
-6.0,62.0,16.0,305.0
-4.0,62.0,16.0,305.0
-2.0,62.0,16.0,251.0
2.0,62.0,16.0,251.0
4.0,62.0,16.0,251.0
6.0,62.0,16.0,251.0
8.0,62.0,16.0,251.0
10.0,62.0,16.0,251.0
12.0,62.0,16.0,251.0
20.0,62.0,16.0,251.0
22.0,62.0,16.0,97.0
24.0,62.0,16.0,97.0
26.0,62.0,16.0,97.0
28.0,62.0,16.0,97.0
30.0,62.0,16.0,365.0
-32.0,64.0,16.0,4.0
-30.0,64.0,16.0,4.0
-28.0,64.0,16.0,4.0
-26.0,64.0,16.0,4.0
-24.0,64.0,16.0,4.0
-22.0,64.0,16.0,4.0
-20.0,64.0,16.0,305.0
-18.0,64.0,16.0,305.0
-16.0,64.0,16.0,305.0
-14.0,64.0,16.0,305.0
-12.0,64.0,16.0,305.0
-10.0,64.0,16.0,305.0
-8.0,64.0,16.0,305.0
-6.0,64.0,16.0,305.0
-4.0,64.0,16.0,305.0
-2.0,64.0,16.0,251.0
2.0,64.0,16.0,251.0
4.0,64.0,16.0,251.0
6.0,64.0,16.0,251.0
8.0,64.0,16.0,251.0
10.0,64.0,16.0,251.0
12.0,64.0,16.0,251.0
14.0,64.0,16.0,251.0
16.0,64.0,16.0,251.0
18.0,64.0,16.0,251.0
20.0,64.0,16.0,251.0
22.0,64.0,16.0,97.0
24.0,64.0,16.0,97.0
26.0,64.0,16.0,97.0
28.0,64.0,16.0,97.0
-30.0,66.0,16.0,4.0
-28.0,66.0,16.0,4.0
-26.0,66.0,16.0,4.0
-24.0,66.0,16.0,4.0
-22.0,66.0,16.0,305.0
-20.0,66.0,16.0,305.0
-18.0,66.0,16.0,305.0
-16.0,66.0,16.0,305.0
-14.0,66.0,16.0,305.0
-12.0,66.0,16.0,305.0
-10.0,66.0,16.0,305.0
-8.0,66.0,16.0,305.0
-6.0,66.0,16.0,305.0
-4.0,66.0,16.0,305.0
-2.0,66.0,16.0,251.0
4.0,66.0,16.0,251.0
6.0,66.0,16.0,251.0
8.0,66.0,16.0,251.0
10.0,66.0,16.0,251.0
12.0,66.0,16.0,251.0
14.0,66.0,16.0,251.0
16.0,66.0,16.0,251.0
18.0,66.0,16.0,251.0
20.0,66.0,16.0,251.0
22.0,66.0,16.0,97.0
24.0,66.0,16.0,97.0
26.0,66.0,16.0,97.0
-26.0,68.0,16.0,4.0
-24.0,68.0,16.0,4.0
-22.0,68.0,16.0,305.0
-20.0,68.0,16.0,305.0
-18.0,68.0,16.0,305.0
-16.0,68.0,16.0,305.0
-14.0,68.0,16.0,305.0
-12.0,68.0,16.0,305.0
-10.0,68.0,16.0,305.0
-8.0,68.0,16.0,305.0
-6.0,68.0,16.0,305.0
-4.0,68.0,16.0,305.0
-2.0,68.0,16.0,251.0
4.0,68.0,16.0,251.0
6.0,68.0,16.0,251.0
8.0,68.0,16.0,251.0
10.0,68.0,16.0,251.0
12.0,68.0,16.0,251.0
14.0,68.0,16.0,251.0
16.0,68.0,16.0,251.0
18.0,68.0,16.0,251.0
20.0,68.0,16.0,251.0
22.0,68.0,16.0,97.0
-20.0,70.0,16.0,305.0
-18.0,70.0,16.0,305.0
-16.0,70.0,16.0,305.0
-14.0,70.0,16.0,305.0
-12.0,70.0,16.0,305.0
-10.0,70.0,16.0,305.0
-8.0,70.0,16.0,305.0
-6.0,70.0,16.0,305.0
-4.0,70.0,16.0,305.0
4.0,70.0,16.0,251.0
6.0,70.0,16.0,251.0
8.0,70.0,16.0,251.0
10.0,70.0,16.0,251.0
12.0,70.0,16.0,251.0
14.0,70.0,16.0,251.0
6.0,-102.0,18.0,380.0
-20.0,-100.0,18.0,247.0
-18.0,-100.0,18.0,247.0
-16.0,-100.0,18.0,247.0
-14.0,-100.0,18.0,247.0
-12.0,-100.0,18.0,247.0
2.0,-100.0,18.0,461.0
4.0,-100.0,18.0,380.0
6.0,-100.0,18.0,139.0
8.0,-100.0,18.0,139.0
10.0,-100.0,18.0,139.0
12.0,-100.0,18.0,139.0
14.0,-100.0,18.0,139.0
16.0,-100.0,18.0,139.0
18.0,-100.0,18.0,139.0
-26.0,-98.0,18.0,367.0
-24.0,-98.0,18.0,367.0
-22.0,-98.0,18.0,367.0
-20.0,-98.0,18.0,247.0
-18.0,-98.0,18.0,247.0
-16.0,-98.0,18.0,247.0
-14.0,-98.0,18.0,247.0
-12.0,-98.0,18.0,247.0
-10.0,-98.0,18.0,247.0
0.0,-98.0,18.0,461.0
2.0,-98.0,18.0,461.0
4.0,-98.0,18.0,461.0
6.0,-98.0,18.0,139.0
8.0,-98.0,18.0,139.0
10.0,-98.0,18.0,139.0
12.0,-98.0,18.0,139.0
14.0,-98.0,18.0,139.0
16.0,-98.0,18.0,139.0
18.0,-98.0,18.0,139.0
20.0,-98.0,18.0,139.0
22.0,-98.0,18.0,139.0
24.0,-98.0,18.0,139.0
-28.0,-96.0,18.0,367.0
-26.0,-96.0,18.0,367.0
-24.0,-96.0,18.0,367.0
-22.0,-96.0,18.0,367.0
-20.0,-96.0,18.0,247.0
-18.0,-96.0,18.0,247.0
-16.0,-96.0,18.0,247.0
-14.0,-96.0,18.0,247.0
-12.0,-96.0,18.0,247.0
-10.0,-96.0,18.0,420.0
-8.0,-96.0,18.0,420.0
0.0,-96.0,18.0,461.0
2.0,-96.0,18.0,461.0
4.0,-96.0,18.0,461.0
6.0,-96.0,18.0,139.0
8.0,-96.0,18.0,139.0
10.0,-96.0,18.0,139.0
12.0,-96.0,18.0,139.0
14.0,-96.0,18.0,139.0
16.0,-96.0,18.0,139.0
18.0,-96.0,18.0,139.0
20.0,-96.0,18.0,139.0
22.0,-96.0,18.0,139.0
24.0,-96.0,18.0,139.0
26.0,-96.0,18.0,366.0
28.0,-96.0,18.0,366.0
-30.0,-94.0,18.0,367.0
-28.0,-94.0,18.0,367.0
-26.0,-94.0,18.0,367.0
-24.0,-94.0,18.0,367.0
-22.0,-94.0,18.0,367.0
-20.0,-94.0,18.0,247.0
-18.0,-94.0,18.0,247.0
-16.0,-94.0,18.0,247.0
-14.0,-94.0,18.0,247.0
-12.0,-94.0,18.0,247.0
-10.0,-94.0,18.0,420.0
-8.0,-94.0,18.0,461.0
-6.0,-94.0,18.0,461.0
-2.0,-94.0,18.0,461.0
0.0,-94.0,18.0,461.0
2.0,-94.0,18.0,461.0
4.0,-94.0,18.0,461.0
6.0,-94.0,18.0,461.0
8.0,-94.0,18.0,139.0
10.0,-94.0,18.0,139.0
12.0,-94.0,18.0,139.0
14.0,-94.0,18.0,139.0
16.0,-94.0,18.0,139.0
18.0,-94.0,18.0,139.0
20.0,-94.0,18.0,139.0
22.0,-94.0,18.0,139.0
24.0,-94.0,18.0,139.0
26.0,-94.0,18.0,366.0
28.0,-94.0,18.0,366.0
30.0,-94.0,18.0,366.0
32.0,-94.0,18.0,366.0
-34.0,-92.0,18.0,279.0
-32.0,-92.0,18.0,279.0
-30.0,-92.0,18.0,279.0
-28.0,-92.0,18.0,367.0
-26.0,-92.0,18.0,367.0
-24.0,-92.0,18.0,367.0
-22.0,-92.0,18.0,367.0
-20.0,-92.0,18.0,247.0
-18.0,-92.0,18.0,247.0
-16.0,-92.0,18.0,247.0
-14.0,-92.0,18.0,247.0
-12.0,-92.0,18.0,247.0
-10.0,-92.0,18.0,461.0
-8.0,-92.0,18.0,461.0
-6.0,-92.0,18.0,461.0
-4.0,-92.0,18.0,461.0
-2.0,-92.0,18.0,461.0
0.0,-92.0,18.0,461.0
2.0,-92.0,18.0,461.0
4.0,-92.0,18.0,461.0
6.0,-92.0,18.0,461.0
8.0,-92.0,18.0,139.0
10.0,-92.0,18.0,139.0
12.0,-92.0,18.0,139.0
14.0,-92.0,18.0,139.0
16.0,-92.0,18.0,139.0
18.0,-92.0,18.0,139.0
20.0,-92.0,18.0,139.0
22.0,-92.0,18.0,139.0
24.0,-92.0,18.0,366.0
26.0,-92.0,18.0,366.0
28.0,-92.0,18.0,366.0
30.0,-92.0,18.0,366.0
32.0,-92.0,18.0,366.0
34.0,-92.0,18.0,366.0
-38.0,-90.0,18.0,279.0
-36.0,-90.0,18.0,279.0
-34.0,-90.0,18.0,279.0
-32.0,-90.0,18.0,279.0
-30.0,-90.0,18.0,279.0
-28.0,-90.0,18.0,279.0
-26.0,-90.0,18.0,367.0
-24.0,-90.0,18.0,367.0
-22.0,-90.0,18.0,367.0
-20.0,-90.0,18.0,247.0
-18.0,-90.0,18.0,247.0
-16.0,-90.0,18.0,247.0
-14.0,-90.0,18.0,247.0
-12.0,-90.0,18.0,247.0
-10.0,-90.0,18.0,461.0
-8.0,-90.0,18.0,461.0
-6.0,-90.0,18.0,461.0
-4.0,-90.0,18.0,461.0
-2.0,-90.0,18.0,461.0
0.0,-90.0,18.0,461.0
2.0,-90.0,18.0,461.0
4.0,-90.0,18.0,461.0
6.0,-90.0,18.0,461.0
8.0,-90.0,18.0,461.0
10.0,-90.0,18.0,139.0
12.0,-90.0,18.0,139.0
14.0,-90.0,18.0,139.0
16.0,-90.0,18.0,139.0
18.0,-90.0,18.0,139.0
20.0,-90.0,18.0,139.0
22.0,-90.0,18.0,366.0
24.0,-90.0,18.0,366.0
26.0,-90.0,18.0,366.0
28.0,-90.0,18.0,366.0
30.0,-90.0,18.0,366.0
32.0,-90.0,18.0,366.0
34.0,-90.0,18.0,366.0
36.0,-90.0,18.0,366.0
38.0,-90.0,18.0,366.0
40.0,-90.0,18.0,548.0
-40.0,-88.0,18.0,279.0
-38.0,-88.0,18.0,279.0
-36.0,-88.0,18.0,279.0
-34.0,-88.0,18.0,279.0
-32.0,-88.0,18.0,279.0
-30.0,-88.0,18.0,279.0
-28.0,-88.0,18.0,279.0
-26.0,-88.0,18.0,279.0
-24.0,-88.0,18.0,367.0
-22.0,-88.0,18.0,367.0
-20.0,-88.0,18.0,247.0
-18.0,-88.0,18.0,247.0
-16.0,-88.0,18.0,247.0
-14.0,-88.0,18.0,247.0
-12.0,-88.0,18.0,461.0
-10.0,-88.0,18.0,461.0
-8.0,-88.0,18.0,461.0
-6.0,-88.0,18.0,461.0
-4.0,-88.0,18.0,461.0
-2.0,-88.0,18.0,461.0
0.0,-88.0,18.0,461.0
2.0,-88.0,18.0,461.0
4.0,-88.0,18.0,461.0
6.0,-88.0,18.0,461.0
8.0,-88.0,18.0,461.0
10.0,-88.0,18.0,139.0
12.0,-88.0,18.0,139.0
14.0,-88.0,18.0,139.0
16.0,-88.0,18.0,139.0
18.0,-88.0,18.0,139.0
20.0,-88.0,18.0,139.0
22.0,-88.0,18.0,366.0
24.0,-88.0,18.0,366.0
26.0,-88.0,18.0,366.0
28.0,-88.0,18.0,366.0
30.0,-88.0,18.0,366.0
32.0,-88.0,18.0,366.0
34.0,-88.0,18.0,366.0
36.0,-88.0,18.0,366.0
38.0,-88.0,18.0,534.0
40.0,-88.0,18.0,548.0
42.0,-88.0,18.0,548.0
-40.0,-86.0,18.0,279.0
-38.0,-86.0,18.0,279.0
-36.0,-86.0,18.0,279.0
-34.0,-86.0,18.0,279.0
-32.0,-86.0,18.0,279.0
-30.0,-86.0,18.0,279.0
-28.0,-86.0,18.0,279.0
-26.0,-86.0,18.0,279.0
-24.0,-86.0,18.0,454.0
-22.0,-86.0,18.0,454.0
-20.0,-86.0,18.0,454.0
-18.0,-86.0,18.0,247.0
-16.0,-86.0,18.0,247.0
-14.0,-86.0,18.0,247.0
-12.0,-86.0,18.0,461.0
-10.0,-86.0,18.0,461.0
-8.0,-86.0,18.0,461.0
-6.0,-86.0,18.0,461.0
-4.0,-86.0,18.0,461.0
-2.0,-86.0,18.0,461.0
0.0,-86.0,18.0,461.0
2.0,-86.0,18.0,461.0
4.0,-86.0,18.0,461.0
6.0,-86.0,18.0,461.0
8.0,-86.0,18.0,461.0
10.0,-86.0,18.0,461.0
12.0,-86.0,18.0,139.0
14.0,-86.0,18.0,139.0
16.0,-86.0,18.0,139.0
20.0,-86.0,18.0,366.0
22.0,-86.0,18.0,366.0
24.0,-86.0,18.0,366.0
26.0,-86.0,18.0,366.0
28.0,-86.0,18.0,366.0
30.0,-86.0,18.0,366.0
32.0,-86.0,18.0,366.0
34.0,-86.0,18.0,534.0
36.0,-86.0,18.0,534.0
38.0,-86.0,18.0,534.0
40.0,-86.0,18.0,534.0
42.0,-86.0,18.0,548.0
44.0,-86.0,18.0,548.0
-40.0,-84.0,18.0,279.0
-38.0,-84.0,18.0,279.0
-36.0,-84.0,18.0,279.0
-34.0,-84.0,18.0,279.0
-32.0,-84.0,18.0,279.0
-30.0,-84.0,18.0,279.0
-28.0,-84.0,18.0,279.0
-26.0,-84.0,18.0,454.0
-24.0,-84.0,18.0,454.0
-22.0,-84.0,18.0,454.0
-20.0,-84.0,18.0,454.0
-18.0,-84.0,18.0,454.0
-16.0,-84.0,18.0,594.0
-14.0,-84.0,18.0,594.0
-10.0,-84.0,18.0,461.0
-8.0,-84.0,18.0,461.0
-6.0,-84.0,18.0,461.0
-4.0,-84.0,18.0,461.0
-2.0,-84.0,18.0,461.0
0.0,-84.0,18.0,461.0
2.0,-84.0,18.0,461.0
4.0,-84.0,18.0,461.0
6.0,-84.0,18.0,461.0
8.0,-84.0,18.0,461.0
10.0,-84.0,18.0,461.0
12.0,-84.0,18.0,139.0
14.0,-84.0,18.0,139.0
16.0,-84.0,18.0,139.0
22.0,-84.0,18.0,366.0
24.0,-84.0,18.0,366.0
26.0,-84.0,18.0,366.0
28.0,-84.0,18.0,366.0
30.0,-84.0,18.0,534.0
32.0,-84.0,18.0,534.0
34.0,-84.0,18.0,534.0
36.0,-84.0,18.0,534.0
38.0,-84.0,18.0,534.0
40.0,-84.0,18.0,534.0
42.0,-84.0,18.0,548.0
44.0,-84.0,18.0,99.0
46.0,-84.0,18.0,99.0
-42.0,-82.0,18.0,279.0
-40.0,-82.0,18.0,279.0
-38.0,-82.0,18.0,279.0
-36.0,-82.0,18.0,279.0
-34.0,-82.0,18.0,279.0
-32.0,-82.0,18.0,279.0
-30.0,-82.0,18.0,279.0
-28.0,-82.0,18.0,454.0
-20.0,-82.0,18.0,454.0
-18.0,-82.0,18.0,454.0
-16.0,-82.0,18.0,594.0
-10.0,-82.0,18.0,461.0
-8.0,-82.0,18.0,461.0
-6.0,-82.0,18.0,461.0
-4.0,-82.0,18.0,461.0
-2.0,-82.0,18.0,461.0
0.0,-82.0,18.0,461.0
2.0,-82.0,18.0,461.0
4.0,-82.0,18.0,461.0
6.0,-82.0,18.0,461.0
8.0,-82.0,18.0,461.0
10.0,-82.0,18.0,578.0
12.0,-82.0,18.0,578.0
14.0,-82.0,18.0,139.0
16.0,-82.0,18.0,139.0
18.0,-82.0,18.0,366.0
22.0,-82.0,18.0,366.0
24.0,-82.0,18.0,366.0
26.0,-82.0,18.0,534.0
28.0,-82.0,18.0,534.0
30.0,-82.0,18.0,534.0
32.0,-82.0,18.0,534.0
34.0,-82.0,18.0,534.0
36.0,-82.0,18.0,534.0
38.0,-82.0,18.0,534.0
40.0,-82.0,18.0,534.0
42.0,-82.0,18.0,413.0
44.0,-82.0,18.0,99.0
46.0,-82.0,18.0,99.0
48.0,-82.0,18.0,99.0
-40.0,-80.0,18.0,279.0
-38.0,-80.0,18.0,279.0
-36.0,-80.0,18.0,279.0
-34.0,-80.0,18.0,279.0
-32.0,-80.0,18.0,279.0
-30.0,-80.0,18.0,454.0
-12.0,-80.0,18.0,594.0
-10.0,-80.0,18.0,461.0
-8.0,-80.0,18.0,461.0
-6.0,-80.0,18.0,461.0
-4.0,-80.0,18.0,461.0
-2.0,-80.0,18.0,461.0
0.0,-80.0,18.0,461.0
2.0,-80.0,18.0,578.0
4.0,-80.0,18.0,578.0
6.0,-80.0,18.0,578.0
8.0,-80.0,18.0,578.0
10.0,-80.0,18.0,578.0
12.0,-80.0,18.0,578.0
14.0,-80.0,18.0,578.0
16.0,-80.0,18.0,366.0
22.0,-80.0,18.0,534.0
24.0,-80.0,18.0,534.0
26.0,-80.0,18.0,534.0
28.0,-80.0,18.0,534.0
30.0,-80.0,18.0,534.0
32.0,-80.0,18.0,534.0
34.0,-80.0,18.0,534.0
36.0,-80.0,18.0,534.0
38.0,-80.0,18.0,534.0
40.0,-80.0,18.0,100.0
42.0,-80.0,18.0,413.0
44.0,-80.0,18.0,413.0
46.0,-80.0,18.0,99.0
48.0,-80.0,18.0,99.0
-40.0,-78.0,18.0,423.0
-38.0,-78.0,18.0,423.0
-36.0,-78.0,18.0,279.0
-34.0,-78.0,18.0,279.0
-32.0,-78.0,18.0,454.0
-30.0,-78.0,18.0,454.0
-16.0,-78.0,18.0,594.0
-14.0,-78.0,18.0,349.0
-12.0,-78.0,18.0,349.0
-10.0,-78.0,18.0,349.0
-8.0,-78.0,18.0,349.0
-6.0,-78.0,18.0,461.0
-4.0,-78.0,18.0,578.0
-2.0,-78.0,18.0,578.0
0.0,-78.0,18.0,578.0
2.0,-78.0,18.0,578.0
4.0,-78.0,18.0,578.0
6.0,-78.0,18.0,578.0
8.0,-78.0,18.0,578.0
10.0,-78.0,18.0,578.0
12.0,-78.0,18.0,578.0
14.0,-78.0,18.0,578.0
16.0,-78.0,18.0,578.0
22.0,-78.0,18.0,534.0
24.0,-78.0,18.0,534.0
26.0,-78.0,18.0,534.0
28.0,-78.0,18.0,534.0
32.0,-78.0,18.0,534.0
34.0,-78.0,18.0,534.0
36.0,-78.0,18.0,534.0
38.0,-78.0,18.0,534.0
40.0,-78.0,18.0,100.0
42.0,-78.0,18.0,413.0
44.0,-78.0,18.0,413.0
46.0,-78.0,18.0,99.0
48.0,-78.0,18.0,99.0
50.0,-78.0,18.0,99.0
-40.0,-76.0,18.0,423.0
-38.0,-76.0,18.0,423.0
-36.0,-76.0,18.0,423.0
-34.0,-76.0,18.0,423.0
-32.0,-76.0,18.0,454.0
-30.0,-76.0,18.0,454.0
-28.0,-76.0,18.0,454.0
-16.0,-76.0,18.0,349.0
-14.0,-76.0,18.0,349.0
-12.0,-76.0,18.0,349.0
-10.0,-76.0,18.0,349.0
-8.0,-76.0,18.0,349.0
-6.0,-76.0,18.0,578.0
-4.0,-76.0,18.0,578.0
-2.0,-76.0,18.0,578.0
0.0,-76.0,18.0,578.0
2.0,-76.0,18.0,578.0
4.0,-76.0,18.0,578.0
6.0,-76.0,18.0,578.0
8.0,-76.0,18.0,578.0
10.0,-76.0,18.0,578.0
12.0,-76.0,18.0,578.0
14.0,-76.0,18.0,578.0
16.0,-76.0,18.0,578.0
18.0,-76.0,18.0,534.0
24.0,-76.0,18.0,534.0
34.0,-76.0,18.0,534.0
36.0,-76.0,18.0,534.0
38.0,-76.0,18.0,100.0
40.0,-76.0,18.0,100.0
42.0,-76.0,18.0,413.0
44.0,-76.0,18.0,413.0
46.0,-76.0,18.0,413.0
48.0,-76.0,18.0,99.0
50.0,-76.0,18.0,99.0
52.0,-76.0,18.0,99.0
-50.0,-74.0,18.0,595.0
-48.0,-74.0,18.0,595.0
-46.0,-74.0,18.0,423.0
-44.0,-74.0,18.0,423.0
-38.0,-74.0,18.0,423.0
-36.0,-74.0,18.0,423.0
-34.0,-74.0,18.0,423.0
-32.0,-74.0,18.0,423.0
-30.0,-74.0,18.0,454.0
-18.0,-74.0,18.0,349.0
-16.0,-74.0,18.0,349.0
-14.0,-74.0,18.0,349.0
-12.0,-74.0,18.0,349.0
-10.0,-74.0,18.0,349.0
-8.0,-74.0,18.0,349.0
-6.0,-74.0,18.0,578.0
-4.0,-74.0,18.0,578.0
-2.0,-74.0,18.0,578.0
0.0,-74.0,18.0,578.0
2.0,-74.0,18.0,578.0
4.0,-74.0,18.0,578.0
6.0,-74.0,18.0,578.0
8.0,-74.0,18.0,578.0
10.0,-74.0,18.0,578.0
12.0,-74.0,18.0,578.0
14.0,-74.0,18.0,578.0
16.0,-74.0,18.0,578.0
18.0,-74.0,18.0,352.0
20.0,-74.0,18.0,534.0
26.0,-74.0,18.0,534.0
34.0,-74.0,18.0,534.0
36.0,-74.0,18.0,534.0
38.0,-74.0,18.0,100.0
40.0,-74.0,18.0,413.0
42.0,-74.0,18.0,413.0
44.0,-74.0,18.0,413.0
46.0,-74.0,18.0,413.0
48.0,-74.0,18.0,99.0
50.0,-74.0,18.0,99.0
52.0,-74.0,18.0,99.0
-52.0,-72.0,18.0,584.0
-50.0,-72.0,18.0,595.0
-48.0,-72.0,18.0,595.0
-46.0,-72.0,18.0,570.0
-44.0,-72.0,18.0,423.0
-42.0,-72.0,18.0,423.0
-36.0,-72.0,18.0,423.0
-34.0,-72.0,18.0,423.0
-32.0,-72.0,18.0,423.0
-16.0,-72.0,18.0,349.0
-14.0,-72.0,18.0,349.0
-12.0,-72.0,18.0,349.0
-10.0,-72.0,18.0,349.0
-8.0,-72.0,18.0,349.0
-6.0,-72.0,18.0,349.0
-4.0,-72.0,18.0,578.0
-2.0,-72.0,18.0,578.0
0.0,-72.0,18.0,578.0
2.0,-72.0,18.0,578.0
4.0,-72.0,18.0,578.0
6.0,-72.0,18.0,578.0
8.0,-72.0,18.0,578.0
10.0,-72.0,18.0,578.0
12.0,-72.0,18.0,578.0
14.0,-72.0,18.0,578.0
16.0,-72.0,18.0,578.0
18.0,-72.0,18.0,352.0
20.0,-72.0,18.0,352.0
34.0,-72.0,18.0,537.0
36.0,-72.0,18.0,537.0
38.0,-72.0,18.0,100.0
40.0,-72.0,18.0,413.0
42.0,-72.0,18.0,413.0
44.0,-72.0,18.0,413.0
46.0,-72.0,18.0,413.0
48.0,-72.0,18.0,413.0
50.0,-72.0,18.0,99.0
52.0,-72.0,18.0,99.0
-54.0,-70.0,18.0,584.0
-52.0,-70.0,18.0,584.0
-50.0,-70.0,18.0,584.0
-48.0,-70.0,18.0,595.0
-46.0,-70.0,18.0,570.0
-44.0,-70.0,18.0,423.0
-42.0,-70.0,18.0,423.0
-34.0,-70.0,18.0,423.0
-22.0,-70.0,18.0,157.0
-20.0,-70.0,18.0,349.0
-18.0,-70.0,18.0,349.0
-16.0,-70.0,18.0,349.0
-14.0,-70.0,18.0,349.0
-12.0,-70.0,18.0,349.0
-10.0,-70.0,18.0,349.0
-8.0,-70.0,18.0,349.0
-6.0,-70.0,18.0,349.0
-4.0,-70.0,18.0,578.0
-2.0,-70.0,18.0,578.0
0.0,-70.0,18.0,578.0
2.0,-70.0,18.0,578.0
4.0,-70.0,18.0,578.0
6.0,-70.0,18.0,578.0
8.0,-70.0,18.0,578.0
10.0,-70.0,18.0,578.0
12.0,-70.0,18.0,578.0
14.0,-70.0,18.0,578.0
16.0,-70.0,18.0,352.0
18.0,-70.0,18.0,352.0
20.0,-70.0,18.0,352.0
34.0,-70.0,18.0,537.0
36.0,-70.0,18.0,537.0
38.0,-70.0,18.0,537.0
40.0,-70.0,18.0,413.0
42.0,-70.0,18.0,413.0
44.0,-70.0,18.0,413.0
46.0,-70.0,18.0,413.0
48.0,-70.0,18.0,413.0
50.0,-70.0,18.0,99.0
52.0,-70.0,18.0,309.0
54.0,-70.0,18.0,309.0
-58.0,-68.0,18.0,584.0
-56.0,-68.0,18.0,584.0
-54.0,-68.0,18.0,584.0
-52.0,-68.0,18.0,584.0
-50.0,-68.0,18.0,584.0
-48.0,-68.0,18.0,570.0
-46.0,-68.0,18.0,570.0
-44.0,-68.0,18.0,570.0
-22.0,-68.0,18.0,583.0
-20.0,-68.0,18.0,583.0
-18.0,-68.0,18.0,349.0
-16.0,-68.0,18.0,349.0
-14.0,-68.0,18.0,349.0
-12.0,-68.0,18.0,349.0
-10.0,-68.0,18.0,118.0
-8.0,-68.0,18.0,118.0
-6.0,-68.0,18.0,118.0
-4.0,-68.0,18.0,578.0
0.0,-68.0,18.0,578.0
2.0,-68.0,18.0,578.0
4.0,-68.0,18.0,578.0
6.0,-68.0,18.0,578.0
8.0,-68.0,18.0,578.0
10.0,-68.0,18.0,578.0
12.0,-68.0,18.0,578.0
14.0,-68.0,18.0,578.0
16.0,-68.0,18.0,352.0
18.0,-68.0,18.0,352.0
34.0,-68.0,18.0,537.0
36.0,-68.0,18.0,537.0
38.0,-68.0,18.0,90.0
40.0,-68.0,18.0,90.0
42.0,-68.0,18.0,90.0
44.0,-68.0,18.0,413.0
46.0,-68.0,18.0,413.0
48.0,-68.0,18.0,309.0
50.0,-68.0,18.0,309.0
52.0,-68.0,18.0,309.0
54.0,-68.0,18.0,309.0
56.0,-68.0,18.0,309.0
58.0,-68.0,18.0,309.0
-58.0,-66.0,18.0,584.0
-56.0,-66.0,18.0,584.0
-54.0,-66.0,18.0,584.0
-52.0,-66.0,18.0,584.0
-50.0,-66.0,18.0,584.0
-48.0,-66.0,18.0,584.0
-46.0,-66.0,18.0,299.0
-44.0,-66.0,18.0,299.0
-24.0,-66.0,18.0,583.0
-22.0,-66.0,18.0,583.0
-20.0,-66.0,18.0,583.0
-18.0,-66.0,18.0,583.0
-16.0,-66.0,18.0,583.0
-14.0,-66.0,18.0,118.0
-12.0,-66.0,18.0,118.0
-10.0,-66.0,18.0,118.0
-8.0,-66.0,18.0,118.0
-6.0,-66.0,18.0,118.0
-4.0,-66.0,18.0,118.0
0.0,-66.0,18.0,578.0
2.0,-66.0,18.0,578.0
4.0,-66.0,18.0,578.0
6.0,-66.0,18.0,578.0
8.0,-66.0,18.0,578.0
10.0,-66.0,18.0,243.0
12.0,-66.0,18.0,243.0
14.0,-66.0,18.0,469.0
16.0,-66.0,18.0,469.0
18.0,-66.0,18.0,352.0
20.0,-66.0,18.0,352.0
22.0,-66.0,18.0,352.0
34.0,-66.0,18.0,537.0
36.0,-66.0,18.0,537.0
38.0,-66.0,18.0,90.0
40.0,-66.0,18.0,90.0
42.0,-66.0,18.0,90.0
44.0,-66.0,18.0,90.0
46.0,-66.0,18.0,309.0
48.0,-66.0,18.0,309.0
50.0,-66.0,18.0,309.0
52.0,-66.0,18.0,309.0
54.0,-66.0,18.0,309.0
56.0,-66.0,18.0,309.0
58.0,-66.0,18.0,309.0
60.0,-66.0,18.0,309.0
-60.0,-64.0,18.0,584.0
-58.0,-64.0,18.0,584.0
-56.0,-64.0,18.0,584.0
-54.0,-64.0,18.0,584.0
-52.0,-64.0,18.0,584.0
-50.0,-64.0,18.0,584.0
-48.0,-64.0,18.0,584.0
-46.0,-64.0,18.0,299.0
-44.0,-64.0,18.0,299.0
-24.0,-64.0,18.0,583.0
-22.0,-64.0,18.0,583.0
-20.0,-64.0,18.0,583.0
-18.0,-64.0,18.0,583.0
-16.0,-64.0,18.0,583.0
-14.0,-64.0,18.0,118.0
-12.0,-64.0,18.0,118.0
-10.0,-64.0,18.0,118.0
-8.0,-64.0,18.0,118.0
-6.0,-64.0,18.0,118.0
-4.0,-64.0,18.0,118.0
-2.0,-64.0,18.0,118.0
0.0,-64.0,18.0,578.0
2.0,-64.0,18.0,578.0
4.0,-64.0,18.0,243.0
6.0,-64.0,18.0,243.0
8.0,-64.0,18.0,243.0
10.0,-64.0,18.0,243.0
12.0,-64.0,18.0,243.0
14.0,-64.0,18.0,469.0
16.0,-64.0,18.0,469.0
18.0,-64.0,18.0,469.0
20.0,-64.0,18.0,352.0
22.0,-64.0,18.0,352.0
36.0,-64.0,18.0,572.0
38.0,-64.0,18.0,90.0
40.0,-64.0,18.0,90.0
42.0,-64.0,18.0,90.0
44.0,-64.0,18.0,90.0
46.0,-64.0,18.0,309.0
48.0,-64.0,18.0,309.0
50.0,-64.0,18.0,309.0
52.0,-64.0,18.0,309.0
54.0,-64.0,18.0,309.0
56.0,-64.0,18.0,309.0
58.0,-64.0,18.0,309.0
60.0,-64.0,18.0,203.0
-60.0,-62.0,18.0,584.0
-58.0,-62.0,18.0,584.0
-56.0,-62.0,18.0,584.0
-54.0,-62.0,18.0,584.0
-52.0,-62.0,18.0,584.0
-50.0,-62.0,18.0,584.0
-48.0,-62.0,18.0,584.0
-46.0,-62.0,18.0,299.0
-44.0,-62.0,18.0,299.0
-22.0,-62.0,18.0,583.0
-20.0,-62.0,18.0,583.0
-18.0,-62.0,18.0,583.0
-16.0,-62.0,18.0,583.0
-14.0,-62.0,18.0,118.0
-12.0,-62.0,18.0,118.0
-10.0,-62.0,18.0,118.0
-8.0,-62.0,18.0,118.0
-6.0,-62.0,18.0,118.0
-4.0,-62.0,18.0,118.0
-2.0,-62.0,18.0,118.0
0.0,-62.0,18.0,243.0
2.0,-62.0,18.0,243.0
4.0,-62.0,18.0,243.0
6.0,-62.0,18.0,243.0
8.0,-62.0,18.0,243.0
10.0,-62.0,18.0,243.0
12.0,-62.0,18.0,469.0
14.0,-62.0,18.0,469.0
16.0,-62.0,18.0,469.0
18.0,-62.0,18.0,469.0
20.0,-62.0,18.0,469.0
22.0,-62.0,18.0,352.0
36.0,-62.0,18.0,572.0
38.0,-62.0,18.0,572.0
40.0,-62.0,18.0,90.0
42.0,-62.0,18.0,190.0
44.0,-62.0,18.0,190.0
50.0,-62.0,18.0,309.0
52.0,-62.0,18.0,309.0
54.0,-62.0,18.0,309.0
56.0,-62.0,18.0,203.0
58.0,-62.0,18.0,203.0
60.0,-62.0,18.0,203.0
62.0,-62.0,18.0,203.0
-62.0,-60.0,18.0,584.0
-60.0,-60.0,18.0,584.0
-58.0,-60.0,18.0,584.0
-56.0,-60.0,18.0,584.0
-54.0,-60.0,18.0,584.0
-52.0,-60.0,18.0,584.0
-50.0,-60.0,18.0,584.0
-48.0,-60.0,18.0,584.0
-46.0,-60.0,18.0,299.0
-44.0,-60.0,18.0,299.0
-24.0,-60.0,18.0,17.0
-22.0,-60.0,18.0,17.0
-20.0,-60.0,18.0,17.0
-18.0,-60.0,18.0,17.0
-16.0,-60.0,18.0,17.0
-14.0,-60.0,18.0,17.0
-12.0,-60.0,18.0,118.0
-10.0,-60.0,18.0,118.0
-8.0,-60.0,18.0,118.0
-6.0,-60.0,18.0,118.0
-4.0,-60.0,18.0,118.0
-2.0,-60.0,18.0,118.0
0.0,-60.0,18.0,243.0
2.0,-60.0,18.0,243.0
4.0,-60.0,18.0,243.0
6.0,-60.0,18.0,243.0
8.0,-60.0,18.0,243.0
10.0,-60.0,18.0,243.0
12.0,-60.0,18.0,469.0
14.0,-60.0,18.0,469.0
16.0,-60.0,18.0,469.0
18.0,-60.0,18.0,469.0
20.0,-60.0,18.0,469.0
22.0,-60.0,18.0,469.0
36.0,-60.0,18.0,572.0
38.0,-60.0,18.0,190.0
40.0,-60.0,18.0,190.0
42.0,-60.0,18.0,190.0
48.0,-60.0,18.0,190.0
50.0,-60.0,18.0,309.0
52.0,-60.0,18.0,203.0
54.0,-60.0,18.0,203.0
56.0,-60.0,18.0,203.0
58.0,-60.0,18.0,203.0
60.0,-60.0,18.0,203.0
62.0,-60.0,18.0,203.0
-62.0,-58.0,18.0,42.0
-60.0,-58.0,18.0,584.0
-58.0,-58.0,18.0,584.0
-56.0,-58.0,18.0,584.0
-54.0,-58.0,18.0,584.0
-52.0,-58.0,18.0,584.0
-50.0,-58.0,18.0,81.0
-48.0,-58.0,18.0,81.0
-46.0,-58.0,18.0,81.0
-24.0,-58.0,18.0,17.0
-22.0,-58.0,18.0,17.0
-16.0,-58.0,18.0,17.0
-14.0,-58.0,18.0,17.0
-12.0,-58.0,18.0,17.0
-10.0,-58.0,18.0,118.0
-8.0,-58.0,18.0,118.0
-6.0,-58.0,18.0,118.0
-4.0,-58.0,18.0,118.0
-2.0,-58.0,18.0,118.0
0.0,-58.0,18.0,243.0
2.0,-58.0,18.0,243.0
4.0,-58.0,18.0,243.0
6.0,-58.0,18.0,243.0
8.0,-58.0,18.0,243.0
10.0,-58.0,18.0,243.0
12.0,-58.0,18.0,469.0
14.0,-58.0,18.0,469.0
16.0,-58.0,18.0,469.0
18.0,-58.0,18.0,469.0
20.0,-58.0,18.0,469.0
38.0,-58.0,18.0,190.0
40.0,-58.0,18.0,190.0
42.0,-58.0,18.0,190.0
46.0,-58.0,18.0,190.0
48.0,-58.0,18.0,190.0
50.0,-58.0,18.0,190.0
52.0,-58.0,18.0,203.0
54.0,-58.0,18.0,203.0
56.0,-58.0,18.0,203.0
58.0,-58.0,18.0,203.0
60.0,-58.0,18.0,203.0
62.0,-58.0,18.0,203.0
-64.0,-56.0,18.0,42.0
-62.0,-56.0,18.0,42.0
-60.0,-56.0,18.0,42.0
-58.0,-56.0,18.0,42.0
-56.0,-56.0,18.0,42.0
-54.0,-56.0,18.0,50.0
-52.0,-56.0,18.0,50.0
-50.0,-56.0,18.0,50.0
-48.0,-56.0,18.0,50.0
-46.0,-56.0,18.0,50.0
-26.0,-56.0,18.0,108.0
-24.0,-56.0,18.0,17.0
-22.0,-56.0,18.0,17.0
-20.0,-56.0,18.0,17.0
-18.0,-56.0,18.0,17.0
-16.0,-56.0,18.0,17.0
-14.0,-56.0,18.0,17.0
-12.0,-56.0,18.0,17.0
-10.0,-56.0,18.0,17.0
-8.0,-56.0,18.0,118.0
-6.0,-56.0,18.0,118.0
-4.0,-56.0,18.0,118.0
-2.0,-56.0,18.0,118.0
2.0,-56.0,18.0,243.0
4.0,-56.0,18.0,243.0
6.0,-56.0,18.0,243.0
8.0,-56.0,18.0,243.0
10.0,-56.0,18.0,469.0
12.0,-56.0,18.0,469.0
14.0,-56.0,18.0,469.0
16.0,-56.0,18.0,469.0
18.0,-56.0,18.0,469.0
20.0,-56.0,18.0,469.0
44.0,-56.0,18.0,190.0
46.0,-56.0,18.0,190.0
48.0,-56.0,18.0,190.0
50.0,-56.0,18.0,190.0
52.0,-56.0,18.0,190.0
54.0,-56.0,18.0,203.0
56.0,-56.0,18.0,203.0
58.0,-56.0,18.0,203.0
60.0,-56.0,18.0,203.0
62.0,-56.0,18.0,203.0
64.0,-56.0,18.0,203.0
-64.0,-54.0,18.0,42.0
-62.0,-54.0,18.0,42.0
-60.0,-54.0,18.0,42.0
-58.0,-54.0,18.0,42.0
-56.0,-54.0,18.0,42.0
-54.0,-54.0,18.0,50.0
-52.0,-54.0,18.0,50.0
-50.0,-54.0,18.0,50.0
-48.0,-54.0,18.0,50.0
-46.0,-54.0,18.0,50.0
-24.0,-54.0,18.0,17.0
-22.0,-54.0,18.0,17.0
-20.0,-54.0,18.0,17.0
-18.0,-54.0,18.0,17.0
-16.0,-54.0,18.0,17.0
-14.0,-54.0,18.0,17.0
-12.0,-54.0,18.0,17.0
-10.0,-54.0,18.0,17.0
-8.0,-54.0,18.0,17.0
-6.0,-54.0,18.0,118.0
-4.0,-54.0,18.0,118.0
2.0,-54.0,18.0,243.0
4.0,-54.0,18.0,243.0
6.0,-54.0,18.0,243.0
8.0,-54.0,18.0,482.0
10.0,-54.0,18.0,469.0
12.0,-54.0,18.0,469.0
14.0,-54.0,18.0,469.0
16.0,-54.0,18.0,469.0
44.0,-54.0,18.0,190.0
46.0,-54.0,18.0,190.0
48.0,-54.0,18.0,190.0
50.0,-54.0,18.0,190.0
52.0,-54.0,18.0,190.0
54.0,-54.0,18.0,190.0
56.0,-54.0,18.0,203.0
58.0,-54.0,18.0,203.0
60.0,-54.0,18.0,203.0
62.0,-54.0,18.0,203.0
64.0,-54.0,18.0,203.0
-66.0,-52.0,18.0,42.0
-64.0,-52.0,18.0,42.0
-62.0,-52.0,18.0,42.0
-60.0,-52.0,18.0,42.0
-58.0,-52.0,18.0,42.0
-56.0,-52.0,18.0,50.0
-54.0,-52.0,18.0,50.0
-52.0,-52.0,18.0,50.0
-50.0,-52.0,18.0,50.0
-48.0,-52.0,18.0,50.0
-46.0,-52.0,18.0,50.0
-44.0,-52.0,18.0,50.0
-24.0,-52.0,18.0,108.0
-22.0,-52.0,18.0,17.0
-20.0,-52.0,18.0,17.0
-18.0,-52.0,18.0,17.0
-16.0,-52.0,18.0,17.0
-14.0,-52.0,18.0,17.0
-12.0,-52.0,18.0,17.0
-10.0,-52.0,18.0,17.0
-8.0,-52.0,18.0,17.0
-6.0,-52.0,18.0,473.0
-4.0,-52.0,18.0,473.0
2.0,-52.0,18.0,482.0
4.0,-52.0,18.0,482.0
6.0,-52.0,18.0,482.0
8.0,-52.0,18.0,482.0
10.0,-52.0,18.0,482.0
44.0,-52.0,18.0,190.0
46.0,-52.0,18.0,190.0
48.0,-52.0,18.0,190.0
50.0,-52.0,18.0,190.0
52.0,-52.0,18.0,190.0
54.0,-52.0,18.0,190.0
56.0,-52.0,18.0,203.0
58.0,-52.0,18.0,505.0
60.0,-52.0,18.0,505.0
62.0,-52.0,18.0,505.0
64.0,-52.0,18.0,505.0
66.0,-52.0,18.0,505.0
-66.0,-50.0,18.0,42.0
-64.0,-50.0,18.0,42.0
-62.0,-50.0,18.0,42.0
-60.0,-50.0,18.0,42.0
-58.0,-50.0,18.0,42.0
-56.0,-50.0,18.0,50.0
-54.0,-50.0,18.0,50.0
-52.0,-50.0,18.0,50.0
-50.0,-50.0,18.0,50.0
-48.0,-50.0,18.0,50.0
-46.0,-50.0,18.0,50.0
-44.0,-50.0,18.0,50.0
-22.0,-50.0,18.0,17.0
-20.0,-50.0,18.0,17.0
-18.0,-50.0,18.0,17.0
-16.0,-50.0,18.0,17.0
-14.0,-50.0,18.0,17.0
-12.0,-50.0,18.0,17.0
-10.0,-50.0,18.0,17.0
-8.0,-50.0,18.0,473.0
-6.0,-50.0,18.0,473.0
-4.0,-50.0,18.0,473.0
2.0,-50.0,18.0,482.0
4.0,-50.0,18.0,482.0
6.0,-50.0,18.0,482.0
8.0,-50.0,18.0,482.0
10.0,-50.0,18.0,482.0
46.0,-50.0,18.0,190.0
48.0,-50.0,18.0,190.0
50.0,-50.0,18.0,190.0
52.0,-50.0,18.0,190.0
54.0,-50.0,18.0,190.0
56.0,-50.0,18.0,505.0
58.0,-50.0,18.0,505.0
60.0,-50.0,18.0,505.0
62.0,-50.0,18.0,505.0
64.0,-50.0,18.0,505.0
66.0,-50.0,18.0,505.0
-66.0,-48.0,18.0,42.0
-64.0,-48.0,18.0,42.0
-62.0,-48.0,18.0,42.0
-60.0,-48.0,18.0,42.0
-58.0,-48.0,18.0,50.0
-56.0,-48.0,18.0,50.0
-54.0,-48.0,18.0,50.0
-52.0,-48.0,18.0,50.0
-50.0,-48.0,18.0,50.0
-48.0,-48.0,18.0,50.0
-46.0,-48.0,18.0,50.0
-44.0,-48.0,18.0,50.0
-12.0,-48.0,18.0,17.0
-10.0,-48.0,18.0,473.0
-8.0,-48.0,18.0,473.0
-6.0,-48.0,18.0,473.0
-4.0,-48.0,18.0,473.0
2.0,-48.0,18.0,482.0
4.0,-48.0,18.0,482.0
6.0,-48.0,18.0,482.0
8.0,-48.0,18.0,482.0
10.0,-48.0,18.0,482.0
46.0,-48.0,18.0,231.0
48.0,-48.0,18.0,231.0
50.0,-48.0,18.0,190.0
52.0,-48.0,18.0,190.0
54.0,-48.0,18.0,190.0
56.0,-48.0,18.0,505.0
58.0,-48.0,18.0,505.0
60.0,-48.0,18.0,505.0
62.0,-48.0,18.0,505.0
64.0,-48.0,18.0,505.0
66.0,-48.0,18.0,505.0
-68.0,-46.0,18.0,42.0
-66.0,-46.0,18.0,42.0
-64.0,-46.0,18.0,42.0
-62.0,-46.0,18.0,42.0
-60.0,-46.0,18.0,42.0
-58.0,-46.0,18.0,50.0
-56.0,-46.0,18.0,50.0
-54.0,-46.0,18.0,50.0
-52.0,-46.0,18.0,50.0
-50.0,-46.0,18.0,50.0
-48.0,-46.0,18.0,50.0
-46.0,-46.0,18.0,50.0
-44.0,-46.0,18.0,50.0
-10.0,-46.0,18.0,473.0
-8.0,-46.0,18.0,473.0
-6.0,-46.0,18.0,473.0
-4.0,-46.0,18.0,473.0
2.0,-46.0,18.0,473.0
4.0,-46.0,18.0,482.0
6.0,-46.0,18.0,482.0
8.0,-46.0,18.0,482.0
48.0,-46.0,18.0,231.0
50.0,-46.0,18.0,231.0
52.0,-46.0,18.0,190.0
54.0,-46.0,18.0,505.0
56.0,-46.0,18.0,505.0
58.0,-46.0,18.0,505.0
60.0,-46.0,18.0,505.0
62.0,-46.0,18.0,505.0
64.0,-46.0,18.0,505.0
66.0,-46.0,18.0,467.0
-68.0,-44.0,18.0,42.0
-66.0,-44.0,18.0,42.0
-64.0,-44.0,18.0,42.0
-62.0,-44.0,18.0,117.0
-60.0,-44.0,18.0,117.0
-58.0,-44.0,18.0,117.0
-56.0,-44.0,18.0,50.0
-54.0,-44.0,18.0,50.0
-52.0,-44.0,18.0,50.0
-50.0,-44.0,18.0,50.0
-48.0,-44.0,18.0,50.0
-46.0,-44.0,18.0,50.0
-44.0,-44.0,18.0,50.0
-8.0,-44.0,18.0,473.0
-6.0,-44.0,18.0,473.0
-4.0,-44.0,18.0,473.0
2.0,-44.0,18.0,473.0
4.0,-44.0,18.0,482.0
6.0,-44.0,18.0,482.0
8.0,-44.0,18.0,482.0
48.0,-44.0,18.0,231.0
50.0,-44.0,18.0,231.0
52.0,-44.0,18.0,231.0
54.0,-44.0,18.0,505.0
56.0,-44.0,18.0,505.0
58.0,-44.0,18.0,505.0
60.0,-44.0,18.0,553.0
62.0,-44.0,18.0,553.0
64.0,-44.0,18.0,553.0
66.0,-44.0,18.0,467.0
-68.0,-42.0,18.0,42.0
-66.0,-42.0,18.0,42.0
-64.0,-42.0,18.0,117.0
-62.0,-42.0,18.0,117.0
-60.0,-42.0,18.0,117.0
-58.0,-42.0,18.0,117.0
-56.0,-42.0,18.0,117.0
-54.0,-42.0,18.0,50.0
-52.0,-42.0,18.0,50.0
-50.0,-42.0,18.0,50.0
-48.0,-42.0,18.0,50.0
-46.0,-42.0,18.0,50.0
-44.0,-42.0,18.0,496.0
-8.0,-42.0,18.0,473.0
-6.0,-42.0,18.0,473.0
-4.0,-42.0,18.0,473.0
4.0,-42.0,18.0,473.0
52.0,-42.0,18.0,231.0
54.0,-42.0,18.0,133.0
56.0,-42.0,18.0,133.0
58.0,-42.0,18.0,553.0
60.0,-42.0,18.0,553.0
62.0,-42.0,18.0,553.0
64.0,-42.0,18.0,553.0
66.0,-42.0,18.0,467.0
-68.0,-40.0,18.0,42.0
-66.0,-40.0,18.0,117.0
-64.0,-40.0,18.0,117.0
-62.0,-40.0,18.0,117.0
-58.0,-40.0,18.0,117.0
-56.0,-40.0,18.0,117.0
-54.0,-40.0,18.0,117.0
-52.0,-40.0,18.0,50.0
-50.0,-40.0,18.0,50.0
-48.0,-40.0,18.0,50.0
-46.0,-40.0,18.0,496.0
-44.0,-40.0,18.0,496.0
-8.0,-40.0,18.0,473.0
-6.0,-40.0,18.0,473.0
46.0,-40.0,18.0,231.0
48.0,-40.0,18.0,231.0
50.0,-40.0,18.0,488.0
54.0,-40.0,18.0,133.0
56.0,-40.0,18.0,553.0
58.0,-40.0,18.0,553.0
60.0,-40.0,18.0,553.0
62.0,-40.0,18.0,553.0
64.0,-40.0,18.0,553.0
66.0,-40.0,18.0,467.0
-68.0,-38.0,18.0,117.0
-66.0,-38.0,18.0,117.0
-64.0,-38.0,18.0,117.0
-62.0,-38.0,18.0,117.0
-58.0,-38.0,18.0,117.0
-56.0,-38.0,18.0,117.0
-54.0,-38.0,18.0,117.0
-52.0,-38.0,18.0,117.0
-50.0,-38.0,18.0,496.0
-48.0,-38.0,18.0,496.0
-46.0,-38.0,18.0,496.0
46.0,-38.0,18.0,488.0
48.0,-38.0,18.0,488.0
50.0,-38.0,18.0,488.0
52.0,-38.0,18.0,133.0
54.0,-38.0,18.0,133.0
56.0,-38.0,18.0,553.0
58.0,-38.0,18.0,553.0
60.0,-38.0,18.0,553.0
62.0,-38.0,18.0,553.0
64.0,-38.0,18.0,553.0
66.0,-38.0,18.0,467.0
68.0,-38.0,18.0,467.0
-70.0,-36.0,18.0,117.0
-68.0,-36.0,18.0,117.0
-66.0,-36.0,18.0,117.0
-64.0,-36.0,18.0,117.0
-62.0,-36.0,18.0,117.0
-58.0,-36.0,18.0,117.0
34.0,-36.0,18.0,211.0
36.0,-36.0,18.0,211.0
38.0,-36.0,18.0,211.0
40.0,-36.0,18.0,211.0
42.0,-36.0,18.0,211.0
44.0,-36.0,18.0,211.0
46.0,-36.0,18.0,488.0
48.0,-36.0,18.0,488.0
50.0,-36.0,18.0,488.0
52.0,-36.0,18.0,133.0
54.0,-36.0,18.0,133.0
56.0,-36.0,18.0,553.0
58.0,-36.0,18.0,553.0
60.0,-36.0,18.0,553.0
62.0,-36.0,18.0,553.0
64.0,-36.0,18.0,553.0
66.0,-36.0,18.0,467.0
68.0,-36.0,18.0,467.0
-70.0,-34.0,18.0,162.0
-68.0,-34.0,18.0,162.0
-66.0,-34.0,18.0,71.0
-64.0,-34.0,18.0,71.0
-62.0,-34.0,18.0,71.0
-60.0,-34.0,18.0,71.0
-58.0,-34.0,18.0,71.0
-54.0,-34.0,18.0,213.0
-52.0,-34.0,18.0,213.0
32.0,-34.0,18.0,211.0
34.0,-34.0,18.0,211.0
36.0,-34.0,18.0,211.0
38.0,-34.0,18.0,211.0
40.0,-34.0,18.0,211.0
42.0,-34.0,18.0,211.0
44.0,-34.0,18.0,211.0
46.0,-34.0,18.0,211.0
48.0,-34.0,18.0,211.0
50.0,-34.0,18.0,379.0
52.0,-34.0,18.0,379.0
54.0,-34.0,18.0,379.0
56.0,-34.0,18.0,553.0
58.0,-34.0,18.0,553.0
60.0,-34.0,18.0,553.0
62.0,-34.0,18.0,553.0
64.0,-34.0,18.0,553.0
66.0,-34.0,18.0,467.0
68.0,-34.0,18.0,467.0
-70.0,-32.0,18.0,162.0
-68.0,-32.0,18.0,162.0
-66.0,-32.0,18.0,162.0
-64.0,-32.0,18.0,162.0
-62.0,-32.0,18.0,71.0
-60.0,-32.0,18.0,71.0
-58.0,-32.0,18.0,71.0
-56.0,-32.0,18.0,213.0
-54.0,-32.0,18.0,213.0
-52.0,-32.0,18.0,213.0
-50.0,-32.0,18.0,213.0
-48.0,-32.0,18.0,213.0
-46.0,-32.0,18.0,213.0
-44.0,-32.0,18.0,213.0
30.0,-32.0,18.0,246.0
32.0,-32.0,18.0,246.0
34.0,-32.0,18.0,211.0
36.0,-32.0,18.0,211.0
38.0,-32.0,18.0,211.0
40.0,-32.0,18.0,211.0
42.0,-32.0,18.0,211.0
44.0,-32.0,18.0,211.0
46.0,-32.0,18.0,211.0
48.0,-32.0,18.0,285.0
50.0,-32.0,18.0,285.0
52.0,-32.0,18.0,379.0
54.0,-32.0,18.0,379.0
56.0,-32.0,18.0,379.0
58.0,-32.0,18.0,553.0
60.0,-32.0,18.0,553.0
62.0,-32.0,18.0,553.0
64.0,-32.0,18.0,553.0
66.0,-32.0,18.0,467.0
68.0,-32.0,18.0,467.0
-70.0,-30.0,18.0,162.0
-68.0,-30.0,18.0,162.0
-66.0,-30.0,18.0,162.0
-64.0,-30.0,18.0,162.0
-62.0,-30.0,18.0,162.0
-60.0,-30.0,18.0,162.0
-58.0,-30.0,18.0,71.0
-56.0,-30.0,18.0,213.0
-54.0,-30.0,18.0,213.0
-52.0,-30.0,18.0,213.0
-50.0,-30.0,18.0,213.0
-48.0,-30.0,18.0,213.0
-46.0,-30.0,18.0,213.0
-44.0,-30.0,18.0,213.0
-42.0,-30.0,18.0,213.0
-40.0,-30.0,18.0,237.0
-38.0,-30.0,18.0,237.0
30.0,-30.0,18.0,246.0
32.0,-30.0,18.0,246.0
34.0,-30.0,18.0,211.0
36.0,-30.0,18.0,211.0
38.0,-30.0,18.0,211.0
40.0,-30.0,18.0,211.0
42.0,-30.0,18.0,211.0
44.0,-30.0,18.0,211.0
46.0,-30.0,18.0,285.0
48.0,-30.0,18.0,285.0
50.0,-30.0,18.0,285.0
52.0,-30.0,18.0,379.0
54.0,-30.0,18.0,379.0
56.0,-30.0,18.0,379.0
58.0,-30.0,18.0,379.0
60.0,-30.0,18.0,379.0
62.0,-30.0,18.0,553.0
64.0,-30.0,18.0,553.0
66.0,-30.0,18.0,467.0
-70.0,-28.0,18.0,162.0
-68.0,-28.0,18.0,162.0
-66.0,-28.0,18.0,162.0
-64.0,-28.0,18.0,162.0
-62.0,-28.0,18.0,162.0
-60.0,-28.0,18.0,162.0
-58.0,-28.0,18.0,162.0
-56.0,-28.0,18.0,213.0
-54.0,-28.0,18.0,213.0
-52.0,-28.0,18.0,213.0
-50.0,-28.0,18.0,213.0
-48.0,-28.0,18.0,213.0
-46.0,-28.0,18.0,213.0
-44.0,-28.0,18.0,213.0
-42.0,-28.0,18.0,237.0
-40.0,-28.0,18.0,237.0
-38.0,-28.0,18.0,237.0
30.0,-28.0,18.0,116.0
32.0,-28.0,18.0,116.0
34.0,-28.0,18.0,116.0
36.0,-28.0,18.0,211.0
38.0,-28.0,18.0,211.0
40.0,-28.0,18.0,211.0
42.0,-28.0,18.0,211.0
44.0,-28.0,18.0,285.0
46.0,-28.0,18.0,285.0
48.0,-28.0,18.0,285.0
50.0,-28.0,18.0,285.0
52.0,-28.0,18.0,285.0
54.0,-28.0,18.0,379.0
56.0,-28.0,18.0,379.0
58.0,-28.0,18.0,379.0
60.0,-28.0,18.0,379.0
62.0,-28.0,18.0,379.0
64.0,-28.0,18.0,553.0
-68.0,-26.0,18.0,162.0
-66.0,-26.0,18.0,162.0
-64.0,-26.0,18.0,162.0
-62.0,-26.0,18.0,162.0
-60.0,-26.0,18.0,162.0
-58.0,-26.0,18.0,162.0
-56.0,-26.0,18.0,213.0
-54.0,-26.0,18.0,213.0
-52.0,-26.0,18.0,213.0
-50.0,-26.0,18.0,213.0
-48.0,-26.0,18.0,213.0
-46.0,-26.0,18.0,213.0
-44.0,-26.0,18.0,213.0
-42.0,-26.0,18.0,237.0
-40.0,-26.0,18.0,237.0
-38.0,-26.0,18.0,237.0
30.0,-26.0,18.0,116.0
32.0,-26.0,18.0,116.0
34.0,-26.0,18.0,116.0
36.0,-26.0,18.0,116.0
38.0,-26.0,18.0,116.0
40.0,-26.0,18.0,116.0
42.0,-26.0,18.0,285.0
44.0,-26.0,18.0,285.0
46.0,-26.0,18.0,285.0
48.0,-26.0,18.0,285.0
50.0,-26.0,18.0,285.0
52.0,-26.0,18.0,285.0
54.0,-26.0,18.0,379.0
56.0,-26.0,18.0,379.0
58.0,-26.0,18.0,379.0
60.0,-26.0,18.0,379.0
62.0,-26.0,18.0,379.0
-68.0,-24.0,18.0,162.0
-66.0,-24.0,18.0,162.0
-64.0,-24.0,18.0,162.0
-62.0,-24.0,18.0,162.0
-60.0,-24.0,18.0,162.0
-58.0,-24.0,18.0,162.0
-56.0,-24.0,18.0,162.0
-54.0,-24.0,18.0,213.0
-52.0,-24.0,18.0,213.0
-50.0,-24.0,18.0,213.0
-48.0,-24.0,18.0,213.0
-46.0,-24.0,18.0,213.0
-44.0,-24.0,18.0,237.0
-42.0,-24.0,18.0,237.0
-40.0,-24.0,18.0,237.0
-38.0,-24.0,18.0,237.0
32.0,-24.0,18.0,116.0
34.0,-24.0,18.0,116.0
36.0,-24.0,18.0,116.0
38.0,-24.0,18.0,116.0
40.0,-24.0,18.0,116.0
42.0,-24.0,18.0,5.0
44.0,-24.0,18.0,285.0
46.0,-24.0,18.0,285.0
48.0,-24.0,18.0,285.0
50.0,-24.0,18.0,285.0
52.0,-24.0,18.0,285.0
54.0,-24.0,18.0,285.0
56.0,-24.0,18.0,379.0
58.0,-24.0,18.0,379.0
60.0,-24.0,18.0,379.0
62.0,-24.0,18.0,379.0
64.0,-24.0,18.0,319.0
66.0,-24.0,18.0,319.0
-68.0,-22.0,18.0,162.0
-66.0,-22.0,18.0,162.0
-64.0,-22.0,18.0,162.0
-62.0,-22.0,18.0,162.0
-60.0,-22.0,18.0,162.0
-58.0,-22.0,18.0,162.0
-56.0,-22.0,18.0,162.0
-54.0,-22.0,18.0,213.0
-52.0,-22.0,18.0,213.0
-50.0,-22.0,18.0,213.0
-48.0,-22.0,18.0,213.0
-46.0,-22.0,18.0,237.0
-44.0,-22.0,18.0,237.0
-42.0,-22.0,18.0,237.0
-40.0,-22.0,18.0,237.0
-38.0,-22.0,18.0,237.0
-36.0,-22.0,18.0,237.0
14.0,-22.0,18.0,24.0
16.0,-22.0,18.0,24.0
32.0,-22.0,18.0,116.0
34.0,-22.0,18.0,116.0
36.0,-22.0,18.0,116.0
38.0,-22.0,18.0,116.0
40.0,-22.0,18.0,116.0
42.0,-22.0,18.0,5.0
44.0,-22.0,18.0,5.0
46.0,-22.0,18.0,285.0
48.0,-22.0,18.0,285.0
50.0,-22.0,18.0,285.0
52.0,-22.0,18.0,285.0
54.0,-22.0,18.0,285.0
56.0,-22.0,18.0,379.0
58.0,-22.0,18.0,379.0
60.0,-22.0,18.0,379.0
62.0,-22.0,18.0,379.0
64.0,-22.0,18.0,319.0
66.0,-22.0,18.0,319.0
-68.0,-20.0,18.0,194.0
-66.0,-20.0,18.0,162.0
-64.0,-20.0,18.0,162.0
-62.0,-20.0,18.0,162.0
-60.0,-20.0,18.0,162.0
-58.0,-20.0,18.0,162.0
-56.0,-20.0,18.0,162.0
-54.0,-20.0,18.0,162.0
-52.0,-20.0,18.0,213.0
-50.0,-20.0,18.0,213.0
-48.0,-20.0,18.0,237.0
-46.0,-20.0,18.0,237.0
-44.0,-20.0,18.0,237.0
-42.0,-20.0,18.0,237.0
-40.0,-20.0,18.0,237.0
-38.0,-20.0,18.0,237.0
-16.0,-20.0,18.0,216.0
-14.0,-20.0,18.0,216.0
12.0,-20.0,18.0,24.0
14.0,-20.0,18.0,24.0
16.0,-20.0,18.0,24.0
32.0,-20.0,18.0,116.0
34.0,-20.0,18.0,116.0
36.0,-20.0,18.0,116.0
38.0,-20.0,18.0,116.0
40.0,-20.0,18.0,116.0
42.0,-20.0,18.0,5.0
44.0,-20.0,18.0,5.0
46.0,-20.0,18.0,5.0
48.0,-20.0,18.0,285.0
50.0,-20.0,18.0,285.0
52.0,-20.0,18.0,285.0
54.0,-20.0,18.0,285.0
56.0,-20.0,18.0,285.0
58.0,-20.0,18.0,379.0
60.0,-20.0,18.0,379.0
62.0,-20.0,18.0,319.0
64.0,-20.0,18.0,319.0
66.0,-20.0,18.0,319.0
-68.0,-18.0,18.0,194.0
-66.0,-18.0,18.0,194.0
-64.0,-18.0,18.0,162.0
-62.0,-18.0,18.0,162.0
-60.0,-18.0,18.0,162.0
-58.0,-18.0,18.0,162.0
-56.0,-18.0,18.0,162.0
-54.0,-18.0,18.0,162.0
-52.0,-18.0,18.0,213.0
-50.0,-18.0,18.0,213.0
-48.0,-18.0,18.0,237.0
-46.0,-18.0,18.0,237.0
-44.0,-18.0,18.0,237.0
-42.0,-18.0,18.0,237.0
-40.0,-18.0,18.0,237.0
-38.0,-18.0,18.0,237.0
-34.0,-18.0,18.0,237.0
-18.0,-18.0,18.0,216.0
-16.0,-18.0,18.0,216.0
-14.0,-18.0,18.0,216.0
-12.0,-18.0,18.0,216.0
10.0,-18.0,18.0,104.0
12.0,-18.0,18.0,24.0
14.0,-18.0,18.0,24.0
16.0,-18.0,18.0,24.0
32.0,-18.0,18.0,116.0
34.0,-18.0,18.0,116.0
36.0,-18.0,18.0,116.0
38.0,-18.0,18.0,116.0
40.0,-18.0,18.0,116.0
42.0,-18.0,18.0,5.0
44.0,-18.0,18.0,5.0
46.0,-18.0,18.0,5.0
48.0,-18.0,18.0,5.0
50.0,-18.0,18.0,285.0
52.0,-18.0,18.0,285.0
54.0,-18.0,18.0,285.0
56.0,-18.0,18.0,285.0
58.0,-18.0,18.0,379.0
60.0,-18.0,18.0,379.0
62.0,-18.0,18.0,319.0
64.0,-18.0,18.0,319.0
66.0,-18.0,18.0,319.0
68.0,-18.0,18.0,319.0
-68.0,-16.0,18.0,194.0
-66.0,-16.0,18.0,194.0
-64.0,-16.0,18.0,162.0
-62.0,-16.0,18.0,162.0
-60.0,-16.0,18.0,162.0
-58.0,-16.0,18.0,162.0
-56.0,-16.0,18.0,162.0
-54.0,-16.0,18.0,162.0
-52.0,-16.0,18.0,166.0
-50.0,-16.0,18.0,421.0
-48.0,-16.0,18.0,237.0
-46.0,-16.0,18.0,237.0
-44.0,-16.0,18.0,237.0
-42.0,-16.0,18.0,237.0
-40.0,-16.0,18.0,237.0
-38.0,-16.0,18.0,237.0
-36.0,-16.0,18.0,237.0
-34.0,-16.0,18.0,237.0
-18.0,-16.0,18.0,216.0
-16.0,-16.0,18.0,216.0
-14.0,-16.0,18.0,216.0
-12.0,-16.0,18.0,216.0
-10.0,-16.0,18.0,216.0
8.0,-16.0,18.0,104.0
10.0,-16.0,18.0,104.0
12.0,-16.0,18.0,24.0
14.0,-16.0,18.0,24.0
16.0,-16.0,18.0,24.0
32.0,-16.0,18.0,116.0
34.0,-16.0,18.0,116.0
36.0,-16.0,18.0,116.0
38.0,-16.0,18.0,116.0
40.0,-16.0,18.0,116.0
42.0,-16.0,18.0,5.0
44.0,-16.0,18.0,5.0
46.0,-16.0,18.0,5.0
48.0,-16.0,18.0,5.0
50.0,-16.0,18.0,5.0
52.0,-16.0,18.0,285.0
54.0,-16.0,18.0,285.0
56.0,-16.0,18.0,285.0
58.0,-16.0,18.0,460.0
60.0,-16.0,18.0,460.0
62.0,-16.0,18.0,319.0
64.0,-16.0,18.0,319.0
66.0,-16.0,18.0,319.0
68.0,-16.0,18.0,319.0
-68.0,-14.0,18.0,478.0
-66.0,-14.0,18.0,478.0
-64.0,-14.0,18.0,478.0
-62.0,-14.0,18.0,478.0
-60.0,-14.0,18.0,478.0
-58.0,-14.0,18.0,162.0
-56.0,-14.0,18.0,162.0
-54.0,-14.0,18.0,166.0
-52.0,-14.0,18.0,166.0
-50.0,-14.0,18.0,166.0
-48.0,-14.0,18.0,421.0
-46.0,-14.0,18.0,421.0
-44.0,-14.0,18.0,421.0
-42.0,-14.0,18.0,421.0
-40.0,-14.0,18.0,421.0
-38.0,-14.0,18.0,237.0
-36.0,-14.0,18.0,237.0
-34.0,-14.0,18.0,237.0
-18.0,-14.0,18.0,257.0
-16.0,-14.0,18.0,257.0
-14.0,-14.0,18.0,257.0
-12.0,-14.0,18.0,257.0
-10.0,-14.0,18.0,257.0
8.0,-14.0,18.0,248.0
10.0,-14.0,18.0,248.0
12.0,-14.0,18.0,248.0
14.0,-14.0,18.0,24.0
32.0,-14.0,18.0,116.0
34.0,-14.0,18.0,116.0
36.0,-14.0,18.0,116.0
38.0,-14.0,18.0,116.0
40.0,-14.0,18.0,116.0
42.0,-14.0,18.0,5.0
44.0,-14.0,18.0,5.0
46.0,-14.0,18.0,5.0
48.0,-14.0,18.0,5.0
50.0,-14.0,18.0,5.0
52.0,-14.0,18.0,5.0
54.0,-14.0,18.0,285.0
56.0,-14.0,18.0,285.0
58.0,-14.0,18.0,209.0
60.0,-14.0,18.0,209.0
62.0,-14.0,18.0,319.0
64.0,-14.0,18.0,319.0
66.0,-14.0,18.0,319.0
68.0,-14.0,18.0,319.0
-68.0,-12.0,18.0,478.0
-66.0,-12.0,18.0,478.0
-64.0,-12.0,18.0,478.0
-62.0,-12.0,18.0,478.0
-60.0,-12.0,18.0,478.0
-58.0,-12.0,18.0,478.0
-56.0,-12.0,18.0,166.0
-54.0,-12.0,18.0,166.0
-52.0,-12.0,18.0,166.0
-50.0,-12.0,18.0,166.0
-48.0,-12.0,18.0,421.0
-46.0,-12.0,18.0,421.0
-44.0,-12.0,18.0,421.0
-42.0,-12.0,18.0,421.0
-40.0,-12.0,18.0,421.0
-38.0,-12.0,18.0,421.0
-36.0,-12.0,18.0,421.0
-34.0,-12.0,18.0,421.0
-14.0,-12.0,18.0,257.0
-12.0,-12.0,18.0,257.0
-10.0,-12.0,18.0,257.0
8.0,-12.0,18.0,248.0
10.0,-12.0,18.0,248.0
12.0,-12.0,18.0,248.0
32.0,-12.0,18.0,466.0
34.0,-12.0,18.0,466.0
36.0,-12.0,18.0,466.0
42.0,-12.0,18.0,5.0
44.0,-12.0,18.0,5.0
46.0,-12.0,18.0,5.0
48.0,-12.0,18.0,5.0
50.0,-12.0,18.0,5.0
52.0,-12.0,18.0,5.0
54.0,-12.0,18.0,209.0
56.0,-12.0,18.0,209.0
66.0,-12.0,18.0,319.0
68.0,-12.0,18.0,319.0
-68.0,-10.0,18.0,478.0
-66.0,-10.0,18.0,478.0
-64.0,-10.0,18.0,478.0
-62.0,-10.0,18.0,478.0
-60.0,-10.0,18.0,478.0
-58.0,-10.0,18.0,478.0
-56.0,-10.0,18.0,166.0
-54.0,-10.0,18.0,166.0
-52.0,-10.0,18.0,166.0
-50.0,-10.0,18.0,166.0
-48.0,-10.0,18.0,166.0
-46.0,-10.0,18.0,421.0
-44.0,-10.0,18.0,421.0
-42.0,-10.0,18.0,421.0
-40.0,-10.0,18.0,421.0
-38.0,-10.0,18.0,421.0
-36.0,-10.0,18.0,421.0
-34.0,-10.0,18.0,421.0
10.0,-10.0,18.0,248.0
12.0,-10.0,18.0,248.0
14.0,-10.0,18.0,93.0
32.0,-10.0,18.0,466.0
34.0,-10.0,18.0,466.0
36.0,-10.0,18.0,466.0
40.0,-10.0,18.0,466.0
48.0,-10.0,18.0,5.0
50.0,-10.0,18.0,5.0
52.0,-10.0,18.0,209.0
64.0,-10.0,18.0,209.0
-68.0,-8.0,18.0,478.0
-66.0,-8.0,18.0,478.0
-64.0,-8.0,18.0,478.0
-62.0,-8.0,18.0,478.0
-52.0,-8.0,18.0,166.0
-50.0,-8.0,18.0,166.0
-48.0,-8.0,18.0,166.0
-46.0,-8.0,18.0,421.0
-44.0,-8.0,18.0,421.0
-42.0,-8.0,18.0,421.0
-40.0,-8.0,18.0,421.0
-38.0,-8.0,18.0,421.0
-36.0,-8.0,18.0,421.0
-34.0,-8.0,18.0,223.0
-16.0,-8.0,18.0,257.0
-14.0,-8.0,18.0,257.0
10.0,-8.0,18.0,248.0
12.0,-8.0,18.0,248.0
14.0,-8.0,18.0,93.0
16.0,-8.0,18.0,93.0
34.0,-8.0,18.0,466.0
36.0,-8.0,18.0,466.0
38.0,-8.0,18.0,466.0
42.0,-8.0,18.0,466.0
62.0,-8.0,18.0,209.0
64.0,-8.0,18.0,209.0
66.0,-8.0,18.0,209.0
-68.0,-6.0,18.0,478.0
-66.0,-6.0,18.0,478.0
-64.0,-6.0,18.0,478.0
-62.0,-6.0,18.0,478.0
-52.0,-6.0,18.0,166.0
-50.0,-6.0,18.0,166.0
-48.0,-6.0,18.0,166.0
-46.0,-6.0,18.0,166.0
-44.0,-6.0,18.0,421.0
-42.0,-6.0,18.0,421.0
-38.0,-6.0,18.0,421.0
-36.0,-6.0,18.0,223.0
-34.0,-6.0,18.0,223.0
-16.0,-6.0,18.0,257.0
-14.0,-6.0,18.0,257.0
-12.0,-6.0,18.0,257.0
10.0,-6.0,18.0,248.0
12.0,-6.0,18.0,248.0
14.0,-6.0,18.0,93.0
16.0,-6.0,18.0,93.0
34.0,-6.0,18.0,466.0
36.0,-6.0,18.0,466.0
38.0,-6.0,18.0,466.0
42.0,-6.0,18.0,466.0
44.0,-6.0,18.0,466.0
52.0,-6.0,18.0,209.0
54.0,-6.0,18.0,209.0
56.0,-6.0,18.0,209.0
58.0,-6.0,18.0,209.0
60.0,-6.0,18.0,209.0
62.0,-6.0,18.0,209.0
64.0,-6.0,18.0,209.0
66.0,-6.0,18.0,209.0
-68.0,-4.0,18.0,478.0
-66.0,-4.0,18.0,478.0
-64.0,-4.0,18.0,478.0
-62.0,-4.0,18.0,478.0
-58.0,-4.0,18.0,19.0
-40.0,-4.0,18.0,421.0
-38.0,-4.0,18.0,236.0
-36.0,-4.0,18.0,223.0
-34.0,-4.0,18.0,223.0
-18.0,-4.0,18.0,257.0
-16.0,-4.0,18.0,257.0
-14.0,-4.0,18.0,257.0
-12.0,-4.0,18.0,257.0
10.0,-4.0,18.0,248.0
12.0,-4.0,18.0,238.0
14.0,-4.0,18.0,93.0
16.0,-4.0,18.0,93.0
36.0,-4.0,18.0,466.0
38.0,-4.0,18.0,466.0
40.0,-4.0,18.0,466.0
52.0,-4.0,18.0,209.0
54.0,-4.0,18.0,209.0
56.0,-4.0,18.0,209.0
58.0,-4.0,18.0,209.0
60.0,-4.0,18.0,209.0
62.0,-4.0,18.0,209.0
64.0,-4.0,18.0,209.0
-66.0,-2.0,18.0,92.0
-64.0,-2.0,18.0,92.0
-62.0,-2.0,18.0,92.0
-60.0,-2.0,18.0,92.0
-58.0,-2.0,18.0,92.0
-56.0,-2.0,18.0,92.0
-44.0,-2.0,18.0,166.0
-42.0,-2.0,18.0,236.0
-40.0,-2.0,18.0,236.0
-38.0,-2.0,18.0,236.0
-36.0,-2.0,18.0,236.0
-18.0,-2.0,18.0,434.0
-16.0,-2.0,18.0,257.0
-14.0,-2.0,18.0,257.0
-12.0,-2.0,18.0,257.0
10.0,-2.0,18.0,238.0
12.0,-2.0,18.0,238.0
14.0,-2.0,18.0,238.0
16.0,-2.0,18.0,93.0
36.0,-2.0,18.0,466.0
38.0,-2.0,18.0,466.0
52.0,-2.0,18.0,209.0
54.0,-2.0,18.0,209.0
56.0,-2.0,18.0,209.0
58.0,-2.0,18.0,209.0
60.0,-2.0,18.0,209.0
62.0,-2.0,18.0,209.0
64.0,-2.0,18.0,209.0
-66.0,-0.0,18.0,92.0
-64.0,-0.0,18.0,92.0
-62.0,-0.0,18.0,92.0
-60.0,-0.0,18.0,92.0
-58.0,-0.0,18.0,92.0
-56.0,-0.0,18.0,92.0
-44.0,-0.0,18.0,236.0
-42.0,-0.0,18.0,236.0
-38.0,-0.0,18.0,236.0
-36.0,-0.0,18.0,236.0
-18.0,-0.0,18.0,434.0
-16.0,-0.0,18.0,434.0
-14.0,-0.0,18.0,434.0
-12.0,-0.0,18.0,257.0
-10.0,-0.0,18.0,586.0
10.0,-0.0,18.0,238.0
12.0,-0.0,18.0,238.0
14.0,-0.0,18.0,238.0
16.0,-0.0,18.0,238.0
18.0,-0.0,18.0,93.0
34.0,-0.0,18.0,466.0
36.0,-0.0,18.0,466.0
54.0,-0.0,18.0,209.0
56.0,-0.0,18.0,209.0
58.0,-0.0,18.0,209.0
60.0,-0.0,18.0,209.0
62.0,-0.0,18.0,209.0
64.0,-0.0,18.0,209.0
-66.0,2.0,18.0,92.0
-64.0,2.0,18.0,92.0
-62.0,2.0,18.0,92.0
-60.0,2.0,18.0,92.0
-58.0,2.0,18.0,92.0
-44.0,2.0,18.0,236.0
-42.0,2.0,18.0,236.0
-38.0,2.0,18.0,236.0
-36.0,2.0,18.0,236.0
-20.0,2.0,18.0,434.0
-18.0,2.0,18.0,434.0
-16.0,2.0,18.0,434.0
-14.0,2.0,18.0,434.0
-12.0,2.0,18.0,434.0
-10.0,2.0,18.0,586.0
10.0,2.0,18.0,238.0
12.0,2.0,18.0,238.0
14.0,2.0,18.0,238.0
16.0,2.0,18.0,238.0
18.0,2.0,18.0,93.0
50.0,2.0,18.0,201.0
52.0,2.0,18.0,201.0
54.0,2.0,18.0,201.0
56.0,2.0,18.0,209.0
58.0,2.0,18.0,209.0
60.0,2.0,18.0,209.0
62.0,2.0,18.0,209.0
64.0,2.0,18.0,209.0
-66.0,4.0,18.0,92.0
-64.0,4.0,18.0,92.0
-62.0,4.0,18.0,92.0
-60.0,4.0,18.0,92.0
-58.0,4.0,18.0,92.0
-52.0,4.0,18.0,324.0
-20.0,4.0,18.0,434.0
-18.0,4.0,18.0,434.0
-16.0,4.0,18.0,434.0
-14.0,4.0,18.0,434.0
-12.0,4.0,18.0,586.0
-10.0,4.0,18.0,586.0
10.0,4.0,18.0,238.0
12.0,4.0,18.0,238.0
14.0,4.0,18.0,238.0
16.0,4.0,18.0,238.0
18.0,4.0,18.0,238.0
46.0,4.0,18.0,201.0
48.0,4.0,18.0,201.0
50.0,4.0,18.0,201.0
52.0,4.0,18.0,201.0
54.0,4.0,18.0,201.0
56.0,4.0,18.0,209.0
58.0,4.0,18.0,209.0
60.0,4.0,18.0,209.0
62.0,4.0,18.0,209.0
64.0,4.0,18.0,209.0
-66.0,6.0,18.0,92.0
-64.0,6.0,18.0,92.0
-62.0,6.0,18.0,92.0
-60.0,6.0,18.0,92.0
-58.0,6.0,18.0,92.0
-56.0,6.0,18.0,92.0
-54.0,6.0,18.0,324.0
-52.0,6.0,18.0,324.0
-50.0,6.0,18.0,324.0
-48.0,6.0,18.0,236.0
-46.0,6.0,18.0,236.0
-20.0,6.0,18.0,434.0
-18.0,6.0,18.0,434.0
-16.0,6.0,18.0,434.0
-14.0,6.0,18.0,434.0
-12.0,6.0,18.0,586.0
-10.0,6.0,18.0,586.0
10.0,6.0,18.0,238.0
12.0,6.0,18.0,238.0
14.0,6.0,18.0,238.0
16.0,6.0,18.0,238.0
18.0,6.0,18.0,238.0
46.0,6.0,18.0,201.0
48.0,6.0,18.0,201.0
50.0,6.0,18.0,201.0
52.0,6.0,18.0,201.0
54.0,6.0,18.0,201.0
56.0,6.0,18.0,82.0
58.0,6.0,18.0,82.0
60.0,6.0,18.0,82.0
62.0,6.0,18.0,82.0
64.0,6.0,18.0,82.0
-64.0,8.0,18.0,92.0
-62.0,8.0,18.0,92.0
-60.0,8.0,18.0,92.0
-58.0,8.0,18.0,92.0
-56.0,8.0,18.0,324.0
-54.0,8.0,18.0,324.0
-52.0,8.0,18.0,324.0
-50.0,8.0,18.0,324.0
-48.0,8.0,18.0,324.0
-46.0,8.0,18.0,236.0
-20.0,8.0,18.0,434.0
-18.0,8.0,18.0,434.0
-16.0,8.0,18.0,434.0
-14.0,8.0,18.0,434.0
-12.0,8.0,18.0,586.0
-10.0,8.0,18.0,586.0
10.0,8.0,18.0,238.0
12.0,8.0,18.0,238.0
14.0,8.0,18.0,238.0
16.0,8.0,18.0,238.0
18.0,8.0,18.0,238.0
20.0,8.0,18.0,238.0
44.0,8.0,18.0,201.0
46.0,8.0,18.0,201.0
48.0,8.0,18.0,201.0
50.0,8.0,18.0,201.0
52.0,8.0,18.0,201.0
54.0,8.0,18.0,201.0
56.0,8.0,18.0,82.0
58.0,8.0,18.0,82.0
60.0,8.0,18.0,82.0
62.0,8.0,18.0,82.0
-64.0,10.0,18.0,92.0
-62.0,10.0,18.0,92.0
-60.0,10.0,18.0,92.0
-58.0,10.0,18.0,324.0
-56.0,10.0,18.0,324.0
-54.0,10.0,18.0,324.0
-52.0,10.0,18.0,324.0
-50.0,10.0,18.0,324.0
-48.0,10.0,18.0,324.0
-46.0,10.0,18.0,236.0
-22.0,10.0,18.0,434.0
-20.0,10.0,18.0,434.0
-18.0,10.0,18.0,434.0
-16.0,10.0,18.0,434.0
-14.0,10.0,18.0,434.0
-12.0,10.0,18.0,160.0
-10.0,10.0,18.0,160.0
10.0,10.0,18.0,238.0
12.0,10.0,18.0,238.0
14.0,10.0,18.0,238.0
16.0,10.0,18.0,238.0
18.0,10.0,18.0,238.0
20.0,10.0,18.0,238.0
44.0,10.0,18.0,201.0
46.0,10.0,18.0,201.0
48.0,10.0,18.0,201.0
50.0,10.0,18.0,201.0
52.0,10.0,18.0,201.0
54.0,10.0,18.0,161.0
56.0,10.0,18.0,82.0
58.0,10.0,18.0,82.0
60.0,10.0,18.0,82.0
62.0,10.0,18.0,82.0
-64.0,12.0,18.0,92.0
-62.0,12.0,18.0,92.0
-60.0,12.0,18.0,455.0
-58.0,12.0,18.0,324.0
-56.0,12.0,18.0,324.0
-54.0,12.0,18.0,324.0
-52.0,12.0,18.0,324.0
-50.0,12.0,18.0,324.0
-48.0,12.0,18.0,324.0
-46.0,12.0,18.0,324.0
-44.0,12.0,18.0,236.0
-22.0,12.0,18.0,434.0
-20.0,12.0,18.0,434.0
-18.0,12.0,18.0,434.0
-16.0,12.0,18.0,434.0
-14.0,12.0,18.0,434.0
-12.0,12.0,18.0,160.0
12.0,12.0,18.0,238.0
14.0,12.0,18.0,238.0
16.0,12.0,18.0,238.0
18.0,12.0,18.0,238.0
20.0,12.0,18.0,238.0
42.0,12.0,18.0,201.0
44.0,12.0,18.0,201.0
46.0,12.0,18.0,201.0
48.0,12.0,18.0,201.0
50.0,12.0,18.0,201.0
52.0,12.0,18.0,161.0
54.0,12.0,18.0,161.0
56.0,12.0,18.0,82.0
58.0,12.0,18.0,82.0
60.0,12.0,18.0,82.0
-62.0,14.0,18.0,455.0
-60.0,14.0,18.0,455.0
-58.0,14.0,18.0,455.0
-56.0,14.0,18.0,455.0
-54.0,14.0,18.0,324.0
-52.0,14.0,18.0,324.0
-50.0,14.0,18.0,324.0
-48.0,14.0,18.0,324.0
-46.0,14.0,18.0,324.0
-22.0,14.0,18.0,434.0
-20.0,14.0,18.0,434.0
-18.0,14.0,18.0,448.0
-16.0,14.0,18.0,448.0
-14.0,14.0,18.0,160.0
-12.0,14.0,18.0,160.0
12.0,14.0,18.0,215.0
14.0,14.0,18.0,215.0
16.0,14.0,18.0,238.0
18.0,14.0,18.0,238.0
42.0,14.0,18.0,7.0
44.0,14.0,18.0,7.0
46.0,14.0,18.0,201.0
48.0,14.0,18.0,201.0
50.0,14.0,18.0,161.0
52.0,14.0,18.0,161.0
54.0,14.0,18.0,161.0
56.0,14.0,18.0,82.0
58.0,14.0,18.0,82.0
60.0,14.0,18.0,82.0
-62.0,16.0,18.0,455.0
-60.0,16.0,18.0,455.0
-58.0,16.0,18.0,455.0
-56.0,16.0,18.0,455.0
-54.0,16.0,18.0,455.0
-52.0,16.0,18.0,455.0
-50.0,16.0,18.0,324.0
-48.0,16.0,18.0,324.0
-20.0,16.0,18.0,448.0
-18.0,16.0,18.0,448.0
-16.0,16.0,18.0,582.0
-14.0,16.0,18.0,582.0
14.0,16.0,18.0,215.0
16.0,16.0,18.0,215.0
18.0,16.0,18.0,215.0
44.0,16.0,18.0,7.0
46.0,16.0,18.0,196.0
48.0,16.0,18.0,196.0
50.0,16.0,18.0,196.0
52.0,16.0,18.0,161.0
54.0,16.0,18.0,161.0
56.0,16.0,18.0,82.0
58.0,16.0,18.0,82.0
60.0,16.0,18.0,82.0
-62.0,18.0,18.0,455.0
-60.0,18.0,18.0,455.0
-58.0,18.0,18.0,455.0
-56.0,18.0,18.0,455.0
-54.0,18.0,18.0,455.0
-52.0,18.0,18.0,455.0
-50.0,18.0,18.0,455.0
-48.0,18.0,18.0,455.0
-18.0,18.0,18.0,448.0
-16.0,18.0,18.0,582.0
48.0,18.0,18.0,196.0
50.0,18.0,18.0,196.0
52.0,18.0,18.0,196.0
54.0,18.0,18.0,161.0
56.0,18.0,18.0,82.0
58.0,18.0,18.0,82.0
60.0,18.0,18.0,82.0
-62.0,20.0,18.0,455.0
-60.0,20.0,18.0,455.0
-58.0,20.0,18.0,455.0
-56.0,20.0,18.0,455.0
-54.0,20.0,18.0,455.0
-52.0,20.0,18.0,455.0
-50.0,20.0,18.0,455.0
-48.0,20.0,18.0,455.0
50.0,20.0,18.0,196.0
52.0,20.0,18.0,196.0
54.0,20.0,18.0,196.0
56.0,20.0,18.0,119.0
58.0,20.0,18.0,82.0
60.0,20.0,18.0,82.0
-60.0,22.0,18.0,455.0
-58.0,22.0,18.0,455.0
-56.0,22.0,18.0,455.0
-54.0,22.0,18.0,455.0
-52.0,22.0,18.0,455.0
-50.0,22.0,18.0,419.0
-4.0,22.0,18.0,121.0
2.0,22.0,18.0,215.0
4.0,22.0,18.0,215.0
48.0,22.0,18.0,196.0
50.0,22.0,18.0,196.0
52.0,22.0,18.0,119.0
54.0,22.0,18.0,119.0
56.0,22.0,18.0,119.0
58.0,22.0,18.0,119.0
-60.0,24.0,18.0,455.0
-58.0,24.0,18.0,455.0
-56.0,24.0,18.0,455.0
-54.0,24.0,18.0,455.0
-52.0,24.0,18.0,419.0
-50.0,24.0,18.0,419.0
-6.0,24.0,18.0,121.0
-4.0,24.0,18.0,121.0
2.0,24.0,18.0,121.0
4.0,24.0,18.0,258.0
6.0,24.0,18.0,320.0
48.0,24.0,18.0,119.0
50.0,24.0,18.0,119.0
52.0,24.0,18.0,119.0
54.0,24.0,18.0,119.0
56.0,24.0,18.0,119.0
58.0,24.0,18.0,119.0
-60.0,26.0,18.0,455.0
-58.0,26.0,18.0,455.0
-56.0,26.0,18.0,419.0
-54.0,26.0,18.0,419.0
-52.0,26.0,18.0,419.0
-50.0,26.0,18.0,419.0
-48.0,26.0,18.0,419.0
-8.0,26.0,18.0,121.0
-6.0,26.0,18.0,121.0
-4.0,26.0,18.0,121.0
2.0,26.0,18.0,258.0
4.0,26.0,18.0,258.0
6.0,26.0,18.0,320.0
42.0,26.0,18.0,284.0
44.0,26.0,18.0,284.0
46.0,26.0,18.0,284.0
48.0,26.0,18.0,119.0
50.0,26.0,18.0,119.0
52.0,26.0,18.0,119.0
54.0,26.0,18.0,119.0
56.0,26.0,18.0,119.0
58.0,26.0,18.0,119.0
-58.0,28.0,18.0,14.0
-56.0,28.0,18.0,419.0
-54.0,28.0,18.0,419.0
-52.0,28.0,18.0,419.0
-50.0,28.0,18.0,419.0
-48.0,28.0,18.0,419.0
-46.0,28.0,18.0,419.0
-44.0,28.0,18.0,419.0
-8.0,28.0,18.0,121.0
-6.0,28.0,18.0,121.0
-4.0,28.0,18.0,121.0
2.0,28.0,18.0,258.0
4.0,28.0,18.0,258.0
6.0,28.0,18.0,320.0
38.0,28.0,18.0,284.0
40.0,28.0,18.0,284.0
42.0,28.0,18.0,284.0
44.0,28.0,18.0,284.0
46.0,28.0,18.0,284.0
48.0,28.0,18.0,72.0
50.0,28.0,18.0,119.0
52.0,28.0,18.0,119.0
54.0,28.0,18.0,119.0
56.0,28.0,18.0,119.0
-58.0,30.0,18.0,14.0
-56.0,30.0,18.0,419.0
-54.0,30.0,18.0,419.0
-52.0,30.0,18.0,419.0
-50.0,30.0,18.0,419.0
-48.0,30.0,18.0,419.0
-46.0,30.0,18.0,419.0
-44.0,30.0,18.0,419.0
-42.0,30.0,18.0,419.0
-8.0,30.0,18.0,121.0
-6.0,30.0,18.0,121.0
-4.0,30.0,18.0,121.0
-2.0,30.0,18.0,258.0
2.0,30.0,18.0,258.0
4.0,30.0,18.0,258.0
6.0,30.0,18.0,320.0
38.0,30.0,18.0,284.0
40.0,30.0,18.0,284.0
42.0,30.0,18.0,284.0
44.0,30.0,18.0,284.0
46.0,30.0,18.0,284.0
48.0,30.0,18.0,72.0
50.0,30.0,18.0,119.0
52.0,30.0,18.0,119.0
54.0,30.0,18.0,119.0
56.0,30.0,18.0,119.0
-58.0,32.0,18.0,14.0
-56.0,32.0,18.0,419.0
-54.0,32.0,18.0,419.0
-52.0,32.0,18.0,419.0
-50.0,32.0,18.0,419.0
-48.0,32.0,18.0,419.0
-46.0,32.0,18.0,419.0
-44.0,32.0,18.0,419.0
-42.0,32.0,18.0,419.0
-40.0,32.0,18.0,49.0
-38.0,32.0,18.0,49.0
-8.0,32.0,18.0,293.0
-6.0,32.0,18.0,293.0
-4.0,32.0,18.0,293.0
-2.0,32.0,18.0,293.0
2.0,32.0,18.0,258.0
4.0,32.0,18.0,258.0
6.0,32.0,18.0,320.0
36.0,32.0,18.0,284.0
38.0,32.0,18.0,284.0
40.0,32.0,18.0,284.0
42.0,32.0,18.0,284.0
44.0,32.0,18.0,284.0
46.0,32.0,18.0,284.0
48.0,32.0,18.0,72.0
50.0,32.0,18.0,146.0
52.0,32.0,18.0,119.0
54.0,32.0,18.0,119.0
-56.0,34.0,18.0,419.0
-54.0,34.0,18.0,419.0
-52.0,34.0,18.0,419.0
-50.0,34.0,18.0,419.0
-48.0,34.0,18.0,419.0
-46.0,34.0,18.0,419.0
-44.0,34.0,18.0,419.0
-42.0,34.0,18.0,301.0
-40.0,34.0,18.0,301.0
-38.0,34.0,18.0,49.0
-10.0,34.0,18.0,293.0
-8.0,34.0,18.0,293.0
-6.0,34.0,18.0,293.0
-4.0,34.0,18.0,293.0
-2.0,34.0,18.0,293.0
2.0,34.0,18.0,293.0
4.0,34.0,18.0,258.0
6.0,34.0,18.0,320.0
8.0,34.0,18.0,320.0
36.0,34.0,18.0,284.0
38.0,34.0,18.0,284.0
40.0,34.0,18.0,284.0
42.0,34.0,18.0,284.0
44.0,34.0,18.0,284.0
46.0,34.0,18.0,284.0
48.0,34.0,18.0,146.0
50.0,34.0,18.0,146.0
52.0,34.0,18.0,146.0
54.0,34.0,18.0,146.0
-54.0,36.0,18.0,419.0
-52.0,36.0,18.0,437.0
-50.0,36.0,18.0,437.0
-48.0,36.0,18.0,437.0
-46.0,36.0,18.0,437.0
-44.0,36.0,18.0,437.0
-42.0,36.0,18.0,301.0
-40.0,36.0,18.0,301.0
-38.0,36.0,18.0,301.0
-14.0,36.0,18.0,497.0
-12.0,36.0,18.0,293.0
-10.0,36.0,18.0,293.0
-8.0,36.0,18.0,293.0
-6.0,36.0,18.0,293.0
-4.0,36.0,18.0,293.0
-2.0,36.0,18.0,293.0
2.0,36.0,18.0,293.0
4.0,36.0,18.0,293.0
6.0,36.0,18.0,320.0
8.0,36.0,18.0,320.0
38.0,36.0,18.0,284.0
40.0,36.0,18.0,284.0
42.0,36.0,18.0,284.0
44.0,36.0,18.0,284.0
46.0,36.0,18.0,284.0
48.0,36.0,18.0,146.0
50.0,36.0,18.0,146.0
52.0,36.0,18.0,146.0
-54.0,38.0,18.0,437.0
-52.0,38.0,18.0,437.0
-50.0,38.0,18.0,437.0
-48.0,38.0,18.0,437.0
-46.0,38.0,18.0,437.0
-44.0,38.0,18.0,437.0
-42.0,38.0,18.0,301.0
-40.0,38.0,18.0,301.0
-38.0,38.0,18.0,301.0
-36.0,38.0,18.0,301.0
-14.0,38.0,18.0,497.0
-12.0,38.0,18.0,293.0
-10.0,38.0,18.0,293.0
-8.0,38.0,18.0,293.0
-6.0,38.0,18.0,293.0
-4.0,38.0,18.0,293.0
-2.0,38.0,18.0,293.0
0.0,38.0,18.0,293.0
2.0,38.0,18.0,293.0
4.0,38.0,18.0,293.0
6.0,38.0,18.0,293.0
8.0,38.0,18.0,320.0
10.0,38.0,18.0,320.0
12.0,38.0,18.0,320.0
14.0,38.0,18.0,320.0
38.0,38.0,18.0,518.0
40.0,38.0,18.0,284.0
42.0,38.0,18.0,284.0
44.0,38.0,18.0,284.0
46.0,38.0,18.0,146.0
48.0,38.0,18.0,146.0
50.0,38.0,18.0,146.0
52.0,38.0,18.0,146.0
-52.0,40.0,18.0,437.0
-50.0,40.0,18.0,437.0
-48.0,40.0,18.0,437.0
-46.0,40.0,18.0,437.0
-44.0,40.0,18.0,437.0
-42.0,40.0,18.0,301.0
-40.0,40.0,18.0,301.0
-38.0,40.0,18.0,301.0
-36.0,40.0,18.0,301.0
-14.0,40.0,18.0,497.0
-12.0,40.0,18.0,293.0
-10.0,40.0,18.0,293.0
-8.0,40.0,18.0,293.0
-6.0,40.0,18.0,293.0
-4.0,40.0,18.0,293.0
-2.0,40.0,18.0,293.0
0.0,40.0,18.0,293.0
2.0,40.0,18.0,293.0
4.0,40.0,18.0,293.0
6.0,40.0,18.0,293.0
8.0,40.0,18.0,293.0
10.0,40.0,18.0,320.0
12.0,40.0,18.0,320.0
14.0,40.0,18.0,525.0
34.0,40.0,18.0,518.0
36.0,40.0,18.0,518.0
38.0,40.0,18.0,518.0
40.0,40.0,18.0,518.0
42.0,40.0,18.0,284.0
44.0,40.0,18.0,284.0
46.0,40.0,18.0,146.0
48.0,40.0,18.0,146.0
50.0,40.0,18.0,146.0
-52.0,42.0,18.0,437.0
-50.0,42.0,18.0,437.0
-48.0,42.0,18.0,437.0
-46.0,42.0,18.0,437.0
-44.0,42.0,18.0,437.0
-42.0,42.0,18.0,301.0
-40.0,42.0,18.0,301.0
-38.0,42.0,18.0,62.0
-36.0,42.0,18.0,62.0
-30.0,42.0,18.0,280.0
-28.0,42.0,18.0,280.0
-26.0,42.0,18.0,280.0
-16.0,42.0,18.0,497.0
-14.0,42.0,18.0,497.0
-12.0,42.0,18.0,407.0
-10.0,42.0,18.0,293.0
-8.0,42.0,18.0,293.0
-6.0,42.0,18.0,293.0
-4.0,42.0,18.0,293.0
-2.0,42.0,18.0,293.0
0.0,42.0,18.0,293.0
2.0,42.0,18.0,293.0
4.0,42.0,18.0,263.0
6.0,42.0,18.0,263.0
8.0,42.0,18.0,263.0
10.0,42.0,18.0,525.0
12.0,42.0,18.0,525.0
14.0,42.0,18.0,525.0
34.0,42.0,18.0,518.0
36.0,42.0,18.0,518.0
38.0,42.0,18.0,518.0
40.0,42.0,18.0,518.0
42.0,42.0,18.0,518.0
44.0,42.0,18.0,284.0
46.0,42.0,18.0,146.0
48.0,42.0,18.0,146.0
-50.0,44.0,18.0,437.0
-48.0,44.0,18.0,437.0
-46.0,44.0,18.0,437.0
-44.0,44.0,18.0,437.0
-42.0,44.0,18.0,361.0
-40.0,44.0,18.0,62.0
-38.0,44.0,18.0,62.0
-36.0,44.0,18.0,62.0
-30.0,44.0,18.0,280.0
-28.0,44.0,18.0,280.0
-26.0,44.0,18.0,280.0
-16.0,44.0,18.0,497.0
-14.0,44.0,18.0,407.0
-12.0,44.0,18.0,407.0
-10.0,44.0,18.0,407.0
-8.0,44.0,18.0,293.0
-6.0,44.0,18.0,293.0
-4.0,44.0,18.0,263.0
-2.0,44.0,18.0,263.0
0.0,44.0,18.0,263.0
2.0,44.0,18.0,263.0
4.0,44.0,18.0,263.0
6.0,44.0,18.0,263.0
8.0,44.0,18.0,525.0
10.0,44.0,18.0,525.0
12.0,44.0,18.0,525.0
14.0,44.0,18.0,525.0
34.0,44.0,18.0,518.0
36.0,44.0,18.0,518.0
38.0,44.0,18.0,518.0
40.0,44.0,18.0,518.0
42.0,44.0,18.0,518.0
44.0,44.0,18.0,518.0
46.0,44.0,18.0,146.0
48.0,44.0,18.0,146.0
-48.0,46.0,18.0,437.0
-46.0,46.0,18.0,361.0
-44.0,46.0,18.0,361.0
-42.0,46.0,18.0,361.0
-40.0,46.0,18.0,62.0
-38.0,46.0,18.0,62.0
-36.0,46.0,18.0,62.0
-34.0,46.0,18.0,280.0
-32.0,46.0,18.0,280.0
-30.0,46.0,18.0,280.0
-28.0,46.0,18.0,280.0
-26.0,46.0,18.0,280.0
-24.0,46.0,18.0,280.0
-14.0,46.0,18.0,407.0
-12.0,46.0,18.0,407.0
-10.0,46.0,18.0,407.0
-8.0,46.0,18.0,407.0
-6.0,46.0,18.0,263.0
-4.0,46.0,18.0,263.0
-2.0,46.0,18.0,263.0
0.0,46.0,18.0,263.0
2.0,46.0,18.0,263.0
4.0,46.0,18.0,263.0
6.0,46.0,18.0,525.0
8.0,46.0,18.0,525.0
10.0,46.0,18.0,525.0
12.0,46.0,18.0,525.0
14.0,46.0,18.0,525.0
24.0,46.0,18.0,518.0
30.0,46.0,18.0,518.0
32.0,46.0,18.0,518.0
34.0,46.0,18.0,518.0
36.0,46.0,18.0,518.0
38.0,46.0,18.0,518.0
40.0,46.0,18.0,518.0
42.0,46.0,18.0,518.0
44.0,46.0,18.0,518.0
46.0,46.0,18.0,518.0
-48.0,48.0,18.0,361.0
-46.0,48.0,18.0,361.0
-44.0,48.0,18.0,361.0
-42.0,48.0,18.0,361.0
-40.0,48.0,18.0,62.0
-38.0,48.0,18.0,62.0
-36.0,48.0,18.0,62.0
-34.0,48.0,18.0,280.0
-32.0,48.0,18.0,280.0
-30.0,48.0,18.0,280.0
-28.0,48.0,18.0,280.0
-26.0,48.0,18.0,280.0
-24.0,48.0,18.0,280.0
-14.0,48.0,18.0,407.0
-12.0,48.0,18.0,407.0
-10.0,48.0,18.0,407.0
-8.0,48.0,18.0,407.0
-6.0,48.0,18.0,263.0
-4.0,48.0,18.0,263.0
-2.0,48.0,18.0,263.0
0.0,48.0,18.0,263.0
2.0,48.0,18.0,263.0
4.0,48.0,18.0,525.0
6.0,48.0,18.0,525.0
8.0,48.0,18.0,525.0
10.0,48.0,18.0,525.0
12.0,48.0,18.0,525.0
14.0,48.0,18.0,525.0
24.0,48.0,18.0,518.0
26.0,48.0,18.0,518.0
30.0,48.0,18.0,518.0
32.0,48.0,18.0,518.0
34.0,48.0,18.0,518.0
36.0,48.0,18.0,518.0
38.0,48.0,18.0,518.0
40.0,48.0,18.0,518.0
42.0,48.0,18.0,518.0
44.0,48.0,18.0,518.0
46.0,48.0,18.0,518.0
-46.0,50.0,18.0,361.0
-44.0,50.0,18.0,361.0
-42.0,50.0,18.0,361.0
-40.0,50.0,18.0,62.0
-38.0,50.0,18.0,62.0
-36.0,50.0,18.0,62.0
-34.0,50.0,18.0,280.0
-32.0,50.0,18.0,280.0
-30.0,50.0,18.0,280.0
-28.0,50.0,18.0,280.0
-26.0,50.0,18.0,280.0
-24.0,50.0,18.0,280.0
-14.0,50.0,18.0,407.0
-12.0,50.0,18.0,407.0
-10.0,50.0,18.0,407.0
-8.0,50.0,18.0,407.0
-6.0,50.0,18.0,407.0
-4.0,50.0,18.0,263.0
-2.0,50.0,18.0,263.0
0.0,50.0,18.0,263.0
2.0,50.0,18.0,525.0
4.0,50.0,18.0,525.0
6.0,50.0,18.0,525.0
8.0,50.0,18.0,525.0
10.0,50.0,18.0,525.0
12.0,50.0,18.0,525.0
22.0,50.0,18.0,525.0
24.0,50.0,18.0,365.0
26.0,50.0,18.0,365.0
30.0,50.0,18.0,365.0
32.0,50.0,18.0,365.0
34.0,50.0,18.0,518.0
36.0,50.0,18.0,518.0
38.0,50.0,18.0,518.0
40.0,50.0,18.0,518.0
42.0,50.0,18.0,518.0
44.0,50.0,18.0,518.0
-44.0,52.0,18.0,361.0
-42.0,52.0,18.0,361.0
-40.0,52.0,18.0,62.0
-38.0,52.0,18.0,62.0
-36.0,52.0,18.0,62.0
-34.0,52.0,18.0,280.0
-32.0,52.0,18.0,280.0
-30.0,52.0,18.0,280.0
-28.0,52.0,18.0,280.0
-26.0,52.0,18.0,280.0
-24.0,52.0,18.0,280.0
-12.0,52.0,18.0,407.0
-10.0,52.0,18.0,407.0
-8.0,52.0,18.0,407.0
-6.0,52.0,18.0,407.0
-4.0,52.0,18.0,263.0
-2.0,52.0,18.0,263.0
0.0,52.0,18.0,525.0
2.0,52.0,18.0,525.0
4.0,52.0,18.0,525.0
6.0,52.0,18.0,525.0
8.0,52.0,18.0,525.0
10.0,52.0,18.0,525.0
22.0,52.0,18.0,525.0
24.0,52.0,18.0,365.0
26.0,52.0,18.0,365.0
28.0,52.0,18.0,365.0
30.0,52.0,18.0,365.0
32.0,52.0,18.0,365.0
34.0,52.0,18.0,365.0
36.0,52.0,18.0,365.0
38.0,52.0,18.0,365.0
40.0,52.0,18.0,365.0
42.0,52.0,18.0,365.0
-44.0,54.0,18.0,361.0
-42.0,54.0,18.0,361.0
-40.0,54.0,18.0,62.0
-38.0,54.0,18.0,62.0
-36.0,54.0,18.0,62.0
-34.0,54.0,18.0,280.0
-32.0,54.0,18.0,280.0
-30.0,54.0,18.0,280.0
-28.0,54.0,18.0,280.0
-26.0,54.0,18.0,280.0
-24.0,54.0,18.0,280.0
-22.0,54.0,18.0,280.0
-12.0,54.0,18.0,378.0
-10.0,54.0,18.0,378.0
-8.0,54.0,18.0,378.0
-6.0,54.0,18.0,378.0
-4.0,54.0,18.0,378.0
-2.0,54.0,18.0,525.0
0.0,54.0,18.0,525.0
2.0,54.0,18.0,525.0
4.0,54.0,18.0,525.0
6.0,54.0,18.0,525.0
8.0,54.0,18.0,525.0
10.0,54.0,18.0,525.0
22.0,54.0,18.0,525.0
24.0,54.0,18.0,365.0
26.0,54.0,18.0,365.0
28.0,54.0,18.0,365.0
30.0,54.0,18.0,365.0
32.0,54.0,18.0,365.0
34.0,54.0,18.0,365.0
36.0,54.0,18.0,365.0
38.0,54.0,18.0,365.0
40.0,54.0,18.0,365.0
-42.0,56.0,18.0,300.0
-40.0,56.0,18.0,158.0
-38.0,56.0,18.0,158.0
-36.0,56.0,18.0,158.0
-34.0,56.0,18.0,158.0
-32.0,56.0,18.0,280.0
-30.0,56.0,18.0,280.0
-28.0,56.0,18.0,280.0
-26.0,56.0,18.0,280.0
-24.0,56.0,18.0,280.0
-22.0,56.0,18.0,280.0
-10.0,56.0,18.0,378.0
-8.0,56.0,18.0,378.0
-6.0,56.0,18.0,378.0
-4.0,56.0,18.0,378.0
-2.0,56.0,18.0,525.0
0.0,56.0,18.0,525.0
2.0,56.0,18.0,525.0
4.0,56.0,18.0,525.0
6.0,56.0,18.0,525.0
8.0,56.0,18.0,525.0
10.0,56.0,18.0,525.0
22.0,56.0,18.0,525.0
24.0,56.0,18.0,365.0
26.0,56.0,18.0,365.0
28.0,56.0,18.0,365.0
30.0,56.0,18.0,365.0
32.0,56.0,18.0,365.0
34.0,56.0,18.0,365.0
36.0,56.0,18.0,365.0
38.0,56.0,18.0,365.0
-40.0,58.0,18.0,158.0
-38.0,58.0,18.0,158.0
-36.0,58.0,18.0,158.0
-34.0,58.0,18.0,158.0
-32.0,58.0,18.0,280.0
-30.0,58.0,18.0,280.0
-28.0,58.0,18.0,280.0
-26.0,58.0,18.0,280.0
-24.0,58.0,18.0,280.0
-22.0,58.0,18.0,280.0
-20.0,58.0,18.0,280.0
-10.0,58.0,18.0,378.0
-8.0,58.0,18.0,378.0
-6.0,58.0,18.0,378.0
-4.0,58.0,18.0,378.0
-2.0,58.0,18.0,378.0
2.0,58.0,18.0,525.0
4.0,58.0,18.0,525.0
6.0,58.0,18.0,525.0
8.0,58.0,18.0,525.0
10.0,58.0,18.0,525.0
22.0,58.0,18.0,390.0
24.0,58.0,18.0,365.0
26.0,58.0,18.0,365.0
28.0,58.0,18.0,365.0
30.0,58.0,18.0,365.0
32.0,58.0,18.0,365.0
34.0,58.0,18.0,365.0
36.0,58.0,18.0,365.0
-38.0,60.0,18.0,158.0
-36.0,60.0,18.0,158.0
-34.0,60.0,18.0,158.0
-32.0,60.0,18.0,4.0
-30.0,60.0,18.0,4.0
-28.0,60.0,18.0,4.0
-26.0,60.0,18.0,4.0
-24.0,60.0,18.0,4.0
-22.0,60.0,18.0,4.0
-20.0,60.0,18.0,30.0
-18.0,60.0,18.0,30.0
-16.0,60.0,18.0,30.0
-10.0,60.0,18.0,378.0
-8.0,60.0,18.0,378.0
-6.0,60.0,18.0,378.0
-4.0,60.0,18.0,378.0
-2.0,60.0,18.0,378.0
2.0,60.0,18.0,251.0
4.0,60.0,18.0,251.0
6.0,60.0,18.0,251.0
8.0,60.0,18.0,251.0
10.0,60.0,18.0,251.0
12.0,60.0,18.0,251.0
18.0,60.0,18.0,390.0
20.0,60.0,18.0,390.0
22.0,60.0,18.0,390.0
24.0,60.0,18.0,97.0
26.0,60.0,18.0,365.0
28.0,60.0,18.0,365.0
30.0,60.0,18.0,365.0
32.0,60.0,18.0,365.0
34.0,60.0,18.0,365.0
-34.0,62.0,18.0,158.0
-32.0,62.0,18.0,4.0
-30.0,62.0,18.0,4.0
-28.0,62.0,18.0,4.0
-26.0,62.0,18.0,4.0
-24.0,62.0,18.0,4.0
-22.0,62.0,18.0,4.0
-20.0,62.0,18.0,30.0
-18.0,62.0,18.0,30.0
-16.0,62.0,18.0,305.0
-14.0,62.0,18.0,305.0
-10.0,62.0,18.0,305.0
-8.0,62.0,18.0,378.0
-6.0,62.0,18.0,378.0
-4.0,62.0,18.0,378.0
-2.0,62.0,18.0,251.0
2.0,62.0,18.0,251.0
4.0,62.0,18.0,251.0
6.0,62.0,18.0,251.0
8.0,62.0,18.0,251.0
10.0,62.0,18.0,251.0
12.0,62.0,18.0,251.0
16.0,62.0,18.0,251.0
18.0,62.0,18.0,390.0
20.0,62.0,18.0,390.0
22.0,62.0,18.0,390.0
24.0,62.0,18.0,97.0
26.0,62.0,18.0,97.0
28.0,62.0,18.0,365.0
30.0,62.0,18.0,365.0
-30.0,64.0,18.0,4.0
-28.0,64.0,18.0,4.0
-26.0,64.0,18.0,4.0
-24.0,64.0,18.0,4.0
-22.0,64.0,18.0,30.0
-20.0,64.0,18.0,30.0
-18.0,64.0,18.0,30.0
-16.0,64.0,18.0,305.0
-14.0,64.0,18.0,305.0
-12.0,64.0,18.0,305.0
-10.0,64.0,18.0,305.0
-8.0,64.0,18.0,305.0
-6.0,64.0,18.0,305.0
-4.0,64.0,18.0,378.0
-2.0,64.0,18.0,251.0
2.0,64.0,18.0,251.0
4.0,64.0,18.0,251.0
6.0,64.0,18.0,251.0
8.0,64.0,18.0,251.0
10.0,64.0,18.0,251.0
12.0,64.0,18.0,251.0
14.0,64.0,18.0,251.0
16.0,64.0,18.0,251.0
18.0,64.0,18.0,390.0
20.0,64.0,18.0,390.0
22.0,64.0,18.0,390.0
24.0,64.0,18.0,97.0
26.0,64.0,18.0,97.0
28.0,64.0,18.0,97.0
-28.0,66.0,18.0,4.0
-26.0,66.0,18.0,4.0
-24.0,66.0,18.0,4.0
-22.0,66.0,18.0,30.0
-20.0,66.0,18.0,30.0
-18.0,66.0,18.0,305.0
-16.0,66.0,18.0,305.0
-14.0,66.0,18.0,305.0
-12.0,66.0,18.0,305.0
-10.0,66.0,18.0,305.0
-8.0,66.0,18.0,305.0
-6.0,66.0,18.0,305.0
-4.0,66.0,18.0,305.0
-2.0,66.0,18.0,251.0
2.0,66.0,18.0,251.0
4.0,66.0,18.0,251.0
6.0,66.0,18.0,251.0
8.0,66.0,18.0,251.0
10.0,66.0,18.0,251.0
12.0,66.0,18.0,251.0
14.0,66.0,18.0,251.0
16.0,66.0,18.0,251.0
18.0,66.0,18.0,251.0
20.0,66.0,18.0,390.0
22.0,66.0,18.0,390.0
24.0,66.0,18.0,97.0
-24.0,68.0,18.0,30.0
-22.0,68.0,18.0,30.0
-20.0,68.0,18.0,30.0
-18.0,68.0,18.0,305.0
-16.0,68.0,18.0,305.0
-14.0,68.0,18.0,305.0
-12.0,68.0,18.0,305.0
-10.0,68.0,18.0,305.0
-8.0,68.0,18.0,305.0
-6.0,68.0,18.0,305.0
-4.0,68.0,18.0,305.0
-2.0,68.0,18.0,251.0
4.0,68.0,18.0,251.0
6.0,68.0,18.0,251.0
8.0,68.0,18.0,251.0
10.0,68.0,18.0,251.0
12.0,68.0,18.0,251.0
14.0,68.0,18.0,251.0
16.0,68.0,18.0,251.0
18.0,68.0,18.0,251.0
20.0,68.0,18.0,390.0
-18.0,70.0,18.0,305.0
-16.0,70.0,18.0,305.0
-14.0,70.0,18.0,305.0
-12.0,70.0,18.0,305.0
-10.0,70.0,18.0,305.0
-8.0,70.0,18.0,305.0
-6.0,70.0,18.0,305.0
6.0,70.0,18.0,251.0
8.0,70.0,18.0,251.0
10.0,70.0,18.0,251.0
12.0,70.0,18.0,251.0
14.0,70.0,18.0,251.0
-18.0,-100.0,20.0,247.0
-16.0,-100.0,20.0,247.0
-14.0,-100.0,20.0,247.0
-12.0,-100.0,20.0,247.0
4.0,-100.0,20.0,222.0
6.0,-100.0,20.0,222.0
8.0,-100.0,20.0,139.0
10.0,-100.0,20.0,139.0
12.0,-100.0,20.0,139.0
14.0,-100.0,20.0,139.0
16.0,-100.0,20.0,139.0
-24.0,-98.0,20.0,247.0
-22.0,-98.0,20.0,247.0
-20.0,-98.0,20.0,247.0
-18.0,-98.0,20.0,247.0
-16.0,-98.0,20.0,247.0
-14.0,-98.0,20.0,247.0
-12.0,-98.0,20.0,247.0
-10.0,-98.0,20.0,420.0
2.0,-98.0,20.0,461.0
4.0,-98.0,20.0,222.0
6.0,-98.0,20.0,222.0
8.0,-98.0,20.0,139.0
10.0,-98.0,20.0,139.0
12.0,-98.0,20.0,139.0
14.0,-98.0,20.0,139.0
16.0,-98.0,20.0,139.0
18.0,-98.0,20.0,139.0
20.0,-98.0,20.0,139.0
22.0,-98.0,20.0,139.0
24.0,-98.0,20.0,139.0
-28.0,-96.0,20.0,367.0
-26.0,-96.0,20.0,247.0
-24.0,-96.0,20.0,247.0
-22.0,-96.0,20.0,247.0
-20.0,-96.0,20.0,247.0
-18.0,-96.0,20.0,247.0
-16.0,-96.0,20.0,247.0
-14.0,-96.0,20.0,247.0
-12.0,-96.0,20.0,247.0
-10.0,-96.0,20.0,420.0
-8.0,-96.0,20.0,420.0
0.0,-96.0,20.0,461.0
2.0,-96.0,20.0,461.0
4.0,-96.0,20.0,461.0
6.0,-96.0,20.0,222.0
8.0,-96.0,20.0,139.0
10.0,-96.0,20.0,139.0
12.0,-96.0,20.0,139.0
14.0,-96.0,20.0,139.0
16.0,-96.0,20.0,139.0
18.0,-96.0,20.0,139.0
20.0,-96.0,20.0,139.0
22.0,-96.0,20.0,139.0
24.0,-96.0,20.0,139.0
26.0,-96.0,20.0,139.0
28.0,-96.0,20.0,366.0
-30.0,-94.0,20.0,367.0
-28.0,-94.0,20.0,367.0
-26.0,-94.0,20.0,247.0
-24.0,-94.0,20.0,247.0
-22.0,-94.0,20.0,247.0
-20.0,-94.0,20.0,247.0
-18.0,-94.0,20.0,247.0
-16.0,-94.0,20.0,247.0
-14.0,-94.0,20.0,247.0
-12.0,-94.0,20.0,420.0
-10.0,-94.0,20.0,420.0
-8.0,-94.0,20.0,420.0
-6.0,-94.0,20.0,461.0
-2.0,-94.0,20.0,461.0
0.0,-94.0,20.0,461.0
2.0,-94.0,20.0,461.0
4.0,-94.0,20.0,461.0
6.0,-94.0,20.0,461.0
8.0,-94.0,20.0,222.0
10.0,-94.0,20.0,139.0
12.0,-94.0,20.0,139.0
14.0,-94.0,20.0,139.0
16.0,-94.0,20.0,139.0
18.0,-94.0,20.0,139.0
20.0,-94.0,20.0,139.0
22.0,-94.0,20.0,139.0
24.0,-94.0,20.0,139.0
26.0,-94.0,20.0,366.0
28.0,-94.0,20.0,366.0
30.0,-94.0,20.0,366.0
32.0,-94.0,20.0,366.0
-32.0,-92.0,20.0,279.0
-30.0,-92.0,20.0,367.0
-28.0,-92.0,20.0,367.0
-26.0,-92.0,20.0,247.0
-24.0,-92.0,20.0,247.0
-22.0,-92.0,20.0,247.0
-20.0,-92.0,20.0,247.0
-18.0,-92.0,20.0,247.0
-16.0,-92.0,20.0,247.0
-14.0,-92.0,20.0,247.0
-12.0,-92.0,20.0,420.0
-10.0,-92.0,20.0,420.0
-8.0,-92.0,20.0,461.0
-6.0,-92.0,20.0,461.0
-4.0,-92.0,20.0,461.0
-2.0,-92.0,20.0,461.0
0.0,-92.0,20.0,461.0
2.0,-92.0,20.0,461.0
4.0,-92.0,20.0,461.0
6.0,-92.0,20.0,461.0
8.0,-92.0,20.0,222.0
10.0,-92.0,20.0,139.0
12.0,-92.0,20.0,139.0
14.0,-92.0,20.0,139.0
16.0,-92.0,20.0,139.0
18.0,-92.0,20.0,139.0
20.0,-92.0,20.0,139.0
22.0,-92.0,20.0,139.0
24.0,-92.0,20.0,366.0
26.0,-92.0,20.0,366.0
28.0,-92.0,20.0,366.0
30.0,-92.0,20.0,366.0
32.0,-92.0,20.0,366.0
34.0,-92.0,20.0,366.0
-36.0,-90.0,20.0,279.0
-34.0,-90.0,20.0,279.0
-32.0,-90.0,20.0,279.0
-30.0,-90.0,20.0,279.0
-28.0,-90.0,20.0,279.0
-26.0,-90.0,20.0,247.0
-24.0,-90.0,20.0,247.0
-22.0,-90.0,20.0,247.0
-20.0,-90.0,20.0,247.0
-18.0,-90.0,20.0,247.0
-16.0,-90.0,20.0,247.0
-14.0,-90.0,20.0,247.0
-12.0,-90.0,20.0,420.0
-10.0,-90.0,20.0,461.0
-8.0,-90.0,20.0,461.0
-6.0,-90.0,20.0,461.0
-4.0,-90.0,20.0,461.0
-2.0,-90.0,20.0,461.0
0.0,-90.0,20.0,461.0
2.0,-90.0,20.0,461.0
4.0,-90.0,20.0,461.0
6.0,-90.0,20.0,461.0
8.0,-90.0,20.0,461.0
10.0,-90.0,20.0,139.0
12.0,-90.0,20.0,139.0
14.0,-90.0,20.0,139.0
16.0,-90.0,20.0,139.0
18.0,-90.0,20.0,139.0
20.0,-90.0,20.0,139.0
22.0,-90.0,20.0,139.0
24.0,-90.0,20.0,366.0
26.0,-90.0,20.0,366.0
28.0,-90.0,20.0,366.0
30.0,-90.0,20.0,366.0
32.0,-90.0,20.0,366.0
34.0,-90.0,20.0,366.0
36.0,-90.0,20.0,366.0
38.0,-90.0,20.0,366.0
-38.0,-88.0,20.0,279.0
-36.0,-88.0,20.0,279.0
-34.0,-88.0,20.0,279.0
-32.0,-88.0,20.0,279.0
-30.0,-88.0,20.0,279.0
-28.0,-88.0,20.0,454.0
-26.0,-88.0,20.0,454.0
-24.0,-88.0,20.0,454.0
-22.0,-88.0,20.0,247.0
-20.0,-88.0,20.0,247.0
-18.0,-88.0,20.0,247.0
-16.0,-88.0,20.0,247.0
-14.0,-88.0,20.0,247.0
-12.0,-88.0,20.0,461.0
-10.0,-88.0,20.0,461.0
-8.0,-88.0,20.0,461.0
-6.0,-88.0,20.0,461.0
-4.0,-88.0,20.0,461.0
-2.0,-88.0,20.0,461.0
0.0,-88.0,20.0,461.0
2.0,-88.0,20.0,461.0
4.0,-88.0,20.0,461.0
6.0,-88.0,20.0,461.0
8.0,-88.0,20.0,461.0
10.0,-88.0,20.0,461.0
12.0,-88.0,20.0,139.0
14.0,-88.0,20.0,139.0
16.0,-88.0,20.0,139.0
18.0,-88.0,20.0,139.0
20.0,-88.0,20.0,139.0
22.0,-88.0,20.0,366.0
24.0,-88.0,20.0,366.0
26.0,-88.0,20.0,366.0
28.0,-88.0,20.0,366.0
30.0,-88.0,20.0,366.0
32.0,-88.0,20.0,366.0
34.0,-88.0,20.0,366.0
36.0,-88.0,20.0,366.0
38.0,-88.0,20.0,366.0
40.0,-88.0,20.0,534.0
42.0,-88.0,20.0,548.0
-38.0,-86.0,20.0,279.0
-36.0,-86.0,20.0,279.0
-34.0,-86.0,20.0,279.0
-32.0,-86.0,20.0,279.0
-30.0,-86.0,20.0,454.0
-28.0,-86.0,20.0,454.0
-26.0,-86.0,20.0,454.0
-24.0,-86.0,20.0,454.0
-22.0,-86.0,20.0,454.0
-20.0,-86.0,20.0,454.0
-18.0,-86.0,20.0,247.0
-16.0,-86.0,20.0,247.0
-14.0,-86.0,20.0,461.0
-12.0,-86.0,20.0,461.0
-10.0,-86.0,20.0,461.0
-8.0,-86.0,20.0,461.0
-6.0,-86.0,20.0,461.0
-4.0,-86.0,20.0,461.0
-2.0,-86.0,20.0,461.0
0.0,-86.0,20.0,461.0
2.0,-86.0,20.0,461.0
4.0,-86.0,20.0,461.0
6.0,-86.0,20.0,461.0
8.0,-86.0,20.0,461.0
10.0,-86.0,20.0,461.0
12.0,-86.0,20.0,139.0
14.0,-86.0,20.0,139.0
16.0,-86.0,20.0,139.0
18.0,-86.0,20.0,139.0
20.0,-86.0,20.0,366.0
22.0,-86.0,20.0,366.0
24.0,-86.0,20.0,366.0
26.0,-86.0,20.0,366.0
28.0,-86.0,20.0,366.0
30.0,-86.0,20.0,366.0
32.0,-86.0,20.0,366.0
34.0,-86.0,20.0,366.0
36.0,-86.0,20.0,534.0
38.0,-86.0,20.0,534.0
40.0,-86.0,20.0,534.0
42.0,-86.0,20.0,99.0
44.0,-86.0,20.0,99.0
-42.0,-84.0,20.0,279.0
-40.0,-84.0,20.0,279.0
-38.0,-84.0,20.0,279.0
-36.0,-84.0,20.0,279.0
-34.0,-84.0,20.0,279.0
-32.0,-84.0,20.0,454.0
-30.0,-84.0,20.0,454.0
-28.0,-84.0,20.0,454.0
-26.0,-84.0,20.0,454.0
-24.0,-84.0,20.0,454.0
-22.0,-84.0,20.0,454.0
-20.0,-84.0,20.0,454.0
-18.0,-84.0,20.0,454.0
-16.0,-84.0,20.0,454.0
-14.0,-84.0,20.0,461.0
-12.0,-84.0,20.0,461.0
-10.0,-84.0,20.0,461.0
-8.0,-84.0,20.0,461.0
-6.0,-84.0,20.0,461.0
-4.0,-84.0,20.0,461.0
-2.0,-84.0,20.0,461.0
0.0,-84.0,20.0,461.0
2.0,-84.0,20.0,461.0
4.0,-84.0,20.0,461.0
6.0,-84.0,20.0,461.0
8.0,-84.0,20.0,461.0
10.0,-84.0,20.0,461.0
12.0,-84.0,20.0,461.0
14.0,-84.0,20.0,139.0
16.0,-84.0,20.0,139.0
18.0,-84.0,20.0,139.0
20.0,-84.0,20.0,366.0
22.0,-84.0,20.0,366.0
24.0,-84.0,20.0,366.0
26.0,-84.0,20.0,366.0
28.0,-84.0,20.0,366.0
30.0,-84.0,20.0,366.0
32.0,-84.0,20.0,534.0
34.0,-84.0,20.0,534.0
36.0,-84.0,20.0,534.0
38.0,-84.0,20.0,534.0
40.0,-84.0,20.0,534.0
42.0,-84.0,20.0,99.0
44.0,-84.0,20.0,99.0
46.0,-84.0,20.0,99.0
-42.0,-82.0,20.0,279.0
-40.0,-82.0,20.0,279.0
-38.0,-82.0,20.0,279.0
-36.0,-82.0,20.0,279.0
-34.0,-82.0,20.0,454.0
-32.0,-82.0,20.0,454.0
-30.0,-82.0,20.0,454.0
-28.0,-82.0,20.0,454.0
-22.0,-82.0,20.0,454.0
-20.0,-82.0,20.0,454.0
-18.0,-82.0,20.0,454.0
-16.0,-82.0,20.0,454.0
-14.0,-82.0,20.0,349.0
-10.0,-82.0,20.0,461.0
-8.0,-82.0,20.0,461.0
-6.0,-82.0,20.0,461.0
-4.0,-82.0,20.0,461.0
-2.0,-82.0,20.0,461.0
0.0,-82.0,20.0,461.0
2.0,-82.0,20.0,461.0
4.0,-82.0,20.0,461.0
6.0,-82.0,20.0,461.0
8.0,-82.0,20.0,461.0
10.0,-82.0,20.0,461.0
12.0,-82.0,20.0,461.0
14.0,-82.0,20.0,139.0
16.0,-82.0,20.0,139.0
18.0,-82.0,20.0,366.0
20.0,-82.0,20.0,366.0
22.0,-82.0,20.0,366.0
24.0,-82.0,20.0,366.0
26.0,-82.0,20.0,366.0
28.0,-82.0,20.0,534.0
30.0,-82.0,20.0,534.0
32.0,-82.0,20.0,534.0
34.0,-82.0,20.0,534.0
36.0,-82.0,20.0,534.0
38.0,-82.0,20.0,534.0
40.0,-82.0,20.0,534.0
42.0,-82.0,20.0,99.0
44.0,-82.0,20.0,99.0
46.0,-82.0,20.0,99.0
48.0,-82.0,20.0,99.0
-42.0,-80.0,20.0,423.0
-40.0,-80.0,20.0,423.0
-38.0,-80.0,20.0,423.0
-36.0,-80.0,20.0,454.0
-34.0,-80.0,20.0,454.0
-32.0,-80.0,20.0,454.0
-30.0,-80.0,20.0,454.0
-28.0,-80.0,20.0,454.0
-18.0,-80.0,20.0,454.0
-16.0,-80.0,20.0,349.0
-10.0,-80.0,20.0,461.0
-8.0,-80.0,20.0,461.0
-6.0,-80.0,20.0,461.0
-4.0,-80.0,20.0,461.0
-2.0,-80.0,20.0,461.0
0.0,-80.0,20.0,461.0
2.0,-80.0,20.0,461.0
4.0,-80.0,20.0,461.0
6.0,-80.0,20.0,461.0
8.0,-80.0,20.0,578.0
10.0,-80.0,20.0,578.0
12.0,-80.0,20.0,578.0
14.0,-80.0,20.0,578.0
16.0,-80.0,20.0,366.0
18.0,-80.0,20.0,366.0
20.0,-80.0,20.0,366.0
22.0,-80.0,20.0,366.0
24.0,-80.0,20.0,534.0
26.0,-80.0,20.0,534.0
28.0,-80.0,20.0,534.0
30.0,-80.0,20.0,534.0
32.0,-80.0,20.0,534.0
34.0,-80.0,20.0,534.0
36.0,-80.0,20.0,534.0
38.0,-80.0,20.0,534.0
40.0,-80.0,20.0,100.0
42.0,-80.0,20.0,99.0
44.0,-80.0,20.0,99.0
46.0,-80.0,20.0,99.0
48.0,-80.0,20.0,99.0
-48.0,-78.0,20.0,595.0
-46.0,-78.0,20.0,423.0
-40.0,-78.0,20.0,423.0
-38.0,-78.0,20.0,423.0
-36.0,-78.0,20.0,423.0
-34.0,-78.0,20.0,454.0
-32.0,-78.0,20.0,454.0
-30.0,-78.0,20.0,454.0
-12.0,-78.0,20.0,349.0
-10.0,-78.0,20.0,349.0
-8.0,-78.0,20.0,349.0
-6.0,-78.0,20.0,461.0
-4.0,-78.0,20.0,461.0
-2.0,-78.0,20.0,461.0
0.0,-78.0,20.0,578.0
2.0,-78.0,20.0,578.0
4.0,-78.0,20.0,578.0
6.0,-78.0,20.0,578.0
8.0,-78.0,20.0,578.0
10.0,-78.0,20.0,578.0
12.0,-78.0,20.0,578.0
14.0,-78.0,20.0,578.0
16.0,-78.0,20.0,578.0
18.0,-78.0,20.0,366.0
20.0,-78.0,20.0,534.0
22.0,-78.0,20.0,534.0
24.0,-78.0,20.0,534.0
26.0,-78.0,20.0,534.0
28.0,-78.0,20.0,534.0
34.0,-78.0,20.0,534.0
36.0,-78.0,20.0,534.0
38.0,-78.0,20.0,534.0
40.0,-78.0,20.0,413.0
42.0,-78.0,20.0,99.0
44.0,-78.0,20.0,99.0
46.0,-78.0,20.0,99.0
48.0,-78.0,20.0,99.0
50.0,-78.0,20.0,99.0
52.0,-78.0,20.0,99.0
-50.0,-76.0,20.0,595.0
-48.0,-76.0,20.0,595.0
-46.0,-76.0,20.0,423.0
-44.0,-76.0,20.0,423.0
-40.0,-76.0,20.0,423.0
-38.0,-76.0,20.0,423.0
-36.0,-76.0,20.0,423.0
-34.0,-76.0,20.0,423.0
-32.0,-76.0,20.0,454.0
-30.0,-76.0,20.0,454.0
-28.0,-76.0,20.0,454.0
-14.0,-76.0,20.0,349.0
-12.0,-76.0,20.0,349.0
-10.0,-76.0,20.0,349.0
-8.0,-76.0,20.0,349.0
-6.0,-76.0,20.0,349.0
-4.0,-76.0,20.0,578.0
-2.0,-76.0,20.0,578.0
0.0,-76.0,20.0,578.0
2.0,-76.0,20.0,578.0
4.0,-76.0,20.0,578.0
6.0,-76.0,20.0,578.0
8.0,-76.0,20.0,578.0
10.0,-76.0,20.0,578.0
12.0,-76.0,20.0,578.0
14.0,-76.0,20.0,578.0
16.0,-76.0,20.0,578.0
18.0,-76.0,20.0,537.0
20.0,-76.0,20.0,537.0
22.0,-76.0,20.0,537.0
24.0,-76.0,20.0,537.0
26.0,-76.0,20.0,537.0
28.0,-76.0,20.0,537.0
30.0,-76.0,20.0,537.0
34.0,-76.0,20.0,537.0
36.0,-76.0,20.0,537.0
38.0,-76.0,20.0,537.0
40.0,-76.0,20.0,413.0
42.0,-76.0,20.0,99.0
44.0,-76.0,20.0,99.0
46.0,-76.0,20.0,99.0
48.0,-76.0,20.0,99.0
50.0,-76.0,20.0,99.0
52.0,-76.0,20.0,99.0
-52.0,-74.0,20.0,595.0
-50.0,-74.0,20.0,595.0
-48.0,-74.0,20.0,595.0
-46.0,-74.0,20.0,423.0
-44.0,-74.0,20.0,423.0
-42.0,-74.0,20.0,423.0
-40.0,-74.0,20.0,423.0
-38.0,-74.0,20.0,423.0
-36.0,-74.0,20.0,423.0
-34.0,-74.0,20.0,423.0
-32.0,-74.0,20.0,423.0
-30.0,-74.0,20.0,454.0
-28.0,-74.0,20.0,454.0
-20.0,-74.0,20.0,349.0
-16.0,-74.0,20.0,349.0
-14.0,-74.0,20.0,349.0
-12.0,-74.0,20.0,349.0
-10.0,-74.0,20.0,349.0
-8.0,-74.0,20.0,349.0
-6.0,-74.0,20.0,349.0
-4.0,-74.0,20.0,578.0
-2.0,-74.0,20.0,578.0
0.0,-74.0,20.0,578.0
2.0,-74.0,20.0,578.0
4.0,-74.0,20.0,578.0
6.0,-74.0,20.0,578.0
8.0,-74.0,20.0,578.0
10.0,-74.0,20.0,578.0
12.0,-74.0,20.0,578.0
14.0,-74.0,20.0,578.0
16.0,-74.0,20.0,578.0
18.0,-74.0,20.0,537.0
20.0,-74.0,20.0,537.0
22.0,-74.0,20.0,537.0
24.0,-74.0,20.0,537.0
26.0,-74.0,20.0,537.0
28.0,-74.0,20.0,537.0
30.0,-74.0,20.0,537.0
32.0,-74.0,20.0,537.0
34.0,-74.0,20.0,537.0
36.0,-74.0,20.0,537.0
38.0,-74.0,20.0,537.0
40.0,-74.0,20.0,413.0
42.0,-74.0,20.0,413.0
44.0,-74.0,20.0,99.0
46.0,-74.0,20.0,99.0
48.0,-74.0,20.0,99.0
50.0,-74.0,20.0,99.0
52.0,-74.0,20.0,99.0
54.0,-74.0,20.0,99.0
-52.0,-72.0,20.0,595.0
-50.0,-72.0,20.0,595.0
-48.0,-72.0,20.0,595.0
-46.0,-72.0,20.0,570.0
-44.0,-72.0,20.0,423.0
-42.0,-72.0,20.0,423.0
-38.0,-72.0,20.0,423.0
-36.0,-72.0,20.0,423.0
-34.0,-72.0,20.0,423.0
-32.0,-72.0,20.0,423.0
-30.0,-72.0,20.0,423.0
-28.0,-72.0,20.0,454.0
-22.0,-72.0,20.0,349.0
-20.0,-72.0,20.0,349.0
-18.0,-72.0,20.0,349.0
-14.0,-72.0,20.0,349.0
-12.0,-72.0,20.0,349.0
-10.0,-72.0,20.0,349.0
-8.0,-72.0,20.0,349.0
-6.0,-72.0,20.0,349.0
-4.0,-72.0,20.0,578.0
-2.0,-72.0,20.0,578.0
0.0,-72.0,20.0,578.0
2.0,-72.0,20.0,578.0
4.0,-72.0,20.0,578.0
6.0,-72.0,20.0,578.0
8.0,-72.0,20.0,578.0
10.0,-72.0,20.0,578.0
12.0,-72.0,20.0,578.0
14.0,-72.0,20.0,578.0
16.0,-72.0,20.0,578.0
18.0,-72.0,20.0,352.0
20.0,-72.0,20.0,537.0
24.0,-72.0,20.0,537.0
26.0,-72.0,20.0,537.0
28.0,-72.0,20.0,537.0
30.0,-72.0,20.0,537.0
34.0,-72.0,20.0,537.0
36.0,-72.0,20.0,537.0
38.0,-72.0,20.0,537.0
40.0,-72.0,20.0,413.0
42.0,-72.0,20.0,413.0
44.0,-72.0,20.0,99.0
46.0,-72.0,20.0,99.0
48.0,-72.0,20.0,99.0
50.0,-72.0,20.0,99.0
52.0,-72.0,20.0,99.0
-56.0,-70.0,20.0,584.0
-54.0,-70.0,20.0,584.0
-52.0,-70.0,20.0,595.0
-50.0,-70.0,20.0,595.0
-48.0,-70.0,20.0,595.0
-46.0,-70.0,20.0,570.0
-44.0,-70.0,20.0,570.0
-42.0,-70.0,20.0,423.0
-36.0,-70.0,20.0,423.0
-34.0,-70.0,20.0,423.0
-32.0,-70.0,20.0,423.0
-22.0,-70.0,20.0,349.0
-20.0,-70.0,20.0,349.0
-18.0,-70.0,20.0,349.0
-16.0,-70.0,20.0,349.0
-14.0,-70.0,20.0,349.0
-12.0,-70.0,20.0,349.0
-10.0,-70.0,20.0,349.0
-8.0,-70.0,20.0,349.0
-6.0,-70.0,20.0,349.0
-4.0,-70.0,20.0,578.0
-2.0,-70.0,20.0,578.0
0.0,-70.0,20.0,578.0
2.0,-70.0,20.0,578.0
4.0,-70.0,20.0,578.0
6.0,-70.0,20.0,578.0
8.0,-70.0,20.0,578.0
10.0,-70.0,20.0,578.0
12.0,-70.0,20.0,578.0
14.0,-70.0,20.0,578.0
16.0,-70.0,20.0,578.0
18.0,-70.0,20.0,352.0
24.0,-70.0,20.0,537.0
26.0,-70.0,20.0,537.0
28.0,-70.0,20.0,537.0
30.0,-70.0,20.0,537.0
34.0,-70.0,20.0,537.0
36.0,-70.0,20.0,537.0
38.0,-70.0,20.0,537.0
40.0,-70.0,20.0,537.0
42.0,-70.0,20.0,413.0
44.0,-70.0,20.0,413.0
46.0,-70.0,20.0,99.0
48.0,-70.0,20.0,99.0
50.0,-70.0,20.0,99.0
52.0,-70.0,20.0,99.0
54.0,-70.0,20.0,309.0
56.0,-70.0,20.0,370.0
-58.0,-68.0,20.0,584.0
-56.0,-68.0,20.0,584.0
-54.0,-68.0,20.0,584.0
-52.0,-68.0,20.0,584.0
-50.0,-68.0,20.0,595.0
-48.0,-68.0,20.0,570.0
-46.0,-68.0,20.0,570.0
-44.0,-68.0,20.0,570.0
-42.0,-68.0,20.0,423.0
-36.0,-68.0,20.0,541.0
-34.0,-68.0,20.0,541.0
-22.0,-68.0,20.0,583.0
-20.0,-68.0,20.0,583.0
-18.0,-68.0,20.0,349.0
-16.0,-68.0,20.0,349.0
-14.0,-68.0,20.0,349.0
-12.0,-68.0,20.0,349.0
-10.0,-68.0,20.0,349.0
-8.0,-68.0,20.0,349.0
-6.0,-68.0,20.0,118.0
-4.0,-68.0,20.0,118.0
0.0,-68.0,20.0,578.0
2.0,-68.0,20.0,578.0
4.0,-68.0,20.0,578.0
6.0,-68.0,20.0,578.0
10.0,-68.0,20.0,578.0
12.0,-68.0,20.0,243.0
26.0,-68.0,20.0,537.0
28.0,-68.0,20.0,537.0
36.0,-68.0,20.0,537.0
38.0,-68.0,20.0,537.0
40.0,-68.0,20.0,537.0
42.0,-68.0,20.0,413.0
44.0,-68.0,20.0,309.0
46.0,-68.0,20.0,309.0
48.0,-68.0,20.0,309.0
50.0,-68.0,20.0,309.0
52.0,-68.0,20.0,309.0
54.0,-68.0,20.0,309.0
56.0,-68.0,20.0,309.0
-58.0,-66.0,20.0,584.0
-56.0,-66.0,20.0,584.0
-54.0,-66.0,20.0,584.0
-52.0,-66.0,20.0,584.0
-50.0,-66.0,20.0,584.0
-48.0,-66.0,20.0,299.0
-46.0,-66.0,20.0,299.0
-44.0,-66.0,20.0,299.0
-42.0,-66.0,20.0,299.0
-34.0,-66.0,20.0,541.0
-24.0,-66.0,20.0,583.0
-22.0,-66.0,20.0,583.0
-20.0,-66.0,20.0,583.0
-18.0,-66.0,20.0,583.0
-16.0,-66.0,20.0,583.0
-14.0,-66.0,20.0,118.0
-12.0,-66.0,20.0,118.0
-10.0,-66.0,20.0,118.0
-8.0,-66.0,20.0,118.0
-6.0,-66.0,20.0,118.0
-4.0,-66.0,20.0,118.0
-2.0,-66.0,20.0,118.0
0.0,-66.0,20.0,578.0
2.0,-66.0,20.0,578.0
4.0,-66.0,20.0,578.0
6.0,-66.0,20.0,243.0
8.0,-66.0,20.0,243.0
10.0,-66.0,20.0,243.0
12.0,-66.0,20.0,243.0
14.0,-66.0,20.0,243.0
16.0,-66.0,20.0,469.0
18.0,-66.0,20.0,469.0
20.0,-66.0,20.0,469.0
22.0,-66.0,20.0,352.0
36.0,-66.0,20.0,537.0
38.0,-66.0,20.0,537.0
40.0,-66.0,20.0,572.0
42.0,-66.0,20.0,90.0
44.0,-66.0,20.0,309.0
46.0,-66.0,20.0,309.0
48.0,-66.0,20.0,309.0
50.0,-66.0,20.0,309.0
52.0,-66.0,20.0,309.0
54.0,-66.0,20.0,309.0
56.0,-66.0,20.0,309.0
58.0,-66.0,20.0,309.0
-60.0,-64.0,20.0,584.0
-58.0,-64.0,20.0,584.0
-56.0,-64.0,20.0,584.0
-54.0,-64.0,20.0,584.0
-52.0,-64.0,20.0,584.0
-50.0,-64.0,20.0,584.0
-48.0,-64.0,20.0,299.0
-46.0,-64.0,20.0,299.0
-44.0,-64.0,20.0,299.0
-42.0,-64.0,20.0,299.0
-24.0,-64.0,20.0,583.0
-22.0,-64.0,20.0,583.0
-20.0,-64.0,20.0,583.0
-18.0,-64.0,20.0,583.0
-16.0,-64.0,20.0,583.0
-14.0,-64.0,20.0,118.0
-12.0,-64.0,20.0,118.0
-10.0,-64.0,20.0,118.0
-8.0,-64.0,20.0,118.0
-6.0,-64.0,20.0,118.0
-4.0,-64.0,20.0,118.0
-2.0,-64.0,20.0,118.0
0.0,-64.0,20.0,243.0
2.0,-64.0,20.0,243.0
4.0,-64.0,20.0,243.0
6.0,-64.0,20.0,243.0
8.0,-64.0,20.0,243.0
10.0,-64.0,20.0,243.0
12.0,-64.0,20.0,243.0
14.0,-64.0,20.0,469.0
16.0,-64.0,20.0,469.0
18.0,-64.0,20.0,469.0
20.0,-64.0,20.0,469.0
22.0,-64.0,20.0,469.0
36.0,-64.0,20.0,572.0
38.0,-64.0,20.0,572.0
40.0,-64.0,20.0,572.0
42.0,-64.0,20.0,190.0
44.0,-64.0,20.0,309.0
48.0,-64.0,20.0,309.0
50.0,-64.0,20.0,309.0
52.0,-64.0,20.0,309.0
54.0,-64.0,20.0,309.0
56.0,-64.0,20.0,309.0
58.0,-64.0,20.0,309.0
60.0,-64.0,20.0,203.0
-60.0,-62.0,20.0,584.0
-58.0,-62.0,20.0,584.0
-56.0,-62.0,20.0,584.0
-54.0,-62.0,20.0,584.0
-52.0,-62.0,20.0,584.0
-50.0,-62.0,20.0,584.0
-48.0,-62.0,20.0,299.0
-46.0,-62.0,20.0,299.0
-44.0,-62.0,20.0,299.0
-42.0,-62.0,20.0,299.0
-24.0,-62.0,20.0,583.0
-22.0,-62.0,20.0,583.0
-20.0,-62.0,20.0,583.0
-18.0,-62.0,20.0,583.0
-16.0,-62.0,20.0,583.0
-14.0,-62.0,20.0,118.0
-12.0,-62.0,20.0,118.0
-10.0,-62.0,20.0,118.0
-8.0,-62.0,20.0,118.0
-6.0,-62.0,20.0,118.0
-4.0,-62.0,20.0,118.0
-2.0,-62.0,20.0,118.0
0.0,-62.0,20.0,243.0
2.0,-62.0,20.0,243.0
4.0,-62.0,20.0,243.0
6.0,-62.0,20.0,243.0
8.0,-62.0,20.0,243.0
10.0,-62.0,20.0,243.0
12.0,-62.0,20.0,243.0
14.0,-62.0,20.0,469.0
16.0,-62.0,20.0,469.0
18.0,-62.0,20.0,469.0
20.0,-62.0,20.0,469.0
22.0,-62.0,20.0,469.0
36.0,-62.0,20.0,572.0
38.0,-62.0,20.0,572.0
40.0,-62.0,20.0,572.0
42.0,-62.0,20.0,190.0
48.0,-62.0,20.0,309.0
50.0,-62.0,20.0,309.0
52.0,-62.0,20.0,309.0
54.0,-62.0,20.0,309.0
56.0,-62.0,20.0,203.0
58.0,-62.0,20.0,203.0
60.0,-62.0,20.0,203.0
-62.0,-60.0,20.0,584.0
-60.0,-60.0,20.0,584.0
-58.0,-60.0,20.0,584.0
-56.0,-60.0,20.0,584.0
-54.0,-60.0,20.0,584.0
-52.0,-60.0,20.0,584.0
-50.0,-60.0,20.0,584.0
-48.0,-60.0,20.0,299.0
-46.0,-60.0,20.0,299.0
-44.0,-60.0,20.0,299.0
-42.0,-60.0,20.0,299.0
-26.0,-60.0,20.0,17.0
-24.0,-60.0,20.0,17.0
-22.0,-60.0,20.0,17.0
-20.0,-60.0,20.0,17.0
-18.0,-60.0,20.0,17.0
-16.0,-60.0,20.0,17.0
-14.0,-60.0,20.0,17.0
-12.0,-60.0,20.0,118.0
-10.0,-60.0,20.0,118.0
-8.0,-60.0,20.0,118.0
-6.0,-60.0,20.0,118.0
-4.0,-60.0,20.0,118.0
-2.0,-60.0,20.0,118.0
0.0,-60.0,20.0,243.0
2.0,-60.0,20.0,243.0
4.0,-60.0,20.0,243.0
6.0,-60.0,20.0,243.0
8.0,-60.0,20.0,243.0
10.0,-60.0,20.0,243.0
12.0,-60.0,20.0,469.0
14.0,-60.0,20.0,469.0
16.0,-60.0,20.0,469.0
18.0,-60.0,20.0,469.0
20.0,-60.0,20.0,469.0
22.0,-60.0,20.0,469.0
38.0,-60.0,20.0,572.0
40.0,-60.0,20.0,190.0
42.0,-60.0,20.0,190.0
46.0,-60.0,20.0,190.0
48.0,-60.0,20.0,190.0
50.0,-60.0,20.0,309.0
52.0,-60.0,20.0,203.0
54.0,-60.0,20.0,203.0
56.0,-60.0,20.0,203.0
58.0,-60.0,20.0,203.0
60.0,-60.0,20.0,203.0
62.0,-60.0,20.0,203.0
-62.0,-58.0,20.0,584.0
-60.0,-58.0,20.0,584.0
-58.0,-58.0,20.0,584.0
-56.0,-58.0,20.0,584.0
-54.0,-58.0,20.0,584.0
-52.0,-58.0,20.0,584.0
-50.0,-58.0,20.0,50.0
-48.0,-58.0,20.0,50.0
-46.0,-58.0,20.0,299.0
-44.0,-58.0,20.0,299.0
-26.0,-58.0,20.0,17.0
-24.0,-58.0,20.0,17.0
-22.0,-58.0,20.0,17.0
-20.0,-58.0,20.0,17.0
-18.0,-58.0,20.0,17.0
-16.0,-58.0,20.0,17.0
-14.0,-58.0,20.0,17.0
-12.0,-58.0,20.0,17.0
-10.0,-58.0,20.0,118.0
-8.0,-58.0,20.0,118.0
-6.0,-58.0,20.0,118.0
-4.0,-58.0,20.0,118.0
-2.0,-58.0,20.0,118.0
0.0,-58.0,20.0,243.0
2.0,-58.0,20.0,243.0
4.0,-58.0,20.0,243.0
6.0,-58.0,20.0,243.0
8.0,-58.0,20.0,243.0
10.0,-58.0,20.0,243.0
12.0,-58.0,20.0,469.0
14.0,-58.0,20.0,469.0
16.0,-58.0,20.0,469.0
18.0,-58.0,20.0,469.0
20.0,-58.0,20.0,469.0
44.0,-58.0,20.0,190.0
46.0,-58.0,20.0,190.0
48.0,-58.0,20.0,190.0
50.0,-58.0,20.0,190.0
52.0,-58.0,20.0,203.0
54.0,-58.0,20.0,203.0
56.0,-58.0,20.0,203.0
58.0,-58.0,20.0,203.0
60.0,-58.0,20.0,203.0
62.0,-58.0,20.0,203.0
-64.0,-56.0,20.0,42.0
-62.0,-56.0,20.0,42.0
-60.0,-56.0,20.0,42.0
-58.0,-56.0,20.0,42.0
-56.0,-56.0,20.0,50.0
-54.0,-56.0,20.0,50.0
-52.0,-56.0,20.0,50.0
-50.0,-56.0,20.0,50.0
-48.0,-56.0,20.0,50.0
-46.0,-56.0,20.0,50.0
-26.0,-56.0,20.0,17.0
-24.0,-56.0,20.0,17.0
-22.0,-56.0,20.0,17.0
-20.0,-56.0,20.0,17.0
-18.0,-56.0,20.0,17.0
-16.0,-56.0,20.0,17.0
-14.0,-56.0,20.0,17.0
-12.0,-56.0,20.0,17.0
-10.0,-56.0,20.0,17.0
-8.0,-56.0,20.0,118.0
-6.0,-56.0,20.0,118.0
-4.0,-56.0,20.0,118.0
-2.0,-56.0,20.0,243.0
0.0,-56.0,20.0,243.0
2.0,-56.0,20.0,243.0
4.0,-56.0,20.0,243.0
6.0,-56.0,20.0,243.0
8.0,-56.0,20.0,243.0
10.0,-56.0,20.0,243.0
12.0,-56.0,20.0,469.0
14.0,-56.0,20.0,469.0
16.0,-56.0,20.0,469.0
18.0,-56.0,20.0,469.0
20.0,-56.0,20.0,469.0
42.0,-56.0,20.0,190.0
44.0,-56.0,20.0,190.0
46.0,-56.0,20.0,190.0
48.0,-56.0,20.0,190.0
50.0,-56.0,20.0,190.0
52.0,-56.0,20.0,190.0
54.0,-56.0,20.0,203.0
56.0,-56.0,20.0,203.0
58.0,-56.0,20.0,203.0
60.0,-56.0,20.0,203.0
62.0,-56.0,20.0,203.0
64.0,-56.0,20.0,203.0
-64.0,-54.0,20.0,42.0
-62.0,-54.0,20.0,42.0
-60.0,-54.0,20.0,42.0
-58.0,-54.0,20.0,42.0
-56.0,-54.0,20.0,50.0
-54.0,-54.0,20.0,50.0
-52.0,-54.0,20.0,50.0
-50.0,-54.0,20.0,50.0
-48.0,-54.0,20.0,50.0
-46.0,-54.0,20.0,50.0
-44.0,-54.0,20.0,50.0
-26.0,-54.0,20.0,17.0
-24.0,-54.0,20.0,17.0
-22.0,-54.0,20.0,17.0
-20.0,-54.0,20.0,17.0
-18.0,-54.0,20.0,17.0
-16.0,-54.0,20.0,17.0
-14.0,-54.0,20.0,17.0
-12.0,-54.0,20.0,17.0
-10.0,-54.0,20.0,17.0
-8.0,-54.0,20.0,17.0
-6.0,-54.0,20.0,118.0
-4.0,-54.0,20.0,118.0
2.0,-54.0,20.0,243.0
4.0,-54.0,20.0,243.0
6.0,-54.0,20.0,243.0
8.0,-54.0,20.0,243.0
10.0,-54.0,20.0,469.0
12.0,-54.0,20.0,469.0
14.0,-54.0,20.0,469.0
16.0,-54.0,20.0,469.0
18.0,-54.0,20.0,469.0
42.0,-54.0,20.0,190.0
44.0,-54.0,20.0,190.0
46.0,-54.0,20.0,190.0
48.0,-54.0,20.0,190.0
50.0,-54.0,20.0,190.0
52.0,-54.0,20.0,190.0
54.0,-54.0,20.0,190.0
56.0,-54.0,20.0,203.0
58.0,-54.0,20.0,203.0
60.0,-54.0,20.0,203.0
62.0,-54.0,20.0,505.0
64.0,-54.0,20.0,505.0
-66.0,-52.0,20.0,42.0
-64.0,-52.0,20.0,42.0
-62.0,-52.0,20.0,42.0
-60.0,-52.0,20.0,42.0
-58.0,-52.0,20.0,42.0
-56.0,-52.0,20.0,50.0
-54.0,-52.0,20.0,50.0
-52.0,-52.0,20.0,50.0
-50.0,-52.0,20.0,50.0
-48.0,-52.0,20.0,50.0
-46.0,-52.0,20.0,50.0
-44.0,-52.0,20.0,50.0
-24.0,-52.0,20.0,17.0
-22.0,-52.0,20.0,17.0
-20.0,-52.0,20.0,17.0
-18.0,-52.0,20.0,17.0
-16.0,-52.0,20.0,17.0
-14.0,-52.0,20.0,17.0
-12.0,-52.0,20.0,17.0
-10.0,-52.0,20.0,17.0
-8.0,-52.0,20.0,17.0
-6.0,-52.0,20.0,17.0
-4.0,-52.0,20.0,473.0
2.0,-52.0,20.0,243.0
4.0,-52.0,20.0,243.0
6.0,-52.0,20.0,482.0
8.0,-52.0,20.0,482.0
10.0,-52.0,20.0,482.0
42.0,-52.0,20.0,231.0
44.0,-52.0,20.0,190.0
46.0,-52.0,20.0,190.0
48.0,-52.0,20.0,190.0
50.0,-52.0,20.0,190.0
52.0,-52.0,20.0,190.0
54.0,-52.0,20.0,190.0
56.0,-52.0,20.0,505.0
58.0,-52.0,20.0,505.0
60.0,-52.0,20.0,505.0
62.0,-52.0,20.0,505.0
64.0,-52.0,20.0,505.0
66.0,-52.0,20.0,505.0
-66.0,-50.0,20.0,42.0
-64.0,-50.0,20.0,42.0
-62.0,-50.0,20.0,42.0
-60.0,-50.0,20.0,42.0
-58.0,-50.0,20.0,50.0
-56.0,-50.0,20.0,50.0
-54.0,-50.0,20.0,50.0
-52.0,-50.0,20.0,50.0
-50.0,-50.0,20.0,50.0
-48.0,-50.0,20.0,50.0
-46.0,-50.0,20.0,50.0
-44.0,-50.0,20.0,50.0
-22.0,-50.0,20.0,17.0
-20.0,-50.0,20.0,17.0
-18.0,-50.0,20.0,17.0
-16.0,-50.0,20.0,17.0
-14.0,-50.0,20.0,17.0
-12.0,-50.0,20.0,17.0
-10.0,-50.0,20.0,17.0
-8.0,-50.0,20.0,473.0
-6.0,-50.0,20.0,473.0
-4.0,-50.0,20.0,473.0
0.0,-50.0,20.0,473.0
2.0,-50.0,20.0,482.0
4.0,-50.0,20.0,482.0
6.0,-50.0,20.0,482.0
8.0,-50.0,20.0,482.0
10.0,-50.0,20.0,482.0
44.0,-50.0,20.0,231.0
46.0,-50.0,20.0,231.0
48.0,-50.0,20.0,190.0
50.0,-50.0,20.0,190.0
52.0,-50.0,20.0,190.0
54.0,-50.0,20.0,190.0
56.0,-50.0,20.0,505.0
58.0,-50.0,20.0,505.0
60.0,-50.0,20.0,505.0
62.0,-50.0,20.0,505.0
64.0,-50.0,20.0,505.0
66.0,-50.0,20.0,505.0
-66.0,-48.0,20.0,42.0
-64.0,-48.0,20.0,42.0
-62.0,-48.0,20.0,42.0
-60.0,-48.0,20.0,42.0
-58.0,-48.0,20.0,50.0
-56.0,-48.0,20.0,50.0
-54.0,-48.0,20.0,50.0
-52.0,-48.0,20.0,50.0
-50.0,-48.0,20.0,50.0
-48.0,-48.0,20.0,50.0
-46.0,-48.0,20.0,50.0
-44.0,-48.0,20.0,50.0
-12.0,-48.0,20.0,17.0
-10.0,-48.0,20.0,473.0
-8.0,-48.0,20.0,473.0
-6.0,-48.0,20.0,473.0
-4.0,-48.0,20.0,473.0
-2.0,-48.0,20.0,473.0
0.0,-48.0,20.0,473.0
2.0,-48.0,20.0,482.0
4.0,-48.0,20.0,482.0
6.0,-48.0,20.0,482.0
8.0,-48.0,20.0,482.0
10.0,-48.0,20.0,482.0
46.0,-48.0,20.0,231.0
48.0,-48.0,20.0,231.0
50.0,-48.0,20.0,190.0
52.0,-48.0,20.0,190.0
54.0,-48.0,20.0,505.0
56.0,-48.0,20.0,505.0
58.0,-48.0,20.0,505.0
60.0,-48.0,20.0,505.0
62.0,-48.0,20.0,505.0
64.0,-48.0,20.0,505.0
66.0,-48.0,20.0,505.0
-66.0,-46.0,20.0,42.0
-64.0,-46.0,20.0,42.0
-62.0,-46.0,20.0,42.0
-60.0,-46.0,20.0,50.0
-58.0,-46.0,20.0,50.0
-56.0,-46.0,20.0,50.0
-54.0,-46.0,20.0,50.0
-52.0,-46.0,20.0,50.0
-50.0,-46.0,20.0,50.0
-48.0,-46.0,20.0,50.0
-46.0,-46.0,20.0,50.0
-44.0,-46.0,20.0,50.0
-10.0,-46.0,20.0,473.0
-8.0,-46.0,20.0,473.0
-6.0,-46.0,20.0,473.0
-4.0,-46.0,20.0,473.0
-2.0,-46.0,20.0,473.0
2.0,-46.0,20.0,473.0
4.0,-46.0,20.0,482.0
6.0,-46.0,20.0,482.0
8.0,-46.0,20.0,482.0
46.0,-46.0,20.0,231.0
48.0,-46.0,20.0,231.0
50.0,-46.0,20.0,231.0
52.0,-46.0,20.0,231.0
54.0,-46.0,20.0,505.0
56.0,-46.0,20.0,505.0
58.0,-46.0,20.0,505.0
60.0,-46.0,20.0,505.0
62.0,-46.0,20.0,505.0
64.0,-46.0,20.0,505.0
66.0,-46.0,20.0,553.0
-68.0,-44.0,20.0,42.0
-66.0,-44.0,20.0,42.0
-64.0,-44.0,20.0,42.0
-62.0,-44.0,20.0,42.0
-60.0,-44.0,20.0,50.0
-58.0,-44.0,20.0,50.0
-56.0,-44.0,20.0,50.0
-54.0,-44.0,20.0,50.0
-52.0,-44.0,20.0,50.0
-50.0,-44.0,20.0,50.0
-48.0,-44.0,20.0,50.0
-46.0,-44.0,20.0,50.0
-44.0,-44.0,20.0,50.0
-10.0,-44.0,20.0,473.0
-8.0,-44.0,20.0,473.0
-6.0,-44.0,20.0,473.0
-4.0,-44.0,20.0,473.0
-2.0,-44.0,20.0,473.0
2.0,-44.0,20.0,473.0
4.0,-44.0,20.0,482.0
6.0,-44.0,20.0,482.0
8.0,-44.0,20.0,482.0
46.0,-44.0,20.0,231.0
48.0,-44.0,20.0,231.0
50.0,-44.0,20.0,231.0
52.0,-44.0,20.0,231.0
54.0,-44.0,20.0,505.0
56.0,-44.0,20.0,505.0
58.0,-44.0,20.0,505.0
60.0,-44.0,20.0,505.0
62.0,-44.0,20.0,553.0
64.0,-44.0,20.0,553.0
66.0,-44.0,20.0,553.0
-68.0,-42.0,20.0,42.0
-66.0,-42.0,20.0,42.0
-64.0,-42.0,20.0,117.0
-62.0,-42.0,20.0,117.0
-60.0,-42.0,20.0,117.0
-58.0,-42.0,20.0,50.0
-56.0,-42.0,20.0,50.0
-54.0,-42.0,20.0,50.0
-52.0,-42.0,20.0,50.0
-50.0,-42.0,20.0,50.0
-48.0,-42.0,20.0,50.0
-46.0,-42.0,20.0,50.0
-8.0,-42.0,20.0,473.0
-6.0,-42.0,20.0,473.0
-4.0,-42.0,20.0,473.0
2.0,-42.0,20.0,473.0
4.0,-42.0,20.0,473.0
6.0,-42.0,20.0,482.0
8.0,-42.0,20.0,482.0
50.0,-42.0,20.0,488.0
52.0,-42.0,20.0,488.0
54.0,-42.0,20.0,342.0
56.0,-42.0,20.0,342.0
58.0,-42.0,20.0,553.0
60.0,-42.0,20.0,553.0
62.0,-42.0,20.0,553.0
64.0,-42.0,20.0,553.0
66.0,-42.0,20.0,553.0
-68.0,-40.0,20.0,42.0
-66.0,-40.0,20.0,117.0
-64.0,-40.0,20.0,117.0
-62.0,-40.0,20.0,117.0
-60.0,-40.0,20.0,117.0
-58.0,-40.0,20.0,117.0
-56.0,-40.0,20.0,50.0
-54.0,-40.0,20.0,50.0
-52.0,-40.0,20.0,50.0
-50.0,-40.0,20.0,50.0
-48.0,-40.0,20.0,50.0
-46.0,-40.0,20.0,50.0
-44.0,-40.0,20.0,496.0
-8.0,-40.0,20.0,473.0
-6.0,-40.0,20.0,473.0
-4.0,-40.0,20.0,473.0
48.0,-40.0,20.0,488.0
50.0,-40.0,20.0,488.0
58.0,-40.0,20.0,553.0
60.0,-40.0,20.0,553.0
62.0,-40.0,20.0,553.0
64.0,-40.0,20.0,553.0
66.0,-40.0,20.0,553.0
68.0,-40.0,20.0,553.0
-68.0,-38.0,20.0,117.0
-66.0,-38.0,20.0,117.0
-64.0,-38.0,20.0,117.0
-62.0,-38.0,20.0,117.0
-60.0,-38.0,20.0,117.0
-58.0,-38.0,20.0,117.0
-56.0,-38.0,20.0,117.0
-54.0,-38.0,20.0,50.0
-52.0,-38.0,20.0,50.0
-50.0,-38.0,20.0,50.0
-48.0,-38.0,20.0,50.0
-46.0,-38.0,20.0,496.0
-44.0,-38.0,20.0,496.0
-6.0,-38.0,20.0,473.0
-4.0,-38.0,20.0,473.0
40.0,-38.0,20.0,231.0
42.0,-38.0,20.0,488.0
48.0,-38.0,20.0,488.0
50.0,-38.0,20.0,488.0
52.0,-38.0,20.0,488.0
54.0,-38.0,20.0,488.0
56.0,-38.0,20.0,553.0
58.0,-38.0,20.0,553.0
60.0,-38.0,20.0,553.0
62.0,-38.0,20.0,553.0
64.0,-38.0,20.0,553.0
66.0,-38.0,20.0,553.0
68.0,-38.0,20.0,553.0
-68.0,-36.0,20.0,71.0
-66.0,-36.0,20.0,71.0
-64.0,-36.0,20.0,71.0
-62.0,-36.0,20.0,71.0
-60.0,-36.0,20.0,71.0
-58.0,-36.0,20.0,117.0
-56.0,-36.0,20.0,117.0
-54.0,-36.0,20.0,213.0
-52.0,-36.0,20.0,213.0
-50.0,-36.0,20.0,213.0
-48.0,-36.0,20.0,213.0
-46.0,-36.0,20.0,496.0
34.0,-36.0,20.0,211.0
36.0,-36.0,20.0,211.0
38.0,-36.0,20.0,211.0
40.0,-36.0,20.0,488.0
42.0,-36.0,20.0,488.0
44.0,-36.0,20.0,488.0
46.0,-36.0,20.0,488.0
48.0,-36.0,20.0,488.0
50.0,-36.0,20.0,488.0
52.0,-36.0,20.0,488.0
54.0,-36.0,20.0,553.0
56.0,-36.0,20.0,553.0
58.0,-36.0,20.0,553.0
60.0,-36.0,20.0,553.0
62.0,-36.0,20.0,553.0
64.0,-36.0,20.0,553.0
66.0,-36.0,20.0,553.0
68.0,-36.0,20.0,553.0
-68.0,-34.0,20.0,71.0
-66.0,-34.0,20.0,71.0
-64.0,-34.0,20.0,71.0
-62.0,-34.0,20.0,71.0
-60.0,-34.0,20.0,71.0
-58.0,-34.0,20.0,71.0
-56.0,-34.0,20.0,213.0
-48.0,-34.0,20.0,213.0
-46.0,-34.0,20.0,213.0
-44.0,-34.0,20.0,213.0
32.0,-34.0,20.0,211.0
34.0,-34.0,20.0,211.0
36.0,-34.0,20.0,211.0
38.0,-34.0,20.0,211.0
40.0,-34.0,20.0,211.0
42.0,-34.0,20.0,211.0
44.0,-34.0,20.0,488.0
46.0,-34.0,20.0,488.0
48.0,-34.0,20.0,488.0
50.0,-34.0,20.0,488.0
52.0,-34.0,20.0,379.0
54.0,-34.0,20.0,379.0
56.0,-34.0,20.0,553.0
58.0,-34.0,20.0,553.0
60.0,-34.0,20.0,553.0
62.0,-34.0,20.0,553.0
64.0,-34.0,20.0,553.0
66.0,-34.0,20.0,553.0
68.0,-34.0,20.0,553.0
-70.0,-32.0,20.0,447.0
-68.0,-32.0,20.0,71.0
-66.0,-32.0,20.0,71.0
-64.0,-32.0,20.0,71.0
-62.0,-32.0,20.0,71.0
-60.0,-32.0,20.0,71.0
-58.0,-32.0,20.0,71.0
-56.0,-32.0,20.0,213.0
-54.0,-32.0,20.0,213.0
-52.0,-32.0,20.0,213.0
-50.0,-32.0,20.0,213.0
-48.0,-32.0,20.0,213.0
-46.0,-32.0,20.0,213.0
-44.0,-32.0,20.0,213.0
-42.0,-32.0,20.0,213.0
-40.0,-32.0,20.0,213.0
-38.0,-32.0,20.0,496.0
30.0,-32.0,20.0,246.0
32.0,-32.0,20.0,211.0
34.0,-32.0,20.0,211.0
36.0,-32.0,20.0,211.0
38.0,-32.0,20.0,211.0
40.0,-32.0,20.0,211.0
42.0,-32.0,20.0,211.0
44.0,-32.0,20.0,285.0
46.0,-32.0,20.0,285.0
48.0,-32.0,20.0,285.0
50.0,-32.0,20.0,379.0
52.0,-32.0,20.0,379.0
54.0,-32.0,20.0,379.0
56.0,-32.0,20.0,379.0
58.0,-32.0,20.0,379.0
60.0,-32.0,20.0,553.0
62.0,-32.0,20.0,553.0
64.0,-32.0,20.0,553.0
66.0,-32.0,20.0,553.0
-70.0,-30.0,20.0,447.0
-68.0,-30.0,20.0,71.0
-66.0,-30.0,20.0,71.0
-64.0,-30.0,20.0,71.0
-62.0,-30.0,20.0,71.0
-60.0,-30.0,20.0,71.0
-58.0,-30.0,20.0,71.0
-56.0,-30.0,20.0,213.0
-54.0,-30.0,20.0,213.0
-52.0,-30.0,20.0,213.0
-50.0,-30.0,20.0,213.0
-48.0,-30.0,20.0,213.0
-46.0,-30.0,20.0,213.0
-44.0,-30.0,20.0,213.0
-42.0,-30.0,20.0,213.0
-40.0,-30.0,20.0,213.0
-38.0,-30.0,20.0,237.0
-36.0,-30.0,20.0,237.0
30.0,-30.0,20.0,116.0
32.0,-30.0,20.0,116.0
34.0,-30.0,20.0,211.0
36.0,-30.0,20.0,211.0
38.0,-30.0,20.0,211.0
40.0,-30.0,20.0,211.0
42.0,-30.0,20.0,285.0
44.0,-30.0,20.0,285.0
46.0,-30.0,20.0,285.0
48.0,-30.0,20.0,285.0
50.0,-30.0,20.0,285.0
52.0,-30.0,20.0,379.0
54.0,-30.0,20.0,379.0
56.0,-30.0,20.0,379.0
58.0,-30.0,20.0,379.0
60.0,-30.0,20.0,379.0
62.0,-30.0,20.0,553.0
64.0,-30.0,20.0,553.0
-70.0,-28.0,20.0,447.0
-68.0,-28.0,20.0,447.0
-66.0,-28.0,20.0,71.0
-64.0,-28.0,20.0,71.0
-62.0,-28.0,20.0,71.0
-60.0,-28.0,20.0,71.0
-58.0,-28.0,20.0,71.0
-56.0,-28.0,20.0,213.0
-54.0,-28.0,20.0,213.0
-52.0,-28.0,20.0,213.0
-50.0,-28.0,20.0,213.0
-48.0,-28.0,20.0,213.0
-46.0,-28.0,20.0,213.0
-44.0,-28.0,20.0,213.0
-42.0,-28.0,20.0,213.0
-40.0,-28.0,20.0,237.0
-38.0,-28.0,20.0,237.0
-36.0,-28.0,20.0,237.0
30.0,-28.0,20.0,116.0
32.0,-28.0,20.0,116.0
34.0,-28.0,20.0,116.0
36.0,-28.0,20.0,116.0
38.0,-28.0,20.0,116.0
40.0,-28.0,20.0,285.0
42.0,-28.0,20.0,285.0
44.0,-28.0,20.0,285.0
46.0,-28.0,20.0,285.0
48.0,-28.0,20.0,285.0
50.0,-28.0,20.0,285.0
52.0,-28.0,20.0,379.0
54.0,-28.0,20.0,379.0
56.0,-28.0,20.0,379.0
58.0,-28.0,20.0,379.0
60.0,-28.0,20.0,379.0
62.0,-28.0,20.0,379.0
64.0,-28.0,20.0,553.0
-68.0,-26.0,20.0,447.0
-66.0,-26.0,20.0,162.0
-64.0,-26.0,20.0,162.0
-62.0,-26.0,20.0,71.0
-60.0,-26.0,20.0,71.0
-58.0,-26.0,20.0,71.0
-56.0,-26.0,20.0,213.0
-54.0,-26.0,20.0,213.0
-52.0,-26.0,20.0,213.0
-50.0,-26.0,20.0,213.0
-48.0,-26.0,20.0,213.0
-46.0,-26.0,20.0,213.0
-44.0,-26.0,20.0,213.0
-42.0,-26.0,20.0,237.0
-40.0,-26.0,20.0,237.0
-38.0,-26.0,20.0,237.0
-36.0,-26.0,20.0,237.0
18.0,-26.0,20.0,24.0
20.0,-26.0,20.0,24.0
30.0,-26.0,20.0,116.0
32.0,-26.0,20.0,116.0
34.0,-26.0,20.0,116.0
36.0,-26.0,20.0,116.0
38.0,-26.0,20.0,116.0
40.0,-26.0,20.0,285.0
42.0,-26.0,20.0,285.0
44.0,-26.0,20.0,285.0
46.0,-26.0,20.0,285.0
48.0,-26.0,20.0,285.0
50.0,-26.0,20.0,285.0
52.0,-26.0,20.0,285.0
54.0,-26.0,20.0,379.0
56.0,-26.0,20.0,379.0
58.0,-26.0,20.0,379.0
60.0,-26.0,20.0,379.0
62.0,-26.0,20.0,379.0
64.0,-26.0,20.0,379.0
-68.0,-24.0,20.0,447.0
-66.0,-24.0,20.0,162.0
-64.0,-24.0,20.0,162.0
-62.0,-24.0,20.0,162.0
-60.0,-24.0,20.0,162.0
-58.0,-24.0,20.0,71.0
-56.0,-24.0,20.0,213.0
-54.0,-24.0,20.0,213.0
-52.0,-24.0,20.0,213.0
-50.0,-24.0,20.0,213.0
-48.0,-24.0,20.0,213.0
-46.0,-24.0,20.0,213.0
-44.0,-24.0,20.0,205.0
-42.0,-24.0,20.0,237.0
-40.0,-24.0,20.0,237.0
-38.0,-24.0,20.0,237.0
-36.0,-24.0,20.0,237.0
-22.0,-24.0,20.0,216.0
-20.0,-24.0,20.0,216.0
18.0,-24.0,20.0,24.0
20.0,-24.0,20.0,24.0
32.0,-24.0,20.0,116.0
34.0,-24.0,20.0,116.0
36.0,-24.0,20.0,116.0
38.0,-24.0,20.0,116.0
40.0,-24.0,20.0,5.0
42.0,-24.0,20.0,285.0
44.0,-24.0,20.0,285.0
46.0,-24.0,20.0,285.0
48.0,-24.0,20.0,285.0
50.0,-24.0,20.0,285.0
52.0,-24.0,20.0,285.0
54.0,-24.0,20.0,379.0
56.0,-24.0,20.0,379.0
58.0,-24.0,20.0,379.0
60.0,-24.0,20.0,379.0
62.0,-24.0,20.0,379.0
64.0,-24.0,20.0,379.0
66.0,-24.0,20.0,319.0
-68.0,-22.0,20.0,447.0
-66.0,-22.0,20.0,162.0
-64.0,-22.0,20.0,162.0
-62.0,-22.0,20.0,162.0
-60.0,-22.0,20.0,162.0
-58.0,-22.0,20.0,162.0
-56.0,-22.0,20.0,162.0
-54.0,-22.0,20.0,213.0
-52.0,-22.0,20.0,213.0
-50.0,-22.0,20.0,213.0
-48.0,-22.0,20.0,213.0
-46.0,-22.0,20.0,205.0
-44.0,-22.0,20.0,205.0
-42.0,-22.0,20.0,237.0
-40.0,-22.0,20.0,237.0
-38.0,-22.0,20.0,237.0
-22.0,-22.0,20.0,216.0
-20.0,-22.0,20.0,216.0
16.0,-22.0,20.0,24.0
18.0,-22.0,20.0,24.0
20.0,-22.0,20.0,24.0
34.0,-22.0,20.0,116.0
36.0,-22.0,20.0,116.0
38.0,-22.0,20.0,116.0
40.0,-22.0,20.0,5.0
42.0,-22.0,20.0,5.0
44.0,-22.0,20.0,285.0
46.0,-22.0,20.0,285.0
48.0,-22.0,20.0,285.0
50.0,-22.0,20.0,285.0
52.0,-22.0,20.0,285.0
54.0,-22.0,20.0,285.0
56.0,-22.0,20.0,379.0
58.0,-22.0,20.0,379.0
60.0,-22.0,20.0,379.0
62.0,-22.0,20.0,379.0
64.0,-22.0,20.0,379.0
66.0,-22.0,20.0,319.0
-68.0,-20.0,20.0,447.0
-66.0,-20.0,20.0,447.0
-64.0,-20.0,20.0,162.0
-62.0,-20.0,20.0,162.0
-60.0,-20.0,20.0,162.0
-58.0,-20.0,20.0,162.0
-56.0,-20.0,20.0,162.0
-54.0,-20.0,20.0,213.0
-52.0,-20.0,20.0,213.0
-50.0,-20.0,20.0,213.0
-48.0,-20.0,20.0,205.0
-46.0,-20.0,20.0,205.0
-44.0,-20.0,20.0,205.0
-42.0,-20.0,20.0,237.0
-40.0,-20.0,20.0,237.0
-38.0,-20.0,20.0,237.0
-20.0,-20.0,20.0,216.0
-18.0,-20.0,20.0,216.0
16.0,-20.0,20.0,24.0
18.0,-20.0,20.0,24.0
34.0,-20.0,20.0,116.0
36.0,-20.0,20.0,116.0
38.0,-20.0,20.0,116.0
40.0,-20.0,20.0,5.0
42.0,-20.0,20.0,5.0
44.0,-20.0,20.0,5.0
46.0,-20.0,20.0,285.0
48.0,-20.0,20.0,285.0
50.0,-20.0,20.0,285.0
52.0,-20.0,20.0,285.0
54.0,-20.0,20.0,285.0
56.0,-20.0,20.0,379.0
58.0,-20.0,20.0,379.0
60.0,-20.0,20.0,379.0
62.0,-20.0,20.0,379.0
64.0,-20.0,20.0,319.0
66.0,-20.0,20.0,319.0
-68.0,-18.0,20.0,447.0
-66.0,-18.0,20.0,447.0
-64.0,-18.0,20.0,162.0
-62.0,-18.0,20.0,162.0
-60.0,-18.0,20.0,162.0
-58.0,-18.0,20.0,162.0
-56.0,-18.0,20.0,162.0
-54.0,-18.0,20.0,213.0
-52.0,-18.0,20.0,213.0
-50.0,-18.0,20.0,205.0
-48.0,-18.0,20.0,205.0
-46.0,-18.0,20.0,205.0
-44.0,-18.0,20.0,205.0
-42.0,-18.0,20.0,237.0
-40.0,-18.0,20.0,237.0
-38.0,-18.0,20.0,237.0
-20.0,-18.0,20.0,216.0
-18.0,-18.0,20.0,216.0
18.0,-18.0,20.0,24.0
34.0,-18.0,20.0,116.0
36.0,-18.0,20.0,116.0
38.0,-18.0,20.0,116.0
40.0,-18.0,20.0,5.0
42.0,-18.0,20.0,5.0
44.0,-18.0,20.0,5.0
46.0,-18.0,20.0,5.0
48.0,-18.0,20.0,285.0
50.0,-18.0,20.0,285.0
52.0,-18.0,20.0,285.0
54.0,-18.0,20.0,285.0
56.0,-18.0,20.0,285.0
58.0,-18.0,20.0,379.0
60.0,-18.0,20.0,379.0
62.0,-18.0,20.0,379.0
64.0,-18.0,20.0,319.0
66.0,-18.0,20.0,319.0
68.0,-18.0,20.0,319.0
-68.0,-16.0,20.0,478.0
-66.0,-16.0,20.0,478.0
-64.0,-16.0,20.0,478.0
-62.0,-16.0,20.0,478.0
-60.0,-16.0,20.0,478.0
-58.0,-16.0,20.0,162.0
-56.0,-16.0,20.0,162.0
-54.0,-16.0,20.0,162.0
-52.0,-16.0,20.0,205.0
-50.0,-16.0,20.0,205.0
-48.0,-16.0,20.0,205.0
-46.0,-16.0,20.0,205.0
-44.0,-16.0,20.0,205.0
-42.0,-16.0,20.0,237.0
-40.0,-16.0,20.0,237.0
-38.0,-16.0,20.0,237.0
-18.0,-16.0,20.0,216.0
-16.0,-16.0,20.0,216.0
16.0,-16.0,20.0,24.0
34.0,-16.0,20.0,116.0
36.0,-16.0,20.0,116.0
38.0,-16.0,20.0,116.0
40.0,-16.0,20.0,5.0
42.0,-16.0,20.0,5.0
44.0,-16.0,20.0,5.0
46.0,-16.0,20.0,5.0
48.0,-16.0,20.0,5.0
50.0,-16.0,20.0,285.0
52.0,-16.0,20.0,285.0
54.0,-16.0,20.0,285.0
56.0,-16.0,20.0,285.0
58.0,-16.0,20.0,379.0
60.0,-16.0,20.0,379.0
62.0,-16.0,20.0,319.0
64.0,-16.0,20.0,319.0
66.0,-16.0,20.0,319.0
68.0,-16.0,20.0,319.0
-68.0,-14.0,20.0,478.0
-66.0,-14.0,20.0,478.0
-64.0,-14.0,20.0,478.0
-62.0,-14.0,20.0,478.0
-60.0,-14.0,20.0,478.0
-58.0,-14.0,20.0,478.0
-56.0,-14.0,20.0,478.0
-54.0,-14.0,20.0,166.0
-52.0,-14.0,20.0,421.0
-50.0,-14.0,20.0,421.0
-48.0,-14.0,20.0,421.0
-46.0,-14.0,20.0,421.0
-44.0,-14.0,20.0,421.0
-42.0,-14.0,20.0,421.0
-40.0,-14.0,20.0,421.0
-38.0,-14.0,20.0,421.0
-36.0,-14.0,20.0,421.0
-18.0,-14.0,20.0,257.0
-16.0,-14.0,20.0,257.0
12.0,-14.0,20.0,248.0
14.0,-14.0,20.0,24.0
16.0,-14.0,20.0,93.0
34.0,-14.0,20.0,466.0
36.0,-14.0,20.0,116.0
38.0,-14.0,20.0,116.0
40.0,-14.0,20.0,5.0
42.0,-14.0,20.0,5.0
44.0,-14.0,20.0,5.0
46.0,-14.0,20.0,5.0
48.0,-14.0,20.0,5.0
50.0,-14.0,20.0,5.0
52.0,-14.0,20.0,285.0
60.0,-14.0,20.0,209.0
62.0,-14.0,20.0,319.0
64.0,-14.0,20.0,319.0
66.0,-14.0,20.0,319.0
68.0,-14.0,20.0,319.0
-68.0,-12.0,20.0,478.0
-66.0,-12.0,20.0,478.0
-64.0,-12.0,20.0,478.0
-62.0,-12.0,20.0,478.0
-60.0,-12.0,20.0,478.0
-58.0,-12.0,20.0,478.0
-56.0,-12.0,20.0,478.0
-54.0,-12.0,20.0,166.0
-52.0,-12.0,20.0,166.0
-50.0,-12.0,20.0,421.0
-48.0,-12.0,20.0,421.0
-46.0,-12.0,20.0,421.0
-44.0,-12.0,20.0,421.0
-42.0,-12.0,20.0,421.0
-40.0,-12.0,20.0,421.0
-38.0,-12.0,20.0,421.0
-36.0,-12.0,20.0,421.0
-18.0,-12.0,20.0,257.0
-16.0,-12.0,20.0,257.0
-14.0,-12.0,20.0,257.0
12.0,-12.0,20.0,248.0
14.0,-12.0,20.0,93.0
16.0,-12.0,20.0,93.0
34.0,-12.0,20.0,466.0
44.0,-12.0,20.0,5.0
46.0,-12.0,20.0,5.0
48.0,-12.0,20.0,5.0
50.0,-12.0,20.0,5.0
66.0,-12.0,20.0,319.0
68.0,-12.0,20.0,319.0
-68.0,-10.0,20.0,478.0
-66.0,-10.0,20.0,478.0
-64.0,-10.0,20.0,478.0
-62.0,-10.0,20.0,478.0
-60.0,-10.0,20.0,478.0
-58.0,-10.0,20.0,478.0
-56.0,-10.0,20.0,478.0
-48.0,-10.0,20.0,421.0
-46.0,-10.0,20.0,421.0
-44.0,-10.0,20.0,421.0
-42.0,-10.0,20.0,421.0
-40.0,-10.0,20.0,421.0
-38.0,-10.0,20.0,421.0
-36.0,-10.0,20.0,421.0
-18.0,-10.0,20.0,257.0
-16.0,-10.0,20.0,257.0
-14.0,-10.0,20.0,257.0
12.0,-10.0,20.0,248.0
14.0,-10.0,20.0,93.0
16.0,-10.0,20.0,93.0
18.0,-10.0,20.0,93.0
60.0,-10.0,20.0,209.0
62.0,-10.0,20.0,209.0
64.0,-10.0,20.0,209.0
-68.0,-8.0,20.0,478.0
-66.0,-8.0,20.0,478.0
-64.0,-8.0,20.0,478.0
-62.0,-8.0,20.0,478.0
-60.0,-8.0,20.0,478.0
-58.0,-8.0,20.0,478.0
-48.0,-8.0,20.0,421.0
-46.0,-8.0,20.0,421.0
-44.0,-8.0,20.0,421.0
-42.0,-8.0,20.0,421.0
-40.0,-8.0,20.0,421.0
-36.0,-8.0,20.0,421.0
-20.0,-8.0,20.0,257.0
-18.0,-8.0,20.0,257.0
-16.0,-8.0,20.0,257.0
-14.0,-8.0,20.0,257.0
12.0,-8.0,20.0,248.0
14.0,-8.0,20.0,93.0
16.0,-8.0,20.0,93.0
18.0,-8.0,20.0,93.0
36.0,-8.0,20.0,466.0
58.0,-8.0,20.0,209.0
60.0,-8.0,20.0,209.0
62.0,-8.0,20.0,209.0
64.0,-8.0,20.0,209.0
66.0,-8.0,20.0,209.0
-68.0,-6.0,20.0,478.0
-66.0,-6.0,20.0,478.0
-64.0,-6.0,20.0,478.0
-62.0,-6.0,20.0,478.0
-60.0,-6.0,20.0,478.0
-48.0,-6.0,20.0,421.0
-46.0,-6.0,20.0,421.0
-44.0,-6.0,20.0,421.0
-42.0,-6.0,20.0,421.0
-40.0,-6.0,20.0,421.0
-36.0,-6.0,20.0,421.0
-20.0,-6.0,20.0,257.0
-18.0,-6.0,20.0,257.0
-16.0,-6.0,20.0,257.0
-14.0,-6.0,20.0,257.0
-12.0,-6.0,20.0,257.0
12.0,-6.0,20.0,248.0
14.0,-6.0,20.0,93.0
16.0,-6.0,20.0,93.0
18.0,-6.0,20.0,93.0
56.0,-6.0,20.0,209.0
58.0,-6.0,20.0,209.0
60.0,-6.0,20.0,209.0
62.0,-6.0,20.0,209.0
64.0,-6.0,20.0,209.0
66.0,-6.0,20.0,209.0
-68.0,-4.0,20.0,478.0
-66.0,-4.0,20.0,478.0
-64.0,-4.0,20.0,478.0
-62.0,-4.0,20.0,478.0
-58.0,-4.0,20.0,19.0
-56.0,-4.0,20.0,19.0
-20.0,-4.0,20.0,257.0
-18.0,-4.0,20.0,257.0
-16.0,-4.0,20.0,257.0
-14.0,-4.0,20.0,257.0
-12.0,-4.0,20.0,257.0
12.0,-4.0,20.0,238.0
14.0,-4.0,20.0,93.0
16.0,-4.0,20.0,93.0
18.0,-4.0,20.0,93.0
54.0,-4.0,20.0,209.0
56.0,-4.0,20.0,209.0
58.0,-4.0,20.0,209.0
60.0,-4.0,20.0,209.0
62.0,-4.0,20.0,209.0
64.0,-4.0,20.0,209.0
-66.0,-2.0,20.0,92.0
-64.0,-2.0,20.0,92.0
-62.0,-2.0,20.0,92.0
-60.0,-2.0,20.0,19.0
-58.0,-2.0,20.0,19.0
-56.0,-2.0,20.0,19.0
-20.0,-2.0,20.0,434.0
-18.0,-2.0,20.0,257.0
-16.0,-2.0,20.0,257.0
-14.0,-2.0,20.0,257.0
-12.0,-2.0,20.0,257.0
10.0,-2.0,20.0,238.0
12.0,-2.0,20.0,238.0
14.0,-2.0,20.0,238.0
16.0,-2.0,20.0,93.0
18.0,-2.0,20.0,93.0
54.0,-2.0,20.0,209.0
56.0,-2.0,20.0,209.0
58.0,-2.0,20.0,209.0
60.0,-2.0,20.0,209.0
62.0,-2.0,20.0,209.0
64.0,-2.0,20.0,209.0
-66.0,-0.0,20.0,92.0
-64.0,-0.0,20.0,92.0
-62.0,-0.0,20.0,92.0
-60.0,-0.0,20.0,92.0
-58.0,-0.0,20.0,92.0
-56.0,-0.0,20.0,92.0
-20.0,-0.0,20.0,434.0
-18.0,-0.0,20.0,434.0
-16.0,-0.0,20.0,434.0
-14.0,-0.0,20.0,257.0
-12.0,-0.0,20.0,586.0
10.0,-0.0,20.0,238.0
12.0,-0.0,20.0,238.0
14.0,-0.0,20.0,238.0
16.0,-0.0,20.0,93.0
18.0,-0.0,20.0,93.0
54.0,-0.0,20.0,209.0
56.0,-0.0,20.0,209.0
58.0,-0.0,20.0,209.0
60.0,-0.0,20.0,209.0
62.0,-0.0,20.0,209.0
64.0,-0.0,20.0,209.0
-66.0,2.0,20.0,92.0
-64.0,2.0,20.0,92.0
-62.0,2.0,20.0,92.0
-60.0,2.0,20.0,92.0
-58.0,2.0,20.0,92.0
-56.0,2.0,20.0,92.0
-20.0,2.0,20.0,434.0
-18.0,2.0,20.0,434.0
-16.0,2.0,20.0,434.0
-14.0,2.0,20.0,434.0
-12.0,2.0,20.0,586.0
10.0,2.0,20.0,238.0
12.0,2.0,20.0,238.0
14.0,2.0,20.0,238.0
16.0,2.0,20.0,238.0
18.0,2.0,20.0,93.0
20.0,2.0,20.0,93.0
46.0,2.0,20.0,201.0
48.0,2.0,20.0,201.0
50.0,2.0,20.0,201.0
52.0,2.0,20.0,201.0
54.0,2.0,20.0,201.0
56.0,2.0,20.0,209.0
60.0,2.0,20.0,209.0
62.0,2.0,20.0,209.0
64.0,2.0,20.0,209.0
-66.0,4.0,20.0,92.0
-64.0,4.0,20.0,92.0
-62.0,4.0,20.0,92.0
-60.0,4.0,20.0,92.0
-58.0,4.0,20.0,92.0
-52.0,4.0,20.0,324.0
-50.0,4.0,20.0,324.0
-20.0,4.0,20.0,434.0
-18.0,4.0,20.0,434.0
-16.0,4.0,20.0,434.0
-14.0,4.0,20.0,586.0
-12.0,4.0,20.0,586.0
10.0,4.0,20.0,238.0
12.0,4.0,20.0,238.0
14.0,4.0,20.0,238.0
16.0,4.0,20.0,238.0
18.0,4.0,20.0,238.0
20.0,4.0,20.0,93.0
44.0,4.0,20.0,201.0
46.0,4.0,20.0,201.0
48.0,4.0,20.0,201.0
50.0,4.0,20.0,201.0
52.0,4.0,20.0,201.0
54.0,4.0,20.0,201.0
56.0,4.0,20.0,82.0
58.0,4.0,20.0,82.0
60.0,4.0,20.0,82.0
62.0,4.0,20.0,82.0
64.0,4.0,20.0,82.0
-66.0,6.0,20.0,92.0
-64.0,6.0,20.0,92.0
-62.0,6.0,20.0,92.0
-60.0,6.0,20.0,92.0
-58.0,6.0,20.0,92.0
-56.0,6.0,20.0,92.0
-54.0,6.0,20.0,324.0
-52.0,6.0,20.0,324.0
-50.0,6.0,20.0,324.0
-48.0,6.0,20.0,324.0
-46.0,6.0,20.0,236.0
-20.0,6.0,20.0,434.0
-18.0,6.0,20.0,434.0
-16.0,6.0,20.0,434.0
-14.0,6.0,20.0,586.0
-12.0,6.0,20.0,586.0
10.0,6.0,20.0,238.0
12.0,6.0,20.0,238.0
14.0,6.0,20.0,238.0
16.0,6.0,20.0,238.0
18.0,6.0,20.0,238.0
20.0,6.0,20.0,238.0
44.0,6.0,20.0,201.0
46.0,6.0,20.0,201.0
48.0,6.0,20.0,201.0
50.0,6.0,20.0,201.0
52.0,6.0,20.0,201.0
54.0,6.0,20.0,201.0
56.0,6.0,20.0,82.0
58.0,6.0,20.0,82.0
60.0,6.0,20.0,82.0
62.0,6.0,20.0,82.0
-64.0,8.0,20.0,92.0
-62.0,8.0,20.0,92.0
-60.0,8.0,20.0,92.0
-58.0,8.0,20.0,92.0
-56.0,8.0,20.0,324.0
-54.0,8.0,20.0,324.0
-52.0,8.0,20.0,324.0
-50.0,8.0,20.0,324.0
-48.0,8.0,20.0,324.0
-46.0,8.0,20.0,236.0
-44.0,8.0,20.0,236.0
-20.0,8.0,20.0,434.0
-18.0,8.0,20.0,434.0
-16.0,8.0,20.0,434.0
-14.0,8.0,20.0,586.0
-12.0,8.0,20.0,586.0
12.0,8.0,20.0,238.0
14.0,8.0,20.0,238.0
16.0,8.0,20.0,238.0
18.0,8.0,20.0,238.0
20.0,8.0,20.0,238.0
42.0,8.0,20.0,201.0
44.0,8.0,20.0,201.0
46.0,8.0,20.0,201.0
48.0,8.0,20.0,201.0
50.0,8.0,20.0,201.0
52.0,8.0,20.0,201.0
54.0,8.0,20.0,161.0
56.0,8.0,20.0,82.0
58.0,8.0,20.0,82.0
60.0,8.0,20.0,82.0
62.0,8.0,20.0,82.0
-64.0,10.0,20.0,92.0
-62.0,10.0,20.0,92.0
-60.0,10.0,20.0,92.0
-58.0,10.0,20.0,324.0
-56.0,10.0,20.0,324.0
-54.0,10.0,20.0,324.0
-52.0,10.0,20.0,324.0
-50.0,10.0,20.0,324.0
-48.0,10.0,20.0,324.0
-46.0,10.0,20.0,324.0
-44.0,10.0,20.0,236.0
-20.0,10.0,20.0,434.0
-18.0,10.0,20.0,434.0
-16.0,10.0,20.0,434.0
-14.0,10.0,20.0,160.0
-12.0,10.0,20.0,160.0
12.0,10.0,20.0,238.0
14.0,10.0,20.0,238.0
16.0,10.0,20.0,238.0
18.0,10.0,20.0,238.0
42.0,10.0,20.0,201.0
44.0,10.0,20.0,201.0
46.0,10.0,20.0,201.0
48.0,10.0,20.0,201.0
50.0,10.0,20.0,201.0
52.0,10.0,20.0,161.0
54.0,10.0,20.0,161.0
56.0,10.0,20.0,82.0
58.0,10.0,20.0,82.0
60.0,10.0,20.0,82.0
62.0,10.0,20.0,82.0
-64.0,12.0,20.0,92.0
-62.0,12.0,20.0,455.0
-60.0,12.0,20.0,324.0
-58.0,12.0,20.0,324.0
-56.0,12.0,20.0,324.0
-54.0,12.0,20.0,324.0
-52.0,12.0,20.0,324.0
-50.0,12.0,20.0,324.0
-48.0,12.0,20.0,324.0
-46.0,12.0,20.0,324.0
-44.0,12.0,20.0,236.0
-42.0,12.0,20.0,236.0
-20.0,12.0,20.0,434.0
-18.0,12.0,20.0,434.0
-16.0,12.0,20.0,434.0
-14.0,12.0,20.0,160.0
14.0,12.0,20.0,215.0
16.0,12.0,20.0,215.0
18.0,12.0,20.0,238.0
40.0,12.0,20.0,201.0
42.0,12.0,20.0,201.0
44.0,12.0,20.0,201.0
46.0,12.0,20.0,201.0
48.0,12.0,20.0,201.0
50.0,12.0,20.0,161.0
52.0,12.0,20.0,161.0
54.0,12.0,20.0,161.0
56.0,12.0,20.0,82.0
58.0,12.0,20.0,82.0
60.0,12.0,20.0,82.0
-62.0,14.0,20.0,455.0
-60.0,14.0,20.0,455.0
-58.0,14.0,20.0,455.0
-56.0,14.0,20.0,324.0
-54.0,14.0,20.0,324.0
-52.0,14.0,20.0,324.0
-50.0,14.0,20.0,324.0
-48.0,14.0,20.0,324.0
-46.0,14.0,20.0,324.0
-44.0,14.0,20.0,236.0
-42.0,14.0,20.0,236.0
-20.0,14.0,20.0,434.0
-18.0,14.0,20.0,434.0
-16.0,14.0,20.0,160.0
16.0,14.0,20.0,215.0
18.0,14.0,20.0,215.0
40.0,14.0,20.0,201.0
42.0,14.0,20.0,201.0
44.0,14.0,20.0,201.0
46.0,14.0,20.0,201.0
48.0,14.0,20.0,201.0
50.0,14.0,20.0,161.0
52.0,14.0,20.0,161.0
54.0,14.0,20.0,161.0
56.0,14.0,20.0,82.0
58.0,14.0,20.0,82.0
60.0,14.0,20.0,82.0
-62.0,16.0,20.0,455.0
-60.0,16.0,20.0,455.0
-58.0,16.0,20.0,455.0
-56.0,16.0,20.0,455.0
-54.0,16.0,20.0,455.0
-52.0,16.0,20.0,324.0
-50.0,16.0,20.0,324.0
-48.0,16.0,20.0,324.0
-46.0,16.0,20.0,324.0
-44.0,16.0,20.0,324.0
-42.0,16.0,20.0,360.0
42.0,16.0,20.0,7.0
44.0,16.0,20.0,201.0
46.0,16.0,20.0,201.0
48.0,16.0,20.0,161.0
50.0,16.0,20.0,161.0
52.0,16.0,20.0,161.0
54.0,16.0,20.0,161.0
56.0,16.0,20.0,82.0
58.0,16.0,20.0,82.0
60.0,16.0,20.0,82.0
-62.0,18.0,20.0,455.0
-60.0,18.0,20.0,455.0
-58.0,18.0,20.0,455.0
-56.0,18.0,20.0,455.0
-54.0,18.0,20.0,455.0
-52.0,18.0,20.0,455.0
-50.0,18.0,20.0,455.0
-48.0,18.0,20.0,324.0
-46.0,18.0,20.0,324.0
-44.0,18.0,20.0,360.0
48.0,18.0,20.0,196.0
50.0,18.0,20.0,161.0
52.0,18.0,20.0,161.0
54.0,18.0,20.0,161.0
56.0,18.0,20.0,82.0
58.0,18.0,20.0,82.0
60.0,18.0,20.0,82.0
-60.0,20.0,20.0,455.0
-58.0,20.0,20.0,455.0
-56.0,20.0,20.0,455.0
-54.0,20.0,20.0,455.0
-52.0,20.0,20.0,455.0
-50.0,20.0,20.0,455.0
-48.0,20.0,20.0,455.0
-46.0,20.0,20.0,419.0
-44.0,20.0,20.0,360.0
-6.0,20.0,20.0,160.0
-4.0,20.0,20.0,160.0
-2.0,20.0,20.0,215.0
2.0,20.0,20.0,215.0
4.0,20.0,20.0,215.0
48.0,20.0,20.0,196.0
50.0,20.0,20.0,196.0
52.0,20.0,20.0,161.0
54.0,20.0,20.0,161.0
56.0,20.0,20.0,82.0
58.0,20.0,20.0,82.0
-60.0,22.0,20.0,455.0
-58.0,22.0,20.0,455.0
-56.0,22.0,20.0,455.0
-54.0,22.0,20.0,455.0
-52.0,22.0,20.0,455.0
-50.0,22.0,20.0,419.0
-48.0,22.0,20.0,419.0
-46.0,22.0,20.0,419.0
-44.0,22.0,20.0,360.0
-42.0,22.0,20.0,360.0
-40.0,22.0,20.0,360.0
-8.0,22.0,20.0,160.0
-6.0,22.0,20.0,160.0
-4.0,22.0,20.0,215.0
-2.0,22.0,20.0,215.0
2.0,22.0,20.0,215.0
4.0,22.0,20.0,215.0
6.0,22.0,20.0,215.0
46.0,22.0,20.0,196.0
48.0,22.0,20.0,119.0
50.0,22.0,20.0,119.0
52.0,22.0,20.0,119.0
54.0,22.0,20.0,119.0
56.0,22.0,20.0,119.0
58.0,22.0,20.0,119.0
-60.0,24.0,20.0,455.0
-58.0,24.0,20.0,455.0
-56.0,24.0,20.0,455.0
-54.0,24.0,20.0,419.0
-52.0,24.0,20.0,419.0
-50.0,24.0,20.0,419.0
-48.0,24.0,20.0,419.0
-46.0,24.0,20.0,419.0
-44.0,24.0,20.0,419.0
-42.0,24.0,20.0,360.0
-40.0,24.0,20.0,360.0
-38.0,24.0,20.0,360.0
-8.0,24.0,20.0,121.0
-6.0,24.0,20.0,121.0
-4.0,24.0,20.0,258.0
-2.0,24.0,20.0,258.0
2.0,24.0,20.0,215.0
4.0,24.0,20.0,215.0
6.0,24.0,20.0,215.0
44.0,24.0,20.0,284.0
46.0,24.0,20.0,119.0
48.0,24.0,20.0,119.0
50.0,24.0,20.0,119.0
52.0,24.0,20.0,119.0
54.0,24.0,20.0,119.0
56.0,24.0,20.0,119.0
58.0,24.0,20.0,119.0
-60.0,26.0,20.0,455.0
-58.0,26.0,20.0,14.0
-56.0,26.0,20.0,14.0
-54.0,26.0,20.0,419.0
-52.0,26.0,20.0,419.0
-50.0,26.0,20.0,419.0
-48.0,26.0,20.0,419.0
-46.0,26.0,20.0,419.0
-44.0,26.0,20.0,419.0
-42.0,26.0,20.0,360.0
-40.0,26.0,20.0,360.0
-38.0,26.0,20.0,360.0
-8.0,26.0,20.0,121.0
-6.0,26.0,20.0,258.0
-4.0,26.0,20.0,258.0
-2.0,26.0,20.0,258.0
2.0,26.0,20.0,258.0
4.0,26.0,20.0,258.0
6.0,26.0,20.0,531.0
40.0,26.0,20.0,284.0
42.0,26.0,20.0,284.0
44.0,26.0,20.0,284.0
46.0,26.0,20.0,284.0
48.0,26.0,20.0,119.0
50.0,26.0,20.0,119.0
52.0,26.0,20.0,119.0
54.0,26.0,20.0,119.0
56.0,26.0,20.0,119.0
-58.0,28.0,20.0,14.0
-56.0,28.0,20.0,14.0
-54.0,28.0,20.0,419.0
-52.0,28.0,20.0,419.0
-50.0,28.0,20.0,419.0
-48.0,28.0,20.0,419.0
-46.0,28.0,20.0,419.0
-44.0,28.0,20.0,419.0
-42.0,28.0,20.0,419.0
-40.0,28.0,20.0,360.0
-8.0,28.0,20.0,258.0
-6.0,28.0,20.0,258.0
-4.0,28.0,20.0,258.0
-2.0,28.0,20.0,258.0
2.0,28.0,20.0,258.0
4.0,28.0,20.0,258.0
6.0,28.0,20.0,258.0
38.0,28.0,20.0,284.0
40.0,28.0,20.0,284.0
42.0,28.0,20.0,284.0
44.0,28.0,20.0,284.0
46.0,28.0,20.0,284.0
48.0,28.0,20.0,119.0
50.0,28.0,20.0,119.0
52.0,28.0,20.0,119.0
54.0,28.0,20.0,119.0
56.0,28.0,20.0,119.0
-58.0,30.0,20.0,14.0
-56.0,30.0,20.0,14.0
-54.0,30.0,20.0,419.0
-52.0,30.0,20.0,419.0
-50.0,30.0,20.0,419.0
-48.0,30.0,20.0,419.0
-46.0,30.0,20.0,419.0
-44.0,30.0,20.0,419.0
-42.0,30.0,20.0,419.0
-40.0,30.0,20.0,360.0
-8.0,30.0,20.0,258.0
-6.0,30.0,20.0,258.0
-4.0,30.0,20.0,258.0
-2.0,30.0,20.0,258.0
2.0,30.0,20.0,258.0
4.0,30.0,20.0,258.0
6.0,30.0,20.0,258.0
36.0,30.0,20.0,284.0
38.0,30.0,20.0,284.0
40.0,30.0,20.0,284.0
42.0,30.0,20.0,284.0
44.0,30.0,20.0,284.0
46.0,30.0,20.0,284.0
48.0,30.0,20.0,284.0
50.0,30.0,20.0,119.0
52.0,30.0,20.0,119.0
54.0,30.0,20.0,119.0
-56.0,32.0,20.0,14.0
-54.0,32.0,20.0,419.0
-52.0,32.0,20.0,419.0
-50.0,32.0,20.0,419.0
-48.0,32.0,20.0,419.0
-46.0,32.0,20.0,419.0
-44.0,32.0,20.0,419.0
-42.0,32.0,20.0,419.0
-40.0,32.0,20.0,301.0
-38.0,32.0,20.0,360.0
-8.0,32.0,20.0,293.0
-6.0,32.0,20.0,293.0
-4.0,32.0,20.0,258.0
-2.0,32.0,20.0,258.0
2.0,32.0,20.0,258.0
4.0,32.0,20.0,258.0
6.0,32.0,20.0,258.0
8.0,32.0,20.0,320.0
36.0,32.0,20.0,284.0
38.0,32.0,20.0,284.0
40.0,32.0,20.0,284.0
42.0,32.0,20.0,284.0
44.0,32.0,20.0,284.0
46.0,32.0,20.0,284.0
48.0,32.0,20.0,146.0
50.0,32.0,20.0,146.0
52.0,32.0,20.0,119.0
54.0,32.0,20.0,119.0
-56.0,34.0,20.0,14.0
-54.0,34.0,20.0,419.0
-52.0,34.0,20.0,419.0
-50.0,34.0,20.0,419.0
-48.0,34.0,20.0,419.0
-46.0,34.0,20.0,419.0
-44.0,34.0,20.0,419.0
-42.0,34.0,20.0,301.0
-40.0,34.0,20.0,301.0
-38.0,34.0,20.0,301.0
-12.0,34.0,20.0,293.0
-10.0,34.0,20.0,293.0
-8.0,34.0,20.0,293.0
-6.0,34.0,20.0,293.0
-4.0,34.0,20.0,293.0
-2.0,34.0,20.0,293.0
2.0,34.0,20.0,258.0
4.0,34.0,20.0,258.0
6.0,34.0,20.0,258.0
8.0,34.0,20.0,320.0
10.0,34.0,20.0,320.0
36.0,34.0,20.0,284.0
38.0,34.0,20.0,284.0
40.0,34.0,20.0,284.0
42.0,34.0,20.0,284.0
44.0,34.0,20.0,284.0
46.0,34.0,20.0,284.0
48.0,34.0,20.0,146.0
50.0,34.0,20.0,146.0
52.0,34.0,20.0,146.0
-54.0,36.0,20.0,419.0
-52.0,36.0,20.0,437.0
-50.0,36.0,20.0,437.0
-48.0,36.0,20.0,437.0
-46.0,36.0,20.0,437.0
-44.0,36.0,20.0,437.0
-42.0,36.0,20.0,301.0
-40.0,36.0,20.0,301.0
-38.0,36.0,20.0,301.0
-14.0,36.0,20.0,497.0
-12.0,36.0,20.0,293.0
-10.0,36.0,20.0,293.0
-8.0,36.0,20.0,293.0
-6.0,36.0,20.0,293.0
-4.0,36.0,20.0,293.0
-2.0,36.0,20.0,293.0
0.0,36.0,20.0,293.0
2.0,36.0,20.0,293.0
4.0,36.0,20.0,258.0
6.0,36.0,20.0,258.0
8.0,36.0,20.0,320.0
10.0,36.0,20.0,320.0
12.0,36.0,20.0,320.0
38.0,36.0,20.0,284.0
40.0,36.0,20.0,284.0
42.0,36.0,20.0,284.0
44.0,36.0,20.0,284.0
46.0,36.0,20.0,284.0
48.0,36.0,20.0,146.0
50.0,36.0,20.0,146.0
52.0,36.0,20.0,146.0
-54.0,38.0,20.0,437.0
-52.0,38.0,20.0,437.0
-50.0,38.0,20.0,437.0
-48.0,38.0,20.0,437.0
-46.0,38.0,20.0,437.0
-44.0,38.0,20.0,437.0
-42.0,38.0,20.0,301.0
-40.0,38.0,20.0,301.0
-38.0,38.0,20.0,301.0
-14.0,38.0,20.0,497.0
-12.0,38.0,20.0,497.0
-10.0,38.0,20.0,293.0
-8.0,38.0,20.0,293.0
-6.0,38.0,20.0,293.0
-4.0,38.0,20.0,293.0
-2.0,38.0,20.0,293.0
0.0,38.0,20.0,293.0
2.0,38.0,20.0,293.0
4.0,38.0,20.0,293.0
6.0,38.0,20.0,293.0
8.0,38.0,20.0,320.0
10.0,38.0,20.0,320.0
12.0,38.0,20.0,320.0
14.0,38.0,20.0,320.0
36.0,38.0,20.0,518.0
38.0,38.0,20.0,284.0
40.0,38.0,20.0,284.0
42.0,38.0,20.0,284.0
44.0,38.0,20.0,284.0
46.0,38.0,20.0,146.0
48.0,38.0,20.0,146.0
50.0,38.0,20.0,146.0
-52.0,40.0,20.0,437.0
-50.0,40.0,20.0,437.0
-48.0,40.0,20.0,437.0
-46.0,40.0,20.0,437.0
-44.0,40.0,20.0,437.0
-42.0,40.0,20.0,301.0
-40.0,40.0,20.0,301.0
-38.0,40.0,20.0,301.0
-30.0,40.0,20.0,280.0
-28.0,40.0,20.0,497.0
-14.0,40.0,20.0,497.0
-12.0,40.0,20.0,497.0
-10.0,40.0,20.0,293.0
-8.0,40.0,20.0,293.0
-6.0,40.0,20.0,293.0
-4.0,40.0,20.0,293.0
-2.0,40.0,20.0,293.0
0.0,40.0,20.0,293.0
2.0,40.0,20.0,293.0
4.0,40.0,20.0,293.0
6.0,40.0,20.0,293.0
8.0,40.0,20.0,293.0
10.0,40.0,20.0,290.0
12.0,40.0,20.0,290.0
14.0,40.0,20.0,290.0
34.0,40.0,20.0,518.0
36.0,40.0,20.0,518.0
38.0,40.0,20.0,518.0
40.0,40.0,20.0,518.0
42.0,40.0,20.0,284.0
44.0,40.0,20.0,284.0
46.0,40.0,20.0,146.0
48.0,40.0,20.0,146.0
50.0,40.0,20.0,146.0
-50.0,42.0,20.0,437.0
-48.0,42.0,20.0,437.0
-46.0,42.0,20.0,437.0
-44.0,42.0,20.0,437.0
-42.0,42.0,20.0,301.0
-40.0,42.0,20.0,301.0
-38.0,42.0,20.0,301.0
-36.0,42.0,20.0,301.0
-32.0,42.0,20.0,280.0
-30.0,42.0,20.0,280.0
-28.0,42.0,20.0,280.0
-26.0,42.0,20.0,280.0
-14.0,42.0,20.0,497.0
-12.0,42.0,20.0,497.0
-10.0,42.0,20.0,293.0
-8.0,42.0,20.0,293.0
-6.0,42.0,20.0,293.0
-4.0,42.0,20.0,293.0
-2.0,42.0,20.0,293.0
0.0,42.0,20.0,293.0
2.0,42.0,20.0,293.0
4.0,42.0,20.0,293.0
6.0,42.0,20.0,290.0
8.0,42.0,20.0,290.0
10.0,42.0,20.0,290.0
12.0,42.0,20.0,290.0
14.0,42.0,20.0,525.0
34.0,42.0,20.0,518.0
36.0,42.0,20.0,518.0
38.0,42.0,20.0,518.0
40.0,42.0,20.0,518.0
42.0,42.0,20.0,518.0
44.0,42.0,20.0,284.0
46.0,42.0,20.0,146.0
48.0,42.0,20.0,146.0
-50.0,44.0,20.0,437.0
-48.0,44.0,20.0,437.0
-46.0,44.0,20.0,437.0
-44.0,44.0,20.0,437.0
-42.0,44.0,20.0,301.0
-40.0,44.0,20.0,301.0
-38.0,44.0,20.0,62.0
-36.0,44.0,20.0,62.0
-32.0,44.0,20.0,280.0
-30.0,44.0,20.0,280.0
-28.0,44.0,20.0,280.0
-26.0,44.0,20.0,280.0
-24.0,44.0,20.0,280.0
-14.0,44.0,20.0,497.0
-12.0,44.0,20.0,497.0
-10.0,44.0,20.0,293.0
-8.0,44.0,20.0,293.0
-6.0,44.0,20.0,293.0
-4.0,44.0,20.0,293.0
-2.0,44.0,20.0,293.0
0.0,44.0,20.0,218.0
2.0,44.0,20.0,218.0
4.0,44.0,20.0,290.0
6.0,44.0,20.0,290.0
8.0,44.0,20.0,290.0
10.0,44.0,20.0,290.0
12.0,44.0,20.0,525.0
14.0,44.0,20.0,525.0
24.0,44.0,20.0,518.0
26.0,44.0,20.0,518.0
28.0,44.0,20.0,518.0
36.0,44.0,20.0,518.0
38.0,44.0,20.0,518.0
40.0,44.0,20.0,518.0
42.0,44.0,20.0,518.0
44.0,44.0,20.0,518.0
46.0,44.0,20.0,146.0
48.0,44.0,20.0,146.0
-48.0,46.0,20.0,437.0
-46.0,46.0,20.0,437.0
-44.0,46.0,20.0,361.0
-42.0,46.0,20.0,361.0
-40.0,46.0,20.0,62.0
-38.0,46.0,20.0,62.0
-36.0,46.0,20.0,62.0
-34.0,46.0,20.0,280.0
-32.0,46.0,20.0,280.0
-30.0,46.0,20.0,280.0
-28.0,46.0,20.0,280.0
-26.0,46.0,20.0,280.0
-24.0,46.0,20.0,280.0
-14.0,46.0,20.0,497.0
-12.0,46.0,20.0,407.0
-10.0,46.0,20.0,407.0
-8.0,46.0,20.0,218.0
-6.0,46.0,20.0,218.0
-4.0,46.0,20.0,218.0
-2.0,46.0,20.0,218.0
0.0,46.0,20.0,218.0
2.0,46.0,20.0,290.0
4.0,46.0,20.0,290.0
6.0,46.0,20.0,290.0
8.0,46.0,20.0,290.0
10.0,46.0,20.0,525.0
12.0,46.0,20.0,525.0
14.0,46.0,20.0,525.0
22.0,46.0,20.0,525.0
24.0,46.0,20.0,518.0
26.0,46.0,20.0,518.0
28.0,46.0,20.0,518.0
30.0,46.0,20.0,518.0
34.0,46.0,20.0,518.0
36.0,46.0,20.0,518.0
38.0,46.0,20.0,518.0
40.0,46.0,20.0,518.0
42.0,46.0,20.0,518.0
44.0,46.0,20.0,518.0
46.0,46.0,20.0,146.0
-46.0,48.0,20.0,361.0
-44.0,48.0,20.0,361.0
-42.0,48.0,20.0,361.0
-40.0,48.0,20.0,62.0
-38.0,48.0,20.0,62.0
-36.0,48.0,20.0,62.0
-34.0,48.0,20.0,280.0
-32.0,48.0,20.0,280.0
-30.0,48.0,20.0,280.0
-28.0,48.0,20.0,280.0
-26.0,48.0,20.0,280.0
-24.0,48.0,20.0,280.0
-14.0,48.0,20.0,497.0
-12.0,48.0,20.0,378.0
-10.0,48.0,20.0,378.0
-8.0,48.0,20.0,378.0
-6.0,48.0,20.0,218.0
-4.0,48.0,20.0,218.0
-2.0,48.0,20.0,218.0
0.0,48.0,20.0,290.0
2.0,48.0,20.0,290.0
4.0,48.0,20.0,290.0
6.0,48.0,20.0,290.0
8.0,48.0,20.0,525.0
10.0,48.0,20.0,525.0
12.0,48.0,20.0,525.0
22.0,48.0,20.0,525.0
24.0,48.0,20.0,518.0
26.0,48.0,20.0,518.0
28.0,48.0,20.0,518.0
32.0,48.0,20.0,518.0
34.0,48.0,20.0,518.0
36.0,48.0,20.0,518.0
38.0,48.0,20.0,518.0
40.0,48.0,20.0,518.0
42.0,48.0,20.0,518.0
44.0,48.0,20.0,518.0
-46.0,50.0,20.0,361.0
-44.0,50.0,20.0,361.0
-42.0,50.0,20.0,361.0
-40.0,50.0,20.0,62.0
-38.0,50.0,20.0,62.0
-36.0,50.0,20.0,62.0
-34.0,50.0,20.0,280.0
-32.0,50.0,20.0,280.0
-30.0,50.0,20.0,280.0
-28.0,50.0,20.0,280.0
-26.0,50.0,20.0,280.0
-24.0,50.0,20.0,280.0
-12.0,50.0,20.0,378.0
-10.0,50.0,20.0,378.0
-8.0,50.0,20.0,378.0
-6.0,50.0,20.0,378.0
-4.0,50.0,20.0,218.0
-2.0,50.0,20.0,290.0
0.0,50.0,20.0,290.0
2.0,50.0,20.0,290.0
4.0,50.0,20.0,290.0
6.0,50.0,20.0,525.0
8.0,50.0,20.0,525.0
10.0,50.0,20.0,525.0
22.0,50.0,20.0,525.0
24.0,50.0,20.0,365.0
26.0,50.0,20.0,365.0
28.0,50.0,20.0,365.0
30.0,50.0,20.0,518.0
32.0,50.0,20.0,518.0
34.0,50.0,20.0,518.0
36.0,50.0,20.0,518.0
38.0,50.0,20.0,518.0
40.0,50.0,20.0,518.0
42.0,50.0,20.0,518.0
44.0,50.0,20.0,518.0
-44.0,52.0,20.0,361.0
-42.0,52.0,20.0,361.0
-40.0,52.0,20.0,62.0
-38.0,52.0,20.0,62.0
-36.0,52.0,20.0,62.0
-34.0,52.0,20.0,280.0
-32.0,52.0,20.0,280.0
-30.0,52.0,20.0,280.0
-28.0,52.0,20.0,280.0
-26.0,52.0,20.0,280.0
-24.0,52.0,20.0,280.0
-12.0,52.0,20.0,378.0
-10.0,52.0,20.0,378.0
-8.0,52.0,20.0,378.0
-6.0,52.0,20.0,378.0
-4.0,52.0,20.0,378.0
-2.0,52.0,20.0,290.0
0.0,52.0,20.0,290.0
2.0,52.0,20.0,290.0
4.0,52.0,20.0,525.0
6.0,52.0,20.0,525.0
8.0,52.0,20.0,525.0
10.0,52.0,20.0,525.0
20.0,52.0,20.0,525.0
22.0,52.0,20.0,525.0
24.0,52.0,20.0,365.0
26.0,52.0,20.0,365.0
28.0,52.0,20.0,365.0
30.0,52.0,20.0,365.0
32.0,52.0,20.0,365.0
34.0,52.0,20.0,365.0
36.0,52.0,20.0,365.0
38.0,52.0,20.0,365.0
40.0,52.0,20.0,518.0
42.0,52.0,20.0,518.0
-42.0,54.0,20.0,361.0
-40.0,54.0,20.0,158.0
-38.0,54.0,20.0,158.0
-36.0,54.0,20.0,158.0
-34.0,54.0,20.0,158.0
-32.0,54.0,20.0,280.0
-30.0,54.0,20.0,280.0
-28.0,54.0,20.0,280.0
-26.0,54.0,20.0,280.0
-24.0,54.0,20.0,280.0
-12.0,54.0,20.0,378.0
-10.0,54.0,20.0,378.0
-8.0,54.0,20.0,378.0
-6.0,54.0,20.0,378.0
-4.0,54.0,20.0,378.0
-2.0,54.0,20.0,290.0
0.0,54.0,20.0,290.0
2.0,54.0,20.0,525.0
4.0,54.0,20.0,525.0
6.0,54.0,20.0,525.0
8.0,54.0,20.0,525.0
10.0,54.0,20.0,525.0
20.0,54.0,20.0,525.0
22.0,54.0,20.0,525.0
24.0,54.0,20.0,365.0
26.0,54.0,20.0,365.0
28.0,54.0,20.0,365.0
30.0,54.0,20.0,365.0
32.0,54.0,20.0,365.0
34.0,54.0,20.0,365.0
36.0,54.0,20.0,365.0
38.0,54.0,20.0,365.0
40.0,54.0,20.0,365.0
-40.0,56.0,20.0,158.0
-38.0,56.0,20.0,158.0
-36.0,56.0,20.0,158.0
-34.0,56.0,20.0,158.0
-32.0,56.0,20.0,4.0
-30.0,56.0,20.0,4.0
-28.0,56.0,20.0,4.0
-26.0,56.0,20.0,4.0
-24.0,56.0,20.0,4.0
-22.0,56.0,20.0,4.0
-10.0,56.0,20.0,378.0
-8.0,56.0,20.0,378.0
-6.0,56.0,20.0,378.0
-4.0,56.0,20.0,378.0
-2.0,56.0,20.0,378.0
0.0,56.0,20.0,525.0
2.0,56.0,20.0,525.0
4.0,56.0,20.0,525.0
6.0,56.0,20.0,525.0
8.0,56.0,20.0,525.0
10.0,56.0,20.0,525.0
20.0,56.0,20.0,390.0
22.0,56.0,20.0,390.0
24.0,56.0,20.0,365.0
26.0,56.0,20.0,365.0
28.0,56.0,20.0,365.0
30.0,56.0,20.0,365.0
32.0,56.0,20.0,365.0
34.0,56.0,20.0,365.0
36.0,56.0,20.0,365.0
38.0,56.0,20.0,365.0
-38.0,58.0,20.0,158.0
-36.0,58.0,20.0,158.0
-34.0,58.0,20.0,158.0
-32.0,58.0,20.0,4.0
-30.0,58.0,20.0,4.0
-28.0,58.0,20.0,4.0
-26.0,58.0,20.0,4.0
-24.0,58.0,20.0,4.0
-22.0,58.0,20.0,4.0
-20.0,58.0,20.0,30.0
-18.0,58.0,20.0,30.0
-10.0,58.0,20.0,378.0
-8.0,58.0,20.0,378.0
-6.0,58.0,20.0,378.0
-4.0,58.0,20.0,378.0
-2.0,58.0,20.0,378.0
2.0,58.0,20.0,525.0
4.0,58.0,20.0,525.0
6.0,58.0,20.0,525.0
8.0,58.0,20.0,525.0
20.0,58.0,20.0,390.0
22.0,58.0,20.0,390.0
24.0,58.0,20.0,390.0
26.0,58.0,20.0,365.0
28.0,58.0,20.0,365.0
30.0,58.0,20.0,365.0
32.0,58.0,20.0,365.0
34.0,58.0,20.0,365.0
36.0,58.0,20.0,365.0
-36.0,60.0,20.0,158.0
-34.0,60.0,20.0,158.0
-32.0,60.0,20.0,4.0
-30.0,60.0,20.0,4.0
-28.0,60.0,20.0,4.0
-26.0,60.0,20.0,4.0
-24.0,60.0,20.0,4.0
-22.0,60.0,20.0,4.0
-20.0,60.0,20.0,30.0
-18.0,60.0,20.0,30.0
-16.0,60.0,20.0,30.0
-14.0,60.0,20.0,378.0
-10.0,60.0,20.0,378.0
-8.0,60.0,20.0,378.0
-6.0,60.0,20.0,378.0
-4.0,60.0,20.0,378.0
-2.0,60.0,20.0,378.0
2.0,60.0,20.0,251.0
4.0,60.0,20.0,251.0
6.0,60.0,20.0,251.0
8.0,60.0,20.0,251.0
16.0,60.0,20.0,390.0
18.0,60.0,20.0,390.0
20.0,60.0,20.0,390.0
22.0,60.0,20.0,390.0
24.0,60.0,20.0,390.0
26.0,60.0,20.0,365.0
28.0,60.0,20.0,365.0
30.0,60.0,20.0,365.0
32.0,60.0,20.0,365.0
-32.0,62.0,20.0,4.0
-30.0,62.0,20.0,4.0
-28.0,62.0,20.0,4.0
-26.0,62.0,20.0,4.0
-24.0,62.0,20.0,4.0
-22.0,62.0,20.0,30.0
-20.0,62.0,20.0,30.0
-18.0,62.0,20.0,30.0
-16.0,62.0,20.0,30.0
-14.0,62.0,20.0,378.0
-12.0,62.0,20.0,378.0
-10.0,62.0,20.0,378.0
-8.0,62.0,20.0,378.0
-6.0,62.0,20.0,378.0
-4.0,62.0,20.0,378.0
-2.0,62.0,20.0,378.0
2.0,62.0,20.0,251.0
4.0,62.0,20.0,251.0
6.0,62.0,20.0,251.0
8.0,62.0,20.0,251.0
10.0,62.0,20.0,251.0
12.0,62.0,20.0,390.0
14.0,62.0,20.0,390.0
16.0,62.0,20.0,390.0
18.0,62.0,20.0,390.0
20.0,62.0,20.0,390.0
22.0,62.0,20.0,390.0
24.0,62.0,20.0,390.0
26.0,62.0,20.0,390.0
28.0,62.0,20.0,365.0
30.0,62.0,20.0,365.0
-30.0,64.0,20.0,4.0
-28.0,64.0,20.0,4.0
-26.0,64.0,20.0,4.0
-24.0,64.0,20.0,4.0
-22.0,64.0,20.0,30.0
-20.0,64.0,20.0,30.0
-18.0,64.0,20.0,30.0
-16.0,64.0,20.0,30.0
-14.0,64.0,20.0,378.0
-12.0,64.0,20.0,378.0
-10.0,64.0,20.0,378.0
-8.0,64.0,20.0,378.0
-6.0,64.0,20.0,378.0
-4.0,64.0,20.0,378.0
-2.0,64.0,20.0,378.0
2.0,64.0,20.0,251.0
4.0,64.0,20.0,251.0
6.0,64.0,20.0,251.0
8.0,64.0,20.0,251.0
10.0,64.0,20.0,251.0
12.0,64.0,20.0,390.0
14.0,64.0,20.0,390.0
16.0,64.0,20.0,390.0
18.0,64.0,20.0,390.0
20.0,64.0,20.0,390.0
22.0,64.0,20.0,390.0
24.0,64.0,20.0,390.0
26.0,64.0,20.0,390.0
28.0,64.0,20.0,97.0
-26.0,66.0,20.0,4.0
-24.0,66.0,20.0,30.0
-22.0,66.0,20.0,30.0
-20.0,66.0,20.0,30.0
-18.0,66.0,20.0,30.0
-16.0,66.0,20.0,30.0
-14.0,66.0,20.0,30.0
-12.0,66.0,20.0,378.0
-10.0,66.0,20.0,378.0
-8.0,66.0,20.0,378.0
-6.0,66.0,20.0,378.0
-4.0,66.0,20.0,378.0
-2.0,66.0,20.0,251.0
2.0,66.0,20.0,251.0
4.0,66.0,20.0,251.0
6.0,66.0,20.0,251.0
8.0,66.0,20.0,251.0
10.0,66.0,20.0,251.0
12.0,66.0,20.0,251.0
14.0,66.0,20.0,390.0
16.0,66.0,20.0,390.0
18.0,66.0,20.0,390.0
20.0,66.0,20.0,390.0
22.0,66.0,20.0,390.0
24.0,66.0,20.0,390.0
-22.0,68.0,20.0,30.0
-20.0,68.0,20.0,30.0
-18.0,68.0,20.0,30.0
-16.0,68.0,20.0,30.0
-14.0,68.0,20.0,305.0
-12.0,68.0,20.0,305.0
-10.0,68.0,20.0,305.0
-8.0,68.0,20.0,378.0
-6.0,68.0,20.0,378.0
-4.0,68.0,20.0,378.0
-2.0,68.0,20.0,251.0
4.0,68.0,20.0,251.0
6.0,68.0,20.0,251.0
8.0,68.0,20.0,251.0
10.0,68.0,20.0,251.0
12.0,68.0,20.0,251.0
14.0,68.0,20.0,390.0
16.0,68.0,20.0,390.0
18.0,68.0,20.0,390.0
-14.0,70.0,20.0,305.0
-12.0,70.0,20.0,305.0
-10.0,70.0,20.0,305.0
-8.0,70.0,20.0,305.0
6.0,-100.0,22.0,222.0
8.0,-100.0,22.0,222.0
10.0,-100.0,22.0,139.0
12.0,-100.0,22.0,139.0
14.0,-100.0,22.0,139.0
16.0,-100.0,22.0,139.0
-22.0,-98.0,22.0,247.0
-20.0,-98.0,22.0,247.0
-18.0,-98.0,22.0,247.0
-16.0,-98.0,22.0,247.0
-14.0,-98.0,22.0,247.0
-12.0,-98.0,22.0,420.0
-10.0,-98.0,22.0,420.0
2.0,-98.0,22.0,222.0
4.0,-98.0,22.0,222.0
6.0,-98.0,22.0,222.0
8.0,-98.0,22.0,222.0
10.0,-98.0,22.0,139.0
12.0,-98.0,22.0,139.0
14.0,-98.0,22.0,139.0
16.0,-98.0,22.0,139.0
18.0,-98.0,22.0,139.0
20.0,-98.0,22.0,139.0
22.0,-98.0,22.0,139.0
-26.0,-96.0,22.0,247.0
-24.0,-96.0,22.0,247.0
-22.0,-96.0,22.0,247.0
-20.0,-96.0,22.0,247.0
-18.0,-96.0,22.0,247.0
-16.0,-96.0,22.0,247.0
-14.0,-96.0,22.0,247.0
-12.0,-96.0,22.0,420.0
-10.0,-96.0,22.0,420.0
2.0,-96.0,22.0,461.0
4.0,-96.0,22.0,222.0
6.0,-96.0,22.0,222.0
8.0,-96.0,22.0,222.0
10.0,-96.0,22.0,222.0
12.0,-96.0,22.0,139.0
14.0,-96.0,22.0,139.0
16.0,-96.0,22.0,139.0
18.0,-96.0,22.0,139.0
20.0,-96.0,22.0,139.0
22.0,-96.0,22.0,139.0
24.0,-96.0,22.0,139.0
26.0,-96.0,22.0,139.0
-30.0,-94.0,22.0,247.0
-28.0,-94.0,22.0,247.0
-26.0,-94.0,22.0,247.0
-24.0,-94.0,22.0,247.0
-22.0,-94.0,22.0,247.0
-20.0,-94.0,22.0,247.0
-18.0,-94.0,22.0,247.0
-16.0,-94.0,22.0,247.0
-14.0,-94.0,22.0,247.0
-12.0,-94.0,22.0,420.0
-10.0,-94.0,22.0,420.0
-8.0,-94.0,22.0,420.0
0.0,-94.0,22.0,461.0
2.0,-94.0,22.0,461.0
4.0,-94.0,22.0,461.0
6.0,-94.0,22.0,222.0
8.0,-94.0,22.0,222.0
10.0,-94.0,22.0,222.0
12.0,-94.0,22.0,139.0
14.0,-94.0,22.0,139.0
16.0,-94.0,22.0,139.0
18.0,-94.0,22.0,139.0
20.0,-94.0,22.0,139.0
22.0,-94.0,22.0,139.0
24.0,-94.0,22.0,139.0
26.0,-94.0,22.0,366.0
28.0,-94.0,22.0,366.0
30.0,-94.0,22.0,366.0
32.0,-94.0,22.0,366.0
-32.0,-92.0,22.0,279.0
-30.0,-92.0,22.0,247.0
-28.0,-92.0,22.0,247.0
-26.0,-92.0,22.0,247.0
-24.0,-92.0,22.0,247.0
-22.0,-92.0,22.0,247.0
-20.0,-92.0,22.0,247.0
-18.0,-92.0,22.0,247.0
-16.0,-92.0,22.0,247.0
-14.0,-92.0,22.0,420.0
-12.0,-92.0,22.0,420.0
-10.0,-92.0,22.0,420.0
-8.0,-92.0,22.0,461.0
-6.0,-92.0,22.0,461.0
-4.0,-92.0,22.0,461.0
-2.0,-92.0,22.0,461.0
0.0,-92.0,22.0,461.0
2.0,-92.0,22.0,461.0
4.0,-92.0,22.0,461.0
6.0,-92.0,22.0,222.0
8.0,-92.0,22.0,222.0
10.0,-92.0,22.0,222.0
12.0,-92.0,22.0,139.0
14.0,-92.0,22.0,139.0
16.0,-92.0,22.0,139.0
18.0,-92.0,22.0,139.0
20.0,-92.0,22.0,139.0
22.0,-92.0,22.0,139.0
24.0,-92.0,22.0,139.0
26.0,-92.0,22.0,366.0
28.0,-92.0,22.0,366.0
30.0,-92.0,22.0,366.0
32.0,-92.0,22.0,366.0
34.0,-92.0,22.0,366.0
-36.0,-90.0,22.0,279.0
-34.0,-90.0,22.0,279.0
-32.0,-90.0,22.0,279.0
-30.0,-90.0,22.0,454.0
-28.0,-90.0,22.0,454.0
-26.0,-90.0,22.0,247.0
-24.0,-90.0,22.0,247.0
-22.0,-90.0,22.0,247.0
-20.0,-90.0,22.0,247.0
-18.0,-90.0,22.0,247.0
-16.0,-90.0,22.0,247.0
-14.0,-90.0,22.0,420.0
-12.0,-90.0,22.0,420.0
-10.0,-90.0,22.0,420.0
-8.0,-90.0,22.0,461.0
-6.0,-90.0,22.0,461.0
-4.0,-90.0,22.0,461.0
-2.0,-90.0,22.0,461.0
0.0,-90.0,22.0,461.0
2.0,-90.0,22.0,461.0
4.0,-90.0,22.0,461.0
6.0,-90.0,22.0,461.0
8.0,-90.0,22.0,222.0
10.0,-90.0,22.0,222.0
12.0,-90.0,22.0,139.0
14.0,-90.0,22.0,139.0
16.0,-90.0,22.0,139.0
18.0,-90.0,22.0,139.0
20.0,-90.0,22.0,139.0
22.0,-90.0,22.0,139.0
24.0,-90.0,22.0,366.0
26.0,-90.0,22.0,366.0
28.0,-90.0,22.0,366.0
30.0,-90.0,22.0,366.0
32.0,-90.0,22.0,366.0
34.0,-90.0,22.0,366.0
36.0,-90.0,22.0,366.0
-38.0,-88.0,22.0,279.0
-36.0,-88.0,22.0,279.0
-34.0,-88.0,22.0,279.0
-32.0,-88.0,22.0,454.0
-30.0,-88.0,22.0,454.0
-28.0,-88.0,22.0,454.0
-26.0,-88.0,22.0,454.0
-24.0,-88.0,22.0,454.0
-22.0,-88.0,22.0,247.0
-20.0,-88.0,22.0,247.0
-18.0,-88.0,22.0,247.0
-16.0,-88.0,22.0,247.0
-14.0,-88.0,22.0,420.0
-12.0,-88.0,22.0,420.0
-10.0,-88.0,22.0,461.0
-8.0,-88.0,22.0,461.0
-6.0,-88.0,22.0,461.0
-4.0,-88.0,22.0,461.0
-2.0,-88.0,22.0,461.0
0.0,-88.0,22.0,461.0
2.0,-88.0,22.0,461.0
4.0,-88.0,22.0,461.0
6.0,-88.0,22.0,461.0
8.0,-88.0,22.0,461.0
10.0,-88.0,22.0,222.0
12.0,-88.0,22.0,222.0
14.0,-88.0,22.0,139.0
16.0,-88.0,22.0,139.0
18.0,-88.0,22.0,139.0
20.0,-88.0,22.0,139.0
22.0,-88.0,22.0,366.0
24.0,-88.0,22.0,366.0
26.0,-88.0,22.0,366.0
28.0,-88.0,22.0,366.0
30.0,-88.0,22.0,366.0
32.0,-88.0,22.0,366.0
34.0,-88.0,22.0,366.0
36.0,-88.0,22.0,366.0
38.0,-88.0,22.0,366.0
40.0,-88.0,22.0,534.0
42.0,-88.0,22.0,99.0
-42.0,-86.0,22.0,279.0
-40.0,-86.0,22.0,279.0
-38.0,-86.0,22.0,279.0
-36.0,-86.0,22.0,279.0
-34.0,-86.0,22.0,454.0
-32.0,-86.0,22.0,454.0
-30.0,-86.0,22.0,454.0
-28.0,-86.0,22.0,454.0
-26.0,-86.0,22.0,454.0
-24.0,-86.0,22.0,454.0
-22.0,-86.0,22.0,454.0
-20.0,-86.0,22.0,454.0
-18.0,-86.0,22.0,247.0
-16.0,-86.0,22.0,247.0
-14.0,-86.0,22.0,420.0
-12.0,-86.0,22.0,461.0
-10.0,-86.0,22.0,461.0
-8.0,-86.0,22.0,461.0
-6.0,-86.0,22.0,461.0
-4.0,-86.0,22.0,461.0
-2.0,-86.0,22.0,461.0
0.0,-86.0,22.0,461.0
2.0,-86.0,22.0,461.0
4.0,-86.0,22.0,461.0
6.0,-86.0,22.0,461.0
8.0,-86.0,22.0,461.0
10.0,-86.0,22.0,461.0
12.0,-86.0,22.0,222.0
14.0,-86.0,22.0,139.0
16.0,-86.0,22.0,139.0
18.0,-86.0,22.0,139.0
20.0,-86.0,22.0,139.0
22.0,-86.0,22.0,366.0
24.0,-86.0,22.0,366.0
26.0,-86.0,22.0,366.0
28.0,-86.0,22.0,366.0
30.0,-86.0,22.0,366.0
32.0,-86.0,22.0,366.0
34.0,-86.0,22.0,366.0
36.0,-86.0,22.0,534.0
38.0,-86.0,22.0,534.0
40.0,-86.0,22.0,99.0
42.0,-86.0,22.0,99.0
44.0,-86.0,22.0,99.0
-42.0,-84.0,22.0,279.0
-40.0,-84.0,22.0,279.0
-38.0,-84.0,22.0,279.0
-36.0,-84.0,22.0,454.0
-34.0,-84.0,22.0,454.0
-32.0,-84.0,22.0,454.0
-30.0,-84.0,22.0,454.0
-28.0,-84.0,22.0,454.0
-26.0,-84.0,22.0,454.0
-24.0,-84.0,22.0,454.0
-22.0,-84.0,22.0,454.0
-20.0,-84.0,22.0,454.0
-18.0,-84.0,22.0,454.0
-16.0,-84.0,22.0,454.0
-14.0,-84.0,22.0,461.0
-12.0,-84.0,22.0,461.0
-10.0,-84.0,22.0,461.0
-8.0,-84.0,22.0,461.0
-6.0,-84.0,22.0,461.0
-4.0,-84.0,22.0,461.0
-2.0,-84.0,22.0,461.0
0.0,-84.0,22.0,461.0
2.0,-84.0,22.0,461.0
4.0,-84.0,22.0,461.0
6.0,-84.0,22.0,461.0
8.0,-84.0,22.0,461.0
10.0,-84.0,22.0,461.0
12.0,-84.0,22.0,222.0
14.0,-84.0,22.0,139.0
16.0,-84.0,22.0,139.0
18.0,-84.0,22.0,139.0
20.0,-84.0,22.0,366.0
22.0,-84.0,22.0,366.0
24.0,-84.0,22.0,366.0
26.0,-84.0,22.0,366.0
28.0,-84.0,22.0,366.0
30.0,-84.0,22.0,366.0
32.0,-84.0,22.0,534.0
34.0,-84.0,22.0,534.0
36.0,-84.0,22.0,534.0
38.0,-84.0,22.0,534.0
40.0,-84.0,22.0,99.0
42.0,-84.0,22.0,99.0
44.0,-84.0,22.0,99.0
46.0,-84.0,22.0,99.0
-42.0,-82.0,22.0,423.0
-40.0,-82.0,22.0,423.0
-38.0,-82.0,22.0,454.0
-36.0,-82.0,22.0,454.0
-34.0,-82.0,22.0,454.0
-32.0,-82.0,22.0,454.0
-30.0,-82.0,22.0,454.0
-28.0,-82.0,22.0,454.0
-26.0,-82.0,22.0,454.0
-24.0,-82.0,22.0,454.0
-22.0,-82.0,22.0,454.0
-20.0,-82.0,22.0,454.0
-18.0,-82.0,22.0,454.0
-16.0,-82.0,22.0,454.0
-14.0,-82.0,22.0,349.0
-12.0,-82.0,22.0,461.0
-10.0,-82.0,22.0,461.0
-8.0,-82.0,22.0,461.0
-6.0,-82.0,22.0,461.0
-4.0,-82.0,22.0,461.0
-2.0,-82.0,22.0,461.0
0.0,-82.0,22.0,461.0
2.0,-82.0,22.0,461.0
4.0,-82.0,22.0,461.0
6.0,-82.0,22.0,461.0
8.0,-82.0,22.0,461.0
10.0,-82.0,22.0,461.0
12.0,-82.0,22.0,461.0
14.0,-82.0,22.0,222.0
16.0,-82.0,22.0,139.0
18.0,-82.0,22.0,366.0
20.0,-82.0,22.0,366.0
22.0,-82.0,22.0,366.0
24.0,-82.0,22.0,366.0
26.0,-82.0,22.0,366.0
28.0,-82.0,22.0,534.0
30.0,-82.0,22.0,534.0
32.0,-82.0,22.0,534.0
34.0,-82.0,22.0,534.0
36.0,-82.0,22.0,534.0
38.0,-82.0,22.0,534.0
40.0,-82.0,22.0,99.0
42.0,-82.0,22.0,99.0
44.0,-82.0,22.0,99.0
46.0,-82.0,22.0,99.0
48.0,-82.0,22.0,99.0
-48.0,-80.0,22.0,595.0
-46.0,-80.0,22.0,423.0
-42.0,-80.0,22.0,423.0
-40.0,-80.0,22.0,423.0
-38.0,-80.0,22.0,423.0
-36.0,-80.0,22.0,454.0
-34.0,-80.0,22.0,454.0
-32.0,-80.0,22.0,454.0
-30.0,-80.0,22.0,454.0
-28.0,-80.0,22.0,454.0
-20.0,-80.0,22.0,454.0
-18.0,-80.0,22.0,454.0
-16.0,-80.0,22.0,349.0
-14.0,-80.0,22.0,349.0
-10.0,-80.0,22.0,461.0
-8.0,-80.0,22.0,461.0
-6.0,-80.0,22.0,461.0
-4.0,-80.0,22.0,461.0
-2.0,-80.0,22.0,461.0
0.0,-80.0,22.0,461.0
2.0,-80.0,22.0,461.0
4.0,-80.0,22.0,461.0
6.0,-80.0,22.0,461.0
8.0,-80.0,22.0,461.0
10.0,-80.0,22.0,461.0
12.0,-80.0,22.0,219.0
14.0,-80.0,22.0,219.0
16.0,-80.0,22.0,219.0
18.0,-80.0,22.0,366.0
20.0,-80.0,22.0,366.0
22.0,-80.0,22.0,366.0
24.0,-80.0,22.0,537.0
26.0,-80.0,22.0,537.0
28.0,-80.0,22.0,537.0
30.0,-80.0,22.0,537.0
32.0,-80.0,22.0,537.0
34.0,-80.0,22.0,537.0
36.0,-80.0,22.0,537.0
38.0,-80.0,22.0,537.0
40.0,-80.0,22.0,99.0
42.0,-80.0,22.0,99.0
44.0,-80.0,22.0,99.0
46.0,-80.0,22.0,99.0
48.0,-80.0,22.0,99.0
-50.0,-78.0,22.0,595.0
-48.0,-78.0,22.0,595.0
-46.0,-78.0,22.0,423.0
-44.0,-78.0,22.0,423.0
-42.0,-78.0,22.0,423.0
-40.0,-78.0,22.0,423.0
-38.0,-78.0,22.0,423.0
-36.0,-78.0,22.0,423.0
-34.0,-78.0,22.0,454.0
-32.0,-78.0,22.0,454.0
-30.0,-78.0,22.0,454.0
-28.0,-78.0,22.0,454.0
-10.0,-78.0,22.0,349.0
-8.0,-78.0,22.0,349.0
-6.0,-78.0,22.0,461.0
-4.0,-78.0,22.0,461.0
-2.0,-78.0,22.0,461.0
0.0,-78.0,22.0,461.0
2.0,-78.0,22.0,461.0
4.0,-78.0,22.0,461.0
6.0,-78.0,22.0,578.0
8.0,-78.0,22.0,578.0
10.0,-78.0,22.0,578.0
12.0,-78.0,22.0,219.0
14.0,-78.0,22.0,219.0
16.0,-78.0,22.0,219.0
18.0,-78.0,22.0,537.0
20.0,-78.0,22.0,537.0
22.0,-78.0,22.0,537.0
24.0,-78.0,22.0,537.0
26.0,-78.0,22.0,537.0
28.0,-78.0,22.0,537.0
30.0,-78.0,22.0,537.0
34.0,-78.0,22.0,537.0
36.0,-78.0,22.0,537.0
38.0,-78.0,22.0,537.0
40.0,-78.0,22.0,99.0
42.0,-78.0,22.0,99.0
44.0,-78.0,22.0,99.0
46.0,-78.0,22.0,99.0
48.0,-78.0,22.0,99.0
50.0,-78.0,22.0,99.0
52.0,-78.0,22.0,99.0
-52.0,-76.0,22.0,595.0
-50.0,-76.0,22.0,595.0
-48.0,-76.0,22.0,595.0
-46.0,-76.0,22.0,423.0
-44.0,-76.0,22.0,423.0
-42.0,-76.0,22.0,423.0
-40.0,-76.0,22.0,423.0
-38.0,-76.0,22.0,423.0
-36.0,-76.0,22.0,423.0
-34.0,-76.0,22.0,423.0
-32.0,-76.0,22.0,454.0
-30.0,-76.0,22.0,454.0
-28.0,-76.0,22.0,454.0
-26.0,-76.0,22.0,454.0
-20.0,-76.0,22.0,349.0
-18.0,-76.0,22.0,349.0
-12.0,-76.0,22.0,349.0
-10.0,-76.0,22.0,349.0
-8.0,-76.0,22.0,349.0
-6.0,-76.0,22.0,349.0
-4.0,-76.0,22.0,349.0
-2.0,-76.0,22.0,578.0
0.0,-76.0,22.0,578.0
2.0,-76.0,22.0,578.0
4.0,-76.0,22.0,578.0
6.0,-76.0,22.0,578.0
8.0,-76.0,22.0,578.0
10.0,-76.0,22.0,578.0
12.0,-76.0,22.0,578.0
14.0,-76.0,22.0,219.0
16.0,-76.0,22.0,219.0
18.0,-76.0,22.0,537.0
20.0,-76.0,22.0,537.0
22.0,-76.0,22.0,537.0
24.0,-76.0,22.0,537.0
26.0,-76.0,22.0,537.0
28.0,-76.0,22.0,537.0
30.0,-76.0,22.0,537.0
32.0,-76.0,22.0,537.0
34.0,-76.0,22.0,537.0
36.0,-76.0,22.0,537.0
38.0,-76.0,22.0,537.0
40.0,-76.0,22.0,537.0
42.0,-76.0,22.0,99.0
44.0,-76.0,22.0,99.0
46.0,-76.0,22.0,99.0
48.0,-76.0,22.0,99.0
50.0,-76.0,22.0,99.0
52.0,-76.0,22.0,99.0
-52.0,-74.0,22.0,595.0
-50.0,-74.0,22.0,595.0
-48.0,-74.0,22.0,595.0
-46.0,-74.0,22.0,570.0
-44.0,-74.0,22.0,423.0
-42.0,-74.0,22.0,423.0
-40.0,-74.0,22.0,423.0
-38.0,-74.0,22.0,423.0
-36.0,-74.0,22.0,423.0
-34.0,-74.0,22.0,423.0
-32.0,-74.0,22.0,423.0
-30.0,-74.0,22.0,454.0
-28.0,-74.0,22.0,454.0
-26.0,-74.0,22.0,454.0
-22.0,-74.0,22.0,454.0
-20.0,-74.0,22.0,349.0
-18.0,-74.0,22.0,349.0
-16.0,-74.0,22.0,349.0
-12.0,-74.0,22.0,349.0
-10.0,-74.0,22.0,349.0
-8.0,-74.0,22.0,349.0
-6.0,-74.0,22.0,349.0
-4.0,-74.0,22.0,349.0
-2.0,-74.0,22.0,578.0
0.0,-74.0,22.0,578.0
2.0,-74.0,22.0,578.0
4.0,-74.0,22.0,578.0
6.0,-74.0,22.0,578.0
8.0,-74.0,22.0,578.0
10.0,-74.0,22.0,578.0
12.0,-74.0,22.0,578.0
14.0,-74.0,22.0,219.0
16.0,-74.0,22.0,219.0
18.0,-74.0,22.0,537.0
20.0,-74.0,22.0,537.0
22.0,-74.0,22.0,537.0
24.0,-74.0,22.0,537.0
26.0,-74.0,22.0,537.0
28.0,-74.0,22.0,537.0
30.0,-74.0,22.0,537.0
32.0,-74.0,22.0,537.0
34.0,-74.0,22.0,537.0
36.0,-74.0,22.0,537.0
38.0,-74.0,22.0,537.0
40.0,-74.0,22.0,537.0
42.0,-74.0,22.0,99.0
44.0,-74.0,22.0,99.0
46.0,-74.0,22.0,99.0
48.0,-74.0,22.0,99.0
50.0,-74.0,22.0,99.0
52.0,-74.0,22.0,99.0
54.0,-74.0,22.0,99.0
-54.0,-72.0,22.0,595.0
-52.0,-72.0,22.0,595.0
-50.0,-72.0,22.0,595.0
-48.0,-72.0,22.0,595.0
-46.0,-72.0,22.0,570.0
-44.0,-72.0,22.0,423.0
-42.0,-72.0,22.0,423.0
-40.0,-72.0,22.0,423.0
-38.0,-72.0,22.0,423.0
-36.0,-72.0,22.0,423.0
-34.0,-72.0,22.0,423.0
-32.0,-72.0,22.0,423.0
-30.0,-72.0,22.0,423.0
-28.0,-72.0,22.0,454.0
-22.0,-72.0,22.0,349.0
-20.0,-72.0,22.0,349.0
-18.0,-72.0,22.0,349.0
-16.0,-72.0,22.0,349.0
-14.0,-72.0,22.0,349.0
-12.0,-72.0,22.0,349.0
-10.0,-72.0,22.0,349.0
-8.0,-72.0,22.0,349.0
-6.0,-72.0,22.0,349.0
-4.0,-72.0,22.0,349.0
-2.0,-72.0,22.0,578.0
0.0,-72.0,22.0,578.0
2.0,-72.0,22.0,578.0
4.0,-72.0,22.0,578.0
6.0,-72.0,22.0,578.0
8.0,-72.0,22.0,578.0
10.0,-72.0,22.0,578.0
12.0,-72.0,22.0,578.0
14.0,-72.0,22.0,578.0
16.0,-72.0,22.0,219.0
18.0,-72.0,22.0,537.0
20.0,-72.0,22.0,537.0
22.0,-72.0,22.0,537.0
24.0,-72.0,22.0,537.0
26.0,-72.0,22.0,537.0
28.0,-72.0,22.0,537.0
30.0,-72.0,22.0,537.0
32.0,-72.0,22.0,537.0
36.0,-72.0,22.0,537.0
38.0,-72.0,22.0,537.0
40.0,-72.0,22.0,537.0
42.0,-72.0,22.0,99.0
44.0,-72.0,22.0,99.0
46.0,-72.0,22.0,99.0
48.0,-72.0,22.0,99.0
50.0,-72.0,22.0,99.0
52.0,-72.0,22.0,99.0
-56.0,-70.0,22.0,595.0
-54.0,-70.0,22.0,595.0
-52.0,-70.0,22.0,595.0
-50.0,-70.0,22.0,595.0
-48.0,-70.0,22.0,595.0
-46.0,-70.0,22.0,570.0
-44.0,-70.0,22.0,570.0
-42.0,-70.0,22.0,423.0
-36.0,-70.0,22.0,423.0
-34.0,-70.0,22.0,423.0
-32.0,-70.0,22.0,423.0
-30.0,-70.0,22.0,423.0
-28.0,-70.0,22.0,541.0
-22.0,-70.0,22.0,349.0
-20.0,-70.0,22.0,349.0
-18.0,-70.0,22.0,349.0
-16.0,-70.0,22.0,349.0
-14.0,-70.0,22.0,349.0
-12.0,-70.0,22.0,349.0
-10.0,-70.0,22.0,349.0
-8.0,-70.0,22.0,349.0
-6.0,-70.0,22.0,349.0
-4.0,-70.0,22.0,61.0
2.0,-70.0,22.0,578.0
4.0,-70.0,22.0,578.0
6.0,-70.0,22.0,578.0
8.0,-70.0,22.0,578.0
10.0,-70.0,22.0,578.0
12.0,-70.0,22.0,578.0
14.0,-70.0,22.0,243.0
16.0,-70.0,22.0,243.0
18.0,-70.0,22.0,537.0
20.0,-70.0,22.0,537.0
22.0,-70.0,22.0,537.0
24.0,-70.0,22.0,537.0
26.0,-70.0,22.0,537.0
28.0,-70.0,22.0,537.0
30.0,-70.0,22.0,537.0
32.0,-70.0,22.0,537.0
36.0,-70.0,22.0,537.0
38.0,-70.0,22.0,537.0
40.0,-70.0,22.0,537.0
42.0,-70.0,22.0,99.0
44.0,-70.0,22.0,99.0
46.0,-70.0,22.0,99.0
48.0,-70.0,22.0,99.0
50.0,-70.0,22.0,99.0
52.0,-70.0,22.0,99.0
54.0,-70.0,22.0,370.0
56.0,-70.0,22.0,370.0
-58.0,-68.0,22.0,584.0
-56.0,-68.0,22.0,584.0
-54.0,-68.0,22.0,595.0
-52.0,-68.0,22.0,595.0
-50.0,-68.0,22.0,595.0
-48.0,-68.0,22.0,570.0
-46.0,-68.0,22.0,570.0
-44.0,-68.0,22.0,570.0
-42.0,-68.0,22.0,570.0
-36.0,-68.0,22.0,541.0
-34.0,-68.0,22.0,541.0
-32.0,-68.0,22.0,541.0
-30.0,-68.0,22.0,541.0
-22.0,-68.0,22.0,583.0
-20.0,-68.0,22.0,583.0
-18.0,-68.0,22.0,349.0
-16.0,-68.0,22.0,349.0
-14.0,-68.0,22.0,349.0
-12.0,-68.0,22.0,349.0
-10.0,-68.0,22.0,349.0
-8.0,-68.0,22.0,61.0
-6.0,-68.0,22.0,61.0
-4.0,-68.0,22.0,61.0
0.0,-68.0,22.0,578.0
2.0,-68.0,22.0,578.0
4.0,-68.0,22.0,578.0
6.0,-68.0,22.0,578.0
8.0,-68.0,22.0,243.0
10.0,-68.0,22.0,243.0
12.0,-68.0,22.0,243.0
14.0,-68.0,22.0,243.0
16.0,-68.0,22.0,469.0
24.0,-68.0,22.0,537.0
26.0,-68.0,22.0,537.0
28.0,-68.0,22.0,537.0
30.0,-68.0,22.0,537.0
36.0,-68.0,22.0,537.0
38.0,-68.0,22.0,537.0
40.0,-68.0,22.0,537.0
42.0,-68.0,22.0,572.0
44.0,-68.0,22.0,309.0
46.0,-68.0,22.0,309.0
48.0,-68.0,22.0,309.0
50.0,-68.0,22.0,309.0
52.0,-68.0,22.0,309.0
54.0,-68.0,22.0,370.0
56.0,-68.0,22.0,370.0
-58.0,-66.0,22.0,584.0
-56.0,-66.0,22.0,584.0
-54.0,-66.0,22.0,584.0
-52.0,-66.0,22.0,595.0
-50.0,-66.0,22.0,595.0
-48.0,-66.0,22.0,299.0
-46.0,-66.0,22.0,299.0
-44.0,-66.0,22.0,299.0
-42.0,-66.0,22.0,299.0
-36.0,-66.0,22.0,541.0
-34.0,-66.0,22.0,541.0
-32.0,-66.0,22.0,541.0
-22.0,-66.0,22.0,583.0
-20.0,-66.0,22.0,583.0
-18.0,-66.0,22.0,583.0
-16.0,-66.0,22.0,583.0
-14.0,-66.0,22.0,349.0
-12.0,-66.0,22.0,61.0
-10.0,-66.0,22.0,61.0
-8.0,-66.0,22.0,61.0
-6.0,-66.0,22.0,61.0
-4.0,-66.0,22.0,61.0
-2.0,-66.0,22.0,61.0
0.0,-66.0,22.0,243.0
2.0,-66.0,22.0,243.0
4.0,-66.0,22.0,243.0
6.0,-66.0,22.0,243.0
8.0,-66.0,22.0,243.0
10.0,-66.0,22.0,243.0
12.0,-66.0,22.0,243.0
14.0,-66.0,22.0,243.0
18.0,-66.0,22.0,469.0
20.0,-66.0,22.0,469.0
22.0,-66.0,22.0,537.0
26.0,-66.0,22.0,537.0
28.0,-66.0,22.0,537.0
36.0,-66.0,22.0,537.0
38.0,-66.0,22.0,572.0
40.0,-66.0,22.0,572.0
42.0,-66.0,22.0,572.0
44.0,-66.0,22.0,309.0
46.0,-66.0,22.0,309.0
48.0,-66.0,22.0,309.0
50.0,-66.0,22.0,309.0
52.0,-66.0,22.0,309.0
54.0,-66.0,22.0,309.0
56.0,-66.0,22.0,370.0
58.0,-66.0,22.0,370.0
-60.0,-64.0,22.0,584.0
-58.0,-64.0,22.0,584.0
-56.0,-64.0,22.0,584.0
-54.0,-64.0,22.0,584.0
-52.0,-64.0,22.0,584.0
-50.0,-64.0,22.0,299.0
-48.0,-64.0,22.0,299.0
-46.0,-64.0,22.0,299.0
-44.0,-64.0,22.0,299.0
-42.0,-64.0,22.0,299.0
-36.0,-64.0,22.0,541.0
-34.0,-64.0,22.0,541.0
-24.0,-64.0,22.0,583.0
-22.0,-64.0,22.0,583.0
-20.0,-64.0,22.0,583.0
-18.0,-64.0,22.0,583.0
-16.0,-64.0,22.0,583.0
-14.0,-64.0,22.0,583.0
-12.0,-64.0,22.0,118.0
-10.0,-64.0,22.0,118.0
-8.0,-64.0,22.0,118.0
-6.0,-64.0,22.0,118.0
-4.0,-64.0,22.0,118.0
-2.0,-64.0,22.0,118.0
0.0,-64.0,22.0,243.0
2.0,-64.0,22.0,243.0
4.0,-64.0,22.0,243.0
6.0,-64.0,22.0,243.0
8.0,-64.0,22.0,243.0
10.0,-64.0,22.0,243.0
12.0,-64.0,22.0,243.0
14.0,-64.0,22.0,243.0
16.0,-64.0,22.0,469.0
18.0,-64.0,22.0,469.0
20.0,-64.0,22.0,469.0
22.0,-64.0,22.0,469.0
26.0,-64.0,22.0,537.0
28.0,-64.0,22.0,537.0
38.0,-64.0,22.0,572.0
40.0,-64.0,22.0,572.0
44.0,-64.0,22.0,309.0
46.0,-64.0,22.0,309.0
48.0,-64.0,22.0,309.0
50.0,-64.0,22.0,309.0
52.0,-64.0,22.0,309.0
54.0,-64.0,22.0,309.0
56.0,-64.0,22.0,210.0
58.0,-64.0,22.0,210.0
60.0,-64.0,22.0,210.0
-60.0,-62.0,22.0,584.0
-58.0,-62.0,22.0,584.0
-56.0,-62.0,22.0,584.0
-54.0,-62.0,22.0,584.0
-52.0,-62.0,22.0,584.0
-50.0,-62.0,22.0,299.0
-48.0,-62.0,22.0,299.0
-46.0,-62.0,22.0,299.0
-44.0,-62.0,22.0,299.0
-42.0,-62.0,22.0,299.0
-24.0,-62.0,22.0,583.0
-22.0,-62.0,22.0,583.0
-20.0,-62.0,22.0,583.0
-18.0,-62.0,22.0,583.0
-16.0,-62.0,22.0,583.0
-14.0,-62.0,22.0,583.0
-12.0,-62.0,22.0,118.0
-10.0,-62.0,22.0,118.0
-8.0,-62.0,22.0,118.0
-6.0,-62.0,22.0,118.0
-4.0,-62.0,22.0,118.0
-2.0,-62.0,22.0,118.0
0.0,-62.0,22.0,243.0
2.0,-62.0,22.0,243.0
4.0,-62.0,22.0,243.0
6.0,-62.0,22.0,243.0
8.0,-62.0,22.0,243.0
10.0,-62.0,22.0,243.0
12.0,-62.0,22.0,243.0
14.0,-62.0,22.0,469.0
16.0,-62.0,22.0,469.0
18.0,-62.0,22.0,469.0
20.0,-62.0,22.0,469.0
22.0,-62.0,22.0,469.0
44.0,-62.0,22.0,190.0
46.0,-62.0,22.0,190.0
48.0,-62.0,22.0,309.0
50.0,-62.0,22.0,309.0
52.0,-62.0,22.0,309.0
54.0,-62.0,22.0,210.0
56.0,-62.0,22.0,210.0
58.0,-62.0,22.0,210.0
60.0,-62.0,22.0,210.0
-62.0,-60.0,22.0,584.0
-60.0,-60.0,22.0,584.0
-58.0,-60.0,22.0,584.0
-56.0,-60.0,22.0,584.0
-54.0,-60.0,22.0,584.0
-52.0,-60.0,22.0,584.0
-50.0,-60.0,22.0,299.0
-48.0,-60.0,22.0,299.0
-46.0,-60.0,22.0,299.0
-44.0,-60.0,22.0,299.0
-42.0,-60.0,22.0,299.0
-26.0,-60.0,22.0,583.0
-24.0,-60.0,22.0,583.0
-22.0,-60.0,22.0,583.0
-20.0,-60.0,22.0,583.0
-18.0,-60.0,22.0,583.0
-16.0,-60.0,22.0,583.0
-14.0,-60.0,22.0,583.0
-12.0,-60.0,22.0,118.0
-10.0,-60.0,22.0,118.0
-8.0,-60.0,22.0,118.0
-6.0,-60.0,22.0,118.0
-4.0,-60.0,22.0,118.0
-2.0,-60.0,22.0,118.0
0.0,-60.0,22.0,243.0
2.0,-60.0,22.0,243.0
4.0,-60.0,22.0,243.0
6.0,-60.0,22.0,243.0
8.0,-60.0,22.0,243.0
10.0,-60.0,22.0,243.0
12.0,-60.0,22.0,243.0
14.0,-60.0,22.0,469.0
16.0,-60.0,22.0,469.0
18.0,-60.0,22.0,469.0
20.0,-60.0,22.0,469.0
22.0,-60.0,22.0,469.0
46.0,-60.0,22.0,190.0
48.0,-60.0,22.0,190.0
50.0,-60.0,22.0,309.0
52.0,-60.0,22.0,203.0
54.0,-60.0,22.0,203.0
56.0,-60.0,22.0,203.0
58.0,-60.0,22.0,203.0
60.0,-60.0,22.0,203.0
62.0,-60.0,22.0,203.0
-62.0,-58.0,22.0,584.0
-60.0,-58.0,22.0,584.0
-58.0,-58.0,22.0,584.0
-56.0,-58.0,22.0,584.0
-54.0,-58.0,22.0,584.0
-52.0,-58.0,22.0,50.0
-50.0,-58.0,22.0,50.0
-48.0,-58.0,22.0,299.0
-46.0,-58.0,22.0,299.0
-44.0,-58.0,22.0,299.0
-42.0,-58.0,22.0,299.0
-26.0,-58.0,22.0,17.0
-24.0,-58.0,22.0,17.0
-22.0,-58.0,22.0,17.0
-20.0,-58.0,22.0,17.0
-18.0,-58.0,22.0,17.0
-16.0,-58.0,22.0,17.0
-14.0,-58.0,22.0,17.0
-12.0,-58.0,22.0,17.0
-10.0,-58.0,22.0,118.0
-8.0,-58.0,22.0,118.0
-6.0,-58.0,22.0,118.0
-4.0,-58.0,22.0,118.0
-2.0,-58.0,22.0,243.0
0.0,-58.0,22.0,243.0
2.0,-58.0,22.0,243.0
4.0,-58.0,22.0,243.0
6.0,-58.0,22.0,243.0
8.0,-58.0,22.0,243.0
10.0,-58.0,22.0,243.0
12.0,-58.0,22.0,469.0
14.0,-58.0,22.0,469.0
16.0,-58.0,22.0,469.0
18.0,-58.0,22.0,469.0
20.0,-58.0,22.0,469.0
44.0,-58.0,22.0,190.0
46.0,-58.0,22.0,190.0
48.0,-58.0,22.0,190.0
50.0,-58.0,22.0,190.0
52.0,-58.0,22.0,203.0
54.0,-58.0,22.0,203.0
56.0,-58.0,22.0,203.0
58.0,-58.0,22.0,203.0
60.0,-58.0,22.0,203.0
62.0,-58.0,22.0,203.0
-64.0,-56.0,22.0,42.0
-62.0,-56.0,22.0,42.0
-60.0,-56.0,22.0,42.0
-58.0,-56.0,22.0,42.0
-56.0,-56.0,22.0,50.0
-54.0,-56.0,22.0,50.0
-52.0,-56.0,22.0,50.0
-50.0,-56.0,22.0,50.0
-48.0,-56.0,22.0,50.0
-46.0,-56.0,22.0,50.0
-44.0,-56.0,22.0,299.0
-26.0,-56.0,22.0,17.0
-24.0,-56.0,22.0,17.0
-22.0,-56.0,22.0,17.0
-20.0,-56.0,22.0,17.0
-18.0,-56.0,22.0,17.0
-16.0,-56.0,22.0,17.0
-14.0,-56.0,22.0,17.0
-12.0,-56.0,22.0,17.0
-10.0,-56.0,22.0,17.0
-8.0,-56.0,22.0,118.0
-6.0,-56.0,22.0,118.0
-4.0,-56.0,22.0,118.0
0.0,-56.0,22.0,243.0
2.0,-56.0,22.0,243.0
4.0,-56.0,22.0,243.0
6.0,-56.0,22.0,243.0
8.0,-56.0,22.0,243.0
10.0,-56.0,22.0,243.0
12.0,-56.0,22.0,469.0
14.0,-56.0,22.0,469.0
16.0,-56.0,22.0,469.0
18.0,-56.0,22.0,469.0
42.0,-56.0,22.0,190.0
44.0,-56.0,22.0,190.0
46.0,-56.0,22.0,190.0
48.0,-56.0,22.0,190.0
50.0,-56.0,22.0,190.0
52.0,-56.0,22.0,190.0
54.0,-56.0,22.0,203.0
56.0,-56.0,22.0,203.0
58.0,-56.0,22.0,203.0
60.0,-56.0,22.0,203.0
62.0,-56.0,22.0,203.0
-64.0,-54.0,22.0,42.0
-62.0,-54.0,22.0,42.0
-60.0,-54.0,22.0,42.0
-58.0,-54.0,22.0,50.0
-56.0,-54.0,22.0,50.0
-54.0,-54.0,22.0,50.0
-52.0,-54.0,22.0,50.0
-50.0,-54.0,22.0,50.0
-48.0,-54.0,22.0,50.0
-46.0,-54.0,22.0,50.0
-44.0,-54.0,22.0,50.0
-26.0,-54.0,22.0,17.0
-24.0,-54.0,22.0,17.0
-22.0,-54.0,22.0,17.0
-20.0,-54.0,22.0,17.0
-18.0,-54.0,22.0,17.0
-16.0,-54.0,22.0,17.0
-14.0,-54.0,22.0,17.0
-12.0,-54.0,22.0,17.0
-10.0,-54.0,22.0,17.0
-8.0,-54.0,22.0,17.0
-6.0,-54.0,22.0,118.0
-4.0,-54.0,22.0,118.0
2.0,-54.0,22.0,243.0
4.0,-54.0,22.0,243.0
6.0,-54.0,22.0,243.0
8.0,-54.0,22.0,243.0
10.0,-54.0,22.0,243.0
12.0,-54.0,22.0,469.0
14.0,-54.0,22.0,469.0
16.0,-54.0,22.0,469.0
42.0,-54.0,22.0,190.0
44.0,-54.0,22.0,190.0
46.0,-54.0,22.0,190.0
48.0,-54.0,22.0,190.0
50.0,-54.0,22.0,190.0
52.0,-54.0,22.0,190.0
54.0,-54.0,22.0,190.0
56.0,-54.0,22.0,505.0
58.0,-54.0,22.0,505.0
60.0,-54.0,22.0,505.0
62.0,-54.0,22.0,505.0
64.0,-54.0,22.0,505.0
-66.0,-52.0,22.0,42.0
-64.0,-52.0,22.0,42.0
-62.0,-52.0,22.0,42.0
-60.0,-52.0,22.0,42.0
-58.0,-52.0,22.0,50.0
-56.0,-52.0,22.0,50.0
-54.0,-52.0,22.0,50.0
-52.0,-52.0,22.0,50.0
-50.0,-52.0,22.0,50.0
-48.0,-52.0,22.0,50.0
-46.0,-52.0,22.0,50.0
-44.0,-52.0,22.0,50.0
-24.0,-52.0,22.0,17.0
-22.0,-52.0,22.0,17.0
-20.0,-52.0,22.0,17.0
-18.0,-52.0,22.0,17.0
-16.0,-52.0,22.0,17.0
-14.0,-52.0,22.0,17.0
-12.0,-52.0,22.0,17.0
-10.0,-52.0,22.0,17.0
-8.0,-52.0,22.0,17.0
-6.0,-52.0,22.0,17.0
-4.0,-52.0,22.0,473.0
0.0,-52.0,22.0,243.0
2.0,-52.0,22.0,243.0
4.0,-52.0,22.0,243.0
6.0,-52.0,22.0,243.0
8.0,-52.0,22.0,243.0
10.0,-52.0,22.0,469.0
42.0,-52.0,22.0,231.0
44.0,-52.0,22.0,231.0
46.0,-52.0,22.0,190.0
48.0,-52.0,22.0,190.0
50.0,-52.0,22.0,190.0
52.0,-52.0,22.0,190.0
54.0,-52.0,22.0,505.0
56.0,-52.0,22.0,505.0
58.0,-52.0,22.0,505.0
60.0,-52.0,22.0,505.0
62.0,-52.0,22.0,505.0
64.0,-52.0,22.0,505.0
66.0,-52.0,22.0,505.0
-66.0,-50.0,22.0,42.0
-64.0,-50.0,22.0,42.0
-62.0,-50.0,22.0,42.0
-60.0,-50.0,22.0,42.0
-58.0,-50.0,22.0,50.0
-56.0,-50.0,22.0,50.0
-54.0,-50.0,22.0,50.0
-52.0,-50.0,22.0,50.0
-50.0,-50.0,22.0,50.0
-48.0,-50.0,22.0,50.0
-46.0,-50.0,22.0,50.0
-44.0,-50.0,22.0,50.0
-42.0,-50.0,22.0,50.0
-22.0,-50.0,22.0,17.0
-20.0,-50.0,22.0,17.0
-18.0,-50.0,22.0,17.0
-12.0,-50.0,22.0,17.0
-10.0,-50.0,22.0,17.0
-8.0,-50.0,22.0,17.0
-6.0,-50.0,22.0,473.0
-4.0,-50.0,22.0,473.0
-2.0,-50.0,22.0,473.0
0.0,-50.0,22.0,243.0
2.0,-50.0,22.0,243.0
4.0,-50.0,22.0,243.0
6.0,-50.0,22.0,482.0
8.0,-50.0,22.0,482.0
10.0,-50.0,22.0,482.0
44.0,-50.0,22.0,231.0
46.0,-50.0,22.0,231.0
48.0,-50.0,22.0,190.0
50.0,-50.0,22.0,190.0
52.0,-50.0,22.0,190.0
54.0,-50.0,22.0,505.0
56.0,-50.0,22.0,505.0
58.0,-50.0,22.0,505.0
60.0,-50.0,22.0,505.0
62.0,-50.0,22.0,505.0
64.0,-50.0,22.0,505.0
66.0,-50.0,22.0,505.0
-66.0,-48.0,22.0,42.0
-64.0,-48.0,22.0,42.0
-62.0,-48.0,22.0,42.0
-60.0,-48.0,22.0,50.0
-58.0,-48.0,22.0,50.0
-56.0,-48.0,22.0,50.0
-54.0,-48.0,22.0,50.0
-52.0,-48.0,22.0,50.0
-50.0,-48.0,22.0,50.0
-48.0,-48.0,22.0,50.0
-46.0,-48.0,22.0,50.0
-44.0,-48.0,22.0,50.0
-10.0,-48.0,22.0,17.0
-8.0,-48.0,22.0,473.0
-6.0,-48.0,22.0,473.0
-4.0,-48.0,22.0,473.0
-2.0,-48.0,22.0,473.0
0.0,-48.0,22.0,473.0
2.0,-48.0,22.0,482.0
4.0,-48.0,22.0,482.0
6.0,-48.0,22.0,482.0
8.0,-48.0,22.0,482.0
44.0,-48.0,22.0,231.0
46.0,-48.0,22.0,231.0
48.0,-48.0,22.0,231.0
50.0,-48.0,22.0,231.0
52.0,-48.0,22.0,190.0
54.0,-48.0,22.0,505.0
56.0,-48.0,22.0,505.0
58.0,-48.0,22.0,505.0
60.0,-48.0,22.0,505.0
62.0,-48.0,22.0,505.0
64.0,-48.0,22.0,505.0
66.0,-48.0,22.0,505.0
-66.0,-46.0,22.0,42.0
-64.0,-46.0,22.0,42.0
-62.0,-46.0,22.0,42.0
-60.0,-46.0,22.0,50.0
-58.0,-46.0,22.0,50.0
-56.0,-46.0,22.0,50.0
-54.0,-46.0,22.0,50.0
-52.0,-46.0,22.0,50.0
-50.0,-46.0,22.0,50.0
-48.0,-46.0,22.0,50.0
-46.0,-46.0,22.0,50.0
-44.0,-46.0,22.0,50.0
-10.0,-46.0,22.0,473.0
-8.0,-46.0,22.0,473.0
-6.0,-46.0,22.0,473.0
-4.0,-46.0,22.0,473.0
-2.0,-46.0,22.0,473.0
0.0,-46.0,22.0,473.0
2.0,-46.0,22.0,473.0
4.0,-46.0,22.0,122.0
6.0,-46.0,22.0,122.0
8.0,-46.0,22.0,122.0
44.0,-46.0,22.0,231.0
46.0,-46.0,22.0,231.0
48.0,-46.0,22.0,231.0
50.0,-46.0,22.0,231.0
52.0,-46.0,22.0,231.0
54.0,-46.0,22.0,505.0
56.0,-46.0,22.0,505.0
58.0,-46.0,22.0,505.0
60.0,-46.0,22.0,505.0
62.0,-46.0,22.0,505.0
64.0,-46.0,22.0,505.0
66.0,-46.0,22.0,505.0
-68.0,-44.0,22.0,42.0
-66.0,-44.0,22.0,42.0
-64.0,-44.0,22.0,42.0
-62.0,-44.0,22.0,50.0
-60.0,-44.0,22.0,50.0
-58.0,-44.0,22.0,50.0
-56.0,-44.0,22.0,50.0
-54.0,-44.0,22.0,50.0
-52.0,-44.0,22.0,50.0
-50.0,-44.0,22.0,50.0
-48.0,-44.0,22.0,50.0
-46.0,-44.0,22.0,50.0
-44.0,-44.0,22.0,50.0
-8.0,-44.0,22.0,473.0
-6.0,-44.0,22.0,473.0
-4.0,-44.0,22.0,473.0
-2.0,-44.0,22.0,473.0
0.0,-44.0,22.0,473.0
2.0,-44.0,22.0,473.0
4.0,-44.0,22.0,122.0
6.0,-44.0,22.0,122.0
8.0,-44.0,22.0,122.0
46.0,-44.0,22.0,231.0
48.0,-44.0,22.0,231.0
50.0,-44.0,22.0,231.0
52.0,-44.0,22.0,488.0
54.0,-44.0,22.0,505.0
56.0,-44.0,22.0,505.0
58.0,-44.0,22.0,505.0
60.0,-44.0,22.0,505.0
62.0,-44.0,22.0,505.0
64.0,-44.0,22.0,553.0
66.0,-44.0,22.0,553.0
-68.0,-42.0,22.0,42.0
-66.0,-42.0,22.0,42.0
-64.0,-42.0,22.0,42.0
-62.0,-42.0,22.0,50.0
-60.0,-42.0,22.0,50.0
-58.0,-42.0,22.0,50.0
-56.0,-42.0,22.0,50.0
-54.0,-42.0,22.0,50.0
-52.0,-42.0,22.0,50.0
-50.0,-42.0,22.0,50.0
-48.0,-42.0,22.0,50.0
-46.0,-42.0,22.0,50.0
-10.0,-42.0,22.0,473.0
-8.0,-42.0,22.0,473.0
-6.0,-42.0,22.0,473.0
-4.0,-42.0,22.0,473.0
-2.0,-42.0,22.0,473.0
2.0,-42.0,22.0,473.0
4.0,-42.0,22.0,122.0
6.0,-42.0,22.0,122.0
8.0,-42.0,22.0,122.0
50.0,-42.0,22.0,488.0
52.0,-42.0,22.0,488.0
54.0,-42.0,22.0,342.0
56.0,-42.0,22.0,342.0
58.0,-42.0,22.0,342.0
60.0,-42.0,22.0,553.0
62.0,-42.0,22.0,553.0
64.0,-42.0,22.0,553.0
66.0,-42.0,22.0,553.0
-68.0,-40.0,22.0,42.0
-66.0,-40.0,22.0,117.0
-64.0,-40.0,22.0,117.0
-62.0,-40.0,22.0,117.0
-60.0,-40.0,22.0,50.0
-58.0,-40.0,22.0,50.0
-56.0,-40.0,22.0,50.0
-54.0,-40.0,22.0,50.0
-52.0,-40.0,22.0,50.0
-50.0,-40.0,22.0,50.0
-48.0,-40.0,22.0,50.0
-46.0,-40.0,22.0,50.0
-10.0,-40.0,22.0,473.0
-8.0,-40.0,22.0,473.0
-6.0,-40.0,22.0,473.0
-4.0,-40.0,22.0,473.0
-2.0,-40.0,22.0,473.0
2.0,-40.0,22.0,473.0
4.0,-40.0,22.0,122.0
6.0,-40.0,22.0,122.0
8.0,-40.0,22.0,122.0
60.0,-40.0,22.0,553.0
62.0,-40.0,22.0,553.0
64.0,-40.0,22.0,553.0
66.0,-40.0,22.0,553.0
68.0,-40.0,22.0,553.0
-68.0,-38.0,22.0,71.0
-66.0,-38.0,22.0,71.0
-64.0,-38.0,22.0,71.0
-62.0,-38.0,22.0,117.0
-60.0,-38.0,22.0,117.0
-58.0,-38.0,22.0,242.0
-56.0,-38.0,22.0,242.0
-54.0,-38.0,22.0,242.0
-52.0,-38.0,22.0,242.0
-50.0,-38.0,22.0,242.0
-48.0,-38.0,22.0,242.0
-46.0,-38.0,22.0,242.0
-8.0,-38.0,22.0,473.0
-6.0,-38.0,22.0,473.0
-4.0,-38.0,22.0,473.0
6.0,-38.0,22.0,122.0
42.0,-38.0,22.0,488.0
44.0,-38.0,22.0,488.0
50.0,-38.0,22.0,488.0
52.0,-38.0,22.0,488.0
54.0,-38.0,22.0,488.0
56.0,-38.0,22.0,553.0
58.0,-38.0,22.0,553.0
60.0,-38.0,22.0,553.0
62.0,-38.0,22.0,553.0
64.0,-38.0,22.0,553.0
66.0,-38.0,22.0,553.0
68.0,-38.0,22.0,553.0
-68.0,-36.0,22.0,71.0
-66.0,-36.0,22.0,71.0
-64.0,-36.0,22.0,71.0
-62.0,-36.0,22.0,71.0
-60.0,-36.0,22.0,71.0
-58.0,-36.0,22.0,71.0
-56.0,-36.0,22.0,221.0
-54.0,-36.0,22.0,221.0
-52.0,-36.0,22.0,221.0
-50.0,-36.0,22.0,213.0
-48.0,-36.0,22.0,213.0
-46.0,-36.0,22.0,213.0
-8.0,-36.0,22.0,473.0
-6.0,-36.0,22.0,473.0
-4.0,-36.0,22.0,473.0
40.0,-36.0,22.0,488.0
42.0,-36.0,22.0,488.0
44.0,-36.0,22.0,488.0
46.0,-36.0,22.0,488.0
48.0,-36.0,22.0,488.0
50.0,-36.0,22.0,488.0
52.0,-36.0,22.0,488.0
54.0,-36.0,22.0,488.0
56.0,-36.0,22.0,553.0
58.0,-36.0,22.0,553.0
60.0,-36.0,22.0,553.0
62.0,-36.0,22.0,553.0
64.0,-36.0,22.0,553.0
66.0,-36.0,22.0,553.0
68.0,-36.0,22.0,553.0
-68.0,-34.0,22.0,71.0
-66.0,-34.0,22.0,71.0
-64.0,-34.0,22.0,71.0
-62.0,-34.0,22.0,71.0
-60.0,-34.0,22.0,71.0
-58.0,-34.0,22.0,71.0
-56.0,-34.0,22.0,71.0
-54.0,-34.0,22.0,213.0
-52.0,-34.0,22.0,213.0
-50.0,-34.0,22.0,213.0
-48.0,-34.0,22.0,213.0
-46.0,-34.0,22.0,213.0
-44.0,-34.0,22.0,213.0
34.0,-34.0,22.0,211.0
36.0,-34.0,22.0,211.0
38.0,-34.0,22.0,488.0
40.0,-34.0,22.0,488.0
42.0,-34.0,22.0,488.0
44.0,-34.0,22.0,488.0
46.0,-34.0,22.0,488.0
48.0,-34.0,22.0,488.0
50.0,-34.0,22.0,488.0
52.0,-34.0,22.0,379.0
54.0,-34.0,22.0,379.0
56.0,-34.0,22.0,379.0
58.0,-34.0,22.0,553.0
60.0,-34.0,22.0,553.0
62.0,-34.0,22.0,553.0
64.0,-34.0,22.0,553.0
66.0,-34.0,22.0,553.0
-70.0,-32.0,22.0,447.0
-68.0,-32.0,22.0,71.0
-66.0,-32.0,22.0,71.0
-64.0,-32.0,22.0,71.0
-62.0,-32.0,22.0,71.0
-60.0,-32.0,22.0,71.0
-58.0,-32.0,22.0,71.0
-56.0,-32.0,22.0,71.0
-54.0,-32.0,22.0,213.0
-52.0,-32.0,22.0,213.0
-50.0,-32.0,22.0,213.0
-48.0,-32.0,22.0,213.0
-46.0,-32.0,22.0,213.0
-44.0,-32.0,22.0,213.0
-42.0,-32.0,22.0,213.0
-40.0,-32.0,22.0,213.0
-38.0,-32.0,22.0,205.0
32.0,-32.0,22.0,211.0
34.0,-32.0,22.0,211.0
36.0,-32.0,22.0,211.0
38.0,-32.0,22.0,211.0
40.0,-32.0,22.0,211.0
42.0,-32.0,22.0,488.0
44.0,-32.0,22.0,488.0
46.0,-32.0,22.0,488.0
48.0,-32.0,22.0,488.0
50.0,-32.0,22.0,379.0
52.0,-32.0,22.0,379.0
54.0,-32.0,22.0,379.0
56.0,-32.0,22.0,379.0
58.0,-32.0,22.0,379.0
60.0,-32.0,22.0,553.0
62.0,-32.0,22.0,553.0
64.0,-32.0,22.0,553.0
66.0,-32.0,22.0,553.0
-70.0,-30.0,22.0,447.0
-68.0,-30.0,22.0,71.0
-66.0,-30.0,22.0,71.0
-64.0,-30.0,22.0,71.0
-62.0,-30.0,22.0,71.0
-60.0,-30.0,22.0,71.0
-58.0,-30.0,22.0,71.0
-56.0,-30.0,22.0,71.0
-54.0,-30.0,22.0,213.0
-52.0,-30.0,22.0,213.0
-50.0,-30.0,22.0,213.0
-48.0,-30.0,22.0,213.0
-46.0,-30.0,22.0,213.0
-44.0,-30.0,22.0,213.0
-42.0,-30.0,22.0,213.0
-40.0,-30.0,22.0,205.0
-38.0,-30.0,22.0,205.0
-36.0,-30.0,22.0,205.0
32.0,-30.0,22.0,116.0
34.0,-30.0,22.0,116.0
36.0,-30.0,22.0,116.0
38.0,-30.0,22.0,211.0
40.0,-30.0,22.0,285.0
42.0,-30.0,22.0,285.0
44.0,-30.0,22.0,285.0
46.0,-30.0,22.0,285.0
48.0,-30.0,22.0,285.0
50.0,-30.0,22.0,379.0
52.0,-30.0,22.0,379.0
54.0,-30.0,22.0,379.0
56.0,-30.0,22.0,379.0
58.0,-30.0,22.0,379.0
60.0,-30.0,22.0,379.0
62.0,-30.0,22.0,553.0
64.0,-30.0,22.0,553.0
66.0,-30.0,22.0,553.0
-68.0,-28.0,22.0,447.0
-66.0,-28.0,22.0,71.0
-64.0,-28.0,22.0,71.0
-62.0,-28.0,22.0,71.0
-60.0,-28.0,22.0,71.0
-58.0,-28.0,22.0,71.0
-56.0,-28.0,22.0,71.0
-54.0,-28.0,22.0,213.0
-52.0,-28.0,22.0,213.0
-50.0,-28.0,22.0,213.0
-48.0,-28.0,22.0,213.0
-46.0,-28.0,22.0,213.0
-44.0,-28.0,22.0,213.0
-42.0,-28.0,22.0,205.0
-40.0,-28.0,22.0,205.0
-38.0,-28.0,22.0,205.0
-36.0,-28.0,22.0,205.0
32.0,-28.0,22.0,116.0
34.0,-28.0,22.0,116.0
36.0,-28.0,22.0,116.0
38.0,-28.0,22.0,116.0
40.0,-28.0,22.0,285.0
42.0,-28.0,22.0,285.0
44.0,-28.0,22.0,285.0
46.0,-28.0,22.0,285.0
48.0,-28.0,22.0,285.0
50.0,-28.0,22.0,285.0
52.0,-28.0,22.0,379.0
54.0,-28.0,22.0,379.0
56.0,-28.0,22.0,379.0
58.0,-28.0,22.0,379.0
60.0,-28.0,22.0,379.0
62.0,-28.0,22.0,379.0
64.0,-28.0,22.0,553.0
66.0,-28.0,22.0,553.0
-68.0,-26.0,22.0,447.0
-66.0,-26.0,22.0,447.0
-64.0,-26.0,22.0,71.0
-62.0,-26.0,22.0,71.0
-60.0,-26.0,22.0,71.0
-58.0,-26.0,22.0,71.0
-56.0,-26.0,22.0,71.0
-54.0,-26.0,22.0,213.0
-52.0,-26.0,22.0,213.0
-50.0,-26.0,22.0,213.0
-48.0,-26.0,22.0,213.0
-46.0,-26.0,22.0,213.0
-44.0,-26.0,22.0,205.0
-42.0,-26.0,22.0,205.0
-40.0,-26.0,22.0,205.0
-38.0,-26.0,22.0,205.0
-36.0,-26.0,22.0,205.0
32.0,-26.0,22.0,116.0
34.0,-26.0,22.0,116.0
36.0,-26.0,22.0,116.0
38.0,-26.0,22.0,116.0
40.0,-26.0,22.0,285.0
42.0,-26.0,22.0,285.0
44.0,-26.0,22.0,285.0
46.0,-26.0,22.0,285.0
48.0,-26.0,22.0,285.0
50.0,-26.0,22.0,285.0
52.0,-26.0,22.0,379.0
54.0,-26.0,22.0,379.0
56.0,-26.0,22.0,379.0
58.0,-26.0,22.0,379.0
60.0,-26.0,22.0,379.0
62.0,-26.0,22.0,379.0
64.0,-26.0,22.0,379.0
66.0,-26.0,22.0,379.0
-68.0,-24.0,22.0,447.0
-66.0,-24.0,22.0,447.0
-64.0,-24.0,22.0,71.0
-62.0,-24.0,22.0,71.0
-60.0,-24.0,22.0,71.0
-58.0,-24.0,22.0,71.0
-56.0,-24.0,22.0,71.0
-54.0,-24.0,22.0,213.0
-52.0,-24.0,22.0,213.0
-50.0,-24.0,22.0,213.0
-48.0,-24.0,22.0,213.0
-46.0,-24.0,22.0,205.0
-44.0,-24.0,22.0,205.0
-42.0,-24.0,22.0,205.0
-40.0,-24.0,22.0,205.0
-38.0,-24.0,22.0,205.0
-36.0,-24.0,22.0,205.0
18.0,-24.0,22.0,24.0
20.0,-24.0,22.0,24.0
34.0,-24.0,22.0,116.0
36.0,-24.0,22.0,116.0
38.0,-24.0,22.0,116.0
40.0,-24.0,22.0,5.0
42.0,-24.0,22.0,285.0
44.0,-24.0,22.0,285.0
46.0,-24.0,22.0,285.0
48.0,-24.0,22.0,285.0
50.0,-24.0,22.0,285.0
52.0,-24.0,22.0,285.0
54.0,-24.0,22.0,379.0
56.0,-24.0,22.0,379.0
58.0,-24.0,22.0,379.0
60.0,-24.0,22.0,379.0
62.0,-24.0,22.0,379.0
64.0,-24.0,22.0,379.0
66.0,-24.0,22.0,379.0
-68.0,-22.0,22.0,447.0
-66.0,-22.0,22.0,447.0
-64.0,-22.0,22.0,447.0
-62.0,-22.0,22.0,71.0
-60.0,-22.0,22.0,71.0
-58.0,-22.0,22.0,71.0
-56.0,-22.0,22.0,71.0
-54.0,-22.0,22.0,213.0
-52.0,-22.0,22.0,213.0
-50.0,-22.0,22.0,213.0
-48.0,-22.0,22.0,205.0
-46.0,-22.0,22.0,205.0
-44.0,-22.0,22.0,205.0
-42.0,-22.0,22.0,205.0
-40.0,-22.0,22.0,205.0
-38.0,-22.0,22.0,205.0
-22.0,-22.0,22.0,216.0
-20.0,-22.0,22.0,216.0
18.0,-22.0,22.0,24.0
20.0,-22.0,22.0,24.0
36.0,-22.0,22.0,116.0
38.0,-22.0,22.0,116.0
40.0,-22.0,22.0,5.0
42.0,-22.0,22.0,5.0
44.0,-22.0,22.0,285.0
46.0,-22.0,22.0,285.0
48.0,-22.0,22.0,285.0
50.0,-22.0,22.0,285.0
52.0,-22.0,22.0,285.0
54.0,-22.0,22.0,379.0
56.0,-22.0,22.0,379.0
58.0,-22.0,22.0,379.0
60.0,-22.0,22.0,379.0
62.0,-22.0,22.0,379.0
64.0,-22.0,22.0,379.0
66.0,-22.0,22.0,379.0
68.0,-22.0,22.0,319.0
-68.0,-20.0,22.0,447.0
-66.0,-20.0,22.0,447.0
-64.0,-20.0,22.0,447.0
-62.0,-20.0,22.0,71.0
-60.0,-20.0,22.0,71.0
-58.0,-20.0,22.0,71.0
-56.0,-20.0,22.0,71.0
-54.0,-20.0,22.0,213.0
-52.0,-20.0,22.0,213.0
-50.0,-20.0,22.0,205.0
-48.0,-20.0,22.0,205.0
-46.0,-20.0,22.0,205.0
-44.0,-20.0,22.0,205.0
-42.0,-20.0,22.0,205.0
-40.0,-20.0,22.0,205.0
-38.0,-20.0,22.0,205.0
-22.0,-20.0,22.0,216.0
-20.0,-20.0,22.0,216.0
-18.0,-20.0,22.0,216.0
16.0,-20.0,22.0,24.0
18.0,-20.0,22.0,24.0
20.0,-20.0,22.0,24.0
36.0,-20.0,22.0,116.0
38.0,-20.0,22.0,116.0
40.0,-20.0,22.0,5.0
42.0,-20.0,22.0,5.0
44.0,-20.0,22.0,5.0
46.0,-20.0,22.0,285.0
48.0,-20.0,22.0,285.0
50.0,-20.0,22.0,285.0
52.0,-20.0,22.0,285.0
54.0,-20.0,22.0,285.0
56.0,-20.0,22.0,379.0
58.0,-20.0,22.0,379.0
60.0,-20.0,22.0,379.0
62.0,-20.0,22.0,379.0
64.0,-20.0,22.0,379.0
66.0,-20.0,22.0,379.0
68.0,-20.0,22.0,319.0
-68.0,-18.0,22.0,447.0
-66.0,-18.0,22.0,447.0
-64.0,-18.0,22.0,447.0
-62.0,-18.0,22.0,478.0
-60.0,-18.0,22.0,162.0
-58.0,-18.0,22.0,71.0
-56.0,-18.0,22.0,71.0
-54.0,-18.0,22.0,213.0
-52.0,-18.0,22.0,205.0
-50.0,-18.0,22.0,205.0
-48.0,-18.0,22.0,205.0
-46.0,-18.0,22.0,205.0
-44.0,-18.0,22.0,205.0
-42.0,-18.0,22.0,205.0
-40.0,-18.0,22.0,205.0
-38.0,-18.0,22.0,205.0
-20.0,-18.0,22.0,216.0
-18.0,-18.0,22.0,216.0
-16.0,-18.0,22.0,216.0
16.0,-18.0,22.0,24.0
18.0,-18.0,22.0,24.0
20.0,-18.0,22.0,24.0
36.0,-18.0,22.0,116.0
38.0,-18.0,22.0,116.0
40.0,-18.0,22.0,5.0
42.0,-18.0,22.0,5.0
44.0,-18.0,22.0,5.0
46.0,-18.0,22.0,5.0
48.0,-18.0,22.0,285.0
50.0,-18.0,22.0,285.0
52.0,-18.0,22.0,285.0
54.0,-18.0,22.0,285.0
56.0,-18.0,22.0,379.0
58.0,-18.0,22.0,379.0
60.0,-18.0,22.0,379.0
62.0,-18.0,22.0,379.0
64.0,-18.0,22.0,379.0
66.0,-18.0,22.0,319.0
68.0,-18.0,22.0,319.0
-68.0,-16.0,22.0,447.0
-66.0,-16.0,22.0,478.0
-64.0,-16.0,22.0,478.0
-62.0,-16.0,22.0,478.0
-60.0,-16.0,22.0,478.0
-58.0,-16.0,22.0,478.0
-56.0,-16.0,22.0,478.0
-54.0,-16.0,22.0,205.0
-52.0,-16.0,22.0,205.0
-50.0,-16.0,22.0,205.0
-48.0,-16.0,22.0,205.0
-44.0,-16.0,22.0,205.0
-42.0,-16.0,22.0,205.0
-40.0,-16.0,22.0,205.0
-38.0,-16.0,22.0,205.0
-20.0,-16.0,22.0,216.0
-18.0,-16.0,22.0,216.0
-16.0,-16.0,22.0,216.0
14.0,-16.0,22.0,239.0
16.0,-16.0,22.0,239.0
18.0,-16.0,22.0,239.0
36.0,-16.0,22.0,116.0
38.0,-16.0,22.0,116.0
40.0,-16.0,22.0,5.0
42.0,-16.0,22.0,5.0
44.0,-16.0,22.0,5.0
46.0,-16.0,22.0,5.0
54.0,-16.0,22.0,285.0
56.0,-16.0,22.0,285.0
58.0,-16.0,22.0,379.0
60.0,-16.0,22.0,379.0
62.0,-16.0,22.0,379.0
64.0,-16.0,22.0,379.0
66.0,-16.0,22.0,319.0
68.0,-16.0,22.0,319.0
-68.0,-14.0,22.0,478.0
-66.0,-14.0,22.0,478.0
-64.0,-14.0,22.0,478.0
-62.0,-14.0,22.0,478.0
-60.0,-14.0,22.0,478.0
-58.0,-14.0,22.0,478.0
-56.0,-14.0,22.0,478.0
-54.0,-14.0,22.0,421.0
-52.0,-14.0,22.0,421.0
-50.0,-14.0,22.0,421.0
-44.0,-14.0,22.0,421.0
-42.0,-14.0,22.0,421.0
-40.0,-14.0,22.0,421.0
-38.0,-14.0,22.0,421.0
-20.0,-14.0,22.0,257.0
-18.0,-14.0,22.0,257.0
-16.0,-14.0,22.0,257.0
14.0,-14.0,22.0,239.0
16.0,-14.0,22.0,239.0
18.0,-14.0,22.0,93.0
38.0,-14.0,22.0,466.0
40.0,-14.0,22.0,5.0
42.0,-14.0,22.0,5.0
44.0,-14.0,22.0,5.0
64.0,-14.0,22.0,319.0
66.0,-14.0,22.0,319.0
68.0,-14.0,22.0,319.0
-68.0,-12.0,22.0,478.0
-66.0,-12.0,22.0,478.0
-64.0,-12.0,22.0,478.0
-62.0,-12.0,22.0,478.0
-60.0,-12.0,22.0,478.0
-58.0,-12.0,22.0,478.0
-56.0,-12.0,22.0,478.0
-54.0,-12.0,22.0,421.0
-44.0,-12.0,22.0,421.0
-42.0,-12.0,22.0,421.0
-40.0,-12.0,22.0,421.0
-38.0,-12.0,22.0,421.0
-20.0,-12.0,22.0,257.0
-18.0,-12.0,22.0,257.0
-16.0,-12.0,22.0,257.0
-14.0,-12.0,22.0,257.0
14.0,-12.0,22.0,239.0
16.0,-12.0,22.0,93.0
18.0,-12.0,22.0,93.0
66.0,-12.0,22.0,319.0
68.0,-12.0,22.0,319.0
-68.0,-10.0,22.0,478.0
-66.0,-10.0,22.0,478.0
-64.0,-10.0,22.0,478.0
-62.0,-10.0,22.0,478.0
-60.0,-10.0,22.0,478.0
-58.0,-10.0,22.0,478.0
-56.0,-10.0,22.0,478.0
-44.0,-10.0,22.0,421.0
-42.0,-10.0,22.0,421.0
-40.0,-10.0,22.0,421.0
-38.0,-10.0,22.0,421.0
-20.0,-10.0,22.0,257.0
-18.0,-10.0,22.0,257.0
-16.0,-10.0,22.0,257.0
-14.0,-10.0,22.0,257.0
12.0,-10.0,22.0,248.0
14.0,-10.0,22.0,93.0
16.0,-10.0,22.0,93.0
18.0,-10.0,22.0,93.0
58.0,-10.0,22.0,209.0
60.0,-10.0,22.0,209.0
62.0,-10.0,22.0,209.0
64.0,-10.0,22.0,209.0
-68.0,-8.0,22.0,478.0
-66.0,-8.0,22.0,478.0
-64.0,-8.0,22.0,478.0
-62.0,-8.0,22.0,478.0
-60.0,-8.0,22.0,478.0
-58.0,-8.0,22.0,478.0
-44.0,-8.0,22.0,421.0
-42.0,-8.0,22.0,421.0
-40.0,-8.0,22.0,421.0
-20.0,-8.0,22.0,257.0
-18.0,-8.0,22.0,257.0
-16.0,-8.0,22.0,257.0
-14.0,-8.0,22.0,257.0
12.0,-8.0,22.0,248.0
14.0,-8.0,22.0,93.0
16.0,-8.0,22.0,93.0
18.0,-8.0,22.0,93.0
56.0,-8.0,22.0,209.0
58.0,-8.0,22.0,209.0
60.0,-8.0,22.0,209.0
62.0,-8.0,22.0,209.0
64.0,-8.0,22.0,209.0
66.0,-8.0,22.0,209.0
-68.0,-6.0,22.0,478.0
-66.0,-6.0,22.0,478.0
-64.0,-6.0,22.0,478.0
-62.0,-6.0,22.0,478.0
-60.0,-6.0,22.0,478.0
-42.0,-6.0,22.0,421.0
-20.0,-6.0,22.0,257.0
-18.0,-6.0,22.0,257.0
-16.0,-6.0,22.0,257.0
-14.0,-6.0,22.0,257.0
12.0,-6.0,22.0,248.0
14.0,-6.0,22.0,93.0
16.0,-6.0,22.0,93.0
18.0,-6.0,22.0,93.0
56.0,-6.0,22.0,393.0
58.0,-6.0,22.0,209.0
60.0,-6.0,22.0,209.0
62.0,-6.0,22.0,209.0
64.0,-6.0,22.0,209.0
66.0,-6.0,22.0,209.0
-68.0,-4.0,22.0,478.0
-66.0,-4.0,22.0,478.0
-64.0,-4.0,22.0,478.0
-62.0,-4.0,22.0,19.0
-60.0,-4.0,22.0,19.0
-58.0,-4.0,22.0,19.0
-56.0,-4.0,22.0,19.0
-20.0,-4.0,22.0,257.0
-18.0,-4.0,22.0,257.0
-16.0,-4.0,22.0,257.0
-14.0,-4.0,22.0,257.0
-12.0,-4.0,22.0,257.0
12.0,-4.0,22.0,238.0
14.0,-4.0,22.0,93.0
16.0,-4.0,22.0,93.0
18.0,-4.0,22.0,93.0
56.0,-4.0,22.0,393.0
58.0,-4.0,22.0,393.0
60.0,-4.0,22.0,393.0
62.0,-4.0,22.0,209.0
64.0,-4.0,22.0,209.0
-66.0,-2.0,22.0,478.0
-64.0,-2.0,22.0,19.0
-62.0,-2.0,22.0,19.0
-60.0,-2.0,22.0,19.0
-58.0,-2.0,22.0,19.0
-56.0,-2.0,22.0,19.0
-54.0,-2.0,22.0,19.0
-20.0,-2.0,22.0,257.0
-18.0,-2.0,22.0,257.0
-16.0,-2.0,22.0,257.0
-14.0,-2.0,22.0,257.0
-12.0,-2.0,22.0,586.0
12.0,-2.0,22.0,238.0
14.0,-2.0,22.0,93.0
16.0,-2.0,22.0,93.0
18.0,-2.0,22.0,93.0
60.0,-2.0,22.0,393.0
62.0,-2.0,22.0,393.0
64.0,-2.0,22.0,393.0
-66.0,-0.0,22.0,92.0
-64.0,-0.0,22.0,92.0
-62.0,-0.0,22.0,92.0
-60.0,-0.0,22.0,19.0
-58.0,-0.0,22.0,19.0
-56.0,-0.0,22.0,19.0
-54.0,-0.0,22.0,19.0
-20.0,-0.0,22.0,434.0
-18.0,-0.0,22.0,434.0
-16.0,-0.0,22.0,257.0
-14.0,-0.0,22.0,586.0
-12.0,-0.0,22.0,586.0
12.0,-0.0,22.0,238.0
14.0,-0.0,22.0,238.0
16.0,-0.0,22.0,93.0
18.0,-0.0,22.0,93.0
20.0,-0.0,22.0,93.0
60.0,-0.0,22.0,393.0
62.0,-0.0,22.0,393.0
64.0,-0.0,22.0,393.0
-66.0,2.0,22.0,92.0
-64.0,2.0,22.0,92.0
-62.0,2.0,22.0,92.0
-60.0,2.0,22.0,92.0
-58.0,2.0,22.0,92.0
-56.0,2.0,22.0,92.0
-20.0,2.0,22.0,434.0
-18.0,2.0,22.0,434.0
-16.0,2.0,22.0,434.0
-14.0,2.0,22.0,586.0
-12.0,2.0,22.0,586.0
12.0,2.0,22.0,238.0
14.0,2.0,22.0,238.0
16.0,2.0,22.0,238.0
18.0,2.0,22.0,93.0
20.0,2.0,22.0,93.0
46.0,2.0,22.0,201.0
48.0,2.0,22.0,201.0
50.0,2.0,22.0,201.0
52.0,2.0,22.0,201.0
54.0,2.0,22.0,393.0
56.0,2.0,22.0,393.0
58.0,2.0,22.0,393.0
60.0,2.0,22.0,393.0
62.0,2.0,22.0,393.0
64.0,2.0,22.0,393.0
-66.0,4.0,22.0,92.0
-64.0,4.0,22.0,92.0
-62.0,4.0,22.0,92.0
-60.0,4.0,22.0,92.0
-58.0,4.0,22.0,92.0
-54.0,4.0,22.0,188.0
-52.0,4.0,22.0,188.0
-50.0,4.0,22.0,188.0
-48.0,4.0,22.0,188.0
-46.0,4.0,22.0,236.0
-20.0,4.0,22.0,434.0
-18.0,4.0,22.0,434.0
-16.0,4.0,22.0,586.0
-14.0,4.0,22.0,586.0
-12.0,4.0,22.0,586.0
12.0,4.0,22.0,238.0
14.0,4.0,22.0,238.0
16.0,4.0,22.0,238.0
18.0,4.0,22.0,238.0
20.0,4.0,22.0,93.0
44.0,4.0,22.0,201.0
46.0,4.0,22.0,201.0
48.0,4.0,22.0,201.0
50.0,4.0,22.0,201.0
52.0,4.0,22.0,201.0
54.0,4.0,22.0,201.0
56.0,4.0,22.0,393.0
58.0,4.0,22.0,82.0
60.0,4.0,22.0,82.0
62.0,4.0,22.0,82.0
64.0,4.0,22.0,82.0
-64.0,6.0,22.0,92.0
-62.0,6.0,22.0,92.0
-60.0,6.0,22.0,92.0
-58.0,6.0,22.0,92.0
-56.0,6.0,22.0,324.0
-54.0,6.0,22.0,324.0
-52.0,6.0,22.0,324.0
-50.0,6.0,22.0,324.0
-48.0,6.0,22.0,324.0
-46.0,6.0,22.0,236.0
-44.0,6.0,22.0,236.0
-20.0,6.0,22.0,434.0
-18.0,6.0,22.0,434.0
-16.0,6.0,22.0,586.0
-14.0,6.0,22.0,586.0
12.0,6.0,22.0,238.0
14.0,6.0,22.0,238.0
16.0,6.0,22.0,238.0
18.0,6.0,22.0,238.0
20.0,6.0,22.0,238.0
42.0,6.0,22.0,201.0
44.0,6.0,22.0,201.0
46.0,6.0,22.0,201.0
48.0,6.0,22.0,201.0
50.0,6.0,22.0,201.0
52.0,6.0,22.0,201.0
54.0,6.0,22.0,161.0
56.0,6.0,22.0,82.0
58.0,6.0,22.0,82.0
60.0,6.0,22.0,82.0
62.0,6.0,22.0,82.0
-64.0,8.0,22.0,92.0
-62.0,8.0,22.0,92.0
-60.0,8.0,22.0,92.0
-58.0,8.0,22.0,324.0
-56.0,8.0,22.0,324.0
-54.0,8.0,22.0,324.0
-52.0,8.0,22.0,324.0
-50.0,8.0,22.0,324.0
-48.0,8.0,22.0,324.0
-46.0,8.0,22.0,236.0
-44.0,8.0,22.0,236.0
-42.0,8.0,22.0,236.0
-20.0,8.0,22.0,434.0
-18.0,8.0,22.0,434.0
-16.0,8.0,22.0,586.0
-14.0,8.0,22.0,586.0
14.0,8.0,22.0,238.0
16.0,8.0,22.0,238.0
18.0,8.0,22.0,238.0
40.0,8.0,22.0,201.0
42.0,8.0,22.0,201.0
44.0,8.0,22.0,201.0
46.0,8.0,22.0,201.0
48.0,8.0,22.0,201.0
50.0,8.0,22.0,201.0
52.0,8.0,22.0,161.0
54.0,8.0,22.0,161.0
56.0,8.0,22.0,82.0
58.0,8.0,22.0,82.0
60.0,8.0,22.0,82.0
62.0,8.0,22.0,82.0
-64.0,10.0,22.0,92.0
-62.0,10.0,22.0,92.0
-60.0,10.0,22.0,324.0
-58.0,10.0,22.0,324.0
-56.0,10.0,22.0,324.0
-54.0,10.0,22.0,324.0
-52.0,10.0,22.0,324.0
-50.0,10.0,22.0,324.0
-48.0,10.0,22.0,324.0
-46.0,10.0,22.0,324.0
-44.0,10.0,22.0,236.0
-42.0,10.0,22.0,236.0
-40.0,10.0,22.0,236.0
-20.0,10.0,22.0,434.0
-18.0,10.0,22.0,434.0
-16.0,10.0,22.0,160.0
-14.0,10.0,22.0,160.0
14.0,10.0,22.0,215.0
16.0,10.0,22.0,215.0
18.0,10.0,22.0,215.0
38.0,10.0,22.0,201.0
40.0,10.0,22.0,201.0
42.0,10.0,22.0,201.0
44.0,10.0,22.0,201.0
46.0,10.0,22.0,201.0
48.0,10.0,22.0,201.0
50.0,10.0,22.0,161.0
52.0,10.0,22.0,161.0
54.0,10.0,22.0,161.0
56.0,10.0,22.0,82.0
58.0,10.0,22.0,82.0
60.0,10.0,22.0,82.0
62.0,10.0,22.0,82.0
-64.0,12.0,22.0,197.0
-62.0,12.0,22.0,324.0
-60.0,12.0,22.0,324.0
-58.0,12.0,22.0,324.0
-56.0,12.0,22.0,324.0
-54.0,12.0,22.0,324.0
-52.0,12.0,22.0,324.0
-50.0,12.0,22.0,324.0
-48.0,12.0,22.0,324.0
-46.0,12.0,22.0,324.0
-44.0,12.0,22.0,236.0
-42.0,12.0,22.0,236.0
-40.0,12.0,22.0,236.0
38.0,12.0,22.0,201.0
40.0,12.0,22.0,201.0
42.0,12.0,22.0,201.0
44.0,12.0,22.0,201.0
46.0,12.0,22.0,201.0
48.0,12.0,22.0,201.0
50.0,12.0,22.0,161.0
52.0,12.0,22.0,161.0
54.0,12.0,22.0,161.0
56.0,12.0,22.0,82.0
58.0,12.0,22.0,82.0
60.0,12.0,22.0,82.0
-62.0,14.0,22.0,455.0
-60.0,14.0,22.0,455.0
-58.0,14.0,22.0,324.0
-56.0,14.0,22.0,324.0
-54.0,14.0,22.0,324.0
-52.0,14.0,22.0,324.0
-50.0,14.0,22.0,324.0
-48.0,14.0,22.0,324.0
-46.0,14.0,22.0,324.0
-44.0,14.0,22.0,324.0
-42.0,14.0,22.0,236.0
-40.0,14.0,22.0,236.0
-38.0,14.0,22.0,236.0
38.0,14.0,22.0,201.0
40.0,14.0,22.0,201.0
42.0,14.0,22.0,201.0
44.0,14.0,22.0,201.0
46.0,14.0,22.0,201.0
48.0,14.0,22.0,161.0
50.0,14.0,22.0,161.0
52.0,14.0,22.0,161.0
54.0,14.0,22.0,161.0
56.0,14.0,22.0,82.0
58.0,14.0,22.0,82.0
60.0,14.0,22.0,82.0
-60.0,16.0,22.0,455.0
-58.0,16.0,22.0,455.0
-56.0,16.0,22.0,455.0
-54.0,16.0,22.0,324.0
-52.0,16.0,22.0,324.0
-50.0,16.0,22.0,324.0
-48.0,16.0,22.0,324.0
-46.0,16.0,22.0,324.0
-44.0,16.0,22.0,360.0
-42.0,16.0,22.0,360.0
-40.0,16.0,22.0,360.0
-38.0,16.0,22.0,360.0
-4.0,16.0,22.0,160.0
2.0,16.0,22.0,215.0
4.0,16.0,22.0,215.0
40.0,16.0,22.0,201.0
42.0,16.0,22.0,201.0
44.0,16.0,22.0,201.0
46.0,16.0,22.0,161.0
48.0,16.0,22.0,161.0
50.0,16.0,22.0,161.0
52.0,16.0,22.0,161.0
54.0,16.0,22.0,161.0
56.0,16.0,22.0,82.0
58.0,16.0,22.0,82.0
60.0,16.0,22.0,82.0
-60.0,18.0,22.0,455.0
-58.0,18.0,22.0,455.0
-56.0,18.0,22.0,455.0
-54.0,18.0,22.0,455.0
-52.0,18.0,22.0,455.0
-50.0,18.0,22.0,324.0
-48.0,18.0,22.0,324.0
-46.0,18.0,22.0,324.0
-44.0,18.0,22.0,360.0
-42.0,18.0,22.0,360.0
-40.0,18.0,22.0,360.0
-38.0,18.0,22.0,360.0
-6.0,18.0,22.0,160.0
-4.0,18.0,22.0,160.0
-2.0,18.0,22.0,160.0
2.0,18.0,22.0,215.0
4.0,18.0,22.0,215.0
38.0,18.0,22.0,7.0
40.0,18.0,22.0,7.0
42.0,18.0,22.0,201.0
44.0,18.0,22.0,161.0
46.0,18.0,22.0,161.0
48.0,18.0,22.0,161.0
50.0,18.0,22.0,161.0
52.0,18.0,22.0,161.0
54.0,18.0,22.0,161.0
56.0,18.0,22.0,82.0
58.0,18.0,22.0,82.0
-60.0,20.0,22.0,455.0
-58.0,20.0,22.0,455.0
-56.0,20.0,22.0,455.0
-54.0,20.0,22.0,455.0
-52.0,20.0,22.0,455.0
-50.0,20.0,22.0,455.0
-48.0,20.0,22.0,419.0
-46.0,20.0,22.0,360.0
-44.0,20.0,22.0,360.0
-42.0,20.0,22.0,360.0
-40.0,20.0,22.0,360.0
-38.0,20.0,22.0,360.0
-8.0,20.0,22.0,160.0
-6.0,20.0,22.0,160.0
-4.0,20.0,22.0,160.0
-2.0,20.0,22.0,215.0
0.0,20.0,22.0,215.0
2.0,20.0,22.0,215.0
4.0,20.0,22.0,215.0
6.0,20.0,22.0,215.0
38.0,20.0,22.0,7.0
40.0,20.0,22.0,7.0
42.0,20.0,22.0,196.0
46.0,20.0,22.0,161.0
48.0,20.0,22.0,161.0
50.0,20.0,22.0,161.0
52.0,20.0,22.0,161.0
54.0,20.0,22.0,161.0
56.0,20.0,22.0,82.0
58.0,20.0,22.0,82.0
-60.0,22.0,22.0,455.0
-58.0,22.0,22.0,455.0
-56.0,22.0,22.0,455.0
-54.0,22.0,22.0,455.0
-52.0,22.0,22.0,419.0
-50.0,22.0,22.0,419.0
-48.0,22.0,22.0,419.0
-46.0,22.0,22.0,419.0
-44.0,22.0,22.0,360.0
-42.0,22.0,22.0,360.0
-40.0,22.0,22.0,360.0
-38.0,22.0,22.0,360.0
-36.0,22.0,22.0,360.0
-8.0,22.0,22.0,160.0
-6.0,22.0,22.0,160.0
-4.0,22.0,22.0,160.0
-2.0,22.0,22.0,215.0
0.0,22.0,22.0,215.0
2.0,22.0,22.0,215.0
4.0,22.0,22.0,215.0
6.0,22.0,22.0,215.0
44.0,22.0,22.0,284.0
46.0,22.0,22.0,119.0
48.0,22.0,22.0,119.0
50.0,22.0,22.0,119.0
52.0,22.0,22.0,119.0
54.0,22.0,22.0,119.0
56.0,22.0,22.0,119.0
58.0,22.0,22.0,119.0
-60.0,24.0,22.0,455.0
-58.0,24.0,22.0,455.0
-56.0,24.0,22.0,14.0
-54.0,24.0,22.0,14.0
-52.0,24.0,22.0,419.0
-50.0,24.0,22.0,419.0
-48.0,24.0,22.0,419.0
-46.0,24.0,22.0,419.0
-44.0,24.0,22.0,360.0
-42.0,24.0,22.0,360.0
-40.0,24.0,22.0,360.0
-38.0,24.0,22.0,360.0
-36.0,24.0,22.0,360.0
-8.0,24.0,22.0,160.0
-6.0,24.0,22.0,160.0
-4.0,24.0,22.0,160.0
-2.0,24.0,22.0,215.0
2.0,24.0,22.0,215.0
4.0,24.0,22.0,215.0
6.0,24.0,22.0,215.0
42.0,24.0,22.0,284.0
44.0,24.0,22.0,284.0
46.0,24.0,22.0,119.0
48.0,24.0,22.0,119.0
50.0,24.0,22.0,119.0
52.0,24.0,22.0,119.0
54.0,24.0,22.0,119.0
56.0,24.0,22.0,119.0
58.0,24.0,22.0,119.0
-58.0,26.0,22.0,14.0
-56.0,26.0,22.0,14.0
-54.0,26.0,22.0,14.0
-52.0,26.0,22.0,419.0
-50.0,26.0,22.0,419.0
-48.0,26.0,22.0,419.0
-46.0,26.0,22.0,419.0
-44.0,26.0,22.0,419.0
-42.0,26.0,22.0,360.0
-40.0,26.0,22.0,360.0
-38.0,26.0,22.0,360.0
-8.0,26.0,22.0,258.0
-6.0,26.0,22.0,258.0
-4.0,26.0,22.0,258.0
-2.0,26.0,22.0,258.0
2.0,26.0,22.0,258.0
4.0,26.0,22.0,531.0
6.0,26.0,22.0,531.0
40.0,26.0,22.0,284.0
42.0,26.0,22.0,284.0
44.0,26.0,22.0,284.0
46.0,26.0,22.0,284.0
48.0,26.0,22.0,119.0
50.0,26.0,22.0,119.0
52.0,26.0,22.0,119.0
54.0,26.0,22.0,119.0
56.0,26.0,22.0,119.0
-58.0,28.0,22.0,14.0
-56.0,28.0,22.0,14.0
-54.0,28.0,22.0,14.0
-52.0,28.0,22.0,419.0
-50.0,28.0,22.0,419.0
-48.0,28.0,22.0,419.0
-46.0,28.0,22.0,419.0
-44.0,28.0,22.0,419.0
-42.0,28.0,22.0,360.0
-40.0,28.0,22.0,360.0
-38.0,28.0,22.0,360.0
-8.0,28.0,22.0,258.0
-6.0,28.0,22.0,258.0
-4.0,28.0,22.0,258.0
-2.0,28.0,22.0,258.0
2.0,28.0,22.0,258.0
4.0,28.0,22.0,258.0
6.0,28.0,22.0,531.0
36.0,28.0,22.0,284.0
38.0,28.0,22.0,284.0
40.0,28.0,22.0,284.0
42.0,28.0,22.0,284.0
44.0,28.0,22.0,284.0
46.0,28.0,22.0,284.0
48.0,28.0,22.0,119.0
50.0,28.0,22.0,119.0
52.0,28.0,22.0,119.0
54.0,28.0,22.0,119.0
56.0,28.0,22.0,119.0
-56.0,30.0,22.0,14.0
-54.0,30.0,22.0,14.0
-52.0,30.0,22.0,419.0
-50.0,30.0,22.0,419.0
-48.0,30.0,22.0,419.0
-46.0,30.0,22.0,419.0
-44.0,30.0,22.0,419.0
-42.0,30.0,22.0,419.0
-40.0,30.0,22.0,360.0
-38.0,30.0,22.0,360.0
-8.0,30.0,22.0,258.0
-6.0,30.0,22.0,258.0
-4.0,30.0,22.0,258.0
-2.0,30.0,22.0,258.0
2.0,30.0,22.0,258.0
4.0,30.0,22.0,258.0
6.0,30.0,22.0,531.0
8.0,30.0,22.0,531.0
10.0,30.0,22.0,531.0
36.0,30.0,22.0,284.0
38.0,30.0,22.0,284.0
40.0,30.0,22.0,284.0
42.0,30.0,22.0,284.0
44.0,30.0,22.0,284.0
46.0,30.0,22.0,284.0
48.0,30.0,22.0,119.0
50.0,30.0,22.0,119.0
52.0,30.0,22.0,119.0
54.0,30.0,22.0,119.0
-56.0,32.0,22.0,14.0
-54.0,32.0,22.0,14.0
-52.0,32.0,22.0,419.0
-50.0,32.0,22.0,419.0
-48.0,32.0,22.0,419.0
-46.0,32.0,22.0,419.0
-44.0,32.0,22.0,419.0
-42.0,32.0,22.0,419.0
-40.0,32.0,22.0,301.0
-38.0,32.0,22.0,360.0
-8.0,32.0,22.0,258.0
-6.0,32.0,22.0,258.0
-4.0,32.0,22.0,258.0
-2.0,32.0,22.0,258.0
2.0,32.0,22.0,258.0
4.0,32.0,22.0,258.0
6.0,32.0,22.0,258.0
8.0,32.0,22.0,531.0
10.0,32.0,22.0,531.0
12.0,32.0,22.0,531.0
36.0,32.0,22.0,284.0
38.0,32.0,22.0,284.0
40.0,32.0,22.0,284.0
42.0,32.0,22.0,284.0
44.0,32.0,22.0,284.0
46.0,32.0,22.0,284.0
48.0,32.0,22.0,146.0
50.0,32.0,22.0,119.0
52.0,32.0,22.0,119.0
54.0,32.0,22.0,119.0
-54.0,34.0,22.0,14.0
-52.0,34.0,22.0,419.0
-50.0,34.0,22.0,419.0
-48.0,34.0,22.0,419.0
-46.0,34.0,22.0,419.0
-44.0,34.0,22.0,301.0
-42.0,34.0,22.0,301.0
-40.0,34.0,22.0,301.0
-38.0,34.0,22.0,301.0
-14.0,34.0,22.0,497.0
-12.0,34.0,22.0,497.0
-10.0,34.0,22.0,293.0
-8.0,34.0,22.0,293.0
-6.0,34.0,22.0,293.0
-4.0,34.0,22.0,258.0
-2.0,34.0,22.0,258.0
0.0,34.0,22.0,258.0
2.0,34.0,22.0,258.0
4.0,34.0,22.0,258.0
6.0,34.0,22.0,258.0
8.0,34.0,22.0,531.0
10.0,34.0,22.0,531.0
12.0,34.0,22.0,531.0
36.0,34.0,22.0,284.0
38.0,34.0,22.0,284.0
40.0,34.0,22.0,284.0
42.0,34.0,22.0,284.0
44.0,34.0,22.0,284.0
46.0,34.0,22.0,284.0
48.0,34.0,22.0,146.0
50.0,34.0,22.0,146.0
52.0,34.0,22.0,146.0
-54.0,36.0,22.0,14.0
-52.0,36.0,22.0,437.0
-50.0,36.0,22.0,437.0
-48.0,36.0,22.0,437.0
-46.0,36.0,22.0,437.0
-44.0,36.0,22.0,301.0
-42.0,36.0,22.0,301.0
-40.0,36.0,22.0,301.0
-38.0,36.0,22.0,301.0
-36.0,36.0,22.0,301.0
-14.0,36.0,22.0,497.0
-12.0,36.0,22.0,497.0
-10.0,36.0,22.0,293.0
-8.0,36.0,22.0,293.0
-6.0,36.0,22.0,293.0
-4.0,36.0,22.0,293.0
-2.0,36.0,22.0,293.0
0.0,36.0,22.0,258.0
2.0,36.0,22.0,258.0
4.0,36.0,22.0,258.0
6.0,36.0,22.0,258.0
8.0,36.0,22.0,258.0
10.0,36.0,22.0,531.0
12.0,36.0,22.0,531.0
38.0,36.0,22.0,284.0
40.0,36.0,22.0,284.0
42.0,36.0,22.0,284.0
44.0,36.0,22.0,284.0
46.0,36.0,22.0,284.0
48.0,36.0,22.0,146.0
50.0,36.0,22.0,146.0
52.0,36.0,22.0,146.0
-52.0,38.0,22.0,437.0
-50.0,38.0,22.0,437.0
-48.0,38.0,22.0,437.0
-46.0,38.0,22.0,437.0
-44.0,38.0,22.0,301.0
-42.0,38.0,22.0,301.0
-40.0,38.0,22.0,301.0
-38.0,38.0,22.0,301.0
-36.0,38.0,22.0,301.0
-14.0,38.0,22.0,497.0
-12.0,38.0,22.0,497.0
-10.0,38.0,22.0,293.0
-8.0,38.0,22.0,293.0
-6.0,38.0,22.0,293.0
-4.0,38.0,22.0,293.0
-2.0,38.0,22.0,293.0
0.0,38.0,22.0,293.0
2.0,38.0,22.0,293.0
4.0,38.0,22.0,258.0
6.0,38.0,22.0,258.0
8.0,38.0,22.0,258.0
10.0,38.0,22.0,320.0
12.0,38.0,22.0,531.0
14.0,38.0,22.0,531.0
34.0,38.0,22.0,518.0
36.0,38.0,22.0,518.0
38.0,38.0,22.0,284.0
40.0,38.0,22.0,284.0
42.0,38.0,22.0,284.0
44.0,38.0,22.0,284.0
46.0,38.0,22.0,146.0
48.0,38.0,22.0,146.0
50.0,38.0,22.0,146.0
-52.0,40.0,22.0,437.0
-50.0,40.0,22.0,437.0
-48.0,40.0,22.0,437.0
-46.0,40.0,22.0,437.0
-44.0,40.0,22.0,301.0
-42.0,40.0,22.0,301.0
-40.0,40.0,22.0,301.0
-38.0,40.0,22.0,301.0
-36.0,40.0,22.0,301.0
-30.0,40.0,22.0,497.0
-28.0,40.0,22.0,497.0
-26.0,40.0,22.0,497.0
-14.0,40.0,22.0,497.0
-12.0,40.0,22.0,497.0
-10.0,40.0,22.0,293.0
-8.0,40.0,22.0,293.0
-6.0,40.0,22.0,293.0
-4.0,40.0,22.0,293.0
-2.0,40.0,22.0,293.0
0.0,40.0,22.0,293.0
2.0,40.0,22.0,293.0
4.0,40.0,22.0,218.0
6.0,40.0,22.0,218.0
8.0,40.0,22.0,218.0
10.0,40.0,22.0,290.0
12.0,40.0,22.0,290.0
14.0,40.0,22.0,290.0
34.0,40.0,22.0,518.0
36.0,40.0,22.0,518.0
38.0,40.0,22.0,518.0
40.0,40.0,22.0,284.0
42.0,40.0,22.0,284.0
44.0,40.0,22.0,284.0
46.0,40.0,22.0,146.0
48.0,40.0,22.0,146.0
-50.0,42.0,22.0,437.0
-48.0,42.0,22.0,437.0
-46.0,42.0,22.0,437.0
-44.0,42.0,22.0,301.0
-42.0,42.0,22.0,301.0
-40.0,42.0,22.0,301.0
-38.0,42.0,22.0,301.0
-36.0,42.0,22.0,301.0
-32.0,42.0,22.0,280.0
-30.0,42.0,22.0,280.0
-28.0,42.0,22.0,497.0
-26.0,42.0,22.0,497.0
-14.0,42.0,22.0,497.0
-12.0,42.0,22.0,497.0
-10.0,42.0,22.0,497.0
-8.0,42.0,22.0,293.0
-6.0,42.0,22.0,293.0
-4.0,42.0,22.0,218.0
-2.0,42.0,22.0,218.0
0.0,42.0,22.0,218.0
2.0,42.0,22.0,218.0
4.0,42.0,22.0,218.0
6.0,42.0,22.0,218.0
8.0,42.0,22.0,290.0
10.0,42.0,22.0,290.0
12.0,42.0,22.0,290.0
14.0,42.0,22.0,290.0
24.0,42.0,22.0,518.0
26.0,42.0,22.0,518.0
28.0,42.0,22.0,518.0
34.0,42.0,22.0,518.0
36.0,42.0,22.0,518.0
38.0,42.0,22.0,518.0
40.0,42.0,22.0,518.0
42.0,42.0,22.0,284.0
44.0,42.0,22.0,284.0
46.0,42.0,22.0,146.0
48.0,42.0,22.0,146.0
-50.0,44.0,22.0,437.0
-48.0,44.0,22.0,437.0
-46.0,44.0,22.0,437.0
-44.0,44.0,22.0,301.0
-42.0,44.0,22.0,301.0
-40.0,44.0,22.0,301.0
-38.0,44.0,22.0,301.0
-36.0,44.0,22.0,301.0
-34.0,44.0,22.0,280.0
-32.0,44.0,22.0,280.0
-30.0,44.0,22.0,280.0
-28.0,44.0,22.0,280.0
-26.0,44.0,22.0,280.0
-24.0,44.0,22.0,497.0
-14.0,44.0,22.0,497.0
-12.0,44.0,22.0,497.0
-10.0,44.0,22.0,497.0
-8.0,44.0,22.0,218.0
-6.0,44.0,22.0,218.0
-4.0,44.0,22.0,218.0
-2.0,44.0,22.0,218.0
0.0,44.0,22.0,218.0
2.0,44.0,22.0,218.0
4.0,44.0,22.0,218.0
6.0,44.0,22.0,290.0
8.0,44.0,22.0,290.0
10.0,44.0,22.0,290.0
12.0,44.0,22.0,290.0
14.0,44.0,22.0,290.0
24.0,44.0,22.0,518.0
26.0,44.0,22.0,518.0
28.0,44.0,22.0,518.0
36.0,44.0,22.0,518.0
38.0,44.0,22.0,518.0
40.0,44.0,22.0,518.0
42.0,44.0,22.0,518.0
44.0,44.0,22.0,518.0
46.0,44.0,22.0,146.0
-48.0,46.0,22.0,437.0
-46.0,46.0,22.0,437.0
-44.0,46.0,22.0,301.0
-42.0,46.0,22.0,301.0
-40.0,46.0,22.0,301.0
-38.0,46.0,22.0,62.0
-36.0,46.0,22.0,62.0
-34.0,46.0,22.0,280.0
-32.0,46.0,22.0,280.0
-30.0,46.0,22.0,280.0
-28.0,46.0,22.0,280.0
-26.0,46.0,22.0,280.0
-24.0,46.0,22.0,280.0
-14.0,46.0,22.0,497.0
-12.0,46.0,22.0,497.0
-10.0,46.0,22.0,378.0
-8.0,46.0,22.0,218.0
-6.0,46.0,22.0,218.0
-4.0,46.0,22.0,218.0
-2.0,46.0,22.0,218.0
2.0,46.0,22.0,218.0
4.0,46.0,22.0,290.0
6.0,46.0,22.0,290.0
8.0,46.0,22.0,290.0
10.0,46.0,22.0,290.0
12.0,46.0,22.0,290.0
14.0,46.0,22.0,290.0
22.0,46.0,22.0,525.0
24.0,46.0,22.0,518.0
26.0,46.0,22.0,518.0
28.0,46.0,22.0,518.0
30.0,46.0,22.0,518.0
36.0,46.0,22.0,518.0
38.0,46.0,22.0,518.0
40.0,46.0,22.0,518.0
42.0,46.0,22.0,518.0
44.0,46.0,22.0,518.0
-46.0,48.0,22.0,361.0
-44.0,48.0,22.0,361.0
-42.0,48.0,22.0,361.0
-40.0,48.0,22.0,62.0
-38.0,48.0,22.0,62.0
-36.0,48.0,22.0,62.0
-34.0,48.0,22.0,280.0
-32.0,48.0,22.0,280.0
-30.0,48.0,22.0,280.0
-28.0,48.0,22.0,280.0
-26.0,48.0,22.0,280.0
-24.0,48.0,22.0,280.0
-22.0,48.0,22.0,280.0
-12.0,48.0,22.0,378.0
-10.0,48.0,22.0,378.0
-8.0,48.0,22.0,378.0
-6.0,48.0,22.0,218.0
-4.0,48.0,22.0,218.0
-2.0,48.0,22.0,218.0
2.0,48.0,22.0,290.0
4.0,48.0,22.0,290.0
6.0,48.0,22.0,290.0
8.0,48.0,22.0,290.0
10.0,48.0,22.0,290.0
12.0,48.0,22.0,290.0
22.0,48.0,22.0,525.0
24.0,48.0,22.0,518.0
26.0,48.0,22.0,518.0
28.0,48.0,22.0,518.0
30.0,48.0,22.0,518.0
32.0,48.0,22.0,518.0
34.0,48.0,22.0,518.0
36.0,48.0,22.0,518.0
38.0,48.0,22.0,518.0
40.0,48.0,22.0,518.0
42.0,48.0,22.0,518.0
44.0,48.0,22.0,518.0
-44.0,50.0,22.0,361.0
-42.0,50.0,22.0,361.0
-40.0,50.0,22.0,158.0
-38.0,50.0,22.0,158.0
-36.0,50.0,22.0,158.0
-34.0,50.0,22.0,280.0
-32.0,50.0,22.0,280.0
-30.0,50.0,22.0,280.0
-28.0,50.0,22.0,280.0
-26.0,50.0,22.0,280.0
-24.0,50.0,22.0,280.0
-22.0,50.0,22.0,280.0
-12.0,50.0,22.0,378.0
-10.0,50.0,22.0,378.0
-8.0,50.0,22.0,378.0
-6.0,50.0,22.0,378.0
-4.0,50.0,22.0,218.0
-2.0,50.0,22.0,218.0
0.0,50.0,22.0,290.0
2.0,50.0,22.0,290.0
4.0,50.0,22.0,290.0
6.0,50.0,22.0,290.0
8.0,50.0,22.0,290.0
10.0,50.0,22.0,290.0
20.0,50.0,22.0,525.0
22.0,50.0,22.0,525.0
24.0,50.0,22.0,525.0
26.0,50.0,22.0,518.0
28.0,50.0,22.0,518.0
30.0,50.0,22.0,518.0
32.0,50.0,22.0,518.0
34.0,50.0,22.0,518.0
36.0,50.0,22.0,518.0
38.0,50.0,22.0,518.0
40.0,50.0,22.0,518.0
42.0,50.0,22.0,518.0
-42.0,52.0,22.0,158.0
-40.0,52.0,22.0,158.0
-38.0,52.0,22.0,158.0
-36.0,52.0,22.0,158.0
-34.0,52.0,22.0,158.0
-32.0,52.0,22.0,280.0
-30.0,52.0,22.0,280.0
-28.0,52.0,22.0,280.0
-26.0,52.0,22.0,280.0
-24.0,52.0,22.0,280.0
-12.0,52.0,22.0,378.0
-10.0,52.0,22.0,378.0
-8.0,52.0,22.0,378.0
-6.0,52.0,22.0,378.0
-4.0,52.0,22.0,378.0
-2.0,52.0,22.0,290.0
0.0,52.0,22.0,290.0
2.0,52.0,22.0,290.0
4.0,52.0,22.0,290.0
6.0,52.0,22.0,290.0
8.0,52.0,22.0,290.0
10.0,52.0,22.0,525.0
20.0,52.0,22.0,525.0
22.0,52.0,22.0,525.0
24.0,52.0,22.0,365.0
26.0,52.0,22.0,365.0
28.0,52.0,22.0,365.0
30.0,52.0,22.0,365.0
32.0,52.0,22.0,365.0
34.0,52.0,22.0,365.0
36.0,52.0,22.0,518.0
38.0,52.0,22.0,518.0
40.0,52.0,22.0,518.0
-42.0,54.0,22.0,158.0
-40.0,54.0,22.0,158.0
-38.0,54.0,22.0,158.0
-36.0,54.0,22.0,158.0
-34.0,54.0,22.0,158.0
-32.0,54.0,22.0,4.0
-30.0,54.0,22.0,4.0
-28.0,54.0,22.0,4.0
-26.0,54.0,22.0,4.0
-24.0,54.0,22.0,4.0
-22.0,54.0,22.0,4.0
-10.0,54.0,22.0,378.0
-8.0,54.0,22.0,378.0
-6.0,54.0,22.0,378.0
-4.0,54.0,22.0,378.0
-2.0,54.0,22.0,378.0
0.0,54.0,22.0,290.0
2.0,54.0,22.0,290.0
4.0,54.0,22.0,290.0
6.0,54.0,22.0,290.0
8.0,54.0,22.0,525.0
10.0,54.0,22.0,525.0
20.0,54.0,22.0,525.0
22.0,54.0,22.0,525.0
24.0,54.0,22.0,365.0
26.0,54.0,22.0,365.0
28.0,54.0,22.0,365.0
30.0,54.0,22.0,365.0
32.0,54.0,22.0,365.0
34.0,54.0,22.0,365.0
36.0,54.0,22.0,365.0
38.0,54.0,22.0,365.0
-40.0,56.0,22.0,158.0
-38.0,56.0,22.0,158.0
-36.0,56.0,22.0,158.0
-34.0,56.0,22.0,158.0
-32.0,56.0,22.0,4.0
-30.0,56.0,22.0,4.0
-28.0,56.0,22.0,4.0
-26.0,56.0,22.0,4.0
-24.0,56.0,22.0,4.0
-22.0,56.0,22.0,4.0
-20.0,56.0,22.0,30.0
-18.0,56.0,22.0,30.0
-10.0,56.0,22.0,378.0
-8.0,56.0,22.0,378.0
-6.0,56.0,22.0,378.0
-4.0,56.0,22.0,378.0
-2.0,56.0,22.0,378.0
2.0,56.0,22.0,290.0
4.0,56.0,22.0,290.0
6.0,56.0,22.0,525.0
8.0,56.0,22.0,525.0
20.0,56.0,22.0,390.0
22.0,56.0,22.0,390.0
24.0,56.0,22.0,390.0
26.0,56.0,22.0,365.0
28.0,56.0,22.0,365.0
30.0,56.0,22.0,365.0
32.0,56.0,22.0,365.0
34.0,56.0,22.0,365.0
36.0,56.0,22.0,365.0
-36.0,58.0,22.0,158.0
-34.0,58.0,22.0,158.0
-32.0,58.0,22.0,4.0
-30.0,58.0,22.0,4.0
-28.0,58.0,22.0,4.0
-26.0,58.0,22.0,4.0
-24.0,58.0,22.0,4.0
-22.0,58.0,22.0,30.0
-20.0,58.0,22.0,30.0
-18.0,58.0,22.0,30.0
-16.0,58.0,22.0,30.0
-14.0,58.0,22.0,378.0
-10.0,58.0,22.0,378.0
-8.0,58.0,22.0,378.0
-6.0,58.0,22.0,378.0
-4.0,58.0,22.0,378.0
-2.0,58.0,22.0,378.0
2.0,58.0,22.0,290.0
4.0,58.0,22.0,525.0
6.0,58.0,22.0,525.0
8.0,58.0,22.0,525.0
18.0,58.0,22.0,390.0
20.0,58.0,22.0,390.0
22.0,58.0,22.0,390.0
24.0,58.0,22.0,390.0
26.0,58.0,22.0,365.0
28.0,58.0,22.0,365.0
30.0,58.0,22.0,365.0
32.0,58.0,22.0,365.0
34.0,58.0,22.0,365.0
-34.0,60.0,22.0,158.0
-32.0,60.0,22.0,4.0
-30.0,60.0,22.0,4.0
-28.0,60.0,22.0,4.0
-26.0,60.0,22.0,4.0
-24.0,60.0,22.0,4.0
-22.0,60.0,22.0,30.0
-20.0,60.0,22.0,30.0
-18.0,60.0,22.0,30.0
-16.0,60.0,22.0,30.0
-14.0,60.0,22.0,378.0
-10.0,60.0,22.0,378.0
-8.0,60.0,22.0,378.0
-6.0,60.0,22.0,378.0
-4.0,60.0,22.0,378.0
-2.0,60.0,22.0,378.0
2.0,60.0,22.0,251.0
4.0,60.0,22.0,390.0
6.0,60.0,22.0,390.0
8.0,60.0,22.0,390.0
14.0,60.0,22.0,390.0
16.0,60.0,22.0,390.0
18.0,60.0,22.0,390.0
20.0,60.0,22.0,390.0
22.0,60.0,22.0,390.0
24.0,60.0,22.0,390.0
26.0,60.0,22.0,390.0
28.0,60.0,22.0,365.0
30.0,60.0,22.0,365.0
32.0,60.0,22.0,365.0
-30.0,62.0,22.0,4.0
-28.0,62.0,22.0,4.0
-26.0,62.0,22.0,4.0
-24.0,62.0,22.0,30.0
-22.0,62.0,22.0,30.0
-20.0,62.0,22.0,30.0
-18.0,62.0,22.0,30.0
-16.0,62.0,22.0,30.0
-14.0,62.0,22.0,378.0
-12.0,62.0,22.0,378.0
-10.0,62.0,22.0,378.0
-8.0,62.0,22.0,378.0
-6.0,62.0,22.0,378.0
-4.0,62.0,22.0,378.0
-2.0,62.0,22.0,378.0
2.0,62.0,22.0,251.0
4.0,62.0,22.0,251.0
6.0,62.0,22.0,390.0
8.0,62.0,22.0,390.0
10.0,62.0,22.0,390.0
12.0,62.0,22.0,390.0
14.0,62.0,22.0,390.0
16.0,62.0,22.0,390.0
18.0,62.0,22.0,390.0
20.0,62.0,22.0,390.0
22.0,62.0,22.0,390.0
24.0,62.0,22.0,390.0
26.0,62.0,22.0,390.0
28.0,62.0,22.0,365.0
-28.0,64.0,22.0,4.0
-26.0,64.0,22.0,4.0
-24.0,64.0,22.0,30.0
-22.0,64.0,22.0,30.0
-20.0,64.0,22.0,30.0
-18.0,64.0,22.0,30.0
-16.0,64.0,22.0,30.0
-14.0,64.0,22.0,378.0
-12.0,64.0,22.0,378.0
-10.0,64.0,22.0,378.0
-8.0,64.0,22.0,378.0
-6.0,64.0,22.0,378.0
-4.0,64.0,22.0,378.0
-2.0,64.0,22.0,378.0
2.0,64.0,22.0,251.0
4.0,64.0,22.0,251.0
6.0,64.0,22.0,390.0
8.0,64.0,22.0,390.0
10.0,64.0,22.0,390.0
12.0,64.0,22.0,390.0
14.0,64.0,22.0,390.0
16.0,64.0,22.0,390.0
18.0,64.0,22.0,390.0
20.0,64.0,22.0,390.0
22.0,64.0,22.0,390.0
24.0,64.0,22.0,390.0
26.0,64.0,22.0,390.0
-24.0,66.0,22.0,30.0
-22.0,66.0,22.0,30.0
-20.0,66.0,22.0,30.0
-18.0,66.0,22.0,30.0
-16.0,66.0,22.0,30.0
-14.0,66.0,22.0,30.0
-12.0,66.0,22.0,378.0
-10.0,66.0,22.0,378.0
-8.0,66.0,22.0,378.0
-6.0,66.0,22.0,378.0
-4.0,66.0,22.0,378.0
-2.0,66.0,22.0,378.0
2.0,66.0,22.0,251.0
4.0,66.0,22.0,251.0
6.0,66.0,22.0,251.0
8.0,66.0,22.0,390.0
10.0,66.0,22.0,390.0
12.0,66.0,22.0,390.0
14.0,66.0,22.0,390.0
16.0,66.0,22.0,390.0
18.0,66.0,22.0,390.0
20.0,66.0,22.0,390.0
22.0,66.0,22.0,390.0
-18.0,68.0,22.0,30.0
-16.0,68.0,22.0,30.0
-14.0,68.0,22.0,30.0
-12.0,68.0,22.0,378.0
-10.0,68.0,22.0,378.0
-8.0,68.0,22.0,378.0
-6.0,68.0,22.0,378.0
-4.0,68.0,22.0,378.0
4.0,68.0,22.0,251.0
6.0,68.0,22.0,251.0
8.0,68.0,22.0,390.0
10.0,68.0,22.0,390.0
12.0,68.0,22.0,390.0
14.0,68.0,22.0,390.0
16.0,68.0,22.0,390.0
-18.0,-98.0,24.0,247.0
-16.0,-98.0,24.0,247.0
-14.0,-98.0,24.0,420.0
4.0,-98.0,24.0,222.0
6.0,-98.0,24.0,222.0
8.0,-98.0,24.0,222.0
10.0,-98.0,24.0,222.0
12.0,-98.0,24.0,139.0
14.0,-98.0,24.0,139.0
16.0,-98.0,24.0,139.0
18.0,-98.0,24.0,139.0
-24.0,-96.0,24.0,247.0
-22.0,-96.0,24.0,247.0
-20.0,-96.0,24.0,247.0
-18.0,-96.0,24.0,247.0
-16.0,-96.0,24.0,247.0
-14.0,-96.0,24.0,420.0
-12.0,-96.0,24.0,420.0
-10.0,-96.0,24.0,420.0
2.0,-96.0,24.0,222.0
4.0,-96.0,24.0,222.0
6.0,-96.0,24.0,222.0
8.0,-96.0,24.0,222.0
10.0,-96.0,24.0,222.0
12.0,-96.0,24.0,222.0
14.0,-96.0,24.0,139.0
16.0,-96.0,24.0,139.0
18.0,-96.0,24.0,139.0
20.0,-96.0,24.0,139.0
22.0,-96.0,24.0,139.0
24.0,-96.0,24.0,139.0
-28.0,-94.0,24.0,247.0
-26.0,-94.0,24.0,247.0
-24.0,-94.0,24.0,247.0
-22.0,-94.0,24.0,247.0
-20.0,-94.0,24.0,247.0
-18.0,-94.0,24.0,247.0
-16.0,-94.0,24.0,247.0
-14.0,-94.0,24.0,420.0
-12.0,-94.0,24.0,420.0
-10.0,-94.0,24.0,420.0
-8.0,-94.0,24.0,420.0
0.0,-94.0,24.0,461.0
2.0,-94.0,24.0,461.0
4.0,-94.0,24.0,222.0
6.0,-94.0,24.0,222.0
8.0,-94.0,24.0,222.0
10.0,-94.0,24.0,222.0
12.0,-94.0,24.0,222.0
14.0,-94.0,24.0,139.0
16.0,-94.0,24.0,139.0
18.0,-94.0,24.0,139.0
20.0,-94.0,24.0,139.0
22.0,-94.0,24.0,139.0
24.0,-94.0,24.0,139.0
26.0,-94.0,24.0,139.0
28.0,-94.0,24.0,366.0
30.0,-94.0,24.0,366.0
-32.0,-92.0,24.0,454.0
-30.0,-92.0,24.0,247.0
-28.0,-92.0,24.0,247.0
-26.0,-92.0,24.0,247.0
-24.0,-92.0,24.0,247.0
-22.0,-92.0,24.0,247.0
-20.0,-92.0,24.0,247.0
-18.0,-92.0,24.0,247.0
-16.0,-92.0,24.0,247.0
-14.0,-92.0,24.0,420.0
-12.0,-92.0,24.0,420.0
-10.0,-92.0,24.0,420.0
-8.0,-92.0,24.0,420.0
-6.0,-92.0,24.0,461.0
0.0,-92.0,24.0,461.0
2.0,-92.0,24.0,461.0
4.0,-92.0,24.0,222.0
6.0,-92.0,24.0,222.0
8.0,-92.0,24.0,222.0
10.0,-92.0,24.0,222.0
12.0,-92.0,24.0,222.0
14.0,-92.0,24.0,139.0
16.0,-92.0,24.0,139.0
18.0,-92.0,24.0,139.0
20.0,-92.0,24.0,139.0
22.0,-92.0,24.0,139.0
24.0,-92.0,24.0,139.0
26.0,-92.0,24.0,366.0
28.0,-92.0,24.0,366.0
30.0,-92.0,24.0,366.0
32.0,-92.0,24.0,366.0
-34.0,-90.0,24.0,454.0
-32.0,-90.0,24.0,454.0
-30.0,-90.0,24.0,454.0
-28.0,-90.0,24.0,454.0
-26.0,-90.0,24.0,247.0
-24.0,-90.0,24.0,247.0
-22.0,-90.0,24.0,247.0
-20.0,-90.0,24.0,247.0
-18.0,-90.0,24.0,247.0
-16.0,-90.0,24.0,420.0
-14.0,-90.0,24.0,420.0
-12.0,-90.0,24.0,420.0
-10.0,-90.0,24.0,420.0
-8.0,-90.0,24.0,461.0
-6.0,-90.0,24.0,461.0
-4.0,-90.0,24.0,461.0
-2.0,-90.0,24.0,461.0
0.0,-90.0,24.0,461.0
2.0,-90.0,24.0,461.0
4.0,-90.0,24.0,461.0
6.0,-90.0,24.0,222.0
8.0,-90.0,24.0,222.0
10.0,-90.0,24.0,222.0
12.0,-90.0,24.0,222.0
14.0,-90.0,24.0,222.0
16.0,-90.0,24.0,139.0
18.0,-90.0,24.0,139.0
20.0,-90.0,24.0,139.0
22.0,-90.0,24.0,139.0
24.0,-90.0,24.0,366.0
26.0,-90.0,24.0,366.0
28.0,-90.0,24.0,366.0
30.0,-90.0,24.0,366.0
32.0,-90.0,24.0,366.0
34.0,-90.0,24.0,366.0
-38.0,-88.0,24.0,454.0
-36.0,-88.0,24.0,454.0
-34.0,-88.0,24.0,454.0
-32.0,-88.0,24.0,454.0
-30.0,-88.0,24.0,454.0
-28.0,-88.0,24.0,454.0
-26.0,-88.0,24.0,454.0
-24.0,-88.0,24.0,454.0
-22.0,-88.0,24.0,247.0
-20.0,-88.0,24.0,247.0
-18.0,-88.0,24.0,247.0
-16.0,-88.0,24.0,420.0
-14.0,-88.0,24.0,420.0
-12.0,-88.0,24.0,420.0
-10.0,-88.0,24.0,461.0
-8.0,-88.0,24.0,461.0
-6.0,-88.0,24.0,461.0
-4.0,-88.0,24.0,461.0
-2.0,-88.0,24.0,461.0
0.0,-88.0,24.0,461.0
2.0,-88.0,24.0,461.0
4.0,-88.0,24.0,461.0
6.0,-88.0,24.0,461.0
8.0,-88.0,24.0,222.0
10.0,-88.0,24.0,222.0
12.0,-88.0,24.0,222.0
14.0,-88.0,24.0,222.0
16.0,-88.0,24.0,139.0
18.0,-88.0,24.0,139.0
20.0,-88.0,24.0,139.0
22.0,-88.0,24.0,139.0
24.0,-88.0,24.0,366.0
26.0,-88.0,24.0,366.0
28.0,-88.0,24.0,366.0
30.0,-88.0,24.0,366.0
32.0,-88.0,24.0,366.0
34.0,-88.0,24.0,366.0
36.0,-88.0,24.0,366.0
38.0,-88.0,24.0,366.0
40.0,-88.0,24.0,99.0
-42.0,-86.0,24.0,279.0
-40.0,-86.0,24.0,454.0
-38.0,-86.0,24.0,454.0
-36.0,-86.0,24.0,454.0
-34.0,-86.0,24.0,454.0
-32.0,-86.0,24.0,454.0
-30.0,-86.0,24.0,454.0
-28.0,-86.0,24.0,454.0
-26.0,-86.0,24.0,454.0
-24.0,-86.0,24.0,454.0
-22.0,-86.0,24.0,454.0
-20.0,-86.0,24.0,454.0
-18.0,-86.0,24.0,454.0
-16.0,-86.0,24.0,420.0
-14.0,-86.0,24.0,420.0
-12.0,-86.0,24.0,420.0
-10.0,-86.0,24.0,461.0
-8.0,-86.0,24.0,461.0
-6.0,-86.0,24.0,461.0
-4.0,-86.0,24.0,461.0
-2.0,-86.0,24.0,461.0
0.0,-86.0,24.0,461.0
2.0,-86.0,24.0,461.0
4.0,-86.0,24.0,461.0
6.0,-86.0,24.0,461.0
8.0,-86.0,24.0,461.0
10.0,-86.0,24.0,222.0
12.0,-86.0,24.0,222.0
14.0,-86.0,24.0,222.0
16.0,-86.0,24.0,139.0
18.0,-86.0,24.0,139.0
20.0,-86.0,24.0,139.0
22.0,-86.0,24.0,366.0
24.0,-86.0,24.0,366.0
26.0,-86.0,24.0,366.0
28.0,-86.0,24.0,366.0
30.0,-86.0,24.0,366.0
32.0,-86.0,24.0,366.0
34.0,-86.0,24.0,366.0
36.0,-86.0,24.0,366.0
38.0,-86.0,24.0,534.0
40.0,-86.0,24.0,99.0
42.0,-86.0,24.0,99.0
-42.0,-84.0,24.0,423.0
-40.0,-84.0,24.0,454.0
-38.0,-84.0,24.0,454.0
-36.0,-84.0,24.0,454.0
-34.0,-84.0,24.0,454.0
-32.0,-84.0,24.0,454.0
-30.0,-84.0,24.0,454.0
-28.0,-84.0,24.0,454.0
-26.0,-84.0,24.0,454.0
-24.0,-84.0,24.0,454.0
-22.0,-84.0,24.0,454.0
-20.0,-84.0,24.0,454.0
-18.0,-84.0,24.0,454.0
-16.0,-84.0,24.0,454.0
-14.0,-84.0,24.0,148.0
-12.0,-84.0,24.0,461.0
-10.0,-84.0,24.0,461.0
-8.0,-84.0,24.0,461.0
-6.0,-84.0,24.0,461.0
-4.0,-84.0,24.0,461.0
-2.0,-84.0,24.0,461.0
0.0,-84.0,24.0,461.0
2.0,-84.0,24.0,461.0
4.0,-84.0,24.0,461.0
6.0,-84.0,24.0,461.0
8.0,-84.0,24.0,461.0
10.0,-84.0,24.0,222.0
12.0,-84.0,24.0,222.0
14.0,-84.0,24.0,222.0
16.0,-84.0,24.0,139.0
18.0,-84.0,24.0,139.0
20.0,-84.0,24.0,366.0
22.0,-84.0,24.0,366.0
24.0,-84.0,24.0,366.0
26.0,-84.0,24.0,366.0
28.0,-84.0,24.0,366.0
30.0,-84.0,24.0,366.0
32.0,-84.0,24.0,366.0
34.0,-84.0,24.0,534.0
36.0,-84.0,24.0,534.0
38.0,-84.0,24.0,534.0
40.0,-84.0,24.0,99.0
42.0,-84.0,24.0,99.0
44.0,-84.0,24.0,99.0
46.0,-84.0,24.0,99.0
-42.0,-82.0,24.0,423.0
-40.0,-82.0,24.0,423.0
-38.0,-82.0,24.0,454.0
-36.0,-82.0,24.0,454.0
-34.0,-82.0,24.0,454.0
-32.0,-82.0,24.0,454.0
-30.0,-82.0,24.0,454.0
-28.0,-82.0,24.0,454.0
-26.0,-82.0,24.0,454.0
-24.0,-82.0,24.0,454.0
-22.0,-82.0,24.0,454.0
-20.0,-82.0,24.0,454.0
-18.0,-82.0,24.0,454.0
-16.0,-82.0,24.0,454.0
-14.0,-82.0,24.0,550.0
-12.0,-82.0,24.0,461.0
-10.0,-82.0,24.0,461.0
-8.0,-82.0,24.0,461.0
-6.0,-82.0,24.0,461.0
-4.0,-82.0,24.0,461.0
-2.0,-82.0,24.0,461.0
0.0,-82.0,24.0,461.0
2.0,-82.0,24.0,461.0
4.0,-82.0,24.0,461.0
6.0,-82.0,24.0,461.0
8.0,-82.0,24.0,461.0
10.0,-82.0,24.0,461.0
12.0,-82.0,24.0,219.0
14.0,-82.0,24.0,219.0
16.0,-82.0,24.0,219.0
18.0,-82.0,24.0,139.0
20.0,-82.0,24.0,366.0
22.0,-82.0,24.0,366.0
24.0,-82.0,24.0,366.0
26.0,-82.0,24.0,537.0
28.0,-82.0,24.0,537.0
30.0,-82.0,24.0,537.0
32.0,-82.0,24.0,537.0
34.0,-82.0,24.0,537.0
36.0,-82.0,24.0,537.0
38.0,-82.0,24.0,537.0
40.0,-82.0,24.0,99.0
42.0,-82.0,24.0,99.0
44.0,-82.0,24.0,99.0
46.0,-82.0,24.0,99.0
48.0,-82.0,24.0,99.0
-48.0,-80.0,24.0,595.0
-46.0,-80.0,24.0,423.0
-44.0,-80.0,24.0,423.0
-42.0,-80.0,24.0,423.0
-40.0,-80.0,24.0,423.0
-38.0,-80.0,24.0,423.0
-36.0,-80.0,24.0,454.0
-34.0,-80.0,24.0,454.0
-32.0,-80.0,24.0,454.0
-30.0,-80.0,24.0,454.0
-28.0,-80.0,24.0,454.0
-26.0,-80.0,24.0,454.0
-24.0,-80.0,24.0,454.0
-20.0,-80.0,24.0,454.0
-18.0,-80.0,24.0,454.0
-16.0,-80.0,24.0,349.0
-14.0,-80.0,24.0,349.0
-10.0,-80.0,24.0,461.0
-8.0,-80.0,24.0,461.0
-6.0,-80.0,24.0,461.0
-4.0,-80.0,24.0,461.0
-2.0,-80.0,24.0,461.0
0.0,-80.0,24.0,461.0
2.0,-80.0,24.0,461.0
4.0,-80.0,24.0,461.0
6.0,-80.0,24.0,461.0
8.0,-80.0,24.0,461.0
10.0,-80.0,24.0,219.0
12.0,-80.0,24.0,219.0
14.0,-80.0,24.0,219.0
16.0,-80.0,24.0,219.0
18.0,-80.0,24.0,219.0
20.0,-80.0,24.0,537.0
22.0,-80.0,24.0,537.0
24.0,-80.0,24.0,537.0
26.0,-80.0,24.0,537.0
28.0,-80.0,24.0,537.0
30.0,-80.0,24.0,537.0
32.0,-80.0,24.0,537.0
34.0,-80.0,24.0,537.0
36.0,-80.0,24.0,537.0
38.0,-80.0,24.0,537.0
40.0,-80.0,24.0,99.0
42.0,-80.0,24.0,99.0
44.0,-80.0,24.0,99.0
46.0,-80.0,24.0,99.0
48.0,-80.0,24.0,99.0
-50.0,-78.0,24.0,595.0
-48.0,-78.0,24.0,595.0
-46.0,-78.0,24.0,423.0
-44.0,-78.0,24.0,423.0
-42.0,-78.0,24.0,423.0
-40.0,-78.0,24.0,423.0
-38.0,-78.0,24.0,423.0
-36.0,-78.0,24.0,423.0
-34.0,-78.0,24.0,454.0
-32.0,-78.0,24.0,454.0
-30.0,-78.0,24.0,454.0
-28.0,-78.0,24.0,454.0
-18.0,-78.0,24.0,349.0
-16.0,-78.0,24.0,349.0
-10.0,-78.0,24.0,349.0
-8.0,-78.0,24.0,349.0
-6.0,-78.0,24.0,60.0
-4.0,-78.0,24.0,60.0
-2.0,-78.0,24.0,60.0
0.0,-78.0,24.0,60.0
2.0,-78.0,24.0,60.0
4.0,-78.0,24.0,60.0
6.0,-78.0,24.0,219.0
8.0,-78.0,24.0,219.0
10.0,-78.0,24.0,219.0
12.0,-78.0,24.0,219.0
14.0,-78.0,24.0,219.0
16.0,-78.0,24.0,219.0
18.0,-78.0,24.0,219.0
20.0,-78.0,24.0,537.0
22.0,-78.0,24.0,537.0
24.0,-78.0,24.0,537.0
26.0,-78.0,24.0,537.0
28.0,-78.0,24.0,537.0
30.0,-78.0,24.0,537.0
32.0,-78.0,24.0,537.0
34.0,-78.0,24.0,537.0
36.0,-78.0,24.0,537.0
38.0,-78.0,24.0,537.0
40.0,-78.0,24.0,537.0
42.0,-78.0,24.0,99.0
44.0,-78.0,24.0,99.0
46.0,-78.0,24.0,99.0
48.0,-78.0,24.0,99.0
50.0,-78.0,24.0,99.0
-52.0,-76.0,24.0,595.0
-50.0,-76.0,24.0,595.0
-48.0,-76.0,24.0,595.0
-46.0,-76.0,24.0,423.0
-44.0,-76.0,24.0,423.0
-42.0,-76.0,24.0,423.0
-40.0,-76.0,24.0,423.0
-38.0,-76.0,24.0,423.0
-36.0,-76.0,24.0,423.0
-34.0,-76.0,24.0,423.0
-32.0,-76.0,24.0,454.0
-30.0,-76.0,24.0,454.0
-28.0,-76.0,24.0,454.0
-26.0,-76.0,24.0,454.0
-20.0,-76.0,24.0,349.0
-18.0,-76.0,24.0,349.0
-16.0,-76.0,24.0,349.0
-14.0,-76.0,24.0,349.0
-10.0,-76.0,24.0,349.0
-8.0,-76.0,24.0,349.0
-6.0,-76.0,24.0,349.0
-4.0,-76.0,24.0,60.0
-2.0,-76.0,24.0,60.0
0.0,-76.0,24.0,60.0
2.0,-76.0,24.0,60.0
4.0,-76.0,24.0,60.0
6.0,-76.0,24.0,219.0
8.0,-76.0,24.0,219.0
10.0,-76.0,24.0,219.0
12.0,-76.0,24.0,219.0
14.0,-76.0,24.0,219.0
16.0,-76.0,24.0,219.0
18.0,-76.0,24.0,219.0
20.0,-76.0,24.0,537.0
22.0,-76.0,24.0,537.0
24.0,-76.0,24.0,537.0
26.0,-76.0,24.0,537.0
28.0,-76.0,24.0,537.0
30.0,-76.0,24.0,537.0
32.0,-76.0,24.0,537.0
34.0,-76.0,24.0,537.0
36.0,-76.0,24.0,537.0
38.0,-76.0,24.0,537.0
40.0,-76.0,24.0,537.0
42.0,-76.0,24.0,99.0
44.0,-76.0,24.0,99.0
46.0,-76.0,24.0,99.0
48.0,-76.0,24.0,99.0
50.0,-76.0,24.0,99.0
52.0,-76.0,24.0,99.0
-52.0,-74.0,24.0,595.0
-50.0,-74.0,24.0,595.0
-48.0,-74.0,24.0,595.0
-46.0,-74.0,24.0,570.0
-44.0,-74.0,24.0,423.0
-42.0,-74.0,24.0,423.0
-40.0,-74.0,24.0,423.0
-38.0,-74.0,24.0,423.0
-36.0,-74.0,24.0,423.0
-34.0,-74.0,24.0,423.0
-32.0,-74.0,24.0,423.0
-30.0,-74.0,24.0,454.0
-28.0,-74.0,24.0,454.0
-26.0,-74.0,24.0,454.0
-20.0,-74.0,24.0,349.0
-18.0,-74.0,24.0,349.0
-16.0,-74.0,24.0,349.0
-14.0,-74.0,24.0,349.0
-12.0,-74.0,24.0,349.0
-10.0,-74.0,24.0,349.0
-8.0,-74.0,24.0,349.0
-6.0,-74.0,24.0,349.0
-4.0,-74.0,24.0,349.0
-2.0,-74.0,24.0,60.0
0.0,-74.0,24.0,60.0
2.0,-74.0,24.0,60.0
4.0,-74.0,24.0,219.0
6.0,-74.0,24.0,219.0
8.0,-74.0,24.0,219.0
10.0,-74.0,24.0,219.0
12.0,-74.0,24.0,219.0
14.0,-74.0,24.0,219.0
16.0,-74.0,24.0,219.0
18.0,-74.0,24.0,537.0
20.0,-74.0,24.0,537.0
22.0,-74.0,24.0,537.0
24.0,-74.0,24.0,537.0
26.0,-74.0,24.0,537.0
28.0,-74.0,24.0,537.0
30.0,-74.0,24.0,537.0
32.0,-74.0,24.0,537.0
36.0,-74.0,24.0,537.0
38.0,-74.0,24.0,537.0
40.0,-74.0,24.0,537.0
42.0,-74.0,24.0,99.0
44.0,-74.0,24.0,99.0
46.0,-74.0,24.0,99.0
48.0,-74.0,24.0,99.0
50.0,-74.0,24.0,99.0
52.0,-74.0,24.0,99.0
-54.0,-72.0,24.0,595.0
-52.0,-72.0,24.0,595.0
-50.0,-72.0,24.0,595.0
-48.0,-72.0,24.0,595.0
-46.0,-72.0,24.0,570.0
-44.0,-72.0,24.0,570.0
-42.0,-72.0,24.0,423.0
-40.0,-72.0,24.0,423.0
-38.0,-72.0,24.0,423.0
-36.0,-72.0,24.0,423.0
-34.0,-72.0,24.0,423.0
-32.0,-72.0,24.0,423.0
-30.0,-72.0,24.0,423.0
-28.0,-72.0,24.0,454.0
-26.0,-72.0,24.0,454.0
-20.0,-72.0,24.0,349.0
-18.0,-72.0,24.0,349.0
-16.0,-72.0,24.0,349.0
-14.0,-72.0,24.0,349.0
-12.0,-72.0,24.0,349.0
-10.0,-72.0,24.0,349.0
-8.0,-72.0,24.0,349.0
-6.0,-72.0,24.0,349.0
-4.0,-72.0,24.0,349.0
-2.0,-72.0,24.0,60.0
0.0,-72.0,24.0,60.0
2.0,-72.0,24.0,578.0
4.0,-72.0,24.0,578.0
6.0,-72.0,24.0,219.0
8.0,-72.0,24.0,219.0
10.0,-72.0,24.0,219.0
12.0,-72.0,24.0,219.0
14.0,-72.0,24.0,219.0
16.0,-72.0,24.0,219.0
18.0,-72.0,24.0,537.0
20.0,-72.0,24.0,537.0
22.0,-72.0,24.0,537.0
24.0,-72.0,24.0,537.0
26.0,-72.0,24.0,537.0
28.0,-72.0,24.0,537.0
30.0,-72.0,24.0,537.0
38.0,-72.0,24.0,537.0
40.0,-72.0,24.0,537.0
42.0,-72.0,24.0,99.0
44.0,-72.0,24.0,99.0
46.0,-72.0,24.0,99.0
48.0,-72.0,24.0,99.0
50.0,-72.0,24.0,99.0
52.0,-72.0,24.0,99.0
-56.0,-70.0,24.0,595.0
-54.0,-70.0,24.0,595.0
-52.0,-70.0,24.0,595.0
-50.0,-70.0,24.0,595.0
-48.0,-70.0,24.0,595.0
-46.0,-70.0,24.0,570.0
-44.0,-70.0,24.0,570.0
-42.0,-70.0,24.0,423.0
-40.0,-70.0,24.0,423.0
-38.0,-70.0,24.0,423.0
-36.0,-70.0,24.0,423.0
-34.0,-70.0,24.0,423.0
-32.0,-70.0,24.0,423.0
-30.0,-70.0,24.0,423.0
-28.0,-70.0,24.0,541.0
-22.0,-70.0,24.0,349.0
-20.0,-70.0,24.0,349.0
-18.0,-70.0,24.0,349.0
-16.0,-70.0,24.0,349.0
-14.0,-70.0,24.0,349.0
-12.0,-70.0,24.0,349.0
-10.0,-70.0,24.0,349.0
-8.0,-70.0,24.0,349.0
-6.0,-70.0,24.0,61.0
-4.0,-70.0,24.0,61.0
2.0,-70.0,24.0,578.0
4.0,-70.0,24.0,578.0
6.0,-70.0,24.0,219.0
8.0,-70.0,24.0,219.0
10.0,-70.0,24.0,219.0
12.0,-70.0,24.0,219.0
14.0,-70.0,24.0,219.0
16.0,-70.0,24.0,580.0
18.0,-70.0,24.0,537.0
20.0,-70.0,24.0,537.0
22.0,-70.0,24.0,537.0
24.0,-70.0,24.0,537.0
26.0,-70.0,24.0,537.0
28.0,-70.0,24.0,537.0
30.0,-70.0,24.0,537.0
38.0,-70.0,24.0,537.0
40.0,-70.0,24.0,537.0
42.0,-70.0,24.0,537.0
44.0,-70.0,24.0,99.0
46.0,-70.0,24.0,99.0
48.0,-70.0,24.0,99.0
50.0,-70.0,24.0,99.0
52.0,-70.0,24.0,370.0
54.0,-70.0,24.0,370.0
-56.0,-68.0,24.0,595.0
-54.0,-68.0,24.0,595.0
-52.0,-68.0,24.0,595.0
-50.0,-68.0,24.0,595.0
-48.0,-68.0,24.0,570.0
-46.0,-68.0,24.0,570.0
-44.0,-68.0,24.0,570.0
-42.0,-68.0,24.0,570.0
-38.0,-68.0,24.0,423.0
-36.0,-68.0,24.0,541.0
-34.0,-68.0,24.0,541.0
-32.0,-68.0,24.0,541.0
-30.0,-68.0,24.0,541.0
-22.0,-68.0,24.0,583.0
-20.0,-68.0,24.0,583.0
-18.0,-68.0,24.0,349.0
-16.0,-68.0,24.0,349.0
-14.0,-68.0,24.0,349.0
-12.0,-68.0,24.0,349.0
-10.0,-68.0,24.0,61.0
-8.0,-68.0,24.0,61.0
-6.0,-68.0,24.0,61.0
-4.0,-68.0,24.0,61.0
-2.0,-68.0,24.0,61.0
0.0,-68.0,24.0,61.0
2.0,-68.0,24.0,243.0
4.0,-68.0,24.0,243.0
6.0,-68.0,24.0,243.0
8.0,-68.0,24.0,243.0
10.0,-68.0,24.0,243.0
12.0,-68.0,24.0,243.0
14.0,-68.0,24.0,243.0
16.0,-68.0,24.0,243.0
18.0,-68.0,24.0,580.0
22.0,-68.0,24.0,537.0
24.0,-68.0,24.0,537.0
26.0,-68.0,24.0,537.0
28.0,-68.0,24.0,537.0
30.0,-68.0,24.0,537.0
38.0,-68.0,24.0,537.0
40.0,-68.0,24.0,537.0
42.0,-68.0,24.0,572.0
44.0,-68.0,24.0,99.0
46.0,-68.0,24.0,309.0
48.0,-68.0,24.0,309.0
50.0,-68.0,24.0,370.0
52.0,-68.0,24.0,370.0
54.0,-68.0,24.0,370.0
56.0,-68.0,24.0,370.0
-58.0,-66.0,24.0,584.0
-56.0,-66.0,24.0,595.0
-54.0,-66.0,24.0,595.0
-52.0,-66.0,24.0,595.0
-50.0,-66.0,24.0,595.0
-48.0,-66.0,24.0,299.0
-46.0,-66.0,24.0,299.0
-44.0,-66.0,24.0,299.0
-42.0,-66.0,24.0,299.0
-38.0,-66.0,24.0,541.0
-36.0,-66.0,24.0,541.0
-34.0,-66.0,24.0,541.0
-32.0,-66.0,24.0,541.0
-30.0,-66.0,24.0,541.0
-24.0,-66.0,24.0,583.0
-22.0,-66.0,24.0,583.0
-20.0,-66.0,24.0,583.0
-18.0,-66.0,24.0,583.0
-16.0,-66.0,24.0,583.0
-14.0,-66.0,24.0,61.0
-12.0,-66.0,24.0,61.0
-10.0,-66.0,24.0,61.0
-8.0,-66.0,24.0,61.0
-6.0,-66.0,24.0,61.0
-4.0,-66.0,24.0,61.0
-2.0,-66.0,24.0,61.0
0.0,-66.0,24.0,243.0
2.0,-66.0,24.0,243.0
4.0,-66.0,24.0,243.0
6.0,-66.0,24.0,243.0
8.0,-66.0,24.0,243.0
10.0,-66.0,24.0,243.0
12.0,-66.0,24.0,243.0
14.0,-66.0,24.0,243.0
16.0,-66.0,24.0,469.0
18.0,-66.0,24.0,469.0
20.0,-66.0,24.0,469.0
24.0,-66.0,24.0,537.0
26.0,-66.0,24.0,537.0
28.0,-66.0,24.0,537.0
40.0,-66.0,24.0,572.0
42.0,-66.0,24.0,572.0
44.0,-66.0,24.0,572.0
46.0,-66.0,24.0,309.0
48.0,-66.0,24.0,309.0
50.0,-66.0,24.0,309.0
52.0,-66.0,24.0,370.0
54.0,-66.0,24.0,370.0
56.0,-66.0,24.0,370.0
58.0,-66.0,24.0,370.0
-60.0,-64.0,24.0,584.0
-58.0,-64.0,24.0,584.0
-56.0,-64.0,24.0,584.0
-54.0,-64.0,24.0,595.0
-52.0,-64.0,24.0,595.0
-50.0,-64.0,24.0,299.0
-48.0,-64.0,24.0,299.0
-46.0,-64.0,24.0,299.0
-44.0,-64.0,24.0,299.0
-42.0,-64.0,24.0,299.0
-36.0,-64.0,24.0,541.0
-34.0,-64.0,24.0,541.0
-32.0,-64.0,24.0,541.0
-24.0,-64.0,24.0,583.0
-22.0,-64.0,24.0,583.0
-20.0,-64.0,24.0,583.0
-18.0,-64.0,24.0,583.0
-16.0,-64.0,24.0,583.0
-14.0,-64.0,24.0,583.0
-12.0,-64.0,24.0,61.0
-10.0,-64.0,24.0,61.0
-8.0,-64.0,24.0,61.0
-6.0,-64.0,24.0,61.0
-4.0,-64.0,24.0,61.0
-2.0,-64.0,24.0,61.0
0.0,-64.0,24.0,243.0
2.0,-64.0,24.0,243.0
4.0,-64.0,24.0,243.0
6.0,-64.0,24.0,243.0
8.0,-64.0,24.0,243.0
10.0,-64.0,24.0,243.0
12.0,-64.0,24.0,243.0
14.0,-64.0,24.0,243.0
16.0,-64.0,24.0,469.0
18.0,-64.0,24.0,469.0
20.0,-64.0,24.0,469.0
26.0,-64.0,24.0,537.0
28.0,-64.0,24.0,537.0
40.0,-64.0,24.0,572.0
42.0,-64.0,24.0,572.0
44.0,-64.0,24.0,572.0
46.0,-64.0,24.0,309.0
48.0,-64.0,24.0,309.0
50.0,-64.0,24.0,309.0
52.0,-64.0,24.0,210.0
54.0,-64.0,24.0,210.0
56.0,-64.0,24.0,210.0
58.0,-64.0,24.0,210.0
60.0,-64.0,24.0,210.0
-60.0,-62.0,24.0,584.0
-58.0,-62.0,24.0,584.0
-56.0,-62.0,24.0,584.0
-54.0,-62.0,24.0,584.0
-52.0,-62.0,24.0,595.0
-50.0,-62.0,24.0,299.0
-48.0,-62.0,24.0,299.0
-46.0,-62.0,24.0,299.0
-44.0,-62.0,24.0,299.0
-42.0,-62.0,24.0,299.0
-40.0,-62.0,24.0,541.0
-34.0,-62.0,24.0,541.0
-32.0,-62.0,24.0,541.0
-24.0,-62.0,24.0,583.0
-22.0,-62.0,24.0,583.0
-20.0,-62.0,24.0,583.0
-18.0,-62.0,24.0,583.0
-16.0,-62.0,24.0,583.0
-14.0,-62.0,24.0,583.0
-12.0,-62.0,24.0,583.0
-10.0,-62.0,24.0,118.0
-8.0,-62.0,24.0,118.0
-6.0,-62.0,24.0,118.0
-4.0,-62.0,24.0,118.0
-2.0,-62.0,24.0,118.0
0.0,-62.0,24.0,243.0
2.0,-62.0,24.0,243.0
4.0,-62.0,24.0,243.0
6.0,-62.0,24.0,243.0
8.0,-62.0,24.0,243.0
10.0,-62.0,24.0,243.0
12.0,-62.0,24.0,243.0
14.0,-62.0,24.0,243.0
16.0,-62.0,24.0,469.0
18.0,-62.0,24.0,469.0
20.0,-62.0,24.0,469.0
26.0,-62.0,24.0,537.0
42.0,-62.0,24.0,572.0
44.0,-62.0,24.0,190.0
46.0,-62.0,24.0,190.0
48.0,-62.0,24.0,309.0
50.0,-62.0,24.0,210.0
52.0,-62.0,24.0,210.0
54.0,-62.0,24.0,210.0
56.0,-62.0,24.0,210.0
58.0,-62.0,24.0,210.0
60.0,-62.0,24.0,210.0
-62.0,-60.0,24.0,584.0
-60.0,-60.0,24.0,584.0
-58.0,-60.0,24.0,584.0
-56.0,-60.0,24.0,584.0
-54.0,-60.0,24.0,584.0
-52.0,-60.0,24.0,299.0
-50.0,-60.0,24.0,299.0
-48.0,-60.0,24.0,299.0
-46.0,-60.0,24.0,299.0
-44.0,-60.0,24.0,299.0
-42.0,-60.0,24.0,299.0
-40.0,-60.0,24.0,541.0
-26.0,-60.0,24.0,583.0
-24.0,-60.0,24.0,583.0
-22.0,-60.0,24.0,583.0
-20.0,-60.0,24.0,583.0
-18.0,-60.0,24.0,583.0
-16.0,-60.0,24.0,583.0
-14.0,-60.0,24.0,583.0
-12.0,-60.0,24.0,583.0
-10.0,-60.0,24.0,118.0
-8.0,-60.0,24.0,118.0
-6.0,-60.0,24.0,118.0
-4.0,-60.0,24.0,118.0
-2.0,-60.0,24.0,243.0
0.0,-60.0,24.0,243.0
2.0,-60.0,24.0,243.0
4.0,-60.0,24.0,243.0
6.0,-60.0,24.0,243.0
8.0,-60.0,24.0,243.0
10.0,-60.0,24.0,243.0
12.0,-60.0,24.0,243.0
14.0,-60.0,24.0,469.0
16.0,-60.0,24.0,469.0
18.0,-60.0,24.0,469.0
20.0,-60.0,24.0,469.0
44.0,-60.0,24.0,190.0
46.0,-60.0,24.0,190.0
48.0,-60.0,24.0,190.0
50.0,-60.0,24.0,210.0
52.0,-60.0,24.0,210.0
54.0,-60.0,24.0,210.0
56.0,-60.0,24.0,210.0
58.0,-60.0,24.0,210.0
60.0,-60.0,24.0,210.0
62.0,-60.0,24.0,210.0
-62.0,-58.0,24.0,584.0
-60.0,-58.0,24.0,584.0
-58.0,-58.0,24.0,584.0
-56.0,-58.0,24.0,584.0
-54.0,-58.0,24.0,584.0
-52.0,-58.0,24.0,50.0
-50.0,-58.0,24.0,299.0
-48.0,-58.0,24.0,299.0
-46.0,-58.0,24.0,299.0
-44.0,-58.0,24.0,299.0
-42.0,-58.0,24.0,299.0
-26.0,-58.0,24.0,583.0
-24.0,-58.0,24.0,583.0
-22.0,-58.0,24.0,583.0
-20.0,-58.0,24.0,583.0
-18.0,-58.0,24.0,583.0
-16.0,-58.0,24.0,583.0
-14.0,-58.0,24.0,583.0
-12.0,-58.0,24.0,583.0
-10.0,-58.0,24.0,118.0
-8.0,-58.0,24.0,118.0
-6.0,-58.0,24.0,118.0
-4.0,-58.0,24.0,118.0
0.0,-58.0,24.0,243.0
2.0,-58.0,24.0,243.0
4.0,-58.0,24.0,243.0
6.0,-58.0,24.0,243.0
8.0,-58.0,24.0,243.0
10.0,-58.0,24.0,243.0
12.0,-58.0,24.0,243.0
14.0,-58.0,24.0,469.0
16.0,-58.0,24.0,469.0
18.0,-58.0,24.0,469.0
44.0,-58.0,24.0,190.0
46.0,-58.0,24.0,190.0
48.0,-58.0,24.0,190.0
50.0,-58.0,24.0,190.0
52.0,-58.0,24.0,210.0
54.0,-58.0,24.0,210.0
56.0,-58.0,24.0,210.0
58.0,-58.0,24.0,210.0
60.0,-58.0,24.0,210.0
62.0,-58.0,24.0,210.0
-64.0,-56.0,24.0,42.0
-62.0,-56.0,24.0,42.0
-60.0,-56.0,24.0,42.0
-58.0,-56.0,24.0,50.0
-56.0,-56.0,24.0,50.0
-54.0,-56.0,24.0,50.0
-52.0,-56.0,24.0,50.0
-50.0,-56.0,24.0,50.0
-48.0,-56.0,24.0,50.0
-46.0,-56.0,24.0,299.0
-44.0,-56.0,24.0,299.0
-24.0,-56.0,24.0,17.0
-22.0,-56.0,24.0,17.0
-20.0,-56.0,24.0,17.0
-18.0,-56.0,24.0,17.0
-16.0,-56.0,24.0,17.0
-14.0,-56.0,24.0,17.0
-12.0,-56.0,24.0,17.0
-10.0,-56.0,24.0,17.0
-8.0,-56.0,24.0,118.0
-6.0,-56.0,24.0,118.0
-4.0,-56.0,24.0,118.0
0.0,-56.0,24.0,243.0
2.0,-56.0,24.0,243.0
4.0,-56.0,24.0,243.0
6.0,-56.0,24.0,243.0
8.0,-56.0,24.0,243.0
10.0,-56.0,24.0,243.0
12.0,-56.0,24.0,469.0
14.0,-56.0,24.0,469.0
16.0,-56.0,24.0,469.0
18.0,-56.0,24.0,469.0
42.0,-56.0,24.0,190.0
44.0,-56.0,24.0,190.0
46.0,-56.0,24.0,190.0
48.0,-56.0,24.0,190.0
50.0,-56.0,24.0,190.0
52.0,-56.0,24.0,190.0
54.0,-56.0,24.0,203.0
56.0,-56.0,24.0,203.0
58.0,-56.0,24.0,203.0
60.0,-56.0,24.0,505.0
62.0,-56.0,24.0,505.0
-64.0,-54.0,24.0,42.0
-62.0,-54.0,24.0,42.0
-60.0,-54.0,24.0,42.0
-58.0,-54.0,24.0,50.0
-56.0,-54.0,24.0,50.0
-54.0,-54.0,24.0,50.0
-52.0,-54.0,24.0,50.0
-50.0,-54.0,24.0,50.0
-48.0,-54.0,24.0,50.0
-46.0,-54.0,24.0,50.0
-44.0,-54.0,24.0,50.0
-24.0,-54.0,24.0,17.0
-22.0,-54.0,24.0,17.0
-20.0,-54.0,24.0,17.0
-18.0,-54.0,24.0,17.0
-16.0,-54.0,24.0,17.0
-14.0,-54.0,24.0,17.0
-12.0,-54.0,24.0,17.0
-10.0,-54.0,24.0,17.0
-8.0,-54.0,24.0,17.0
-6.0,-54.0,24.0,118.0
-4.0,-54.0,24.0,98.0
0.0,-54.0,24.0,243.0
2.0,-54.0,24.0,243.0
4.0,-54.0,24.0,243.0
6.0,-54.0,24.0,243.0
8.0,-54.0,24.0,243.0
10.0,-54.0,24.0,243.0
14.0,-54.0,24.0,469.0
16.0,-54.0,24.0,469.0
42.0,-54.0,24.0,231.0
44.0,-54.0,24.0,190.0
46.0,-54.0,24.0,190.0
48.0,-54.0,24.0,190.0
50.0,-54.0,24.0,190.0
52.0,-54.0,24.0,190.0
54.0,-54.0,24.0,505.0
56.0,-54.0,24.0,505.0
58.0,-54.0,24.0,505.0
60.0,-54.0,24.0,505.0
62.0,-54.0,24.0,505.0
64.0,-54.0,24.0,505.0
-64.0,-52.0,24.0,42.0
-62.0,-52.0,24.0,42.0
-60.0,-52.0,24.0,50.0
-58.0,-52.0,24.0,50.0
-56.0,-52.0,24.0,50.0
-54.0,-52.0,24.0,50.0
-52.0,-52.0,24.0,50.0
-50.0,-52.0,24.0,50.0
-48.0,-52.0,24.0,50.0
-46.0,-52.0,24.0,50.0
-44.0,-52.0,24.0,50.0
-22.0,-52.0,24.0,17.0
-20.0,-52.0,24.0,17.0
-18.0,-52.0,24.0,17.0
-12.0,-52.0,24.0,17.0
-10.0,-52.0,24.0,17.0
-8.0,-52.0,24.0,17.0
-6.0,-52.0,24.0,98.0
-4.0,-52.0,24.0,98.0
-2.0,-52.0,24.0,243.0
0.0,-52.0,24.0,243.0
2.0,-52.0,24.0,243.0
4.0,-52.0,24.0,243.0
6.0,-52.0,24.0,243.0
8.0,-52.0,24.0,243.0
10.0,-52.0,24.0,243.0
42.0,-52.0,24.0,231.0
44.0,-52.0,24.0,231.0
46.0,-52.0,24.0,190.0
48.0,-52.0,24.0,190.0
50.0,-52.0,24.0,190.0
52.0,-52.0,24.0,190.0
54.0,-52.0,24.0,505.0
56.0,-52.0,24.0,505.0
58.0,-52.0,24.0,505.0
60.0,-52.0,24.0,505.0
62.0,-52.0,24.0,505.0
64.0,-52.0,24.0,505.0
-66.0,-50.0,24.0,42.0
-64.0,-50.0,24.0,42.0
-62.0,-50.0,24.0,42.0
-60.0,-50.0,24.0,50.0
-58.0,-50.0,24.0,50.0
-56.0,-50.0,24.0,50.0
-54.0,-50.0,24.0,50.0
-52.0,-50.0,24.0,50.0
-50.0,-50.0,24.0,50.0
-48.0,-50.0,24.0,50.0
-46.0,-50.0,24.0,50.0
-44.0,-50.0,24.0,50.0
-42.0,-50.0,24.0,50.0
-12.0,-50.0,24.0,17.0
-10.0,-50.0,24.0,17.0
-8.0,-50.0,24.0,17.0
-6.0,-50.0,24.0,98.0
-4.0,-50.0,24.0,98.0
-2.0,-50.0,24.0,98.0
0.0,-50.0,24.0,243.0
2.0,-50.0,24.0,243.0
4.0,-50.0,24.0,243.0
6.0,-50.0,24.0,243.0
8.0,-50.0,24.0,122.0
10.0,-50.0,24.0,122.0
44.0,-50.0,24.0,231.0
46.0,-50.0,24.0,231.0
48.0,-50.0,24.0,231.0
50.0,-50.0,24.0,190.0
52.0,-50.0,24.0,505.0
54.0,-50.0,24.0,505.0
56.0,-50.0,24.0,505.0
58.0,-50.0,24.0,505.0
60.0,-50.0,24.0,505.0
62.0,-50.0,24.0,505.0
64.0,-50.0,24.0,505.0
66.0,-50.0,24.0,505.0
-66.0,-48.0,24.0,42.0
-64.0,-48.0,24.0,42.0
-62.0,-48.0,24.0,42.0
-60.0,-48.0,24.0,50.0
-58.0,-48.0,24.0,50.0
-56.0,-48.0,24.0,50.0
-54.0,-48.0,24.0,50.0
-52.0,-48.0,24.0,50.0
-50.0,-48.0,24.0,50.0
-48.0,-48.0,24.0,50.0
-46.0,-48.0,24.0,50.0
-44.0,-48.0,24.0,50.0
-10.0,-48.0,24.0,17.0
-8.0,-48.0,24.0,473.0
-6.0,-48.0,24.0,473.0
-4.0,-48.0,24.0,473.0
-2.0,-48.0,24.0,473.0
0.0,-48.0,24.0,473.0
2.0,-48.0,24.0,122.0
4.0,-48.0,24.0,122.0
6.0,-48.0,24.0,122.0
8.0,-48.0,24.0,122.0
44.0,-48.0,24.0,231.0
46.0,-48.0,24.0,231.0
48.0,-48.0,24.0,231.0
50.0,-48.0,24.0,231.0
52.0,-48.0,24.0,505.0
54.0,-48.0,24.0,505.0
56.0,-48.0,24.0,505.0
58.0,-48.0,24.0,505.0
60.0,-48.0,24.0,505.0
62.0,-48.0,24.0,505.0
64.0,-48.0,24.0,505.0
66.0,-48.0,24.0,505.0
-66.0,-46.0,24.0,42.0
-64.0,-46.0,24.0,42.0
-62.0,-46.0,24.0,50.0
-60.0,-46.0,24.0,50.0
-58.0,-46.0,24.0,50.0
-56.0,-46.0,24.0,50.0
-54.0,-46.0,24.0,50.0
-52.0,-46.0,24.0,50.0
-50.0,-46.0,24.0,50.0
-48.0,-46.0,24.0,50.0
-46.0,-46.0,24.0,50.0
-44.0,-46.0,24.0,50.0
-8.0,-46.0,24.0,473.0
-6.0,-46.0,24.0,473.0
-4.0,-46.0,24.0,473.0
-2.0,-46.0,24.0,473.0
0.0,-46.0,24.0,473.0
2.0,-46.0,24.0,122.0
4.0,-46.0,24.0,122.0
6.0,-46.0,24.0,122.0
8.0,-46.0,24.0,122.0
44.0,-46.0,24.0,231.0
46.0,-46.0,24.0,231.0
48.0,-46.0,24.0,231.0
50.0,-46.0,24.0,231.0
52.0,-46.0,24.0,505.0
54.0,-46.0,24.0,505.0
56.0,-46.0,24.0,505.0
58.0,-46.0,24.0,505.0
60.0,-46.0,24.0,505.0
62.0,-46.0,24.0,505.0
64.0,-46.0,24.0,505.0
66.0,-46.0,24.0,505.0
-68.0,-44.0,24.0,42.0
-66.0,-44.0,24.0,42.0
-64.0,-44.0,24.0,42.0
-62.0,-44.0,24.0,50.0
-60.0,-44.0,24.0,50.0
-58.0,-44.0,24.0,50.0
-56.0,-44.0,24.0,50.0
-54.0,-44.0,24.0,50.0
-52.0,-44.0,24.0,50.0
-50.0,-44.0,24.0,50.0
-48.0,-44.0,24.0,50.0
-46.0,-44.0,24.0,50.0
-44.0,-44.0,24.0,50.0
-8.0,-44.0,24.0,473.0
-6.0,-44.0,24.0,473.0
-4.0,-44.0,24.0,473.0
-2.0,-44.0,24.0,473.0
0.0,-44.0,24.0,473.0
2.0,-44.0,24.0,122.0
4.0,-44.0,24.0,122.0
6.0,-44.0,24.0,122.0
8.0,-44.0,24.0,122.0
46.0,-44.0,24.0,231.0
48.0,-44.0,24.0,488.0
50.0,-44.0,24.0,488.0
52.0,-44.0,24.0,488.0
54.0,-44.0,24.0,342.0
56.0,-44.0,24.0,342.0
58.0,-44.0,24.0,505.0
60.0,-44.0,24.0,505.0
62.0,-44.0,24.0,505.0
64.0,-44.0,24.0,553.0
66.0,-44.0,24.0,553.0
-68.0,-42.0,24.0,42.0
-66.0,-42.0,24.0,42.0
-64.0,-42.0,24.0,242.0
-62.0,-42.0,24.0,242.0
-60.0,-42.0,24.0,242.0
-58.0,-42.0,24.0,242.0
-56.0,-42.0,24.0,242.0
-54.0,-42.0,24.0,242.0
-52.0,-42.0,24.0,242.0
-50.0,-42.0,24.0,242.0
-48.0,-42.0,24.0,242.0
-46.0,-42.0,24.0,242.0
-8.0,-42.0,24.0,473.0
-6.0,-42.0,24.0,473.0
-4.0,-42.0,24.0,473.0
-2.0,-42.0,24.0,473.0
0.0,-42.0,24.0,473.0
2.0,-42.0,24.0,122.0
4.0,-42.0,24.0,122.0
6.0,-42.0,24.0,122.0
8.0,-42.0,24.0,122.0
46.0,-42.0,24.0,488.0
48.0,-42.0,24.0,488.0
50.0,-42.0,24.0,488.0
52.0,-42.0,24.0,488.0
54.0,-42.0,24.0,342.0
56.0,-42.0,24.0,342.0
58.0,-42.0,24.0,342.0
60.0,-42.0,24.0,342.0
62.0,-42.0,24.0,553.0
64.0,-42.0,24.0,553.0
66.0,-42.0,24.0,553.0
-68.0,-40.0,24.0,42.0
-66.0,-40.0,24.0,242.0
-64.0,-40.0,24.0,242.0
-62.0,-40.0,24.0,242.0
-60.0,-40.0,24.0,242.0
-58.0,-40.0,24.0,242.0
-56.0,-40.0,24.0,242.0
-54.0,-40.0,24.0,242.0
-52.0,-40.0,24.0,242.0
-50.0,-40.0,24.0,242.0
-48.0,-40.0,24.0,242.0
-10.0,-40.0,24.0,473.0
-8.0,-40.0,24.0,473.0
-6.0,-40.0,24.0,473.0
-4.0,-40.0,24.0,473.0
-2.0,-40.0,24.0,473.0
0.0,-40.0,24.0,473.0
2.0,-40.0,24.0,122.0
4.0,-40.0,24.0,122.0
6.0,-40.0,24.0,122.0
8.0,-40.0,24.0,122.0
60.0,-40.0,24.0,553.0
62.0,-40.0,24.0,553.0
64.0,-40.0,24.0,553.0
66.0,-40.0,24.0,553.0
-68.0,-38.0,24.0,71.0
-66.0,-38.0,24.0,71.0
-64.0,-38.0,24.0,71.0
-62.0,-38.0,24.0,71.0
-60.0,-38.0,24.0,221.0
-58.0,-38.0,24.0,221.0
-56.0,-38.0,24.0,221.0
-54.0,-38.0,24.0,221.0
-52.0,-38.0,24.0,221.0
-50.0,-38.0,24.0,221.0
-48.0,-38.0,24.0,221.0
-10.0,-38.0,24.0,473.0
-8.0,-38.0,24.0,473.0
-6.0,-38.0,24.0,473.0
-4.0,-38.0,24.0,473.0
-2.0,-38.0,24.0,473.0
2.0,-38.0,24.0,122.0
4.0,-38.0,24.0,122.0
6.0,-38.0,24.0,122.0
8.0,-38.0,24.0,122.0
42.0,-38.0,24.0,488.0
44.0,-38.0,24.0,488.0
46.0,-38.0,24.0,488.0
58.0,-38.0,24.0,553.0
60.0,-38.0,24.0,553.0
62.0,-38.0,24.0,553.0
64.0,-38.0,24.0,553.0
66.0,-38.0,24.0,553.0
-68.0,-36.0,24.0,71.0
-66.0,-36.0,24.0,71.0
-64.0,-36.0,24.0,71.0
-62.0,-36.0,24.0,71.0
-60.0,-36.0,24.0,71.0
-58.0,-36.0,24.0,221.0
-56.0,-36.0,24.0,221.0
-54.0,-36.0,24.0,221.0
-52.0,-36.0,24.0,221.0
-50.0,-36.0,24.0,221.0
-48.0,-36.0,24.0,221.0
-10.0,-36.0,24.0,473.0
-8.0,-36.0,24.0,473.0
-6.0,-36.0,24.0,473.0
-4.0,-36.0,24.0,473.0
2.0,-36.0,24.0,473.0
4.0,-36.0,24.0,122.0
6.0,-36.0,24.0,122.0
8.0,-36.0,24.0,122.0
42.0,-36.0,24.0,488.0
44.0,-36.0,24.0,488.0
46.0,-36.0,24.0,488.0
48.0,-36.0,24.0,488.0
50.0,-36.0,24.0,488.0
52.0,-36.0,24.0,488.0
54.0,-36.0,24.0,488.0
56.0,-36.0,24.0,358.0
58.0,-36.0,24.0,553.0
60.0,-36.0,24.0,553.0
62.0,-36.0,24.0,553.0
64.0,-36.0,24.0,553.0
66.0,-36.0,24.0,553.0
-68.0,-34.0,24.0,71.0
-66.0,-34.0,24.0,71.0
-64.0,-34.0,24.0,71.0
-62.0,-34.0,24.0,71.0
-60.0,-34.0,24.0,71.0
-58.0,-34.0,24.0,71.0
-56.0,-34.0,24.0,71.0
-54.0,-34.0,24.0,221.0
-52.0,-34.0,24.0,221.0
-50.0,-34.0,24.0,221.0
-48.0,-34.0,24.0,213.0
-46.0,-34.0,24.0,213.0
-8.0,-34.0,24.0,473.0
-6.0,-34.0,24.0,473.0
-4.0,-34.0,24.0,473.0
2.0,-34.0,24.0,473.0
4.0,-34.0,24.0,122.0
6.0,-34.0,24.0,122.0
42.0,-34.0,24.0,488.0
44.0,-34.0,24.0,488.0
46.0,-34.0,24.0,488.0
48.0,-34.0,24.0,488.0
50.0,-34.0,24.0,488.0
52.0,-34.0,24.0,488.0
54.0,-34.0,24.0,379.0
56.0,-34.0,24.0,379.0
58.0,-34.0,24.0,553.0
60.0,-34.0,24.0,553.0
62.0,-34.0,24.0,553.0
64.0,-34.0,24.0,553.0
66.0,-34.0,24.0,553.0
68.0,-34.0,24.0,553.0
-70.0,-32.0,24.0,447.0
-68.0,-32.0,24.0,71.0
-66.0,-32.0,24.0,71.0
-64.0,-32.0,24.0,71.0
-62.0,-32.0,24.0,71.0
-60.0,-32.0,24.0,71.0
-58.0,-32.0,24.0,71.0
-56.0,-32.0,24.0,71.0
-54.0,-32.0,24.0,71.0
-52.0,-32.0,24.0,213.0
-50.0,-32.0,24.0,213.0
-48.0,-32.0,24.0,213.0
-46.0,-32.0,24.0,213.0
-44.0,-32.0,24.0,213.0
-8.0,-32.0,24.0,473.0
-6.0,-32.0,24.0,55.0
-4.0,-32.0,24.0,55.0
2.0,-32.0,24.0,55.0
4.0,-32.0,24.0,55.0
6.0,-32.0,24.0,122.0
36.0,-32.0,24.0,488.0
42.0,-32.0,24.0,488.0
44.0,-32.0,24.0,488.0
46.0,-32.0,24.0,488.0
48.0,-32.0,24.0,488.0
50.0,-32.0,24.0,379.0
52.0,-32.0,24.0,379.0
54.0,-32.0,24.0,379.0
56.0,-32.0,24.0,379.0
58.0,-32.0,24.0,379.0
60.0,-32.0,24.0,553.0
62.0,-32.0,24.0,553.0
64.0,-32.0,24.0,553.0
66.0,-32.0,24.0,553.0
68.0,-32.0,24.0,553.0
-70.0,-30.0,24.0,447.0
-68.0,-30.0,24.0,447.0
-66.0,-30.0,24.0,71.0
-64.0,-30.0,24.0,71.0
-62.0,-30.0,24.0,71.0
-60.0,-30.0,24.0,71.0
-58.0,-30.0,24.0,71.0
-56.0,-30.0,24.0,71.0
-54.0,-30.0,24.0,71.0
-52.0,-30.0,24.0,213.0
-50.0,-30.0,24.0,213.0
-48.0,-30.0,24.0,213.0
-46.0,-30.0,24.0,213.0
-44.0,-30.0,24.0,213.0
-42.0,-30.0,24.0,213.0
-40.0,-30.0,24.0,205.0
-38.0,-30.0,24.0,205.0
-8.0,-30.0,24.0,55.0
-6.0,-30.0,24.0,55.0
4.0,-30.0,24.0,55.0
34.0,-30.0,24.0,116.0
36.0,-30.0,24.0,116.0
38.0,-30.0,24.0,285.0
40.0,-30.0,24.0,285.0
42.0,-30.0,24.0,285.0
44.0,-30.0,24.0,285.0
46.0,-30.0,24.0,285.0
48.0,-30.0,24.0,285.0
50.0,-30.0,24.0,379.0
52.0,-30.0,24.0,379.0
54.0,-30.0,24.0,379.0
56.0,-30.0,24.0,379.0
58.0,-30.0,24.0,379.0
60.0,-30.0,24.0,379.0
62.0,-30.0,24.0,553.0
64.0,-30.0,24.0,553.0
66.0,-30.0,24.0,553.0
-68.0,-28.0,24.0,447.0
-66.0,-28.0,24.0,71.0
-64.0,-28.0,24.0,71.0
-62.0,-28.0,24.0,71.0
-60.0,-28.0,24.0,71.0
-58.0,-28.0,24.0,71.0
-56.0,-28.0,24.0,71.0
-54.0,-28.0,24.0,71.0
-52.0,-28.0,24.0,213.0
-50.0,-28.0,24.0,213.0
-48.0,-28.0,24.0,213.0
-46.0,-28.0,24.0,213.0
-44.0,-28.0,24.0,213.0
-42.0,-28.0,24.0,205.0
-40.0,-28.0,24.0,205.0
-38.0,-28.0,24.0,205.0
-6.0,-28.0,24.0,55.0
36.0,-28.0,24.0,116.0
38.0,-28.0,24.0,285.0
40.0,-28.0,24.0,285.0
42.0,-28.0,24.0,285.0
48.0,-28.0,24.0,285.0
50.0,-28.0,24.0,379.0
52.0,-28.0,24.0,379.0
54.0,-28.0,24.0,379.0
56.0,-28.0,24.0,379.0
58.0,-28.0,24.0,379.0
60.0,-28.0,24.0,379.0
62.0,-28.0,24.0,379.0
64.0,-28.0,24.0,379.0
66.0,-28.0,24.0,553.0
-68.0,-26.0,24.0,447.0
-66.0,-26.0,24.0,447.0
-64.0,-26.0,24.0,71.0
-62.0,-26.0,24.0,71.0
-60.0,-26.0,24.0,71.0
-58.0,-26.0,24.0,71.0
-56.0,-26.0,24.0,71.0
-54.0,-26.0,24.0,71.0
-52.0,-26.0,24.0,213.0
-50.0,-26.0,24.0,213.0
-48.0,-26.0,24.0,213.0
-46.0,-26.0,24.0,213.0
-44.0,-26.0,24.0,205.0
-42.0,-26.0,24.0,205.0
-40.0,-26.0,24.0,205.0
-38.0,-26.0,24.0,205.0
-6.0,-26.0,24.0,55.0
38.0,-26.0,24.0,116.0
40.0,-26.0,24.0,285.0
42.0,-26.0,24.0,285.0
46.0,-26.0,24.0,285.0
48.0,-26.0,24.0,285.0
50.0,-26.0,24.0,285.0
52.0,-26.0,24.0,379.0
54.0,-26.0,24.0,379.0
56.0,-26.0,24.0,379.0
58.0,-26.0,24.0,379.0
60.0,-26.0,24.0,379.0
62.0,-26.0,24.0,379.0
64.0,-26.0,24.0,379.0
66.0,-26.0,24.0,379.0
-68.0,-24.0,24.0,447.0
-66.0,-24.0,24.0,447.0
-64.0,-24.0,24.0,71.0
-62.0,-24.0,24.0,71.0
-60.0,-24.0,24.0,71.0
-58.0,-24.0,24.0,71.0
-56.0,-24.0,24.0,71.0
-54.0,-24.0,24.0,71.0
-52.0,-24.0,24.0,213.0
-50.0,-24.0,24.0,213.0
-48.0,-24.0,24.0,213.0
-46.0,-24.0,24.0,205.0
-44.0,-24.0,24.0,205.0
-42.0,-24.0,24.0,205.0
-40.0,-24.0,24.0,205.0
-38.0,-24.0,24.0,205.0
38.0,-24.0,24.0,116.0
40.0,-24.0,24.0,285.0
42.0,-24.0,24.0,285.0
46.0,-24.0,24.0,285.0
48.0,-24.0,24.0,285.0
50.0,-24.0,24.0,285.0
52.0,-24.0,24.0,379.0
54.0,-24.0,24.0,379.0
56.0,-24.0,24.0,379.0
58.0,-24.0,24.0,379.0
60.0,-24.0,24.0,379.0
62.0,-24.0,24.0,379.0
64.0,-24.0,24.0,379.0
66.0,-24.0,24.0,379.0
-68.0,-22.0,24.0,447.0
-66.0,-22.0,24.0,447.0
-64.0,-22.0,24.0,447.0
-62.0,-22.0,24.0,71.0
-60.0,-22.0,24.0,71.0
-58.0,-22.0,24.0,71.0
-56.0,-22.0,24.0,71.0
-54.0,-22.0,24.0,71.0
-52.0,-22.0,24.0,213.0
-50.0,-22.0,24.0,213.0
-48.0,-22.0,24.0,205.0
-46.0,-22.0,24.0,205.0
-44.0,-22.0,24.0,205.0
-42.0,-22.0,24.0,205.0
-40.0,-22.0,24.0,205.0
38.0,-22.0,24.0,116.0
40.0,-22.0,24.0,5.0
42.0,-22.0,24.0,285.0
44.0,-22.0,24.0,285.0
46.0,-22.0,24.0,285.0
48.0,-22.0,24.0,285.0
50.0,-22.0,24.0,285.0
52.0,-22.0,24.0,285.0
54.0,-22.0,24.0,379.0
56.0,-22.0,24.0,379.0
58.0,-22.0,24.0,379.0
60.0,-22.0,24.0,379.0
62.0,-22.0,24.0,379.0
64.0,-22.0,24.0,379.0
66.0,-22.0,24.0,379.0
68.0,-22.0,24.0,379.0
-68.0,-20.0,24.0,447.0
-66.0,-20.0,24.0,447.0
-64.0,-20.0,24.0,447.0
-62.0,-20.0,24.0,447.0
-60.0,-20.0,24.0,71.0
-58.0,-20.0,24.0,71.0
-56.0,-20.0,24.0,71.0
-54.0,-20.0,24.0,71.0
-52.0,-20.0,24.0,213.0
-50.0,-20.0,24.0,205.0
-48.0,-20.0,24.0,205.0
-46.0,-20.0,24.0,205.0
-44.0,-20.0,24.0,205.0
-20.0,-20.0,24.0,216.0
18.0,-20.0,24.0,239.0
20.0,-20.0,24.0,239.0
38.0,-20.0,24.0,116.0
40.0,-20.0,24.0,5.0
42.0,-20.0,24.0,5.0
44.0,-20.0,24.0,285.0
48.0,-20.0,24.0,285.0
50.0,-20.0,24.0,285.0
52.0,-20.0,24.0,285.0
54.0,-20.0,24.0,379.0
56.0,-20.0,24.0,379.0
58.0,-20.0,24.0,379.0
60.0,-20.0,24.0,379.0
62.0,-20.0,24.0,379.0
64.0,-20.0,24.0,379.0
66.0,-20.0,24.0,379.0
68.0,-20.0,24.0,20.0
-68.0,-18.0,24.0,447.0
-66.0,-18.0,24.0,447.0
-64.0,-18.0,24.0,447.0
-62.0,-18.0,24.0,447.0
-60.0,-18.0,24.0,71.0
-58.0,-18.0,24.0,71.0
-56.0,-18.0,24.0,71.0
-54.0,-18.0,24.0,71.0
-52.0,-18.0,24.0,205.0
-50.0,-18.0,24.0,205.0
-20.0,-18.0,24.0,216.0
-18.0,-18.0,24.0,216.0
16.0,-18.0,24.0,239.0
18.0,-18.0,24.0,239.0
20.0,-18.0,24.0,239.0
50.0,-18.0,24.0,285.0
52.0,-18.0,24.0,285.0
54.0,-18.0,24.0,285.0
56.0,-18.0,24.0,379.0
58.0,-18.0,24.0,379.0
60.0,-18.0,24.0,379.0
62.0,-18.0,24.0,379.0
64.0,-18.0,24.0,379.0
66.0,-18.0,24.0,20.0
68.0,-18.0,24.0,20.0
-68.0,-16.0,24.0,447.0
-66.0,-16.0,24.0,447.0
-64.0,-16.0,24.0,478.0
-62.0,-16.0,24.0,478.0
-60.0,-16.0,24.0,478.0
-58.0,-16.0,24.0,478.0
-56.0,-16.0,24.0,478.0
-54.0,-16.0,24.0,205.0
-52.0,-16.0,24.0,205.0
-20.0,-16.0,24.0,216.0
-18.0,-16.0,24.0,216.0
-16.0,-16.0,24.0,216.0
16.0,-16.0,24.0,239.0
18.0,-16.0,24.0,239.0
20.0,-16.0,24.0,239.0
56.0,-16.0,24.0,379.0
58.0,-16.0,24.0,379.0
60.0,-16.0,24.0,379.0
62.0,-16.0,24.0,379.0
64.0,-16.0,24.0,20.0
66.0,-16.0,24.0,20.0
68.0,-16.0,24.0,319.0
-68.0,-14.0,24.0,478.0
-66.0,-14.0,24.0,478.0
-64.0,-14.0,24.0,478.0
-62.0,-14.0,24.0,478.0
-60.0,-14.0,24.0,478.0
-58.0,-14.0,24.0,478.0
-56.0,-14.0,24.0,478.0
-54.0,-14.0,24.0,478.0
-52.0,-14.0,24.0,421.0
-40.0,-14.0,24.0,421.0
-20.0,-14.0,24.0,216.0
-18.0,-14.0,24.0,216.0
-16.0,-14.0,24.0,216.0
14.0,-14.0,24.0,239.0
16.0,-14.0,24.0,239.0
18.0,-14.0,24.0,239.0
20.0,-14.0,24.0,239.0
64.0,-14.0,24.0,20.0
66.0,-14.0,24.0,20.0
68.0,-14.0,24.0,319.0
-68.0,-12.0,24.0,478.0
-66.0,-12.0,24.0,478.0
-64.0,-12.0,24.0,478.0
-62.0,-12.0,24.0,478.0
-60.0,-12.0,24.0,478.0
-58.0,-12.0,24.0,478.0
-56.0,-12.0,24.0,478.0
-54.0,-12.0,24.0,478.0
-20.0,-12.0,24.0,257.0
-18.0,-12.0,24.0,257.0
-16.0,-12.0,24.0,257.0
14.0,-12.0,24.0,239.0
16.0,-12.0,24.0,239.0
18.0,-12.0,24.0,239.0
64.0,-12.0,24.0,20.0
66.0,-12.0,24.0,319.0
68.0,-12.0,24.0,319.0
-68.0,-10.0,24.0,478.0
-66.0,-10.0,24.0,478.0
-64.0,-10.0,24.0,478.0
-62.0,-10.0,24.0,478.0
-60.0,-10.0,24.0,478.0
-58.0,-10.0,24.0,478.0
-56.0,-10.0,24.0,478.0
-20.0,-10.0,24.0,257.0
-18.0,-10.0,24.0,257.0
-16.0,-10.0,24.0,257.0
14.0,-10.0,24.0,239.0
16.0,-10.0,24.0,239.0
18.0,-10.0,24.0,93.0
56.0,-10.0,24.0,393.0
58.0,-10.0,24.0,393.0
60.0,-10.0,24.0,393.0
64.0,-10.0,24.0,393.0
-68.0,-8.0,24.0,478.0
-66.0,-8.0,24.0,478.0
-64.0,-8.0,24.0,478.0
-62.0,-8.0,24.0,478.0
-60.0,-8.0,24.0,478.0
-58.0,-8.0,24.0,19.0
-20.0,-8.0,24.0,257.0
-18.0,-8.0,24.0,257.0
-16.0,-8.0,24.0,257.0
14.0,-8.0,24.0,239.0
16.0,-8.0,24.0,93.0
18.0,-8.0,24.0,93.0
54.0,-8.0,24.0,393.0
56.0,-8.0,24.0,393.0
58.0,-8.0,24.0,393.0
60.0,-8.0,24.0,393.0
62.0,-8.0,24.0,393.0
64.0,-8.0,24.0,393.0
66.0,-8.0,24.0,393.0
-68.0,-6.0,24.0,478.0
-66.0,-6.0,24.0,478.0
-64.0,-6.0,24.0,478.0
-62.0,-6.0,24.0,478.0
-60.0,-6.0,24.0,19.0
-58.0,-6.0,24.0,19.0
-20.0,-6.0,24.0,257.0
-18.0,-6.0,24.0,257.0
-16.0,-6.0,24.0,257.0
-14.0,-6.0,24.0,257.0
14.0,-6.0,24.0,93.0
16.0,-6.0,24.0,93.0
18.0,-6.0,24.0,93.0
54.0,-6.0,24.0,393.0
56.0,-6.0,24.0,393.0
58.0,-6.0,24.0,393.0
60.0,-6.0,24.0,393.0
62.0,-6.0,24.0,393.0
64.0,-6.0,24.0,393.0
66.0,-6.0,24.0,393.0
-66.0,-4.0,24.0,478.0
-64.0,-4.0,24.0,19.0
-62.0,-4.0,24.0,19.0
-60.0,-4.0,24.0,19.0
-58.0,-4.0,24.0,19.0
-56.0,-4.0,24.0,19.0
-54.0,-4.0,24.0,19.0
-20.0,-4.0,24.0,257.0
-18.0,-4.0,24.0,257.0
-16.0,-4.0,24.0,257.0
14.0,-4.0,24.0,259.0
16.0,-4.0,24.0,93.0
18.0,-4.0,24.0,93.0
56.0,-4.0,24.0,393.0
58.0,-4.0,24.0,393.0
60.0,-4.0,24.0,393.0
62.0,-4.0,24.0,393.0
64.0,-4.0,24.0,393.0
-66.0,-2.0,24.0,19.0
-64.0,-2.0,24.0,19.0
-62.0,-2.0,24.0,19.0
-60.0,-2.0,24.0,19.0
-58.0,-2.0,24.0,19.0
-56.0,-2.0,24.0,19.0
-54.0,-2.0,24.0,19.0
-52.0,-2.0,24.0,19.0
-20.0,-2.0,24.0,257.0
-18.0,-2.0,24.0,257.0
-16.0,-2.0,24.0,267.0
14.0,-2.0,24.0,259.0
16.0,-2.0,24.0,93.0
18.0,-2.0,24.0,93.0
58.0,-2.0,24.0,393.0
60.0,-2.0,24.0,393.0
62.0,-2.0,24.0,393.0
64.0,-2.0,24.0,393.0
-66.0,-0.0,24.0,19.0
-64.0,-0.0,24.0,19.0
-62.0,-0.0,24.0,19.0
-60.0,-0.0,24.0,19.0
-58.0,-0.0,24.0,19.0
-56.0,-0.0,24.0,19.0
-54.0,-0.0,24.0,19.0
-20.0,-0.0,24.0,434.0
-18.0,-0.0,24.0,267.0
-16.0,-0.0,24.0,267.0
14.0,-0.0,24.0,259.0
16.0,-0.0,24.0,93.0
18.0,-0.0,24.0,93.0
20.0,-0.0,24.0,93.0
58.0,-0.0,24.0,393.0
60.0,-0.0,24.0,393.0
62.0,-0.0,24.0,393.0
64.0,-0.0,24.0,393.0
-66.0,2.0,24.0,92.0
-64.0,2.0,24.0,92.0
-62.0,2.0,24.0,92.0
-60.0,2.0,24.0,19.0
-58.0,2.0,24.0,19.0
-56.0,2.0,24.0,188.0
-54.0,2.0,24.0,188.0
-20.0,2.0,24.0,434.0
-18.0,2.0,24.0,434.0
-16.0,2.0,24.0,586.0
-14.0,2.0,24.0,586.0
14.0,2.0,24.0,238.0
16.0,2.0,24.0,238.0
18.0,2.0,24.0,93.0
20.0,2.0,24.0,93.0
48.0,2.0,24.0,201.0
50.0,2.0,24.0,201.0
52.0,2.0,24.0,393.0
54.0,2.0,24.0,393.0
56.0,2.0,24.0,393.0
58.0,2.0,24.0,393.0
60.0,2.0,24.0,393.0
62.0,2.0,24.0,393.0
64.0,2.0,24.0,393.0
-64.0,4.0,24.0,92.0
-62.0,4.0,24.0,92.0
-60.0,4.0,24.0,92.0
-58.0,4.0,24.0,188.0
-56.0,4.0,24.0,188.0
-54.0,4.0,24.0,188.0
-52.0,4.0,24.0,188.0
-50.0,4.0,24.0,188.0
-48.0,4.0,24.0,188.0
-46.0,4.0,24.0,236.0
-44.0,4.0,24.0,236.0
-42.0,4.0,24.0,236.0
-20.0,4.0,24.0,434.0
-18.0,4.0,24.0,586.0
-16.0,4.0,24.0,586.0
-14.0,4.0,24.0,586.0
14.0,4.0,24.0,238.0
16.0,4.0,24.0,238.0
18.0,4.0,24.0,238.0
44.0,4.0,24.0,201.0
46.0,4.0,24.0,201.0
48.0,4.0,24.0,201.0
50.0,4.0,24.0,201.0
52.0,4.0,24.0,201.0
54.0,4.0,24.0,393.0
56.0,4.0,24.0,393.0
58.0,4.0,24.0,393.0
60.0,4.0,24.0,393.0
62.0,4.0,24.0,82.0
-64.0,6.0,24.0,92.0
-62.0,6.0,24.0,92.0
-60.0,6.0,24.0,188.0
-58.0,6.0,24.0,188.0
-56.0,6.0,24.0,188.0
-54.0,6.0,24.0,188.0
-52.0,6.0,24.0,188.0
-50.0,6.0,24.0,188.0
-48.0,6.0,24.0,188.0
-46.0,6.0,24.0,188.0
-44.0,6.0,24.0,236.0
-42.0,6.0,24.0,236.0
-20.0,6.0,24.0,434.0
-18.0,6.0,24.0,586.0
-16.0,6.0,24.0,586.0
14.0,6.0,24.0,215.0
16.0,6.0,24.0,238.0
18.0,6.0,24.0,238.0
40.0,6.0,24.0,201.0
42.0,6.0,24.0,201.0
44.0,6.0,24.0,201.0
46.0,6.0,24.0,201.0
48.0,6.0,24.0,201.0
50.0,6.0,24.0,201.0
52.0,6.0,24.0,161.0
54.0,6.0,24.0,161.0
56.0,6.0,24.0,82.0
58.0,6.0,24.0,82.0
60.0,6.0,24.0,82.0
62.0,6.0,24.0,82.0
-64.0,8.0,24.0,92.0
-62.0,8.0,24.0,92.0
-60.0,8.0,24.0,188.0
-58.0,8.0,24.0,188.0
-56.0,8.0,24.0,188.0
-54.0,8.0,24.0,188.0
-52.0,8.0,24.0,188.0
-50.0,8.0,24.0,188.0
-48.0,8.0,24.0,188.0
-46.0,8.0,24.0,188.0
-44.0,8.0,24.0,236.0
-42.0,8.0,24.0,236.0
-40.0,8.0,24.0,236.0
-18.0,8.0,24.0,586.0
-16.0,8.0,24.0,586.0
16.0,8.0,24.0,215.0
38.0,8.0,24.0,201.0
40.0,8.0,24.0,201.0
42.0,8.0,24.0,201.0
44.0,8.0,24.0,201.0
46.0,8.0,24.0,201.0
48.0,8.0,24.0,201.0
50.0,8.0,24.0,161.0
52.0,8.0,24.0,161.0
54.0,8.0,24.0,161.0
56.0,8.0,24.0,82.0
58.0,8.0,24.0,82.0
60.0,8.0,24.0,82.0
62.0,8.0,24.0,82.0
-64.0,10.0,24.0,197.0
-62.0,10.0,24.0,197.0
-60.0,10.0,24.0,324.0
-58.0,10.0,24.0,324.0
-56.0,10.0,24.0,324.0
-54.0,10.0,24.0,324.0
-52.0,10.0,24.0,324.0
-50.0,10.0,24.0,324.0
-48.0,10.0,24.0,324.0
-46.0,10.0,24.0,324.0
-44.0,10.0,24.0,236.0
-42.0,10.0,24.0,236.0
-40.0,10.0,24.0,236.0
-38.0,10.0,24.0,236.0
36.0,10.0,24.0,201.0
38.0,10.0,24.0,201.0
40.0,10.0,24.0,201.0
42.0,10.0,24.0,201.0
44.0,10.0,24.0,201.0
46.0,10.0,24.0,201.0
48.0,10.0,24.0,201.0
50.0,10.0,24.0,161.0
52.0,10.0,24.0,161.0
54.0,10.0,24.0,161.0
56.0,10.0,24.0,82.0
58.0,10.0,24.0,82.0
60.0,10.0,24.0,82.0
62.0,10.0,24.0,82.0
-62.0,12.0,24.0,197.0
-60.0,12.0,24.0,324.0
-58.0,12.0,24.0,324.0
-56.0,12.0,24.0,324.0
-54.0,12.0,24.0,324.0
-52.0,12.0,24.0,324.0
-50.0,12.0,24.0,324.0
-48.0,12.0,24.0,324.0
-46.0,12.0,24.0,324.0
-44.0,12.0,24.0,324.0
-42.0,12.0,24.0,236.0
-40.0,12.0,24.0,236.0
-38.0,12.0,24.0,236.0
-36.0,12.0,24.0,236.0
36.0,12.0,24.0,201.0
38.0,12.0,24.0,201.0
40.0,12.0,24.0,201.0
42.0,12.0,24.0,201.0
44.0,12.0,24.0,201.0
46.0,12.0,24.0,201.0
48.0,12.0,24.0,161.0
50.0,12.0,24.0,161.0
52.0,12.0,24.0,161.0
54.0,12.0,24.0,161.0
56.0,12.0,24.0,82.0
58.0,12.0,24.0,82.0
60.0,12.0,24.0,82.0
-62.0,14.0,24.0,197.0
-60.0,14.0,24.0,197.0
-58.0,14.0,24.0,324.0
-56.0,14.0,24.0,324.0
-54.0,14.0,24.0,324.0
-52.0,14.0,24.0,324.0
-50.0,14.0,24.0,324.0
-48.0,14.0,24.0,324.0
-46.0,14.0,24.0,324.0
-44.0,14.0,24.0,44.0
-42.0,14.0,24.0,360.0
-40.0,14.0,24.0,360.0
-38.0,14.0,24.0,360.0
-36.0,14.0,24.0,360.0
-6.0,14.0,24.0,160.0
-4.0,14.0,24.0,160.0
-2.0,14.0,24.0,160.0
0.0,14.0,24.0,160.0
2.0,14.0,24.0,215.0
4.0,14.0,24.0,215.0
34.0,14.0,24.0,201.0
36.0,14.0,24.0,201.0
38.0,14.0,24.0,201.0
40.0,14.0,24.0,201.0
42.0,14.0,24.0,201.0
44.0,14.0,24.0,201.0
46.0,14.0,24.0,161.0
48.0,14.0,24.0,161.0
50.0,14.0,24.0,161.0
52.0,14.0,24.0,161.0
54.0,14.0,24.0,161.0
56.0,14.0,24.0,82.0
58.0,14.0,24.0,82.0
60.0,14.0,24.0,82.0
-60.0,16.0,24.0,404.0
-58.0,16.0,24.0,404.0
-56.0,16.0,24.0,324.0
-54.0,16.0,24.0,324.0
-52.0,16.0,24.0,324.0
-50.0,16.0,24.0,324.0
-48.0,16.0,24.0,324.0
-46.0,16.0,24.0,324.0
-44.0,16.0,24.0,360.0
-42.0,16.0,24.0,360.0
-40.0,16.0,24.0,360.0
-38.0,16.0,24.0,360.0
-36.0,16.0,24.0,360.0
-6.0,16.0,24.0,160.0
-4.0,16.0,24.0,160.0
-2.0,16.0,24.0,160.0
0.0,16.0,24.0,160.0
2.0,16.0,24.0,215.0
4.0,16.0,24.0,215.0
6.0,16.0,24.0,215.0
36.0,16.0,24.0,201.0
38.0,16.0,24.0,201.0
40.0,16.0,24.0,201.0
42.0,16.0,24.0,201.0
44.0,16.0,24.0,161.0
46.0,16.0,24.0,161.0
48.0,16.0,24.0,161.0
50.0,16.0,24.0,161.0
52.0,16.0,24.0,161.0
54.0,16.0,24.0,161.0
56.0,16.0,24.0,82.0
58.0,16.0,24.0,82.0
-60.0,18.0,24.0,404.0
-58.0,18.0,24.0,404.0
-56.0,18.0,24.0,404.0
-54.0,18.0,24.0,404.0
-52.0,18.0,24.0,324.0
-50.0,18.0,24.0,324.0
-48.0,18.0,24.0,324.0
-46.0,18.0,24.0,360.0
-44.0,18.0,24.0,360.0
-42.0,18.0,24.0,360.0
-40.0,18.0,24.0,360.0
-38.0,18.0,24.0,360.0
-36.0,18.0,24.0,360.0
-8.0,18.0,24.0,160.0
-6.0,18.0,24.0,160.0
-4.0,18.0,24.0,160.0
-2.0,18.0,24.0,160.0
0.0,18.0,24.0,215.0
2.0,18.0,24.0,215.0
4.0,18.0,24.0,215.0
6.0,18.0,24.0,215.0
36.0,18.0,24.0,201.0
38.0,18.0,24.0,201.0
40.0,18.0,24.0,201.0
42.0,18.0,24.0,201.0
44.0,18.0,24.0,161.0
46.0,18.0,24.0,161.0
48.0,18.0,24.0,161.0
50.0,18.0,24.0,161.0
52.0,18.0,24.0,161.0
54.0,18.0,24.0,161.0
56.0,18.0,24.0,82.0
58.0,18.0,24.0,82.0
-60.0,20.0,24.0,404.0
-58.0,20.0,24.0,404.0
-56.0,20.0,24.0,404.0
-54.0,20.0,24.0,404.0
-52.0,20.0,24.0,404.0
-50.0,20.0,24.0,404.0
-48.0,20.0,24.0,261.0
-46.0,20.0,24.0,360.0
-44.0,20.0,24.0,360.0
-42.0,20.0,24.0,360.0
-40.0,20.0,24.0,360.0
-38.0,20.0,24.0,360.0
-36.0,20.0,24.0,360.0
-8.0,20.0,24.0,160.0
-6.0,20.0,24.0,160.0
-4.0,20.0,24.0,160.0
-2.0,20.0,24.0,160.0
0.0,20.0,24.0,215.0
2.0,20.0,24.0,215.0
4.0,20.0,24.0,215.0
6.0,20.0,24.0,215.0
36.0,20.0,24.0,284.0
38.0,20.0,24.0,284.0
40.0,20.0,24.0,284.0
42.0,20.0,24.0,161.0
44.0,20.0,24.0,161.0
46.0,20.0,24.0,161.0
48.0,20.0,24.0,161.0
50.0,20.0,24.0,161.0
52.0,20.0,24.0,161.0
54.0,20.0,24.0,161.0
56.0,20.0,24.0,82.0
58.0,20.0,24.0,82.0
-60.0,22.0,24.0,404.0
-58.0,22.0,24.0,404.0
-56.0,22.0,24.0,404.0
-54.0,22.0,24.0,404.0
-52.0,22.0,24.0,14.0
-50.0,22.0,24.0,419.0
-48.0,22.0,24.0,419.0
-46.0,22.0,24.0,261.0
-44.0,22.0,24.0,360.0
-42.0,22.0,24.0,360.0
-40.0,22.0,24.0,360.0
-38.0,22.0,24.0,360.0
-36.0,22.0,24.0,360.0
-8.0,22.0,24.0,160.0
-6.0,22.0,24.0,160.0
-4.0,22.0,24.0,160.0
-2.0,22.0,24.0,160.0
0.0,22.0,24.0,215.0
2.0,22.0,24.0,215.0
4.0,22.0,24.0,215.0
6.0,22.0,24.0,215.0
36.0,22.0,24.0,284.0
38.0,22.0,24.0,284.0
40.0,22.0,24.0,284.0
42.0,22.0,24.0,284.0
44.0,22.0,24.0,284.0
46.0,22.0,24.0,119.0
48.0,22.0,24.0,119.0
50.0,22.0,24.0,119.0
52.0,22.0,24.0,119.0
54.0,22.0,24.0,119.0
56.0,22.0,24.0,119.0
58.0,22.0,24.0,119.0
-58.0,24.0,24.0,14.0
-56.0,24.0,24.0,14.0
-54.0,24.0,24.0,14.0
-52.0,24.0,24.0,14.0
-50.0,24.0,24.0,419.0
-48.0,24.0,24.0,419.0
-46.0,24.0,24.0,419.0
-44.0,24.0,24.0,360.0
-42.0,24.0,24.0,360.0
-40.0,24.0,24.0,360.0
-38.0,24.0,24.0,360.0
-36.0,24.0,24.0,360.0
-8.0,24.0,24.0,160.0
-6.0,24.0,24.0,160.0
-4.0,24.0,24.0,160.0
-2.0,24.0,24.0,160.0
0.0,24.0,24.0,215.0
2.0,24.0,24.0,215.0
4.0,24.0,24.0,215.0
6.0,24.0,24.0,215.0
42.0,24.0,24.0,284.0
44.0,24.0,24.0,284.0
46.0,24.0,24.0,119.0
48.0,24.0,24.0,119.0
50.0,24.0,24.0,119.0
52.0,24.0,24.0,119.0
54.0,24.0,24.0,119.0
56.0,24.0,24.0,119.0
-58.0,26.0,24.0,14.0
-56.0,26.0,24.0,14.0
-54.0,26.0,24.0,14.0
-52.0,26.0,24.0,14.0
-50.0,26.0,24.0,419.0
-48.0,26.0,24.0,419.0
-46.0,26.0,24.0,419.0
-44.0,26.0,24.0,419.0
-42.0,26.0,24.0,360.0
-40.0,26.0,24.0,360.0
-38.0,26.0,24.0,360.0
-8.0,26.0,24.0,160.0
-6.0,26.0,24.0,160.0
-4.0,26.0,24.0,258.0
-2.0,26.0,24.0,258.0
2.0,26.0,24.0,531.0
4.0,26.0,24.0,531.0
6.0,26.0,24.0,531.0
42.0,26.0,24.0,284.0
44.0,26.0,24.0,284.0
46.0,26.0,24.0,119.0
48.0,26.0,24.0,119.0
50.0,26.0,24.0,119.0
52.0,26.0,24.0,119.0
54.0,26.0,24.0,119.0
56.0,26.0,24.0,119.0
-58.0,28.0,24.0,14.0
-56.0,28.0,24.0,14.0
-54.0,28.0,24.0,14.0
-52.0,28.0,24.0,14.0
-50.0,28.0,24.0,419.0
-48.0,28.0,24.0,419.0
-46.0,28.0,24.0,419.0
-44.0,28.0,24.0,419.0
-42.0,28.0,24.0,360.0
-40.0,28.0,24.0,360.0
-38.0,28.0,24.0,360.0
-10.0,28.0,24.0,258.0
-8.0,28.0,24.0,258.0
-6.0,28.0,24.0,258.0
-4.0,28.0,24.0,258.0
-2.0,28.0,24.0,258.0
2.0,28.0,24.0,258.0
4.0,28.0,24.0,531.0
6.0,28.0,24.0,531.0
8.0,28.0,24.0,531.0
10.0,28.0,24.0,531.0
12.0,28.0,24.0,531.0
36.0,28.0,24.0,284.0
38.0,28.0,24.0,284.0
40.0,28.0,24.0,284.0
42.0,28.0,24.0,284.0
44.0,28.0,24.0,284.0
46.0,28.0,24.0,284.0
48.0,28.0,24.0,119.0
50.0,28.0,24.0,119.0
52.0,28.0,24.0,119.0
54.0,28.0,24.0,119.0
-56.0,30.0,24.0,14.0
-54.0,30.0,24.0,14.0
-52.0,30.0,24.0,14.0
-50.0,30.0,24.0,419.0
-48.0,30.0,24.0,419.0
-46.0,30.0,24.0,419.0
-44.0,30.0,24.0,419.0
-42.0,30.0,24.0,419.0
-40.0,30.0,24.0,360.0
-38.0,30.0,24.0,360.0
-12.0,30.0,24.0,497.0
-10.0,30.0,24.0,258.0
-8.0,30.0,24.0,258.0
-6.0,30.0,24.0,258.0
-4.0,30.0,24.0,258.0
-2.0,30.0,24.0,258.0
0.0,30.0,24.0,258.0
2.0,30.0,24.0,258.0
4.0,30.0,24.0,531.0
6.0,30.0,24.0,531.0
8.0,30.0,24.0,531.0
10.0,30.0,24.0,531.0
12.0,30.0,24.0,531.0
36.0,30.0,24.0,284.0
38.0,30.0,24.0,284.0
40.0,30.0,24.0,284.0
42.0,30.0,24.0,284.0
44.0,30.0,24.0,284.0
46.0,30.0,24.0,284.0
48.0,30.0,24.0,119.0
50.0,30.0,24.0,119.0
52.0,30.0,24.0,119.0
54.0,30.0,24.0,119.0
-54.0,32.0,24.0,14.0
-52.0,32.0,24.0,14.0
-50.0,32.0,24.0,419.0
-48.0,32.0,24.0,419.0
-46.0,32.0,24.0,419.0
-44.0,32.0,24.0,419.0
-42.0,32.0,24.0,419.0
-40.0,32.0,24.0,301.0
-12.0,32.0,24.0,497.0
-10.0,32.0,24.0,258.0
-8.0,32.0,24.0,258.0
-6.0,32.0,24.0,258.0
-4.0,32.0,24.0,258.0
-2.0,32.0,24.0,258.0
0.0,32.0,24.0,258.0
2.0,32.0,24.0,258.0
4.0,32.0,24.0,258.0
6.0,32.0,24.0,531.0
8.0,32.0,24.0,531.0
10.0,32.0,24.0,531.0
12.0,32.0,24.0,531.0
36.0,32.0,24.0,284.0
38.0,32.0,24.0,284.0
40.0,32.0,24.0,284.0
42.0,32.0,24.0,284.0
44.0,32.0,24.0,284.0
46.0,32.0,24.0,284.0
48.0,32.0,24.0,146.0
50.0,32.0,24.0,119.0
52.0,32.0,24.0,119.0
-54.0,34.0,24.0,14.0
-52.0,34.0,24.0,14.0
-50.0,34.0,24.0,419.0
-48.0,34.0,24.0,419.0
-46.0,34.0,24.0,419.0
-44.0,34.0,24.0,301.0
-38.0,34.0,24.0,301.0
-36.0,34.0,24.0,301.0
-34.0,34.0,24.0,360.0
-32.0,34.0,24.0,360.0
-14.0,34.0,24.0,497.0
-12.0,34.0,24.0,497.0
-10.0,34.0,24.0,293.0
-8.0,34.0,24.0,258.0
-6.0,34.0,24.0,258.0
-4.0,34.0,24.0,258.0
-2.0,34.0,24.0,258.0
0.0,34.0,24.0,258.0
2.0,34.0,24.0,258.0
4.0,34.0,24.0,258.0
6.0,34.0,24.0,531.0
8.0,34.0,24.0,531.0
10.0,34.0,24.0,531.0
12.0,34.0,24.0,531.0
36.0,34.0,24.0,284.0
38.0,34.0,24.0,284.0
40.0,34.0,24.0,284.0
42.0,34.0,24.0,284.0
44.0,34.0,24.0,284.0
46.0,34.0,24.0,284.0
48.0,34.0,24.0,146.0
50.0,34.0,24.0,146.0
52.0,34.0,24.0,119.0
-54.0,36.0,24.0,14.0
-52.0,36.0,24.0,437.0
-50.0,36.0,24.0,437.0
-48.0,36.0,24.0,437.0
-46.0,36.0,24.0,437.0
-44.0,36.0,24.0,301.0
-40.0,36.0,24.0,301.0
-38.0,36.0,24.0,301.0
-36.0,36.0,24.0,301.0
-34.0,36.0,24.0,301.0
-32.0,36.0,24.0,497.0
-14.0,36.0,24.0,497.0
-12.0,36.0,24.0,497.0
-10.0,36.0,24.0,497.0
-8.0,36.0,24.0,293.0
-6.0,36.0,24.0,293.0
-4.0,36.0,24.0,258.0
-2.0,36.0,24.0,258.0
0.0,36.0,24.0,258.0
2.0,36.0,24.0,258.0
4.0,36.0,24.0,258.0
6.0,36.0,24.0,258.0
8.0,36.0,24.0,531.0
10.0,36.0,24.0,531.0
12.0,36.0,24.0,531.0
28.0,36.0,24.0,391.0
30.0,36.0,24.0,391.0
38.0,36.0,24.0,284.0
40.0,36.0,24.0,284.0
42.0,36.0,24.0,284.0
44.0,36.0,24.0,284.0
46.0,36.0,24.0,284.0
48.0,36.0,24.0,146.0
50.0,36.0,24.0,146.0
-52.0,38.0,24.0,437.0
-50.0,38.0,24.0,437.0
-48.0,38.0,24.0,437.0
-46.0,38.0,24.0,437.0
-44.0,38.0,24.0,301.0
-42.0,38.0,24.0,301.0
-40.0,38.0,24.0,301.0
-38.0,38.0,24.0,301.0
-36.0,38.0,24.0,301.0
-34.0,38.0,24.0,301.0
-32.0,38.0,24.0,497.0
-30.0,38.0,24.0,497.0
-28.0,38.0,24.0,497.0
-14.0,38.0,24.0,497.0
-12.0,38.0,24.0,497.0
-10.0,38.0,24.0,497.0
-8.0,38.0,24.0,293.0
-6.0,38.0,24.0,293.0
-4.0,38.0,24.0,293.0
-2.0,38.0,24.0,293.0
0.0,38.0,24.0,218.0
2.0,38.0,24.0,218.0
4.0,38.0,24.0,218.0
6.0,38.0,24.0,218.0
8.0,38.0,24.0,531.0
10.0,38.0,24.0,531.0
12.0,38.0,24.0,531.0
28.0,38.0,24.0,518.0
30.0,38.0,24.0,518.0
34.0,38.0,24.0,518.0
36.0,38.0,24.0,284.0
38.0,38.0,24.0,284.0
40.0,38.0,24.0,284.0
42.0,38.0,24.0,284.0
44.0,38.0,24.0,284.0
46.0,38.0,24.0,146.0
48.0,38.0,24.0,146.0
50.0,38.0,24.0,146.0
-50.0,40.0,24.0,437.0
-48.0,40.0,24.0,437.0
-46.0,40.0,24.0,437.0
-44.0,40.0,24.0,301.0
-42.0,40.0,24.0,301.0
-40.0,40.0,24.0,301.0
-38.0,40.0,24.0,301.0
-36.0,40.0,24.0,301.0
-34.0,40.0,24.0,301.0
-32.0,40.0,24.0,497.0
-30.0,40.0,24.0,497.0
-28.0,40.0,24.0,497.0
-26.0,40.0,24.0,497.0
-14.0,40.0,24.0,497.0
-12.0,40.0,24.0,497.0
-10.0,40.0,24.0,497.0
-8.0,40.0,24.0,218.0
-6.0,40.0,24.0,218.0
-4.0,40.0,24.0,218.0
-2.0,40.0,24.0,218.0
0.0,40.0,24.0,218.0
2.0,40.0,24.0,218.0
4.0,40.0,24.0,218.0
6.0,40.0,24.0,218.0
8.0,40.0,24.0,218.0
10.0,40.0,24.0,218.0
12.0,40.0,24.0,290.0
24.0,40.0,24.0,518.0
26.0,40.0,24.0,518.0
28.0,40.0,24.0,518.0
34.0,40.0,24.0,518.0
36.0,40.0,24.0,518.0
38.0,40.0,24.0,518.0
40.0,40.0,24.0,284.0
42.0,40.0,24.0,284.0
44.0,40.0,24.0,284.0
46.0,40.0,24.0,146.0
48.0,40.0,24.0,146.0
-50.0,42.0,24.0,437.0
-48.0,42.0,24.0,437.0
-46.0,42.0,24.0,437.0
-44.0,42.0,24.0,301.0
-42.0,42.0,24.0,301.0
-40.0,42.0,24.0,301.0
-38.0,42.0,24.0,301.0
-36.0,42.0,24.0,301.0
-34.0,42.0,24.0,301.0
-32.0,42.0,24.0,280.0
-30.0,42.0,24.0,497.0
-28.0,42.0,24.0,497.0
-26.0,42.0,24.0,497.0
-24.0,42.0,24.0,497.0
-14.0,42.0,24.0,497.0
-12.0,42.0,24.0,497.0
-10.0,42.0,24.0,497.0
-8.0,42.0,24.0,218.0
-6.0,42.0,24.0,218.0
-4.0,42.0,24.0,218.0
-2.0,42.0,24.0,218.0
0.0,42.0,24.0,218.0
2.0,42.0,24.0,218.0
4.0,42.0,24.0,218.0
6.0,42.0,24.0,218.0
8.0,42.0,24.0,218.0
10.0,42.0,24.0,290.0
12.0,42.0,24.0,290.0
24.0,42.0,24.0,518.0
26.0,42.0,24.0,518.0
28.0,42.0,24.0,518.0
30.0,42.0,24.0,518.0
34.0,42.0,24.0,518.0
36.0,42.0,24.0,518.0
38.0,42.0,24.0,518.0
40.0,42.0,24.0,518.0
42.0,42.0,24.0,284.0
44.0,42.0,24.0,284.0
46.0,42.0,24.0,146.0
-48.0,44.0,24.0,437.0
-46.0,44.0,24.0,437.0
-44.0,44.0,24.0,301.0
-42.0,44.0,24.0,301.0
-40.0,44.0,24.0,301.0
-38.0,44.0,24.0,301.0
-36.0,44.0,24.0,301.0
-34.0,44.0,24.0,191.0
-32.0,44.0,24.0,280.0
-30.0,44.0,24.0,280.0
-28.0,44.0,24.0,497.0
-26.0,44.0,24.0,497.0
-24.0,44.0,24.0,497.0
-12.0,44.0,24.0,497.0
-10.0,44.0,24.0,497.0
-8.0,44.0,24.0,218.0
-6.0,44.0,24.0,218.0
-4.0,44.0,24.0,218.0
-2.0,44.0,24.0,218.0
2.0,44.0,24.0,218.0
4.0,44.0,24.0,218.0
6.0,44.0,24.0,218.0
8.0,44.0,24.0,290.0
10.0,44.0,24.0,290.0
12.0,44.0,24.0,290.0
14.0,44.0,24.0,290.0
22.0,44.0,24.0,290.0
24.0,44.0,24.0,518.0
26.0,44.0,24.0,518.0
28.0,44.0,24.0,518.0
30.0,44.0,24.0,518.0
34.0,44.0,24.0,518.0
36.0,44.0,24.0,518.0
38.0,44.0,24.0,518.0
40.0,44.0,24.0,518.0
42.0,44.0,24.0,518.0
44.0,44.0,24.0,146.0
46.0,44.0,24.0,146.0
-46.0,46.0,24.0,437.0
-44.0,46.0,24.0,301.0
-42.0,46.0,24.0,301.0
-40.0,46.0,24.0,301.0
-38.0,46.0,24.0,191.0
-36.0,46.0,24.0,191.0
-34.0,46.0,24.0,191.0
-32.0,46.0,24.0,280.0
-30.0,46.0,24.0,280.0
-28.0,46.0,24.0,280.0
-26.0,46.0,24.0,280.0
-24.0,46.0,24.0,497.0
-12.0,46.0,24.0,497.0
-10.0,46.0,24.0,378.0
-8.0,46.0,24.0,218.0
-6.0,46.0,24.0,218.0
-4.0,46.0,24.0,218.0
-2.0,46.0,24.0,218.0
2.0,46.0,24.0,218.0
4.0,46.0,24.0,218.0
6.0,46.0,24.0,290.0
8.0,46.0,24.0,290.0
10.0,46.0,24.0,290.0
12.0,46.0,24.0,290.0
22.0,46.0,24.0,525.0
24.0,46.0,24.0,518.0
26.0,46.0,24.0,518.0
28.0,46.0,24.0,518.0
30.0,46.0,24.0,518.0
36.0,46.0,24.0,518.0
38.0,46.0,24.0,518.0
40.0,46.0,24.0,518.0
42.0,46.0,24.0,518.0
44.0,46.0,24.0,518.0
-44.0,48.0,24.0,301.0
-42.0,48.0,24.0,301.0
-40.0,48.0,24.0,191.0
-38.0,48.0,24.0,191.0
-36.0,48.0,24.0,191.0
-34.0,48.0,24.0,191.0
-32.0,48.0,24.0,280.0
-30.0,48.0,24.0,280.0
-28.0,48.0,24.0,280.0
-26.0,48.0,24.0,280.0
-24.0,48.0,24.0,280.0
-22.0,48.0,24.0,497.0
-12.0,48.0,24.0,378.0
-10.0,48.0,24.0,378.0
-8.0,48.0,24.0,378.0
-6.0,48.0,24.0,218.0
-4.0,48.0,24.0,218.0
-2.0,48.0,24.0,218.0
2.0,48.0,24.0,218.0
4.0,48.0,24.0,290.0
6.0,48.0,24.0,290.0
8.0,48.0,24.0,290.0
10.0,48.0,24.0,290.0
12.0,48.0,24.0,290.0
22.0,48.0,24.0,525.0
24.0,48.0,24.0,518.0
26.0,48.0,24.0,518.0
28.0,48.0,24.0,518.0
30.0,48.0,24.0,518.0
32.0,48.0,24.0,518.0
36.0,48.0,24.0,518.0
38.0,48.0,24.0,518.0
40.0,48.0,24.0,518.0
42.0,48.0,24.0,518.0
-44.0,50.0,24.0,361.0
-42.0,50.0,24.0,158.0
-40.0,50.0,24.0,158.0
-38.0,50.0,24.0,158.0
-36.0,50.0,24.0,191.0
-34.0,50.0,24.0,191.0
-32.0,50.0,24.0,4.0
-30.0,50.0,24.0,4.0
-28.0,50.0,24.0,4.0
-26.0,50.0,24.0,4.0
-24.0,50.0,24.0,4.0
-22.0,50.0,24.0,4.0
-12.0,50.0,24.0,378.0
-10.0,50.0,24.0,378.0
-8.0,50.0,24.0,378.0
-6.0,50.0,24.0,378.0
-4.0,50.0,24.0,218.0
-2.0,50.0,24.0,218.0
2.0,50.0,24.0,290.0
4.0,50.0,24.0,290.0
6.0,50.0,24.0,290.0
8.0,50.0,24.0,290.0
10.0,50.0,24.0,290.0
20.0,50.0,24.0,525.0
22.0,50.0,24.0,525.0
24.0,50.0,24.0,525.0
26.0,50.0,24.0,518.0
28.0,50.0,24.0,518.0
30.0,50.0,24.0,518.0
32.0,50.0,24.0,518.0
34.0,50.0,24.0,518.0
38.0,50.0,24.0,518.0
40.0,50.0,24.0,518.0
-42.0,52.0,24.0,158.0
-40.0,52.0,24.0,158.0
-38.0,52.0,24.0,158.0
-36.0,52.0,24.0,158.0
-34.0,52.0,24.0,4.0
-32.0,52.0,24.0,4.0
-30.0,52.0,24.0,4.0
-28.0,52.0,24.0,4.0
-26.0,52.0,24.0,4.0
-24.0,52.0,24.0,4.0
-10.0,52.0,24.0,378.0
-8.0,52.0,24.0,378.0
-6.0,52.0,24.0,378.0
-4.0,52.0,24.0,378.0
-2.0,52.0,24.0,378.0
0.0,52.0,24.0,290.0
2.0,52.0,24.0,290.0
4.0,52.0,24.0,290.0
6.0,52.0,24.0,290.0
8.0,52.0,24.0,290.0
10.0,52.0,24.0,290.0
20.0,52.0,24.0,525.0
22.0,52.0,24.0,525.0
24.0,52.0,24.0,525.0
26.0,52.0,24.0,365.0
28.0,52.0,24.0,365.0
30.0,52.0,24.0,365.0
32.0,52.0,24.0,518.0
34.0,52.0,24.0,518.0
36.0,52.0,24.0,518.0
38.0,52.0,24.0,518.0
40.0,52.0,24.0,518.0
-40.0,54.0,24.0,158.0
-38.0,54.0,24.0,158.0
-36.0,54.0,24.0,158.0
-34.0,54.0,24.0,4.0
-32.0,54.0,24.0,4.0
-30.0,54.0,24.0,4.0
-28.0,54.0,24.0,4.0
-26.0,54.0,24.0,4.0
-24.0,54.0,24.0,4.0
-22.0,54.0,24.0,4.0
-20.0,54.0,24.0,30.0
-10.0,54.0,24.0,378.0
-8.0,54.0,24.0,378.0
-6.0,54.0,24.0,378.0
-4.0,54.0,24.0,378.0
-2.0,54.0,24.0,378.0
2.0,54.0,24.0,290.0
4.0,54.0,24.0,290.0
6.0,54.0,24.0,290.0
8.0,54.0,24.0,290.0
10.0,54.0,24.0,290.0
20.0,54.0,24.0,390.0
22.0,54.0,24.0,390.0
24.0,54.0,24.0,390.0
26.0,54.0,24.0,365.0
28.0,54.0,24.0,365.0
30.0,54.0,24.0,365.0
32.0,54.0,24.0,365.0
34.0,54.0,24.0,365.0
36.0,54.0,24.0,365.0
38.0,54.0,24.0,365.0
-38.0,56.0,24.0,158.0
-36.0,56.0,24.0,158.0
-34.0,56.0,24.0,4.0
-32.0,56.0,24.0,4.0
-30.0,56.0,24.0,4.0
-28.0,56.0,24.0,4.0
-26.0,56.0,24.0,4.0
-24.0,56.0,24.0,4.0
-22.0,56.0,24.0,30.0
-20.0,56.0,24.0,30.0
-18.0,56.0,24.0,30.0
-16.0,56.0,24.0,30.0
-10.0,56.0,24.0,378.0
-8.0,56.0,24.0,378.0
-6.0,56.0,24.0,378.0
-4.0,56.0,24.0,378.0
-2.0,56.0,24.0,378.0
2.0,56.0,24.0,290.0
4.0,56.0,24.0,290.0
6.0,56.0,24.0,290.0
8.0,56.0,24.0,290.0
10.0,56.0,24.0,290.0
20.0,56.0,24.0,390.0
22.0,56.0,24.0,390.0
24.0,56.0,24.0,390.0
26.0,56.0,24.0,365.0
28.0,56.0,24.0,365.0
30.0,56.0,24.0,365.0
32.0,56.0,24.0,365.0
34.0,56.0,24.0,365.0
36.0,56.0,24.0,365.0
-34.0,58.0,24.0,4.0
-32.0,58.0,24.0,4.0
-30.0,58.0,24.0,4.0
-28.0,58.0,24.0,4.0
-26.0,58.0,24.0,4.0
-24.0,58.0,24.0,4.0
-22.0,58.0,24.0,30.0
-20.0,58.0,24.0,30.0
-18.0,58.0,24.0,30.0
-16.0,58.0,24.0,30.0
-14.0,58.0,24.0,378.0
-8.0,58.0,24.0,378.0
-6.0,58.0,24.0,378.0
-4.0,58.0,24.0,378.0
-2.0,58.0,24.0,378.0
2.0,58.0,24.0,290.0
4.0,58.0,24.0,290.0
6.0,58.0,24.0,290.0
8.0,58.0,24.0,390.0
10.0,58.0,24.0,390.0
16.0,58.0,24.0,390.0
18.0,58.0,24.0,390.0
20.0,58.0,24.0,390.0
22.0,58.0,24.0,390.0
24.0,58.0,24.0,390.0
26.0,58.0,24.0,390.0
28.0,58.0,24.0,365.0
30.0,58.0,24.0,365.0
32.0,58.0,24.0,365.0
-32.0,60.0,24.0,4.0
-30.0,60.0,24.0,4.0
-28.0,60.0,24.0,4.0
-26.0,60.0,24.0,4.0
-24.0,60.0,24.0,30.0
-22.0,60.0,24.0,30.0
-20.0,60.0,24.0,30.0
-18.0,60.0,24.0,30.0
-16.0,60.0,24.0,30.0
-14.0,60.0,24.0,378.0
-12.0,60.0,24.0,378.0
-8.0,60.0,24.0,378.0
-6.0,60.0,24.0,378.0
-4.0,60.0,24.0,378.0
-2.0,60.0,24.0,378.0
4.0,60.0,24.0,390.0
6.0,60.0,24.0,390.0
8.0,60.0,24.0,390.0
10.0,60.0,24.0,390.0
14.0,60.0,24.0,390.0
16.0,60.0,24.0,390.0
18.0,60.0,24.0,390.0
20.0,60.0,24.0,390.0
22.0,60.0,24.0,390.0
24.0,60.0,24.0,390.0
26.0,60.0,24.0,390.0
28.0,60.0,24.0,365.0
30.0,60.0,24.0,365.0
-30.0,62.0,24.0,4.0
-28.0,62.0,24.0,4.0
-26.0,62.0,24.0,4.0
-24.0,62.0,24.0,30.0
-22.0,62.0,24.0,30.0
-20.0,62.0,24.0,30.0
-18.0,62.0,24.0,30.0
-16.0,62.0,24.0,30.0
-14.0,62.0,24.0,378.0
-12.0,62.0,24.0,378.0
-10.0,62.0,24.0,378.0
-8.0,62.0,24.0,378.0
-6.0,62.0,24.0,378.0
-4.0,62.0,24.0,378.0
-2.0,62.0,24.0,378.0
2.0,62.0,24.0,378.0
4.0,62.0,24.0,390.0
6.0,62.0,24.0,390.0
8.0,62.0,24.0,390.0
10.0,62.0,24.0,390.0
12.0,62.0,24.0,390.0
14.0,62.0,24.0,390.0
16.0,62.0,24.0,390.0
18.0,62.0,24.0,390.0
20.0,62.0,24.0,390.0
22.0,62.0,24.0,390.0
24.0,62.0,24.0,390.0
26.0,62.0,24.0,390.0
-26.0,64.0,24.0,30.0
-24.0,64.0,24.0,30.0
-22.0,64.0,24.0,30.0
-20.0,64.0,24.0,30.0
-18.0,64.0,24.0,30.0
-16.0,64.0,24.0,30.0
-14.0,64.0,24.0,378.0
-12.0,64.0,24.0,378.0
-10.0,64.0,24.0,378.0
-8.0,64.0,24.0,378.0
-6.0,64.0,24.0,378.0
-4.0,64.0,24.0,378.0
-2.0,64.0,24.0,378.0
2.0,64.0,24.0,390.0
4.0,64.0,24.0,390.0
6.0,64.0,24.0,390.0
8.0,64.0,24.0,390.0
10.0,64.0,24.0,390.0
12.0,64.0,24.0,390.0
14.0,64.0,24.0,390.0
16.0,64.0,24.0,390.0
18.0,64.0,24.0,390.0
20.0,64.0,24.0,390.0
22.0,64.0,24.0,390.0
24.0,64.0,24.0,390.0
-22.0,66.0,24.0,30.0
-20.0,66.0,24.0,30.0
-18.0,66.0,24.0,30.0
-16.0,66.0,24.0,30.0
-14.0,66.0,24.0,30.0
-12.0,66.0,24.0,378.0
-10.0,66.0,24.0,378.0
-8.0,66.0,24.0,378.0
-6.0,66.0,24.0,378.0
-4.0,66.0,24.0,378.0
-2.0,66.0,24.0,378.0
2.0,66.0,24.0,390.0
4.0,66.0,24.0,390.0
6.0,66.0,24.0,390.0
8.0,66.0,24.0,390.0
10.0,66.0,24.0,390.0
12.0,66.0,24.0,390.0
14.0,66.0,24.0,390.0
16.0,66.0,24.0,390.0
18.0,66.0,24.0,390.0
20.0,66.0,24.0,390.0
-14.0,68.0,24.0,30.0
-12.0,68.0,24.0,378.0
-10.0,68.0,24.0,378.0
-8.0,68.0,24.0,378.0
-6.0,68.0,24.0,378.0
4.0,68.0,24.0,390.0
6.0,68.0,24.0,390.0
8.0,68.0,24.0,390.0
10.0,68.0,24.0,390.0
12.0,68.0,24.0,390.0
6.0,-98.0,26.0,222.0
8.0,-98.0,26.0,222.0
10.0,-98.0,26.0,565.0
12.0,-98.0,26.0,565.0
14.0,-98.0,26.0,565.0
-22.0,-96.0,26.0,247.0
-20.0,-96.0,26.0,247.0
-18.0,-96.0,26.0,247.0
-16.0,-96.0,26.0,420.0
-14.0,-96.0,26.0,420.0
-12.0,-96.0,26.0,420.0
2.0,-96.0,26.0,222.0
4.0,-96.0,26.0,222.0
6.0,-96.0,26.0,222.0
8.0,-96.0,26.0,222.0
10.0,-96.0,26.0,222.0
12.0,-96.0,26.0,565.0
14.0,-96.0,26.0,565.0
16.0,-96.0,26.0,139.0
18.0,-96.0,26.0,139.0
20.0,-96.0,26.0,139.0
-26.0,-94.0,26.0,247.0
-24.0,-94.0,26.0,247.0
-22.0,-94.0,26.0,247.0
-20.0,-94.0,26.0,247.0
-18.0,-94.0,26.0,247.0
-16.0,-94.0,26.0,420.0
-14.0,-94.0,26.0,420.0
-12.0,-94.0,26.0,420.0
-10.0,-94.0,26.0,420.0
2.0,-94.0,26.0,222.0
4.0,-94.0,26.0,222.0
6.0,-94.0,26.0,222.0
8.0,-94.0,26.0,222.0
10.0,-94.0,26.0,222.0
12.0,-94.0,26.0,222.0
14.0,-94.0,26.0,565.0
16.0,-94.0,26.0,139.0
18.0,-94.0,26.0,139.0
20.0,-94.0,26.0,139.0
22.0,-94.0,26.0,139.0
24.0,-94.0,26.0,139.0
26.0,-94.0,26.0,139.0
28.0,-94.0,26.0,366.0
-30.0,-92.0,26.0,247.0
-28.0,-92.0,26.0,247.0
-26.0,-92.0,26.0,247.0
-24.0,-92.0,26.0,247.0
-22.0,-92.0,26.0,247.0
-20.0,-92.0,26.0,247.0
-18.0,-92.0,26.0,247.0
-16.0,-92.0,26.0,420.0
-14.0,-92.0,26.0,420.0
-12.0,-92.0,26.0,420.0
-10.0,-92.0,26.0,420.0
0.0,-92.0,26.0,461.0
2.0,-92.0,26.0,222.0
4.0,-92.0,26.0,222.0
6.0,-92.0,26.0,222.0
8.0,-92.0,26.0,222.0
10.0,-92.0,26.0,222.0
12.0,-92.0,26.0,222.0
14.0,-92.0,26.0,222.0
16.0,-92.0,26.0,139.0
18.0,-92.0,26.0,139.0
20.0,-92.0,26.0,139.0
22.0,-92.0,26.0,139.0
24.0,-92.0,26.0,139.0
26.0,-92.0,26.0,366.0
28.0,-92.0,26.0,366.0
30.0,-92.0,26.0,366.0
32.0,-92.0,26.0,366.0
-34.0,-90.0,26.0,454.0
-32.0,-90.0,26.0,454.0
-30.0,-90.0,26.0,454.0
-28.0,-90.0,26.0,454.0
-26.0,-90.0,26.0,247.0
-24.0,-90.0,26.0,247.0
-22.0,-90.0,26.0,247.0
-20.0,-90.0,26.0,247.0
-18.0,-90.0,26.0,247.0
-16.0,-90.0,26.0,420.0
-14.0,-90.0,26.0,420.0
-12.0,-90.0,26.0,420.0
-10.0,-90.0,26.0,420.0
-8.0,-90.0,26.0,420.0
-6.0,-90.0,26.0,461.0
-2.0,-90.0,26.0,461.0
0.0,-90.0,26.0,461.0
2.0,-90.0,26.0,461.0
4.0,-90.0,26.0,222.0
6.0,-90.0,26.0,222.0
8.0,-90.0,26.0,222.0
10.0,-90.0,26.0,222.0
12.0,-90.0,26.0,222.0
14.0,-90.0,26.0,222.0
16.0,-90.0,26.0,222.0
18.0,-90.0,26.0,139.0
20.0,-90.0,26.0,139.0
22.0,-90.0,26.0,139.0
24.0,-90.0,26.0,139.0
26.0,-90.0,26.0,366.0
28.0,-90.0,26.0,366.0
30.0,-90.0,26.0,366.0
32.0,-90.0,26.0,366.0
34.0,-90.0,26.0,366.0
-36.0,-88.0,26.0,454.0
-34.0,-88.0,26.0,454.0
-32.0,-88.0,26.0,454.0
-30.0,-88.0,26.0,454.0
-28.0,-88.0,26.0,454.0
-26.0,-88.0,26.0,454.0
-24.0,-88.0,26.0,454.0
-22.0,-88.0,26.0,454.0
-20.0,-88.0,26.0,247.0
-18.0,-88.0,26.0,420.0
-16.0,-88.0,26.0,420.0
-14.0,-88.0,26.0,420.0
-12.0,-88.0,26.0,420.0
-10.0,-88.0,26.0,420.0
-8.0,-88.0,26.0,461.0
-6.0,-88.0,26.0,461.0
-4.0,-88.0,26.0,461.0
-2.0,-88.0,26.0,461.0
0.0,-88.0,26.0,461.0
2.0,-88.0,26.0,461.0
4.0,-88.0,26.0,461.0
6.0,-88.0,26.0,222.0
8.0,-88.0,26.0,222.0
10.0,-88.0,26.0,222.0
12.0,-88.0,26.0,222.0
14.0,-88.0,26.0,222.0
16.0,-88.0,26.0,222.0
18.0,-88.0,26.0,139.0
20.0,-88.0,26.0,139.0
22.0,-88.0,26.0,139.0
24.0,-88.0,26.0,366.0
26.0,-88.0,26.0,366.0
28.0,-88.0,26.0,366.0
30.0,-88.0,26.0,366.0
32.0,-88.0,26.0,366.0
34.0,-88.0,26.0,366.0
36.0,-88.0,26.0,366.0
38.0,-88.0,26.0,366.0
40.0,-88.0,26.0,99.0
-40.0,-86.0,26.0,454.0
-38.0,-86.0,26.0,454.0
-36.0,-86.0,26.0,454.0
-34.0,-86.0,26.0,454.0
-32.0,-86.0,26.0,454.0
-30.0,-86.0,26.0,454.0
-28.0,-86.0,26.0,454.0
-26.0,-86.0,26.0,454.0
-24.0,-86.0,26.0,454.0
-22.0,-86.0,26.0,454.0
-20.0,-86.0,26.0,454.0
-18.0,-86.0,26.0,420.0
-16.0,-86.0,26.0,420.0
-14.0,-86.0,26.0,148.0
-12.0,-86.0,26.0,148.0
-10.0,-86.0,26.0,148.0
-8.0,-86.0,26.0,461.0
-6.0,-86.0,26.0,461.0
-4.0,-86.0,26.0,461.0
-2.0,-86.0,26.0,461.0
0.0,-86.0,26.0,461.0
2.0,-86.0,26.0,461.0
4.0,-86.0,26.0,461.0
6.0,-86.0,26.0,461.0
8.0,-86.0,26.0,222.0
10.0,-86.0,26.0,222.0
12.0,-86.0,26.0,222.0
14.0,-86.0,26.0,222.0
16.0,-86.0,26.0,222.0
18.0,-86.0,26.0,139.0
20.0,-86.0,26.0,139.0
22.0,-86.0,26.0,366.0
24.0,-86.0,26.0,366.0
26.0,-86.0,26.0,366.0
28.0,-86.0,26.0,366.0
30.0,-86.0,26.0,366.0
32.0,-86.0,26.0,366.0
34.0,-86.0,26.0,366.0
36.0,-86.0,26.0,537.0
38.0,-86.0,26.0,537.0
40.0,-86.0,26.0,99.0
42.0,-86.0,26.0,99.0
-42.0,-84.0,26.0,423.0
-40.0,-84.0,26.0,423.0
-38.0,-84.0,26.0,454.0
-36.0,-84.0,26.0,454.0
-34.0,-84.0,26.0,454.0
-32.0,-84.0,26.0,454.0
-30.0,-84.0,26.0,454.0
-28.0,-84.0,26.0,454.0
-26.0,-84.0,26.0,454.0
-24.0,-84.0,26.0,454.0
-22.0,-84.0,26.0,454.0
-20.0,-84.0,26.0,454.0
-18.0,-84.0,26.0,454.0
-16.0,-84.0,26.0,550.0
-14.0,-84.0,26.0,148.0
-12.0,-84.0,26.0,148.0
-10.0,-84.0,26.0,461.0
-8.0,-84.0,26.0,461.0
-6.0,-84.0,26.0,461.0
-4.0,-84.0,26.0,461.0
-2.0,-84.0,26.0,461.0
0.0,-84.0,26.0,461.0
2.0,-84.0,26.0,461.0
4.0,-84.0,26.0,461.0
6.0,-84.0,26.0,461.0
8.0,-84.0,26.0,222.0
10.0,-84.0,26.0,222.0
12.0,-84.0,26.0,222.0
14.0,-84.0,26.0,222.0
16.0,-84.0,26.0,222.0
18.0,-84.0,26.0,222.0
20.0,-84.0,26.0,139.0
22.0,-84.0,26.0,366.0
24.0,-84.0,26.0,366.0
26.0,-84.0,26.0,366.0
28.0,-84.0,26.0,366.0
30.0,-84.0,26.0,537.0
32.0,-84.0,26.0,537.0
34.0,-84.0,26.0,537.0
36.0,-84.0,26.0,537.0
38.0,-84.0,26.0,537.0
40.0,-84.0,26.0,99.0
42.0,-84.0,26.0,99.0
44.0,-84.0,26.0,99.0
-44.0,-82.0,26.0,423.0
-42.0,-82.0,26.0,423.0
-40.0,-82.0,26.0,423.0
-38.0,-82.0,26.0,423.0
-36.0,-82.0,26.0,454.0
-34.0,-82.0,26.0,454.0
-32.0,-82.0,26.0,454.0
-30.0,-82.0,26.0,454.0
-28.0,-82.0,26.0,454.0
-26.0,-82.0,26.0,454.0
-24.0,-82.0,26.0,454.0
-22.0,-82.0,26.0,454.0
-20.0,-82.0,26.0,454.0
-18.0,-82.0,26.0,454.0
-16.0,-82.0,26.0,550.0
-14.0,-82.0,26.0,550.0
-12.0,-82.0,26.0,148.0
-10.0,-82.0,26.0,461.0
-8.0,-82.0,26.0,461.0
-6.0,-82.0,26.0,461.0
-4.0,-82.0,26.0,461.0
-2.0,-82.0,26.0,461.0
0.0,-82.0,26.0,461.0
2.0,-82.0,26.0,461.0
4.0,-82.0,26.0,461.0
6.0,-82.0,26.0,461.0
8.0,-82.0,26.0,461.0
10.0,-82.0,26.0,219.0
12.0,-82.0,26.0,219.0
14.0,-82.0,26.0,219.0
16.0,-82.0,26.0,186.0
18.0,-82.0,26.0,186.0
20.0,-82.0,26.0,135.0
22.0,-82.0,26.0,537.0
24.0,-82.0,26.0,537.0
26.0,-82.0,26.0,537.0
28.0,-82.0,26.0,537.0
30.0,-82.0,26.0,537.0
32.0,-82.0,26.0,537.0
34.0,-82.0,26.0,537.0
36.0,-82.0,26.0,537.0
38.0,-82.0,26.0,537.0
40.0,-82.0,26.0,99.0
42.0,-82.0,26.0,99.0
44.0,-82.0,26.0,99.0
46.0,-82.0,26.0,99.0
-48.0,-80.0,26.0,595.0
-46.0,-80.0,26.0,423.0
-44.0,-80.0,26.0,423.0
-42.0,-80.0,26.0,423.0
-40.0,-80.0,26.0,423.0
-38.0,-80.0,26.0,423.0
-36.0,-80.0,26.0,423.0
-34.0,-80.0,26.0,454.0
-32.0,-80.0,26.0,454.0
-30.0,-80.0,26.0,454.0
-28.0,-80.0,26.0,454.0
-26.0,-80.0,26.0,454.0
-24.0,-80.0,26.0,454.0
-20.0,-80.0,26.0,454.0
-18.0,-80.0,26.0,454.0
-16.0,-80.0,26.0,550.0
-14.0,-80.0,26.0,550.0
-12.0,-80.0,26.0,349.0
-10.0,-80.0,26.0,60.0
-8.0,-80.0,26.0,60.0
-6.0,-80.0,26.0,60.0
-4.0,-80.0,26.0,60.0
-2.0,-80.0,26.0,60.0
0.0,-80.0,26.0,60.0
2.0,-80.0,26.0,60.0
4.0,-80.0,26.0,60.0
6.0,-80.0,26.0,219.0
8.0,-80.0,26.0,219.0
10.0,-80.0,26.0,219.0
12.0,-80.0,26.0,219.0
14.0,-80.0,26.0,219.0
16.0,-80.0,26.0,219.0
18.0,-80.0,26.0,186.0
20.0,-80.0,26.0,537.0
22.0,-80.0,26.0,537.0
24.0,-80.0,26.0,537.0
26.0,-80.0,26.0,537.0
28.0,-80.0,26.0,537.0
30.0,-80.0,26.0,537.0
32.0,-80.0,26.0,537.0
34.0,-80.0,26.0,537.0
36.0,-80.0,26.0,537.0
38.0,-80.0,26.0,537.0
40.0,-80.0,26.0,537.0
42.0,-80.0,26.0,99.0
44.0,-80.0,26.0,99.0
46.0,-80.0,26.0,99.0
48.0,-80.0,26.0,99.0
-48.0,-78.0,26.0,595.0
-46.0,-78.0,26.0,423.0
-44.0,-78.0,26.0,423.0
-42.0,-78.0,26.0,423.0
-40.0,-78.0,26.0,423.0
-38.0,-78.0,26.0,423.0
-36.0,-78.0,26.0,423.0
-32.0,-78.0,26.0,454.0
-30.0,-78.0,26.0,454.0
-28.0,-78.0,26.0,454.0
-18.0,-78.0,26.0,349.0
-16.0,-78.0,26.0,349.0
-14.0,-78.0,26.0,349.0
-10.0,-78.0,26.0,349.0
-8.0,-78.0,26.0,60.0
-6.0,-78.0,26.0,60.0
-4.0,-78.0,26.0,60.0
-2.0,-78.0,26.0,60.0
0.0,-78.0,26.0,60.0
2.0,-78.0,26.0,60.0
4.0,-78.0,26.0,60.0
6.0,-78.0,26.0,219.0
8.0,-78.0,26.0,219.0
10.0,-78.0,26.0,219.0
12.0,-78.0,26.0,219.0
14.0,-78.0,26.0,219.0
16.0,-78.0,26.0,219.0
18.0,-78.0,26.0,219.0
20.0,-78.0,26.0,537.0
22.0,-78.0,26.0,537.0
24.0,-78.0,26.0,537.0
26.0,-78.0,26.0,537.0
28.0,-78.0,26.0,537.0
30.0,-78.0,26.0,537.0
32.0,-78.0,26.0,537.0
34.0,-78.0,26.0,537.0
36.0,-78.0,26.0,537.0
38.0,-78.0,26.0,537.0
40.0,-78.0,26.0,537.0
42.0,-78.0,26.0,99.0
44.0,-78.0,26.0,99.0
46.0,-78.0,26.0,99.0
48.0,-78.0,26.0,99.0
50.0,-78.0,26.0,99.0
-50.0,-76.0,26.0,595.0
-48.0,-76.0,26.0,595.0
-46.0,-76.0,26.0,570.0
-44.0,-76.0,26.0,423.0
-42.0,-76.0,26.0,423.0
-40.0,-76.0,26.0,423.0
-38.0,-76.0,26.0,423.0
-36.0,-76.0,26.0,423.0
-34.0,-76.0,26.0,423.0
-30.0,-76.0,26.0,454.0
-28.0,-76.0,26.0,454.0
-26.0,-76.0,26.0,454.0
-18.0,-76.0,26.0,349.0
-16.0,-76.0,26.0,349.0
-14.0,-76.0,26.0,349.0
-10.0,-76.0,26.0,349.0
-8.0,-76.0,26.0,349.0
-6.0,-76.0,26.0,60.0
-4.0,-76.0,26.0,60.0
-2.0,-76.0,26.0,60.0
0.0,-76.0,26.0,60.0
2.0,-76.0,26.0,60.0
4.0,-76.0,26.0,219.0
6.0,-76.0,26.0,219.0
8.0,-76.0,26.0,219.0
10.0,-76.0,26.0,219.0
12.0,-76.0,26.0,219.0
14.0,-76.0,26.0,219.0
16.0,-76.0,26.0,219.0
18.0,-76.0,26.0,219.0
20.0,-76.0,26.0,537.0
22.0,-76.0,26.0,537.0
24.0,-76.0,26.0,537.0
26.0,-76.0,26.0,537.0
28.0,-76.0,26.0,537.0
30.0,-76.0,26.0,537.0
32.0,-76.0,26.0,537.0
34.0,-76.0,26.0,537.0
36.0,-76.0,26.0,537.0
38.0,-76.0,26.0,537.0
40.0,-76.0,26.0,537.0
42.0,-76.0,26.0,99.0
44.0,-76.0,26.0,99.0
46.0,-76.0,26.0,99.0
48.0,-76.0,26.0,99.0
50.0,-76.0,26.0,99.0
52.0,-76.0,26.0,99.0
-52.0,-74.0,26.0,595.0
-50.0,-74.0,26.0,595.0
-48.0,-74.0,26.0,595.0
-46.0,-74.0,26.0,570.0
-44.0,-74.0,26.0,423.0
-42.0,-74.0,26.0,423.0
-40.0,-74.0,26.0,423.0
-38.0,-74.0,26.0,423.0
-36.0,-74.0,26.0,423.0
-34.0,-74.0,26.0,423.0
-32.0,-74.0,26.0,423.0
-30.0,-74.0,26.0,423.0
-28.0,-74.0,26.0,454.0
-26.0,-74.0,26.0,454.0
-20.0,-74.0,26.0,75.0
-18.0,-74.0,26.0,349.0
-16.0,-74.0,26.0,349.0
-14.0,-74.0,26.0,349.0
-12.0,-74.0,26.0,349.0
-10.0,-74.0,26.0,349.0
-8.0,-74.0,26.0,349.0
-6.0,-74.0,26.0,349.0
-4.0,-74.0,26.0,60.0
-2.0,-74.0,26.0,60.0
0.0,-74.0,26.0,60.0
2.0,-74.0,26.0,60.0
4.0,-74.0,26.0,219.0
6.0,-74.0,26.0,219.0
8.0,-74.0,26.0,219.0
10.0,-74.0,26.0,219.0
12.0,-74.0,26.0,219.0
14.0,-74.0,26.0,219.0
16.0,-74.0,26.0,219.0
18.0,-74.0,26.0,219.0
20.0,-74.0,26.0,537.0
22.0,-74.0,26.0,537.0
24.0,-74.0,26.0,537.0
26.0,-74.0,26.0,537.0
28.0,-74.0,26.0,537.0
30.0,-74.0,26.0,537.0
38.0,-74.0,26.0,537.0
40.0,-74.0,26.0,537.0
42.0,-74.0,26.0,99.0
44.0,-74.0,26.0,99.0
46.0,-74.0,26.0,99.0
48.0,-74.0,26.0,99.0
50.0,-74.0,26.0,99.0
52.0,-74.0,26.0,99.0
-54.0,-72.0,26.0,595.0
-52.0,-72.0,26.0,595.0
-50.0,-72.0,26.0,595.0
-48.0,-72.0,26.0,595.0
-46.0,-72.0,26.0,570.0
-44.0,-72.0,26.0,570.0
-42.0,-72.0,26.0,423.0
-40.0,-72.0,26.0,423.0
-38.0,-72.0,26.0,423.0
-36.0,-72.0,26.0,423.0
-34.0,-72.0,26.0,423.0
-32.0,-72.0,26.0,423.0
-30.0,-72.0,26.0,423.0
-28.0,-72.0,26.0,75.0
-26.0,-72.0,26.0,75.0
-22.0,-72.0,26.0,75.0
-20.0,-72.0,26.0,75.0
-18.0,-72.0,26.0,349.0
-16.0,-72.0,26.0,349.0
-14.0,-72.0,26.0,349.0
-12.0,-72.0,26.0,349.0
-10.0,-72.0,26.0,349.0
-8.0,-72.0,26.0,349.0
-6.0,-72.0,26.0,349.0
-4.0,-72.0,26.0,61.0
0.0,-72.0,26.0,60.0
2.0,-72.0,26.0,219.0
4.0,-72.0,26.0,219.0
6.0,-72.0,26.0,219.0
8.0,-72.0,26.0,219.0
10.0,-72.0,26.0,219.0
12.0,-72.0,26.0,219.0
14.0,-72.0,26.0,219.0
16.0,-72.0,26.0,219.0
18.0,-72.0,26.0,580.0
20.0,-72.0,26.0,537.0
22.0,-72.0,26.0,537.0
24.0,-72.0,26.0,537.0
26.0,-72.0,26.0,537.0
28.0,-72.0,26.0,537.0
30.0,-72.0,26.0,537.0
32.0,-72.0,26.0,537.0
38.0,-72.0,26.0,537.0
40.0,-72.0,26.0,537.0
42.0,-72.0,26.0,537.0
44.0,-72.0,26.0,99.0
46.0,-72.0,26.0,99.0
-56.0,-70.0,26.0,595.0
-54.0,-70.0,26.0,595.0
-52.0,-70.0,26.0,595.0
-50.0,-70.0,26.0,595.0
-48.0,-70.0,26.0,595.0
-46.0,-70.0,26.0,570.0
-44.0,-70.0,26.0,570.0
-42.0,-70.0,26.0,570.0
-40.0,-70.0,26.0,423.0
-38.0,-70.0,26.0,423.0
-36.0,-70.0,26.0,423.0
-34.0,-70.0,26.0,423.0
-32.0,-70.0,26.0,423.0
-30.0,-70.0,26.0,423.0
-28.0,-70.0,26.0,541.0
-24.0,-70.0,26.0,75.0
-22.0,-70.0,26.0,75.0
-20.0,-70.0,26.0,349.0
-18.0,-70.0,26.0,349.0
-16.0,-70.0,26.0,349.0
-14.0,-70.0,26.0,349.0
-12.0,-70.0,26.0,349.0
-10.0,-70.0,26.0,349.0
-8.0,-70.0,26.0,61.0
-6.0,-70.0,26.0,61.0
-4.0,-70.0,26.0,61.0
0.0,-70.0,26.0,60.0
2.0,-70.0,26.0,219.0
4.0,-70.0,26.0,219.0
6.0,-70.0,26.0,219.0
8.0,-70.0,26.0,219.0
10.0,-70.0,26.0,219.0
12.0,-70.0,26.0,219.0
14.0,-70.0,26.0,219.0
16.0,-70.0,26.0,580.0
18.0,-70.0,26.0,580.0
20.0,-70.0,26.0,537.0
22.0,-70.0,26.0,537.0
24.0,-70.0,26.0,537.0
26.0,-70.0,26.0,537.0
28.0,-70.0,26.0,537.0
30.0,-70.0,26.0,537.0
32.0,-70.0,26.0,537.0
38.0,-70.0,26.0,537.0
40.0,-70.0,26.0,537.0
42.0,-70.0,26.0,537.0
44.0,-70.0,26.0,99.0
46.0,-70.0,26.0,99.0
48.0,-70.0,26.0,99.0
50.0,-70.0,26.0,99.0
52.0,-70.0,26.0,370.0
54.0,-70.0,26.0,370.0
-56.0,-68.0,26.0,595.0
-54.0,-68.0,26.0,595.0
-52.0,-68.0,26.0,595.0
-50.0,-68.0,26.0,595.0
-48.0,-68.0,26.0,570.0
-46.0,-68.0,26.0,570.0
-44.0,-68.0,26.0,570.0
-42.0,-68.0,26.0,570.0
-40.0,-68.0,26.0,423.0
-38.0,-68.0,26.0,423.0
-36.0,-68.0,26.0,541.0
-34.0,-68.0,26.0,541.0
-32.0,-68.0,26.0,541.0
-30.0,-68.0,26.0,541.0
-24.0,-68.0,26.0,75.0
-22.0,-68.0,26.0,583.0
-20.0,-68.0,26.0,583.0
-18.0,-68.0,26.0,349.0
-16.0,-68.0,26.0,349.0
-14.0,-68.0,26.0,349.0
-12.0,-68.0,26.0,61.0
-10.0,-68.0,26.0,61.0
-8.0,-68.0,26.0,61.0
-6.0,-68.0,26.0,61.0
-4.0,-68.0,26.0,61.0
-2.0,-68.0,26.0,61.0
0.0,-68.0,26.0,61.0
2.0,-68.0,26.0,219.0
4.0,-68.0,26.0,219.0
6.0,-68.0,26.0,219.0
8.0,-68.0,26.0,219.0
10.0,-68.0,26.0,219.0
12.0,-68.0,26.0,219.0
14.0,-68.0,26.0,580.0
16.0,-68.0,26.0,580.0
18.0,-68.0,26.0,580.0
22.0,-68.0,26.0,537.0
24.0,-68.0,26.0,537.0
26.0,-68.0,26.0,537.0
28.0,-68.0,26.0,537.0
30.0,-68.0,26.0,537.0
32.0,-68.0,26.0,537.0
38.0,-68.0,26.0,537.0
40.0,-68.0,26.0,572.0
42.0,-68.0,26.0,572.0
44.0,-68.0,26.0,572.0
46.0,-68.0,26.0,370.0
48.0,-68.0,26.0,370.0
50.0,-68.0,26.0,370.0
52.0,-68.0,26.0,370.0
54.0,-68.0,26.0,370.0
56.0,-68.0,26.0,370.0
-58.0,-66.0,26.0,595.0
-56.0,-66.0,26.0,595.0
-54.0,-66.0,26.0,595.0
-52.0,-66.0,26.0,595.0
-50.0,-66.0,26.0,595.0
-48.0,-66.0,26.0,299.0
-46.0,-66.0,26.0,299.0
-44.0,-66.0,26.0,299.0
-42.0,-66.0,26.0,299.0
-40.0,-66.0,26.0,541.0
-38.0,-66.0,26.0,541.0
-36.0,-66.0,26.0,541.0
-34.0,-66.0,26.0,541.0
-32.0,-66.0,26.0,541.0
-30.0,-66.0,26.0,541.0
-24.0,-66.0,26.0,583.0
-22.0,-66.0,26.0,583.0
-20.0,-66.0,26.0,583.0
-18.0,-66.0,26.0,583.0
-16.0,-66.0,26.0,583.0
-14.0,-66.0,26.0,61.0
-12.0,-66.0,26.0,61.0
-10.0,-66.0,26.0,61.0
-8.0,-66.0,26.0,61.0
-6.0,-66.0,26.0,61.0
-4.0,-66.0,26.0,61.0
-2.0,-66.0,26.0,61.0
0.0,-66.0,26.0,61.0
2.0,-66.0,26.0,243.0
4.0,-66.0,26.0,243.0
6.0,-66.0,26.0,243.0
8.0,-66.0,26.0,243.0
10.0,-66.0,26.0,243.0
12.0,-66.0,26.0,243.0
14.0,-66.0,26.0,243.0
16.0,-66.0,26.0,580.0
18.0,-66.0,26.0,580.0
24.0,-66.0,26.0,537.0
26.0,-66.0,26.0,537.0
28.0,-66.0,26.0,537.0
30.0,-66.0,26.0,537.0
38.0,-66.0,26.0,572.0
40.0,-66.0,26.0,572.0
42.0,-66.0,26.0,572.0
44.0,-66.0,26.0,572.0
46.0,-66.0,26.0,309.0
48.0,-66.0,26.0,370.0
50.0,-66.0,26.0,370.0
52.0,-66.0,26.0,370.0
54.0,-66.0,26.0,370.0
56.0,-66.0,26.0,370.0
58.0,-66.0,26.0,370.0
-58.0,-64.0,26.0,595.0
-56.0,-64.0,26.0,595.0
-54.0,-64.0,26.0,595.0
-52.0,-64.0,26.0,595.0
-50.0,-64.0,26.0,299.0
-48.0,-64.0,26.0,299.0
-46.0,-64.0,26.0,299.0
-44.0,-64.0,26.0,299.0
-42.0,-64.0,26.0,299.0
-40.0,-64.0,26.0,541.0
-36.0,-64.0,26.0,541.0
-34.0,-64.0,26.0,541.0
-32.0,-64.0,26.0,541.0
-30.0,-64.0,26.0,541.0
-24.0,-64.0,26.0,583.0
-22.0,-64.0,26.0,583.0
-20.0,-64.0,26.0,583.0
-18.0,-64.0,26.0,583.0
-16.0,-64.0,26.0,583.0
-14.0,-64.0,26.0,583.0
-12.0,-64.0,26.0,61.0
-10.0,-64.0,26.0,61.0
-8.0,-64.0,26.0,61.0
-6.0,-64.0,26.0,61.0
-4.0,-64.0,26.0,61.0
-2.0,-64.0,26.0,61.0
0.0,-64.0,26.0,243.0
2.0,-64.0,26.0,243.0
4.0,-64.0,26.0,243.0
6.0,-64.0,26.0,243.0
8.0,-64.0,26.0,243.0
10.0,-64.0,26.0,243.0
12.0,-64.0,26.0,243.0
14.0,-64.0,26.0,243.0
16.0,-64.0,26.0,469.0
18.0,-64.0,26.0,469.0
24.0,-64.0,26.0,537.0
26.0,-64.0,26.0,537.0
28.0,-64.0,26.0,537.0
30.0,-64.0,26.0,537.0
38.0,-64.0,26.0,572.0
40.0,-64.0,26.0,572.0
42.0,-64.0,26.0,572.0
44.0,-64.0,26.0,572.0
46.0,-64.0,26.0,309.0
48.0,-64.0,26.0,210.0
50.0,-64.0,26.0,210.0
52.0,-64.0,26.0,210.0
54.0,-64.0,26.0,210.0
56.0,-64.0,26.0,210.0
58.0,-64.0,26.0,210.0
-60.0,-62.0,26.0,584.0
-58.0,-62.0,26.0,584.0
-56.0,-62.0,26.0,595.0
-54.0,-62.0,26.0,595.0
-52.0,-62.0,26.0,595.0
-50.0,-62.0,26.0,299.0
-48.0,-62.0,26.0,299.0
-46.0,-62.0,26.0,299.0
-44.0,-62.0,26.0,299.0
-42.0,-62.0,26.0,299.0
-40.0,-62.0,26.0,541.0
-34.0,-62.0,26.0,541.0
-32.0,-62.0,26.0,541.0
-30.0,-62.0,26.0,541.0
-24.0,-62.0,26.0,583.0
-22.0,-62.0,26.0,583.0
-20.0,-62.0,26.0,583.0
-18.0,-62.0,26.0,583.0
-16.0,-62.0,26.0,583.0
-14.0,-62.0,26.0,583.0
-12.0,-62.0,26.0,61.0
-10.0,-62.0,26.0,61.0
-8.0,-62.0,26.0,61.0
-6.0,-62.0,26.0,61.0
-4.0,-62.0,26.0,61.0
-2.0,-62.0,26.0,61.0
0.0,-62.0,26.0,243.0
2.0,-62.0,26.0,243.0
4.0,-62.0,26.0,243.0
6.0,-62.0,26.0,243.0
8.0,-62.0,26.0,243.0
10.0,-62.0,26.0,243.0
12.0,-62.0,26.0,243.0
14.0,-62.0,26.0,243.0
16.0,-62.0,26.0,469.0
18.0,-62.0,26.0,469.0
28.0,-62.0,26.0,572.0
30.0,-62.0,26.0,572.0
38.0,-62.0,26.0,572.0
40.0,-62.0,26.0,572.0
42.0,-62.0,26.0,572.0
44.0,-62.0,26.0,572.0
46.0,-62.0,26.0,190.0
48.0,-62.0,26.0,210.0
50.0,-62.0,26.0,210.0
52.0,-62.0,26.0,210.0
54.0,-62.0,26.0,210.0
56.0,-62.0,26.0,210.0
58.0,-62.0,26.0,210.0
60.0,-62.0,26.0,210.0
-60.0,-60.0,26.0,584.0
-58.0,-60.0,26.0,584.0
-56.0,-60.0,26.0,584.0
-54.0,-60.0,26.0,595.0
-52.0,-60.0,26.0,299.0
-50.0,-60.0,26.0,299.0
-48.0,-60.0,26.0,299.0
-46.0,-60.0,26.0,299.0
-44.0,-60.0,26.0,299.0
-42.0,-60.0,26.0,299.0
-34.0,-60.0,26.0,541.0
-32.0,-60.0,26.0,541.0
-30.0,-60.0,26.0,541.0
-24.0,-60.0,26.0,583.0
-22.0,-60.0,26.0,583.0
-20.0,-60.0,26.0,583.0
-18.0,-60.0,26.0,583.0
-16.0,-60.0,26.0,583.0
-14.0,-60.0,26.0,583.0
-12.0,-60.0,26.0,583.0
-10.0,-60.0,26.0,61.0
-8.0,-60.0,26.0,61.0
-6.0,-60.0,26.0,61.0
-4.0,-60.0,26.0,61.0
-2.0,-60.0,26.0,243.0
0.0,-60.0,26.0,243.0
2.0,-60.0,26.0,243.0
4.0,-60.0,26.0,243.0
6.0,-60.0,26.0,243.0
8.0,-60.0,26.0,243.0
10.0,-60.0,26.0,243.0
12.0,-60.0,26.0,243.0
14.0,-60.0,26.0,243.0
24.0,-60.0,26.0,469.0
26.0,-60.0,26.0,572.0
28.0,-60.0,26.0,572.0
42.0,-60.0,26.0,572.0
44.0,-60.0,26.0,572.0
46.0,-60.0,26.0,190.0
48.0,-60.0,26.0,190.0
50.0,-60.0,26.0,210.0
52.0,-60.0,26.0,210.0
54.0,-60.0,26.0,210.0
56.0,-60.0,26.0,210.0
58.0,-60.0,26.0,210.0
60.0,-60.0,26.0,210.0
62.0,-60.0,26.0,210.0
-62.0,-58.0,26.0,584.0
-60.0,-58.0,26.0,584.0
-58.0,-58.0,26.0,584.0
-56.0,-58.0,26.0,584.0
-54.0,-58.0,26.0,50.0
-52.0,-58.0,26.0,299.0
-50.0,-58.0,26.0,299.0
-48.0,-58.0,26.0,299.0
-46.0,-58.0,26.0,299.0
-44.0,-58.0,26.0,299.0
-42.0,-58.0,26.0,299.0
-22.0,-58.0,26.0,583.0
-20.0,-58.0,26.0,583.0
-18.0,-58.0,26.0,583.0
-16.0,-58.0,26.0,583.0
-14.0,-58.0,26.0,583.0
-12.0,-58.0,26.0,583.0
-10.0,-58.0,26.0,118.0
-8.0,-58.0,26.0,118.0
-6.0,-58.0,26.0,118.0
-4.0,-58.0,26.0,118.0
-2.0,-58.0,26.0,243.0
0.0,-58.0,26.0,243.0
2.0,-58.0,26.0,243.0
4.0,-58.0,26.0,243.0
6.0,-58.0,26.0,243.0
8.0,-58.0,26.0,243.0
10.0,-58.0,26.0,243.0
12.0,-58.0,26.0,243.0
14.0,-58.0,26.0,469.0
16.0,-58.0,26.0,469.0
24.0,-58.0,26.0,469.0
26.0,-58.0,26.0,572.0
28.0,-58.0,26.0,572.0
42.0,-58.0,26.0,572.0
44.0,-58.0,26.0,190.0
46.0,-58.0,26.0,190.0
48.0,-58.0,26.0,190.0
50.0,-58.0,26.0,190.0
52.0,-58.0,26.0,210.0
54.0,-58.0,26.0,210.0
56.0,-58.0,26.0,210.0
58.0,-58.0,26.0,210.0
60.0,-58.0,26.0,210.0
62.0,-58.0,26.0,210.0
-64.0,-56.0,26.0,42.0
-62.0,-56.0,26.0,42.0
-60.0,-56.0,26.0,42.0
-58.0,-56.0,26.0,50.0
-56.0,-56.0,26.0,50.0
-54.0,-56.0,26.0,50.0
-52.0,-56.0,26.0,50.0
-50.0,-56.0,26.0,50.0
-48.0,-56.0,26.0,299.0
-46.0,-56.0,26.0,299.0
-44.0,-56.0,26.0,299.0
-22.0,-56.0,26.0,17.0
-20.0,-56.0,26.0,17.0
-18.0,-56.0,26.0,17.0
-16.0,-56.0,26.0,17.0
-14.0,-56.0,26.0,17.0
-10.0,-56.0,26.0,17.0
-8.0,-56.0,26.0,118.0
-6.0,-56.0,26.0,118.0
-4.0,-56.0,26.0,98.0
-2.0,-56.0,26.0,243.0
0.0,-56.0,26.0,243.0
2.0,-56.0,26.0,243.0
4.0,-56.0,26.0,243.0
6.0,-56.0,26.0,243.0
8.0,-56.0,26.0,243.0
10.0,-56.0,26.0,243.0
12.0,-56.0,26.0,243.0
14.0,-56.0,26.0,469.0
16.0,-56.0,26.0,469.0
24.0,-56.0,26.0,469.0
26.0,-56.0,26.0,469.0
42.0,-56.0,26.0,190.0
44.0,-56.0,26.0,190.0
46.0,-56.0,26.0,190.0
48.0,-56.0,26.0,190.0
50.0,-56.0,26.0,190.0
52.0,-56.0,26.0,190.0
54.0,-56.0,26.0,210.0
56.0,-56.0,26.0,210.0
58.0,-56.0,26.0,505.0
60.0,-56.0,26.0,505.0
62.0,-56.0,26.0,505.0
-64.0,-54.0,26.0,42.0
-62.0,-54.0,26.0,42.0
-60.0,-54.0,26.0,50.0
-58.0,-54.0,26.0,50.0
-56.0,-54.0,26.0,50.0
-54.0,-54.0,26.0,50.0
-52.0,-54.0,26.0,50.0
-50.0,-54.0,26.0,50.0
-48.0,-54.0,26.0,50.0
-46.0,-54.0,26.0,50.0
-44.0,-54.0,26.0,299.0
-18.0,-54.0,26.0,17.0
-16.0,-54.0,26.0,17.0
-10.0,-54.0,26.0,17.0
-8.0,-54.0,26.0,98.0
-6.0,-54.0,26.0,98.0
-4.0,-54.0,26.0,98.0
-2.0,-54.0,26.0,98.0
0.0,-54.0,26.0,243.0
2.0,-54.0,26.0,243.0
4.0,-54.0,26.0,243.0
6.0,-54.0,26.0,243.0
8.0,-54.0,26.0,243.0
10.0,-54.0,26.0,243.0
12.0,-54.0,26.0,486.0
40.0,-54.0,26.0,231.0
42.0,-54.0,26.0,231.0
44.0,-54.0,26.0,190.0
46.0,-54.0,26.0,190.0
48.0,-54.0,26.0,190.0
50.0,-54.0,26.0,190.0
52.0,-54.0,26.0,190.0
54.0,-54.0,26.0,505.0
56.0,-54.0,26.0,505.0
58.0,-54.0,26.0,505.0
60.0,-54.0,26.0,505.0
62.0,-54.0,26.0,505.0
64.0,-54.0,26.0,505.0
-64.0,-52.0,26.0,42.0
-62.0,-52.0,26.0,42.0
-60.0,-52.0,26.0,50.0
-58.0,-52.0,26.0,50.0
-56.0,-52.0,26.0,50.0
-54.0,-52.0,26.0,50.0
-52.0,-52.0,26.0,50.0
-50.0,-52.0,26.0,50.0
-48.0,-52.0,26.0,50.0
-46.0,-52.0,26.0,50.0
-44.0,-52.0,26.0,50.0
-42.0,-52.0,26.0,3.0
-10.0,-52.0,26.0,17.0
-8.0,-52.0,26.0,98.0
-6.0,-52.0,26.0,98.0
-4.0,-52.0,26.0,98.0
-2.0,-52.0,26.0,98.0
0.0,-52.0,26.0,243.0
2.0,-52.0,26.0,243.0
4.0,-52.0,26.0,243.0
6.0,-52.0,26.0,243.0
8.0,-52.0,26.0,243.0
10.0,-52.0,26.0,486.0
42.0,-52.0,26.0,231.0
44.0,-52.0,26.0,231.0
46.0,-52.0,26.0,231.0
48.0,-52.0,26.0,190.0
50.0,-52.0,26.0,190.0
52.0,-52.0,26.0,505.0
54.0,-52.0,26.0,505.0
56.0,-52.0,26.0,505.0
58.0,-52.0,26.0,505.0
60.0,-52.0,26.0,505.0
62.0,-52.0,26.0,505.0
64.0,-52.0,26.0,505.0
-66.0,-50.0,26.0,392.0
-64.0,-50.0,26.0,392.0
-62.0,-50.0,26.0,50.0
-60.0,-50.0,26.0,50.0
-58.0,-50.0,26.0,50.0
-56.0,-50.0,26.0,50.0
-54.0,-50.0,26.0,50.0
-52.0,-50.0,26.0,50.0
-50.0,-50.0,26.0,50.0
-48.0,-50.0,26.0,50.0
-46.0,-50.0,26.0,50.0
-44.0,-50.0,26.0,50.0
-42.0,-50.0,26.0,3.0
-12.0,-50.0,26.0,17.0
-10.0,-50.0,26.0,98.0
-8.0,-50.0,26.0,98.0
-6.0,-50.0,26.0,98.0
-4.0,-50.0,26.0,98.0
-2.0,-50.0,26.0,98.0
0.0,-50.0,26.0,98.0
2.0,-50.0,26.0,243.0
4.0,-50.0,26.0,243.0
6.0,-50.0,26.0,122.0
8.0,-50.0,26.0,122.0
10.0,-50.0,26.0,122.0
44.0,-50.0,26.0,231.0
46.0,-50.0,26.0,231.0
48.0,-50.0,26.0,231.0
50.0,-50.0,26.0,190.0
52.0,-50.0,26.0,505.0
54.0,-50.0,26.0,505.0
56.0,-50.0,26.0,505.0
58.0,-50.0,26.0,505.0
60.0,-50.0,26.0,505.0
62.0,-50.0,26.0,505.0
64.0,-50.0,26.0,505.0
66.0,-50.0,26.0,505.0
-66.0,-48.0,26.0,392.0
-64.0,-48.0,26.0,392.0
-62.0,-48.0,26.0,242.0
-60.0,-48.0,26.0,242.0
-58.0,-48.0,26.0,242.0
-56.0,-48.0,26.0,242.0
-54.0,-48.0,26.0,242.0
-52.0,-48.0,26.0,242.0
-50.0,-48.0,26.0,242.0
-48.0,-48.0,26.0,242.0
-46.0,-48.0,26.0,242.0
-44.0,-48.0,26.0,242.0
-10.0,-48.0,26.0,98.0
-8.0,-48.0,26.0,98.0
-6.0,-48.0,26.0,98.0
-4.0,-48.0,26.0,98.0
-2.0,-48.0,26.0,98.0
0.0,-48.0,26.0,98.0
2.0,-48.0,26.0,122.0
4.0,-48.0,26.0,122.0
6.0,-48.0,26.0,122.0
8.0,-48.0,26.0,122.0
44.0,-48.0,26.0,231.0
46.0,-48.0,26.0,231.0
48.0,-48.0,26.0,231.0
50.0,-48.0,26.0,231.0
52.0,-48.0,26.0,505.0
54.0,-48.0,26.0,505.0
56.0,-48.0,26.0,505.0
58.0,-48.0,26.0,505.0
60.0,-48.0,26.0,505.0
62.0,-48.0,26.0,505.0
64.0,-48.0,26.0,505.0
66.0,-48.0,26.0,193.0
-66.0,-46.0,26.0,392.0
-64.0,-46.0,26.0,392.0
-62.0,-46.0,26.0,242.0
-60.0,-46.0,26.0,242.0
-58.0,-46.0,26.0,242.0
-56.0,-46.0,26.0,242.0
-54.0,-46.0,26.0,242.0
-52.0,-46.0,26.0,242.0
-50.0,-46.0,26.0,242.0
-48.0,-46.0,26.0,242.0
-46.0,-46.0,26.0,242.0
-44.0,-46.0,26.0,242.0
-10.0,-46.0,26.0,12.0
-8.0,-46.0,26.0,98.0
-6.0,-46.0,26.0,98.0
-4.0,-46.0,26.0,98.0
-2.0,-46.0,26.0,98.0
0.0,-46.0,26.0,98.0
2.0,-46.0,26.0,122.0
4.0,-46.0,26.0,122.0
6.0,-46.0,26.0,122.0
8.0,-46.0,26.0,122.0
44.0,-46.0,26.0,231.0
46.0,-46.0,26.0,231.0
48.0,-46.0,26.0,231.0
50.0,-46.0,26.0,488.0
52.0,-46.0,26.0,342.0
54.0,-46.0,26.0,505.0
56.0,-46.0,26.0,505.0
58.0,-46.0,26.0,505.0
60.0,-46.0,26.0,505.0
62.0,-46.0,26.0,505.0
64.0,-46.0,26.0,505.0
66.0,-46.0,26.0,193.0
-68.0,-44.0,26.0,392.0
-66.0,-44.0,26.0,392.0
-64.0,-44.0,26.0,242.0
-62.0,-44.0,26.0,242.0
-60.0,-44.0,26.0,242.0
-58.0,-44.0,26.0,242.0
-56.0,-44.0,26.0,242.0
-54.0,-44.0,26.0,242.0
-52.0,-44.0,26.0,242.0
-50.0,-44.0,26.0,242.0
-48.0,-44.0,26.0,242.0
-46.0,-44.0,26.0,242.0
-44.0,-44.0,26.0,242.0
-8.0,-44.0,26.0,12.0
-6.0,-44.0,26.0,98.0
-4.0,-44.0,26.0,98.0
-2.0,-44.0,26.0,98.0
0.0,-44.0,26.0,122.0
2.0,-44.0,26.0,122.0
4.0,-44.0,26.0,122.0
6.0,-44.0,26.0,122.0
8.0,-44.0,26.0,122.0
46.0,-44.0,26.0,488.0
48.0,-44.0,26.0,488.0
50.0,-44.0,26.0,488.0
52.0,-44.0,26.0,342.0
54.0,-44.0,26.0,342.0
56.0,-44.0,26.0,342.0
58.0,-44.0,26.0,342.0
60.0,-44.0,26.0,342.0
62.0,-44.0,26.0,505.0
64.0,-44.0,26.0,505.0
66.0,-44.0,26.0,193.0
-68.0,-42.0,26.0,392.0
-66.0,-42.0,26.0,392.0
-64.0,-42.0,26.0,242.0
-62.0,-42.0,26.0,242.0
-60.0,-42.0,26.0,242.0
-58.0,-42.0,26.0,242.0
-56.0,-42.0,26.0,242.0
-54.0,-42.0,26.0,242.0
-52.0,-42.0,26.0,242.0
-50.0,-42.0,26.0,242.0
-48.0,-42.0,26.0,242.0
-46.0,-42.0,26.0,242.0
-8.0,-42.0,26.0,473.0
-6.0,-42.0,26.0,473.0
-4.0,-42.0,26.0,473.0
-2.0,-42.0,26.0,473.0
0.0,-42.0,26.0,122.0
2.0,-42.0,26.0,122.0
4.0,-42.0,26.0,122.0
6.0,-42.0,26.0,122.0
8.0,-42.0,26.0,122.0
46.0,-42.0,26.0,488.0
48.0,-42.0,26.0,488.0
50.0,-42.0,26.0,488.0
52.0,-42.0,26.0,488.0
54.0,-42.0,26.0,342.0
56.0,-42.0,26.0,342.0
58.0,-42.0,26.0,342.0
60.0,-42.0,26.0,342.0
62.0,-42.0,26.0,342.0
64.0,-42.0,26.0,553.0
66.0,-42.0,26.0,553.0
-68.0,-40.0,26.0,392.0
-66.0,-40.0,26.0,242.0
-64.0,-40.0,26.0,242.0
-62.0,-40.0,26.0,242.0
-60.0,-40.0,26.0,242.0
-58.0,-40.0,26.0,242.0
-56.0,-40.0,26.0,242.0
-54.0,-40.0,26.0,242.0
-52.0,-40.0,26.0,242.0
-50.0,-40.0,26.0,242.0
-48.0,-40.0,26.0,242.0
-8.0,-40.0,26.0,473.0
-6.0,-40.0,26.0,473.0
-4.0,-40.0,26.0,473.0
-2.0,-40.0,26.0,473.0
0.0,-40.0,26.0,122.0
2.0,-40.0,26.0,122.0
4.0,-40.0,26.0,122.0
6.0,-40.0,26.0,122.0
8.0,-40.0,26.0,122.0
46.0,-40.0,26.0,488.0
48.0,-40.0,26.0,488.0
50.0,-40.0,26.0,488.0
54.0,-40.0,26.0,342.0
56.0,-40.0,26.0,342.0
58.0,-40.0,26.0,342.0
60.0,-40.0,26.0,342.0
62.0,-40.0,26.0,553.0
64.0,-40.0,26.0,553.0
66.0,-40.0,26.0,553.0
-68.0,-38.0,26.0,71.0
-66.0,-38.0,26.0,71.0
-64.0,-38.0,26.0,71.0
-62.0,-38.0,26.0,221.0
-60.0,-38.0,26.0,221.0
-58.0,-38.0,26.0,221.0
-56.0,-38.0,26.0,221.0
-54.0,-38.0,26.0,221.0
-52.0,-38.0,26.0,221.0
-10.0,-38.0,26.0,12.0
-8.0,-38.0,26.0,473.0
-6.0,-38.0,26.0,473.0
-4.0,-38.0,26.0,473.0
-2.0,-38.0,26.0,473.0
0.0,-38.0,26.0,473.0
2.0,-38.0,26.0,122.0
4.0,-38.0,26.0,122.0
6.0,-38.0,26.0,122.0
8.0,-38.0,26.0,122.0
44.0,-38.0,26.0,488.0
46.0,-38.0,26.0,488.0
48.0,-38.0,26.0,488.0
50.0,-38.0,26.0,488.0
52.0,-38.0,26.0,488.0
54.0,-38.0,26.0,342.0
56.0,-38.0,26.0,342.0
58.0,-38.0,26.0,342.0
60.0,-38.0,26.0,553.0
62.0,-38.0,26.0,553.0
64.0,-38.0,26.0,553.0
66.0,-38.0,26.0,553.0
-68.0,-36.0,26.0,71.0
-66.0,-36.0,26.0,71.0
-64.0,-36.0,26.0,71.0
-62.0,-36.0,26.0,71.0
-60.0,-36.0,26.0,221.0
-58.0,-36.0,26.0,221.0
-56.0,-36.0,26.0,221.0
-54.0,-36.0,26.0,221.0
-52.0,-36.0,26.0,221.0
-10.0,-36.0,26.0,12.0
-8.0,-36.0,26.0,473.0
-6.0,-36.0,26.0,473.0
-4.0,-36.0,26.0,473.0
-2.0,-36.0,26.0,55.0
0.0,-36.0,26.0,55.0
2.0,-36.0,26.0,122.0
4.0,-36.0,26.0,122.0
6.0,-36.0,26.0,122.0
8.0,-36.0,26.0,122.0
42.0,-36.0,26.0,488.0
44.0,-36.0,26.0,488.0
46.0,-36.0,26.0,488.0
48.0,-36.0,26.0,488.0
50.0,-36.0,26.0,488.0
52.0,-36.0,26.0,488.0
54.0,-36.0,26.0,358.0
56.0,-36.0,26.0,358.0
58.0,-36.0,26.0,358.0
60.0,-36.0,26.0,553.0
62.0,-36.0,26.0,553.0
64.0,-36.0,26.0,553.0
66.0,-36.0,26.0,553.0
-68.0,-34.0,26.0,71.0
-66.0,-34.0,26.0,71.0
-64.0,-34.0,26.0,71.0
-62.0,-34.0,26.0,71.0
-60.0,-34.0,26.0,71.0
-58.0,-34.0,26.0,71.0
-56.0,-34.0,26.0,221.0
-54.0,-34.0,26.0,221.0
-52.0,-34.0,26.0,221.0
-50.0,-34.0,26.0,221.0
-48.0,-34.0,26.0,221.0
-10.0,-34.0,26.0,55.0
-8.0,-34.0,26.0,55.0
-6.0,-34.0,26.0,55.0
-4.0,-34.0,26.0,55.0
0.0,-34.0,26.0,55.0
2.0,-34.0,26.0,55.0
4.0,-34.0,26.0,122.0
6.0,-34.0,26.0,122.0
8.0,-34.0,26.0,122.0
42.0,-34.0,26.0,488.0
44.0,-34.0,26.0,488.0
46.0,-34.0,26.0,488.0
48.0,-34.0,26.0,488.0
50.0,-34.0,26.0,488.0
52.0,-34.0,26.0,488.0
54.0,-34.0,26.0,358.0
56.0,-34.0,26.0,358.0
58.0,-34.0,26.0,358.0
60.0,-34.0,26.0,553.0
62.0,-34.0,26.0,553.0
64.0,-34.0,26.0,553.0
66.0,-34.0,26.0,553.0
68.0,-34.0,26.0,553.0
-68.0,-32.0,26.0,71.0
-66.0,-32.0,26.0,71.0
-64.0,-32.0,26.0,71.0
-62.0,-32.0,26.0,71.0
-60.0,-32.0,26.0,71.0
-58.0,-32.0,26.0,71.0
-56.0,-32.0,26.0,71.0
-54.0,-32.0,26.0,71.0
-52.0,-32.0,26.0,221.0
-50.0,-32.0,26.0,221.0
-48.0,-32.0,26.0,221.0
-46.0,-32.0,26.0,213.0
-10.0,-32.0,26.0,55.0
-8.0,-32.0,26.0,55.0
-6.0,-32.0,26.0,55.0
-4.0,-32.0,26.0,55.0
0.0,-32.0,26.0,55.0
2.0,-32.0,26.0,55.0
4.0,-32.0,26.0,55.0
6.0,-32.0,26.0,122.0
8.0,-32.0,26.0,122.0
44.0,-32.0,26.0,488.0
46.0,-32.0,26.0,488.0
48.0,-32.0,26.0,488.0
50.0,-32.0,26.0,488.0
52.0,-32.0,26.0,379.0
54.0,-32.0,26.0,379.0
56.0,-32.0,26.0,379.0
58.0,-32.0,26.0,379.0
60.0,-32.0,26.0,553.0
62.0,-32.0,26.0,553.0
64.0,-32.0,26.0,553.0
66.0,-32.0,26.0,553.0
68.0,-32.0,26.0,553.0
-68.0,-30.0,26.0,447.0
-66.0,-30.0,26.0,71.0
-64.0,-30.0,26.0,71.0
-62.0,-30.0,26.0,71.0
-60.0,-30.0,26.0,71.0
-58.0,-30.0,26.0,71.0
-56.0,-30.0,26.0,71.0
-54.0,-30.0,26.0,71.0
-52.0,-30.0,26.0,71.0
-50.0,-30.0,26.0,213.0
-48.0,-30.0,26.0,213.0
-46.0,-30.0,26.0,213.0
-10.0,-30.0,26.0,55.0
-8.0,-30.0,26.0,55.0
-6.0,-30.0,26.0,55.0
-4.0,-30.0,26.0,55.0
2.0,-30.0,26.0,55.0
4.0,-30.0,26.0,55.0
6.0,-30.0,26.0,55.0
8.0,-30.0,26.0,55.0
48.0,-30.0,26.0,379.0
50.0,-30.0,26.0,379.0
52.0,-30.0,26.0,379.0
54.0,-30.0,26.0,379.0
56.0,-30.0,26.0,379.0
58.0,-30.0,26.0,379.0
60.0,-30.0,26.0,379.0
62.0,-30.0,26.0,379.0
64.0,-30.0,26.0,553.0
66.0,-30.0,26.0,553.0
68.0,-30.0,26.0,553.0
-68.0,-28.0,26.0,447.0
-66.0,-28.0,26.0,71.0
-64.0,-28.0,26.0,71.0
-62.0,-28.0,26.0,71.0
-60.0,-28.0,26.0,71.0
-58.0,-28.0,26.0,71.0
-56.0,-28.0,26.0,71.0
-54.0,-28.0,26.0,71.0
-52.0,-28.0,26.0,71.0
-50.0,-28.0,26.0,213.0
-48.0,-28.0,26.0,213.0
-46.0,-28.0,26.0,213.0
-10.0,-28.0,26.0,55.0
-8.0,-28.0,26.0,55.0
-6.0,-28.0,26.0,55.0
-4.0,-28.0,26.0,55.0
2.0,-28.0,26.0,55.0
4.0,-28.0,26.0,55.0
6.0,-28.0,26.0,55.0
8.0,-28.0,26.0,55.0
50.0,-28.0,26.0,379.0
52.0,-28.0,26.0,379.0
54.0,-28.0,26.0,379.0
56.0,-28.0,26.0,379.0
58.0,-28.0,26.0,379.0
60.0,-28.0,26.0,379.0
62.0,-28.0,26.0,379.0
64.0,-28.0,26.0,379.0
66.0,-28.0,26.0,553.0
-68.0,-26.0,26.0,447.0
-66.0,-26.0,26.0,447.0
-64.0,-26.0,26.0,71.0
-62.0,-26.0,26.0,71.0
-60.0,-26.0,26.0,71.0
-58.0,-26.0,26.0,71.0
-56.0,-26.0,26.0,71.0
-54.0,-26.0,26.0,71.0
-52.0,-26.0,26.0,71.0
-50.0,-26.0,26.0,213.0
-48.0,-26.0,26.0,213.0
-46.0,-26.0,26.0,205.0
-44.0,-26.0,26.0,205.0
-42.0,-26.0,26.0,205.0
-40.0,-26.0,26.0,205.0
-8.0,-26.0,26.0,55.0
-6.0,-26.0,26.0,55.0
-4.0,-26.0,26.0,55.0
2.0,-26.0,26.0,55.0
4.0,-26.0,26.0,55.0
6.0,-26.0,26.0,55.0
50.0,-26.0,26.0,379.0
52.0,-26.0,26.0,379.0
54.0,-26.0,26.0,379.0
56.0,-26.0,26.0,379.0
58.0,-26.0,26.0,379.0
60.0,-26.0,26.0,379.0
62.0,-26.0,26.0,379.0
64.0,-26.0,26.0,379.0
66.0,-26.0,26.0,20.0
-68.0,-24.0,26.0,447.0
-66.0,-24.0,26.0,447.0
-64.0,-24.0,26.0,447.0
-62.0,-24.0,26.0,71.0
-60.0,-24.0,26.0,71.0
-58.0,-24.0,26.0,71.0
-56.0,-24.0,26.0,71.0
-54.0,-24.0,26.0,71.0
-52.0,-24.0,26.0,71.0
-50.0,-24.0,26.0,213.0
-48.0,-24.0,26.0,205.0
-44.0,-24.0,26.0,205.0
-42.0,-24.0,26.0,205.0
-8.0,-24.0,26.0,55.0
-6.0,-24.0,26.0,55.0
-4.0,-24.0,26.0,55.0
2.0,-24.0,26.0,55.0
4.0,-24.0,26.0,55.0
6.0,-24.0,26.0,239.0
48.0,-24.0,26.0,285.0
50.0,-24.0,26.0,285.0
52.0,-24.0,26.0,379.0
54.0,-24.0,26.0,379.0
56.0,-24.0,26.0,379.0
58.0,-24.0,26.0,379.0
60.0,-24.0,26.0,379.0
62.0,-24.0,26.0,379.0
64.0,-24.0,26.0,20.0
66.0,-24.0,26.0,20.0
68.0,-24.0,26.0,20.0
-68.0,-22.0,26.0,447.0
-66.0,-22.0,26.0,447.0
-64.0,-22.0,26.0,447.0
-62.0,-22.0,26.0,71.0
-60.0,-22.0,26.0,71.0
-58.0,-22.0,26.0,71.0
-56.0,-22.0,26.0,71.0
-54.0,-22.0,26.0,71.0
-52.0,-22.0,26.0,71.0
-8.0,-22.0,26.0,216.0
-6.0,-22.0,26.0,55.0
-4.0,-22.0,26.0,55.0
2.0,-22.0,26.0,55.0
4.0,-22.0,26.0,239.0
50.0,-22.0,26.0,285.0
52.0,-22.0,26.0,379.0
54.0,-22.0,26.0,379.0
56.0,-22.0,26.0,379.0
58.0,-22.0,26.0,379.0
60.0,-22.0,26.0,379.0
62.0,-22.0,26.0,20.0
64.0,-22.0,26.0,20.0
66.0,-22.0,26.0,20.0
68.0,-22.0,26.0,20.0
-68.0,-20.0,26.0,447.0
-66.0,-20.0,26.0,447.0
-64.0,-20.0,26.0,447.0
-62.0,-20.0,26.0,447.0
-60.0,-20.0,26.0,71.0
-58.0,-20.0,26.0,71.0
-56.0,-20.0,26.0,71.0
-54.0,-20.0,26.0,71.0
-52.0,-20.0,26.0,205.0
-8.0,-20.0,26.0,216.0
-6.0,-20.0,26.0,216.0
-4.0,-20.0,26.0,55.0
2.0,-20.0,26.0,239.0
4.0,-20.0,26.0,239.0
50.0,-20.0,26.0,285.0
52.0,-20.0,26.0,285.0
54.0,-20.0,26.0,379.0
56.0,-20.0,26.0,379.0
58.0,-20.0,26.0,379.0
60.0,-20.0,26.0,20.0
62.0,-20.0,26.0,20.0
64.0,-20.0,26.0,20.0
66.0,-20.0,26.0,20.0
68.0,-20.0,26.0,20.0
-68.0,-18.0,26.0,447.0
-66.0,-18.0,26.0,447.0
-64.0,-18.0,26.0,447.0
-62.0,-18.0,26.0,447.0
-60.0,-18.0,26.0,71.0
-58.0,-18.0,26.0,71.0
-56.0,-18.0,26.0,71.0
-54.0,-18.0,26.0,71.0
-8.0,-18.0,26.0,216.0
-6.0,-18.0,26.0,216.0
-4.0,-18.0,26.0,542.0
2.0,-18.0,26.0,239.0
18.0,-18.0,26.0,239.0
52.0,-18.0,26.0,285.0
54.0,-18.0,26.0,379.0
56.0,-18.0,26.0,379.0
58.0,-18.0,26.0,20.0
60.0,-18.0,26.0,20.0
62.0,-18.0,26.0,20.0
64.0,-18.0,26.0,20.0
66.0,-18.0,26.0,20.0
68.0,-18.0,26.0,20.0
-68.0,-16.0,26.0,447.0
-66.0,-16.0,26.0,447.0
-64.0,-16.0,26.0,447.0
-62.0,-16.0,26.0,478.0
-60.0,-16.0,26.0,478.0
-58.0,-16.0,26.0,478.0
-56.0,-16.0,26.0,71.0
-20.0,-16.0,26.0,216.0
-18.0,-16.0,26.0,216.0
-6.0,-16.0,26.0,216.0
16.0,-16.0,26.0,239.0
18.0,-16.0,26.0,239.0
20.0,-16.0,26.0,239.0
62.0,-16.0,26.0,20.0
64.0,-16.0,26.0,20.0
66.0,-16.0,26.0,20.0
68.0,-16.0,26.0,20.0
-68.0,-14.0,26.0,478.0
-66.0,-14.0,26.0,478.0
-64.0,-14.0,26.0,478.0
-62.0,-14.0,26.0,478.0
-60.0,-14.0,26.0,478.0
-58.0,-14.0,26.0,478.0
-56.0,-14.0,26.0,478.0
-20.0,-14.0,26.0,216.0
-18.0,-14.0,26.0,216.0
16.0,-14.0,26.0,239.0
18.0,-14.0,26.0,239.0
20.0,-14.0,26.0,239.0
62.0,-14.0,26.0,20.0
64.0,-14.0,26.0,20.0
66.0,-14.0,26.0,20.0
68.0,-14.0,26.0,20.0
-68.0,-12.0,26.0,478.0
-66.0,-12.0,26.0,478.0
-64.0,-12.0,26.0,478.0
-62.0,-12.0,26.0,478.0
-60.0,-12.0,26.0,478.0
-58.0,-12.0,26.0,478.0
-56.0,-12.0,26.0,478.0
-20.0,-12.0,26.0,257.0
-18.0,-12.0,26.0,257.0
16.0,-12.0,26.0,239.0
18.0,-12.0,26.0,239.0
20.0,-12.0,26.0,239.0
58.0,-12.0,26.0,393.0
60.0,-12.0,26.0,393.0
64.0,-12.0,26.0,20.0
66.0,-12.0,26.0,20.0
-68.0,-10.0,26.0,478.0
-66.0,-10.0,26.0,478.0
-64.0,-10.0,26.0,478.0
-62.0,-10.0,26.0,478.0
-60.0,-10.0,26.0,478.0
-58.0,-10.0,26.0,478.0
-20.0,-10.0,26.0,257.0
-18.0,-10.0,26.0,257.0
-16.0,-10.0,26.0,257.0
16.0,-10.0,26.0,239.0
18.0,-10.0,26.0,239.0
20.0,-10.0,26.0,239.0
54.0,-10.0,26.0,393.0
56.0,-10.0,26.0,393.0
58.0,-10.0,26.0,393.0
60.0,-10.0,26.0,393.0
-68.0,-8.0,26.0,478.0
-66.0,-8.0,26.0,478.0
-64.0,-8.0,26.0,478.0
-62.0,-8.0,26.0,478.0
-60.0,-8.0,26.0,19.0
-58.0,-8.0,26.0,19.0
-20.0,-8.0,26.0,257.0
-18.0,-8.0,26.0,257.0
-16.0,-8.0,26.0,257.0
14.0,-8.0,26.0,239.0
16.0,-8.0,26.0,239.0
18.0,-8.0,26.0,239.0
52.0,-8.0,26.0,393.0
54.0,-8.0,26.0,393.0
56.0,-8.0,26.0,393.0
58.0,-8.0,26.0,393.0
60.0,-8.0,26.0,393.0
62.0,-8.0,26.0,393.0
64.0,-8.0,26.0,393.0
66.0,-8.0,26.0,393.0
-68.0,-6.0,26.0,478.0
-66.0,-6.0,26.0,478.0
-64.0,-6.0,26.0,478.0
-62.0,-6.0,26.0,19.0
-60.0,-6.0,26.0,19.0
-58.0,-6.0,26.0,19.0
-56.0,-6.0,26.0,19.0
-20.0,-6.0,26.0,257.0
-18.0,-6.0,26.0,257.0
-16.0,-6.0,26.0,267.0
14.0,-6.0,26.0,239.0
16.0,-6.0,26.0,239.0
18.0,-6.0,26.0,93.0
54.0,-6.0,26.0,393.0
56.0,-6.0,26.0,393.0
58.0,-6.0,26.0,393.0
60.0,-6.0,26.0,393.0
62.0,-6.0,26.0,393.0
64.0,-6.0,26.0,393.0
66.0,-6.0,26.0,393.0
-66.0,-4.0,26.0,19.0
-64.0,-4.0,26.0,19.0
-62.0,-4.0,26.0,19.0
-60.0,-4.0,26.0,19.0
-58.0,-4.0,26.0,19.0
-56.0,-4.0,26.0,19.0
-54.0,-4.0,26.0,19.0
-52.0,-4.0,26.0,19.0
-50.0,-4.0,26.0,19.0
-20.0,-4.0,26.0,267.0
-18.0,-4.0,26.0,267.0
14.0,-4.0,26.0,259.0
16.0,-4.0,26.0,259.0
18.0,-4.0,26.0,93.0
56.0,-4.0,26.0,393.0
58.0,-4.0,26.0,393.0
60.0,-4.0,26.0,393.0
62.0,-4.0,26.0,393.0
64.0,-4.0,26.0,393.0
-66.0,-2.0,26.0,19.0
-64.0,-2.0,26.0,19.0
-62.0,-2.0,26.0,19.0
-60.0,-2.0,26.0,19.0
-58.0,-2.0,26.0,19.0
-56.0,-2.0,26.0,19.0
-54.0,-2.0,26.0,19.0
-52.0,-2.0,26.0,19.0
-50.0,-2.0,26.0,19.0
-20.0,-2.0,26.0,267.0
-18.0,-2.0,26.0,267.0
14.0,-2.0,26.0,259.0
16.0,-2.0,26.0,259.0
18.0,-2.0,26.0,259.0
58.0,-2.0,26.0,393.0
60.0,-2.0,26.0,393.0
62.0,-2.0,26.0,393.0
64.0,-2.0,26.0,393.0
-64.0,-0.0,26.0,19.0
-62.0,-0.0,26.0,19.0
-60.0,-0.0,26.0,19.0
-58.0,-0.0,26.0,19.0
-56.0,-0.0,26.0,19.0
-54.0,-0.0,26.0,19.0
-52.0,-0.0,26.0,19.0
16.0,-0.0,26.0,259.0
18.0,-0.0,26.0,259.0
46.0,-0.0,26.0,201.0
48.0,-0.0,26.0,201.0
50.0,-0.0,26.0,393.0
52.0,-0.0,26.0,393.0
58.0,-0.0,26.0,393.0
60.0,-0.0,26.0,393.0
62.0,-0.0,26.0,393.0
-64.0,2.0,26.0,19.0
-62.0,2.0,26.0,19.0
-60.0,2.0,26.0,19.0
-58.0,2.0,26.0,19.0
-56.0,2.0,26.0,188.0
-54.0,2.0,26.0,188.0
16.0,2.0,26.0,259.0
18.0,2.0,26.0,259.0
42.0,2.0,26.0,201.0
44.0,2.0,26.0,201.0
46.0,2.0,26.0,201.0
48.0,2.0,26.0,201.0
50.0,2.0,26.0,393.0
52.0,2.0,26.0,393.0
54.0,2.0,26.0,393.0
56.0,2.0,26.0,393.0
58.0,2.0,26.0,393.0
60.0,2.0,26.0,393.0
62.0,2.0,26.0,393.0
-64.0,4.0,26.0,92.0
-62.0,4.0,26.0,188.0
-60.0,4.0,26.0,188.0
-58.0,4.0,26.0,188.0
-56.0,4.0,26.0,188.0
-54.0,4.0,26.0,188.0
-52.0,4.0,26.0,188.0
-50.0,4.0,26.0,188.0
-48.0,4.0,26.0,188.0
-46.0,4.0,26.0,188.0
-44.0,4.0,26.0,236.0
-42.0,4.0,26.0,236.0
16.0,4.0,26.0,259.0
40.0,4.0,26.0,331.0
42.0,4.0,26.0,201.0
44.0,4.0,26.0,201.0
46.0,4.0,26.0,201.0
48.0,4.0,26.0,201.0
50.0,4.0,26.0,201.0
52.0,4.0,26.0,393.0
54.0,4.0,26.0,393.0
56.0,4.0,26.0,393.0
58.0,4.0,26.0,393.0
60.0,4.0,26.0,393.0
62.0,4.0,26.0,393.0
-64.0,6.0,26.0,92.0
-62.0,6.0,26.0,188.0
-60.0,6.0,26.0,188.0
-58.0,6.0,26.0,188.0
-56.0,6.0,26.0,188.0
-54.0,6.0,26.0,188.0
-52.0,6.0,26.0,188.0
-50.0,6.0,26.0,188.0
-48.0,6.0,26.0,188.0
-46.0,6.0,26.0,188.0
-44.0,6.0,26.0,236.0
-42.0,6.0,26.0,236.0
-40.0,6.0,26.0,236.0
38.0,6.0,26.0,331.0
40.0,6.0,26.0,201.0
42.0,6.0,26.0,201.0
44.0,6.0,26.0,201.0
46.0,6.0,26.0,201.0
48.0,6.0,26.0,201.0
50.0,6.0,26.0,161.0
52.0,6.0,26.0,161.0
54.0,6.0,26.0,161.0
56.0,6.0,26.0,82.0
58.0,6.0,26.0,82.0
60.0,6.0,26.0,82.0
62.0,6.0,26.0,82.0
-64.0,8.0,26.0,197.0
-62.0,8.0,26.0,188.0
-60.0,8.0,26.0,188.0
-58.0,8.0,26.0,188.0
-56.0,8.0,26.0,188.0
-54.0,8.0,26.0,188.0
-52.0,8.0,26.0,188.0
-50.0,8.0,26.0,188.0
-48.0,8.0,26.0,188.0
-46.0,8.0,26.0,188.0
-44.0,8.0,26.0,188.0
-42.0,8.0,26.0,236.0
-40.0,8.0,26.0,236.0
-38.0,8.0,26.0,236.0
-4.0,8.0,26.0,586.0
2.0,8.0,26.0,586.0
4.0,8.0,26.0,586.0
36.0,8.0,26.0,331.0
38.0,8.0,26.0,201.0
40.0,8.0,26.0,201.0
42.0,8.0,26.0,201.0
44.0,8.0,26.0,201.0
46.0,8.0,26.0,201.0
48.0,8.0,26.0,201.0
50.0,8.0,26.0,161.0
52.0,8.0,26.0,161.0
54.0,8.0,26.0,161.0
56.0,8.0,26.0,82.0
58.0,8.0,26.0,82.0
60.0,8.0,26.0,82.0
62.0,8.0,26.0,82.0
-64.0,10.0,26.0,197.0
-62.0,10.0,26.0,197.0
-60.0,10.0,26.0,188.0
-58.0,10.0,26.0,188.0
-56.0,10.0,26.0,188.0
-54.0,10.0,26.0,188.0
-52.0,10.0,26.0,188.0
-50.0,10.0,26.0,188.0
-48.0,10.0,26.0,188.0
-46.0,10.0,26.0,188.0
-44.0,10.0,26.0,44.0
-42.0,10.0,26.0,44.0
-40.0,10.0,26.0,44.0
-38.0,10.0,26.0,236.0
-36.0,10.0,26.0,236.0
-6.0,10.0,26.0,160.0
-4.0,10.0,26.0,160.0
-2.0,10.0,26.0,160.0
2.0,10.0,26.0,160.0
4.0,10.0,26.0,215.0
34.0,10.0,26.0,331.0
36.0,10.0,26.0,331.0
38.0,10.0,26.0,201.0
40.0,10.0,26.0,201.0
42.0,10.0,26.0,201.0
44.0,10.0,26.0,201.0
46.0,10.0,26.0,201.0
48.0,10.0,26.0,161.0
50.0,10.0,26.0,161.0
52.0,10.0,26.0,161.0
54.0,10.0,26.0,161.0
56.0,10.0,26.0,82.0
58.0,10.0,26.0,82.0
60.0,10.0,26.0,82.0
-62.0,12.0,26.0,197.0
-60.0,12.0,26.0,197.0
-58.0,12.0,26.0,324.0
-56.0,12.0,26.0,324.0
-54.0,12.0,26.0,324.0
-52.0,12.0,26.0,324.0
-50.0,12.0,26.0,324.0
-48.0,12.0,26.0,324.0
-46.0,12.0,26.0,324.0
-44.0,12.0,26.0,44.0
-42.0,12.0,26.0,44.0
-40.0,12.0,26.0,44.0
-38.0,12.0,26.0,44.0
-36.0,12.0,26.0,44.0
-34.0,12.0,26.0,360.0
-6.0,12.0,26.0,160.0
-4.0,12.0,26.0,160.0
-2.0,12.0,26.0,160.0
0.0,12.0,26.0,160.0
2.0,12.0,26.0,160.0
4.0,12.0,26.0,215.0
6.0,12.0,26.0,215.0
32.0,12.0,26.0,331.0
34.0,12.0,26.0,331.0
36.0,12.0,26.0,201.0
38.0,12.0,26.0,201.0
40.0,12.0,26.0,201.0
42.0,12.0,26.0,201.0
44.0,12.0,26.0,201.0
46.0,12.0,26.0,161.0
48.0,12.0,26.0,161.0
50.0,12.0,26.0,161.0
52.0,12.0,26.0,161.0
54.0,12.0,26.0,161.0
56.0,12.0,26.0,82.0
58.0,12.0,26.0,82.0
60.0,12.0,26.0,82.0
-62.0,14.0,26.0,197.0
-60.0,14.0,26.0,197.0
-58.0,14.0,26.0,404.0
-56.0,14.0,26.0,404.0
-54.0,14.0,26.0,324.0
-52.0,14.0,26.0,324.0
-50.0,14.0,26.0,324.0
-48.0,14.0,26.0,324.0
-46.0,14.0,26.0,44.0
-44.0,14.0,26.0,44.0
-42.0,14.0,26.0,44.0
-40.0,14.0,26.0,44.0
-38.0,14.0,26.0,360.0
-36.0,14.0,26.0,360.0
-34.0,14.0,26.0,360.0
-6.0,14.0,26.0,160.0
-4.0,14.0,26.0,160.0
-2.0,14.0,26.0,160.0
0.0,14.0,26.0,160.0
2.0,14.0,26.0,160.0
4.0,14.0,26.0,215.0
6.0,14.0,26.0,215.0
32.0,14.0,26.0,331.0
34.0,14.0,26.0,331.0
36.0,14.0,26.0,201.0
38.0,14.0,26.0,201.0
40.0,14.0,26.0,201.0
42.0,14.0,26.0,201.0
44.0,14.0,26.0,161.0
46.0,14.0,26.0,161.0
48.0,14.0,26.0,161.0
50.0,14.0,26.0,161.0
52.0,14.0,26.0,161.0
54.0,14.0,26.0,161.0
56.0,14.0,26.0,82.0
58.0,14.0,26.0,82.0
-60.0,16.0,26.0,404.0
-58.0,16.0,26.0,404.0
-56.0,16.0,26.0,404.0
-54.0,16.0,26.0,404.0
-52.0,16.0,26.0,404.0
-50.0,16.0,26.0,324.0
-48.0,16.0,26.0,324.0
-46.0,16.0,26.0,44.0
-44.0,16.0,26.0,44.0
-42.0,16.0,26.0,360.0
-40.0,16.0,26.0,360.0
-38.0,16.0,26.0,360.0
-36.0,16.0,26.0,360.0
-34.0,16.0,26.0,360.0
-6.0,16.0,26.0,160.0
-4.0,16.0,26.0,160.0
-2.0,16.0,26.0,160.0
0.0,16.0,26.0,160.0
2.0,16.0,26.0,215.0
4.0,16.0,26.0,215.0
6.0,16.0,26.0,215.0
34.0,16.0,26.0,167.0
36.0,16.0,26.0,201.0
38.0,16.0,26.0,201.0
40.0,16.0,26.0,201.0
42.0,16.0,26.0,201.0
44.0,16.0,26.0,161.0
46.0,16.0,26.0,161.0
48.0,16.0,26.0,161.0
50.0,16.0,26.0,161.0
52.0,16.0,26.0,161.0
54.0,16.0,26.0,161.0
56.0,16.0,26.0,82.0
58.0,16.0,26.0,82.0
-60.0,18.0,26.0,404.0
-58.0,18.0,26.0,404.0
-56.0,18.0,26.0,404.0
-54.0,18.0,26.0,404.0
-52.0,18.0,26.0,404.0
-50.0,18.0,26.0,404.0
-48.0,18.0,26.0,404.0
-46.0,18.0,26.0,360.0
-44.0,18.0,26.0,360.0
-42.0,18.0,26.0,360.0
-40.0,18.0,26.0,360.0
-38.0,18.0,26.0,360.0
-36.0,18.0,26.0,360.0
-34.0,18.0,26.0,360.0
-6.0,18.0,26.0,160.0
-4.0,18.0,26.0,160.0
-2.0,18.0,26.0,160.0
0.0,18.0,26.0,160.0
2.0,18.0,26.0,215.0
4.0,18.0,26.0,215.0
6.0,18.0,26.0,215.0
34.0,18.0,26.0,167.0
36.0,18.0,26.0,167.0
38.0,18.0,26.0,201.0
40.0,18.0,26.0,201.0
42.0,18.0,26.0,161.0
44.0,18.0,26.0,161.0
46.0,18.0,26.0,161.0
48.0,18.0,26.0,161.0
50.0,18.0,26.0,161.0
52.0,18.0,26.0,161.0
54.0,18.0,26.0,161.0
56.0,18.0,26.0,82.0
58.0,18.0,26.0,82.0
-60.0,20.0,26.0,404.0
-58.0,20.0,26.0,404.0
-56.0,20.0,26.0,404.0
-54.0,20.0,26.0,404.0
-52.0,20.0,26.0,404.0
-50.0,20.0,26.0,261.0
-48.0,20.0,26.0,261.0
-46.0,20.0,26.0,261.0
-44.0,20.0,26.0,360.0
-42.0,20.0,26.0,360.0
-40.0,20.0,26.0,360.0
-38.0,20.0,26.0,360.0
-36.0,20.0,26.0,360.0
-34.0,20.0,26.0,360.0
-6.0,20.0,26.0,160.0
-4.0,20.0,26.0,160.0
-2.0,20.0,26.0,160.0
0.0,20.0,26.0,160.0
2.0,20.0,26.0,215.0
4.0,20.0,26.0,215.0
6.0,20.0,26.0,215.0
36.0,20.0,26.0,167.0
38.0,20.0,26.0,284.0
40.0,20.0,26.0,284.0
42.0,20.0,26.0,161.0
44.0,20.0,26.0,161.0
46.0,20.0,26.0,161.0
48.0,20.0,26.0,161.0
50.0,20.0,26.0,161.0
52.0,20.0,26.0,161.0
54.0,20.0,26.0,161.0
56.0,20.0,26.0,82.0
58.0,20.0,26.0,82.0
-60.0,22.0,26.0,404.0
-58.0,22.0,26.0,404.0
-56.0,22.0,26.0,404.0
-54.0,22.0,26.0,404.0
-52.0,22.0,26.0,14.0
-50.0,22.0,26.0,261.0
-48.0,22.0,26.0,261.0
-46.0,22.0,26.0,261.0
-44.0,22.0,26.0,360.0
-42.0,22.0,26.0,360.0
-40.0,22.0,26.0,360.0
-38.0,22.0,26.0,360.0
-36.0,22.0,26.0,360.0
-6.0,22.0,26.0,160.0
-4.0,22.0,26.0,160.0
-2.0,22.0,26.0,160.0
0.0,22.0,26.0,160.0
2.0,22.0,26.0,215.0
4.0,22.0,26.0,215.0
6.0,22.0,26.0,215.0
36.0,22.0,26.0,167.0
38.0,22.0,26.0,284.0
40.0,22.0,26.0,284.0
42.0,22.0,26.0,284.0
44.0,22.0,26.0,119.0
46.0,22.0,26.0,119.0
48.0,22.0,26.0,119.0
50.0,22.0,26.0,119.0
52.0,22.0,26.0,119.0
54.0,22.0,26.0,119.0
56.0,22.0,26.0,119.0
-58.0,24.0,26.0,404.0
-56.0,24.0,26.0,14.0
-54.0,24.0,26.0,14.0
-52.0,24.0,26.0,14.0
-50.0,24.0,26.0,261.0
-48.0,24.0,26.0,261.0
-46.0,24.0,26.0,261.0
-44.0,24.0,26.0,360.0
-42.0,24.0,26.0,360.0
-40.0,24.0,26.0,360.0
-38.0,24.0,26.0,360.0
-36.0,24.0,26.0,360.0
-8.0,24.0,26.0,160.0
-6.0,24.0,26.0,160.0
-4.0,24.0,26.0,160.0
-2.0,24.0,26.0,160.0
0.0,24.0,26.0,215.0
2.0,24.0,26.0,215.0
4.0,24.0,26.0,215.0
6.0,24.0,26.0,215.0
8.0,24.0,26.0,531.0
44.0,24.0,26.0,284.0
46.0,24.0,26.0,119.0
48.0,24.0,26.0,119.0
50.0,24.0,26.0,119.0
52.0,24.0,26.0,119.0
54.0,24.0,26.0,119.0
56.0,24.0,26.0,119.0
-58.0,26.0,26.0,14.0
-56.0,26.0,26.0,14.0
-54.0,26.0,26.0,14.0
-52.0,26.0,26.0,14.0
-50.0,26.0,26.0,14.0
-48.0,26.0,26.0,261.0
-46.0,26.0,26.0,261.0
-44.0,26.0,26.0,261.0
-42.0,26.0,26.0,360.0
-40.0,26.0,26.0,360.0
-38.0,26.0,26.0,360.0
-12.0,26.0,26.0,160.0
-10.0,26.0,26.0,160.0
-8.0,26.0,26.0,160.0
-6.0,26.0,26.0,160.0
-4.0,26.0,26.0,160.0
-2.0,26.0,26.0,258.0
0.0,26.0,26.0,531.0
2.0,26.0,26.0,531.0
4.0,26.0,26.0,531.0
6.0,26.0,26.0,531.0
8.0,26.0,26.0,531.0
10.0,26.0,26.0,531.0
12.0,26.0,26.0,531.0
42.0,26.0,26.0,284.0
44.0,26.0,26.0,284.0
46.0,26.0,26.0,119.0
48.0,26.0,26.0,119.0
50.0,26.0,26.0,119.0
52.0,26.0,26.0,119.0
54.0,26.0,26.0,119.0
-56.0,28.0,26.0,14.0
-54.0,28.0,26.0,14.0
-52.0,28.0,26.0,14.0
-50.0,28.0,26.0,14.0
-48.0,28.0,26.0,419.0
-46.0,28.0,26.0,261.0
-44.0,28.0,26.0,261.0
-42.0,28.0,26.0,360.0
-40.0,28.0,26.0,360.0
-12.0,28.0,26.0,160.0
-10.0,28.0,26.0,160.0
-8.0,28.0,26.0,160.0
-6.0,28.0,26.0,258.0
-4.0,28.0,26.0,258.0
-2.0,28.0,26.0,258.0
0.0,28.0,26.0,258.0
2.0,28.0,26.0,531.0
4.0,28.0,26.0,531.0
6.0,28.0,26.0,531.0
8.0,28.0,26.0,531.0
10.0,28.0,26.0,531.0
12.0,28.0,26.0,531.0
38.0,28.0,26.0,284.0
40.0,28.0,26.0,284.0
42.0,28.0,26.0,284.0
44.0,28.0,26.0,284.0
46.0,28.0,26.0,284.0
48.0,28.0,26.0,119.0
50.0,28.0,26.0,119.0
52.0,28.0,26.0,119.0
54.0,28.0,26.0,119.0
-56.0,30.0,26.0,14.0
-54.0,30.0,26.0,14.0
-52.0,30.0,26.0,14.0
-50.0,30.0,26.0,14.0
-48.0,30.0,26.0,419.0
-46.0,30.0,26.0,419.0
-44.0,30.0,26.0,261.0
-42.0,30.0,26.0,261.0
-40.0,30.0,26.0,360.0
-12.0,30.0,26.0,497.0
-10.0,30.0,26.0,258.0
-8.0,30.0,26.0,258.0
-6.0,30.0,26.0,258.0
-4.0,30.0,26.0,258.0
-2.0,30.0,26.0,258.0
0.0,30.0,26.0,258.0
2.0,30.0,26.0,531.0
4.0,30.0,26.0,531.0
6.0,30.0,26.0,531.0
8.0,30.0,26.0,531.0
10.0,30.0,26.0,531.0
12.0,30.0,26.0,531.0
38.0,30.0,26.0,284.0
40.0,30.0,26.0,284.0
42.0,30.0,26.0,284.0
44.0,30.0,26.0,284.0
46.0,30.0,26.0,284.0
48.0,30.0,26.0,119.0
50.0,30.0,26.0,119.0
52.0,30.0,26.0,119.0
-54.0,32.0,26.0,14.0
-52.0,32.0,26.0,14.0
-50.0,32.0,26.0,14.0
-48.0,32.0,26.0,419.0
-46.0,32.0,26.0,419.0
-44.0,32.0,26.0,419.0
-42.0,32.0,26.0,261.0
-36.0,32.0,26.0,360.0
-34.0,32.0,26.0,360.0
-32.0,32.0,26.0,360.0
-30.0,32.0,26.0,360.0
-12.0,32.0,26.0,497.0
-10.0,32.0,26.0,497.0
-8.0,32.0,26.0,258.0
-6.0,32.0,26.0,258.0
-4.0,32.0,26.0,258.0
-2.0,32.0,26.0,258.0
0.0,32.0,26.0,258.0
2.0,32.0,26.0,258.0
4.0,32.0,26.0,531.0
6.0,32.0,26.0,531.0
8.0,32.0,26.0,531.0
10.0,32.0,26.0,531.0
12.0,32.0,26.0,531.0
38.0,32.0,26.0,284.0
40.0,32.0,26.0,284.0
42.0,32.0,26.0,284.0
44.0,32.0,26.0,284.0
46.0,32.0,26.0,284.0
48.0,32.0,26.0,119.0
50.0,32.0,26.0,119.0
52.0,32.0,26.0,119.0
-54.0,34.0,26.0,14.0
-52.0,34.0,26.0,14.0
-50.0,34.0,26.0,14.0
-48.0,34.0,26.0,419.0
-46.0,34.0,26.0,419.0
-40.0,34.0,26.0,301.0
-38.0,34.0,26.0,301.0
-36.0,34.0,26.0,301.0
-34.0,34.0,26.0,360.0
-32.0,34.0,26.0,360.0
-30.0,34.0,26.0,497.0
-12.0,34.0,26.0,497.0
-10.0,34.0,26.0,497.0
-8.0,34.0,26.0,258.0
-6.0,34.0,26.0,258.0
-4.0,34.0,26.0,258.0
-2.0,34.0,26.0,258.0
0.0,34.0,26.0,258.0
2.0,34.0,26.0,258.0
4.0,34.0,26.0,531.0
6.0,34.0,26.0,531.0
8.0,34.0,26.0,531.0
10.0,34.0,26.0,531.0
12.0,34.0,26.0,531.0
28.0,34.0,26.0,391.0
30.0,34.0,26.0,391.0
38.0,34.0,26.0,284.0
40.0,34.0,26.0,284.0
42.0,34.0,26.0,284.0
44.0,34.0,26.0,284.0
46.0,34.0,26.0,284.0
48.0,34.0,26.0,146.0
50.0,34.0,26.0,146.0
-52.0,36.0,26.0,14.0
-50.0,36.0,26.0,437.0
-48.0,36.0,26.0,437.0
-46.0,36.0,26.0,301.0
-44.0,36.0,26.0,301.0
-42.0,36.0,26.0,301.0
-40.0,36.0,26.0,301.0
-38.0,36.0,26.0,301.0
-36.0,36.0,26.0,301.0
-34.0,36.0,26.0,301.0
-32.0,36.0,26.0,416.0
-30.0,36.0,26.0,497.0
-14.0,36.0,26.0,497.0
-12.0,36.0,26.0,497.0
-10.0,36.0,26.0,497.0
-8.0,36.0,26.0,258.0
-6.0,36.0,26.0,258.0
-4.0,36.0,26.0,258.0
-2.0,36.0,26.0,258.0
0.0,36.0,26.0,258.0
2.0,36.0,26.0,258.0
4.0,36.0,26.0,258.0
6.0,36.0,26.0,531.0
8.0,36.0,26.0,531.0
10.0,36.0,26.0,531.0
12.0,36.0,26.0,531.0
26.0,36.0,26.0,391.0
28.0,36.0,26.0,391.0
30.0,36.0,26.0,391.0
32.0,36.0,26.0,391.0
38.0,36.0,26.0,284.0
40.0,36.0,26.0,284.0
42.0,36.0,26.0,284.0
44.0,36.0,26.0,284.0
46.0,36.0,26.0,284.0
48.0,36.0,26.0,146.0
50.0,36.0,26.0,146.0
-52.0,38.0,26.0,437.0
-50.0,38.0,26.0,437.0
-48.0,38.0,26.0,437.0
-46.0,38.0,26.0,301.0
-44.0,38.0,26.0,301.0
-42.0,38.0,26.0,301.0
-40.0,38.0,26.0,301.0
-38.0,38.0,26.0,301.0
-36.0,38.0,26.0,301.0
-34.0,38.0,26.0,301.0
-32.0,38.0,26.0,416.0
-30.0,38.0,26.0,497.0
-28.0,38.0,26.0,497.0
-26.0,38.0,26.0,497.0
-14.0,38.0,26.0,497.0
-12.0,38.0,26.0,497.0
-10.0,38.0,26.0,497.0
-8.0,38.0,26.0,218.0
-6.0,38.0,26.0,218.0
-4.0,38.0,26.0,218.0
-2.0,38.0,26.0,218.0
0.0,38.0,26.0,218.0
2.0,38.0,26.0,218.0
4.0,38.0,26.0,218.0
6.0,38.0,26.0,218.0
8.0,38.0,26.0,218.0
10.0,38.0,26.0,531.0
12.0,38.0,26.0,531.0
26.0,38.0,26.0,391.0
28.0,38.0,26.0,391.0
30.0,38.0,26.0,391.0
32.0,38.0,26.0,391.0
34.0,38.0,26.0,391.0
36.0,38.0,26.0,391.0
38.0,38.0,26.0,284.0
40.0,38.0,26.0,284.0
42.0,38.0,26.0,284.0
44.0,38.0,26.0,284.0
46.0,38.0,26.0,146.0
48.0,38.0,26.0,146.0
-50.0,40.0,26.0,437.0
-48.0,40.0,26.0,437.0
-46.0,40.0,26.0,301.0
-44.0,40.0,26.0,301.0
-42.0,40.0,26.0,301.0
-40.0,40.0,26.0,301.0
-38.0,40.0,26.0,301.0
-36.0,40.0,26.0,301.0
-34.0,40.0,26.0,301.0
-32.0,40.0,26.0,416.0
-30.0,40.0,26.0,497.0
-28.0,40.0,26.0,497.0
-26.0,40.0,26.0,497.0
-24.0,40.0,26.0,497.0
-14.0,40.0,26.0,497.0
-12.0,40.0,26.0,497.0
-10.0,40.0,26.0,497.0
-8.0,40.0,26.0,218.0
-6.0,40.0,26.0,218.0
-4.0,40.0,26.0,218.0
-2.0,40.0,26.0,218.0
0.0,40.0,26.0,218.0
2.0,40.0,26.0,218.0
4.0,40.0,26.0,218.0
6.0,40.0,26.0,218.0
8.0,40.0,26.0,218.0
10.0,40.0,26.0,218.0
12.0,40.0,26.0,218.0
24.0,40.0,26.0,391.0
26.0,40.0,26.0,391.0
28.0,40.0,26.0,391.0
30.0,40.0,26.0,391.0
32.0,40.0,26.0,391.0
34.0,40.0,26.0,391.0
36.0,40.0,26.0,518.0
38.0,40.0,26.0,284.0
40.0,40.0,26.0,284.0
42.0,40.0,26.0,284.0
44.0,40.0,26.0,284.0
46.0,40.0,26.0,146.0
48.0,40.0,26.0,146.0
-48.0,42.0,26.0,437.0
-46.0,42.0,26.0,301.0
-44.0,42.0,26.0,301.0
-42.0,42.0,26.0,301.0
-40.0,42.0,26.0,301.0
-38.0,42.0,26.0,301.0
-36.0,42.0,26.0,301.0
-34.0,42.0,26.0,301.0
-32.0,42.0,26.0,416.0
-30.0,42.0,26.0,497.0
-28.0,42.0,26.0,497.0
-26.0,42.0,26.0,497.0
-24.0,42.0,26.0,497.0
-14.0,42.0,26.0,497.0
-12.0,42.0,26.0,497.0
-10.0,42.0,26.0,497.0
-8.0,42.0,26.0,218.0
-6.0,42.0,26.0,218.0
-4.0,42.0,26.0,218.0
-2.0,42.0,26.0,218.0
0.0,42.0,26.0,218.0
2.0,42.0,26.0,218.0
4.0,42.0,26.0,218.0
6.0,42.0,26.0,218.0
8.0,42.0,26.0,218.0
10.0,42.0,26.0,218.0
12.0,42.0,26.0,290.0
22.0,42.0,26.0,290.0
24.0,42.0,26.0,391.0
26.0,42.0,26.0,391.0
28.0,42.0,26.0,518.0
30.0,42.0,26.0,518.0
32.0,42.0,26.0,518.0
34.0,42.0,26.0,518.0
36.0,42.0,26.0,518.0
38.0,42.0,26.0,518.0
40.0,42.0,26.0,284.0
42.0,42.0,26.0,284.0
44.0,42.0,26.0,284.0
46.0,42.0,26.0,146.0
-48.0,44.0,26.0,437.0
-46.0,44.0,26.0,301.0
-44.0,44.0,26.0,301.0
-42.0,44.0,26.0,301.0
-40.0,44.0,26.0,301.0
-38.0,44.0,26.0,301.0
-36.0,44.0,26.0,191.0
-34.0,44.0,26.0,191.0
-32.0,44.0,26.0,191.0
-30.0,44.0,26.0,497.0
-28.0,44.0,26.0,497.0
-26.0,44.0,26.0,497.0
-24.0,44.0,26.0,497.0
-12.0,44.0,26.0,497.0
-10.0,44.0,26.0,497.0
-8.0,44.0,26.0,218.0
-6.0,44.0,26.0,218.0
-4.0,44.0,26.0,218.0
-2.0,44.0,26.0,218.0
2.0,44.0,26.0,218.0
4.0,44.0,26.0,218.0
6.0,44.0,26.0,218.0
8.0,44.0,26.0,218.0
10.0,44.0,26.0,290.0
12.0,44.0,26.0,290.0
22.0,44.0,26.0,290.0
24.0,44.0,26.0,518.0
26.0,44.0,26.0,518.0
28.0,44.0,26.0,518.0
30.0,44.0,26.0,518.0
32.0,44.0,26.0,518.0
34.0,44.0,26.0,518.0
36.0,44.0,26.0,518.0
38.0,44.0,26.0,518.0
40.0,44.0,26.0,518.0
42.0,44.0,26.0,518.0
44.0,44.0,26.0,146.0
-46.0,46.0,26.0,301.0
-44.0,46.0,26.0,301.0
-42.0,46.0,26.0,301.0
-40.0,46.0,26.0,301.0
-38.0,46.0,26.0,191.0
-36.0,46.0,26.0,191.0
-34.0,46.0,26.0,191.0
-32.0,46.0,26.0,191.0
-30.0,46.0,26.0,191.0
-28.0,46.0,26.0,497.0
-26.0,46.0,26.0,497.0
-24.0,46.0,26.0,497.0
-12.0,46.0,26.0,497.0
-10.0,46.0,26.0,378.0
-8.0,46.0,26.0,218.0
-6.0,46.0,26.0,218.0
-4.0,46.0,26.0,218.0
-2.0,46.0,26.0,218.0
4.0,46.0,26.0,218.0
6.0,46.0,26.0,218.0
8.0,46.0,26.0,290.0
10.0,46.0,26.0,290.0
12.0,46.0,26.0,290.0
22.0,46.0,26.0,290.0
24.0,46.0,26.0,518.0
26.0,46.0,26.0,518.0
28.0,46.0,26.0,518.0
30.0,46.0,26.0,518.0
32.0,46.0,26.0,518.0
36.0,46.0,26.0,518.0
38.0,46.0,26.0,518.0
40.0,46.0,26.0,518.0
42.0,46.0,26.0,518.0
-44.0,48.0,26.0,301.0
-42.0,48.0,26.0,191.0
-40.0,48.0,26.0,191.0
-38.0,48.0,26.0,191.0
-36.0,48.0,26.0,191.0
-34.0,48.0,26.0,191.0
-32.0,48.0,26.0,191.0
-30.0,48.0,26.0,4.0
-28.0,48.0,26.0,4.0
-26.0,48.0,26.0,4.0
-24.0,48.0,26.0,23.0
-10.0,48.0,26.0,378.0
-8.0,48.0,26.0,378.0
-6.0,48.0,26.0,218.0
-4.0,48.0,26.0,218.0
-2.0,48.0,26.0,218.0
2.0,48.0,26.0,218.0
4.0,48.0,26.0,218.0
6.0,48.0,26.0,290.0
8.0,48.0,26.0,290.0
10.0,48.0,26.0,290.0
12.0,48.0,26.0,290.0
22.0,48.0,26.0,290.0
24.0,48.0,26.0,290.0
26.0,48.0,26.0,518.0
28.0,48.0,26.0,518.0
30.0,48.0,26.0,518.0
32.0,48.0,26.0,518.0
38.0,48.0,26.0,518.0
40.0,48.0,26.0,518.0
42.0,48.0,26.0,518.0
-42.0,50.0,26.0,191.0
-40.0,50.0,26.0,191.0
-38.0,50.0,26.0,191.0
-36.0,50.0,26.0,191.0
-34.0,50.0,26.0,191.0
-32.0,50.0,26.0,191.0
-30.0,50.0,26.0,4.0
-28.0,50.0,26.0,4.0
-26.0,50.0,26.0,4.0
-24.0,50.0,26.0,23.0
-10.0,50.0,26.0,378.0
-8.0,50.0,26.0,378.0
-6.0,50.0,26.0,378.0
-4.0,50.0,26.0,378.0
-2.0,50.0,26.0,218.0
2.0,50.0,26.0,218.0
4.0,50.0,26.0,290.0
6.0,50.0,26.0,290.0
8.0,50.0,26.0,290.0
10.0,50.0,26.0,290.0
22.0,50.0,26.0,290.0
24.0,50.0,26.0,525.0
26.0,50.0,26.0,518.0
28.0,50.0,26.0,518.0
30.0,50.0,26.0,518.0
32.0,50.0,26.0,518.0
40.0,50.0,26.0,518.0
-40.0,52.0,26.0,191.0
-38.0,52.0,26.0,191.0
-36.0,52.0,26.0,191.0
-34.0,52.0,26.0,191.0
-32.0,52.0,26.0,4.0
-30.0,52.0,26.0,4.0
-28.0,52.0,26.0,4.0
-26.0,52.0,26.0,4.0
-24.0,52.0,26.0,4.0
-10.0,52.0,26.0,378.0
-8.0,52.0,26.0,378.0
-6.0,52.0,26.0,378.0
-4.0,52.0,26.0,378.0
-2.0,52.0,26.0,378.0
2.0,52.0,26.0,290.0
4.0,52.0,26.0,290.0
6.0,52.0,26.0,290.0
8.0,52.0,26.0,290.0
10.0,52.0,26.0,290.0
22.0,52.0,26.0,390.0
24.0,52.0,26.0,390.0
26.0,52.0,26.0,365.0
28.0,52.0,26.0,518.0
30.0,52.0,26.0,518.0
32.0,52.0,26.0,518.0
-38.0,54.0,26.0,158.0
-36.0,54.0,26.0,191.0
-34.0,54.0,26.0,4.0
-32.0,54.0,26.0,4.0
-30.0,54.0,26.0,4.0
-28.0,54.0,26.0,4.0
-26.0,54.0,26.0,4.0
-24.0,54.0,26.0,4.0
-22.0,54.0,26.0,30.0
-20.0,54.0,26.0,30.0
-18.0,54.0,26.0,30.0
-10.0,54.0,26.0,378.0
-8.0,54.0,26.0,378.0
-6.0,54.0,26.0,378.0
-4.0,54.0,26.0,378.0
-2.0,54.0,26.0,378.0
2.0,54.0,26.0,290.0
4.0,54.0,26.0,290.0
6.0,54.0,26.0,290.0
8.0,54.0,26.0,290.0
10.0,54.0,26.0,290.0
20.0,54.0,26.0,390.0
22.0,54.0,26.0,390.0
24.0,54.0,26.0,390.0
26.0,54.0,26.0,390.0
28.0,54.0,26.0,365.0
30.0,54.0,26.0,365.0
32.0,54.0,26.0,365.0
34.0,54.0,26.0,365.0
-36.0,56.0,26.0,158.0
-34.0,56.0,26.0,4.0
-32.0,56.0,26.0,4.0
-30.0,56.0,26.0,4.0
-28.0,56.0,26.0,4.0
-26.0,56.0,26.0,4.0
-24.0,56.0,26.0,30.0
-22.0,56.0,26.0,30.0
-20.0,56.0,26.0,30.0
-18.0,56.0,26.0,30.0
-16.0,56.0,26.0,30.0
-8.0,56.0,26.0,378.0
-6.0,56.0,26.0,378.0
-4.0,56.0,26.0,378.0
-2.0,56.0,26.0,378.0
4.0,56.0,26.0,290.0
6.0,56.0,26.0,290.0
8.0,56.0,26.0,290.0
10.0,56.0,26.0,290.0
20.0,56.0,26.0,390.0
22.0,56.0,26.0,390.0
24.0,56.0,26.0,390.0
26.0,56.0,26.0,390.0
28.0,56.0,26.0,365.0
30.0,56.0,26.0,365.0
32.0,56.0,26.0,365.0
34.0,56.0,26.0,365.0
-32.0,58.0,26.0,4.0
-30.0,58.0,26.0,4.0
-28.0,58.0,26.0,4.0
-26.0,58.0,26.0,4.0
-24.0,58.0,26.0,30.0
-22.0,58.0,26.0,30.0
-20.0,58.0,26.0,30.0
-18.0,58.0,26.0,30.0
-16.0,58.0,26.0,30.0
-14.0,58.0,26.0,378.0
-8.0,58.0,26.0,378.0
-6.0,58.0,26.0,378.0
-4.0,58.0,26.0,378.0
-2.0,58.0,26.0,378.0
4.0,58.0,26.0,290.0
6.0,58.0,26.0,390.0
8.0,58.0,26.0,390.0
10.0,58.0,26.0,390.0
16.0,58.0,26.0,390.0
18.0,58.0,26.0,390.0
20.0,58.0,26.0,390.0
22.0,58.0,26.0,390.0
24.0,58.0,26.0,390.0
26.0,58.0,26.0,390.0
28.0,58.0,26.0,390.0
30.0,58.0,26.0,365.0
-30.0,60.0,26.0,4.0
-28.0,60.0,26.0,4.0
-26.0,60.0,26.0,30.0
-24.0,60.0,26.0,30.0
-22.0,60.0,26.0,30.0
-20.0,60.0,26.0,30.0
-18.0,60.0,26.0,30.0
-16.0,60.0,26.0,30.0
-14.0,60.0,26.0,378.0
-12.0,60.0,26.0,378.0
-10.0,60.0,26.0,378.0
-8.0,60.0,26.0,378.0
-6.0,60.0,26.0,378.0
-4.0,60.0,26.0,378.0
-2.0,60.0,26.0,378.0
4.0,60.0,26.0,390.0
6.0,60.0,26.0,390.0
8.0,60.0,26.0,390.0
10.0,60.0,26.0,390.0
12.0,60.0,26.0,390.0
14.0,60.0,26.0,390.0
16.0,60.0,26.0,390.0
18.0,60.0,26.0,390.0
20.0,60.0,26.0,390.0
22.0,60.0,26.0,390.0
24.0,60.0,26.0,390.0
26.0,60.0,26.0,390.0
28.0,60.0,26.0,390.0
-28.0,62.0,26.0,4.0
-26.0,62.0,26.0,30.0
-24.0,62.0,26.0,30.0
-22.0,62.0,26.0,30.0
-20.0,62.0,26.0,30.0
-18.0,62.0,26.0,30.0
-16.0,62.0,26.0,30.0
-14.0,62.0,26.0,378.0
-12.0,62.0,26.0,378.0
-10.0,62.0,26.0,378.0
-8.0,62.0,26.0,378.0
-6.0,62.0,26.0,378.0
-4.0,62.0,26.0,378.0
-2.0,62.0,26.0,378.0
2.0,62.0,26.0,378.0
4.0,62.0,26.0,390.0
6.0,62.0,26.0,390.0
8.0,62.0,26.0,390.0
10.0,62.0,26.0,390.0
12.0,62.0,26.0,390.0
14.0,62.0,26.0,390.0
16.0,62.0,26.0,390.0
18.0,62.0,26.0,390.0
20.0,62.0,26.0,390.0
22.0,62.0,26.0,390.0
24.0,62.0,26.0,390.0
26.0,62.0,26.0,390.0
-24.0,64.0,26.0,30.0
-22.0,64.0,26.0,30.0
-20.0,64.0,26.0,30.0
-18.0,64.0,26.0,30.0
-16.0,64.0,26.0,30.0
-14.0,64.0,26.0,378.0
-12.0,64.0,26.0,378.0
-10.0,64.0,26.0,378.0
-8.0,64.0,26.0,378.0
-6.0,64.0,26.0,378.0
-4.0,64.0,26.0,378.0
-2.0,64.0,26.0,378.0
2.0,64.0,26.0,390.0
4.0,64.0,26.0,390.0
6.0,64.0,26.0,390.0
8.0,64.0,26.0,390.0
10.0,64.0,26.0,390.0
12.0,64.0,26.0,390.0
14.0,64.0,26.0,390.0
16.0,64.0,26.0,390.0
18.0,64.0,26.0,390.0
20.0,64.0,26.0,390.0
22.0,64.0,26.0,390.0
-16.0,66.0,26.0,30.0
-14.0,66.0,26.0,30.0
-12.0,66.0,26.0,378.0
-10.0,66.0,26.0,378.0
-8.0,66.0,26.0,378.0
-6.0,66.0,26.0,378.0
-4.0,66.0,26.0,378.0
-2.0,66.0,26.0,378.0
4.0,66.0,26.0,390.0
6.0,66.0,26.0,390.0
8.0,66.0,26.0,390.0
10.0,66.0,26.0,390.0
12.0,66.0,26.0,390.0
14.0,66.0,26.0,390.0
16.0,66.0,26.0,390.0
-18.0,-96.0,28.0,420.0
-16.0,-96.0,28.0,420.0
-14.0,-96.0,28.0,420.0
4.0,-96.0,28.0,222.0
6.0,-96.0,28.0,222.0
8.0,-96.0,28.0,222.0
10.0,-96.0,28.0,565.0
12.0,-96.0,28.0,565.0
14.0,-96.0,28.0,565.0
16.0,-96.0,28.0,565.0
18.0,-96.0,28.0,565.0
-24.0,-94.0,28.0,247.0
-22.0,-94.0,28.0,247.0
-20.0,-94.0,28.0,247.0
-18.0,-94.0,28.0,420.0
-16.0,-94.0,28.0,420.0
-14.0,-94.0,28.0,420.0
-12.0,-94.0,28.0,420.0
-10.0,-94.0,28.0,420.0
2.0,-94.0,28.0,222.0
4.0,-94.0,28.0,222.0
6.0,-94.0,28.0,222.0
8.0,-94.0,28.0,222.0
10.0,-94.0,28.0,222.0
12.0,-94.0,28.0,565.0
14.0,-94.0,28.0,565.0
16.0,-94.0,28.0,565.0
18.0,-94.0,28.0,565.0
20.0,-94.0,28.0,139.0
-28.0,-92.0,28.0,247.0
-26.0,-92.0,28.0,247.0
-24.0,-92.0,28.0,247.0
-22.0,-92.0,28.0,247.0
-20.0,-92.0,28.0,247.0
-18.0,-92.0,28.0,420.0
-16.0,-92.0,28.0,420.0
-14.0,-92.0,28.0,420.0
-12.0,-92.0,28.0,420.0
-10.0,-92.0,28.0,420.0
0.0,-92.0,28.0,222.0
2.0,-92.0,28.0,222.0
4.0,-92.0,28.0,222.0
6.0,-92.0,28.0,222.0
8.0,-92.0,28.0,222.0
10.0,-92.0,28.0,222.0
12.0,-92.0,28.0,222.0
14.0,-92.0,28.0,565.0
16.0,-92.0,28.0,565.0
18.0,-92.0,28.0,565.0
20.0,-92.0,28.0,139.0
22.0,-92.0,28.0,139.0
24.0,-92.0,28.0,139.0
26.0,-92.0,28.0,139.0
28.0,-92.0,28.0,366.0
30.0,-92.0,28.0,366.0
-32.0,-90.0,28.0,454.0
-30.0,-90.0,28.0,454.0
-28.0,-90.0,28.0,454.0
-26.0,-90.0,28.0,454.0
-24.0,-90.0,28.0,247.0
-22.0,-90.0,28.0,247.0
-20.0,-90.0,28.0,247.0
-18.0,-90.0,28.0,420.0
-16.0,-90.0,28.0,420.0
-14.0,-90.0,28.0,420.0
-12.0,-90.0,28.0,420.0
-10.0,-90.0,28.0,420.0
-8.0,-90.0,28.0,420.0
-6.0,-90.0,28.0,461.0
0.0,-90.0,28.0,461.0
2.0,-90.0,28.0,222.0
4.0,-90.0,28.0,222.0
6.0,-90.0,28.0,222.0
8.0,-90.0,28.0,222.0
10.0,-90.0,28.0,222.0
12.0,-90.0,28.0,222.0
14.0,-90.0,28.0,222.0
16.0,-90.0,28.0,565.0
18.0,-90.0,28.0,565.0
20.0,-90.0,28.0,139.0
22.0,-90.0,28.0,139.0
24.0,-90.0,28.0,139.0
26.0,-90.0,28.0,366.0
28.0,-90.0,28.0,366.0
30.0,-90.0,28.0,366.0
32.0,-90.0,28.0,366.0
34.0,-90.0,28.0,366.0
-36.0,-88.0,28.0,454.0
-34.0,-88.0,28.0,454.0
-32.0,-88.0,28.0,454.0
-30.0,-88.0,28.0,454.0
-28.0,-88.0,28.0,454.0
-26.0,-88.0,28.0,454.0
-24.0,-88.0,28.0,454.0
-22.0,-88.0,28.0,454.0
-20.0,-88.0,28.0,247.0
-18.0,-88.0,28.0,420.0
-16.0,-88.0,28.0,420.0
-14.0,-88.0,28.0,420.0
-12.0,-88.0,28.0,148.0
-10.0,-88.0,28.0,148.0
-8.0,-88.0,28.0,148.0
-6.0,-88.0,28.0,461.0
-4.0,-88.0,28.0,461.0
-2.0,-88.0,28.0,461.0
0.0,-88.0,28.0,461.0
2.0,-88.0,28.0,461.0
4.0,-88.0,28.0,222.0
6.0,-88.0,28.0,222.0
8.0,-88.0,28.0,222.0
10.0,-88.0,28.0,222.0
12.0,-88.0,28.0,222.0
14.0,-88.0,28.0,222.0
16.0,-88.0,28.0,222.0
18.0,-88.0,28.0,565.0
20.0,-88.0,28.0,139.0
22.0,-88.0,28.0,139.0
24.0,-88.0,28.0,366.0
26.0,-88.0,28.0,366.0
28.0,-88.0,28.0,366.0
30.0,-88.0,28.0,366.0
32.0,-88.0,28.0,366.0
34.0,-88.0,28.0,366.0
36.0,-88.0,28.0,366.0
38.0,-88.0,28.0,366.0
-40.0,-86.0,28.0,454.0
-38.0,-86.0,28.0,454.0
-36.0,-86.0,28.0,454.0
-34.0,-86.0,28.0,454.0
-32.0,-86.0,28.0,454.0
-30.0,-86.0,28.0,454.0
-28.0,-86.0,28.0,454.0
-26.0,-86.0,28.0,454.0
-24.0,-86.0,28.0,454.0
-22.0,-86.0,28.0,454.0
-20.0,-86.0,28.0,454.0
-18.0,-86.0,28.0,550.0
-16.0,-86.0,28.0,148.0
-14.0,-86.0,28.0,148.0
-12.0,-86.0,28.0,148.0
-10.0,-86.0,28.0,148.0
-8.0,-86.0,28.0,148.0
-6.0,-86.0,28.0,461.0
-4.0,-86.0,28.0,461.0
-2.0,-86.0,28.0,461.0
0.0,-86.0,28.0,461.0
2.0,-86.0,28.0,461.0
4.0,-86.0,28.0,461.0
6.0,-86.0,28.0,222.0
8.0,-86.0,28.0,222.0
10.0,-86.0,28.0,222.0
12.0,-86.0,28.0,222.0
14.0,-86.0,28.0,222.0
16.0,-86.0,28.0,222.0
18.0,-86.0,28.0,222.0
20.0,-86.0,28.0,135.0
22.0,-86.0,28.0,135.0
24.0,-86.0,28.0,366.0
26.0,-86.0,28.0,366.0
28.0,-86.0,28.0,366.0
30.0,-86.0,28.0,366.0
32.0,-86.0,28.0,537.0
34.0,-86.0,28.0,537.0
36.0,-86.0,28.0,537.0
38.0,-86.0,28.0,537.0
40.0,-86.0,28.0,99.0
42.0,-86.0,28.0,99.0
-42.0,-84.0,28.0,423.0
-40.0,-84.0,28.0,423.0
-38.0,-84.0,28.0,454.0
-36.0,-84.0,28.0,454.0
-34.0,-84.0,28.0,454.0
-32.0,-84.0,28.0,454.0
-30.0,-84.0,28.0,454.0
-28.0,-84.0,28.0,454.0
-26.0,-84.0,28.0,454.0
-24.0,-84.0,28.0,454.0
-22.0,-84.0,28.0,454.0
-20.0,-84.0,28.0,454.0
-18.0,-84.0,28.0,550.0
-16.0,-84.0,28.0,550.0
-14.0,-84.0,28.0,148.0
-12.0,-84.0,28.0,148.0
-10.0,-84.0,28.0,148.0
-8.0,-84.0,28.0,148.0
-6.0,-84.0,28.0,461.0
-4.0,-84.0,28.0,461.0
-2.0,-84.0,28.0,461.0
0.0,-84.0,28.0,461.0
2.0,-84.0,28.0,461.0
4.0,-84.0,28.0,461.0
6.0,-84.0,28.0,222.0
8.0,-84.0,28.0,222.0
10.0,-84.0,28.0,222.0
12.0,-84.0,28.0,222.0
14.0,-84.0,28.0,222.0
16.0,-84.0,28.0,222.0
18.0,-84.0,28.0,135.0
20.0,-84.0,28.0,135.0
22.0,-84.0,28.0,135.0
24.0,-84.0,28.0,135.0
26.0,-84.0,28.0,537.0
28.0,-84.0,28.0,537.0
30.0,-84.0,28.0,537.0
32.0,-84.0,28.0,537.0
34.0,-84.0,28.0,537.0
36.0,-84.0,28.0,537.0
38.0,-84.0,28.0,537.0
40.0,-84.0,28.0,99.0
42.0,-84.0,28.0,99.0
44.0,-84.0,28.0,99.0
-44.0,-82.0,28.0,423.0
-42.0,-82.0,28.0,423.0
-40.0,-82.0,28.0,423.0
-38.0,-82.0,28.0,423.0
-36.0,-82.0,28.0,454.0
-34.0,-82.0,28.0,454.0
-32.0,-82.0,28.0,454.0
-30.0,-82.0,28.0,454.0
-28.0,-82.0,28.0,454.0
-26.0,-82.0,28.0,454.0
-24.0,-82.0,28.0,454.0
-22.0,-82.0,28.0,454.0
-20.0,-82.0,28.0,454.0
-18.0,-82.0,28.0,550.0
-16.0,-82.0,28.0,550.0
-14.0,-82.0,28.0,550.0
-12.0,-82.0,28.0,550.0
-10.0,-82.0,28.0,148.0
-8.0,-82.0,28.0,60.0
-6.0,-82.0,28.0,60.0
-4.0,-82.0,28.0,60.0
-2.0,-82.0,28.0,60.0
0.0,-82.0,28.0,60.0
2.0,-82.0,28.0,60.0
4.0,-82.0,28.0,60.0
6.0,-82.0,28.0,302.0
8.0,-82.0,28.0,219.0
10.0,-82.0,28.0,219.0
12.0,-82.0,28.0,219.0
14.0,-82.0,28.0,186.0
16.0,-82.0,28.0,186.0
18.0,-82.0,28.0,186.0
20.0,-82.0,28.0,135.0
22.0,-82.0,28.0,135.0
24.0,-82.0,28.0,537.0
26.0,-82.0,28.0,537.0
28.0,-82.0,28.0,537.0
30.0,-82.0,28.0,537.0
32.0,-82.0,28.0,537.0
34.0,-82.0,28.0,537.0
36.0,-82.0,28.0,537.0
38.0,-82.0,28.0,537.0
40.0,-82.0,28.0,537.0
42.0,-82.0,28.0,99.0
44.0,-82.0,28.0,99.0
46.0,-82.0,28.0,99.0
-46.0,-80.0,28.0,423.0
-44.0,-80.0,28.0,423.0
-42.0,-80.0,28.0,423.0
-40.0,-80.0,28.0,423.0
-38.0,-80.0,28.0,423.0
-36.0,-80.0,28.0,423.0
-34.0,-80.0,28.0,454.0
-32.0,-80.0,28.0,454.0
-30.0,-80.0,28.0,454.0
-28.0,-80.0,28.0,454.0
-26.0,-80.0,28.0,454.0
-24.0,-80.0,28.0,454.0
-20.0,-80.0,28.0,454.0
-18.0,-80.0,28.0,550.0
-16.0,-80.0,28.0,550.0
-14.0,-80.0,28.0,550.0
-12.0,-80.0,28.0,550.0
-10.0,-80.0,28.0,60.0
-8.0,-80.0,28.0,60.0
-6.0,-80.0,28.0,60.0
-4.0,-80.0,28.0,60.0
-2.0,-80.0,28.0,60.0
0.0,-80.0,28.0,60.0
2.0,-80.0,28.0,60.0
4.0,-80.0,28.0,60.0
6.0,-80.0,28.0,219.0
8.0,-80.0,28.0,219.0
10.0,-80.0,28.0,219.0
12.0,-80.0,28.0,219.0
14.0,-80.0,28.0,219.0
16.0,-80.0,28.0,186.0
18.0,-80.0,28.0,186.0
20.0,-80.0,28.0,135.0
22.0,-80.0,28.0,537.0
24.0,-80.0,28.0,537.0
26.0,-80.0,28.0,537.0
28.0,-80.0,28.0,537.0
30.0,-80.0,28.0,537.0
32.0,-80.0,28.0,537.0
34.0,-80.0,28.0,537.0
36.0,-80.0,28.0,537.0
38.0,-80.0,28.0,537.0
40.0,-80.0,28.0,537.0
42.0,-80.0,28.0,99.0
44.0,-80.0,28.0,99.0
46.0,-80.0,28.0,99.0
48.0,-80.0,28.0,99.0
-48.0,-78.0,28.0,595.0
-46.0,-78.0,28.0,595.0
-44.0,-78.0,28.0,423.0
-42.0,-78.0,28.0,423.0
-40.0,-78.0,28.0,423.0
-38.0,-78.0,28.0,423.0
-36.0,-78.0,28.0,423.0
-34.0,-78.0,28.0,423.0
-32.0,-78.0,28.0,454.0
-30.0,-78.0,28.0,454.0
-28.0,-78.0,28.0,454.0
-18.0,-78.0,28.0,75.0
-16.0,-78.0,28.0,550.0
-14.0,-78.0,28.0,550.0
-12.0,-78.0,28.0,349.0
-10.0,-78.0,28.0,60.0
-8.0,-78.0,28.0,60.0
-6.0,-78.0,28.0,60.0
-4.0,-78.0,28.0,60.0
-2.0,-78.0,28.0,60.0
0.0,-78.0,28.0,60.0
2.0,-78.0,28.0,60.0
4.0,-78.0,28.0,60.0
6.0,-78.0,28.0,219.0
8.0,-78.0,28.0,219.0
10.0,-78.0,28.0,219.0
12.0,-78.0,28.0,219.0
14.0,-78.0,28.0,219.0
16.0,-78.0,28.0,219.0
18.0,-78.0,28.0,186.0
20.0,-78.0,28.0,135.0
22.0,-78.0,28.0,537.0
24.0,-78.0,28.0,537.0
26.0,-78.0,28.0,537.0
28.0,-78.0,28.0,537.0
30.0,-78.0,28.0,537.0
32.0,-78.0,28.0,537.0
34.0,-78.0,28.0,537.0
36.0,-78.0,28.0,537.0
38.0,-78.0,28.0,537.0
40.0,-78.0,28.0,537.0
42.0,-78.0,28.0,99.0
44.0,-78.0,28.0,99.0
46.0,-78.0,28.0,99.0
48.0,-78.0,28.0,99.0
50.0,-78.0,28.0,99.0
-50.0,-76.0,28.0,595.0
-48.0,-76.0,28.0,595.0
-46.0,-76.0,28.0,570.0
-44.0,-76.0,28.0,423.0
-42.0,-76.0,28.0,423.0
-40.0,-76.0,28.0,423.0
-38.0,-76.0,28.0,423.0
-36.0,-76.0,28.0,423.0
-34.0,-76.0,28.0,423.0
-30.0,-76.0,28.0,454.0
-28.0,-76.0,28.0,454.0
-26.0,-76.0,28.0,454.0
-18.0,-76.0,28.0,75.0
-16.0,-76.0,28.0,349.0
-14.0,-76.0,28.0,349.0
-12.0,-76.0,28.0,349.0
-10.0,-76.0,28.0,349.0
-8.0,-76.0,28.0,60.0
-6.0,-76.0,28.0,60.0
-4.0,-76.0,28.0,60.0
-2.0,-76.0,28.0,60.0
0.0,-76.0,28.0,60.0
2.0,-76.0,28.0,60.0
4.0,-76.0,28.0,219.0
6.0,-76.0,28.0,219.0
8.0,-76.0,28.0,219.0
10.0,-76.0,28.0,219.0
12.0,-76.0,28.0,219.0
14.0,-76.0,28.0,219.0
16.0,-76.0,28.0,219.0
18.0,-76.0,28.0,186.0
20.0,-76.0,28.0,537.0
22.0,-76.0,28.0,537.0
24.0,-76.0,28.0,537.0
26.0,-76.0,28.0,537.0
28.0,-76.0,28.0,537.0
30.0,-76.0,28.0,537.0
32.0,-76.0,28.0,537.0
34.0,-76.0,28.0,537.0
36.0,-76.0,28.0,537.0
38.0,-76.0,28.0,537.0
40.0,-76.0,28.0,537.0
42.0,-76.0,28.0,99.0
44.0,-76.0,28.0,99.0
46.0,-76.0,28.0,99.0
48.0,-76.0,28.0,99.0
50.0,-76.0,28.0,99.0
-52.0,-74.0,28.0,595.0
-50.0,-74.0,28.0,595.0
-48.0,-74.0,28.0,595.0
-46.0,-74.0,28.0,570.0
-44.0,-74.0,28.0,570.0
-42.0,-74.0,28.0,423.0
-40.0,-74.0,28.0,423.0
-38.0,-74.0,28.0,423.0
-36.0,-74.0,28.0,423.0
-34.0,-74.0,28.0,423.0
-32.0,-74.0,28.0,423.0
-30.0,-74.0,28.0,423.0
-28.0,-74.0,28.0,75.0
-26.0,-74.0,28.0,75.0
-22.0,-74.0,28.0,75.0
-20.0,-74.0,28.0,75.0
-18.0,-74.0,28.0,75.0
-16.0,-74.0,28.0,349.0
-14.0,-74.0,28.0,349.0
-12.0,-74.0,28.0,349.0
-10.0,-74.0,28.0,349.0
-8.0,-74.0,28.0,349.0
-6.0,-74.0,28.0,60.0
-4.0,-74.0,28.0,60.0
-2.0,-74.0,28.0,60.0
0.0,-74.0,28.0,60.0
2.0,-74.0,28.0,60.0
4.0,-74.0,28.0,219.0
6.0,-74.0,28.0,219.0
8.0,-74.0,28.0,219.0
10.0,-74.0,28.0,219.0
12.0,-74.0,28.0,219.0
14.0,-74.0,28.0,219.0
16.0,-74.0,28.0,219.0
18.0,-74.0,28.0,580.0
20.0,-74.0,28.0,537.0
22.0,-74.0,28.0,537.0
24.0,-74.0,28.0,537.0
26.0,-74.0,28.0,537.0
28.0,-74.0,28.0,537.0
30.0,-74.0,28.0,537.0
32.0,-74.0,28.0,537.0
34.0,-74.0,28.0,537.0
38.0,-74.0,28.0,537.0
40.0,-74.0,28.0,537.0
42.0,-74.0,28.0,537.0
44.0,-74.0,28.0,99.0
46.0,-74.0,28.0,99.0
48.0,-74.0,28.0,99.0
50.0,-74.0,28.0,99.0
-54.0,-72.0,28.0,595.0
-52.0,-72.0,28.0,595.0
-50.0,-72.0,28.0,595.0
-48.0,-72.0,28.0,595.0
-46.0,-72.0,28.0,570.0
-44.0,-72.0,28.0,570.0
-42.0,-72.0,28.0,423.0
-40.0,-72.0,28.0,423.0
-38.0,-72.0,28.0,423.0
-36.0,-72.0,28.0,423.0
-34.0,-72.0,28.0,423.0
-32.0,-72.0,28.0,423.0
-30.0,-72.0,28.0,423.0
-28.0,-72.0,28.0,75.0
-26.0,-72.0,28.0,75.0
-22.0,-72.0,28.0,75.0
-20.0,-72.0,28.0,75.0
-18.0,-72.0,28.0,75.0
-16.0,-72.0,28.0,349.0
-14.0,-72.0,28.0,349.0
-12.0,-72.0,28.0,349.0
-10.0,-72.0,28.0,349.0
-8.0,-72.0,28.0,349.0
-6.0,-72.0,28.0,61.0
-4.0,-72.0,28.0,60.0
2.0,-72.0,28.0,219.0
4.0,-72.0,28.0,219.0
6.0,-72.0,28.0,219.0
8.0,-72.0,28.0,219.0
10.0,-72.0,28.0,219.0
12.0,-72.0,28.0,219.0
14.0,-72.0,28.0,219.0
16.0,-72.0,28.0,580.0
18.0,-72.0,28.0,580.0
20.0,-72.0,28.0,537.0
22.0,-72.0,28.0,537.0
24.0,-72.0,28.0,537.0
26.0,-72.0,28.0,537.0
28.0,-72.0,28.0,537.0
30.0,-72.0,28.0,537.0
32.0,-72.0,28.0,537.0
34.0,-72.0,28.0,537.0
36.0,-72.0,28.0,537.0
40.0,-72.0,28.0,537.0
42.0,-72.0,28.0,537.0
44.0,-72.0,28.0,99.0
46.0,-72.0,28.0,99.0
50.0,-72.0,28.0,99.0
-54.0,-70.0,28.0,595.0
-52.0,-70.0,28.0,595.0
-50.0,-70.0,28.0,595.0
-48.0,-70.0,28.0,595.0
-46.0,-70.0,28.0,570.0
-44.0,-70.0,28.0,570.0
-42.0,-70.0,28.0,570.0
-40.0,-70.0,28.0,423.0
-38.0,-70.0,28.0,423.0
-36.0,-70.0,28.0,423.0
-34.0,-70.0,28.0,423.0
-32.0,-70.0,28.0,423.0
-30.0,-70.0,28.0,423.0
-28.0,-70.0,28.0,75.0
-22.0,-70.0,28.0,75.0
-20.0,-70.0,28.0,75.0
-18.0,-70.0,28.0,349.0
-16.0,-70.0,28.0,349.0
-14.0,-70.0,28.0,349.0
-12.0,-70.0,28.0,349.0
-10.0,-70.0,28.0,61.0
-8.0,-70.0,28.0,61.0
-6.0,-70.0,28.0,61.0
-4.0,-70.0,28.0,61.0
0.0,-70.0,28.0,60.0
2.0,-70.0,28.0,219.0
4.0,-70.0,28.0,219.0
6.0,-70.0,28.0,219.0
8.0,-70.0,28.0,219.0
10.0,-70.0,28.0,219.0
12.0,-70.0,28.0,219.0
14.0,-70.0,28.0,219.0
16.0,-70.0,28.0,580.0
18.0,-70.0,28.0,580.0
20.0,-70.0,28.0,580.0
22.0,-70.0,28.0,537.0
24.0,-70.0,28.0,537.0
26.0,-70.0,28.0,537.0
28.0,-70.0,28.0,537.0
30.0,-70.0,28.0,537.0
32.0,-70.0,28.0,537.0
34.0,-70.0,28.0,537.0
36.0,-70.0,28.0,537.0
38.0,-70.0,28.0,537.0
40.0,-70.0,28.0,537.0
42.0,-70.0,28.0,537.0
44.0,-70.0,28.0,572.0
46.0,-70.0,28.0,99.0
48.0,-70.0,28.0,99.0
50.0,-70.0,28.0,370.0
52.0,-70.0,28.0,370.0
54.0,-70.0,28.0,370.0
-56.0,-68.0,28.0,595.0
-54.0,-68.0,28.0,595.0
-52.0,-68.0,28.0,595.0
-50.0,-68.0,28.0,595.0
-48.0,-68.0,28.0,570.0
-46.0,-68.0,28.0,570.0
-44.0,-68.0,28.0,570.0
-42.0,-68.0,28.0,570.0
-40.0,-68.0,28.0,570.0
-38.0,-68.0,28.0,423.0
-36.0,-68.0,28.0,541.0
-34.0,-68.0,28.0,541.0
-32.0,-68.0,28.0,541.0
-30.0,-68.0,28.0,541.0
-28.0,-68.0,28.0,541.0
-24.0,-68.0,28.0,75.0
-22.0,-68.0,28.0,75.0
-20.0,-68.0,28.0,75.0
-18.0,-68.0,28.0,349.0
-16.0,-68.0,28.0,349.0
-14.0,-68.0,28.0,61.0
-12.0,-68.0,28.0,61.0
-10.0,-68.0,28.0,61.0
-8.0,-68.0,28.0,61.0
-6.0,-68.0,28.0,61.0
-4.0,-68.0,28.0,61.0
-2.0,-68.0,28.0,61.0
0.0,-68.0,28.0,61.0
2.0,-68.0,28.0,219.0
4.0,-68.0,28.0,219.0
6.0,-68.0,28.0,219.0
8.0,-68.0,28.0,219.0
10.0,-68.0,28.0,219.0
12.0,-68.0,28.0,219.0
14.0,-68.0,28.0,580.0
16.0,-68.0,28.0,580.0
18.0,-68.0,28.0,580.0
20.0,-68.0,28.0,580.0
22.0,-68.0,28.0,537.0
24.0,-68.0,28.0,537.0
26.0,-68.0,28.0,537.0
28.0,-68.0,28.0,537.0
30.0,-68.0,28.0,537.0
32.0,-68.0,28.0,537.0
36.0,-68.0,28.0,537.0
38.0,-68.0,28.0,537.0
40.0,-68.0,28.0,572.0
42.0,-68.0,28.0,572.0
44.0,-68.0,28.0,572.0
46.0,-68.0,28.0,370.0
48.0,-68.0,28.0,370.0
50.0,-68.0,28.0,370.0
52.0,-68.0,28.0,370.0
54.0,-68.0,28.0,370.0
56.0,-68.0,28.0,370.0
-58.0,-66.0,28.0,595.0
-56.0,-66.0,28.0,595.0
-54.0,-66.0,28.0,595.0
-52.0,-66.0,28.0,595.0
-50.0,-66.0,28.0,595.0
-48.0,-66.0,28.0,299.0
-46.0,-66.0,28.0,299.0
-44.0,-66.0,28.0,299.0
-42.0,-66.0,28.0,299.0
-40.0,-66.0,28.0,299.0
-38.0,-66.0,28.0,541.0
-36.0,-66.0,28.0,541.0
-34.0,-66.0,28.0,541.0
-32.0,-66.0,28.0,541.0
-30.0,-66.0,28.0,541.0
-24.0,-66.0,28.0,75.0
-22.0,-66.0,28.0,583.0
-20.0,-66.0,28.0,583.0
-18.0,-66.0,28.0,583.0
-16.0,-66.0,28.0,583.0
-14.0,-66.0,28.0,61.0
-12.0,-66.0,28.0,61.0
-10.0,-66.0,28.0,61.0
-8.0,-66.0,28.0,61.0
-6.0,-66.0,28.0,61.0
-4.0,-66.0,28.0,61.0
-2.0,-66.0,28.0,61.0
0.0,-66.0,28.0,61.0
2.0,-66.0,28.0,243.0
4.0,-66.0,28.0,243.0
6.0,-66.0,28.0,243.0
8.0,-66.0,28.0,243.0
10.0,-66.0,28.0,243.0
12.0,-66.0,28.0,243.0
14.0,-66.0,28.0,580.0
16.0,-66.0,28.0,580.0
18.0,-66.0,28.0,580.0
22.0,-66.0,28.0,537.0
24.0,-66.0,28.0,537.0
26.0,-66.0,28.0,537.0
28.0,-66.0,28.0,537.0
30.0,-66.0,28.0,537.0
32.0,-66.0,28.0,537.0
36.0,-66.0,28.0,572.0
38.0,-66.0,28.0,572.0
40.0,-66.0,28.0,572.0
42.0,-66.0,28.0,572.0
44.0,-66.0,28.0,572.0
46.0,-66.0,28.0,370.0
48.0,-66.0,28.0,370.0
50.0,-66.0,28.0,370.0
52.0,-66.0,28.0,370.0
54.0,-66.0,28.0,370.0
56.0,-66.0,28.0,370.0
58.0,-66.0,28.0,370.0
-58.0,-64.0,28.0,595.0
-56.0,-64.0,28.0,595.0
-54.0,-64.0,28.0,595.0
-52.0,-64.0,28.0,595.0
-50.0,-64.0,28.0,299.0
-48.0,-64.0,28.0,299.0
-46.0,-64.0,28.0,299.0
-44.0,-64.0,28.0,299.0
-42.0,-64.0,28.0,299.0
-40.0,-64.0,28.0,299.0
-36.0,-64.0,28.0,541.0
-34.0,-64.0,28.0,541.0
-32.0,-64.0,28.0,541.0
-30.0,-64.0,28.0,541.0
-28.0,-64.0,28.0,541.0
-24.0,-64.0,28.0,583.0
-22.0,-64.0,28.0,583.0
-20.0,-64.0,28.0,583.0
-18.0,-64.0,28.0,583.0
-16.0,-64.0,28.0,583.0
-14.0,-64.0,28.0,61.0
-12.0,-64.0,28.0,61.0
-10.0,-64.0,28.0,61.0
-8.0,-64.0,28.0,61.0
-6.0,-64.0,28.0,61.0
-4.0,-64.0,28.0,61.0
-2.0,-64.0,28.0,61.0
0.0,-64.0,28.0,243.0
2.0,-64.0,28.0,243.0
4.0,-64.0,28.0,243.0
6.0,-64.0,28.0,243.0
8.0,-64.0,28.0,243.0
10.0,-64.0,28.0,243.0
12.0,-64.0,28.0,243.0
14.0,-64.0,28.0,580.0
16.0,-64.0,28.0,580.0
18.0,-64.0,28.0,580.0
24.0,-64.0,28.0,537.0
26.0,-64.0,28.0,537.0
28.0,-64.0,28.0,537.0
30.0,-64.0,28.0,537.0
36.0,-64.0,28.0,572.0
38.0,-64.0,28.0,572.0
40.0,-64.0,28.0,572.0
42.0,-64.0,28.0,572.0
44.0,-64.0,28.0,572.0
46.0,-64.0,28.0,572.0
48.0,-64.0,28.0,210.0
50.0,-64.0,28.0,210.0
52.0,-64.0,28.0,210.0
54.0,-64.0,28.0,210.0
56.0,-64.0,28.0,210.0
58.0,-64.0,28.0,210.0
-60.0,-62.0,28.0,595.0
-58.0,-62.0,28.0,595.0
-56.0,-62.0,28.0,595.0
-54.0,-62.0,28.0,595.0
-52.0,-62.0,28.0,595.0
-50.0,-62.0,28.0,299.0
-48.0,-62.0,28.0,299.0
-46.0,-62.0,28.0,299.0
-44.0,-62.0,28.0,299.0
-42.0,-62.0,28.0,299.0
-34.0,-62.0,28.0,541.0
-32.0,-62.0,28.0,541.0
-30.0,-62.0,28.0,541.0
-28.0,-62.0,28.0,541.0
-24.0,-62.0,28.0,583.0
-22.0,-62.0,28.0,583.0
-20.0,-62.0,28.0,583.0
-18.0,-62.0,28.0,583.0
-16.0,-62.0,28.0,583.0
-14.0,-62.0,28.0,583.0
-12.0,-62.0,28.0,61.0
-10.0,-62.0,28.0,61.0
-8.0,-62.0,28.0,61.0
-6.0,-62.0,28.0,61.0
-4.0,-62.0,28.0,61.0
-2.0,-62.0,28.0,61.0
0.0,-62.0,28.0,243.0
2.0,-62.0,28.0,243.0
4.0,-62.0,28.0,243.0
6.0,-62.0,28.0,243.0
8.0,-62.0,28.0,243.0
10.0,-62.0,28.0,243.0
12.0,-62.0,28.0,243.0
14.0,-62.0,28.0,243.0
16.0,-62.0,28.0,580.0
24.0,-62.0,28.0,537.0
26.0,-62.0,28.0,537.0
28.0,-62.0,28.0,572.0
30.0,-62.0,28.0,572.0
36.0,-62.0,28.0,572.0
38.0,-62.0,28.0,572.0
40.0,-62.0,28.0,572.0
42.0,-62.0,28.0,572.0
44.0,-62.0,28.0,572.0
46.0,-62.0,28.0,572.0
48.0,-62.0,28.0,210.0
50.0,-62.0,28.0,210.0
52.0,-62.0,28.0,210.0
54.0,-62.0,28.0,210.0
56.0,-62.0,28.0,210.0
58.0,-62.0,28.0,210.0
60.0,-62.0,28.0,210.0
-60.0,-60.0,28.0,584.0
-58.0,-60.0,28.0,595.0
-56.0,-60.0,28.0,595.0
-54.0,-60.0,28.0,595.0
-52.0,-60.0,28.0,299.0
-50.0,-60.0,28.0,299.0
-48.0,-60.0,28.0,299.0
-46.0,-60.0,28.0,299.0
-44.0,-60.0,28.0,299.0
-42.0,-60.0,28.0,299.0
-34.0,-60.0,28.0,541.0
-32.0,-60.0,28.0,541.0
-30.0,-60.0,28.0,541.0
-22.0,-60.0,28.0,583.0
-20.0,-60.0,28.0,583.0
-18.0,-60.0,28.0,583.0
-16.0,-60.0,28.0,583.0
-14.0,-60.0,28.0,583.0
-12.0,-60.0,28.0,583.0
-10.0,-60.0,28.0,61.0
-8.0,-60.0,28.0,61.0
-6.0,-60.0,28.0,61.0
-4.0,-60.0,28.0,61.0
-2.0,-60.0,28.0,243.0
0.0,-60.0,28.0,243.0
2.0,-60.0,28.0,243.0
4.0,-60.0,28.0,243.0
6.0,-60.0,28.0,243.0
8.0,-60.0,28.0,243.0
10.0,-60.0,28.0,243.0
12.0,-60.0,28.0,243.0
14.0,-60.0,28.0,243.0
22.0,-60.0,28.0,469.0
24.0,-60.0,28.0,572.0
26.0,-60.0,28.0,572.0
28.0,-60.0,28.0,572.0
30.0,-60.0,28.0,572.0
34.0,-60.0,28.0,572.0
36.0,-60.0,28.0,572.0
38.0,-60.0,28.0,572.0
40.0,-60.0,28.0,572.0
42.0,-60.0,28.0,572.0
44.0,-60.0,28.0,572.0
46.0,-60.0,28.0,159.0
48.0,-60.0,28.0,159.0
50.0,-60.0,28.0,159.0
52.0,-60.0,28.0,210.0
54.0,-60.0,28.0,210.0
56.0,-60.0,28.0,210.0
58.0,-60.0,28.0,210.0
60.0,-60.0,28.0,210.0
-62.0,-58.0,28.0,392.0
-60.0,-58.0,28.0,392.0
-58.0,-58.0,28.0,584.0
-56.0,-58.0,28.0,595.0
-54.0,-58.0,28.0,299.0
-52.0,-58.0,28.0,299.0
-50.0,-58.0,28.0,299.0
-48.0,-58.0,28.0,299.0
-46.0,-58.0,28.0,299.0
-44.0,-58.0,28.0,299.0
-42.0,-58.0,28.0,299.0
-32.0,-58.0,28.0,541.0
-30.0,-58.0,28.0,541.0
-22.0,-58.0,28.0,583.0
-20.0,-58.0,28.0,583.0
-18.0,-58.0,28.0,583.0
-16.0,-58.0,28.0,583.0
-14.0,-58.0,28.0,583.0
-12.0,-58.0,28.0,583.0
-10.0,-58.0,28.0,61.0
-8.0,-58.0,28.0,61.0
-6.0,-58.0,28.0,61.0
-4.0,-58.0,28.0,98.0
-2.0,-58.0,28.0,243.0
0.0,-58.0,28.0,243.0
2.0,-58.0,28.0,243.0
4.0,-58.0,28.0,243.0
6.0,-58.0,28.0,243.0
8.0,-58.0,28.0,243.0
10.0,-58.0,28.0,243.0
12.0,-58.0,28.0,243.0
14.0,-58.0,28.0,486.0
22.0,-58.0,28.0,469.0
24.0,-58.0,28.0,469.0
26.0,-58.0,28.0,572.0
28.0,-58.0,28.0,572.0
34.0,-58.0,28.0,572.0
36.0,-58.0,28.0,572.0
42.0,-58.0,28.0,572.0
44.0,-58.0,28.0,572.0
46.0,-58.0,28.0,159.0
48.0,-58.0,28.0,159.0
50.0,-58.0,28.0,159.0
52.0,-58.0,28.0,159.0
54.0,-58.0,28.0,210.0
56.0,-58.0,28.0,210.0
58.0,-58.0,28.0,210.0
60.0,-58.0,28.0,210.0
62.0,-58.0,28.0,210.0
-62.0,-56.0,28.0,392.0
-60.0,-56.0,28.0,392.0
-58.0,-56.0,28.0,50.0
-56.0,-56.0,28.0,50.0
-54.0,-56.0,28.0,50.0
-52.0,-56.0,28.0,50.0
-50.0,-56.0,28.0,299.0
-48.0,-56.0,28.0,299.0
-46.0,-56.0,28.0,299.0
-44.0,-56.0,28.0,299.0
-42.0,-56.0,28.0,299.0
-20.0,-56.0,28.0,583.0
-18.0,-56.0,28.0,583.0
-16.0,-56.0,28.0,583.0
-14.0,-56.0,28.0,583.0
-12.0,-56.0,28.0,583.0
-8.0,-56.0,28.0,98.0
-6.0,-56.0,28.0,98.0
-4.0,-56.0,28.0,98.0
-2.0,-56.0,28.0,98.0
0.0,-56.0,28.0,243.0
2.0,-56.0,28.0,243.0
4.0,-56.0,28.0,243.0
6.0,-56.0,28.0,243.0
8.0,-56.0,28.0,243.0
10.0,-56.0,28.0,243.0
12.0,-56.0,28.0,486.0
14.0,-56.0,28.0,486.0
24.0,-56.0,28.0,469.0
26.0,-56.0,28.0,543.0
34.0,-56.0,28.0,572.0
36.0,-56.0,28.0,572.0
38.0,-56.0,28.0,572.0
40.0,-56.0,28.0,572.0
42.0,-56.0,28.0,572.0
44.0,-56.0,28.0,190.0
46.0,-56.0,28.0,159.0
48.0,-56.0,28.0,159.0
50.0,-56.0,28.0,159.0
52.0,-56.0,28.0,159.0
54.0,-56.0,28.0,159.0
56.0,-56.0,28.0,505.0
58.0,-56.0,28.0,505.0
60.0,-56.0,28.0,505.0
62.0,-56.0,28.0,505.0
-64.0,-54.0,28.0,392.0
-62.0,-54.0,28.0,392.0
-60.0,-54.0,28.0,392.0
-58.0,-54.0,28.0,50.0
-56.0,-54.0,28.0,50.0
-54.0,-54.0,28.0,50.0
-52.0,-54.0,28.0,50.0
-50.0,-54.0,28.0,50.0
-48.0,-54.0,28.0,50.0
-46.0,-54.0,28.0,299.0
-44.0,-54.0,28.0,299.0
-42.0,-54.0,28.0,299.0
-18.0,-54.0,28.0,17.0
-16.0,-54.0,28.0,17.0
-14.0,-54.0,28.0,17.0
-10.0,-54.0,28.0,98.0
-8.0,-54.0,28.0,98.0
-6.0,-54.0,28.0,98.0
-4.0,-54.0,28.0,98.0
-2.0,-54.0,28.0,98.0
0.0,-54.0,28.0,98.0
2.0,-54.0,28.0,243.0
4.0,-54.0,28.0,243.0
6.0,-54.0,28.0,243.0
8.0,-54.0,28.0,243.0
10.0,-54.0,28.0,486.0
12.0,-54.0,28.0,486.0
34.0,-54.0,28.0,572.0
36.0,-54.0,28.0,572.0
38.0,-54.0,28.0,572.0
40.0,-54.0,28.0,572.0
42.0,-54.0,28.0,231.0
44.0,-54.0,28.0,231.0
46.0,-54.0,28.0,190.0
48.0,-54.0,28.0,159.0
50.0,-54.0,28.0,159.0
52.0,-54.0,28.0,159.0
54.0,-54.0,28.0,505.0
56.0,-54.0,28.0,505.0
58.0,-54.0,28.0,505.0
60.0,-54.0,28.0,505.0
62.0,-54.0,28.0,505.0
64.0,-54.0,28.0,505.0
-64.0,-52.0,28.0,392.0
-62.0,-52.0,28.0,392.0
-60.0,-52.0,28.0,392.0
-58.0,-52.0,28.0,242.0
-56.0,-52.0,28.0,242.0
-54.0,-52.0,28.0,242.0
-52.0,-52.0,28.0,242.0
-50.0,-52.0,28.0,242.0
-48.0,-52.0,28.0,242.0
-46.0,-52.0,28.0,242.0
-44.0,-52.0,28.0,3.0
-42.0,-52.0,28.0,3.0
-14.0,-52.0,28.0,17.0
-12.0,-52.0,28.0,17.0
-10.0,-52.0,28.0,98.0
-8.0,-52.0,28.0,98.0
-6.0,-52.0,28.0,98.0
-4.0,-52.0,28.0,98.0
-2.0,-52.0,28.0,98.0
0.0,-52.0,28.0,98.0
2.0,-52.0,28.0,243.0
4.0,-52.0,28.0,243.0
6.0,-52.0,28.0,243.0
8.0,-52.0,28.0,486.0
10.0,-52.0,28.0,486.0
34.0,-52.0,28.0,240.0
36.0,-52.0,28.0,240.0
38.0,-52.0,28.0,240.0
40.0,-52.0,28.0,231.0
42.0,-52.0,28.0,231.0
44.0,-52.0,28.0,231.0
46.0,-52.0,28.0,231.0
48.0,-52.0,28.0,159.0
50.0,-52.0,28.0,159.0
52.0,-52.0,28.0,505.0
54.0,-52.0,28.0,505.0
56.0,-52.0,28.0,505.0
58.0,-52.0,28.0,505.0
60.0,-52.0,28.0,505.0
62.0,-52.0,28.0,505.0
64.0,-52.0,28.0,505.0
-66.0,-50.0,28.0,392.0
-64.0,-50.0,28.0,392.0
-62.0,-50.0,28.0,392.0
-60.0,-50.0,28.0,242.0
-58.0,-50.0,28.0,242.0
-56.0,-50.0,28.0,242.0
-54.0,-50.0,28.0,242.0
-52.0,-50.0,28.0,242.0
-50.0,-50.0,28.0,242.0
-48.0,-50.0,28.0,242.0
-46.0,-50.0,28.0,242.0
-44.0,-50.0,28.0,3.0
-42.0,-50.0,28.0,3.0
-14.0,-50.0,28.0,12.0
-12.0,-50.0,28.0,12.0
-10.0,-50.0,28.0,98.0
-8.0,-50.0,28.0,98.0
-6.0,-50.0,28.0,98.0
-4.0,-50.0,28.0,98.0
-2.0,-50.0,28.0,98.0
0.0,-50.0,28.0,98.0
2.0,-50.0,28.0,98.0
4.0,-50.0,28.0,122.0
6.0,-50.0,28.0,122.0
8.0,-50.0,28.0,486.0
10.0,-50.0,28.0,486.0
12.0,-50.0,28.0,486.0
34.0,-50.0,28.0,240.0
36.0,-50.0,28.0,240.0
38.0,-50.0,28.0,240.0
44.0,-50.0,28.0,231.0
46.0,-50.0,28.0,231.0
48.0,-50.0,28.0,231.0
50.0,-50.0,28.0,505.0
52.0,-50.0,28.0,505.0
54.0,-50.0,28.0,505.0
56.0,-50.0,28.0,505.0
58.0,-50.0,28.0,505.0
60.0,-50.0,28.0,505.0
62.0,-50.0,28.0,505.0
64.0,-50.0,28.0,193.0
66.0,-50.0,28.0,193.0
-66.0,-48.0,28.0,392.0
-64.0,-48.0,28.0,392.0
-62.0,-48.0,28.0,392.0
-60.0,-48.0,28.0,242.0
-58.0,-48.0,28.0,242.0
-56.0,-48.0,28.0,242.0
-54.0,-48.0,28.0,242.0
-52.0,-48.0,28.0,242.0
-50.0,-48.0,28.0,242.0
-48.0,-48.0,28.0,242.0
-46.0,-48.0,28.0,242.0
-44.0,-48.0,28.0,242.0
-14.0,-48.0,28.0,12.0
-12.0,-48.0,28.0,12.0
-10.0,-48.0,28.0,98.0
-8.0,-48.0,28.0,98.0
-6.0,-48.0,28.0,98.0
-4.0,-48.0,28.0,98.0
-2.0,-48.0,28.0,98.0
0.0,-48.0,28.0,98.0
2.0,-48.0,28.0,98.0
4.0,-48.0,28.0,122.0
6.0,-48.0,28.0,122.0
8.0,-48.0,28.0,122.0
10.0,-48.0,28.0,122.0
12.0,-48.0,28.0,122.0
44.0,-48.0,28.0,231.0
46.0,-48.0,28.0,231.0
48.0,-48.0,28.0,231.0
50.0,-48.0,28.0,488.0
52.0,-48.0,28.0,505.0
54.0,-48.0,28.0,505.0
56.0,-48.0,28.0,505.0
58.0,-48.0,28.0,505.0
60.0,-48.0,28.0,505.0
62.0,-48.0,28.0,505.0
64.0,-48.0,28.0,193.0
66.0,-48.0,28.0,193.0
-66.0,-46.0,28.0,392.0
-64.0,-46.0,28.0,392.0
-62.0,-46.0,28.0,242.0
-60.0,-46.0,28.0,242.0
-58.0,-46.0,28.0,242.0
-56.0,-46.0,28.0,242.0
-54.0,-46.0,28.0,242.0
-52.0,-46.0,28.0,242.0
-50.0,-46.0,28.0,242.0
-48.0,-46.0,28.0,242.0
-46.0,-46.0,28.0,242.0
-44.0,-46.0,28.0,242.0
-14.0,-46.0,28.0,12.0
-12.0,-46.0,28.0,12.0
-10.0,-46.0,28.0,12.0
-8.0,-46.0,28.0,98.0
-6.0,-46.0,28.0,98.0
-4.0,-46.0,28.0,98.0
-2.0,-46.0,28.0,98.0
0.0,-46.0,28.0,98.0
2.0,-46.0,28.0,122.0
4.0,-46.0,28.0,122.0
6.0,-46.0,28.0,122.0
8.0,-46.0,28.0,122.0
10.0,-46.0,28.0,122.0
12.0,-46.0,28.0,122.0
46.0,-46.0,28.0,488.0
48.0,-46.0,28.0,488.0
50.0,-46.0,28.0,488.0
52.0,-46.0,28.0,342.0
54.0,-46.0,28.0,342.0
56.0,-46.0,28.0,342.0
58.0,-46.0,28.0,505.0
60.0,-46.0,28.0,505.0
62.0,-46.0,28.0,505.0
64.0,-46.0,28.0,193.0
66.0,-46.0,28.0,193.0
-66.0,-44.0,28.0,392.0
-64.0,-44.0,28.0,392.0
-62.0,-44.0,28.0,242.0
-60.0,-44.0,28.0,242.0
-58.0,-44.0,28.0,242.0
-56.0,-44.0,28.0,242.0
-54.0,-44.0,28.0,242.0
-52.0,-44.0,28.0,242.0
-50.0,-44.0,28.0,242.0
-48.0,-44.0,28.0,242.0
-46.0,-44.0,28.0,242.0
-12.0,-44.0,28.0,12.0
-10.0,-44.0,28.0,12.0
-8.0,-44.0,28.0,12.0
-6.0,-44.0,28.0,98.0
-4.0,-44.0,28.0,98.0
-2.0,-44.0,28.0,98.0
0.0,-44.0,28.0,98.0
2.0,-44.0,28.0,122.0
4.0,-44.0,28.0,122.0
6.0,-44.0,28.0,122.0
8.0,-44.0,28.0,122.0
10.0,-44.0,28.0,122.0
46.0,-44.0,28.0,488.0
48.0,-44.0,28.0,488.0
50.0,-44.0,28.0,488.0
52.0,-44.0,28.0,342.0
54.0,-44.0,28.0,342.0
56.0,-44.0,28.0,342.0
58.0,-44.0,28.0,342.0
60.0,-44.0,28.0,342.0
62.0,-44.0,28.0,342.0
64.0,-44.0,28.0,193.0
66.0,-44.0,28.0,193.0
-68.0,-42.0,28.0,392.0
-66.0,-42.0,28.0,392.0
-64.0,-42.0,28.0,242.0
-62.0,-42.0,28.0,242.0
-60.0,-42.0,28.0,242.0
-58.0,-42.0,28.0,242.0
-56.0,-42.0,28.0,242.0
-54.0,-42.0,28.0,242.0
-52.0,-42.0,28.0,242.0
-50.0,-42.0,28.0,242.0
-48.0,-42.0,28.0,242.0
-46.0,-42.0,28.0,242.0
-8.0,-42.0,28.0,12.0
-6.0,-42.0,28.0,199.0
-4.0,-42.0,28.0,98.0
-2.0,-42.0,28.0,98.0
0.0,-42.0,28.0,122.0
2.0,-42.0,28.0,122.0
4.0,-42.0,28.0,122.0
6.0,-42.0,28.0,122.0
8.0,-42.0,28.0,122.0
50.0,-42.0,28.0,488.0
52.0,-42.0,28.0,342.0
54.0,-42.0,28.0,342.0
56.0,-42.0,28.0,342.0
58.0,-42.0,28.0,342.0
60.0,-42.0,28.0,342.0
62.0,-42.0,28.0,342.0
64.0,-42.0,28.0,342.0
66.0,-42.0,28.0,193.0
-68.0,-40.0,28.0,392.0
-66.0,-40.0,28.0,392.0
-64.0,-40.0,28.0,242.0
-62.0,-40.0,28.0,242.0
-60.0,-40.0,28.0,242.0
-58.0,-40.0,28.0,242.0
-56.0,-40.0,28.0,242.0
-54.0,-40.0,28.0,242.0
-8.0,-40.0,28.0,12.0
-6.0,-40.0,28.0,199.0
-4.0,-40.0,28.0,199.0
-2.0,-40.0,28.0,199.0
0.0,-40.0,28.0,122.0
2.0,-40.0,28.0,122.0
4.0,-40.0,28.0,122.0
6.0,-40.0,28.0,122.0
8.0,-40.0,28.0,122.0
48.0,-40.0,28.0,488.0
50.0,-40.0,28.0,488.0
52.0,-40.0,28.0,488.0
54.0,-40.0,28.0,342.0
56.0,-40.0,28.0,342.0
58.0,-40.0,28.0,342.0
60.0,-40.0,28.0,342.0
62.0,-40.0,28.0,342.0
64.0,-40.0,28.0,553.0
66.0,-40.0,28.0,553.0
-68.0,-38.0,28.0,71.0
-66.0,-38.0,28.0,71.0
-64.0,-38.0,28.0,221.0
-62.0,-38.0,28.0,221.0
-60.0,-38.0,28.0,221.0
-58.0,-38.0,28.0,221.0
-56.0,-38.0,28.0,221.0
-54.0,-38.0,28.0,221.0
-8.0,-38.0,28.0,12.0
-6.0,-38.0,28.0,199.0
-4.0,-38.0,28.0,199.0
-2.0,-38.0,28.0,55.0
0.0,-38.0,28.0,435.0
2.0,-38.0,28.0,122.0
4.0,-38.0,28.0,122.0
6.0,-38.0,28.0,122.0
8.0,-38.0,28.0,122.0
48.0,-38.0,28.0,488.0
50.0,-38.0,28.0,488.0
52.0,-38.0,28.0,488.0
54.0,-38.0,28.0,358.0
56.0,-38.0,28.0,358.0
58.0,-38.0,28.0,358.0
60.0,-38.0,28.0,358.0
62.0,-38.0,28.0,553.0
64.0,-38.0,28.0,553.0
66.0,-38.0,28.0,553.0
-68.0,-36.0,28.0,71.0
-66.0,-36.0,28.0,71.0
-64.0,-36.0,28.0,71.0
-62.0,-36.0,28.0,221.0
-60.0,-36.0,28.0,221.0
-58.0,-36.0,28.0,221.0
-56.0,-36.0,28.0,221.0
-54.0,-36.0,28.0,221.0
-52.0,-36.0,28.0,221.0
-8.0,-36.0,28.0,55.0
-6.0,-36.0,28.0,55.0
-4.0,-36.0,28.0,55.0
-2.0,-36.0,28.0,55.0
0.0,-36.0,28.0,55.0
2.0,-36.0,28.0,435.0
4.0,-36.0,28.0,122.0
6.0,-36.0,28.0,122.0
52.0,-36.0,28.0,488.0
54.0,-36.0,28.0,358.0
56.0,-36.0,28.0,358.0
58.0,-36.0,28.0,358.0
60.0,-36.0,28.0,358.0
62.0,-36.0,28.0,553.0
64.0,-36.0,28.0,553.0
66.0,-36.0,28.0,553.0
68.0,-36.0,28.0,553.0
-68.0,-34.0,28.0,71.0
-66.0,-34.0,28.0,71.0
-64.0,-34.0,28.0,71.0
-62.0,-34.0,28.0,71.0
-60.0,-34.0,28.0,71.0
-58.0,-34.0,28.0,221.0
-56.0,-34.0,28.0,221.0
-54.0,-34.0,28.0,221.0
-52.0,-34.0,28.0,221.0
-50.0,-34.0,28.0,221.0
-8.0,-34.0,28.0,55.0
-6.0,-34.0,28.0,55.0
-4.0,-34.0,28.0,55.0
-2.0,-34.0,28.0,55.0
0.0,-34.0,28.0,55.0
2.0,-34.0,28.0,55.0
4.0,-34.0,28.0,55.0
6.0,-34.0,28.0,122.0
8.0,-34.0,28.0,122.0
44.0,-34.0,28.0,488.0
46.0,-34.0,28.0,488.0
48.0,-34.0,28.0,488.0
50.0,-34.0,28.0,488.0
52.0,-34.0,28.0,358.0
54.0,-34.0,28.0,358.0
56.0,-34.0,28.0,358.0
58.0,-34.0,28.0,358.0
60.0,-34.0,28.0,358.0
62.0,-34.0,28.0,553.0
64.0,-34.0,28.0,553.0
66.0,-34.0,28.0,553.0
68.0,-34.0,28.0,553.0
-68.0,-32.0,28.0,71.0
-66.0,-32.0,28.0,71.0
-64.0,-32.0,28.0,71.0
-62.0,-32.0,28.0,71.0
-60.0,-32.0,28.0,71.0
-58.0,-32.0,28.0,71.0
-56.0,-32.0,28.0,71.0
-54.0,-32.0,28.0,221.0
-52.0,-32.0,28.0,221.0
-50.0,-32.0,28.0,221.0
-48.0,-32.0,28.0,221.0
-10.0,-32.0,28.0,55.0
-8.0,-32.0,28.0,55.0
-6.0,-32.0,28.0,55.0
-4.0,-32.0,28.0,55.0
-2.0,-32.0,28.0,55.0
0.0,-32.0,28.0,55.0
2.0,-32.0,28.0,55.0
4.0,-32.0,28.0,55.0
6.0,-32.0,28.0,55.0
8.0,-32.0,28.0,122.0
46.0,-32.0,28.0,488.0
48.0,-32.0,28.0,488.0
50.0,-32.0,28.0,488.0
52.0,-32.0,28.0,358.0
54.0,-32.0,28.0,358.0
56.0,-32.0,28.0,358.0
58.0,-32.0,28.0,358.0
60.0,-32.0,28.0,358.0
62.0,-32.0,28.0,553.0
64.0,-32.0,28.0,553.0
66.0,-32.0,28.0,553.0
68.0,-32.0,28.0,553.0
-68.0,-30.0,28.0,447.0
-66.0,-30.0,28.0,71.0
-64.0,-30.0,28.0,71.0
-62.0,-30.0,28.0,71.0
-60.0,-30.0,28.0,71.0
-58.0,-30.0,28.0,71.0
-56.0,-30.0,28.0,71.0
-54.0,-30.0,28.0,71.0
-52.0,-30.0,28.0,221.0
-50.0,-30.0,28.0,221.0
-48.0,-30.0,28.0,221.0
-10.0,-30.0,28.0,55.0
-8.0,-30.0,28.0,55.0
-6.0,-30.0,28.0,55.0
-4.0,-30.0,28.0,55.0
-2.0,-30.0,28.0,55.0
0.0,-30.0,28.0,55.0
2.0,-30.0,28.0,55.0
4.0,-30.0,28.0,55.0
6.0,-30.0,28.0,55.0
8.0,-30.0,28.0,55.0
50.0,-30.0,28.0,379.0
52.0,-30.0,28.0,379.0
54.0,-30.0,28.0,379.0
56.0,-30.0,28.0,379.0
58.0,-30.0,28.0,379.0
60.0,-30.0,28.0,379.0
62.0,-30.0,28.0,20.0
64.0,-30.0,28.0,553.0
66.0,-30.0,28.0,553.0
68.0,-30.0,28.0,553.0
-68.0,-28.0,28.0,447.0
-66.0,-28.0,28.0,447.0
-64.0,-28.0,28.0,71.0
-62.0,-28.0,28.0,71.0
-60.0,-28.0,28.0,71.0
-58.0,-28.0,28.0,71.0
-56.0,-28.0,28.0,71.0
-54.0,-28.0,28.0,71.0
-52.0,-28.0,28.0,71.0
-50.0,-28.0,28.0,213.0
-48.0,-28.0,28.0,213.0
-10.0,-28.0,28.0,55.0
-8.0,-28.0,28.0,55.0
-6.0,-28.0,28.0,55.0
-4.0,-28.0,28.0,55.0
-2.0,-28.0,28.0,55.0
0.0,-28.0,28.0,55.0
2.0,-28.0,28.0,55.0
4.0,-28.0,28.0,55.0
6.0,-28.0,28.0,55.0
8.0,-28.0,28.0,55.0
50.0,-28.0,28.0,379.0
52.0,-28.0,28.0,379.0
54.0,-28.0,28.0,379.0
56.0,-28.0,28.0,379.0
58.0,-28.0,28.0,379.0
60.0,-28.0,28.0,20.0
62.0,-28.0,28.0,20.0
64.0,-28.0,28.0,20.0
66.0,-28.0,28.0,20.0
68.0,-28.0,28.0,553.0
-68.0,-26.0,28.0,447.0
-66.0,-26.0,28.0,447.0
-64.0,-26.0,28.0,71.0
-62.0,-26.0,28.0,71.0
-60.0,-26.0,28.0,71.0
-58.0,-26.0,28.0,71.0
-56.0,-26.0,28.0,71.0
-54.0,-26.0,28.0,71.0
-52.0,-26.0,28.0,71.0
-50.0,-26.0,28.0,213.0
-48.0,-26.0,28.0,205.0
-8.0,-26.0,28.0,55.0
-6.0,-26.0,28.0,55.0
-4.0,-26.0,28.0,55.0
-2.0,-26.0,28.0,55.0
0.0,-26.0,28.0,55.0
2.0,-26.0,28.0,55.0
4.0,-26.0,28.0,55.0
6.0,-26.0,28.0,55.0
8.0,-26.0,28.0,239.0
48.0,-26.0,28.0,285.0
50.0,-26.0,28.0,379.0
52.0,-26.0,28.0,379.0
54.0,-26.0,28.0,379.0
56.0,-26.0,28.0,379.0
58.0,-26.0,28.0,20.0
60.0,-26.0,28.0,20.0
62.0,-26.0,28.0,20.0
64.0,-26.0,28.0,20.0
66.0,-26.0,28.0,20.0
68.0,-26.0,28.0,20.0
-68.0,-24.0,28.0,447.0
-66.0,-24.0,28.0,447.0
-64.0,-24.0,28.0,447.0
-62.0,-24.0,28.0,71.0
-60.0,-24.0,28.0,71.0
-58.0,-24.0,28.0,71.0
-56.0,-24.0,28.0,71.0
-54.0,-24.0,28.0,71.0
-52.0,-24.0,28.0,71.0
-8.0,-24.0,28.0,55.0
-6.0,-24.0,28.0,55.0
-4.0,-24.0,28.0,55.0
-2.0,-24.0,28.0,55.0
0.0,-24.0,28.0,55.0
2.0,-24.0,28.0,55.0
4.0,-24.0,28.0,55.0
6.0,-24.0,28.0,239.0
8.0,-24.0,28.0,239.0
48.0,-24.0,28.0,285.0
50.0,-24.0,28.0,379.0
52.0,-24.0,28.0,379.0
54.0,-24.0,28.0,379.0
56.0,-24.0,28.0,20.0
58.0,-24.0,28.0,20.0
60.0,-24.0,28.0,20.0
62.0,-24.0,28.0,20.0
64.0,-24.0,28.0,20.0
66.0,-24.0,28.0,20.0
68.0,-24.0,28.0,20.0
-68.0,-22.0,28.0,447.0
-66.0,-22.0,28.0,447.0
-64.0,-22.0,28.0,447.0
-62.0,-22.0,28.0,71.0
-60.0,-22.0,28.0,71.0
-58.0,-22.0,28.0,71.0
-56.0,-22.0,28.0,71.0
-54.0,-22.0,28.0,71.0
-52.0,-22.0,28.0,71.0
-8.0,-22.0,28.0,55.0
-6.0,-22.0,28.0,55.0
-4.0,-22.0,28.0,55.0
-2.0,-22.0,28.0,55.0
0.0,-22.0,28.0,55.0
2.0,-22.0,28.0,55.0
4.0,-22.0,28.0,239.0
6.0,-22.0,28.0,239.0
50.0,-22.0,28.0,285.0
52.0,-22.0,28.0,379.0
54.0,-22.0,28.0,20.0
56.0,-22.0,28.0,20.0
58.0,-22.0,28.0,20.0
60.0,-22.0,28.0,20.0
62.0,-22.0,28.0,20.0
64.0,-22.0,28.0,20.0
66.0,-22.0,28.0,20.0
68.0,-22.0,28.0,20.0
-68.0,-20.0,28.0,447.0
-66.0,-20.0,28.0,447.0
-64.0,-20.0,28.0,447.0
-62.0,-20.0,28.0,447.0
-60.0,-20.0,28.0,71.0
-58.0,-20.0,28.0,71.0
-56.0,-20.0,28.0,71.0
-54.0,-20.0,28.0,71.0
-52.0,-20.0,28.0,71.0
-8.0,-20.0,28.0,55.0
-6.0,-20.0,28.0,55.0
-4.0,-20.0,28.0,542.0
-2.0,-20.0,28.0,542.0
0.0,-20.0,28.0,542.0
2.0,-20.0,28.0,542.0
4.0,-20.0,28.0,239.0
6.0,-20.0,28.0,239.0
50.0,-20.0,28.0,285.0
52.0,-20.0,28.0,20.0
54.0,-20.0,28.0,20.0
56.0,-20.0,28.0,20.0
58.0,-20.0,28.0,20.0
60.0,-20.0,28.0,20.0
62.0,-20.0,28.0,20.0
64.0,-20.0,28.0,20.0
66.0,-20.0,28.0,20.0
68.0,-20.0,28.0,20.0
-68.0,-18.0,28.0,447.0
-66.0,-18.0,28.0,447.0
-64.0,-18.0,28.0,447.0
-62.0,-18.0,28.0,447.0
-60.0,-18.0,28.0,447.0
-58.0,-18.0,28.0,71.0
-56.0,-18.0,28.0,71.0
-54.0,-18.0,28.0,71.0
-52.0,-18.0,28.0,205.0
-8.0,-18.0,28.0,216.0
-6.0,-18.0,28.0,542.0
-4.0,-18.0,28.0,542.0
-2.0,-18.0,28.0,542.0
0.0,-18.0,28.0,542.0
2.0,-18.0,28.0,239.0
4.0,-18.0,28.0,239.0
54.0,-18.0,28.0,20.0
60.0,-18.0,28.0,20.0
62.0,-18.0,28.0,20.0
64.0,-18.0,28.0,20.0
66.0,-18.0,28.0,20.0
-68.0,-16.0,28.0,447.0
-66.0,-16.0,28.0,447.0
-64.0,-16.0,28.0,447.0
-62.0,-16.0,28.0,447.0
-60.0,-16.0,28.0,478.0
-58.0,-16.0,28.0,478.0
-56.0,-16.0,28.0,71.0
-54.0,-16.0,28.0,71.0
-8.0,-16.0,28.0,216.0
-6.0,-16.0,28.0,542.0
-4.0,-16.0,28.0,542.0
2.0,-16.0,28.0,239.0
4.0,-16.0,28.0,239.0
18.0,-16.0,28.0,239.0
62.0,-16.0,28.0,20.0
64.0,-16.0,28.0,20.0
66.0,-16.0,28.0,20.0
-68.0,-14.0,28.0,447.0
-66.0,-14.0,28.0,478.0
-64.0,-14.0,28.0,478.0
-62.0,-14.0,28.0,478.0
-60.0,-14.0,28.0,478.0
-58.0,-14.0,28.0,478.0
-56.0,-14.0,28.0,478.0
-6.0,-14.0,28.0,267.0
-4.0,-14.0,28.0,542.0
18.0,-14.0,28.0,239.0
60.0,-14.0,28.0,20.0
62.0,-14.0,28.0,20.0
64.0,-14.0,28.0,20.0
66.0,-14.0,28.0,20.0
-68.0,-12.0,28.0,478.0
-66.0,-12.0,28.0,478.0
-64.0,-12.0,28.0,478.0
-62.0,-12.0,28.0,478.0
-60.0,-12.0,28.0,478.0
-58.0,-12.0,28.0,478.0
-20.0,-12.0,28.0,257.0
-18.0,-12.0,28.0,257.0
16.0,-12.0,28.0,239.0
18.0,-12.0,28.0,239.0
56.0,-12.0,28.0,393.0
58.0,-12.0,28.0,393.0
60.0,-12.0,28.0,20.0
62.0,-12.0,28.0,20.0
64.0,-12.0,28.0,20.0
66.0,-12.0,28.0,20.0
-68.0,-10.0,28.0,478.0
-66.0,-10.0,28.0,478.0
-64.0,-10.0,28.0,478.0
-62.0,-10.0,28.0,478.0
-60.0,-10.0,28.0,478.0
-20.0,-10.0,28.0,257.0
-18.0,-10.0,28.0,267.0
16.0,-10.0,28.0,239.0
18.0,-10.0,28.0,239.0
50.0,-10.0,28.0,393.0
52.0,-10.0,28.0,393.0
54.0,-10.0,28.0,393.0
56.0,-10.0,28.0,393.0
58.0,-10.0,28.0,393.0
60.0,-10.0,28.0,393.0
62.0,-10.0,28.0,393.0
64.0,-10.0,28.0,393.0
-68.0,-8.0,28.0,478.0
-66.0,-8.0,28.0,478.0
-64.0,-8.0,28.0,478.0
-62.0,-8.0,28.0,19.0
-60.0,-8.0,28.0,19.0
-52.0,-8.0,28.0,19.0
-20.0,-8.0,28.0,267.0
-18.0,-8.0,28.0,267.0
16.0,-8.0,28.0,239.0
18.0,-8.0,28.0,239.0
50.0,-8.0,28.0,393.0
52.0,-8.0,28.0,393.0
54.0,-8.0,28.0,393.0
56.0,-8.0,28.0,393.0
58.0,-8.0,28.0,393.0
60.0,-8.0,28.0,393.0
62.0,-8.0,28.0,393.0
64.0,-8.0,28.0,393.0
66.0,-8.0,28.0,393.0
-66.0,-6.0,28.0,478.0
-64.0,-6.0,28.0,19.0
-62.0,-6.0,28.0,19.0
-60.0,-6.0,28.0,19.0
-58.0,-6.0,28.0,19.0
-52.0,-6.0,28.0,19.0
-6.0,-6.0,28.0,267.0
-4.0,-6.0,28.0,586.0
4.0,-6.0,28.0,586.0
16.0,-6.0,28.0,259.0
18.0,-6.0,28.0,239.0
56.0,-6.0,28.0,393.0
58.0,-6.0,28.0,393.0
60.0,-6.0,28.0,393.0
62.0,-6.0,28.0,393.0
64.0,-6.0,28.0,393.0
-66.0,-4.0,28.0,19.0
-64.0,-4.0,28.0,19.0
-62.0,-4.0,28.0,19.0
-60.0,-4.0,28.0,19.0
-58.0,-4.0,28.0,19.0
-56.0,-4.0,28.0,19.0
-54.0,-4.0,28.0,19.0
-52.0,-4.0,28.0,19.0
-50.0,-4.0,28.0,19.0
-48.0,-4.0,28.0,421.0
-46.0,-4.0,28.0,421.0
-6.0,-4.0,28.0,586.0
-4.0,-4.0,28.0,586.0
4.0,-4.0,28.0,586.0
16.0,-4.0,28.0,259.0
18.0,-4.0,28.0,259.0
56.0,-4.0,28.0,393.0
58.0,-4.0,28.0,393.0
60.0,-4.0,28.0,393.0
62.0,-4.0,28.0,393.0
64.0,-4.0,28.0,393.0
-66.0,-2.0,28.0,19.0
-64.0,-2.0,28.0,19.0
-62.0,-2.0,28.0,19.0
-60.0,-2.0,28.0,19.0
-58.0,-2.0,28.0,19.0
-56.0,-2.0,28.0,19.0
-54.0,-2.0,28.0,19.0
-52.0,-2.0,28.0,19.0
-50.0,-2.0,28.0,19.0
-48.0,-2.0,28.0,421.0
-6.0,-2.0,28.0,586.0
-4.0,-2.0,28.0,586.0
4.0,-2.0,28.0,586.0
16.0,-2.0,28.0,259.0
18.0,-2.0,28.0,259.0
46.0,-2.0,28.0,229.0
48.0,-2.0,28.0,393.0
50.0,-2.0,28.0,393.0
52.0,-2.0,28.0,393.0
58.0,-2.0,28.0,393.0
60.0,-2.0,28.0,393.0
62.0,-2.0,28.0,393.0
-64.0,-0.0,28.0,19.0
-62.0,-0.0,28.0,19.0
-60.0,-0.0,28.0,19.0
-58.0,-0.0,28.0,19.0
-56.0,-0.0,28.0,19.0
-54.0,-0.0,28.0,19.0
-52.0,-0.0,28.0,19.0
-50.0,-0.0,28.0,188.0
-6.0,-0.0,28.0,586.0
-4.0,-0.0,28.0,586.0
4.0,-0.0,28.0,586.0
40.0,-0.0,28.0,331.0
42.0,-0.0,28.0,331.0
44.0,-0.0,28.0,229.0
46.0,-0.0,28.0,229.0
48.0,-0.0,28.0,393.0
50.0,-0.0,28.0,393.0
52.0,-0.0,28.0,393.0
54.0,-0.0,28.0,393.0
58.0,-0.0,28.0,393.0
60.0,-0.0,28.0,393.0
62.0,-0.0,28.0,393.0
-64.0,2.0,28.0,19.0
-62.0,2.0,28.0,19.0
-60.0,2.0,28.0,19.0
-58.0,2.0,28.0,19.0
-56.0,2.0,28.0,188.0
-54.0,2.0,28.0,188.0
-6.0,2.0,28.0,586.0
-4.0,2.0,28.0,586.0
2.0,2.0,28.0,586.0
4.0,2.0,28.0,586.0
38.0,2.0,28.0,331.0
40.0,2.0,28.0,331.0
42.0,2.0,28.0,331.0
44.0,2.0,28.0,229.0
46.0,2.0,28.0,201.0
48.0,2.0,28.0,393.0
50.0,2.0,28.0,393.0
52.0,2.0,28.0,393.0
54.0,2.0,28.0,393.0
56.0,2.0,28.0,393.0
58.0,2.0,28.0,393.0
60.0,2.0,28.0,393.0
62.0,2.0,28.0,393.0
-64.0,4.0,28.0,19.0
-62.0,4.0,28.0,188.0
-60.0,4.0,28.0,188.0
-58.0,4.0,28.0,188.0
-56.0,4.0,28.0,188.0
-48.0,4.0,28.0,188.0
-46.0,4.0,28.0,188.0
-44.0,4.0,28.0,188.0
-6.0,4.0,28.0,586.0
-4.0,4.0,28.0,586.0
-2.0,4.0,28.0,586.0
2.0,4.0,28.0,586.0
4.0,4.0,28.0,586.0
36.0,4.0,28.0,331.0
38.0,4.0,28.0,331.0
40.0,4.0,28.0,331.0
42.0,4.0,28.0,229.0
44.0,4.0,28.0,201.0
46.0,4.0,28.0,201.0
48.0,4.0,28.0,201.0
50.0,4.0,28.0,393.0
52.0,4.0,28.0,393.0
54.0,4.0,28.0,393.0
56.0,4.0,28.0,393.0
58.0,4.0,28.0,393.0
60.0,4.0,28.0,393.0
62.0,4.0,28.0,393.0
-64.0,6.0,28.0,188.0
-62.0,6.0,28.0,188.0
-60.0,6.0,28.0,188.0
-58.0,6.0,28.0,188.0
-56.0,6.0,28.0,188.0
-54.0,6.0,28.0,188.0
-52.0,6.0,28.0,188.0
-50.0,6.0,28.0,188.0
-48.0,6.0,28.0,188.0
-46.0,6.0,28.0,188.0
-44.0,6.0,28.0,188.0
-42.0,6.0,28.0,44.0
-40.0,6.0,28.0,236.0
-6.0,6.0,28.0,586.0
-4.0,6.0,28.0,586.0
-2.0,6.0,28.0,586.0
0.0,6.0,28.0,586.0
2.0,6.0,28.0,586.0
4.0,6.0,28.0,586.0
34.0,6.0,28.0,331.0
36.0,6.0,28.0,331.0
38.0,6.0,28.0,331.0
40.0,6.0,28.0,331.0
42.0,6.0,28.0,201.0
44.0,6.0,28.0,201.0
46.0,6.0,28.0,201.0
48.0,6.0,28.0,201.0
50.0,6.0,28.0,161.0
52.0,6.0,28.0,161.0
54.0,6.0,28.0,161.0
56.0,6.0,28.0,393.0
58.0,6.0,28.0,82.0
60.0,6.0,28.0,82.0
62.0,6.0,28.0,82.0
-64.0,8.0,28.0,197.0
-62.0,8.0,28.0,188.0
-60.0,8.0,28.0,188.0
-58.0,8.0,28.0,188.0
-56.0,8.0,28.0,188.0
-54.0,8.0,28.0,188.0
-52.0,8.0,28.0,188.0
-50.0,8.0,28.0,188.0
-48.0,8.0,28.0,188.0
-46.0,8.0,28.0,188.0
-44.0,8.0,28.0,44.0
-42.0,8.0,28.0,44.0
-40.0,8.0,28.0,44.0
-38.0,8.0,28.0,44.0
-36.0,8.0,28.0,44.0
-6.0,8.0,28.0,586.0
-4.0,8.0,28.0,586.0
-2.0,8.0,28.0,586.0
0.0,8.0,28.0,586.0
2.0,8.0,28.0,586.0
4.0,8.0,28.0,586.0
6.0,8.0,28.0,586.0
34.0,8.0,28.0,331.0
36.0,8.0,28.0,331.0
38.0,8.0,28.0,331.0
40.0,8.0,28.0,331.0
42.0,8.0,28.0,201.0
44.0,8.0,28.0,201.0
46.0,8.0,28.0,201.0
48.0,8.0,28.0,161.0
50.0,8.0,28.0,161.0
52.0,8.0,28.0,161.0
54.0,8.0,28.0,161.0
56.0,8.0,28.0,82.0
58.0,8.0,28.0,82.0
60.0,8.0,28.0,82.0
62.0,8.0,28.0,82.0
-62.0,10.0,28.0,197.0
-60.0,10.0,28.0,188.0
-58.0,10.0,28.0,188.0
-56.0,10.0,28.0,188.0
-54.0,10.0,28.0,188.0
-52.0,10.0,28.0,188.0
-50.0,10.0,28.0,188.0
-48.0,10.0,28.0,188.0
-46.0,10.0,28.0,188.0
-44.0,10.0,28.0,44.0
-42.0,10.0,28.0,44.0
-40.0,10.0,28.0,44.0
-38.0,10.0,28.0,44.0
-36.0,10.0,28.0,44.0
-34.0,10.0,28.0,44.0
-6.0,10.0,28.0,160.0
-4.0,10.0,28.0,160.0
-2.0,10.0,28.0,160.0
0.0,10.0,28.0,160.0
2.0,10.0,28.0,160.0
4.0,10.0,28.0,160.0
6.0,10.0,28.0,215.0
32.0,10.0,28.0,331.0
34.0,10.0,28.0,331.0
36.0,10.0,28.0,331.0
38.0,10.0,28.0,331.0
40.0,10.0,28.0,201.0
42.0,10.0,28.0,201.0
44.0,10.0,28.0,201.0
46.0,10.0,28.0,161.0
48.0,10.0,28.0,161.0
50.0,10.0,28.0,161.0
52.0,10.0,28.0,161.0
54.0,10.0,28.0,161.0
56.0,10.0,28.0,82.0
58.0,10.0,28.0,82.0
60.0,10.0,28.0,82.0
-62.0,12.0,28.0,197.0
-60.0,12.0,28.0,197.0
-58.0,12.0,28.0,404.0
-56.0,12.0,28.0,188.0
-54.0,12.0,28.0,188.0
-52.0,12.0,28.0,188.0
-50.0,12.0,28.0,188.0
-48.0,12.0,28.0,188.0
-46.0,12.0,28.0,44.0
-44.0,12.0,28.0,44.0
-42.0,12.0,28.0,44.0
-40.0,12.0,28.0,44.0
-38.0,12.0,28.0,44.0
-36.0,12.0,28.0,44.0
-34.0,12.0,28.0,308.0
-6.0,12.0,28.0,160.0
-4.0,12.0,28.0,160.0
-2.0,12.0,28.0,160.0
0.0,12.0,28.0,160.0
2.0,12.0,28.0,160.0
4.0,12.0,28.0,160.0
6.0,12.0,28.0,215.0
32.0,12.0,28.0,331.0
34.0,12.0,28.0,331.0
36.0,12.0,28.0,331.0
38.0,12.0,28.0,201.0
40.0,12.0,28.0,201.0
42.0,12.0,28.0,201.0
44.0,12.0,28.0,161.0
46.0,12.0,28.0,161.0
48.0,12.0,28.0,161.0
50.0,12.0,28.0,161.0
52.0,12.0,28.0,161.0
54.0,12.0,28.0,161.0
56.0,12.0,28.0,82.0
58.0,12.0,28.0,82.0
60.0,12.0,28.0,82.0
-62.0,14.0,28.0,197.0
-60.0,14.0,28.0,197.0
-58.0,14.0,28.0,404.0
-56.0,14.0,28.0,404.0
-54.0,14.0,28.0,404.0
-52.0,14.0,28.0,404.0
-50.0,14.0,28.0,404.0
-48.0,14.0,28.0,188.0
-46.0,14.0,28.0,44.0
-44.0,14.0,28.0,44.0
-42.0,14.0,28.0,44.0
-40.0,14.0,28.0,44.0
-38.0,14.0,28.0,44.0
-36.0,14.0,28.0,44.0
-34.0,14.0,28.0,308.0
-6.0,14.0,28.0,160.0
-4.0,14.0,28.0,160.0
-2.0,14.0,28.0,160.0
0.0,14.0,28.0,160.0
2.0,14.0,28.0,160.0
4.0,14.0,28.0,215.0
6.0,14.0,28.0,215.0
32.0,14.0,28.0,331.0
34.0,14.0,28.0,331.0
36.0,14.0,28.0,331.0
38.0,14.0,28.0,201.0
40.0,14.0,28.0,201.0
42.0,14.0,28.0,201.0
44.0,14.0,28.0,161.0
46.0,14.0,28.0,161.0
48.0,14.0,28.0,161.0
50.0,14.0,28.0,161.0
52.0,14.0,28.0,161.0
54.0,14.0,28.0,161.0
56.0,14.0,28.0,82.0
58.0,14.0,28.0,82.0
-60.0,16.0,28.0,404.0
-58.0,16.0,28.0,404.0
-56.0,16.0,28.0,404.0
-54.0,16.0,28.0,404.0
-52.0,16.0,28.0,404.0
-50.0,16.0,28.0,404.0
-48.0,16.0,28.0,44.0
-46.0,16.0,28.0,44.0
-44.0,16.0,28.0,44.0
-42.0,16.0,28.0,44.0
-40.0,16.0,28.0,44.0
-38.0,16.0,28.0,360.0
-36.0,16.0,28.0,360.0
-34.0,16.0,28.0,360.0
-6.0,16.0,28.0,160.0
-4.0,16.0,28.0,160.0
-2.0,16.0,28.0,160.0
0.0,16.0,28.0,160.0
2.0,16.0,28.0,160.0
4.0,16.0,28.0,215.0
34.0,16.0,28.0,167.0
36.0,16.0,28.0,167.0
38.0,16.0,28.0,201.0
40.0,16.0,28.0,201.0
42.0,16.0,28.0,161.0
44.0,16.0,28.0,161.0
46.0,16.0,28.0,161.0
48.0,16.0,28.0,161.0
50.0,16.0,28.0,161.0
52.0,16.0,28.0,161.0
54.0,16.0,28.0,161.0
56.0,16.0,28.0,82.0
58.0,16.0,28.0,82.0
-58.0,18.0,28.0,404.0
-56.0,18.0,28.0,404.0
-54.0,18.0,28.0,404.0
-52.0,18.0,28.0,404.0
-50.0,18.0,28.0,404.0
-48.0,18.0,28.0,44.0
-46.0,18.0,28.0,44.0
-44.0,18.0,28.0,44.0
-42.0,18.0,28.0,360.0
-40.0,18.0,28.0,360.0
-38.0,18.0,28.0,360.0
-36.0,18.0,28.0,360.0
-34.0,18.0,28.0,360.0
-6.0,18.0,28.0,160.0
-4.0,18.0,28.0,160.0
-2.0,18.0,28.0,160.0
0.0,18.0,28.0,160.0
2.0,18.0,28.0,160.0
4.0,18.0,28.0,215.0
6.0,18.0,28.0,215.0
34.0,18.0,28.0,167.0
36.0,18.0,28.0,167.0
38.0,18.0,28.0,167.0
40.0,18.0,28.0,161.0
42.0,18.0,28.0,161.0
44.0,18.0,28.0,161.0
46.0,18.0,28.0,161.0
48.0,18.0,28.0,161.0
50.0,18.0,28.0,161.0
52.0,18.0,28.0,161.0
54.0,18.0,28.0,161.0
56.0,18.0,28.0,82.0
58.0,18.0,28.0,82.0
-58.0,20.0,28.0,404.0
-56.0,20.0,28.0,404.0
-54.0,20.0,28.0,404.0
-52.0,20.0,28.0,404.0
-50.0,20.0,28.0,261.0
-48.0,20.0,28.0,261.0
-46.0,20.0,28.0,261.0
-44.0,20.0,28.0,360.0
-42.0,20.0,28.0,360.0
-40.0,20.0,28.0,360.0
-38.0,20.0,28.0,360.0
-36.0,20.0,28.0,360.0
-34.0,20.0,28.0,360.0
-6.0,20.0,28.0,160.0
-4.0,20.0,28.0,160.0
-2.0,20.0,28.0,160.0
0.0,20.0,28.0,160.0
2.0,20.0,28.0,160.0
4.0,20.0,28.0,215.0
6.0,20.0,28.0,215.0
8.0,20.0,28.0,215.0
36.0,20.0,28.0,167.0
38.0,20.0,28.0,167.0
40.0,20.0,28.0,167.0
42.0,20.0,28.0,161.0
44.0,20.0,28.0,161.0
46.0,20.0,28.0,161.0
48.0,20.0,28.0,161.0
50.0,20.0,28.0,161.0
52.0,20.0,28.0,161.0
54.0,20.0,28.0,161.0
56.0,20.0,28.0,82.0
-58.0,22.0,28.0,404.0
-56.0,22.0,28.0,404.0
-54.0,22.0,28.0,404.0
-52.0,22.0,28.0,261.0
-50.0,22.0,28.0,261.0
-48.0,22.0,28.0,261.0
-46.0,22.0,28.0,261.0
-44.0,22.0,28.0,360.0
-42.0,22.0,28.0,360.0
-40.0,22.0,28.0,360.0
-38.0,22.0,28.0,360.0
-36.0,22.0,28.0,360.0
-6.0,22.0,28.0,160.0
-4.0,22.0,28.0,160.0
-2.0,22.0,28.0,160.0
0.0,22.0,28.0,160.0
2.0,22.0,28.0,215.0
4.0,22.0,28.0,215.0
6.0,22.0,28.0,215.0
8.0,22.0,28.0,215.0
38.0,22.0,28.0,167.0
40.0,22.0,28.0,284.0
42.0,22.0,28.0,284.0
44.0,22.0,28.0,119.0
46.0,22.0,28.0,119.0
48.0,22.0,28.0,119.0
50.0,22.0,28.0,119.0
52.0,22.0,28.0,119.0
54.0,22.0,28.0,119.0
56.0,22.0,28.0,119.0
-58.0,24.0,28.0,404.0
-56.0,24.0,28.0,14.0
-54.0,24.0,28.0,14.0
-52.0,24.0,28.0,261.0
-50.0,24.0,28.0,261.0
-48.0,24.0,28.0,261.0
-46.0,24.0,28.0,261.0
-44.0,24.0,28.0,261.0
-42.0,24.0,28.0,360.0
-40.0,24.0,28.0,360.0
-38.0,24.0,28.0,360.0
-12.0,24.0,28.0,160.0
-10.0,24.0,28.0,160.0
-8.0,24.0,28.0,160.0
-6.0,24.0,28.0,160.0
-4.0,24.0,28.0,160.0
-2.0,24.0,28.0,160.0
0.0,24.0,28.0,160.0
2.0,24.0,28.0,215.0
4.0,24.0,28.0,215.0
6.0,24.0,28.0,215.0
8.0,24.0,28.0,531.0
10.0,24.0,28.0,531.0
12.0,24.0,28.0,531.0
46.0,24.0,28.0,119.0
48.0,24.0,28.0,119.0
50.0,24.0,28.0,119.0
52.0,24.0,28.0,119.0
54.0,24.0,28.0,119.0
56.0,24.0,28.0,119.0
-56.0,26.0,28.0,14.0
-54.0,26.0,28.0,14.0
-52.0,26.0,28.0,14.0
-50.0,26.0,28.0,261.0
-48.0,26.0,28.0,261.0
-46.0,26.0,28.0,261.0
-44.0,26.0,28.0,261.0
-42.0,26.0,28.0,360.0
-40.0,26.0,28.0,360.0
-14.0,26.0,28.0,160.0
-12.0,26.0,28.0,160.0
-10.0,26.0,28.0,160.0
-8.0,26.0,28.0,160.0
-6.0,26.0,28.0,160.0
-4.0,26.0,28.0,160.0
-2.0,26.0,28.0,160.0
0.0,26.0,28.0,531.0
2.0,26.0,28.0,531.0
4.0,26.0,28.0,531.0
6.0,26.0,28.0,531.0
8.0,26.0,28.0,531.0
10.0,26.0,28.0,531.0
12.0,26.0,28.0,531.0
46.0,26.0,28.0,119.0
48.0,26.0,28.0,119.0
50.0,26.0,28.0,119.0
52.0,26.0,28.0,119.0
54.0,26.0,28.0,119.0
-56.0,28.0,28.0,14.0
-54.0,28.0,28.0,14.0
-52.0,28.0,28.0,14.0
-50.0,28.0,28.0,261.0
-48.0,28.0,28.0,261.0
-46.0,28.0,28.0,261.0
-44.0,28.0,28.0,261.0
-42.0,28.0,28.0,360.0
-40.0,28.0,28.0,360.0
-34.0,28.0,28.0,360.0
-32.0,28.0,28.0,360.0
-30.0,28.0,28.0,360.0
-14.0,28.0,28.0,497.0
-12.0,28.0,28.0,160.0
-10.0,28.0,28.0,160.0
-8.0,28.0,28.0,160.0
-6.0,28.0,28.0,160.0
-4.0,28.0,28.0,258.0
-2.0,28.0,28.0,258.0
0.0,28.0,28.0,531.0
2.0,28.0,28.0,531.0
4.0,28.0,28.0,531.0
6.0,28.0,28.0,531.0
8.0,28.0,28.0,531.0
10.0,28.0,28.0,531.0
12.0,28.0,28.0,531.0
44.0,28.0,28.0,284.0
46.0,28.0,28.0,119.0
48.0,28.0,28.0,119.0
50.0,28.0,28.0,119.0
52.0,28.0,28.0,119.0
54.0,28.0,28.0,119.0
-54.0,30.0,28.0,14.0
-52.0,30.0,28.0,14.0
-50.0,30.0,28.0,14.0
-48.0,30.0,28.0,261.0
-46.0,30.0,28.0,261.0
-44.0,30.0,28.0,261.0
-42.0,30.0,28.0,261.0
-36.0,30.0,28.0,360.0
-34.0,30.0,28.0,360.0
-32.0,30.0,28.0,360.0
-30.0,30.0,28.0,360.0
-28.0,30.0,28.0,360.0
-12.0,30.0,28.0,497.0
-10.0,30.0,28.0,497.0
-8.0,30.0,28.0,258.0
-6.0,30.0,28.0,258.0
-4.0,30.0,28.0,258.0
-2.0,30.0,28.0,258.0
0.0,30.0,28.0,531.0
2.0,30.0,28.0,531.0
4.0,30.0,28.0,531.0
6.0,30.0,28.0,531.0
8.0,30.0,28.0,531.0
10.0,30.0,28.0,531.0
12.0,30.0,28.0,531.0
38.0,30.0,28.0,284.0
40.0,30.0,28.0,284.0
42.0,30.0,28.0,284.0
44.0,30.0,28.0,284.0
46.0,30.0,28.0,284.0
48.0,30.0,28.0,119.0
50.0,30.0,28.0,119.0
52.0,30.0,28.0,119.0
-54.0,32.0,28.0,14.0
-52.0,32.0,28.0,14.0
-50.0,32.0,28.0,14.0
-48.0,32.0,28.0,261.0
-46.0,32.0,28.0,261.0
-44.0,32.0,28.0,261.0
-42.0,32.0,28.0,261.0
-40.0,32.0,28.0,360.0
-38.0,32.0,28.0,360.0
-36.0,32.0,28.0,360.0
-34.0,32.0,28.0,360.0
-32.0,32.0,28.0,360.0
-30.0,32.0,28.0,360.0
-28.0,32.0,28.0,497.0
-12.0,32.0,28.0,497.0
-10.0,32.0,28.0,497.0
-8.0,32.0,28.0,258.0
-6.0,32.0,28.0,258.0
-4.0,32.0,28.0,258.0
-2.0,32.0,28.0,258.0
0.0,32.0,28.0,258.0
2.0,32.0,28.0,531.0
4.0,32.0,28.0,531.0
6.0,32.0,28.0,531.0
8.0,32.0,28.0,531.0
10.0,32.0,28.0,531.0
12.0,32.0,28.0,531.0
30.0,32.0,28.0,391.0
38.0,32.0,28.0,391.0
40.0,32.0,28.0,284.0
42.0,32.0,28.0,284.0
44.0,32.0,28.0,284.0
46.0,32.0,28.0,284.0
48.0,32.0,28.0,119.0
50.0,32.0,28.0,119.0
-52.0,34.0,28.0,14.0
-50.0,34.0,28.0,14.0
-48.0,34.0,28.0,14.0
-46.0,34.0,28.0,261.0
-44.0,34.0,28.0,301.0
-42.0,34.0,28.0,301.0
-40.0,34.0,28.0,301.0
-38.0,34.0,28.0,301.0
-36.0,34.0,28.0,416.0
-34.0,34.0,28.0,416.0
-32.0,34.0,28.0,416.0
-30.0,34.0,28.0,497.0
-28.0,34.0,28.0,497.0
-12.0,34.0,28.0,497.0
-10.0,34.0,28.0,497.0
-8.0,34.0,28.0,258.0
-6.0,34.0,28.0,258.0
-4.0,34.0,28.0,258.0
-2.0,34.0,28.0,258.0
0.0,34.0,28.0,258.0
2.0,34.0,28.0,531.0
4.0,34.0,28.0,531.0
6.0,34.0,28.0,531.0
8.0,34.0,28.0,531.0
10.0,34.0,28.0,531.0
12.0,34.0,28.0,531.0
26.0,34.0,28.0,391.0
28.0,34.0,28.0,391.0
30.0,34.0,28.0,391.0
32.0,34.0,28.0,391.0
38.0,34.0,28.0,391.0
40.0,34.0,28.0,284.0
42.0,34.0,28.0,284.0
44.0,34.0,28.0,284.0
46.0,34.0,28.0,284.0
48.0,34.0,28.0,146.0
50.0,34.0,28.0,119.0
-52.0,36.0,28.0,14.0
-50.0,36.0,28.0,437.0
-48.0,36.0,28.0,437.0
-46.0,36.0,28.0,301.0
-44.0,36.0,28.0,301.0
-42.0,36.0,28.0,301.0
-40.0,36.0,28.0,301.0
-38.0,36.0,28.0,301.0
-36.0,36.0,28.0,416.0
-34.0,36.0,28.0,416.0
-32.0,36.0,28.0,416.0
-30.0,36.0,28.0,497.0
-28.0,36.0,28.0,497.0
-14.0,36.0,28.0,497.0
-12.0,36.0,28.0,497.0
-10.0,36.0,28.0,497.0
-8.0,36.0,28.0,218.0
-6.0,36.0,28.0,218.0
-4.0,36.0,28.0,218.0
-2.0,36.0,28.0,218.0
0.0,36.0,28.0,218.0
2.0,36.0,28.0,218.0
4.0,36.0,28.0,218.0
6.0,36.0,28.0,531.0
8.0,36.0,28.0,531.0
10.0,36.0,28.0,531.0
12.0,36.0,28.0,531.0
26.0,36.0,28.0,391.0
28.0,36.0,28.0,391.0
30.0,36.0,28.0,391.0
32.0,36.0,28.0,391.0
34.0,36.0,28.0,391.0
36.0,36.0,28.0,391.0
38.0,36.0,28.0,391.0
40.0,36.0,28.0,284.0
42.0,36.0,28.0,284.0
44.0,36.0,28.0,284.0
46.0,36.0,28.0,284.0
48.0,36.0,28.0,146.0
-50.0,38.0,28.0,437.0
-48.0,38.0,28.0,437.0
-46.0,38.0,28.0,301.0
-44.0,38.0,28.0,301.0
-42.0,38.0,28.0,301.0
-40.0,38.0,28.0,301.0
-38.0,38.0,28.0,301.0
-36.0,38.0,28.0,416.0
-34.0,38.0,28.0,416.0
-32.0,38.0,28.0,416.0
-30.0,38.0,28.0,497.0
-28.0,38.0,28.0,497.0
-26.0,38.0,28.0,497.0
-24.0,38.0,28.0,497.0
-14.0,38.0,28.0,497.0
-12.0,38.0,28.0,497.0
-10.0,38.0,28.0,497.0
-8.0,38.0,28.0,218.0
-6.0,38.0,28.0,218.0
-4.0,38.0,28.0,218.0
-2.0,38.0,28.0,218.0
0.0,38.0,28.0,218.0
2.0,38.0,28.0,218.0
4.0,38.0,28.0,218.0
6.0,38.0,28.0,218.0
8.0,38.0,28.0,218.0
10.0,38.0,28.0,218.0
12.0,38.0,28.0,531.0
24.0,38.0,28.0,391.0
26.0,38.0,28.0,391.0
28.0,38.0,28.0,391.0
30.0,38.0,28.0,391.0
32.0,38.0,28.0,391.0
34.0,38.0,28.0,391.0
36.0,38.0,28.0,391.0
38.0,38.0,28.0,391.0
40.0,38.0,28.0,284.0
42.0,38.0,28.0,284.0
44.0,38.0,28.0,284.0
46.0,38.0,28.0,146.0
48.0,38.0,28.0,146.0
-48.0,40.0,28.0,437.0
-46.0,40.0,28.0,301.0
-44.0,40.0,28.0,301.0
-42.0,40.0,28.0,301.0
-40.0,40.0,28.0,301.0
-38.0,40.0,28.0,301.0
-36.0,40.0,28.0,416.0
-34.0,40.0,28.0,416.0
-32.0,40.0,28.0,416.0
-30.0,40.0,28.0,497.0
-28.0,40.0,28.0,497.0
-26.0,40.0,28.0,497.0
-24.0,40.0,28.0,497.0
-14.0,40.0,28.0,497.0
-12.0,40.0,28.0,497.0
-10.0,40.0,28.0,497.0
-8.0,40.0,28.0,218.0
-6.0,40.0,28.0,218.0
-4.0,40.0,28.0,218.0
-2.0,40.0,28.0,218.0
0.0,40.0,28.0,218.0
2.0,40.0,28.0,218.0
4.0,40.0,28.0,218.0
6.0,40.0,28.0,218.0
8.0,40.0,28.0,218.0
10.0,40.0,28.0,218.0
12.0,40.0,28.0,218.0
24.0,40.0,28.0,391.0
26.0,40.0,28.0,391.0
28.0,40.0,28.0,391.0
30.0,40.0,28.0,391.0
32.0,40.0,28.0,391.0
34.0,40.0,28.0,391.0
36.0,40.0,28.0,391.0
38.0,40.0,28.0,391.0
40.0,40.0,28.0,284.0
42.0,40.0,28.0,284.0
44.0,40.0,28.0,284.0
46.0,40.0,28.0,146.0
-48.0,42.0,28.0,437.0
-46.0,42.0,28.0,301.0
-44.0,42.0,28.0,301.0
-42.0,42.0,28.0,301.0
-40.0,42.0,28.0,301.0
-38.0,42.0,28.0,301.0
-36.0,42.0,28.0,416.0
-34.0,42.0,28.0,416.0
-32.0,42.0,28.0,416.0
-30.0,42.0,28.0,497.0
-28.0,42.0,28.0,497.0
-26.0,42.0,28.0,497.0
-24.0,42.0,28.0,497.0
-12.0,42.0,28.0,497.0
-10.0,42.0,28.0,497.0
-8.0,42.0,28.0,218.0
-6.0,42.0,28.0,218.0
-4.0,42.0,28.0,218.0
-2.0,42.0,28.0,218.0
2.0,42.0,28.0,218.0
4.0,42.0,28.0,218.0
6.0,42.0,28.0,218.0
8.0,42.0,28.0,218.0
10.0,42.0,28.0,218.0
12.0,42.0,28.0,218.0
22.0,42.0,28.0,391.0
24.0,42.0,28.0,391.0
26.0,42.0,28.0,391.0
28.0,42.0,28.0,391.0
30.0,42.0,28.0,391.0
32.0,42.0,28.0,391.0
34.0,42.0,28.0,391.0
36.0,42.0,28.0,391.0
38.0,42.0,28.0,391.0
40.0,42.0,28.0,391.0
42.0,42.0,28.0,284.0
44.0,42.0,28.0,284.0
-46.0,44.0,28.0,301.0
-44.0,44.0,28.0,301.0
-42.0,44.0,28.0,301.0
-40.0,44.0,28.0,301.0
-38.0,44.0,28.0,301.0
-36.0,44.0,28.0,191.0
-34.0,44.0,28.0,191.0
-32.0,44.0,28.0,191.0
-30.0,44.0,28.0,497.0
-28.0,44.0,28.0,497.0
-26.0,44.0,28.0,497.0
-24.0,44.0,28.0,497.0
-12.0,44.0,28.0,497.0
-10.0,44.0,28.0,497.0
-8.0,44.0,28.0,218.0
-6.0,44.0,28.0,218.0
-4.0,44.0,28.0,218.0
-2.0,44.0,28.0,218.0
2.0,44.0,28.0,218.0
4.0,44.0,28.0,218.0
6.0,44.0,28.0,218.0
8.0,44.0,28.0,218.0
10.0,44.0,28.0,218.0
12.0,44.0,28.0,290.0
22.0,44.0,28.0,290.0
24.0,44.0,28.0,391.0
26.0,44.0,28.0,391.0
28.0,44.0,28.0,391.0
30.0,44.0,28.0,391.0
32.0,44.0,28.0,391.0
34.0,44.0,28.0,391.0
36.0,44.0,28.0,391.0
38.0,44.0,28.0,391.0
40.0,44.0,28.0,518.0
42.0,44.0,28.0,284.0
44.0,44.0,28.0,146.0
-44.0,46.0,28.0,301.0
-42.0,46.0,28.0,301.0
-40.0,46.0,28.0,191.0
-38.0,46.0,28.0,191.0
-36.0,46.0,28.0,191.0
-34.0,46.0,28.0,191.0
-32.0,46.0,28.0,191.0
-30.0,46.0,28.0,191.0
-28.0,46.0,28.0,497.0
-26.0,46.0,28.0,497.0
-24.0,46.0,28.0,497.0
-10.0,46.0,28.0,378.0
-8.0,46.0,28.0,218.0
-6.0,46.0,28.0,218.0
-4.0,46.0,28.0,218.0
-2.0,46.0,28.0,218.0
2.0,46.0,28.0,218.0
4.0,46.0,28.0,218.0
6.0,46.0,28.0,218.0
8.0,46.0,28.0,218.0
10.0,46.0,28.0,290.0
22.0,46.0,28.0,290.0
24.0,46.0,28.0,391.0
26.0,46.0,28.0,391.0
28.0,46.0,28.0,391.0
30.0,46.0,28.0,391.0
32.0,46.0,28.0,518.0
34.0,46.0,28.0,518.0
36.0,46.0,28.0,518.0
38.0,46.0,28.0,518.0
40.0,46.0,28.0,518.0
42.0,46.0,28.0,518.0
-42.0,48.0,28.0,191.0
-40.0,48.0,28.0,191.0
-38.0,48.0,28.0,191.0
-36.0,48.0,28.0,191.0
-34.0,48.0,28.0,191.0
-32.0,48.0,28.0,191.0
-30.0,48.0,28.0,191.0
-28.0,48.0,28.0,23.0
-26.0,48.0,28.0,23.0
-24.0,48.0,28.0,23.0
-10.0,48.0,28.0,378.0
-8.0,48.0,28.0,378.0
-6.0,48.0,28.0,378.0
-4.0,48.0,28.0,218.0
-2.0,48.0,28.0,218.0
0.0,48.0,28.0,218.0
2.0,48.0,28.0,218.0
4.0,48.0,28.0,218.0
6.0,48.0,28.0,218.0
8.0,48.0,28.0,290.0
10.0,48.0,28.0,290.0
22.0,48.0,28.0,290.0
24.0,48.0,28.0,290.0
26.0,48.0,28.0,518.0
28.0,48.0,28.0,518.0
30.0,48.0,28.0,518.0
32.0,48.0,28.0,518.0
34.0,48.0,28.0,518.0
36.0,48.0,28.0,518.0
38.0,48.0,28.0,518.0
40.0,48.0,28.0,518.0
-40.0,50.0,28.0,191.0
-38.0,50.0,28.0,191.0
-36.0,50.0,28.0,191.0
-34.0,50.0,28.0,191.0
-32.0,50.0,28.0,191.0
-30.0,50.0,28.0,191.0
-28.0,50.0,28.0,4.0
-26.0,50.0,28.0,23.0
-24.0,50.0,28.0,23.0
-10.0,50.0,28.0,378.0
-8.0,50.0,28.0,378.0
-6.0,50.0,28.0,378.0
-4.0,50.0,28.0,378.0
-2.0,50.0,28.0,218.0
2.0,50.0,28.0,218.0
4.0,50.0,28.0,218.0
6.0,50.0,28.0,290.0
8.0,50.0,28.0,290.0
10.0,50.0,28.0,290.0
22.0,50.0,28.0,290.0
24.0,50.0,28.0,290.0
26.0,50.0,28.0,518.0
28.0,50.0,28.0,518.0
30.0,50.0,28.0,518.0
32.0,50.0,28.0,518.0
-40.0,52.0,28.0,191.0
-38.0,52.0,28.0,191.0
-36.0,52.0,28.0,191.0
-34.0,52.0,28.0,191.0
-32.0,52.0,28.0,191.0
-30.0,52.0,28.0,4.0
-28.0,52.0,28.0,4.0
-26.0,52.0,28.0,4.0
-24.0,52.0,28.0,23.0
-18.0,52.0,28.0,23.0
-10.0,52.0,28.0,378.0
-8.0,52.0,28.0,378.0
-6.0,52.0,28.0,378.0
-4.0,52.0,28.0,378.0
-2.0,52.0,28.0,378.0
2.0,52.0,28.0,218.0
4.0,52.0,28.0,290.0
6.0,52.0,28.0,290.0
8.0,52.0,28.0,290.0
10.0,52.0,28.0,290.0
22.0,52.0,28.0,390.0
24.0,52.0,28.0,390.0
26.0,52.0,28.0,390.0
28.0,52.0,28.0,518.0
30.0,52.0,28.0,518.0
-36.0,54.0,28.0,191.0
-34.0,54.0,28.0,191.0
-32.0,54.0,28.0,4.0
-30.0,54.0,28.0,4.0
-28.0,54.0,28.0,4.0
-26.0,54.0,28.0,4.0
-24.0,54.0,28.0,30.0
-22.0,54.0,28.0,30.0
-20.0,54.0,28.0,30.0
-18.0,54.0,28.0,30.0
-16.0,54.0,28.0,30.0
-8.0,54.0,28.0,378.0
-6.0,54.0,28.0,378.0
-4.0,54.0,28.0,378.0
-2.0,54.0,28.0,378.0
4.0,54.0,28.0,290.0
6.0,54.0,28.0,290.0
8.0,54.0,28.0,290.0
10.0,54.0,28.0,290.0
22.0,54.0,28.0,390.0
24.0,54.0,28.0,390.0
26.0,54.0,28.0,390.0
28.0,54.0,28.0,365.0
30.0,54.0,28.0,365.0
32.0,54.0,28.0,365.0
-34.0,56.0,28.0,191.0
-32.0,56.0,28.0,4.0
-30.0,56.0,28.0,4.0
-28.0,56.0,28.0,4.0
-26.0,56.0,28.0,4.0
-24.0,56.0,28.0,30.0
-22.0,56.0,28.0,30.0
-20.0,56.0,28.0,30.0
-18.0,56.0,28.0,30.0
-16.0,56.0,28.0,30.0
-14.0,56.0,28.0,378.0
-8.0,56.0,28.0,378.0
-6.0,56.0,28.0,378.0
-4.0,56.0,28.0,378.0
-2.0,56.0,28.0,378.0
4.0,56.0,28.0,290.0
6.0,56.0,28.0,290.0
8.0,56.0,28.0,290.0
10.0,56.0,28.0,256.0
20.0,56.0,28.0,390.0
22.0,56.0,28.0,390.0
24.0,56.0,28.0,390.0
26.0,56.0,28.0,390.0
28.0,56.0,28.0,390.0
30.0,56.0,28.0,365.0
32.0,56.0,28.0,365.0
-32.0,58.0,28.0,4.0
-30.0,58.0,28.0,4.0
-28.0,58.0,28.0,4.0
-26.0,58.0,28.0,30.0
-24.0,58.0,28.0,30.0
-22.0,58.0,28.0,30.0
-20.0,58.0,28.0,30.0
-18.0,58.0,28.0,30.0
-16.0,58.0,28.0,30.0
-14.0,58.0,28.0,378.0
-12.0,58.0,28.0,378.0
-8.0,58.0,28.0,378.0
-6.0,58.0,28.0,378.0
-4.0,58.0,28.0,378.0
-2.0,58.0,28.0,378.0
4.0,58.0,28.0,256.0
6.0,58.0,28.0,256.0
8.0,58.0,28.0,256.0
10.0,58.0,28.0,256.0
16.0,58.0,28.0,390.0
20.0,58.0,28.0,390.0
22.0,58.0,28.0,390.0
24.0,58.0,28.0,390.0
26.0,58.0,28.0,390.0
28.0,58.0,28.0,390.0
-30.0,60.0,28.0,4.0
-28.0,60.0,28.0,4.0
-26.0,60.0,28.0,30.0
-24.0,60.0,28.0,30.0
-22.0,60.0,28.0,30.0
-20.0,60.0,28.0,30.0
-18.0,60.0,28.0,30.0
-16.0,60.0,28.0,30.0
-14.0,60.0,28.0,378.0
-12.0,60.0,28.0,378.0
-10.0,60.0,28.0,378.0
-8.0,60.0,28.0,378.0
-6.0,60.0,28.0,378.0
-4.0,60.0,28.0,378.0
-2.0,60.0,28.0,378.0
2.0,60.0,28.0,378.0
4.0,60.0,28.0,256.0
6.0,60.0,28.0,256.0
8.0,60.0,28.0,256.0
10.0,60.0,28.0,390.0
12.0,60.0,28.0,390.0
14.0,60.0,28.0,390.0
16.0,60.0,28.0,390.0
18.0,60.0,28.0,390.0
20.0,60.0,28.0,390.0
22.0,60.0,28.0,390.0
24.0,60.0,28.0,390.0
26.0,60.0,28.0,390.0
-26.0,62.0,28.0,30.0
-24.0,62.0,28.0,30.0
-22.0,62.0,28.0,30.0
-20.0,62.0,28.0,30.0
-18.0,62.0,28.0,30.0
-16.0,62.0,28.0,30.0
-14.0,62.0,28.0,378.0
-12.0,62.0,28.0,378.0
-10.0,62.0,28.0,378.0
-8.0,62.0,28.0,378.0
-6.0,62.0,28.0,378.0
-4.0,62.0,28.0,378.0
-2.0,62.0,28.0,378.0
2.0,62.0,28.0,378.0
4.0,62.0,28.0,256.0
6.0,62.0,28.0,256.0
8.0,62.0,28.0,390.0
10.0,62.0,28.0,390.0
12.0,62.0,28.0,390.0
14.0,62.0,28.0,390.0
16.0,62.0,28.0,390.0
18.0,62.0,28.0,390.0
20.0,62.0,28.0,390.0
22.0,62.0,28.0,390.0
-20.0,64.0,28.0,30.0
-18.0,64.0,28.0,30.0
-16.0,64.0,28.0,30.0
-14.0,64.0,28.0,378.0
-12.0,64.0,28.0,378.0
-10.0,64.0,28.0,378.0
-8.0,64.0,28.0,378.0
-6.0,64.0,28.0,378.0
-4.0,64.0,28.0,378.0
-2.0,64.0,28.0,378.0
4.0,64.0,28.0,256.0
6.0,64.0,28.0,390.0
8.0,64.0,28.0,390.0
10.0,64.0,28.0,390.0
12.0,64.0,28.0,390.0
14.0,64.0,28.0,390.0
16.0,64.0,28.0,390.0
18.0,64.0,28.0,390.0
-14.0,66.0,28.0,30.0
-12.0,66.0,28.0,378.0
-10.0,66.0,28.0,378.0
-8.0,66.0,28.0,378.0
-6.0,66.0,28.0,378.0
-4.0,66.0,28.0,378.0
4.0,66.0,28.0,390.0
6.0,66.0,28.0,390.0
8.0,66.0,28.0,390.0
10.0,66.0,28.0,390.0
12.0,66.0,28.0,390.0
6.0,-96.0,30.0,222.0
8.0,-96.0,30.0,565.0
10.0,-96.0,30.0,565.0
12.0,-96.0,30.0,565.0
14.0,-96.0,30.0,565.0
-20.0,-94.0,30.0,420.0
-18.0,-94.0,30.0,420.0
-16.0,-94.0,30.0,420.0
-14.0,-94.0,30.0,420.0
-12.0,-94.0,30.0,420.0
2.0,-94.0,30.0,222.0
4.0,-94.0,30.0,222.0
6.0,-94.0,30.0,222.0
8.0,-94.0,30.0,222.0
10.0,-94.0,30.0,565.0
12.0,-94.0,30.0,565.0
14.0,-94.0,30.0,565.0
16.0,-94.0,30.0,565.0
18.0,-94.0,30.0,565.0
20.0,-94.0,30.0,565.0
-28.0,-92.0,30.0,41.0
-26.0,-92.0,30.0,41.0
-24.0,-92.0,30.0,41.0
-22.0,-92.0,30.0,41.0
-20.0,-92.0,30.0,420.0
-18.0,-92.0,30.0,420.0
-16.0,-92.0,30.0,420.0
-14.0,-92.0,30.0,420.0
-12.0,-92.0,30.0,420.0
2.0,-92.0,30.0,222.0
4.0,-92.0,30.0,222.0
6.0,-92.0,30.0,222.0
8.0,-92.0,30.0,222.0
10.0,-92.0,30.0,222.0
12.0,-92.0,30.0,565.0
14.0,-92.0,30.0,565.0
16.0,-92.0,30.0,565.0
18.0,-92.0,30.0,565.0
20.0,-92.0,30.0,565.0
22.0,-92.0,30.0,139.0
24.0,-92.0,30.0,139.0
26.0,-92.0,30.0,139.0
28.0,-92.0,30.0,366.0
-30.0,-90.0,30.0,41.0
-28.0,-90.0,30.0,41.0
-26.0,-90.0,30.0,41.0
-24.0,-90.0,30.0,41.0
-22.0,-90.0,30.0,41.0
-20.0,-90.0,30.0,41.0
-18.0,-90.0,30.0,420.0
-16.0,-90.0,30.0,420.0
-14.0,-90.0,30.0,420.0
-12.0,-90.0,30.0,420.0
-10.0,-90.0,30.0,148.0
-8.0,-90.0,30.0,148.0
0.0,-90.0,30.0,222.0
2.0,-90.0,30.0,222.0
4.0,-90.0,30.0,222.0
6.0,-90.0,30.0,222.0
8.0,-90.0,30.0,222.0
10.0,-90.0,30.0,222.0
12.0,-90.0,30.0,222.0
14.0,-90.0,30.0,565.0
16.0,-90.0,30.0,565.0
18.0,-90.0,30.0,565.0
20.0,-90.0,30.0,565.0
22.0,-90.0,30.0,565.0
24.0,-90.0,30.0,139.0
26.0,-90.0,30.0,366.0
28.0,-90.0,30.0,366.0
30.0,-90.0,30.0,366.0
32.0,-90.0,30.0,366.0
34.0,-90.0,30.0,366.0
-34.0,-88.0,30.0,454.0
-32.0,-88.0,30.0,454.0
-30.0,-88.0,30.0,454.0
-28.0,-88.0,30.0,454.0
-26.0,-88.0,30.0,41.0
-24.0,-88.0,30.0,41.0
-22.0,-88.0,30.0,41.0
-20.0,-88.0,30.0,41.0
-18.0,-88.0,30.0,420.0
-16.0,-88.0,30.0,148.0
-14.0,-88.0,30.0,148.0
-12.0,-88.0,30.0,148.0
-10.0,-88.0,30.0,148.0
-8.0,-88.0,30.0,148.0
-6.0,-88.0,30.0,148.0
0.0,-88.0,30.0,449.0
2.0,-88.0,30.0,222.0
4.0,-88.0,30.0,222.0
6.0,-88.0,30.0,222.0
8.0,-88.0,30.0,222.0
10.0,-88.0,30.0,222.0
12.0,-88.0,30.0,222.0
14.0,-88.0,30.0,222.0
16.0,-88.0,30.0,565.0
18.0,-88.0,30.0,565.0
20.0,-88.0,30.0,565.0
22.0,-88.0,30.0,135.0
24.0,-88.0,30.0,135.0
26.0,-88.0,30.0,135.0
28.0,-88.0,30.0,366.0
30.0,-88.0,30.0,366.0
32.0,-88.0,30.0,366.0
34.0,-88.0,30.0,537.0
36.0,-88.0,30.0,537.0
38.0,-88.0,30.0,537.0
-38.0,-86.0,30.0,454.0
-36.0,-86.0,30.0,454.0
-34.0,-86.0,30.0,454.0
-32.0,-86.0,30.0,454.0
-30.0,-86.0,30.0,454.0
-28.0,-86.0,30.0,454.0
-26.0,-86.0,30.0,454.0
-24.0,-86.0,30.0,454.0
-22.0,-86.0,30.0,41.0
-20.0,-86.0,30.0,550.0
-18.0,-86.0,30.0,550.0
-16.0,-86.0,30.0,148.0
-14.0,-86.0,30.0,148.0
-12.0,-86.0,30.0,148.0
-10.0,-86.0,30.0,148.0
-8.0,-86.0,30.0,148.0
-6.0,-86.0,30.0,148.0
-4.0,-86.0,30.0,461.0
-2.0,-86.0,30.0,461.0
0.0,-86.0,30.0,449.0
2.0,-86.0,30.0,449.0
4.0,-86.0,30.0,222.0
6.0,-86.0,30.0,222.0
8.0,-86.0,30.0,222.0
10.0,-86.0,30.0,222.0
12.0,-86.0,30.0,222.0
14.0,-86.0,30.0,222.0
16.0,-86.0,30.0,222.0
18.0,-86.0,30.0,135.0
20.0,-86.0,30.0,135.0
22.0,-86.0,30.0,135.0
24.0,-86.0,30.0,135.0
26.0,-86.0,30.0,135.0
28.0,-86.0,30.0,537.0
30.0,-86.0,30.0,537.0
32.0,-86.0,30.0,537.0
34.0,-86.0,30.0,537.0
36.0,-86.0,30.0,537.0
38.0,-86.0,30.0,537.0
40.0,-86.0,30.0,99.0
-42.0,-84.0,30.0,556.0
-40.0,-84.0,30.0,423.0
-38.0,-84.0,30.0,454.0
-36.0,-84.0,30.0,454.0
-34.0,-84.0,30.0,454.0
-32.0,-84.0,30.0,454.0
-30.0,-84.0,30.0,454.0
-28.0,-84.0,30.0,454.0
-26.0,-84.0,30.0,454.0
-24.0,-84.0,30.0,454.0
-22.0,-84.0,30.0,454.0
-20.0,-84.0,30.0,550.0
-18.0,-84.0,30.0,550.0
-16.0,-84.0,30.0,550.0
-14.0,-84.0,30.0,550.0
-12.0,-84.0,30.0,148.0
-10.0,-84.0,30.0,148.0
-8.0,-84.0,30.0,148.0
-6.0,-84.0,30.0,148.0
-4.0,-84.0,30.0,60.0
-2.0,-84.0,30.0,60.0
0.0,-84.0,30.0,449.0
2.0,-84.0,30.0,449.0
4.0,-84.0,30.0,302.0
6.0,-84.0,30.0,222.0
8.0,-84.0,30.0,222.0
10.0,-84.0,30.0,222.0
12.0,-84.0,30.0,222.0
14.0,-84.0,30.0,222.0
16.0,-84.0,30.0,186.0
18.0,-84.0,30.0,135.0
20.0,-84.0,30.0,135.0
22.0,-84.0,30.0,135.0
24.0,-84.0,30.0,135.0
26.0,-84.0,30.0,135.0
28.0,-84.0,30.0,537.0
30.0,-84.0,30.0,537.0
32.0,-84.0,30.0,537.0
34.0,-84.0,30.0,537.0
36.0,-84.0,30.0,537.0
38.0,-84.0,30.0,537.0
40.0,-84.0,30.0,537.0
42.0,-84.0,30.0,99.0
-44.0,-82.0,30.0,423.0
-42.0,-82.0,30.0,423.0
-40.0,-82.0,30.0,423.0
-38.0,-82.0,30.0,423.0
-36.0,-82.0,30.0,454.0
-34.0,-82.0,30.0,454.0
-32.0,-82.0,30.0,454.0
-30.0,-82.0,30.0,454.0
-28.0,-82.0,30.0,454.0
-26.0,-82.0,30.0,454.0
-24.0,-82.0,30.0,454.0
-22.0,-82.0,30.0,454.0
-20.0,-82.0,30.0,550.0
-18.0,-82.0,30.0,550.0
-16.0,-82.0,30.0,550.0
-14.0,-82.0,30.0,550.0
-12.0,-82.0,30.0,550.0
-10.0,-82.0,30.0,148.0
-8.0,-82.0,30.0,60.0
-6.0,-82.0,30.0,60.0
-4.0,-82.0,30.0,60.0
-2.0,-82.0,30.0,60.0
0.0,-82.0,30.0,60.0
2.0,-82.0,30.0,60.0
4.0,-82.0,30.0,302.0
6.0,-82.0,30.0,302.0
8.0,-82.0,30.0,302.0
10.0,-82.0,30.0,219.0
12.0,-82.0,30.0,186.0
14.0,-82.0,30.0,186.0
16.0,-82.0,30.0,186.0
18.0,-82.0,30.0,135.0
20.0,-82.0,30.0,135.0
22.0,-82.0,30.0,135.0
24.0,-82.0,30.0,135.0
26.0,-82.0,30.0,537.0
28.0,-82.0,30.0,537.0
30.0,-82.0,30.0,537.0
32.0,-82.0,30.0,537.0
34.0,-82.0,30.0,537.0
36.0,-82.0,30.0,537.0
38.0,-82.0,30.0,537.0
40.0,-82.0,30.0,537.0
42.0,-82.0,30.0,99.0
44.0,-82.0,30.0,99.0
46.0,-82.0,30.0,99.0
-46.0,-80.0,30.0,595.0
-44.0,-80.0,30.0,423.0
-42.0,-80.0,30.0,423.0
-40.0,-80.0,30.0,423.0
-38.0,-80.0,30.0,423.0
-36.0,-80.0,30.0,423.0
-34.0,-80.0,30.0,454.0
-32.0,-80.0,30.0,454.0
-30.0,-80.0,30.0,454.0
-28.0,-80.0,30.0,454.0
-26.0,-80.0,30.0,454.0
-24.0,-80.0,30.0,454.0
-18.0,-80.0,30.0,550.0
-16.0,-80.0,30.0,550.0
-14.0,-80.0,30.0,550.0
-12.0,-80.0,30.0,550.0
-10.0,-80.0,30.0,550.0
-8.0,-80.0,30.0,60.0
-6.0,-80.0,30.0,60.0
-4.0,-80.0,30.0,60.0
-2.0,-80.0,30.0,60.0
0.0,-80.0,30.0,60.0
2.0,-80.0,30.0,60.0
4.0,-80.0,30.0,302.0
6.0,-80.0,30.0,219.0
8.0,-80.0,30.0,219.0
10.0,-80.0,30.0,219.0
12.0,-80.0,30.0,219.0
14.0,-80.0,30.0,186.0
16.0,-80.0,30.0,186.0
18.0,-80.0,30.0,186.0
20.0,-80.0,30.0,135.0
22.0,-80.0,30.0,135.0
24.0,-80.0,30.0,537.0
26.0,-80.0,30.0,537.0
28.0,-80.0,30.0,537.0
30.0,-80.0,30.0,537.0
32.0,-80.0,30.0,537.0
34.0,-80.0,30.0,537.0
36.0,-80.0,30.0,537.0
38.0,-80.0,30.0,537.0
40.0,-80.0,30.0,537.0
42.0,-80.0,30.0,99.0
44.0,-80.0,30.0,99.0
46.0,-80.0,30.0,99.0
48.0,-80.0,30.0,99.0
-48.0,-78.0,30.0,595.0
-46.0,-78.0,30.0,595.0
-44.0,-78.0,30.0,423.0
-42.0,-78.0,30.0,423.0
-40.0,-78.0,30.0,423.0
-38.0,-78.0,30.0,423.0
-36.0,-78.0,30.0,423.0
-34.0,-78.0,30.0,423.0
-32.0,-78.0,30.0,454.0
-30.0,-78.0,30.0,454.0
-28.0,-78.0,30.0,454.0
-26.0,-78.0,30.0,454.0
-18.0,-78.0,30.0,75.0
-16.0,-78.0,30.0,550.0
-14.0,-78.0,30.0,550.0
-12.0,-78.0,30.0,550.0
-10.0,-78.0,30.0,60.0
-8.0,-78.0,30.0,60.0
-6.0,-78.0,30.0,60.0
-4.0,-78.0,30.0,60.0
-2.0,-78.0,30.0,60.0
0.0,-78.0,30.0,60.0
2.0,-78.0,30.0,60.0
4.0,-78.0,30.0,219.0
6.0,-78.0,30.0,219.0
8.0,-78.0,30.0,219.0
10.0,-78.0,30.0,219.0
12.0,-78.0,30.0,219.0
14.0,-78.0,30.0,219.0
16.0,-78.0,30.0,186.0
18.0,-78.0,30.0,186.0
20.0,-78.0,30.0,135.0
22.0,-78.0,30.0,135.0
24.0,-78.0,30.0,537.0
26.0,-78.0,30.0,537.0
28.0,-78.0,30.0,537.0
30.0,-78.0,30.0,537.0
32.0,-78.0,30.0,537.0
34.0,-78.0,30.0,537.0
36.0,-78.0,30.0,537.0
38.0,-78.0,30.0,537.0
40.0,-78.0,30.0,537.0
42.0,-78.0,30.0,99.0
44.0,-78.0,30.0,99.0
46.0,-78.0,30.0,99.0
48.0,-78.0,30.0,99.0
-50.0,-76.0,30.0,595.0
-48.0,-76.0,30.0,595.0
-46.0,-76.0,30.0,570.0
-44.0,-76.0,30.0,423.0
-42.0,-76.0,30.0,423.0
-40.0,-76.0,30.0,423.0
-38.0,-76.0,30.0,423.0
-36.0,-76.0,30.0,423.0
-34.0,-76.0,30.0,423.0
-32.0,-76.0,30.0,423.0
-30.0,-76.0,30.0,454.0
-28.0,-76.0,30.0,75.0
-26.0,-76.0,30.0,75.0
-18.0,-76.0,30.0,75.0
-16.0,-76.0,30.0,75.0
-14.0,-76.0,30.0,550.0
-12.0,-76.0,30.0,349.0
-10.0,-76.0,30.0,60.0
-8.0,-76.0,30.0,60.0
-6.0,-76.0,30.0,60.0
-4.0,-76.0,30.0,60.0
-2.0,-76.0,30.0,60.0
0.0,-76.0,30.0,60.0
2.0,-76.0,30.0,60.0
4.0,-76.0,30.0,219.0
6.0,-76.0,30.0,219.0
8.0,-76.0,30.0,219.0
10.0,-76.0,30.0,219.0
12.0,-76.0,30.0,219.0
14.0,-76.0,30.0,219.0
16.0,-76.0,30.0,186.0
18.0,-76.0,30.0,186.0
20.0,-76.0,30.0,135.0
22.0,-76.0,30.0,537.0
24.0,-76.0,30.0,537.0
26.0,-76.0,30.0,537.0
28.0,-76.0,30.0,537.0
30.0,-76.0,30.0,537.0
32.0,-76.0,30.0,537.0
34.0,-76.0,30.0,537.0
36.0,-76.0,30.0,537.0
38.0,-76.0,30.0,537.0
40.0,-76.0,30.0,537.0
42.0,-76.0,30.0,537.0
44.0,-76.0,30.0,99.0
46.0,-76.0,30.0,99.0
48.0,-76.0,30.0,99.0
50.0,-76.0,30.0,99.0
-52.0,-74.0,30.0,595.0
-50.0,-74.0,30.0,595.0
-48.0,-74.0,30.0,595.0
-46.0,-74.0,30.0,570.0
-44.0,-74.0,30.0,570.0
-42.0,-74.0,30.0,423.0
-40.0,-74.0,30.0,423.0
-38.0,-74.0,30.0,423.0
-36.0,-74.0,30.0,423.0
-34.0,-74.0,30.0,423.0
-32.0,-74.0,30.0,423.0
-30.0,-74.0,30.0,75.0
-28.0,-74.0,30.0,75.0
-26.0,-74.0,30.0,75.0
-20.0,-74.0,30.0,75.0
-18.0,-74.0,30.0,75.0
-16.0,-74.0,30.0,75.0
-14.0,-74.0,30.0,349.0
-12.0,-74.0,30.0,349.0
-10.0,-74.0,30.0,349.0
-8.0,-74.0,30.0,60.0
-6.0,-74.0,30.0,60.0
-4.0,-74.0,30.0,60.0
-2.0,-74.0,30.0,60.0
0.0,-74.0,30.0,60.0
2.0,-74.0,30.0,219.0
4.0,-74.0,30.0,219.0
6.0,-74.0,30.0,219.0
8.0,-74.0,30.0,219.0
10.0,-74.0,30.0,219.0
12.0,-74.0,30.0,219.0
14.0,-74.0,30.0,219.0
16.0,-74.0,30.0,219.0
18.0,-74.0,30.0,580.0
20.0,-74.0,30.0,580.0
22.0,-74.0,30.0,537.0
24.0,-74.0,30.0,537.0
26.0,-74.0,30.0,537.0
28.0,-74.0,30.0,537.0
30.0,-74.0,30.0,537.0
32.0,-74.0,30.0,537.0
34.0,-74.0,30.0,537.0
36.0,-74.0,30.0,537.0
40.0,-74.0,30.0,537.0
42.0,-74.0,30.0,537.0
44.0,-74.0,30.0,99.0
46.0,-74.0,30.0,99.0
48.0,-74.0,30.0,99.0
50.0,-74.0,30.0,99.0
-52.0,-72.0,30.0,595.0
-50.0,-72.0,30.0,595.0
-48.0,-72.0,30.0,595.0
-46.0,-72.0,30.0,570.0
-44.0,-72.0,30.0,570.0
-42.0,-72.0,30.0,570.0
-40.0,-72.0,30.0,423.0
-38.0,-72.0,30.0,423.0
-36.0,-72.0,30.0,423.0
-34.0,-72.0,30.0,423.0
-32.0,-72.0,30.0,423.0
-30.0,-72.0,30.0,75.0
-28.0,-72.0,30.0,75.0
-26.0,-72.0,30.0,75.0
-22.0,-72.0,30.0,75.0
-20.0,-72.0,30.0,75.0
-18.0,-72.0,30.0,75.0
-16.0,-72.0,30.0,75.0
-14.0,-72.0,30.0,349.0
-12.0,-72.0,30.0,349.0
-10.0,-72.0,30.0,349.0
-8.0,-72.0,30.0,61.0
-6.0,-72.0,30.0,60.0
-4.0,-72.0,30.0,60.0
2.0,-72.0,30.0,219.0
6.0,-72.0,30.0,219.0
8.0,-72.0,30.0,219.0
10.0,-72.0,30.0,219.0
12.0,-72.0,30.0,219.0
14.0,-72.0,30.0,219.0
16.0,-72.0,30.0,580.0
18.0,-72.0,30.0,580.0
20.0,-72.0,30.0,580.0
22.0,-72.0,30.0,537.0
24.0,-72.0,30.0,537.0
26.0,-72.0,30.0,537.0
28.0,-72.0,30.0,537.0
30.0,-72.0,30.0,537.0
32.0,-72.0,30.0,537.0
34.0,-72.0,30.0,537.0
36.0,-72.0,30.0,537.0
38.0,-72.0,30.0,537.0
40.0,-72.0,30.0,537.0
42.0,-72.0,30.0,537.0
44.0,-72.0,30.0,99.0
46.0,-72.0,30.0,99.0
48.0,-72.0,30.0,99.0
50.0,-72.0,30.0,99.0
52.0,-72.0,30.0,99.0
-54.0,-70.0,30.0,595.0
-52.0,-70.0,30.0,595.0
-50.0,-70.0,30.0,595.0
-48.0,-70.0,30.0,595.0
-46.0,-70.0,30.0,570.0
-44.0,-70.0,30.0,570.0
-42.0,-70.0,30.0,570.0
-40.0,-70.0,30.0,423.0
-38.0,-70.0,30.0,423.0
-36.0,-70.0,30.0,423.0
-34.0,-70.0,30.0,423.0
-32.0,-70.0,30.0,423.0
-30.0,-70.0,30.0,75.0
-28.0,-70.0,30.0,75.0
-22.0,-70.0,30.0,75.0
-20.0,-70.0,30.0,75.0
-18.0,-70.0,30.0,75.0
-16.0,-70.0,30.0,349.0
-14.0,-70.0,30.0,349.0
-12.0,-70.0,30.0,61.0
-10.0,-70.0,30.0,61.0
-8.0,-70.0,30.0,61.0
-6.0,-70.0,30.0,61.0
-4.0,-70.0,30.0,61.0
0.0,-70.0,30.0,219.0
2.0,-70.0,30.0,219.0
4.0,-70.0,30.0,219.0
6.0,-70.0,30.0,219.0
8.0,-70.0,30.0,219.0
10.0,-70.0,30.0,219.0
12.0,-70.0,30.0,219.0
14.0,-70.0,30.0,580.0
16.0,-70.0,30.0,580.0
18.0,-70.0,30.0,580.0
20.0,-70.0,30.0,580.0
22.0,-70.0,30.0,537.0
24.0,-70.0,30.0,537.0
26.0,-70.0,30.0,537.0
28.0,-70.0,30.0,537.0
30.0,-70.0,30.0,537.0
32.0,-70.0,30.0,537.0
34.0,-70.0,30.0,537.0
36.0,-70.0,30.0,537.0
38.0,-70.0,30.0,537.0
40.0,-70.0,30.0,537.0
42.0,-70.0,30.0,572.0
44.0,-70.0,30.0,572.0
46.0,-70.0,30.0,99.0
48.0,-70.0,30.0,99.0
50.0,-70.0,30.0,370.0
52.0,-70.0,30.0,370.0
54.0,-70.0,30.0,370.0
-56.0,-68.0,30.0,595.0
-54.0,-68.0,30.0,595.0
-52.0,-68.0,30.0,595.0
-50.0,-68.0,30.0,595.0
-48.0,-68.0,30.0,570.0
-46.0,-68.0,30.0,570.0
-44.0,-68.0,30.0,570.0
-42.0,-68.0,30.0,570.0
-40.0,-68.0,30.0,570.0
-38.0,-68.0,30.0,423.0
-36.0,-68.0,30.0,541.0
-34.0,-68.0,30.0,541.0
-32.0,-68.0,30.0,541.0
-30.0,-68.0,30.0,541.0
-28.0,-68.0,30.0,75.0
-22.0,-68.0,30.0,75.0
-20.0,-68.0,30.0,75.0
-18.0,-68.0,30.0,75.0
-16.0,-68.0,30.0,61.0
-14.0,-68.0,30.0,61.0
-12.0,-68.0,30.0,61.0
-10.0,-68.0,30.0,61.0
-8.0,-68.0,30.0,61.0
-6.0,-68.0,30.0,61.0
-4.0,-68.0,30.0,61.0
-2.0,-68.0,30.0,61.0
0.0,-68.0,30.0,219.0
2.0,-68.0,30.0,219.0
4.0,-68.0,30.0,219.0
6.0,-68.0,30.0,219.0
8.0,-68.0,30.0,219.0
10.0,-68.0,30.0,219.0
12.0,-68.0,30.0,580.0
14.0,-68.0,30.0,580.0
16.0,-68.0,30.0,580.0
18.0,-68.0,30.0,580.0
20.0,-68.0,30.0,580.0
22.0,-68.0,30.0,580.0
24.0,-68.0,30.0,537.0
26.0,-68.0,30.0,537.0
28.0,-68.0,30.0,537.0
30.0,-68.0,30.0,537.0
32.0,-68.0,30.0,537.0
34.0,-68.0,30.0,537.0
36.0,-68.0,30.0,537.0
38.0,-68.0,30.0,572.0
40.0,-68.0,30.0,572.0
42.0,-68.0,30.0,572.0
44.0,-68.0,30.0,572.0
46.0,-68.0,30.0,572.0
48.0,-68.0,30.0,370.0
50.0,-68.0,30.0,370.0
52.0,-68.0,30.0,370.0
54.0,-68.0,30.0,370.0
56.0,-68.0,30.0,370.0
-58.0,-66.0,30.0,595.0
-56.0,-66.0,30.0,595.0
-54.0,-66.0,30.0,595.0
-52.0,-66.0,30.0,595.0
-50.0,-66.0,30.0,595.0
-48.0,-66.0,30.0,299.0
-46.0,-66.0,30.0,299.0
-44.0,-66.0,30.0,299.0
-42.0,-66.0,30.0,299.0
-40.0,-66.0,30.0,299.0
-38.0,-66.0,30.0,541.0
-36.0,-66.0,30.0,541.0
-34.0,-66.0,30.0,541.0
-32.0,-66.0,30.0,541.0
-30.0,-66.0,30.0,541.0
-28.0,-66.0,30.0,541.0
-22.0,-66.0,30.0,75.0
-20.0,-66.0,30.0,75.0
-18.0,-66.0,30.0,583.0
-16.0,-66.0,30.0,61.0
-14.0,-66.0,30.0,61.0
-12.0,-66.0,30.0,61.0
-10.0,-66.0,30.0,61.0
-8.0,-66.0,30.0,61.0
-6.0,-66.0,30.0,61.0
-4.0,-66.0,30.0,61.0
-2.0,-66.0,30.0,61.0
0.0,-66.0,30.0,61.0
2.0,-66.0,30.0,219.0
4.0,-66.0,30.0,219.0
6.0,-66.0,30.0,219.0
8.0,-66.0,30.0,219.0
10.0,-66.0,30.0,219.0
12.0,-66.0,30.0,580.0
14.0,-66.0,30.0,580.0
16.0,-66.0,30.0,580.0
18.0,-66.0,30.0,580.0
20.0,-66.0,30.0,580.0
22.0,-66.0,30.0,580.0
24.0,-66.0,30.0,537.0
26.0,-66.0,30.0,537.0
28.0,-66.0,30.0,537.0
30.0,-66.0,30.0,537.0
32.0,-66.0,30.0,537.0
34.0,-66.0,30.0,572.0
36.0,-66.0,30.0,572.0
38.0,-66.0,30.0,572.0
40.0,-66.0,30.0,572.0
42.0,-66.0,30.0,572.0
44.0,-66.0,30.0,572.0
46.0,-66.0,30.0,572.0
48.0,-66.0,30.0,370.0
50.0,-66.0,30.0,370.0
52.0,-66.0,30.0,370.0
54.0,-66.0,30.0,370.0
56.0,-66.0,30.0,370.0
58.0,-66.0,30.0,370.0
-58.0,-64.0,30.0,595.0
-56.0,-64.0,30.0,595.0
-54.0,-64.0,30.0,595.0
-52.0,-64.0,30.0,595.0
-50.0,-64.0,30.0,299.0
-48.0,-64.0,30.0,299.0
-46.0,-64.0,30.0,299.0
-44.0,-64.0,30.0,299.0
-42.0,-64.0,30.0,299.0
-36.0,-64.0,30.0,541.0
-34.0,-64.0,30.0,541.0
-32.0,-64.0,30.0,541.0
-30.0,-64.0,30.0,541.0
-28.0,-64.0,30.0,541.0
-24.0,-64.0,30.0,295.0
-22.0,-64.0,30.0,295.0
-20.0,-64.0,30.0,583.0
-18.0,-64.0,30.0,583.0
-16.0,-64.0,30.0,583.0
-14.0,-64.0,30.0,61.0
-12.0,-64.0,30.0,61.0
-10.0,-64.0,30.0,61.0
-8.0,-64.0,30.0,61.0
-6.0,-64.0,30.0,61.0
-4.0,-64.0,30.0,61.0
-2.0,-64.0,30.0,61.0
0.0,-64.0,30.0,243.0
2.0,-64.0,30.0,243.0
4.0,-64.0,30.0,243.0
6.0,-64.0,30.0,243.0
10.0,-64.0,30.0,243.0
12.0,-64.0,30.0,580.0
14.0,-64.0,30.0,580.0
16.0,-64.0,30.0,580.0
18.0,-64.0,30.0,580.0
22.0,-64.0,30.0,580.0
24.0,-64.0,30.0,537.0
26.0,-64.0,30.0,537.0
28.0,-64.0,30.0,537.0
30.0,-64.0,30.0,572.0
32.0,-64.0,30.0,572.0
34.0,-64.0,30.0,572.0
36.0,-64.0,30.0,572.0
38.0,-64.0,30.0,572.0
40.0,-64.0,30.0,572.0
42.0,-64.0,30.0,572.0
44.0,-64.0,30.0,572.0
46.0,-64.0,30.0,572.0
48.0,-64.0,30.0,159.0
50.0,-64.0,30.0,210.0
52.0,-64.0,30.0,210.0
54.0,-64.0,30.0,210.0
56.0,-64.0,30.0,210.0
58.0,-64.0,30.0,210.0
-60.0,-62.0,30.0,595.0
-58.0,-62.0,30.0,595.0
-56.0,-62.0,30.0,595.0
-54.0,-62.0,30.0,595.0
-52.0,-62.0,30.0,595.0
-50.0,-62.0,30.0,299.0
-48.0,-62.0,30.0,299.0
-46.0,-62.0,30.0,299.0
-44.0,-62.0,30.0,299.0
-42.0,-62.0,30.0,299.0
-34.0,-62.0,30.0,541.0
-32.0,-62.0,30.0,541.0
-30.0,-62.0,30.0,541.0
-28.0,-62.0,30.0,541.0
-24.0,-62.0,30.0,295.0
-22.0,-62.0,30.0,295.0
-20.0,-62.0,30.0,583.0
-18.0,-62.0,30.0,583.0
-16.0,-62.0,30.0,583.0
-14.0,-62.0,30.0,583.0
-12.0,-62.0,30.0,61.0
-10.0,-62.0,30.0,61.0
-8.0,-62.0,30.0,61.0
-6.0,-62.0,30.0,61.0
-4.0,-62.0,30.0,61.0
-2.0,-62.0,30.0,61.0
0.0,-62.0,30.0,243.0
2.0,-62.0,30.0,243.0
4.0,-62.0,30.0,243.0
6.0,-62.0,30.0,243.0
8.0,-62.0,30.0,243.0
10.0,-62.0,30.0,243.0
12.0,-62.0,30.0,243.0
14.0,-62.0,30.0,580.0
16.0,-62.0,30.0,580.0
22.0,-62.0,30.0,580.0
24.0,-62.0,30.0,537.0
26.0,-62.0,30.0,572.0
28.0,-62.0,30.0,572.0
30.0,-62.0,30.0,572.0
32.0,-62.0,30.0,572.0
34.0,-62.0,30.0,572.0
36.0,-62.0,30.0,572.0
38.0,-62.0,30.0,572.0
40.0,-62.0,30.0,572.0
42.0,-62.0,30.0,572.0
44.0,-62.0,30.0,572.0
46.0,-62.0,30.0,159.0
48.0,-62.0,30.0,159.0
50.0,-62.0,30.0,159.0
52.0,-62.0,30.0,159.0
54.0,-62.0,30.0,210.0
56.0,-62.0,30.0,210.0
58.0,-62.0,30.0,210.0
60.0,-62.0,30.0,210.0
-60.0,-60.0,30.0,595.0
-58.0,-60.0,30.0,595.0
-56.0,-60.0,30.0,595.0
-54.0,-60.0,30.0,595.0
-52.0,-60.0,30.0,299.0
-50.0,-60.0,30.0,299.0
-48.0,-60.0,30.0,299.0
-46.0,-60.0,30.0,299.0
-44.0,-60.0,30.0,299.0
-32.0,-60.0,30.0,541.0
-30.0,-60.0,30.0,541.0
-28.0,-60.0,30.0,541.0
-22.0,-60.0,30.0,583.0
-20.0,-60.0,30.0,583.0
-18.0,-60.0,30.0,583.0
-16.0,-60.0,30.0,583.0
-14.0,-60.0,30.0,583.0
-12.0,-60.0,30.0,61.0
-10.0,-60.0,30.0,61.0
-8.0,-60.0,30.0,61.0
-6.0,-60.0,30.0,61.0
-4.0,-60.0,30.0,61.0
-2.0,-60.0,30.0,243.0
0.0,-60.0,30.0,243.0
2.0,-60.0,30.0,243.0
4.0,-60.0,30.0,243.0
6.0,-60.0,30.0,243.0
8.0,-60.0,30.0,243.0
10.0,-60.0,30.0,243.0
12.0,-60.0,30.0,486.0
14.0,-60.0,30.0,486.0
16.0,-60.0,30.0,486.0
22.0,-60.0,30.0,580.0
24.0,-60.0,30.0,543.0
26.0,-60.0,30.0,543.0
28.0,-60.0,30.0,572.0
30.0,-60.0,30.0,572.0
32.0,-60.0,30.0,572.0
34.0,-60.0,30.0,572.0
36.0,-60.0,30.0,572.0
38.0,-60.0,30.0,572.0
40.0,-60.0,30.0,572.0
42.0,-60.0,30.0,572.0
44.0,-60.0,30.0,572.0
46.0,-60.0,30.0,159.0
48.0,-60.0,30.0,159.0
50.0,-60.0,30.0,159.0
52.0,-60.0,30.0,159.0
54.0,-60.0,30.0,159.0
56.0,-60.0,30.0,210.0
58.0,-60.0,30.0,210.0
60.0,-60.0,30.0,210.0
-62.0,-58.0,30.0,392.0
-60.0,-58.0,30.0,392.0
-58.0,-58.0,30.0,392.0
-56.0,-58.0,30.0,595.0
-54.0,-58.0,30.0,299.0
-52.0,-58.0,30.0,299.0
-50.0,-58.0,30.0,299.0
-48.0,-58.0,30.0,299.0
-46.0,-58.0,30.0,299.0
-44.0,-58.0,30.0,299.0
-42.0,-58.0,30.0,299.0
-32.0,-58.0,30.0,541.0
-30.0,-58.0,30.0,541.0
-28.0,-58.0,30.0,541.0
-20.0,-58.0,30.0,583.0
-18.0,-58.0,30.0,583.0
-16.0,-58.0,30.0,583.0
-14.0,-58.0,30.0,583.0
-12.0,-58.0,30.0,583.0
-10.0,-58.0,30.0,61.0
-8.0,-58.0,30.0,61.0
-6.0,-58.0,30.0,98.0
-4.0,-58.0,30.0,98.0
-2.0,-58.0,30.0,98.0
0.0,-58.0,30.0,243.0
2.0,-58.0,30.0,243.0
4.0,-58.0,30.0,243.0
6.0,-58.0,30.0,243.0
8.0,-58.0,30.0,243.0
10.0,-58.0,30.0,486.0
12.0,-58.0,30.0,486.0
14.0,-58.0,30.0,486.0
22.0,-58.0,30.0,486.0
24.0,-58.0,30.0,543.0
26.0,-58.0,30.0,543.0
28.0,-58.0,30.0,543.0
32.0,-58.0,30.0,572.0
34.0,-58.0,30.0,572.0
36.0,-58.0,30.0,572.0
38.0,-58.0,30.0,572.0
40.0,-58.0,30.0,572.0
42.0,-58.0,30.0,572.0
44.0,-58.0,30.0,572.0
46.0,-58.0,30.0,159.0
48.0,-58.0,30.0,159.0
50.0,-58.0,30.0,159.0
52.0,-58.0,30.0,159.0
54.0,-58.0,30.0,159.0
56.0,-58.0,30.0,159.0
58.0,-58.0,30.0,159.0
60.0,-58.0,30.0,210.0
62.0,-58.0,30.0,210.0
-62.0,-56.0,30.0,392.0
-60.0,-56.0,30.0,392.0
-58.0,-56.0,30.0,392.0
-56.0,-56.0,30.0,242.0
-54.0,-56.0,30.0,242.0
-52.0,-56.0,30.0,299.0
-50.0,-56.0,30.0,299.0
-48.0,-56.0,30.0,299.0
-46.0,-56.0,30.0,299.0
-44.0,-56.0,30.0,299.0
-42.0,-56.0,30.0,411.0
-18.0,-56.0,30.0,583.0
-16.0,-56.0,30.0,583.0
-14.0,-56.0,30.0,583.0
-12.0,-56.0,30.0,583.0
-10.0,-56.0,30.0,98.0
-8.0,-56.0,30.0,98.0
-6.0,-56.0,30.0,98.0
-4.0,-56.0,30.0,98.0
-2.0,-56.0,30.0,98.0
0.0,-56.0,30.0,98.0
2.0,-56.0,30.0,243.0
4.0,-56.0,30.0,243.0
6.0,-56.0,30.0,243.0
8.0,-56.0,30.0,486.0
10.0,-56.0,30.0,486.0
12.0,-56.0,30.0,486.0
14.0,-56.0,30.0,486.0
22.0,-56.0,30.0,486.0
24.0,-56.0,30.0,543.0
26.0,-56.0,30.0,543.0
32.0,-56.0,30.0,572.0
34.0,-56.0,30.0,572.0
36.0,-56.0,30.0,572.0
38.0,-56.0,30.0,572.0
40.0,-56.0,30.0,572.0
42.0,-56.0,30.0,572.0
44.0,-56.0,30.0,159.0
46.0,-56.0,30.0,159.0
48.0,-56.0,30.0,159.0
50.0,-56.0,30.0,159.0
52.0,-56.0,30.0,159.0
54.0,-56.0,30.0,159.0
56.0,-56.0,30.0,159.0
58.0,-56.0,30.0,159.0
60.0,-56.0,30.0,505.0
62.0,-56.0,30.0,505.0
-64.0,-54.0,30.0,392.0
-62.0,-54.0,30.0,392.0
-60.0,-54.0,30.0,392.0
-58.0,-54.0,30.0,392.0
-56.0,-54.0,30.0,242.0
-54.0,-54.0,30.0,242.0
-52.0,-54.0,30.0,242.0
-50.0,-54.0,30.0,242.0
-48.0,-54.0,30.0,242.0
-46.0,-54.0,30.0,411.0
-44.0,-54.0,30.0,411.0
-42.0,-54.0,30.0,411.0
-36.0,-54.0,30.0,3.0
-18.0,-54.0,30.0,583.0
-16.0,-54.0,30.0,583.0
-14.0,-54.0,30.0,583.0
-12.0,-54.0,30.0,98.0
-10.0,-54.0,30.0,98.0
-8.0,-54.0,30.0,98.0
-6.0,-54.0,30.0,98.0
-4.0,-54.0,30.0,98.0
-2.0,-54.0,30.0,98.0
0.0,-54.0,30.0,98.0
2.0,-54.0,30.0,98.0
4.0,-54.0,30.0,243.0
6.0,-54.0,30.0,486.0
8.0,-54.0,30.0,486.0
10.0,-54.0,30.0,486.0
12.0,-54.0,30.0,486.0
24.0,-54.0,30.0,543.0
32.0,-54.0,30.0,240.0
34.0,-54.0,30.0,240.0
36.0,-54.0,30.0,572.0
38.0,-54.0,30.0,572.0
40.0,-54.0,30.0,572.0
42.0,-54.0,30.0,572.0
44.0,-54.0,30.0,159.0
46.0,-54.0,30.0,159.0
48.0,-54.0,30.0,159.0
50.0,-54.0,30.0,159.0
52.0,-54.0,30.0,159.0
54.0,-54.0,30.0,159.0
56.0,-54.0,30.0,159.0
58.0,-54.0,30.0,505.0
60.0,-54.0,30.0,505.0
62.0,-54.0,30.0,505.0
64.0,-54.0,30.0,193.0
-64.0,-52.0,30.0,392.0
-62.0,-52.0,30.0,392.0
-60.0,-52.0,30.0,392.0
-58.0,-52.0,30.0,242.0
-56.0,-52.0,30.0,242.0
-54.0,-52.0,30.0,242.0
-52.0,-52.0,30.0,242.0
-50.0,-52.0,30.0,242.0
-48.0,-52.0,30.0,242.0
-46.0,-52.0,30.0,242.0
-44.0,-52.0,30.0,3.0
-42.0,-52.0,30.0,3.0
-36.0,-52.0,30.0,3.0
-16.0,-52.0,30.0,12.0
-14.0,-52.0,30.0,12.0
-12.0,-52.0,30.0,98.0
-10.0,-52.0,30.0,98.0
-8.0,-52.0,30.0,98.0
-6.0,-52.0,30.0,98.0
-4.0,-52.0,30.0,98.0
-2.0,-52.0,30.0,98.0
0.0,-52.0,30.0,98.0
2.0,-52.0,30.0,98.0
4.0,-52.0,30.0,486.0
6.0,-52.0,30.0,486.0
8.0,-52.0,30.0,486.0
10.0,-52.0,30.0,486.0
12.0,-52.0,30.0,486.0
14.0,-52.0,30.0,486.0
32.0,-52.0,30.0,240.0
34.0,-52.0,30.0,240.0
36.0,-52.0,30.0,240.0
38.0,-52.0,30.0,240.0
40.0,-52.0,30.0,240.0
42.0,-52.0,30.0,231.0
44.0,-52.0,30.0,231.0
46.0,-52.0,30.0,159.0
48.0,-52.0,30.0,159.0
50.0,-52.0,30.0,159.0
52.0,-52.0,30.0,159.0
54.0,-52.0,30.0,159.0
56.0,-52.0,30.0,505.0
58.0,-52.0,30.0,505.0
60.0,-52.0,30.0,505.0
62.0,-52.0,30.0,193.0
64.0,-52.0,30.0,193.0
-64.0,-50.0,30.0,392.0
-62.0,-50.0,30.0,392.0
-60.0,-50.0,30.0,392.0
-58.0,-50.0,30.0,242.0
-56.0,-50.0,30.0,242.0
-54.0,-50.0,30.0,242.0
-52.0,-50.0,30.0,242.0
-50.0,-50.0,30.0,242.0
-48.0,-50.0,30.0,242.0
-46.0,-50.0,30.0,242.0
-44.0,-50.0,30.0,3.0
-42.0,-50.0,30.0,3.0
-16.0,-50.0,30.0,12.0
-14.0,-50.0,30.0,12.0
-12.0,-50.0,30.0,12.0
-10.0,-50.0,30.0,98.0
-8.0,-50.0,30.0,98.0
-6.0,-50.0,30.0,98.0
-4.0,-50.0,30.0,98.0
-2.0,-50.0,30.0,98.0
0.0,-50.0,30.0,98.0
2.0,-50.0,30.0,98.0
4.0,-50.0,30.0,486.0
6.0,-50.0,30.0,486.0
8.0,-50.0,30.0,486.0
10.0,-50.0,30.0,486.0
12.0,-50.0,30.0,486.0
14.0,-50.0,30.0,486.0
32.0,-50.0,30.0,240.0
34.0,-50.0,30.0,240.0
36.0,-50.0,30.0,240.0
38.0,-50.0,30.0,240.0
40.0,-50.0,30.0,240.0
42.0,-50.0,30.0,231.0
44.0,-50.0,30.0,231.0
46.0,-50.0,30.0,231.0
48.0,-50.0,30.0,159.0
50.0,-50.0,30.0,159.0
52.0,-50.0,30.0,159.0
54.0,-50.0,30.0,505.0
56.0,-50.0,30.0,505.0
58.0,-50.0,30.0,505.0
60.0,-50.0,30.0,505.0
62.0,-50.0,30.0,193.0
64.0,-50.0,30.0,193.0
-66.0,-48.0,30.0,392.0
-64.0,-48.0,30.0,392.0
-62.0,-48.0,30.0,392.0
-60.0,-48.0,30.0,242.0
-58.0,-48.0,30.0,242.0
-56.0,-48.0,30.0,242.0
-54.0,-48.0,30.0,242.0
-52.0,-48.0,30.0,242.0
-50.0,-48.0,30.0,242.0
-48.0,-48.0,30.0,242.0
-46.0,-48.0,30.0,242.0
-44.0,-48.0,30.0,3.0
-16.0,-48.0,30.0,12.0
-14.0,-48.0,30.0,12.0
-12.0,-48.0,30.0,12.0
-10.0,-48.0,30.0,12.0
-8.0,-48.0,30.0,98.0
-6.0,-48.0,30.0,98.0
-4.0,-48.0,30.0,98.0
-2.0,-48.0,30.0,98.0
0.0,-48.0,30.0,98.0
2.0,-48.0,30.0,98.0
4.0,-48.0,30.0,122.0
6.0,-48.0,30.0,122.0
8.0,-48.0,30.0,122.0
10.0,-48.0,30.0,122.0
12.0,-48.0,30.0,486.0
14.0,-48.0,30.0,486.0
32.0,-48.0,30.0,240.0
34.0,-48.0,30.0,240.0
36.0,-48.0,30.0,240.0
38.0,-48.0,30.0,240.0
46.0,-48.0,30.0,231.0
48.0,-48.0,30.0,488.0
50.0,-48.0,30.0,342.0
52.0,-48.0,30.0,342.0
54.0,-48.0,30.0,505.0
56.0,-48.0,30.0,505.0
58.0,-48.0,30.0,505.0
60.0,-48.0,30.0,505.0
62.0,-48.0,30.0,193.0
64.0,-48.0,30.0,193.0
66.0,-48.0,30.0,193.0
-66.0,-46.0,30.0,392.0
-64.0,-46.0,30.0,392.0
-62.0,-46.0,30.0,392.0
-60.0,-46.0,30.0,242.0
-58.0,-46.0,30.0,242.0
-56.0,-46.0,30.0,242.0
-54.0,-46.0,30.0,242.0
-52.0,-46.0,30.0,242.0
-50.0,-46.0,30.0,242.0
-48.0,-46.0,30.0,242.0
-46.0,-46.0,30.0,242.0
-44.0,-46.0,30.0,242.0
-16.0,-46.0,30.0,12.0
-14.0,-46.0,30.0,12.0
-12.0,-46.0,30.0,12.0
-10.0,-46.0,30.0,12.0
-8.0,-46.0,30.0,98.0
-6.0,-46.0,30.0,98.0
-4.0,-46.0,30.0,98.0
-2.0,-46.0,30.0,98.0
0.0,-46.0,30.0,98.0
2.0,-46.0,30.0,80.0
4.0,-46.0,30.0,122.0
6.0,-46.0,30.0,122.0
8.0,-46.0,30.0,122.0
10.0,-46.0,30.0,122.0
12.0,-46.0,30.0,122.0
14.0,-46.0,30.0,122.0
46.0,-46.0,30.0,488.0
48.0,-46.0,30.0,488.0
50.0,-46.0,30.0,488.0
52.0,-46.0,30.0,342.0
54.0,-46.0,30.0,342.0
56.0,-46.0,30.0,342.0
58.0,-46.0,30.0,342.0
60.0,-46.0,30.0,342.0
62.0,-46.0,30.0,193.0
64.0,-46.0,30.0,193.0
66.0,-46.0,30.0,193.0
-66.0,-44.0,30.0,392.0
-64.0,-44.0,30.0,392.0
-62.0,-44.0,30.0,242.0
-60.0,-44.0,30.0,242.0
-58.0,-44.0,30.0,242.0
-56.0,-44.0,30.0,242.0
-54.0,-44.0,30.0,242.0
-52.0,-44.0,30.0,242.0
-50.0,-44.0,30.0,242.0
-48.0,-44.0,30.0,242.0
-46.0,-44.0,30.0,242.0
-16.0,-44.0,30.0,12.0
-14.0,-44.0,30.0,12.0
-12.0,-44.0,30.0,12.0
-10.0,-44.0,30.0,12.0
-8.0,-44.0,30.0,12.0
-6.0,-44.0,30.0,98.0
-4.0,-44.0,30.0,98.0
-2.0,-44.0,30.0,98.0
0.0,-44.0,30.0,98.0
2.0,-44.0,30.0,122.0
4.0,-44.0,30.0,122.0
6.0,-44.0,30.0,122.0
8.0,-44.0,30.0,122.0
10.0,-44.0,30.0,122.0
12.0,-44.0,30.0,122.0
14.0,-44.0,30.0,122.0
48.0,-44.0,30.0,488.0
50.0,-44.0,30.0,488.0
52.0,-44.0,30.0,342.0
54.0,-44.0,30.0,342.0
56.0,-44.0,30.0,342.0
58.0,-44.0,30.0,342.0
60.0,-44.0,30.0,342.0
62.0,-44.0,30.0,193.0
64.0,-44.0,30.0,193.0
66.0,-44.0,30.0,193.0
-68.0,-42.0,30.0,392.0
-66.0,-42.0,30.0,392.0
-64.0,-42.0,30.0,392.0
-62.0,-42.0,30.0,242.0
-60.0,-42.0,30.0,242.0
-58.0,-42.0,30.0,242.0
-56.0,-42.0,30.0,242.0
-54.0,-42.0,30.0,242.0
-52.0,-42.0,30.0,242.0
-50.0,-42.0,30.0,242.0
-48.0,-42.0,30.0,242.0
-14.0,-42.0,30.0,12.0
-12.0,-42.0,30.0,12.0
-10.0,-42.0,30.0,12.0
-8.0,-42.0,30.0,12.0
-6.0,-42.0,30.0,199.0
-4.0,-42.0,30.0,199.0
-2.0,-42.0,30.0,199.0
0.0,-42.0,30.0,80.0
2.0,-42.0,30.0,122.0
4.0,-42.0,30.0,122.0
6.0,-42.0,30.0,122.0
8.0,-42.0,30.0,122.0
10.0,-42.0,30.0,122.0
12.0,-42.0,30.0,122.0
52.0,-42.0,30.0,342.0
54.0,-42.0,30.0,342.0
56.0,-42.0,30.0,342.0
58.0,-42.0,30.0,342.0
60.0,-42.0,30.0,342.0
62.0,-42.0,30.0,342.0
64.0,-42.0,30.0,193.0
66.0,-42.0,30.0,193.0
-68.0,-40.0,30.0,392.0
-66.0,-40.0,30.0,392.0
-64.0,-40.0,30.0,242.0
-62.0,-40.0,30.0,242.0
-60.0,-40.0,30.0,242.0
-58.0,-40.0,30.0,242.0
-56.0,-40.0,30.0,242.0
-54.0,-40.0,30.0,242.0
-52.0,-40.0,30.0,242.0
-8.0,-40.0,30.0,12.0
-6.0,-40.0,30.0,199.0
-4.0,-40.0,30.0,199.0
-2.0,-40.0,30.0,199.0
0.0,-40.0,30.0,435.0
2.0,-40.0,30.0,435.0
4.0,-40.0,30.0,122.0
6.0,-40.0,30.0,122.0
8.0,-40.0,30.0,122.0
10.0,-40.0,30.0,122.0
50.0,-40.0,30.0,488.0
52.0,-40.0,30.0,342.0
54.0,-40.0,30.0,342.0
56.0,-40.0,30.0,342.0
58.0,-40.0,30.0,342.0
60.0,-40.0,30.0,342.0
62.0,-40.0,30.0,342.0
64.0,-40.0,30.0,342.0
66.0,-40.0,30.0,193.0
-68.0,-38.0,30.0,392.0
-66.0,-38.0,30.0,221.0
-64.0,-38.0,30.0,221.0
-62.0,-38.0,30.0,221.0
-60.0,-38.0,30.0,221.0
-58.0,-38.0,30.0,221.0
-56.0,-38.0,30.0,221.0
-54.0,-38.0,30.0,221.0
-52.0,-38.0,30.0,221.0
-6.0,-38.0,30.0,199.0
-4.0,-38.0,30.0,199.0
-2.0,-38.0,30.0,199.0
0.0,-38.0,30.0,435.0
2.0,-38.0,30.0,435.0
4.0,-38.0,30.0,435.0
6.0,-38.0,30.0,122.0
50.0,-38.0,30.0,488.0
52.0,-38.0,30.0,358.0
54.0,-38.0,30.0,358.0
56.0,-38.0,30.0,358.0
58.0,-38.0,30.0,358.0
60.0,-38.0,30.0,358.0
62.0,-38.0,30.0,358.0
64.0,-38.0,30.0,358.0
66.0,-38.0,30.0,553.0
-68.0,-36.0,30.0,71.0
-66.0,-36.0,30.0,71.0
-64.0,-36.0,30.0,221.0
-62.0,-36.0,30.0,221.0
-60.0,-36.0,30.0,221.0
-58.0,-36.0,30.0,221.0
-56.0,-36.0,30.0,221.0
-54.0,-36.0,30.0,221.0
-52.0,-36.0,30.0,221.0
-6.0,-36.0,30.0,55.0
-4.0,-36.0,30.0,55.0
-2.0,-36.0,30.0,55.0
0.0,-36.0,30.0,55.0
2.0,-36.0,30.0,435.0
4.0,-36.0,30.0,435.0
6.0,-36.0,30.0,435.0
52.0,-36.0,30.0,358.0
54.0,-36.0,30.0,358.0
56.0,-36.0,30.0,358.0
58.0,-36.0,30.0,358.0
60.0,-36.0,30.0,358.0
62.0,-36.0,30.0,358.0
64.0,-36.0,30.0,553.0
66.0,-36.0,30.0,553.0
-68.0,-34.0,30.0,71.0
-66.0,-34.0,30.0,71.0
-64.0,-34.0,30.0,71.0
-62.0,-34.0,30.0,71.0
-60.0,-34.0,30.0,221.0
-58.0,-34.0,30.0,221.0
-56.0,-34.0,30.0,221.0
-54.0,-34.0,30.0,221.0
-52.0,-34.0,30.0,221.0
-8.0,-34.0,30.0,55.0
-6.0,-34.0,30.0,55.0
-4.0,-34.0,30.0,55.0
-2.0,-34.0,30.0,55.0
0.0,-34.0,30.0,55.0
2.0,-34.0,30.0,55.0
4.0,-34.0,30.0,435.0
6.0,-34.0,30.0,435.0
52.0,-34.0,30.0,358.0
54.0,-34.0,30.0,358.0
56.0,-34.0,30.0,358.0
58.0,-34.0,30.0,358.0
60.0,-34.0,30.0,358.0
62.0,-34.0,30.0,358.0
64.0,-34.0,30.0,553.0
66.0,-34.0,30.0,553.0
68.0,-34.0,30.0,553.0
-68.0,-32.0,30.0,447.0
-66.0,-32.0,30.0,71.0
-64.0,-32.0,30.0,71.0
-62.0,-32.0,30.0,71.0
-60.0,-32.0,30.0,71.0
-58.0,-32.0,30.0,71.0
-56.0,-32.0,30.0,221.0
-54.0,-32.0,30.0,221.0
-52.0,-32.0,30.0,221.0
-8.0,-32.0,30.0,55.0
-6.0,-32.0,30.0,55.0
-4.0,-32.0,30.0,55.0
-2.0,-32.0,30.0,55.0
0.0,-32.0,30.0,55.0
2.0,-32.0,30.0,55.0
4.0,-32.0,30.0,55.0
6.0,-32.0,30.0,55.0
50.0,-32.0,30.0,488.0
52.0,-32.0,30.0,358.0
54.0,-32.0,30.0,358.0
56.0,-32.0,30.0,358.0
58.0,-32.0,30.0,358.0
60.0,-32.0,30.0,358.0
62.0,-32.0,30.0,358.0
64.0,-32.0,30.0,553.0
66.0,-32.0,30.0,553.0
68.0,-32.0,30.0,553.0
-68.0,-30.0,30.0,447.0
-66.0,-30.0,30.0,71.0
-64.0,-30.0,30.0,71.0
-62.0,-30.0,30.0,71.0
-60.0,-30.0,30.0,71.0
-58.0,-30.0,30.0,71.0
-56.0,-30.0,30.0,71.0
-54.0,-30.0,30.0,221.0
-52.0,-30.0,30.0,221.0
-8.0,-30.0,30.0,55.0
-6.0,-30.0,30.0,55.0
-4.0,-30.0,30.0,55.0
-2.0,-30.0,30.0,55.0
0.0,-30.0,30.0,55.0
2.0,-30.0,30.0,55.0
4.0,-30.0,30.0,55.0
6.0,-30.0,30.0,55.0
50.0,-30.0,30.0,204.0
52.0,-30.0,30.0,204.0
54.0,-30.0,30.0,20.0
56.0,-30.0,30.0,20.0
58.0,-30.0,30.0,20.0
60.0,-30.0,30.0,20.0
62.0,-30.0,30.0,20.0
64.0,-30.0,30.0,20.0
66.0,-30.0,30.0,20.0
68.0,-30.0,30.0,553.0
-68.0,-28.0,30.0,447.0
-66.0,-28.0,30.0,447.0
-64.0,-28.0,30.0,71.0
-62.0,-28.0,30.0,71.0
-60.0,-28.0,30.0,71.0
-58.0,-28.0,30.0,71.0
-56.0,-28.0,30.0,71.0
-54.0,-28.0,30.0,71.0
-52.0,-28.0,30.0,71.0
-8.0,-28.0,30.0,55.0
-6.0,-28.0,30.0,55.0
-4.0,-28.0,30.0,55.0
-2.0,-28.0,30.0,55.0
0.0,-28.0,30.0,55.0
2.0,-28.0,30.0,55.0
4.0,-28.0,30.0,55.0
6.0,-28.0,30.0,55.0
8.0,-28.0,30.0,55.0
48.0,-28.0,30.0,204.0
50.0,-28.0,30.0,204.0
52.0,-28.0,30.0,20.0
54.0,-28.0,30.0,20.0
56.0,-28.0,30.0,20.0
58.0,-28.0,30.0,20.0
60.0,-28.0,30.0,20.0
62.0,-28.0,30.0,20.0
64.0,-28.0,30.0,20.0
66.0,-28.0,30.0,20.0
-68.0,-26.0,30.0,447.0
-66.0,-26.0,30.0,447.0
-64.0,-26.0,30.0,71.0
-62.0,-26.0,30.0,71.0
-60.0,-26.0,30.0,71.0
-58.0,-26.0,30.0,71.0
-56.0,-26.0,30.0,71.0
-54.0,-26.0,30.0,71.0
-52.0,-26.0,30.0,71.0
-8.0,-26.0,30.0,55.0
-6.0,-26.0,30.0,55.0
-4.0,-26.0,30.0,55.0
-2.0,-26.0,30.0,55.0
0.0,-26.0,30.0,55.0
2.0,-26.0,30.0,55.0
4.0,-26.0,30.0,55.0
6.0,-26.0,30.0,55.0
48.0,-26.0,30.0,204.0
50.0,-26.0,30.0,20.0
52.0,-26.0,30.0,20.0
54.0,-26.0,30.0,20.0
56.0,-26.0,30.0,20.0
58.0,-26.0,30.0,20.0
60.0,-26.0,30.0,20.0
62.0,-26.0,30.0,20.0
64.0,-26.0,30.0,20.0
66.0,-26.0,30.0,20.0
68.0,-26.0,30.0,20.0
-68.0,-24.0,30.0,447.0
-66.0,-24.0,30.0,447.0
-64.0,-24.0,30.0,447.0
-62.0,-24.0,30.0,71.0
-60.0,-24.0,30.0,71.0
-58.0,-24.0,30.0,71.0
-56.0,-24.0,30.0,71.0
-54.0,-24.0,30.0,71.0
-52.0,-24.0,30.0,71.0
-50.0,-24.0,30.0,71.0
-8.0,-24.0,30.0,55.0
-6.0,-24.0,30.0,55.0
-4.0,-24.0,30.0,55.0
-2.0,-24.0,30.0,55.0
0.0,-24.0,30.0,55.0
2.0,-24.0,30.0,55.0
4.0,-24.0,30.0,55.0
6.0,-24.0,30.0,239.0
48.0,-24.0,30.0,20.0
50.0,-24.0,30.0,20.0
52.0,-24.0,30.0,20.0
54.0,-24.0,30.0,20.0
56.0,-24.0,30.0,20.0
58.0,-24.0,30.0,20.0
60.0,-24.0,30.0,20.0
62.0,-24.0,30.0,20.0
64.0,-24.0,30.0,20.0
66.0,-24.0,30.0,20.0
68.0,-24.0,30.0,20.0
-68.0,-22.0,30.0,447.0
-66.0,-22.0,30.0,447.0
-64.0,-22.0,30.0,447.0
-62.0,-22.0,30.0,447.0
-60.0,-22.0,30.0,71.0
-58.0,-22.0,30.0,71.0
-56.0,-22.0,30.0,71.0
-54.0,-22.0,30.0,71.0
-52.0,-22.0,30.0,71.0
-50.0,-22.0,30.0,205.0
-6.0,-22.0,30.0,55.0
-4.0,-22.0,30.0,55.0
-2.0,-22.0,30.0,55.0
0.0,-22.0,30.0,542.0
2.0,-22.0,30.0,542.0
4.0,-22.0,30.0,239.0
50.0,-22.0,30.0,20.0
52.0,-22.0,30.0,20.0
54.0,-22.0,30.0,20.0
56.0,-22.0,30.0,20.0
58.0,-22.0,30.0,20.0
60.0,-22.0,30.0,20.0
62.0,-22.0,30.0,20.0
64.0,-22.0,30.0,20.0
66.0,-22.0,30.0,20.0
68.0,-22.0,30.0,20.0
-68.0,-20.0,30.0,447.0
-66.0,-20.0,30.0,447.0
-64.0,-20.0,30.0,447.0
-62.0,-20.0,30.0,447.0
-60.0,-20.0,30.0,71.0
-58.0,-20.0,30.0,71.0
-56.0,-20.0,30.0,71.0
-54.0,-20.0,30.0,71.0
-52.0,-20.0,30.0,71.0
-50.0,-20.0,30.0,205.0
-6.0,-20.0,30.0,542.0
-4.0,-20.0,30.0,542.0
-2.0,-20.0,30.0,542.0
0.0,-20.0,30.0,542.0
2.0,-20.0,30.0,542.0
4.0,-20.0,30.0,239.0
52.0,-20.0,30.0,20.0
54.0,-20.0,30.0,20.0
56.0,-20.0,30.0,20.0
60.0,-20.0,30.0,20.0
62.0,-20.0,30.0,20.0
64.0,-20.0,30.0,20.0
66.0,-20.0,30.0,20.0
68.0,-20.0,30.0,20.0
-68.0,-18.0,30.0,447.0
-66.0,-18.0,30.0,447.0
-64.0,-18.0,30.0,447.0
-62.0,-18.0,30.0,447.0
-60.0,-18.0,30.0,447.0
-58.0,-18.0,30.0,71.0
-56.0,-18.0,30.0,71.0
-54.0,-18.0,30.0,71.0
-52.0,-18.0,30.0,205.0
-6.0,-18.0,30.0,542.0
-4.0,-18.0,30.0,542.0
-2.0,-18.0,30.0,542.0
0.0,-18.0,30.0,542.0
2.0,-18.0,30.0,542.0
4.0,-18.0,30.0,239.0
62.0,-18.0,30.0,20.0
64.0,-18.0,30.0,20.0
66.0,-18.0,30.0,20.0
-68.0,-16.0,30.0,447.0
-66.0,-16.0,30.0,447.0
-64.0,-16.0,30.0,447.0
-62.0,-16.0,30.0,447.0
-60.0,-16.0,30.0,447.0
-58.0,-16.0,30.0,478.0
-56.0,-16.0,30.0,71.0
-54.0,-16.0,30.0,71.0
-52.0,-16.0,30.0,205.0
-6.0,-16.0,30.0,542.0
-4.0,-16.0,30.0,542.0
-2.0,-16.0,30.0,542.0
0.0,-16.0,30.0,542.0
2.0,-16.0,30.0,239.0
4.0,-16.0,30.0,239.0
62.0,-16.0,30.0,20.0
64.0,-16.0,30.0,20.0
66.0,-16.0,30.0,20.0
-68.0,-14.0,30.0,447.0
-66.0,-14.0,30.0,447.0
-64.0,-14.0,30.0,478.0
-62.0,-14.0,30.0,478.0
-60.0,-14.0,30.0,478.0
-58.0,-14.0,30.0,478.0
-56.0,-14.0,30.0,478.0
-54.0,-14.0,30.0,19.0
-4.0,-14.0,30.0,542.0
0.0,-14.0,30.0,542.0
2.0,-14.0,30.0,239.0
58.0,-14.0,30.0,20.0
60.0,-14.0,30.0,20.0
62.0,-14.0,30.0,20.0
64.0,-14.0,30.0,20.0
66.0,-14.0,30.0,20.0
-68.0,-12.0,30.0,478.0
-66.0,-12.0,30.0,478.0
-64.0,-12.0,30.0,478.0
-62.0,-12.0,30.0,478.0
-60.0,-12.0,30.0,478.0
-58.0,-12.0,30.0,19.0
-56.0,-12.0,30.0,19.0
-4.0,-12.0,30.0,267.0
-2.0,-12.0,30.0,267.0
2.0,-12.0,30.0,239.0
50.0,-12.0,30.0,393.0
52.0,-12.0,30.0,393.0
54.0,-12.0,30.0,393.0
56.0,-12.0,30.0,393.0
58.0,-12.0,30.0,20.0
60.0,-12.0,30.0,20.0
62.0,-12.0,30.0,20.0
64.0,-12.0,30.0,20.0
66.0,-12.0,30.0,20.0
-68.0,-10.0,30.0,478.0
-66.0,-10.0,30.0,478.0
-64.0,-10.0,30.0,478.0
-62.0,-10.0,30.0,478.0
-60.0,-10.0,30.0,19.0
-6.0,-10.0,30.0,267.0
-4.0,-10.0,30.0,267.0
-2.0,-10.0,30.0,267.0
2.0,-10.0,30.0,239.0
4.0,-10.0,30.0,239.0
48.0,-10.0,30.0,393.0
50.0,-10.0,30.0,393.0
52.0,-10.0,30.0,393.0
54.0,-10.0,30.0,393.0
56.0,-10.0,30.0,393.0
58.0,-10.0,30.0,393.0
60.0,-10.0,30.0,393.0
62.0,-10.0,30.0,393.0
64.0,-10.0,30.0,393.0
-66.0,-8.0,30.0,478.0
-64.0,-8.0,30.0,19.0
-62.0,-8.0,30.0,19.0
-60.0,-8.0,30.0,19.0
-50.0,-8.0,30.0,19.0
-6.0,-8.0,30.0,267.0
-4.0,-8.0,30.0,267.0
-2.0,-8.0,30.0,267.0
2.0,-8.0,30.0,586.0
4.0,-8.0,30.0,586.0
48.0,-8.0,30.0,393.0
50.0,-8.0,30.0,393.0
56.0,-8.0,30.0,393.0
58.0,-8.0,30.0,393.0
60.0,-8.0,30.0,393.0
62.0,-8.0,30.0,393.0
64.0,-8.0,30.0,393.0
66.0,-8.0,30.0,393.0
-66.0,-6.0,30.0,19.0
-64.0,-6.0,30.0,19.0
-62.0,-6.0,30.0,19.0
-60.0,-6.0,30.0,19.0
-58.0,-6.0,30.0,19.0
-48.0,-6.0,30.0,421.0
-46.0,-6.0,30.0,421.0
-8.0,-6.0,30.0,267.0
-6.0,-6.0,30.0,267.0
-4.0,-6.0,30.0,267.0
-2.0,-6.0,30.0,586.0
2.0,-6.0,30.0,586.0
4.0,-6.0,30.0,586.0
58.0,-6.0,30.0,393.0
60.0,-6.0,30.0,393.0
62.0,-6.0,30.0,393.0
64.0,-6.0,30.0,393.0
-66.0,-4.0,30.0,19.0
-64.0,-4.0,30.0,19.0
-62.0,-4.0,30.0,19.0
-60.0,-4.0,30.0,19.0
-58.0,-4.0,30.0,19.0
-54.0,-4.0,30.0,19.0
-52.0,-4.0,30.0,19.0
-50.0,-4.0,30.0,19.0
-48.0,-4.0,30.0,19.0
-46.0,-4.0,30.0,421.0
-8.0,-4.0,30.0,267.0
-6.0,-4.0,30.0,267.0
-4.0,-4.0,30.0,586.0
-2.0,-4.0,30.0,586.0
0.0,-4.0,30.0,586.0
2.0,-4.0,30.0,586.0
4.0,-4.0,30.0,586.0
58.0,-4.0,30.0,393.0
60.0,-4.0,30.0,393.0
62.0,-4.0,30.0,393.0
64.0,-4.0,30.0,393.0
-64.0,-2.0,30.0,19.0
-62.0,-2.0,30.0,19.0
-60.0,-2.0,30.0,19.0
-58.0,-2.0,30.0,19.0
-56.0,-2.0,30.0,19.0
-54.0,-2.0,30.0,19.0
-52.0,-2.0,30.0,19.0
-50.0,-2.0,30.0,19.0
-48.0,-2.0,30.0,19.0
-46.0,-2.0,30.0,421.0
-8.0,-2.0,30.0,267.0
-6.0,-2.0,30.0,586.0
-4.0,-2.0,30.0,586.0
-2.0,-2.0,30.0,586.0
0.0,-2.0,30.0,586.0
2.0,-2.0,30.0,586.0
4.0,-2.0,30.0,586.0
6.0,-2.0,30.0,586.0
44.0,-2.0,30.0,229.0
46.0,-2.0,30.0,229.0
48.0,-2.0,30.0,393.0
50.0,-2.0,30.0,393.0
52.0,-2.0,30.0,393.0
54.0,-2.0,30.0,393.0
56.0,-2.0,30.0,393.0
58.0,-2.0,30.0,393.0
60.0,-2.0,30.0,393.0
62.0,-2.0,30.0,393.0
-64.0,-0.0,30.0,19.0
-62.0,-0.0,30.0,19.0
-60.0,-0.0,30.0,19.0
-58.0,-0.0,30.0,19.0
-56.0,-0.0,30.0,19.0
-54.0,-0.0,30.0,19.0
-52.0,-0.0,30.0,19.0
-50.0,-0.0,30.0,188.0
-48.0,-0.0,30.0,188.0
-6.0,-0.0,30.0,586.0
-4.0,-0.0,30.0,586.0
-2.0,-0.0,30.0,586.0
0.0,-0.0,30.0,586.0
2.0,-0.0,30.0,586.0
4.0,-0.0,30.0,586.0
6.0,-0.0,30.0,586.0
38.0,-0.0,30.0,331.0
40.0,-0.0,30.0,331.0
42.0,-0.0,30.0,229.0
44.0,-0.0,30.0,229.0
46.0,-0.0,30.0,229.0
48.0,-0.0,30.0,393.0
50.0,-0.0,30.0,393.0
52.0,-0.0,30.0,393.0
54.0,-0.0,30.0,393.0
56.0,-0.0,30.0,393.0
58.0,-0.0,30.0,393.0
60.0,-0.0,30.0,393.0
62.0,-0.0,30.0,393.0
-64.0,2.0,30.0,19.0
-62.0,2.0,30.0,19.0
-60.0,2.0,30.0,19.0
-58.0,2.0,30.0,19.0
-56.0,2.0,30.0,188.0
-54.0,2.0,30.0,188.0
-52.0,2.0,30.0,188.0
-6.0,2.0,30.0,586.0
-4.0,2.0,30.0,586.0
-2.0,2.0,30.0,586.0
0.0,2.0,30.0,586.0
2.0,2.0,30.0,586.0
4.0,2.0,30.0,586.0
6.0,2.0,30.0,586.0
36.0,2.0,30.0,331.0
38.0,2.0,30.0,331.0
40.0,2.0,30.0,331.0
42.0,2.0,30.0,229.0
44.0,2.0,30.0,229.0
46.0,2.0,30.0,229.0
48.0,2.0,30.0,393.0
50.0,2.0,30.0,393.0
52.0,2.0,30.0,393.0
54.0,2.0,30.0,393.0
56.0,2.0,30.0,393.0
58.0,2.0,30.0,393.0
60.0,2.0,30.0,393.0
62.0,2.0,30.0,393.0
-64.0,4.0,30.0,19.0
-62.0,4.0,30.0,188.0
-60.0,4.0,30.0,188.0
-58.0,4.0,30.0,188.0
-56.0,4.0,30.0,188.0
-6.0,4.0,30.0,586.0
-4.0,4.0,30.0,586.0
-2.0,4.0,30.0,586.0
0.0,4.0,30.0,586.0
2.0,4.0,30.0,586.0
4.0,4.0,30.0,586.0
6.0,4.0,30.0,586.0
34.0,4.0,30.0,331.0
36.0,4.0,30.0,331.0
38.0,4.0,30.0,331.0
40.0,4.0,30.0,331.0
42.0,4.0,30.0,229.0
44.0,4.0,30.0,229.0
46.0,4.0,30.0,229.0
48.0,4.0,30.0,229.0
50.0,4.0,30.0,393.0
52.0,4.0,30.0,393.0
54.0,4.0,30.0,393.0
56.0,4.0,30.0,393.0
58.0,4.0,30.0,393.0
60.0,4.0,30.0,393.0
62.0,4.0,30.0,393.0
-64.0,6.0,30.0,188.0
-62.0,6.0,30.0,188.0
-60.0,6.0,30.0,188.0
-58.0,6.0,30.0,188.0
-56.0,6.0,30.0,188.0
-52.0,6.0,30.0,188.0
-50.0,6.0,30.0,188.0
-48.0,6.0,30.0,188.0
-46.0,6.0,30.0,188.0
-44.0,6.0,30.0,44.0
-42.0,6.0,30.0,44.0
-40.0,6.0,30.0,44.0
-38.0,6.0,30.0,44.0
-36.0,6.0,30.0,44.0
-6.0,6.0,30.0,586.0
-4.0,6.0,30.0,586.0
-2.0,6.0,30.0,586.0
0.0,6.0,30.0,586.0
2.0,6.0,30.0,586.0
4.0,6.0,30.0,586.0
6.0,6.0,30.0,586.0
34.0,6.0,30.0,331.0
36.0,6.0,30.0,331.0
38.0,6.0,30.0,331.0
40.0,6.0,30.0,229.0
42.0,6.0,30.0,229.0
44.0,6.0,30.0,229.0
46.0,6.0,30.0,229.0
48.0,6.0,30.0,161.0
50.0,6.0,30.0,161.0
52.0,6.0,30.0,393.0
54.0,6.0,30.0,393.0
56.0,6.0,30.0,393.0
58.0,6.0,30.0,393.0
60.0,6.0,30.0,393.0
62.0,6.0,30.0,82.0
-62.0,8.0,30.0,188.0
-60.0,8.0,30.0,188.0
-58.0,8.0,30.0,188.0
-56.0,8.0,30.0,188.0
-54.0,8.0,30.0,188.0
-52.0,8.0,30.0,188.0
-50.0,8.0,30.0,188.0
-48.0,8.0,30.0,188.0
-46.0,8.0,30.0,188.0
-44.0,8.0,30.0,44.0
-42.0,8.0,30.0,44.0
-40.0,8.0,30.0,44.0
-38.0,8.0,30.0,44.0
-36.0,8.0,30.0,44.0
-34.0,8.0,30.0,44.0
-6.0,8.0,30.0,586.0
-4.0,8.0,30.0,586.0
-2.0,8.0,30.0,586.0
0.0,8.0,30.0,586.0
2.0,8.0,30.0,586.0
4.0,8.0,30.0,586.0
6.0,8.0,30.0,586.0
32.0,8.0,30.0,331.0
34.0,8.0,30.0,331.0
36.0,8.0,30.0,331.0
38.0,8.0,30.0,331.0
40.0,8.0,30.0,229.0
42.0,8.0,30.0,229.0
44.0,8.0,30.0,229.0
46.0,8.0,30.0,229.0
48.0,8.0,30.0,161.0
50.0,8.0,30.0,161.0
52.0,8.0,30.0,161.0
54.0,8.0,30.0,161.0
56.0,8.0,30.0,82.0
58.0,8.0,30.0,82.0
60.0,8.0,30.0,82.0
-62.0,10.0,30.0,197.0
-60.0,10.0,30.0,188.0
-58.0,10.0,30.0,188.0
-56.0,10.0,30.0,188.0
-54.0,10.0,30.0,188.0
-52.0,10.0,30.0,188.0
-50.0,10.0,30.0,188.0
-48.0,10.0,30.0,188.0
-46.0,10.0,30.0,44.0
-44.0,10.0,30.0,44.0
-42.0,10.0,30.0,44.0
-40.0,10.0,30.0,44.0
-38.0,10.0,30.0,44.0
-36.0,10.0,30.0,44.0
-34.0,10.0,30.0,308.0
-32.0,10.0,30.0,308.0
-6.0,10.0,30.0,160.0
-4.0,10.0,30.0,160.0
-2.0,10.0,30.0,160.0
0.0,10.0,30.0,160.0
2.0,10.0,30.0,160.0
4.0,10.0,30.0,160.0
32.0,10.0,30.0,331.0
34.0,10.0,30.0,331.0
36.0,10.0,30.0,331.0
38.0,10.0,30.0,331.0
40.0,10.0,30.0,229.0
42.0,10.0,30.0,229.0
44.0,10.0,30.0,229.0
46.0,10.0,30.0,161.0
48.0,10.0,30.0,161.0
50.0,10.0,30.0,161.0
52.0,10.0,30.0,161.0
54.0,10.0,30.0,161.0
56.0,10.0,30.0,82.0
58.0,10.0,30.0,82.0
60.0,10.0,30.0,82.0
-62.0,12.0,30.0,197.0
-60.0,12.0,30.0,197.0
-58.0,12.0,30.0,404.0
-56.0,12.0,30.0,188.0
-54.0,12.0,30.0,188.0
-52.0,12.0,30.0,188.0
-50.0,12.0,30.0,188.0
-48.0,12.0,30.0,188.0
-46.0,12.0,30.0,44.0
-44.0,12.0,30.0,44.0
-42.0,12.0,30.0,44.0
-40.0,12.0,30.0,44.0
-38.0,12.0,30.0,44.0
-36.0,12.0,30.0,44.0
-34.0,12.0,30.0,308.0
-32.0,12.0,30.0,308.0
-6.0,12.0,30.0,160.0
-4.0,12.0,30.0,160.0
-2.0,12.0,30.0,160.0
0.0,12.0,30.0,160.0
2.0,12.0,30.0,160.0
4.0,12.0,30.0,160.0
32.0,12.0,30.0,331.0
34.0,12.0,30.0,331.0
36.0,12.0,30.0,331.0
38.0,12.0,30.0,229.0
40.0,12.0,30.0,229.0
42.0,12.0,30.0,229.0
44.0,12.0,30.0,161.0
46.0,12.0,30.0,161.0
48.0,12.0,30.0,161.0
50.0,12.0,30.0,161.0
52.0,12.0,30.0,161.0
54.0,12.0,30.0,161.0
56.0,12.0,30.0,82.0
58.0,12.0,30.0,82.0
-60.0,14.0,30.0,197.0
-58.0,14.0,30.0,404.0
-56.0,14.0,30.0,404.0
-54.0,14.0,30.0,404.0
-52.0,14.0,30.0,404.0
-50.0,14.0,30.0,404.0
-48.0,14.0,30.0,44.0
-46.0,14.0,30.0,44.0
-44.0,14.0,30.0,44.0
-42.0,14.0,30.0,44.0
-40.0,14.0,30.0,44.0
-38.0,14.0,30.0,44.0
-36.0,14.0,30.0,44.0
-34.0,14.0,30.0,308.0
-32.0,14.0,30.0,308.0
-6.0,14.0,30.0,160.0
-4.0,14.0,30.0,160.0
-2.0,14.0,30.0,160.0
0.0,14.0,30.0,160.0
2.0,14.0,30.0,160.0
4.0,14.0,30.0,160.0
6.0,14.0,30.0,215.0
34.0,14.0,30.0,331.0
36.0,14.0,30.0,331.0
38.0,14.0,30.0,229.0
40.0,14.0,30.0,229.0
42.0,14.0,30.0,161.0
44.0,14.0,30.0,161.0
46.0,14.0,30.0,161.0
48.0,14.0,30.0,161.0
50.0,14.0,30.0,161.0
52.0,14.0,30.0,161.0
54.0,14.0,30.0,161.0
56.0,14.0,30.0,82.0
-60.0,16.0,30.0,404.0
-58.0,16.0,30.0,404.0
-56.0,16.0,30.0,404.0
-54.0,16.0,30.0,404.0
-52.0,16.0,30.0,404.0
-50.0,16.0,30.0,404.0
-48.0,16.0,30.0,44.0
-46.0,16.0,30.0,44.0
-44.0,16.0,30.0,44.0
-42.0,16.0,30.0,44.0
-40.0,16.0,30.0,44.0
-38.0,16.0,30.0,44.0
-36.0,16.0,30.0,44.0
-34.0,16.0,30.0,308.0
-6.0,16.0,30.0,160.0
-4.0,16.0,30.0,160.0
-2.0,16.0,30.0,160.0
0.0,16.0,30.0,160.0
2.0,16.0,30.0,160.0
4.0,16.0,30.0,160.0
6.0,16.0,30.0,215.0
8.0,16.0,30.0,215.0
36.0,16.0,30.0,167.0
38.0,16.0,30.0,167.0
40.0,16.0,30.0,161.0
42.0,16.0,30.0,161.0
44.0,16.0,30.0,161.0
46.0,16.0,30.0,161.0
48.0,16.0,30.0,161.0
50.0,16.0,30.0,161.0
52.0,16.0,30.0,161.0
54.0,16.0,30.0,161.0
56.0,16.0,30.0,82.0
-58.0,18.0,30.0,404.0
-56.0,18.0,30.0,404.0
-54.0,18.0,30.0,404.0
-52.0,18.0,30.0,404.0
-50.0,18.0,30.0,404.0
-48.0,18.0,30.0,44.0
-46.0,18.0,30.0,44.0
-44.0,18.0,30.0,44.0
-42.0,18.0,30.0,44.0
-40.0,18.0,30.0,44.0
-38.0,18.0,30.0,360.0
-36.0,18.0,30.0,360.0
-34.0,18.0,30.0,360.0
-6.0,18.0,30.0,160.0
-4.0,18.0,30.0,160.0
-2.0,18.0,30.0,160.0
0.0,18.0,30.0,160.0
2.0,18.0,30.0,160.0
4.0,18.0,30.0,160.0
6.0,18.0,30.0,215.0
8.0,18.0,30.0,215.0
10.0,18.0,30.0,215.0
40.0,18.0,30.0,167.0
42.0,18.0,30.0,161.0
44.0,18.0,30.0,161.0
46.0,18.0,30.0,161.0
48.0,18.0,30.0,161.0
50.0,18.0,30.0,161.0
52.0,18.0,30.0,161.0
54.0,18.0,30.0,161.0
56.0,18.0,30.0,82.0
-58.0,20.0,30.0,404.0
-56.0,20.0,30.0,404.0
-54.0,20.0,30.0,404.0
-52.0,20.0,30.0,404.0
-50.0,20.0,30.0,261.0
-48.0,20.0,30.0,261.0
-46.0,20.0,30.0,44.0
-44.0,20.0,30.0,44.0
-42.0,20.0,30.0,360.0
-40.0,20.0,30.0,360.0
-38.0,20.0,30.0,360.0
-36.0,20.0,30.0,360.0
-12.0,20.0,30.0,160.0
-10.0,20.0,30.0,160.0
-8.0,20.0,30.0,160.0
-6.0,20.0,30.0,160.0
-4.0,20.0,30.0,160.0
-2.0,20.0,30.0,160.0
0.0,20.0,30.0,160.0
2.0,20.0,30.0,160.0
4.0,20.0,30.0,215.0
6.0,20.0,30.0,215.0
8.0,20.0,30.0,215.0
10.0,20.0,30.0,215.0
40.0,20.0,30.0,167.0
42.0,20.0,30.0,161.0
44.0,20.0,30.0,161.0
46.0,20.0,30.0,161.0
48.0,20.0,30.0,161.0
50.0,20.0,30.0,161.0
52.0,20.0,30.0,161.0
54.0,20.0,30.0,161.0
56.0,20.0,30.0,82.0
-58.0,22.0,30.0,404.0
-56.0,22.0,30.0,404.0
-54.0,22.0,30.0,404.0
-52.0,22.0,30.0,261.0
-50.0,22.0,30.0,261.0
-48.0,22.0,30.0,261.0
-46.0,22.0,30.0,261.0
-44.0,22.0,30.0,360.0
-42.0,22.0,30.0,360.0
-40.0,22.0,30.0,360.0
-14.0,22.0,30.0,160.0
-12.0,22.0,30.0,160.0
-10.0,22.0,30.0,160.0
-8.0,22.0,30.0,160.0
-6.0,22.0,30.0,160.0
-4.0,22.0,30.0,160.0
-2.0,22.0,30.0,160.0
0.0,22.0,30.0,160.0
2.0,22.0,30.0,160.0
4.0,22.0,30.0,215.0
6.0,22.0,30.0,215.0
8.0,22.0,30.0,215.0
10.0,22.0,30.0,215.0
40.0,22.0,30.0,167.0
42.0,22.0,30.0,167.0
44.0,22.0,30.0,161.0
46.0,22.0,30.0,161.0
48.0,22.0,30.0,161.0
50.0,22.0,30.0,161.0
52.0,22.0,30.0,161.0
54.0,22.0,30.0,161.0
56.0,22.0,30.0,82.0
-56.0,24.0,30.0,14.0
-54.0,24.0,30.0,261.0
-52.0,24.0,30.0,261.0
-50.0,24.0,30.0,261.0
-48.0,24.0,30.0,261.0
-46.0,24.0,30.0,261.0
-44.0,24.0,30.0,261.0
-42.0,24.0,30.0,360.0
-34.0,24.0,30.0,360.0
-14.0,24.0,30.0,160.0
-12.0,24.0,30.0,160.0
-10.0,24.0,30.0,160.0
-8.0,24.0,30.0,160.0
-6.0,24.0,30.0,160.0
-4.0,24.0,30.0,160.0
-2.0,24.0,30.0,160.0
0.0,24.0,30.0,160.0
2.0,24.0,30.0,160.0
4.0,24.0,30.0,215.0
6.0,24.0,30.0,215.0
8.0,24.0,30.0,531.0
10.0,24.0,30.0,531.0
12.0,24.0,30.0,531.0
38.0,24.0,30.0,167.0
40.0,24.0,30.0,167.0
50.0,24.0,30.0,119.0
52.0,24.0,30.0,119.0
54.0,24.0,30.0,119.0
-56.0,26.0,30.0,14.0
-54.0,26.0,30.0,14.0
-52.0,26.0,30.0,261.0
-50.0,26.0,30.0,261.0
-48.0,26.0,30.0,261.0
-46.0,26.0,30.0,261.0
-44.0,26.0,30.0,261.0
-42.0,26.0,30.0,360.0
-38.0,26.0,30.0,360.0
-36.0,26.0,30.0,360.0
-34.0,26.0,30.0,360.0
-32.0,26.0,30.0,360.0
-14.0,26.0,30.0,160.0
-12.0,26.0,30.0,160.0
-10.0,26.0,30.0,160.0
-8.0,26.0,30.0,160.0
-6.0,26.0,30.0,160.0
-4.0,26.0,30.0,160.0
-2.0,26.0,30.0,160.0
0.0,26.0,30.0,160.0
2.0,26.0,30.0,531.0
4.0,26.0,30.0,531.0
6.0,26.0,30.0,531.0
8.0,26.0,30.0,531.0
10.0,26.0,30.0,531.0
12.0,26.0,30.0,531.0
34.0,26.0,30.0,167.0
36.0,26.0,30.0,167.0
38.0,26.0,30.0,391.0
48.0,26.0,30.0,119.0
50.0,26.0,30.0,119.0
52.0,26.0,30.0,119.0
54.0,26.0,30.0,119.0
-56.0,28.0,30.0,14.0
-54.0,28.0,30.0,14.0
-52.0,28.0,30.0,261.0
-50.0,28.0,30.0,261.0
-48.0,28.0,30.0,261.0
-46.0,28.0,30.0,261.0
-44.0,28.0,30.0,261.0
-42.0,28.0,30.0,261.0
-40.0,28.0,30.0,360.0
-38.0,28.0,30.0,360.0
-36.0,28.0,30.0,360.0
-34.0,28.0,30.0,360.0
-32.0,28.0,30.0,360.0
-30.0,28.0,30.0,360.0
-14.0,28.0,30.0,497.0
-12.0,28.0,30.0,160.0
-10.0,28.0,30.0,160.0
-8.0,28.0,30.0,160.0
-6.0,28.0,30.0,160.0
-4.0,28.0,30.0,160.0
-2.0,28.0,30.0,531.0
0.0,28.0,30.0,531.0
2.0,28.0,30.0,531.0
4.0,28.0,30.0,531.0
6.0,28.0,30.0,531.0
8.0,28.0,30.0,531.0
10.0,28.0,30.0,531.0
12.0,28.0,30.0,531.0
32.0,28.0,30.0,101.0
34.0,28.0,30.0,391.0
36.0,28.0,30.0,391.0
44.0,28.0,30.0,284.0
46.0,28.0,30.0,119.0
48.0,28.0,30.0,119.0
50.0,28.0,30.0,119.0
52.0,28.0,30.0,119.0
-54.0,30.0,30.0,14.0
-52.0,30.0,30.0,14.0
-50.0,30.0,30.0,261.0
-48.0,30.0,30.0,261.0
-46.0,30.0,30.0,261.0
-44.0,30.0,30.0,261.0
-42.0,30.0,30.0,261.0
-40.0,30.0,30.0,360.0
-38.0,30.0,30.0,360.0
-36.0,30.0,30.0,360.0
-34.0,30.0,30.0,360.0
-32.0,30.0,30.0,360.0
-30.0,30.0,30.0,360.0
-28.0,30.0,30.0,386.0
-12.0,30.0,30.0,497.0
-10.0,30.0,30.0,497.0
-8.0,30.0,30.0,160.0
-6.0,30.0,30.0,258.0
-4.0,30.0,30.0,258.0
-2.0,30.0,30.0,531.0
0.0,30.0,30.0,531.0
2.0,30.0,30.0,531.0
4.0,30.0,30.0,531.0
6.0,30.0,30.0,531.0
8.0,30.0,30.0,531.0
10.0,30.0,30.0,531.0
12.0,30.0,30.0,531.0
30.0,30.0,30.0,101.0
32.0,30.0,30.0,391.0
34.0,30.0,30.0,391.0
40.0,30.0,30.0,391.0
42.0,30.0,30.0,284.0
44.0,30.0,30.0,284.0
46.0,30.0,30.0,284.0
48.0,30.0,30.0,119.0
50.0,30.0,30.0,119.0
52.0,30.0,30.0,119.0
-52.0,32.0,30.0,14.0
-50.0,32.0,30.0,261.0
-48.0,32.0,30.0,261.0
-46.0,32.0,30.0,261.0
-44.0,32.0,30.0,261.0
-42.0,32.0,30.0,261.0
-40.0,32.0,30.0,360.0
-38.0,32.0,30.0,360.0
-36.0,32.0,30.0,360.0
-34.0,32.0,30.0,360.0
-32.0,32.0,30.0,386.0
-30.0,32.0,30.0,386.0
-28.0,32.0,30.0,497.0
-26.0,32.0,30.0,497.0
-10.0,32.0,30.0,497.0
-8.0,32.0,30.0,399.0
-6.0,32.0,30.0,258.0
-4.0,32.0,30.0,258.0
-2.0,32.0,30.0,258.0
0.0,32.0,30.0,531.0
2.0,32.0,30.0,531.0
4.0,32.0,30.0,531.0
6.0,32.0,30.0,531.0
8.0,32.0,30.0,531.0
10.0,32.0,30.0,531.0
12.0,32.0,30.0,531.0
26.0,32.0,30.0,101.0
28.0,32.0,30.0,101.0
30.0,32.0,30.0,391.0
32.0,32.0,30.0,391.0
40.0,32.0,30.0,391.0
42.0,32.0,30.0,284.0
44.0,32.0,30.0,284.0
46.0,32.0,30.0,284.0
48.0,32.0,30.0,119.0
50.0,32.0,30.0,119.0
-52.0,34.0,30.0,14.0
-50.0,34.0,30.0,14.0
-48.0,34.0,30.0,261.0
-46.0,34.0,30.0,261.0
-44.0,34.0,30.0,261.0
-42.0,34.0,30.0,415.0
-40.0,34.0,30.0,415.0
-38.0,34.0,30.0,415.0
-36.0,34.0,30.0,416.0
-34.0,34.0,30.0,416.0
-32.0,34.0,30.0,416.0
-30.0,34.0,30.0,497.0
-28.0,34.0,30.0,497.0
-12.0,34.0,30.0,497.0
-10.0,34.0,30.0,497.0
-8.0,34.0,30.0,399.0
-6.0,34.0,30.0,399.0
-4.0,34.0,30.0,218.0
-2.0,34.0,30.0,218.0
0.0,34.0,30.0,531.0
2.0,34.0,30.0,531.0
4.0,34.0,30.0,531.0
6.0,34.0,30.0,531.0
8.0,34.0,30.0,531.0
10.0,34.0,30.0,531.0
12.0,34.0,30.0,531.0
24.0,34.0,30.0,101.0
26.0,34.0,30.0,101.0
28.0,34.0,30.0,391.0
30.0,34.0,30.0,391.0
32.0,34.0,30.0,391.0
34.0,34.0,30.0,391.0
36.0,34.0,30.0,391.0
40.0,34.0,30.0,391.0
42.0,34.0,30.0,284.0
44.0,34.0,30.0,284.0
46.0,34.0,30.0,284.0
48.0,34.0,30.0,146.0
-50.0,36.0,30.0,14.0
-48.0,36.0,30.0,301.0
-46.0,36.0,30.0,301.0
-44.0,36.0,30.0,301.0
-42.0,36.0,30.0,415.0
-40.0,36.0,30.0,415.0
-38.0,36.0,30.0,415.0
-36.0,36.0,30.0,416.0
-34.0,36.0,30.0,416.0
-32.0,36.0,30.0,416.0
-30.0,36.0,30.0,497.0
-28.0,36.0,30.0,497.0
-12.0,36.0,30.0,497.0
-10.0,36.0,30.0,497.0
-8.0,36.0,30.0,399.0
-6.0,36.0,30.0,399.0
-4.0,36.0,30.0,218.0
-2.0,36.0,30.0,218.0
0.0,36.0,30.0,218.0
2.0,36.0,30.0,218.0
4.0,36.0,30.0,218.0
6.0,36.0,30.0,218.0
8.0,36.0,30.0,531.0
10.0,36.0,30.0,531.0
12.0,36.0,30.0,531.0
26.0,36.0,30.0,391.0
28.0,36.0,30.0,391.0
30.0,36.0,30.0,391.0
32.0,36.0,30.0,391.0
34.0,36.0,30.0,391.0
36.0,36.0,30.0,391.0
38.0,36.0,30.0,391.0
40.0,36.0,30.0,391.0
42.0,36.0,30.0,391.0
44.0,36.0,30.0,284.0
46.0,36.0,30.0,284.0
48.0,36.0,30.0,146.0
-50.0,38.0,30.0,437.0
-48.0,38.0,30.0,301.0
-46.0,38.0,30.0,301.0
-44.0,38.0,30.0,301.0
-42.0,38.0,30.0,415.0
-40.0,38.0,30.0,415.0
-38.0,38.0,30.0,415.0
-36.0,38.0,30.0,416.0
-34.0,38.0,30.0,416.0
-32.0,38.0,30.0,416.0
-30.0,38.0,30.0,497.0
-28.0,38.0,30.0,497.0
-26.0,38.0,30.0,497.0
-24.0,38.0,30.0,497.0
-14.0,38.0,30.0,497.0
-12.0,38.0,30.0,497.0
-10.0,38.0,30.0,497.0
-8.0,38.0,30.0,399.0
-6.0,38.0,30.0,218.0
-4.0,38.0,30.0,218.0
-2.0,38.0,30.0,218.0
2.0,38.0,30.0,218.0
4.0,38.0,30.0,218.0
6.0,38.0,30.0,218.0
8.0,38.0,30.0,218.0
10.0,38.0,30.0,218.0
12.0,38.0,30.0,218.0
26.0,38.0,30.0,391.0
28.0,38.0,30.0,391.0
30.0,38.0,30.0,391.0
32.0,38.0,30.0,391.0
34.0,38.0,30.0,391.0
36.0,38.0,30.0,391.0
38.0,38.0,30.0,391.0
40.0,38.0,30.0,391.0
42.0,38.0,30.0,391.0
44.0,38.0,30.0,284.0
46.0,38.0,30.0,146.0
-48.0,40.0,30.0,301.0
-46.0,40.0,30.0,301.0
-44.0,40.0,30.0,301.0
-42.0,40.0,30.0,415.0
-40.0,40.0,30.0,415.0
-38.0,40.0,30.0,415.0
-36.0,40.0,30.0,416.0
-34.0,40.0,30.0,416.0
-32.0,40.0,30.0,416.0
-30.0,40.0,30.0,497.0
-28.0,40.0,30.0,497.0
-26.0,40.0,30.0,497.0
-24.0,40.0,30.0,497.0
-22.0,40.0,30.0,497.0
-12.0,40.0,30.0,497.0
-10.0,40.0,30.0,497.0
-8.0,40.0,30.0,399.0
-6.0,40.0,30.0,218.0
-4.0,40.0,30.0,218.0
-2.0,40.0,30.0,218.0
2.0,40.0,30.0,218.0
4.0,40.0,30.0,218.0
6.0,40.0,30.0,218.0
8.0,40.0,30.0,218.0
10.0,40.0,30.0,218.0
12.0,40.0,30.0,218.0
24.0,40.0,30.0,391.0
26.0,40.0,30.0,391.0
28.0,40.0,30.0,391.0
30.0,40.0,30.0,391.0
32.0,40.0,30.0,391.0
34.0,40.0,30.0,391.0
36.0,40.0,30.0,391.0
38.0,40.0,30.0,391.0
40.0,40.0,30.0,391.0
42.0,40.0,30.0,391.0
44.0,40.0,30.0,284.0
-46.0,42.0,30.0,301.0
-44.0,42.0,30.0,301.0
-42.0,42.0,30.0,415.0
-40.0,42.0,30.0,415.0
-38.0,42.0,30.0,415.0
-36.0,42.0,30.0,416.0
-34.0,42.0,30.0,416.0
-32.0,42.0,30.0,416.0
-30.0,42.0,30.0,497.0
-28.0,42.0,30.0,497.0
-26.0,42.0,30.0,497.0
-24.0,42.0,30.0,497.0
-22.0,42.0,30.0,497.0
-12.0,42.0,30.0,497.0
-10.0,42.0,30.0,497.0
-8.0,42.0,30.0,399.0
-6.0,42.0,30.0,218.0
-4.0,42.0,30.0,218.0
-2.0,42.0,30.0,218.0
2.0,42.0,30.0,218.0
4.0,42.0,30.0,218.0
6.0,42.0,30.0,218.0
8.0,42.0,30.0,218.0
10.0,42.0,30.0,218.0
12.0,42.0,30.0,218.0
22.0,42.0,30.0,391.0
24.0,42.0,30.0,391.0
26.0,42.0,30.0,391.0
28.0,42.0,30.0,391.0
30.0,42.0,30.0,391.0
32.0,42.0,30.0,391.0
34.0,42.0,30.0,391.0
36.0,42.0,30.0,391.0
38.0,42.0,30.0,391.0
40.0,42.0,30.0,391.0
42.0,42.0,30.0,391.0
44.0,42.0,30.0,284.0
-44.0,44.0,30.0,301.0
-42.0,44.0,30.0,415.0
-40.0,44.0,30.0,415.0
-38.0,44.0,30.0,415.0
-36.0,44.0,30.0,416.0
-34.0,44.0,30.0,416.0
-32.0,44.0,30.0,416.0
-30.0,44.0,30.0,291.0
-28.0,44.0,30.0,291.0
-26.0,44.0,30.0,497.0
-24.0,44.0,30.0,497.0
-22.0,44.0,30.0,497.0
-12.0,44.0,30.0,497.0
-10.0,44.0,30.0,497.0
-8.0,44.0,30.0,218.0
-6.0,44.0,30.0,218.0
-4.0,44.0,30.0,218.0
-2.0,44.0,30.0,218.0
0.0,44.0,30.0,218.0
2.0,44.0,30.0,218.0
4.0,44.0,30.0,218.0
6.0,44.0,30.0,218.0
8.0,44.0,30.0,218.0
10.0,44.0,30.0,218.0
20.0,44.0,30.0,290.0
22.0,44.0,30.0,391.0
24.0,44.0,30.0,391.0
26.0,44.0,30.0,391.0
28.0,44.0,30.0,391.0
30.0,44.0,30.0,391.0
32.0,44.0,30.0,391.0
34.0,44.0,30.0,391.0
36.0,44.0,30.0,391.0
38.0,44.0,30.0,391.0
40.0,44.0,30.0,391.0
42.0,44.0,30.0,391.0
-42.0,46.0,30.0,415.0
-40.0,46.0,30.0,191.0
-38.0,46.0,30.0,191.0
-36.0,46.0,30.0,191.0
-34.0,46.0,30.0,191.0
-32.0,46.0,30.0,191.0
-30.0,46.0,30.0,191.0
-28.0,46.0,30.0,291.0
-26.0,46.0,30.0,291.0
-24.0,46.0,30.0,23.0
-22.0,46.0,30.0,23.0
-10.0,46.0,30.0,378.0
-8.0,46.0,30.0,378.0
-6.0,46.0,30.0,218.0
-4.0,46.0,30.0,218.0
-2.0,46.0,30.0,218.0
0.0,46.0,30.0,218.0
2.0,46.0,30.0,218.0
4.0,46.0,30.0,218.0
6.0,46.0,30.0,218.0
8.0,46.0,30.0,218.0
10.0,46.0,30.0,218.0
22.0,46.0,30.0,290.0
24.0,46.0,30.0,391.0
26.0,46.0,30.0,391.0
28.0,46.0,30.0,391.0
30.0,46.0,30.0,391.0
32.0,46.0,30.0,391.0
34.0,46.0,30.0,391.0
36.0,46.0,30.0,391.0
38.0,46.0,30.0,391.0
40.0,46.0,30.0,391.0
-42.0,48.0,30.0,191.0
-40.0,48.0,30.0,191.0
-38.0,48.0,30.0,191.0
-36.0,48.0,30.0,191.0
-34.0,48.0,30.0,191.0
-32.0,48.0,30.0,191.0
-30.0,48.0,30.0,191.0
-28.0,48.0,30.0,23.0
-26.0,48.0,30.0,23.0
-24.0,48.0,30.0,23.0
-10.0,48.0,30.0,378.0
-8.0,48.0,30.0,378.0
-6.0,48.0,30.0,378.0
-4.0,48.0,30.0,218.0
-2.0,48.0,30.0,218.0
0.0,48.0,30.0,218.0
2.0,48.0,30.0,218.0
4.0,48.0,30.0,218.0
6.0,48.0,30.0,218.0
8.0,48.0,30.0,218.0
10.0,48.0,30.0,290.0
22.0,48.0,30.0,290.0
24.0,48.0,30.0,391.0
26.0,48.0,30.0,391.0
28.0,48.0,30.0,391.0
30.0,48.0,30.0,391.0
32.0,48.0,30.0,391.0
34.0,48.0,30.0,391.0
36.0,48.0,30.0,391.0
38.0,48.0,30.0,391.0
-40.0,50.0,30.0,191.0
-38.0,50.0,30.0,191.0
-36.0,50.0,30.0,191.0
-34.0,50.0,30.0,191.0
-32.0,50.0,30.0,191.0
-30.0,50.0,30.0,191.0
-28.0,50.0,30.0,23.0
-26.0,50.0,30.0,23.0
-24.0,50.0,30.0,23.0
-18.0,50.0,30.0,23.0
-16.0,50.0,30.0,23.0
-8.0,50.0,30.0,378.0
-6.0,50.0,30.0,378.0
-4.0,50.0,30.0,378.0
-2.0,50.0,30.0,218.0
0.0,50.0,30.0,218.0
2.0,50.0,30.0,218.0
4.0,50.0,30.0,218.0
6.0,50.0,30.0,218.0
8.0,50.0,30.0,290.0
10.0,50.0,30.0,290.0
24.0,50.0,30.0,290.0
26.0,50.0,30.0,391.0
28.0,50.0,30.0,391.0
30.0,50.0,30.0,391.0
32.0,50.0,30.0,391.0
-38.0,52.0,30.0,191.0
-36.0,52.0,30.0,191.0
-34.0,52.0,30.0,191.0
-32.0,52.0,30.0,191.0
-30.0,52.0,30.0,191.0
-28.0,52.0,30.0,4.0
-26.0,52.0,30.0,23.0
-24.0,52.0,30.0,23.0
-22.0,52.0,30.0,23.0
-20.0,52.0,30.0,23.0
-18.0,52.0,30.0,23.0
-16.0,52.0,30.0,23.0
-14.0,52.0,30.0,378.0
-8.0,52.0,30.0,378.0
-6.0,52.0,30.0,378.0
-4.0,52.0,30.0,378.0
-2.0,52.0,30.0,378.0
2.0,52.0,30.0,218.0
4.0,52.0,30.0,218.0
6.0,52.0,30.0,290.0
8.0,52.0,30.0,290.0
10.0,52.0,30.0,290.0
24.0,52.0,30.0,256.0
26.0,52.0,30.0,390.0
28.0,52.0,30.0,518.0
30.0,52.0,30.0,518.0
32.0,52.0,30.0,518.0
-34.0,54.0,30.0,191.0
-32.0,54.0,30.0,191.0
-30.0,54.0,30.0,4.0
-28.0,54.0,30.0,487.0
-26.0,54.0,30.0,487.0
-24.0,54.0,30.0,23.0
-22.0,54.0,30.0,23.0
-20.0,54.0,30.0,23.0
-18.0,54.0,30.0,23.0
-16.0,54.0,30.0,23.0
-14.0,54.0,30.0,378.0
-8.0,54.0,30.0,378.0
-6.0,54.0,30.0,378.0
-4.0,54.0,30.0,378.0
-2.0,54.0,30.0,378.0
2.0,54.0,30.0,218.0
4.0,54.0,30.0,290.0
6.0,54.0,30.0,290.0
8.0,54.0,30.0,290.0
10.0,54.0,30.0,290.0
22.0,54.0,30.0,256.0
24.0,54.0,30.0,390.0
26.0,54.0,30.0,390.0
28.0,54.0,30.0,390.0
30.0,54.0,30.0,518.0
32.0,54.0,30.0,518.0
-32.0,56.0,30.0,191.0
-30.0,56.0,30.0,4.0
-28.0,56.0,30.0,487.0
-26.0,56.0,30.0,487.0
-24.0,56.0,30.0,30.0
-22.0,56.0,30.0,30.0
-20.0,56.0,30.0,30.0
-18.0,56.0,30.0,30.0
-16.0,56.0,30.0,30.0
-14.0,56.0,30.0,378.0
-12.0,56.0,30.0,378.0
-8.0,56.0,30.0,378.0
-6.0,56.0,30.0,378.0
-4.0,56.0,30.0,378.0
-2.0,56.0,30.0,378.0
2.0,56.0,30.0,378.0
4.0,56.0,30.0,256.0
6.0,56.0,30.0,256.0
8.0,56.0,30.0,256.0
10.0,56.0,30.0,256.0
14.0,56.0,30.0,256.0
16.0,56.0,30.0,256.0
18.0,56.0,30.0,256.0
20.0,56.0,30.0,256.0
22.0,56.0,30.0,390.0
24.0,56.0,30.0,390.0
26.0,56.0,30.0,390.0
28.0,56.0,30.0,390.0
30.0,56.0,30.0,390.0
-30.0,58.0,30.0,487.0
-28.0,58.0,30.0,487.0
-26.0,58.0,30.0,487.0
-24.0,58.0,30.0,30.0
-22.0,58.0,30.0,30.0
-20.0,58.0,30.0,30.0
-18.0,58.0,30.0,30.0
-16.0,58.0,30.0,30.0
-14.0,58.0,30.0,378.0
-12.0,58.0,30.0,378.0
-10.0,58.0,30.0,378.0
-8.0,58.0,30.0,378.0
-6.0,58.0,30.0,378.0
-4.0,58.0,30.0,378.0
-2.0,58.0,30.0,378.0
2.0,58.0,30.0,378.0
4.0,58.0,30.0,256.0
6.0,58.0,30.0,256.0
8.0,58.0,30.0,256.0
10.0,58.0,30.0,256.0
12.0,58.0,30.0,256.0
14.0,58.0,30.0,256.0
16.0,58.0,30.0,256.0
18.0,58.0,30.0,256.0
20.0,58.0,30.0,390.0
22.0,58.0,30.0,390.0
24.0,58.0,30.0,390.0
26.0,58.0,30.0,390.0
-28.0,60.0,30.0,487.0
-26.0,60.0,30.0,30.0
-24.0,60.0,30.0,30.0
-22.0,60.0,30.0,30.0
-20.0,60.0,30.0,30.0
-18.0,60.0,30.0,30.0
-16.0,60.0,30.0,30.0
-14.0,60.0,30.0,378.0
-12.0,60.0,30.0,378.0
-10.0,60.0,30.0,378.0
-8.0,60.0,30.0,378.0
-6.0,60.0,30.0,378.0
-4.0,60.0,30.0,378.0
-2.0,60.0,30.0,378.0
2.0,60.0,30.0,378.0
4.0,60.0,30.0,256.0
6.0,60.0,30.0,256.0
8.0,60.0,30.0,256.0
10.0,60.0,30.0,256.0
12.0,60.0,30.0,256.0
14.0,60.0,30.0,256.0
16.0,60.0,30.0,256.0
18.0,60.0,30.0,390.0
20.0,60.0,30.0,390.0
22.0,60.0,30.0,390.0
24.0,60.0,30.0,390.0
-24.0,62.0,30.0,30.0
-22.0,62.0,30.0,30.0
-20.0,62.0,30.0,30.0
-18.0,62.0,30.0,30.0
-16.0,62.0,30.0,30.0
-14.0,62.0,30.0,378.0
-12.0,62.0,30.0,378.0
-10.0,62.0,30.0,378.0
-8.0,62.0,30.0,378.0
-6.0,62.0,30.0,378.0
-4.0,62.0,30.0,378.0
-2.0,62.0,30.0,378.0
2.0,62.0,30.0,256.0
4.0,62.0,30.0,256.0
6.0,62.0,30.0,256.0
8.0,62.0,30.0,256.0
10.0,62.0,30.0,256.0
12.0,62.0,30.0,256.0
14.0,62.0,30.0,256.0
16.0,62.0,30.0,390.0
20.0,62.0,30.0,390.0
-18.0,64.0,30.0,30.0
-16.0,64.0,30.0,30.0
-14.0,64.0,30.0,378.0
-12.0,64.0,30.0,378.0
-10.0,64.0,30.0,378.0
-8.0,64.0,30.0,378.0
-6.0,64.0,30.0,378.0
-4.0,64.0,30.0,378.0
-2.0,64.0,30.0,378.0
4.0,64.0,30.0,256.0
6.0,64.0,30.0,256.0
8.0,64.0,30.0,256.0
10.0,64.0,30.0,256.0
12.0,64.0,30.0,256.0
4.0,-94.0,32.0,222.0
6.0,-94.0,32.0,222.0
8.0,-94.0,32.0,565.0
10.0,-94.0,32.0,565.0
12.0,-94.0,32.0,565.0
14.0,-94.0,32.0,565.0
16.0,-94.0,32.0,565.0
18.0,-94.0,32.0,565.0
-22.0,-92.0,32.0,41.0
-20.0,-92.0,32.0,41.0
-18.0,-92.0,32.0,420.0
-16.0,-92.0,32.0,420.0
-14.0,-92.0,32.0,420.0
2.0,-92.0,32.0,222.0
4.0,-92.0,32.0,222.0
6.0,-92.0,32.0,222.0
8.0,-92.0,32.0,222.0
10.0,-92.0,32.0,565.0
12.0,-92.0,32.0,565.0
14.0,-92.0,32.0,565.0
16.0,-92.0,32.0,565.0
18.0,-92.0,32.0,565.0
20.0,-92.0,32.0,565.0
22.0,-92.0,32.0,565.0
26.0,-92.0,32.0,135.0
-30.0,-90.0,32.0,41.0
-28.0,-90.0,32.0,41.0
-26.0,-90.0,32.0,41.0
-24.0,-90.0,32.0,41.0
-22.0,-90.0,32.0,41.0
-20.0,-90.0,32.0,41.0
-18.0,-90.0,32.0,420.0
-16.0,-90.0,32.0,420.0
-14.0,-90.0,32.0,148.0
-12.0,-90.0,32.0,148.0
-10.0,-90.0,32.0,148.0
-8.0,-90.0,32.0,148.0
0.0,-90.0,32.0,449.0
2.0,-90.0,32.0,222.0
4.0,-90.0,32.0,222.0
6.0,-90.0,32.0,222.0
8.0,-90.0,32.0,222.0
10.0,-90.0,32.0,222.0
12.0,-90.0,32.0,565.0
14.0,-90.0,32.0,565.0
16.0,-90.0,32.0,565.0
18.0,-90.0,32.0,565.0
20.0,-90.0,32.0,565.0
22.0,-90.0,32.0,135.0
24.0,-90.0,32.0,135.0
26.0,-90.0,32.0,135.0
28.0,-90.0,32.0,135.0
30.0,-90.0,32.0,135.0
32.0,-90.0,32.0,366.0
-32.0,-88.0,32.0,41.0
-30.0,-88.0,32.0,41.0
-28.0,-88.0,32.0,41.0
-26.0,-88.0,32.0,41.0
-24.0,-88.0,32.0,41.0
-22.0,-88.0,32.0,41.0
-20.0,-88.0,32.0,41.0
-18.0,-88.0,32.0,148.0
-16.0,-88.0,32.0,148.0
-14.0,-88.0,32.0,148.0
-12.0,-88.0,32.0,148.0
-10.0,-88.0,32.0,148.0
-8.0,-88.0,32.0,148.0
-6.0,-88.0,32.0,148.0
0.0,-88.0,32.0,449.0
2.0,-88.0,32.0,449.0
4.0,-88.0,32.0,222.0
6.0,-88.0,32.0,222.0
8.0,-88.0,32.0,222.0
10.0,-88.0,32.0,222.0
12.0,-88.0,32.0,222.0
14.0,-88.0,32.0,565.0
16.0,-88.0,32.0,565.0
18.0,-88.0,32.0,565.0
20.0,-88.0,32.0,135.0
22.0,-88.0,32.0,135.0
24.0,-88.0,32.0,135.0
26.0,-88.0,32.0,135.0
28.0,-88.0,32.0,135.0
30.0,-88.0,32.0,135.0
32.0,-88.0,32.0,537.0
34.0,-88.0,32.0,537.0
36.0,-88.0,32.0,537.0
-34.0,-86.0,32.0,454.0
-32.0,-86.0,32.0,454.0
-30.0,-86.0,32.0,454.0
-28.0,-86.0,32.0,41.0
-26.0,-86.0,32.0,41.0
-24.0,-86.0,32.0,41.0
-22.0,-86.0,32.0,41.0
-20.0,-86.0,32.0,41.0
-18.0,-86.0,32.0,550.0
-16.0,-86.0,32.0,550.0
-14.0,-86.0,32.0,148.0
-12.0,-86.0,32.0,148.0
-10.0,-86.0,32.0,148.0
-8.0,-86.0,32.0,148.0
-6.0,-86.0,32.0,148.0
-4.0,-86.0,32.0,449.0
0.0,-86.0,32.0,449.0
2.0,-86.0,32.0,449.0
4.0,-86.0,32.0,449.0
6.0,-86.0,32.0,222.0
8.0,-86.0,32.0,222.0
10.0,-86.0,32.0,222.0
12.0,-86.0,32.0,222.0
14.0,-86.0,32.0,222.0
16.0,-86.0,32.0,565.0
18.0,-86.0,32.0,135.0
20.0,-86.0,32.0,135.0
22.0,-86.0,32.0,135.0
24.0,-86.0,32.0,135.0
26.0,-86.0,32.0,135.0
28.0,-86.0,32.0,135.0
30.0,-86.0,32.0,537.0
32.0,-86.0,32.0,537.0
34.0,-86.0,32.0,537.0
36.0,-86.0,32.0,537.0
38.0,-86.0,32.0,537.0
40.0,-86.0,32.0,254.0
-40.0,-84.0,32.0,556.0
-38.0,-84.0,32.0,556.0
-36.0,-84.0,32.0,454.0
-34.0,-84.0,32.0,454.0
-32.0,-84.0,32.0,454.0
-30.0,-84.0,32.0,454.0
-28.0,-84.0,32.0,454.0
-26.0,-84.0,32.0,454.0
-24.0,-84.0,32.0,41.0
-22.0,-84.0,32.0,41.0
-20.0,-84.0,32.0,550.0
-18.0,-84.0,32.0,550.0
-16.0,-84.0,32.0,550.0
-14.0,-84.0,32.0,550.0
-12.0,-84.0,32.0,148.0
-10.0,-84.0,32.0,148.0
-8.0,-84.0,32.0,148.0
-6.0,-84.0,32.0,148.0
-4.0,-84.0,32.0,449.0
0.0,-84.0,32.0,449.0
2.0,-84.0,32.0,449.0
4.0,-84.0,32.0,302.0
6.0,-84.0,32.0,302.0
8.0,-84.0,32.0,222.0
10.0,-84.0,32.0,222.0
12.0,-84.0,32.0,186.0
14.0,-84.0,32.0,186.0
16.0,-84.0,32.0,186.0
18.0,-84.0,32.0,135.0
20.0,-84.0,32.0,135.0
22.0,-84.0,32.0,135.0
24.0,-84.0,32.0,135.0
26.0,-84.0,32.0,135.0
28.0,-84.0,32.0,135.0
30.0,-84.0,32.0,537.0
32.0,-84.0,32.0,537.0
34.0,-84.0,32.0,537.0
36.0,-84.0,32.0,537.0
38.0,-84.0,32.0,537.0
40.0,-84.0,32.0,254.0
-42.0,-82.0,32.0,556.0
-40.0,-82.0,32.0,556.0
-38.0,-82.0,32.0,556.0
-36.0,-82.0,32.0,556.0
-34.0,-82.0,32.0,454.0
-32.0,-82.0,32.0,454.0
-30.0,-82.0,32.0,454.0
-28.0,-82.0,32.0,454.0
-26.0,-82.0,32.0,454.0
-24.0,-82.0,32.0,454.0
-22.0,-82.0,32.0,550.0
-20.0,-82.0,32.0,550.0
-18.0,-82.0,32.0,550.0
-16.0,-82.0,32.0,550.0
-14.0,-82.0,32.0,550.0
-12.0,-82.0,32.0,550.0
-10.0,-82.0,32.0,550.0
-8.0,-82.0,32.0,148.0
-6.0,-82.0,32.0,60.0
-4.0,-82.0,32.0,60.0
-2.0,-82.0,32.0,60.0
0.0,-82.0,32.0,60.0
2.0,-82.0,32.0,302.0
4.0,-82.0,32.0,302.0
6.0,-82.0,32.0,302.0
8.0,-82.0,32.0,302.0
10.0,-82.0,32.0,186.0
12.0,-82.0,32.0,186.0
14.0,-82.0,32.0,186.0
16.0,-82.0,32.0,186.0
18.0,-82.0,32.0,135.0
20.0,-82.0,32.0,135.0
22.0,-82.0,32.0,135.0
24.0,-82.0,32.0,135.0
26.0,-82.0,32.0,135.0
28.0,-82.0,32.0,537.0
30.0,-82.0,32.0,537.0
32.0,-82.0,32.0,537.0
34.0,-82.0,32.0,537.0
36.0,-82.0,32.0,537.0
38.0,-82.0,32.0,537.0
40.0,-82.0,32.0,254.0
42.0,-82.0,32.0,99.0
44.0,-82.0,32.0,99.0
-44.0,-80.0,32.0,556.0
-42.0,-80.0,32.0,556.0
-40.0,-80.0,32.0,556.0
-38.0,-80.0,32.0,556.0
-36.0,-80.0,32.0,556.0
-34.0,-80.0,32.0,454.0
-32.0,-80.0,32.0,454.0
-30.0,-80.0,32.0,454.0
-28.0,-80.0,32.0,454.0
-26.0,-80.0,32.0,454.0
-24.0,-80.0,32.0,75.0
-18.0,-80.0,32.0,550.0
-16.0,-80.0,32.0,550.0
-14.0,-80.0,32.0,550.0
-12.0,-80.0,32.0,550.0
-10.0,-80.0,32.0,550.0
-8.0,-80.0,32.0,60.0
-6.0,-80.0,32.0,60.0
-4.0,-80.0,32.0,60.0
-2.0,-80.0,32.0,60.0
0.0,-80.0,32.0,60.0
2.0,-80.0,32.0,302.0
4.0,-80.0,32.0,302.0
6.0,-80.0,32.0,302.0
8.0,-80.0,32.0,219.0
10.0,-80.0,32.0,219.0
12.0,-80.0,32.0,186.0
14.0,-80.0,32.0,186.0
16.0,-80.0,32.0,186.0
18.0,-80.0,32.0,135.0
20.0,-80.0,32.0,135.0
22.0,-80.0,32.0,135.0
24.0,-80.0,32.0,135.0
26.0,-80.0,32.0,537.0
28.0,-80.0,32.0,537.0
30.0,-80.0,32.0,537.0
32.0,-80.0,32.0,537.0
34.0,-80.0,32.0,537.0
36.0,-80.0,32.0,537.0
38.0,-80.0,32.0,537.0
40.0,-80.0,32.0,254.0
42.0,-80.0,32.0,254.0
44.0,-80.0,32.0,99.0
46.0,-80.0,32.0,99.0
-46.0,-78.0,32.0,556.0
-44.0,-78.0,32.0,556.0
-42.0,-78.0,32.0,556.0
-40.0,-78.0,32.0,556.0
-38.0,-78.0,32.0,423.0
-36.0,-78.0,32.0,423.0
-34.0,-78.0,32.0,423.0
-30.0,-78.0,32.0,454.0
-28.0,-78.0,32.0,75.0
-26.0,-78.0,32.0,75.0
-20.0,-78.0,32.0,75.0
-18.0,-78.0,32.0,550.0
-16.0,-78.0,32.0,550.0
-14.0,-78.0,32.0,550.0
-12.0,-78.0,32.0,550.0
-10.0,-78.0,32.0,550.0
-8.0,-78.0,32.0,60.0
-6.0,-78.0,32.0,60.0
-4.0,-78.0,32.0,60.0
-2.0,-78.0,32.0,60.0
0.0,-78.0,32.0,60.0
2.0,-78.0,32.0,60.0
4.0,-78.0,32.0,219.0
6.0,-78.0,32.0,219.0
8.0,-78.0,32.0,219.0
10.0,-78.0,32.0,219.0
12.0,-78.0,32.0,219.0
14.0,-78.0,32.0,186.0
16.0,-78.0,32.0,186.0
18.0,-78.0,32.0,186.0
20.0,-78.0,32.0,135.0
22.0,-78.0,32.0,135.0
24.0,-78.0,32.0,135.0
26.0,-78.0,32.0,537.0
28.0,-78.0,32.0,537.0
30.0,-78.0,32.0,537.0
32.0,-78.0,32.0,537.0
34.0,-78.0,32.0,537.0
36.0,-78.0,32.0,537.0
38.0,-78.0,32.0,537.0
40.0,-78.0,32.0,254.0
42.0,-78.0,32.0,254.0
44.0,-78.0,32.0,99.0
46.0,-78.0,32.0,99.0
48.0,-78.0,32.0,99.0
-48.0,-76.0,32.0,595.0
-46.0,-76.0,32.0,570.0
-44.0,-76.0,32.0,556.0
-42.0,-76.0,32.0,423.0
-40.0,-76.0,32.0,423.0
-38.0,-76.0,32.0,423.0
-36.0,-76.0,32.0,423.0
-34.0,-76.0,32.0,423.0
-32.0,-76.0,32.0,423.0
-30.0,-76.0,32.0,75.0
-28.0,-76.0,32.0,75.0
-26.0,-76.0,32.0,75.0
-24.0,-76.0,32.0,75.0
-18.0,-76.0,32.0,75.0
-16.0,-76.0,32.0,75.0
-14.0,-76.0,32.0,550.0
-12.0,-76.0,32.0,550.0
-10.0,-76.0,32.0,60.0
-8.0,-76.0,32.0,60.0
-6.0,-76.0,32.0,60.0
-4.0,-76.0,32.0,60.0
-2.0,-76.0,32.0,60.0
0.0,-76.0,32.0,60.0
2.0,-76.0,32.0,60.0
4.0,-76.0,32.0,219.0
6.0,-76.0,32.0,219.0
8.0,-76.0,32.0,219.0
10.0,-76.0,32.0,219.0
12.0,-76.0,32.0,219.0
14.0,-76.0,32.0,186.0
16.0,-76.0,32.0,186.0
18.0,-76.0,32.0,186.0
20.0,-76.0,32.0,135.0
22.0,-76.0,32.0,135.0
24.0,-76.0,32.0,537.0
26.0,-76.0,32.0,537.0
28.0,-76.0,32.0,537.0
30.0,-76.0,32.0,537.0
32.0,-76.0,32.0,537.0
34.0,-76.0,32.0,537.0
36.0,-76.0,32.0,537.0
38.0,-76.0,32.0,537.0
42.0,-76.0,32.0,254.0
44.0,-76.0,32.0,99.0
46.0,-76.0,32.0,99.0
48.0,-76.0,32.0,99.0
50.0,-76.0,32.0,99.0
-50.0,-74.0,32.0,595.0
-48.0,-74.0,32.0,595.0
-46.0,-74.0,32.0,570.0
-44.0,-74.0,32.0,570.0
-42.0,-74.0,32.0,423.0
-40.0,-74.0,32.0,423.0
-38.0,-74.0,32.0,423.0
-36.0,-74.0,32.0,423.0
-34.0,-74.0,32.0,423.0
-32.0,-74.0,32.0,423.0
-30.0,-74.0,32.0,75.0
-28.0,-74.0,32.0,75.0
-26.0,-74.0,32.0,75.0
-20.0,-74.0,32.0,75.0
-18.0,-74.0,32.0,75.0
-16.0,-74.0,32.0,75.0
-14.0,-74.0,32.0,75.0
-12.0,-74.0,32.0,349.0
-10.0,-74.0,32.0,60.0
-8.0,-74.0,32.0,60.0
-6.0,-74.0,32.0,60.0
-4.0,-74.0,32.0,60.0
2.0,-74.0,32.0,219.0
4.0,-74.0,32.0,219.0
6.0,-74.0,32.0,219.0
8.0,-74.0,32.0,219.0
10.0,-74.0,32.0,219.0
12.0,-74.0,32.0,219.0
14.0,-74.0,32.0,219.0
16.0,-74.0,32.0,186.0
18.0,-74.0,32.0,580.0
20.0,-74.0,32.0,580.0
22.0,-74.0,32.0,537.0
24.0,-74.0,32.0,537.0
26.0,-74.0,32.0,537.0
28.0,-74.0,32.0,537.0
30.0,-74.0,32.0,537.0
32.0,-74.0,32.0,537.0
34.0,-74.0,32.0,537.0
36.0,-74.0,32.0,537.0
38.0,-74.0,32.0,537.0
40.0,-74.0,32.0,254.0
42.0,-74.0,32.0,254.0
44.0,-74.0,32.0,254.0
46.0,-74.0,32.0,99.0
48.0,-74.0,32.0,99.0
-52.0,-72.0,32.0,595.0
-50.0,-72.0,32.0,595.0
-48.0,-72.0,32.0,595.0
-46.0,-72.0,32.0,570.0
-44.0,-72.0,32.0,570.0
-42.0,-72.0,32.0,570.0
-40.0,-72.0,32.0,423.0
-38.0,-72.0,32.0,423.0
-36.0,-72.0,32.0,423.0
-34.0,-72.0,32.0,423.0
-32.0,-72.0,32.0,423.0
-30.0,-72.0,32.0,75.0
-28.0,-72.0,32.0,75.0
-26.0,-72.0,32.0,75.0
-24.0,-72.0,32.0,75.0
-20.0,-72.0,32.0,75.0
-18.0,-72.0,32.0,75.0
-16.0,-72.0,32.0,75.0
-14.0,-72.0,32.0,75.0
-12.0,-72.0,32.0,349.0
-10.0,-72.0,32.0,61.0
-8.0,-72.0,32.0,60.0
-6.0,-72.0,32.0,60.0
0.0,-72.0,32.0,60.0
2.0,-72.0,32.0,219.0
4.0,-72.0,32.0,219.0
6.0,-72.0,32.0,219.0
8.0,-72.0,32.0,219.0
10.0,-72.0,32.0,219.0
12.0,-72.0,32.0,219.0
14.0,-72.0,32.0,219.0
16.0,-72.0,32.0,580.0
18.0,-72.0,32.0,580.0
20.0,-72.0,32.0,580.0
22.0,-72.0,32.0,580.0
24.0,-72.0,32.0,537.0
26.0,-72.0,32.0,537.0
28.0,-72.0,32.0,537.0
30.0,-72.0,32.0,537.0
32.0,-72.0,32.0,537.0
34.0,-72.0,32.0,537.0
36.0,-72.0,32.0,537.0
38.0,-72.0,32.0,537.0
40.0,-72.0,32.0,254.0
42.0,-72.0,32.0,254.0
44.0,-72.0,32.0,254.0
46.0,-72.0,32.0,99.0
48.0,-72.0,32.0,99.0
50.0,-72.0,32.0,99.0
52.0,-72.0,32.0,99.0
-54.0,-70.0,32.0,595.0
-52.0,-70.0,32.0,595.0
-50.0,-70.0,32.0,595.0
-48.0,-70.0,32.0,595.0
-46.0,-70.0,32.0,570.0
-44.0,-70.0,32.0,570.0
-42.0,-70.0,32.0,570.0
-40.0,-70.0,32.0,570.0
-38.0,-70.0,32.0,423.0
-36.0,-70.0,32.0,423.0
-34.0,-70.0,32.0,423.0
-32.0,-70.0,32.0,423.0
-30.0,-70.0,32.0,75.0
-28.0,-70.0,32.0,75.0
-26.0,-70.0,32.0,75.0
-24.0,-70.0,32.0,75.0
-22.0,-70.0,32.0,75.0
-20.0,-70.0,32.0,75.0
-18.0,-70.0,32.0,75.0
-16.0,-70.0,32.0,75.0
-14.0,-70.0,32.0,61.0
-12.0,-70.0,32.0,61.0
-10.0,-70.0,32.0,61.0
-8.0,-70.0,32.0,61.0
-6.0,-70.0,32.0,61.0
-4.0,-70.0,32.0,60.0
0.0,-70.0,32.0,219.0
2.0,-70.0,32.0,219.0
4.0,-70.0,32.0,219.0
6.0,-70.0,32.0,219.0
8.0,-70.0,32.0,219.0
10.0,-70.0,32.0,219.0
12.0,-70.0,32.0,219.0
14.0,-70.0,32.0,580.0
16.0,-70.0,32.0,580.0
18.0,-70.0,32.0,580.0
20.0,-70.0,32.0,580.0
22.0,-70.0,32.0,580.0
24.0,-70.0,32.0,537.0
26.0,-70.0,32.0,537.0
28.0,-70.0,32.0,537.0
30.0,-70.0,32.0,537.0
32.0,-70.0,32.0,537.0
34.0,-70.0,32.0,537.0
36.0,-70.0,32.0,537.0
38.0,-70.0,32.0,537.0
40.0,-70.0,32.0,254.0
42.0,-70.0,32.0,254.0
44.0,-70.0,32.0,254.0
46.0,-70.0,32.0,254.0
48.0,-70.0,32.0,370.0
50.0,-70.0,32.0,370.0
52.0,-70.0,32.0,370.0
54.0,-70.0,32.0,370.0
-56.0,-68.0,32.0,595.0
-54.0,-68.0,32.0,595.0
-52.0,-68.0,32.0,595.0
-50.0,-68.0,32.0,595.0
-48.0,-68.0,32.0,570.0
-46.0,-68.0,32.0,570.0
-44.0,-68.0,32.0,570.0
-42.0,-68.0,32.0,570.0
-40.0,-68.0,32.0,570.0
-38.0,-68.0,32.0,423.0
-36.0,-68.0,32.0,541.0
-34.0,-68.0,32.0,541.0
-32.0,-68.0,32.0,541.0
-30.0,-68.0,32.0,75.0
-28.0,-68.0,32.0,75.0
-26.0,-68.0,32.0,75.0
-24.0,-68.0,32.0,75.0
-22.0,-68.0,32.0,75.0
-20.0,-68.0,32.0,75.0
-18.0,-68.0,32.0,75.0
-16.0,-68.0,32.0,75.0
-14.0,-68.0,32.0,61.0
-12.0,-68.0,32.0,61.0
-10.0,-68.0,32.0,61.0
-8.0,-68.0,32.0,61.0
-6.0,-68.0,32.0,61.0
-4.0,-68.0,32.0,61.0
-2.0,-68.0,32.0,60.0
0.0,-68.0,32.0,219.0
2.0,-68.0,32.0,219.0
4.0,-68.0,32.0,219.0
6.0,-68.0,32.0,219.0
8.0,-68.0,32.0,219.0
10.0,-68.0,32.0,219.0
12.0,-68.0,32.0,580.0
14.0,-68.0,32.0,580.0
16.0,-68.0,32.0,580.0
18.0,-68.0,32.0,580.0
20.0,-68.0,32.0,580.0
22.0,-68.0,32.0,580.0
24.0,-68.0,32.0,537.0
26.0,-68.0,32.0,537.0
28.0,-68.0,32.0,537.0
30.0,-68.0,32.0,537.0
32.0,-68.0,32.0,537.0
34.0,-68.0,32.0,537.0
36.0,-68.0,32.0,537.0
38.0,-68.0,32.0,572.0
40.0,-68.0,32.0,572.0
42.0,-68.0,32.0,572.0
44.0,-68.0,32.0,572.0
46.0,-68.0,32.0,572.0
48.0,-68.0,32.0,370.0
50.0,-68.0,32.0,370.0
52.0,-68.0,32.0,370.0
54.0,-68.0,32.0,370.0
56.0,-68.0,32.0,370.0
-56.0,-66.0,32.0,595.0
-54.0,-66.0,32.0,595.0
-52.0,-66.0,32.0,595.0
-50.0,-66.0,32.0,595.0
-48.0,-66.0,32.0,299.0
-46.0,-66.0,32.0,299.0
-44.0,-66.0,32.0,299.0
-42.0,-66.0,32.0,299.0
-36.0,-66.0,32.0,541.0
-34.0,-66.0,32.0,541.0
-32.0,-66.0,32.0,541.0
-30.0,-66.0,32.0,128.0
-28.0,-66.0,32.0,128.0
-26.0,-66.0,32.0,75.0
-22.0,-66.0,32.0,75.0
-20.0,-66.0,32.0,295.0
-18.0,-66.0,32.0,295.0
-16.0,-66.0,32.0,295.0
-14.0,-66.0,32.0,61.0
-12.0,-66.0,32.0,61.0
-10.0,-66.0,32.0,61.0
-8.0,-66.0,32.0,61.0
-6.0,-66.0,32.0,61.0
-4.0,-66.0,32.0,61.0
-2.0,-66.0,32.0,61.0
0.0,-66.0,32.0,219.0
2.0,-66.0,32.0,219.0
4.0,-66.0,32.0,219.0
6.0,-66.0,32.0,219.0
8.0,-66.0,32.0,219.0
10.0,-66.0,32.0,580.0
12.0,-66.0,32.0,580.0
14.0,-66.0,32.0,580.0
16.0,-66.0,32.0,580.0
18.0,-66.0,32.0,580.0
22.0,-66.0,32.0,580.0
24.0,-66.0,32.0,537.0
26.0,-66.0,32.0,537.0
28.0,-66.0,32.0,537.0
30.0,-66.0,32.0,537.0
32.0,-66.0,32.0,537.0
34.0,-66.0,32.0,572.0
36.0,-66.0,32.0,572.0
38.0,-66.0,32.0,572.0
40.0,-66.0,32.0,572.0
42.0,-66.0,32.0,572.0
44.0,-66.0,32.0,572.0
46.0,-66.0,32.0,572.0
48.0,-66.0,32.0,159.0
50.0,-66.0,32.0,370.0
52.0,-66.0,32.0,370.0
54.0,-66.0,32.0,370.0
56.0,-66.0,32.0,370.0
-58.0,-64.0,32.0,595.0
-56.0,-64.0,32.0,595.0
-54.0,-64.0,32.0,595.0
-52.0,-64.0,32.0,595.0
-50.0,-64.0,32.0,299.0
-48.0,-64.0,32.0,299.0
-46.0,-64.0,32.0,299.0
-44.0,-64.0,32.0,299.0
-42.0,-64.0,32.0,299.0
-34.0,-64.0,32.0,541.0
-32.0,-64.0,32.0,541.0
-30.0,-64.0,32.0,128.0
-28.0,-64.0,32.0,128.0
-26.0,-64.0,32.0,128.0
-22.0,-64.0,32.0,295.0
-20.0,-64.0,32.0,295.0
-18.0,-64.0,32.0,295.0
-16.0,-64.0,32.0,295.0
-14.0,-64.0,32.0,61.0
-12.0,-64.0,32.0,61.0
-10.0,-64.0,32.0,61.0
-8.0,-64.0,32.0,61.0
-6.0,-64.0,32.0,61.0
-4.0,-64.0,32.0,61.0
-2.0,-64.0,32.0,61.0
0.0,-64.0,32.0,243.0
2.0,-64.0,32.0,243.0
4.0,-64.0,32.0,243.0
6.0,-64.0,32.0,243.0
8.0,-64.0,32.0,243.0
10.0,-64.0,32.0,580.0
12.0,-64.0,32.0,580.0
14.0,-64.0,32.0,580.0
16.0,-64.0,32.0,580.0
22.0,-64.0,32.0,580.0
24.0,-64.0,32.0,580.0
26.0,-64.0,32.0,537.0
28.0,-64.0,32.0,537.0
30.0,-64.0,32.0,572.0
32.0,-64.0,32.0,572.0
34.0,-64.0,32.0,572.0
36.0,-64.0,32.0,572.0
38.0,-64.0,32.0,572.0
40.0,-64.0,32.0,572.0
42.0,-64.0,32.0,572.0
44.0,-64.0,32.0,572.0
46.0,-64.0,32.0,159.0
48.0,-64.0,32.0,159.0
50.0,-64.0,32.0,159.0
52.0,-64.0,32.0,159.0
54.0,-64.0,32.0,159.0
56.0,-64.0,32.0,210.0
58.0,-64.0,32.0,210.0
-58.0,-62.0,32.0,595.0
-56.0,-62.0,32.0,595.0
-54.0,-62.0,32.0,595.0
-52.0,-62.0,32.0,595.0
-50.0,-62.0,32.0,299.0
-48.0,-62.0,32.0,299.0
-46.0,-62.0,32.0,299.0
-44.0,-62.0,32.0,299.0
-42.0,-62.0,32.0,299.0
-34.0,-62.0,32.0,541.0
-32.0,-62.0,32.0,541.0
-30.0,-62.0,32.0,128.0
-28.0,-62.0,32.0,128.0
-26.0,-62.0,32.0,128.0
-20.0,-62.0,32.0,295.0
-18.0,-62.0,32.0,295.0
-16.0,-62.0,32.0,295.0
-14.0,-62.0,32.0,61.0
-12.0,-62.0,32.0,61.0
-10.0,-62.0,32.0,61.0
-8.0,-62.0,32.0,61.0
-6.0,-62.0,32.0,61.0
-4.0,-62.0,32.0,61.0
-2.0,-62.0,32.0,61.0
0.0,-62.0,32.0,243.0
2.0,-62.0,32.0,243.0
4.0,-62.0,32.0,243.0
6.0,-62.0,32.0,243.0
8.0,-62.0,32.0,243.0
10.0,-62.0,32.0,580.0
12.0,-62.0,32.0,580.0
14.0,-62.0,32.0,580.0
16.0,-62.0,32.0,580.0
22.0,-62.0,32.0,580.0
24.0,-62.0,32.0,543.0
26.0,-62.0,32.0,543.0
28.0,-62.0,32.0,543.0
30.0,-62.0,32.0,572.0
32.0,-62.0,32.0,572.0
34.0,-62.0,32.0,572.0
36.0,-62.0,32.0,572.0
38.0,-62.0,32.0,572.0
40.0,-62.0,32.0,572.0
42.0,-62.0,32.0,572.0
44.0,-62.0,32.0,572.0
46.0,-62.0,32.0,159.0
48.0,-62.0,32.0,159.0
50.0,-62.0,32.0,159.0
52.0,-62.0,32.0,159.0
54.0,-62.0,32.0,159.0
56.0,-62.0,32.0,159.0
58.0,-62.0,32.0,210.0
60.0,-62.0,32.0,210.0
-60.0,-60.0,32.0,392.0
-58.0,-60.0,32.0,595.0
-56.0,-60.0,32.0,595.0
-54.0,-60.0,32.0,595.0
-52.0,-60.0,32.0,299.0
-50.0,-60.0,32.0,299.0
-48.0,-60.0,32.0,299.0
-46.0,-60.0,32.0,299.0
-44.0,-60.0,32.0,299.0
-42.0,-60.0,32.0,299.0
-32.0,-60.0,32.0,541.0
-30.0,-60.0,32.0,128.0
-28.0,-60.0,32.0,128.0
-26.0,-60.0,32.0,128.0
-20.0,-60.0,32.0,295.0
-18.0,-60.0,32.0,295.0
-16.0,-60.0,32.0,295.0
-14.0,-60.0,32.0,583.0
-12.0,-60.0,32.0,61.0
-10.0,-60.0,32.0,61.0
-8.0,-60.0,32.0,61.0
-6.0,-60.0,32.0,61.0
-4.0,-60.0,32.0,98.0
-2.0,-60.0,32.0,98.0
0.0,-60.0,32.0,243.0
2.0,-60.0,32.0,243.0
4.0,-60.0,32.0,243.0
6.0,-60.0,32.0,243.0
8.0,-60.0,32.0,243.0
10.0,-60.0,32.0,486.0
12.0,-60.0,32.0,486.0
14.0,-60.0,32.0,486.0
22.0,-60.0,32.0,580.0
24.0,-60.0,32.0,543.0
26.0,-60.0,32.0,543.0
28.0,-60.0,32.0,543.0
30.0,-60.0,32.0,543.0
32.0,-60.0,32.0,572.0
34.0,-60.0,32.0,572.0
36.0,-60.0,32.0,572.0
38.0,-60.0,32.0,572.0
40.0,-60.0,32.0,572.0
42.0,-60.0,32.0,572.0
44.0,-60.0,32.0,572.0
46.0,-60.0,32.0,159.0
48.0,-60.0,32.0,159.0
50.0,-60.0,32.0,159.0
52.0,-60.0,32.0,159.0
54.0,-60.0,32.0,159.0
56.0,-60.0,32.0,159.0
58.0,-60.0,32.0,159.0
60.0,-60.0,32.0,159.0
-62.0,-58.0,32.0,392.0
-60.0,-58.0,32.0,392.0
-58.0,-58.0,32.0,392.0
-56.0,-58.0,32.0,392.0
-54.0,-58.0,32.0,299.0
-52.0,-58.0,32.0,299.0
-50.0,-58.0,32.0,299.0
-48.0,-58.0,32.0,299.0
-46.0,-58.0,32.0,411.0
-44.0,-58.0,32.0,411.0
-42.0,-58.0,32.0,411.0
-38.0,-58.0,32.0,411.0
-36.0,-58.0,32.0,411.0
-32.0,-58.0,32.0,541.0
-30.0,-58.0,32.0,128.0
-28.0,-58.0,32.0,128.0
-26.0,-58.0,32.0,128.0
-18.0,-58.0,32.0,295.0
-16.0,-58.0,32.0,583.0
-14.0,-58.0,32.0,583.0
-12.0,-58.0,32.0,583.0
-10.0,-58.0,32.0,61.0
-8.0,-58.0,32.0,98.0
-6.0,-58.0,32.0,98.0
-4.0,-58.0,32.0,98.0
-2.0,-58.0,32.0,98.0
0.0,-58.0,32.0,98.0
2.0,-58.0,32.0,243.0
4.0,-58.0,32.0,243.0
6.0,-58.0,32.0,243.0
8.0,-58.0,32.0,486.0
10.0,-58.0,32.0,486.0
12.0,-58.0,32.0,486.0
14.0,-58.0,32.0,486.0
16.0,-58.0,32.0,486.0
22.0,-58.0,32.0,486.0
24.0,-58.0,32.0,543.0
26.0,-58.0,32.0,543.0
28.0,-58.0,32.0,543.0
30.0,-58.0,32.0,543.0
32.0,-58.0,32.0,543.0
34.0,-58.0,32.0,572.0
36.0,-58.0,32.0,572.0
38.0,-58.0,32.0,572.0
40.0,-58.0,32.0,572.0
42.0,-58.0,32.0,572.0
44.0,-58.0,32.0,58.0
46.0,-58.0,32.0,159.0
48.0,-58.0,32.0,159.0
50.0,-58.0,32.0,159.0
52.0,-58.0,32.0,159.0
54.0,-58.0,32.0,159.0
56.0,-58.0,32.0,159.0
58.0,-58.0,32.0,159.0
60.0,-58.0,32.0,159.0
62.0,-58.0,32.0,159.0
-62.0,-56.0,32.0,392.0
-60.0,-56.0,32.0,392.0
-58.0,-56.0,32.0,392.0
-56.0,-56.0,32.0,392.0
-54.0,-56.0,32.0,242.0
-52.0,-56.0,32.0,411.0
-50.0,-56.0,32.0,411.0
-48.0,-56.0,32.0,411.0
-46.0,-56.0,32.0,411.0
-44.0,-56.0,32.0,411.0
-42.0,-56.0,32.0,411.0
-40.0,-56.0,32.0,411.0
-38.0,-56.0,32.0,411.0
-36.0,-56.0,32.0,3.0
-34.0,-56.0,32.0,3.0
-28.0,-56.0,32.0,128.0
-18.0,-56.0,32.0,295.0
-16.0,-56.0,32.0,583.0
-14.0,-56.0,32.0,583.0
-12.0,-56.0,32.0,98.0
-10.0,-56.0,32.0,98.0
-8.0,-56.0,32.0,98.0
-6.0,-56.0,32.0,98.0
-4.0,-56.0,32.0,98.0
-2.0,-56.0,32.0,98.0
0.0,-56.0,32.0,98.0
2.0,-56.0,32.0,98.0
4.0,-56.0,32.0,243.0
6.0,-56.0,32.0,486.0
8.0,-56.0,32.0,486.0
10.0,-56.0,32.0,486.0
12.0,-56.0,32.0,486.0
14.0,-56.0,32.0,486.0
22.0,-56.0,32.0,486.0
24.0,-56.0,32.0,543.0
26.0,-56.0,32.0,543.0
30.0,-56.0,32.0,543.0
32.0,-56.0,32.0,543.0
34.0,-56.0,32.0,543.0
36.0,-56.0,32.0,572.0
38.0,-56.0,32.0,572.0
40.0,-56.0,32.0,572.0
42.0,-56.0,32.0,58.0
44.0,-56.0,32.0,58.0
46.0,-56.0,32.0,159.0
48.0,-56.0,32.0,159.0
50.0,-56.0,32.0,159.0
52.0,-56.0,32.0,159.0
54.0,-56.0,32.0,159.0
56.0,-56.0,32.0,159.0
58.0,-56.0,32.0,159.0
60.0,-56.0,32.0,159.0
62.0,-56.0,32.0,193.0
-64.0,-54.0,32.0,392.0
-62.0,-54.0,32.0,392.0
-60.0,-54.0,32.0,392.0
-58.0,-54.0,32.0,392.0
-56.0,-54.0,32.0,392.0
-54.0,-54.0,32.0,242.0
-52.0,-54.0,32.0,242.0
-50.0,-54.0,32.0,242.0
-48.0,-54.0,32.0,411.0
-46.0,-54.0,32.0,411.0
-44.0,-54.0,32.0,411.0
-42.0,-54.0,32.0,411.0
-40.0,-54.0,32.0,3.0
-38.0,-54.0,32.0,3.0
-36.0,-54.0,32.0,3.0
-34.0,-54.0,32.0,3.0
-32.0,-54.0,32.0,3.0
-16.0,-54.0,32.0,583.0
-14.0,-54.0,32.0,12.0
-12.0,-54.0,32.0,98.0
-10.0,-54.0,32.0,98.0
-8.0,-54.0,32.0,98.0
-6.0,-54.0,32.0,98.0
-4.0,-54.0,32.0,98.0
-2.0,-54.0,32.0,98.0
0.0,-54.0,32.0,98.0
2.0,-54.0,32.0,98.0
4.0,-54.0,32.0,486.0
6.0,-54.0,32.0,486.0
8.0,-54.0,32.0,486.0
10.0,-54.0,32.0,486.0
12.0,-54.0,32.0,486.0
14.0,-54.0,32.0,486.0
24.0,-54.0,32.0,543.0
26.0,-54.0,32.0,543.0
30.0,-54.0,32.0,543.0
32.0,-54.0,32.0,543.0
34.0,-54.0,32.0,543.0
36.0,-54.0,32.0,240.0
38.0,-54.0,32.0,572.0
40.0,-54.0,32.0,58.0
42.0,-54.0,32.0,58.0
44.0,-54.0,32.0,58.0
46.0,-54.0,32.0,159.0
48.0,-54.0,32.0,159.0
50.0,-54.0,32.0,159.0
52.0,-54.0,32.0,159.0
54.0,-54.0,32.0,159.0
56.0,-54.0,32.0,159.0
58.0,-54.0,32.0,159.0
60.0,-54.0,32.0,193.0
62.0,-54.0,32.0,193.0
-64.0,-52.0,32.0,392.0
-62.0,-52.0,32.0,392.0
-60.0,-52.0,32.0,392.0
-58.0,-52.0,32.0,392.0
-56.0,-52.0,32.0,242.0
-54.0,-52.0,32.0,242.0
-52.0,-52.0,32.0,242.0
-50.0,-52.0,32.0,242.0
-48.0,-52.0,32.0,242.0
-46.0,-52.0,32.0,411.0
-44.0,-52.0,32.0,411.0
-42.0,-52.0,32.0,3.0
-38.0,-52.0,32.0,3.0
-36.0,-52.0,32.0,3.0
-34.0,-52.0,32.0,3.0
-32.0,-52.0,32.0,3.0
-16.0,-52.0,32.0,12.0
-14.0,-52.0,32.0,12.0
-12.0,-52.0,32.0,98.0
-10.0,-52.0,32.0,98.0
-8.0,-52.0,32.0,98.0
-6.0,-52.0,32.0,98.0
-4.0,-52.0,32.0,98.0
-2.0,-52.0,32.0,98.0
0.0,-52.0,32.0,98.0
2.0,-52.0,32.0,98.0
4.0,-52.0,32.0,486.0
6.0,-52.0,32.0,486.0
8.0,-52.0,32.0,486.0
10.0,-52.0,32.0,486.0
12.0,-52.0,32.0,486.0
14.0,-52.0,32.0,486.0
30.0,-52.0,32.0,240.0
32.0,-52.0,32.0,240.0
34.0,-52.0,32.0,240.0
36.0,-52.0,32.0,240.0
38.0,-52.0,32.0,240.0
40.0,-52.0,32.0,240.0
42.0,-52.0,32.0,58.0
44.0,-52.0,32.0,58.0
46.0,-52.0,32.0,159.0
48.0,-52.0,32.0,159.0
50.0,-52.0,32.0,159.0
52.0,-52.0,32.0,159.0
54.0,-52.0,32.0,159.0
56.0,-52.0,32.0,159.0
58.0,-52.0,32.0,505.0
60.0,-52.0,32.0,193.0
62.0,-52.0,32.0,193.0
64.0,-52.0,32.0,193.0
-64.0,-50.0,32.0,392.0
-62.0,-50.0,32.0,392.0
-60.0,-50.0,32.0,392.0
-58.0,-50.0,32.0,392.0
-56.0,-50.0,32.0,242.0
-54.0,-50.0,32.0,242.0
-52.0,-50.0,32.0,242.0
-50.0,-50.0,32.0,242.0
-48.0,-50.0,32.0,242.0
-46.0,-50.0,32.0,242.0
-44.0,-50.0,32.0,3.0
-36.0,-50.0,32.0,3.0
-34.0,-50.0,32.0,3.0
-16.0,-50.0,32.0,12.0
-14.0,-50.0,32.0,12.0
-12.0,-50.0,32.0,12.0
-10.0,-50.0,32.0,98.0
-8.0,-50.0,32.0,98.0
-6.0,-50.0,32.0,98.0
-4.0,-50.0,32.0,98.0
-2.0,-50.0,32.0,98.0
0.0,-50.0,32.0,98.0
2.0,-50.0,32.0,98.0
4.0,-50.0,32.0,80.0
6.0,-50.0,32.0,486.0
8.0,-50.0,32.0,486.0
10.0,-50.0,32.0,486.0
12.0,-50.0,32.0,486.0
14.0,-50.0,32.0,486.0
16.0,-50.0,32.0,486.0
30.0,-50.0,32.0,240.0
32.0,-50.0,32.0,240.0
34.0,-50.0,32.0,240.0
36.0,-50.0,32.0,240.0
38.0,-50.0,32.0,240.0
40.0,-50.0,32.0,240.0
42.0,-50.0,32.0,240.0
44.0,-50.0,32.0,58.0
46.0,-50.0,32.0,159.0
48.0,-50.0,32.0,159.0
50.0,-50.0,32.0,159.0
52.0,-50.0,32.0,159.0
54.0,-50.0,32.0,159.0
56.0,-50.0,32.0,505.0
58.0,-50.0,32.0,505.0
60.0,-50.0,32.0,193.0
62.0,-50.0,32.0,193.0
64.0,-50.0,32.0,193.0
-66.0,-48.0,32.0,392.0
-64.0,-48.0,32.0,392.0
-62.0,-48.0,32.0,392.0
-60.0,-48.0,32.0,392.0
-58.0,-48.0,32.0,242.0
-56.0,-48.0,32.0,242.0
-54.0,-48.0,32.0,242.0
-52.0,-48.0,32.0,242.0
-50.0,-48.0,32.0,242.0
-48.0,-48.0,32.0,242.0
-46.0,-48.0,32.0,242.0
-44.0,-48.0,32.0,3.0
-36.0,-48.0,32.0,3.0
-34.0,-48.0,32.0,3.0
-16.0,-48.0,32.0,12.0
-14.0,-48.0,32.0,12.0
-12.0,-48.0,32.0,12.0
-10.0,-48.0,32.0,12.0
-8.0,-48.0,32.0,98.0
-6.0,-48.0,32.0,98.0
-4.0,-48.0,32.0,98.0
-2.0,-48.0,32.0,98.0
0.0,-48.0,32.0,98.0
2.0,-48.0,32.0,80.0
4.0,-48.0,32.0,80.0
6.0,-48.0,32.0,80.0
8.0,-48.0,32.0,486.0
10.0,-48.0,32.0,486.0
12.0,-48.0,32.0,486.0
14.0,-48.0,32.0,486.0
16.0,-48.0,32.0,486.0
32.0,-48.0,32.0,240.0
34.0,-48.0,32.0,240.0
36.0,-48.0,32.0,240.0
38.0,-48.0,32.0,240.0
40.0,-48.0,32.0,240.0
46.0,-48.0,32.0,488.0
48.0,-48.0,32.0,488.0
50.0,-48.0,32.0,159.0
52.0,-48.0,32.0,342.0
54.0,-48.0,32.0,342.0
56.0,-48.0,32.0,342.0
58.0,-48.0,32.0,193.0
60.0,-48.0,32.0,193.0
62.0,-48.0,32.0,193.0
64.0,-48.0,32.0,193.0
66.0,-48.0,32.0,193.0
-66.0,-46.0,32.0,392.0
-64.0,-46.0,32.0,392.0
-62.0,-46.0,32.0,392.0
-60.0,-46.0,32.0,392.0
-58.0,-46.0,32.0,242.0
-56.0,-46.0,32.0,242.0
-54.0,-46.0,32.0,242.0
-52.0,-46.0,32.0,242.0
-50.0,-46.0,32.0,242.0
-48.0,-46.0,32.0,242.0
-46.0,-46.0,32.0,242.0
-16.0,-46.0,32.0,12.0
-14.0,-46.0,32.0,12.0
-12.0,-46.0,32.0,12.0
-10.0,-46.0,32.0,12.0
-8.0,-46.0,32.0,12.0
-6.0,-46.0,32.0,98.0
-4.0,-46.0,32.0,98.0
-2.0,-46.0,32.0,98.0
0.0,-46.0,32.0,98.0
2.0,-46.0,32.0,80.0
4.0,-46.0,32.0,80.0
6.0,-46.0,32.0,122.0
8.0,-46.0,32.0,122.0
10.0,-46.0,32.0,122.0
12.0,-46.0,32.0,122.0
14.0,-46.0,32.0,122.0
16.0,-46.0,32.0,486.0
32.0,-46.0,32.0,240.0
34.0,-46.0,32.0,240.0
36.0,-46.0,32.0,240.0
38.0,-46.0,32.0,240.0
48.0,-46.0,32.0,488.0
50.0,-46.0,32.0,342.0
52.0,-46.0,32.0,342.0
54.0,-46.0,32.0,342.0
56.0,-46.0,32.0,342.0
58.0,-46.0,32.0,342.0
60.0,-46.0,32.0,193.0
62.0,-46.0,32.0,193.0
64.0,-46.0,32.0,193.0
66.0,-46.0,32.0,193.0
-66.0,-44.0,32.0,392.0
-64.0,-44.0,32.0,392.0
-62.0,-44.0,32.0,392.0
-60.0,-44.0,32.0,242.0
-58.0,-44.0,32.0,242.0
-56.0,-44.0,32.0,242.0
-54.0,-44.0,32.0,242.0
-52.0,-44.0,32.0,242.0
-50.0,-44.0,32.0,242.0
-48.0,-44.0,32.0,242.0
-16.0,-44.0,32.0,12.0
-14.0,-44.0,32.0,12.0
-12.0,-44.0,32.0,12.0
-10.0,-44.0,32.0,12.0
-8.0,-44.0,32.0,12.0
-6.0,-44.0,32.0,199.0
-4.0,-44.0,32.0,98.0
-2.0,-44.0,32.0,98.0
0.0,-44.0,32.0,80.0
2.0,-44.0,32.0,80.0
4.0,-44.0,32.0,80.0
6.0,-44.0,32.0,122.0
8.0,-44.0,32.0,122.0
10.0,-44.0,32.0,122.0
12.0,-44.0,32.0,122.0
14.0,-44.0,32.0,122.0
16.0,-44.0,32.0,122.0
48.0,-44.0,32.0,488.0
50.0,-44.0,32.0,488.0
52.0,-44.0,32.0,342.0
54.0,-44.0,32.0,342.0
56.0,-44.0,32.0,342.0
58.0,-44.0,32.0,342.0
60.0,-44.0,32.0,342.0
62.0,-44.0,32.0,193.0
64.0,-44.0,32.0,193.0
66.0,-44.0,32.0,193.0
-66.0,-42.0,32.0,392.0
-64.0,-42.0,32.0,392.0
-62.0,-42.0,32.0,392.0
-60.0,-42.0,32.0,242.0
-58.0,-42.0,32.0,242.0
-56.0,-42.0,32.0,242.0
-54.0,-42.0,32.0,242.0
-52.0,-42.0,32.0,242.0
-50.0,-42.0,32.0,242.0
-16.0,-42.0,32.0,12.0
-14.0,-42.0,32.0,12.0
-12.0,-42.0,32.0,12.0
-10.0,-42.0,32.0,12.0
-8.0,-42.0,32.0,12.0
-6.0,-42.0,32.0,199.0
-4.0,-42.0,32.0,199.0
-2.0,-42.0,32.0,199.0
0.0,-42.0,32.0,80.0
2.0,-42.0,32.0,80.0
4.0,-42.0,32.0,80.0
6.0,-42.0,32.0,122.0
8.0,-42.0,32.0,122.0
10.0,-42.0,32.0,122.0
12.0,-42.0,32.0,122.0
14.0,-42.0,32.0,122.0
52.0,-42.0,32.0,342.0
54.0,-42.0,32.0,342.0
56.0,-42.0,32.0,342.0
58.0,-42.0,32.0,342.0
60.0,-42.0,32.0,342.0
62.0,-42.0,32.0,342.0
64.0,-42.0,32.0,193.0
66.0,-42.0,32.0,193.0
-68.0,-40.0,32.0,392.0
-66.0,-40.0,32.0,392.0
-64.0,-40.0,32.0,392.0
-62.0,-40.0,32.0,221.0
-60.0,-40.0,32.0,221.0
-58.0,-40.0,32.0,221.0
-56.0,-40.0,32.0,221.0
-54.0,-40.0,32.0,221.0
-52.0,-40.0,32.0,221.0
-14.0,-40.0,32.0,12.0
-12.0,-40.0,32.0,12.0
-10.0,-40.0,32.0,12.0
-8.0,-40.0,32.0,199.0
-6.0,-40.0,32.0,199.0
-4.0,-40.0,32.0,199.0
-2.0,-40.0,32.0,199.0
0.0,-40.0,32.0,435.0
2.0,-40.0,32.0,435.0
4.0,-40.0,32.0,435.0
6.0,-40.0,32.0,435.0
8.0,-40.0,32.0,122.0
10.0,-40.0,32.0,122.0
12.0,-40.0,32.0,122.0
14.0,-40.0,32.0,122.0
50.0,-40.0,32.0,488.0
52.0,-40.0,32.0,358.0
54.0,-40.0,32.0,358.0
56.0,-40.0,32.0,358.0
58.0,-40.0,32.0,358.0
60.0,-40.0,32.0,358.0
62.0,-40.0,32.0,358.0
64.0,-40.0,32.0,193.0
66.0,-40.0,32.0,193.0
-68.0,-38.0,32.0,392.0
-66.0,-38.0,32.0,392.0
-64.0,-38.0,32.0,221.0
-62.0,-38.0,32.0,221.0
-60.0,-38.0,32.0,221.0
-58.0,-38.0,32.0,221.0
-56.0,-38.0,32.0,221.0
-54.0,-38.0,32.0,221.0
-52.0,-38.0,32.0,221.0
-14.0,-38.0,32.0,12.0
-12.0,-38.0,32.0,12.0
-10.0,-38.0,32.0,12.0
-8.0,-38.0,32.0,199.0
-6.0,-38.0,32.0,199.0
-4.0,-38.0,32.0,199.0
-2.0,-38.0,32.0,199.0
0.0,-38.0,32.0,435.0
2.0,-38.0,32.0,435.0
4.0,-38.0,32.0,435.0
6.0,-38.0,32.0,435.0
8.0,-38.0,32.0,435.0
10.0,-38.0,32.0,122.0
12.0,-38.0,32.0,122.0
48.0,-38.0,32.0,488.0
50.0,-38.0,32.0,488.0
52.0,-38.0,32.0,358.0
54.0,-38.0,32.0,358.0
56.0,-38.0,32.0,358.0
58.0,-38.0,32.0,358.0
60.0,-38.0,32.0,358.0
62.0,-38.0,32.0,358.0
64.0,-38.0,32.0,358.0
66.0,-38.0,32.0,358.0
-68.0,-36.0,32.0,71.0
-66.0,-36.0,32.0,221.0
-64.0,-36.0,32.0,221.0
-62.0,-36.0,32.0,221.0
-60.0,-36.0,32.0,221.0
-58.0,-36.0,32.0,221.0
-56.0,-36.0,32.0,221.0
-54.0,-36.0,32.0,221.0
-52.0,-36.0,32.0,221.0
-12.0,-36.0,32.0,12.0
-10.0,-36.0,32.0,12.0
-8.0,-36.0,32.0,199.0
-6.0,-36.0,32.0,55.0
-4.0,-36.0,32.0,55.0
-2.0,-36.0,32.0,55.0
0.0,-36.0,32.0,55.0
2.0,-36.0,32.0,435.0
4.0,-36.0,32.0,435.0
6.0,-36.0,32.0,435.0
8.0,-36.0,32.0,435.0
48.0,-36.0,32.0,488.0
50.0,-36.0,32.0,488.0
52.0,-36.0,32.0,358.0
54.0,-36.0,32.0,358.0
56.0,-36.0,32.0,358.0
58.0,-36.0,32.0,358.0
60.0,-36.0,32.0,358.0
62.0,-36.0,32.0,358.0
64.0,-36.0,32.0,358.0
66.0,-36.0,32.0,74.0
-68.0,-34.0,32.0,71.0
-66.0,-34.0,32.0,71.0
-64.0,-34.0,32.0,71.0
-62.0,-34.0,32.0,221.0
-60.0,-34.0,32.0,221.0
-58.0,-34.0,32.0,221.0
-56.0,-34.0,32.0,221.0
-54.0,-34.0,32.0,221.0
-12.0,-34.0,32.0,12.0
-10.0,-34.0,32.0,55.0
-8.0,-34.0,32.0,55.0
-6.0,-34.0,32.0,55.0
-4.0,-34.0,32.0,55.0
-2.0,-34.0,32.0,55.0
0.0,-34.0,32.0,55.0
2.0,-34.0,32.0,55.0
4.0,-34.0,32.0,435.0
6.0,-34.0,32.0,435.0
48.0,-34.0,32.0,488.0
50.0,-34.0,32.0,358.0
52.0,-34.0,32.0,358.0
54.0,-34.0,32.0,358.0
56.0,-34.0,32.0,358.0
58.0,-34.0,32.0,358.0
60.0,-34.0,32.0,358.0
62.0,-34.0,32.0,358.0
64.0,-34.0,32.0,74.0
66.0,-34.0,32.0,74.0
-68.0,-32.0,32.0,447.0
-66.0,-32.0,32.0,71.0
-64.0,-32.0,32.0,71.0
-62.0,-32.0,32.0,71.0
-60.0,-32.0,32.0,71.0
-58.0,-32.0,32.0,221.0
-56.0,-32.0,32.0,221.0
-8.0,-32.0,32.0,55.0
-6.0,-32.0,32.0,55.0
-4.0,-32.0,32.0,55.0
-2.0,-32.0,32.0,55.0
0.0,-32.0,32.0,55.0
2.0,-32.0,32.0,55.0
4.0,-32.0,32.0,55.0
6.0,-32.0,32.0,435.0
48.0,-32.0,32.0,488.0
50.0,-32.0,32.0,358.0
52.0,-32.0,32.0,358.0
54.0,-32.0,32.0,358.0
56.0,-32.0,32.0,358.0
58.0,-32.0,32.0,358.0
60.0,-32.0,32.0,358.0
62.0,-32.0,32.0,74.0
64.0,-32.0,32.0,74.0
66.0,-32.0,32.0,74.0
68.0,-32.0,32.0,74.0
-68.0,-30.0,32.0,447.0
-66.0,-30.0,32.0,71.0
-64.0,-30.0,32.0,71.0
-62.0,-30.0,32.0,71.0
-60.0,-30.0,32.0,71.0
-58.0,-30.0,32.0,71.0
-8.0,-30.0,32.0,55.0
-6.0,-30.0,32.0,55.0
-4.0,-30.0,32.0,55.0
-2.0,-30.0,32.0,55.0
0.0,-30.0,32.0,55.0
2.0,-30.0,32.0,55.0
4.0,-30.0,32.0,55.0
6.0,-30.0,32.0,55.0
50.0,-30.0,32.0,204.0
52.0,-30.0,32.0,204.0
54.0,-30.0,32.0,204.0
56.0,-30.0,32.0,204.0
58.0,-30.0,32.0,20.0
60.0,-30.0,32.0,20.0
62.0,-30.0,32.0,20.0
64.0,-30.0,32.0,20.0
66.0,-30.0,32.0,20.0
68.0,-30.0,32.0,20.0
-68.0,-28.0,32.0,447.0
-66.0,-28.0,32.0,447.0
-64.0,-28.0,32.0,71.0
-62.0,-28.0,32.0,71.0
-60.0,-28.0,32.0,71.0
-58.0,-28.0,32.0,71.0
-56.0,-28.0,32.0,71.0
-54.0,-28.0,32.0,71.0
-8.0,-28.0,32.0,55.0
-6.0,-28.0,32.0,55.0
-4.0,-28.0,32.0,55.0
-2.0,-28.0,32.0,55.0
0.0,-28.0,32.0,55.0
2.0,-28.0,32.0,55.0
4.0,-28.0,32.0,55.0
6.0,-28.0,32.0,55.0
48.0,-28.0,32.0,204.0
50.0,-28.0,32.0,204.0
52.0,-28.0,32.0,204.0
54.0,-28.0,32.0,204.0
56.0,-28.0,32.0,20.0
58.0,-28.0,32.0,20.0
60.0,-28.0,32.0,20.0
62.0,-28.0,32.0,20.0
64.0,-28.0,32.0,20.0
66.0,-28.0,32.0,20.0
-68.0,-26.0,32.0,447.0
-66.0,-26.0,32.0,447.0
-64.0,-26.0,32.0,447.0
-62.0,-26.0,32.0,71.0
-60.0,-26.0,32.0,71.0
-58.0,-26.0,32.0,71.0
-56.0,-26.0,32.0,71.0
-54.0,-26.0,32.0,71.0
-52.0,-26.0,32.0,71.0
-8.0,-26.0,32.0,55.0
-6.0,-26.0,32.0,55.0
-4.0,-26.0,32.0,55.0
-2.0,-26.0,32.0,55.0
0.0,-26.0,32.0,55.0
2.0,-26.0,32.0,55.0
4.0,-26.0,32.0,55.0
6.0,-26.0,32.0,55.0
48.0,-26.0,32.0,204.0
50.0,-26.0,32.0,204.0
52.0,-26.0,32.0,204.0
54.0,-26.0,32.0,20.0
56.0,-26.0,32.0,20.0
58.0,-26.0,32.0,20.0
60.0,-26.0,32.0,20.0
62.0,-26.0,32.0,20.0
64.0,-26.0,32.0,20.0
66.0,-26.0,32.0,20.0
68.0,-26.0,32.0,20.0
-68.0,-24.0,32.0,447.0
-66.0,-24.0,32.0,447.0
-64.0,-24.0,32.0,447.0
-62.0,-24.0,32.0,71.0
-60.0,-24.0,32.0,71.0
-58.0,-24.0,32.0,71.0
-56.0,-24.0,32.0,71.0
-54.0,-24.0,32.0,71.0
-52.0,-24.0,32.0,71.0
-50.0,-24.0,32.0,71.0
-6.0,-24.0,32.0,55.0
-4.0,-24.0,32.0,55.0
-2.0,-24.0,32.0,55.0
0.0,-24.0,32.0,55.0
2.0,-24.0,32.0,55.0
4.0,-24.0,32.0,542.0
50.0,-24.0,32.0,204.0
52.0,-24.0,32.0,20.0
54.0,-24.0,32.0,20.0
56.0,-24.0,32.0,20.0
58.0,-24.0,32.0,20.0
60.0,-24.0,32.0,20.0
62.0,-24.0,32.0,20.0
64.0,-24.0,32.0,20.0
66.0,-24.0,32.0,20.0
68.0,-24.0,32.0,20.0
-68.0,-22.0,32.0,447.0
-66.0,-22.0,32.0,447.0
-64.0,-22.0,32.0,447.0
-62.0,-22.0,32.0,447.0
-60.0,-22.0,32.0,71.0
-58.0,-22.0,32.0,71.0
-56.0,-22.0,32.0,71.0
-54.0,-22.0,32.0,71.0
-52.0,-22.0,32.0,71.0
-50.0,-22.0,32.0,205.0
-6.0,-22.0,32.0,156.0
-4.0,-22.0,32.0,156.0
-2.0,-22.0,32.0,542.0
0.0,-22.0,32.0,542.0
2.0,-22.0,32.0,542.0
4.0,-22.0,32.0,542.0
52.0,-22.0,32.0,20.0
54.0,-22.0,32.0,20.0
56.0,-22.0,32.0,20.0
58.0,-22.0,32.0,20.0
60.0,-22.0,32.0,20.0
62.0,-22.0,32.0,20.0
64.0,-22.0,32.0,20.0
66.0,-22.0,32.0,20.0
68.0,-22.0,32.0,20.0
-68.0,-20.0,32.0,447.0
-66.0,-20.0,32.0,447.0
-64.0,-20.0,32.0,447.0
-62.0,-20.0,32.0,447.0
-60.0,-20.0,32.0,71.0
-58.0,-20.0,32.0,71.0
-56.0,-20.0,32.0,71.0
-54.0,-20.0,32.0,71.0
-52.0,-20.0,32.0,71.0
-50.0,-20.0,32.0,205.0
-6.0,-20.0,32.0,542.0
-4.0,-20.0,32.0,542.0
-2.0,-20.0,32.0,542.0
0.0,-20.0,32.0,542.0
2.0,-20.0,32.0,542.0
4.0,-20.0,32.0,239.0
60.0,-20.0,32.0,20.0
62.0,-20.0,32.0,20.0
64.0,-20.0,32.0,20.0
66.0,-20.0,32.0,20.0
-68.0,-18.0,32.0,447.0
-66.0,-18.0,32.0,447.0
-64.0,-18.0,32.0,447.0
-62.0,-18.0,32.0,447.0
-60.0,-18.0,32.0,447.0
-58.0,-18.0,32.0,71.0
-56.0,-18.0,32.0,71.0
-54.0,-18.0,32.0,71.0
-52.0,-18.0,32.0,205.0
-6.0,-18.0,32.0,542.0
-4.0,-18.0,32.0,542.0
-2.0,-18.0,32.0,542.0
0.0,-18.0,32.0,542.0
2.0,-18.0,32.0,542.0
4.0,-18.0,32.0,239.0
50.0,-18.0,32.0,20.0
52.0,-18.0,32.0,20.0
62.0,-18.0,32.0,20.0
64.0,-18.0,32.0,20.0
66.0,-18.0,32.0,20.0
-68.0,-16.0,32.0,447.0
-66.0,-16.0,32.0,447.0
-64.0,-16.0,32.0,447.0
-62.0,-16.0,32.0,447.0
-60.0,-16.0,32.0,447.0
-58.0,-16.0,32.0,447.0
-56.0,-16.0,32.0,71.0
-54.0,-16.0,32.0,71.0
-52.0,-16.0,32.0,205.0
-6.0,-16.0,32.0,542.0
-4.0,-16.0,32.0,542.0
-2.0,-16.0,32.0,542.0
0.0,-16.0,32.0,542.0
2.0,-16.0,32.0,542.0
46.0,-16.0,32.0,285.0
48.0,-16.0,32.0,20.0
50.0,-16.0,32.0,20.0
52.0,-16.0,32.0,20.0
62.0,-16.0,32.0,20.0
64.0,-16.0,32.0,20.0
66.0,-16.0,32.0,20.0
-68.0,-14.0,32.0,447.0
-66.0,-14.0,32.0,447.0
-64.0,-14.0,32.0,447.0
-62.0,-14.0,32.0,478.0
-60.0,-14.0,32.0,478.0
-58.0,-14.0,32.0,478.0
-56.0,-14.0,32.0,19.0
-54.0,-14.0,32.0,19.0
-4.0,-14.0,32.0,542.0
-2.0,-14.0,32.0,542.0
0.0,-14.0,32.0,542.0
2.0,-14.0,32.0,239.0
46.0,-14.0,32.0,285.0
48.0,-14.0,32.0,20.0
52.0,-14.0,32.0,20.0
54.0,-14.0,32.0,20.0
56.0,-14.0,32.0,20.0
58.0,-14.0,32.0,20.0
60.0,-14.0,32.0,20.0
62.0,-14.0,32.0,20.0
64.0,-14.0,32.0,20.0
66.0,-14.0,32.0,20.0
-66.0,-12.0,32.0,478.0
-64.0,-12.0,32.0,478.0
-62.0,-12.0,32.0,478.0
-60.0,-12.0,32.0,19.0
-58.0,-12.0,32.0,19.0
-56.0,-12.0,32.0,19.0
-4.0,-12.0,32.0,267.0
-2.0,-12.0,32.0,267.0
0.0,-12.0,32.0,542.0
2.0,-12.0,32.0,239.0
4.0,-12.0,32.0,239.0
44.0,-12.0,32.0,331.0
46.0,-12.0,32.0,229.0
50.0,-12.0,32.0,393.0
52.0,-12.0,32.0,393.0
54.0,-12.0,32.0,393.0
56.0,-12.0,32.0,20.0
58.0,-12.0,32.0,20.0
60.0,-12.0,32.0,20.0
62.0,-12.0,32.0,20.0
64.0,-12.0,32.0,20.0
-66.0,-10.0,32.0,478.0
-64.0,-10.0,32.0,478.0
-62.0,-10.0,32.0,19.0
-60.0,-10.0,32.0,19.0
-58.0,-10.0,32.0,19.0
-56.0,-10.0,32.0,19.0
-50.0,-10.0,32.0,19.0
-48.0,-10.0,32.0,421.0
-6.0,-10.0,32.0,267.0
-4.0,-10.0,32.0,267.0
-2.0,-10.0,32.0,267.0
0.0,-10.0,32.0,267.0
2.0,-10.0,32.0,239.0
4.0,-10.0,32.0,239.0
50.0,-10.0,32.0,393.0
52.0,-10.0,32.0,393.0
58.0,-10.0,32.0,393.0
60.0,-10.0,32.0,393.0
62.0,-10.0,32.0,393.0
64.0,-10.0,32.0,393.0
66.0,-10.0,32.0,393.0
-66.0,-8.0,32.0,19.0
-64.0,-8.0,32.0,19.0
-62.0,-8.0,32.0,19.0
-60.0,-8.0,32.0,19.0
-58.0,-8.0,32.0,19.0
-56.0,-8.0,32.0,19.0
-48.0,-8.0,32.0,421.0
-46.0,-8.0,32.0,421.0
-44.0,-8.0,32.0,421.0
-6.0,-8.0,32.0,267.0
-4.0,-8.0,32.0,267.0
-2.0,-8.0,32.0,267.0
0.0,-8.0,32.0,267.0
2.0,-8.0,32.0,586.0
4.0,-8.0,32.0,259.0
58.0,-8.0,32.0,393.0
60.0,-8.0,32.0,393.0
62.0,-8.0,32.0,393.0
64.0,-8.0,32.0,393.0
-66.0,-6.0,32.0,19.0
-64.0,-6.0,32.0,19.0
-62.0,-6.0,32.0,19.0
-60.0,-6.0,32.0,19.0
-58.0,-6.0,32.0,19.0
-56.0,-6.0,32.0,19.0
-50.0,-6.0,32.0,19.0
-48.0,-6.0,32.0,19.0
-46.0,-6.0,32.0,421.0
-44.0,-6.0,32.0,421.0
-8.0,-6.0,32.0,267.0
-6.0,-6.0,32.0,267.0
-4.0,-6.0,32.0,267.0
-2.0,-6.0,32.0,267.0
0.0,-6.0,32.0,586.0
2.0,-6.0,32.0,586.0
4.0,-6.0,32.0,259.0
58.0,-6.0,32.0,393.0
60.0,-6.0,32.0,393.0
62.0,-6.0,32.0,393.0
64.0,-6.0,32.0,393.0
-66.0,-4.0,32.0,19.0
-64.0,-4.0,32.0,19.0
-62.0,-4.0,32.0,19.0
-60.0,-4.0,32.0,19.0
-58.0,-4.0,32.0,19.0
-54.0,-4.0,32.0,19.0
-52.0,-4.0,32.0,19.0
-50.0,-4.0,32.0,19.0
-48.0,-4.0,32.0,19.0
-46.0,-4.0,32.0,421.0
-44.0,-4.0,32.0,421.0
-8.0,-4.0,32.0,267.0
-6.0,-4.0,32.0,267.0
-4.0,-4.0,32.0,267.0
-2.0,-4.0,32.0,586.0
0.0,-4.0,32.0,586.0
2.0,-4.0,32.0,586.0
4.0,-4.0,32.0,586.0
44.0,-4.0,32.0,229.0
46.0,-4.0,32.0,229.0
48.0,-4.0,32.0,393.0
50.0,-4.0,32.0,393.0
58.0,-4.0,32.0,393.0
60.0,-4.0,32.0,393.0
62.0,-4.0,32.0,393.0
64.0,-4.0,32.0,393.0
-64.0,-2.0,32.0,19.0
-62.0,-2.0,32.0,19.0
-60.0,-2.0,32.0,19.0
-58.0,-2.0,32.0,19.0
-56.0,-2.0,32.0,19.0
-54.0,-2.0,32.0,19.0
-52.0,-2.0,32.0,19.0
-50.0,-2.0,32.0,19.0
-48.0,-2.0,32.0,19.0
-46.0,-2.0,32.0,421.0
-8.0,-2.0,32.0,267.0
-6.0,-2.0,32.0,267.0
-4.0,-2.0,32.0,586.0
-2.0,-2.0,32.0,586.0
0.0,-2.0,32.0,586.0
2.0,-2.0,32.0,586.0
4.0,-2.0,32.0,586.0
38.0,-2.0,32.0,331.0
40.0,-2.0,32.0,331.0
42.0,-2.0,32.0,229.0
44.0,-2.0,32.0,229.0
46.0,-2.0,32.0,229.0
48.0,-2.0,32.0,229.0
50.0,-2.0,32.0,393.0
52.0,-2.0,32.0,393.0
54.0,-2.0,32.0,393.0
56.0,-2.0,32.0,393.0
58.0,-2.0,32.0,393.0
60.0,-2.0,32.0,393.0
62.0,-2.0,32.0,393.0
-64.0,-0.0,32.0,19.0
-62.0,-0.0,32.0,19.0
-60.0,-0.0,32.0,19.0
-58.0,-0.0,32.0,19.0
-56.0,-0.0,32.0,19.0
-54.0,-0.0,32.0,19.0
-52.0,-0.0,32.0,19.0
-50.0,-0.0,32.0,188.0
-48.0,-0.0,32.0,188.0
-8.0,-0.0,32.0,267.0
-6.0,-0.0,32.0,586.0
-4.0,-0.0,32.0,586.0
-2.0,-0.0,32.0,586.0
0.0,-0.0,32.0,586.0
2.0,-0.0,32.0,586.0
4.0,-0.0,32.0,586.0
36.0,-0.0,32.0,331.0
38.0,-0.0,32.0,331.0
40.0,-0.0,32.0,331.0
42.0,-0.0,32.0,229.0
44.0,-0.0,32.0,229.0
46.0,-0.0,32.0,229.0
48.0,-0.0,32.0,229.0
50.0,-0.0,32.0,393.0
52.0,-0.0,32.0,393.0
54.0,-0.0,32.0,393.0
56.0,-0.0,32.0,393.0
58.0,-0.0,32.0,393.0
60.0,-0.0,32.0,393.0
62.0,-0.0,32.0,393.0
-64.0,2.0,32.0,19.0
-62.0,2.0,32.0,19.0
-60.0,2.0,32.0,19.0
-58.0,2.0,32.0,19.0
-56.0,2.0,32.0,188.0
-54.0,2.0,32.0,188.0
-52.0,2.0,32.0,188.0
-6.0,2.0,32.0,586.0
-4.0,2.0,32.0,586.0
-2.0,2.0,32.0,586.0
0.0,2.0,32.0,586.0
2.0,2.0,32.0,586.0
4.0,2.0,32.0,586.0
34.0,2.0,32.0,331.0
36.0,2.0,32.0,331.0
38.0,2.0,32.0,331.0
40.0,2.0,32.0,229.0
42.0,2.0,32.0,229.0
44.0,2.0,32.0,229.0
46.0,2.0,32.0,229.0
48.0,2.0,32.0,229.0
50.0,2.0,32.0,393.0
52.0,2.0,32.0,393.0
54.0,2.0,32.0,393.0
56.0,2.0,32.0,393.0
58.0,2.0,32.0,393.0
60.0,2.0,32.0,393.0
62.0,2.0,32.0,393.0
-64.0,4.0,32.0,19.0
-62.0,4.0,32.0,188.0
-60.0,4.0,32.0,188.0
-58.0,4.0,32.0,188.0
-56.0,4.0,32.0,188.0
-54.0,4.0,32.0,188.0
-52.0,4.0,32.0,188.0
-46.0,4.0,32.0,188.0
-44.0,4.0,32.0,44.0
-42.0,4.0,32.0,44.0
-40.0,4.0,32.0,44.0
-38.0,4.0,32.0,44.0
-36.0,4.0,32.0,44.0
-6.0,4.0,32.0,586.0
-4.0,4.0,32.0,586.0
-2.0,4.0,32.0,586.0
0.0,4.0,32.0,586.0
2.0,4.0,32.0,586.0
4.0,4.0,32.0,586.0
6.0,4.0,32.0,586.0
34.0,4.0,32.0,331.0
36.0,4.0,32.0,331.0
38.0,4.0,32.0,331.0
40.0,4.0,32.0,229.0
42.0,4.0,32.0,229.0
44.0,4.0,32.0,229.0
46.0,4.0,32.0,229.0
48.0,4.0,32.0,229.0
50.0,4.0,32.0,393.0
52.0,4.0,32.0,393.0
54.0,4.0,32.0,393.0
56.0,4.0,32.0,393.0
58.0,4.0,32.0,393.0
60.0,4.0,32.0,393.0
62.0,4.0,32.0,393.0
-62.0,6.0,32.0,188.0
-60.0,6.0,32.0,188.0
-58.0,6.0,32.0,188.0
-56.0,6.0,32.0,188.0
-54.0,6.0,32.0,188.0
-52.0,6.0,32.0,188.0
-50.0,6.0,32.0,188.0
-48.0,6.0,32.0,188.0
-46.0,6.0,32.0,188.0
-44.0,6.0,32.0,44.0
-42.0,6.0,32.0,44.0
-40.0,6.0,32.0,44.0
-38.0,6.0,32.0,44.0
-36.0,6.0,32.0,44.0
-34.0,6.0,32.0,44.0
-6.0,6.0,32.0,586.0
-4.0,6.0,32.0,586.0
-2.0,6.0,32.0,586.0
0.0,6.0,32.0,586.0
2.0,6.0,32.0,586.0
4.0,6.0,32.0,586.0
34.0,6.0,32.0,331.0
36.0,6.0,32.0,331.0
38.0,6.0,32.0,331.0
40.0,6.0,32.0,229.0
42.0,6.0,32.0,229.0
44.0,6.0,32.0,229.0
46.0,6.0,32.0,229.0
48.0,6.0,32.0,229.0
50.0,6.0,32.0,393.0
52.0,6.0,32.0,393.0
54.0,6.0,32.0,393.0
56.0,6.0,32.0,393.0
58.0,6.0,32.0,393.0
60.0,6.0,32.0,393.0
-62.0,8.0,32.0,188.0
-60.0,8.0,32.0,188.0
-58.0,8.0,32.0,188.0
-56.0,8.0,32.0,188.0
-54.0,8.0,32.0,188.0
-52.0,8.0,32.0,188.0
-50.0,8.0,32.0,188.0
-48.0,8.0,32.0,188.0
-46.0,8.0,32.0,44.0
-44.0,8.0,32.0,44.0
-42.0,8.0,32.0,44.0
-40.0,8.0,32.0,44.0
-38.0,8.0,32.0,44.0
-36.0,8.0,32.0,44.0
-34.0,8.0,32.0,308.0
-6.0,8.0,32.0,586.0
-4.0,8.0,32.0,586.0
-2.0,8.0,32.0,586.0
0.0,8.0,32.0,586.0
2.0,8.0,32.0,586.0
4.0,8.0,32.0,586.0
34.0,8.0,32.0,331.0
36.0,8.0,32.0,331.0
38.0,8.0,32.0,229.0
40.0,8.0,32.0,229.0
42.0,8.0,32.0,229.0
44.0,8.0,32.0,229.0
46.0,8.0,32.0,229.0
48.0,8.0,32.0,161.0
50.0,8.0,32.0,161.0
52.0,8.0,32.0,161.0
54.0,8.0,32.0,161.0
56.0,8.0,32.0,82.0
58.0,8.0,32.0,82.0
60.0,8.0,32.0,82.0
-62.0,10.0,32.0,197.0
-60.0,10.0,32.0,188.0
-58.0,10.0,32.0,188.0
-56.0,10.0,32.0,188.0
-54.0,10.0,32.0,188.0
-52.0,10.0,32.0,188.0
-50.0,10.0,32.0,188.0
-48.0,10.0,32.0,188.0
-46.0,10.0,32.0,44.0
-44.0,10.0,32.0,44.0
-42.0,10.0,32.0,44.0
-40.0,10.0,32.0,44.0
-38.0,10.0,32.0,44.0
-36.0,10.0,32.0,44.0
-34.0,10.0,32.0,308.0
-32.0,10.0,32.0,308.0
-6.0,10.0,32.0,160.0
-4.0,10.0,32.0,160.0
-2.0,10.0,32.0,160.0
0.0,10.0,32.0,160.0
2.0,10.0,32.0,160.0
4.0,10.0,32.0,160.0
34.0,10.0,32.0,331.0
36.0,10.0,32.0,331.0
38.0,10.0,32.0,229.0
40.0,10.0,32.0,229.0
42.0,10.0,32.0,229.0
44.0,10.0,32.0,229.0
46.0,10.0,32.0,229.0
48.0,10.0,32.0,161.0
50.0,10.0,32.0,161.0
52.0,10.0,32.0,161.0
54.0,10.0,32.0,161.0
56.0,10.0,32.0,82.0
58.0,10.0,32.0,82.0
60.0,10.0,32.0,82.0
-60.0,12.0,32.0,197.0
-58.0,12.0,32.0,404.0
-56.0,12.0,32.0,188.0
-54.0,12.0,32.0,188.0
-52.0,12.0,32.0,188.0
-50.0,12.0,32.0,188.0
-48.0,12.0,32.0,44.0
-46.0,12.0,32.0,44.0
-44.0,12.0,32.0,44.0
-42.0,12.0,32.0,44.0
-40.0,12.0,32.0,44.0
-38.0,12.0,32.0,44.0
-36.0,12.0,32.0,44.0
-34.0,12.0,32.0,308.0
-32.0,12.0,32.0,308.0
-6.0,12.0,32.0,160.0
-4.0,12.0,32.0,160.0
-2.0,12.0,32.0,160.0
0.0,12.0,32.0,160.0
2.0,12.0,32.0,160.0
4.0,12.0,32.0,160.0
6.0,12.0,32.0,160.0
44.0,12.0,32.0,229.0
46.0,12.0,32.0,161.0
48.0,12.0,32.0,161.0
50.0,12.0,32.0,161.0
52.0,12.0,32.0,161.0
54.0,12.0,32.0,161.0
56.0,12.0,32.0,82.0
58.0,12.0,32.0,82.0
-60.0,14.0,32.0,197.0
-58.0,14.0,32.0,404.0
-56.0,14.0,32.0,404.0
-54.0,14.0,32.0,404.0
-52.0,14.0,32.0,404.0
-50.0,14.0,32.0,44.0
-48.0,14.0,32.0,44.0
-46.0,14.0,32.0,44.0
-44.0,14.0,32.0,44.0
-42.0,14.0,32.0,44.0
-40.0,14.0,32.0,44.0
-38.0,14.0,32.0,44.0
-36.0,14.0,32.0,44.0
-34.0,14.0,32.0,308.0
-32.0,14.0,32.0,308.0
-6.0,14.0,32.0,160.0
-4.0,14.0,32.0,160.0
-2.0,14.0,32.0,160.0
0.0,14.0,32.0,160.0
2.0,14.0,32.0,160.0
4.0,14.0,32.0,160.0
6.0,14.0,32.0,160.0
8.0,14.0,32.0,215.0
10.0,14.0,32.0,215.0
12.0,14.0,32.0,215.0
44.0,14.0,32.0,161.0
46.0,14.0,32.0,161.0
48.0,14.0,32.0,161.0
50.0,14.0,32.0,161.0
52.0,14.0,32.0,161.0
54.0,14.0,32.0,161.0
56.0,14.0,32.0,82.0
-58.0,16.0,32.0,404.0
-56.0,16.0,32.0,404.0
-54.0,16.0,32.0,404.0
-52.0,16.0,32.0,404.0
-50.0,16.0,32.0,44.0
-48.0,16.0,32.0,44.0
-46.0,16.0,32.0,44.0
-44.0,16.0,32.0,44.0
-42.0,16.0,32.0,44.0
-40.0,16.0,32.0,44.0
-38.0,16.0,32.0,44.0
-36.0,16.0,32.0,308.0
-10.0,16.0,32.0,160.0
-8.0,16.0,32.0,160.0
-6.0,16.0,32.0,160.0
-4.0,16.0,32.0,160.0
-2.0,16.0,32.0,160.0
0.0,16.0,32.0,160.0
2.0,16.0,32.0,160.0
4.0,16.0,32.0,160.0
6.0,16.0,32.0,160.0
8.0,16.0,32.0,215.0
10.0,16.0,32.0,215.0
12.0,16.0,32.0,215.0
44.0,16.0,32.0,161.0
46.0,16.0,32.0,161.0
48.0,16.0,32.0,161.0
50.0,16.0,32.0,161.0
52.0,16.0,32.0,161.0
54.0,16.0,32.0,161.0
-56.0,18.0,32.0,404.0
-54.0,18.0,32.0,404.0
-52.0,18.0,32.0,404.0
-50.0,18.0,32.0,44.0
-48.0,18.0,32.0,44.0
-46.0,18.0,32.0,44.0
-44.0,18.0,32.0,44.0
-42.0,18.0,32.0,44.0
-40.0,18.0,32.0,44.0
-38.0,18.0,32.0,44.0
-12.0,18.0,32.0,160.0
-10.0,18.0,32.0,160.0
-8.0,18.0,32.0,160.0
-6.0,18.0,32.0,160.0
-4.0,18.0,32.0,160.0
-2.0,18.0,32.0,160.0
0.0,18.0,32.0,160.0
2.0,18.0,32.0,160.0
4.0,18.0,32.0,160.0
6.0,18.0,32.0,215.0
8.0,18.0,32.0,215.0
10.0,18.0,32.0,215.0
12.0,18.0,32.0,215.0
44.0,18.0,32.0,161.0
46.0,18.0,32.0,161.0
48.0,18.0,32.0,161.0
50.0,18.0,32.0,161.0
52.0,18.0,32.0,161.0
54.0,18.0,32.0,161.0
-56.0,20.0,32.0,404.0
-54.0,20.0,32.0,404.0
-52.0,20.0,32.0,404.0
-50.0,20.0,32.0,261.0
-48.0,20.0,32.0,44.0
-46.0,20.0,32.0,44.0
-44.0,20.0,32.0,44.0
-42.0,20.0,32.0,44.0
-14.0,20.0,32.0,160.0
-12.0,20.0,32.0,160.0
-10.0,20.0,32.0,160.0
-8.0,20.0,32.0,160.0
-6.0,20.0,32.0,160.0
-4.0,20.0,32.0,160.0
-2.0,20.0,32.0,160.0
0.0,20.0,32.0,160.0
2.0,20.0,32.0,160.0
4.0,20.0,32.0,160.0
6.0,20.0,32.0,215.0
8.0,20.0,32.0,215.0
10.0,20.0,32.0,215.0
42.0,20.0,32.0,167.0
44.0,20.0,32.0,161.0
46.0,20.0,32.0,161.0
48.0,20.0,32.0,161.0
50.0,20.0,32.0,161.0
52.0,20.0,32.0,161.0
54.0,20.0,32.0,161.0
-56.0,22.0,32.0,404.0
-54.0,22.0,32.0,404.0
-52.0,22.0,32.0,261.0
-50.0,22.0,32.0,261.0
-48.0,22.0,32.0,261.0
-46.0,22.0,32.0,261.0
-44.0,22.0,32.0,44.0
-14.0,22.0,32.0,160.0
-12.0,22.0,32.0,160.0
-10.0,22.0,32.0,160.0
-8.0,22.0,32.0,160.0
-6.0,22.0,32.0,160.0
-4.0,22.0,32.0,160.0
-2.0,22.0,32.0,160.0
0.0,22.0,32.0,160.0
2.0,22.0,32.0,160.0
4.0,22.0,32.0,160.0
6.0,22.0,32.0,215.0
8.0,22.0,32.0,215.0
10.0,22.0,32.0,215.0
12.0,22.0,32.0,215.0
42.0,22.0,32.0,167.0
44.0,22.0,32.0,161.0
46.0,22.0,32.0,161.0
48.0,22.0,32.0,161.0
50.0,22.0,32.0,161.0
52.0,22.0,32.0,161.0
54.0,22.0,32.0,161.0
-56.0,24.0,32.0,261.0
-54.0,24.0,32.0,261.0
-52.0,24.0,32.0,261.0
-50.0,24.0,32.0,261.0
-48.0,24.0,32.0,261.0
-46.0,24.0,32.0,261.0
-34.0,24.0,32.0,360.0
-32.0,24.0,32.0,360.0
-14.0,24.0,32.0,160.0
-12.0,24.0,32.0,160.0
-10.0,24.0,32.0,160.0
-8.0,24.0,32.0,160.0
-6.0,24.0,32.0,160.0
-4.0,24.0,32.0,160.0
-2.0,24.0,32.0,160.0
0.0,24.0,32.0,160.0
2.0,24.0,32.0,160.0
4.0,24.0,32.0,160.0
6.0,24.0,32.0,215.0
8.0,24.0,32.0,531.0
10.0,24.0,32.0,531.0
12.0,24.0,32.0,531.0
36.0,24.0,32.0,167.0
38.0,24.0,32.0,167.0
40.0,24.0,32.0,167.0
42.0,24.0,32.0,167.0
44.0,24.0,32.0,119.0
46.0,24.0,32.0,119.0
50.0,24.0,32.0,119.0
52.0,24.0,32.0,119.0
54.0,24.0,32.0,119.0
-56.0,26.0,32.0,14.0
-54.0,26.0,32.0,261.0
-52.0,26.0,32.0,261.0
-50.0,26.0,32.0,261.0
-48.0,26.0,32.0,261.0
-46.0,26.0,32.0,261.0
-40.0,26.0,32.0,360.0
-38.0,26.0,32.0,360.0
-36.0,26.0,32.0,360.0
-34.0,26.0,32.0,360.0
-32.0,26.0,32.0,360.0
-30.0,26.0,32.0,164.0
-14.0,26.0,32.0,160.0
-12.0,26.0,32.0,160.0
-10.0,26.0,32.0,160.0
-8.0,26.0,32.0,160.0
-6.0,26.0,32.0,160.0
-4.0,26.0,32.0,160.0
-2.0,26.0,32.0,160.0
2.0,26.0,32.0,531.0
4.0,26.0,32.0,531.0
6.0,26.0,32.0,531.0
8.0,26.0,32.0,531.0
10.0,26.0,32.0,531.0
12.0,26.0,32.0,531.0
32.0,26.0,32.0,167.0
34.0,26.0,32.0,167.0
36.0,26.0,32.0,167.0
38.0,26.0,32.0,167.0
40.0,26.0,32.0,391.0
42.0,26.0,32.0,391.0
44.0,26.0,32.0,284.0
46.0,26.0,32.0,119.0
48.0,26.0,32.0,119.0
50.0,26.0,32.0,119.0
52.0,26.0,32.0,119.0
-54.0,28.0,32.0,261.0
-52.0,28.0,32.0,261.0
-50.0,28.0,32.0,261.0
-48.0,28.0,32.0,261.0
-46.0,28.0,32.0,261.0
-44.0,28.0,32.0,261.0
-42.0,28.0,32.0,261.0
-40.0,28.0,32.0,360.0
-38.0,28.0,32.0,360.0
-36.0,28.0,32.0,360.0
-34.0,28.0,32.0,360.0
-32.0,28.0,32.0,164.0
-30.0,28.0,32.0,164.0
-28.0,28.0,32.0,386.0
-14.0,28.0,32.0,497.0
-12.0,28.0,32.0,160.0
-10.0,28.0,32.0,160.0
-8.0,28.0,32.0,160.0
-6.0,28.0,32.0,160.0
-4.0,28.0,32.0,160.0
-2.0,28.0,32.0,160.0
2.0,28.0,32.0,531.0
4.0,28.0,32.0,531.0
6.0,28.0,32.0,531.0
8.0,28.0,32.0,531.0
10.0,28.0,32.0,531.0
12.0,28.0,32.0,531.0
30.0,28.0,32.0,101.0
32.0,28.0,32.0,101.0
34.0,28.0,32.0,391.0
36.0,28.0,32.0,391.0
38.0,28.0,32.0,391.0
40.0,28.0,32.0,391.0
42.0,28.0,32.0,391.0
44.0,28.0,32.0,284.0
46.0,28.0,32.0,119.0
48.0,28.0,32.0,119.0
50.0,28.0,32.0,119.0
52.0,28.0,32.0,119.0
-54.0,30.0,32.0,14.0
-52.0,30.0,32.0,261.0
-50.0,30.0,32.0,261.0
-48.0,30.0,32.0,261.0
-46.0,30.0,32.0,261.0
-44.0,30.0,32.0,261.0
-42.0,30.0,32.0,261.0
-40.0,30.0,32.0,360.0
-38.0,30.0,32.0,360.0
-36.0,30.0,32.0,360.0
-34.0,30.0,32.0,164.0
-32.0,30.0,32.0,386.0
-30.0,30.0,32.0,386.0
-28.0,30.0,32.0,386.0
-26.0,30.0,32.0,386.0
-12.0,30.0,32.0,497.0
-10.0,30.0,32.0,399.0
-8.0,30.0,32.0,399.0
-6.0,30.0,32.0,399.0
-4.0,30.0,32.0,160.0
-2.0,30.0,32.0,531.0
2.0,30.0,32.0,531.0
4.0,30.0,32.0,531.0
6.0,30.0,32.0,531.0
8.0,30.0,32.0,531.0
10.0,30.0,32.0,531.0
12.0,30.0,32.0,531.0
28.0,30.0,32.0,101.0
30.0,30.0,32.0,101.0
32.0,30.0,32.0,391.0
34.0,30.0,32.0,391.0
36.0,30.0,32.0,391.0
38.0,30.0,32.0,391.0
40.0,30.0,32.0,391.0
42.0,30.0,32.0,391.0
44.0,30.0,32.0,391.0
46.0,30.0,32.0,119.0
48.0,30.0,32.0,119.0
50.0,30.0,32.0,119.0
-52.0,32.0,32.0,261.0
-50.0,32.0,32.0,261.0
-48.0,32.0,32.0,261.0
-46.0,32.0,32.0,261.0
-44.0,32.0,32.0,261.0
-42.0,32.0,32.0,261.0
-40.0,32.0,32.0,415.0
-38.0,32.0,32.0,360.0
-36.0,32.0,32.0,386.0
-34.0,32.0,32.0,386.0
-32.0,32.0,32.0,386.0
-30.0,32.0,32.0,386.0
-28.0,32.0,32.0,386.0
-26.0,32.0,32.0,497.0
-10.0,32.0,32.0,399.0
-8.0,32.0,32.0,399.0
-6.0,32.0,32.0,399.0
-4.0,32.0,32.0,399.0
-2.0,32.0,32.0,531.0
0.0,32.0,32.0,531.0
2.0,32.0,32.0,531.0
4.0,32.0,32.0,531.0
6.0,32.0,32.0,531.0
8.0,32.0,32.0,531.0
10.0,32.0,32.0,531.0
12.0,32.0,32.0,531.0
26.0,32.0,32.0,101.0
28.0,32.0,32.0,101.0
30.0,32.0,32.0,391.0
32.0,32.0,32.0,391.0
34.0,32.0,32.0,391.0
36.0,32.0,32.0,391.0
40.0,32.0,32.0,391.0
42.0,32.0,32.0,391.0
44.0,32.0,32.0,391.0
46.0,32.0,32.0,284.0
48.0,32.0,32.0,119.0
50.0,32.0,32.0,119.0
-50.0,34.0,32.0,261.0
-48.0,34.0,32.0,261.0
-46.0,34.0,32.0,261.0
-44.0,34.0,32.0,415.0
-42.0,34.0,32.0,415.0
-40.0,34.0,32.0,415.0
-38.0,34.0,32.0,415.0
-36.0,34.0,32.0,416.0
-34.0,34.0,32.0,416.0
-32.0,34.0,32.0,386.0
-30.0,34.0,32.0,386.0
-28.0,34.0,32.0,497.0
-10.0,34.0,32.0,399.0
-8.0,34.0,32.0,399.0
-6.0,34.0,32.0,399.0
-4.0,34.0,32.0,399.0
-2.0,34.0,32.0,218.0
0.0,34.0,32.0,218.0
2.0,34.0,32.0,531.0
4.0,34.0,32.0,531.0
6.0,34.0,32.0,531.0
8.0,34.0,32.0,531.0
10.0,34.0,32.0,531.0
12.0,34.0,32.0,531.0
24.0,34.0,32.0,101.0
26.0,34.0,32.0,101.0
28.0,34.0,32.0,391.0
30.0,34.0,32.0,391.0
32.0,34.0,32.0,391.0
34.0,34.0,32.0,391.0
36.0,34.0,32.0,391.0
40.0,34.0,32.0,391.0
42.0,34.0,32.0,391.0
44.0,34.0,32.0,391.0
46.0,34.0,32.0,284.0
48.0,34.0,32.0,119.0
-50.0,36.0,32.0,261.0
-48.0,36.0,32.0,415.0
-46.0,36.0,32.0,415.0
-44.0,36.0,32.0,415.0
-42.0,36.0,32.0,415.0
-40.0,36.0,32.0,415.0
-38.0,36.0,32.0,415.0
-36.0,36.0,32.0,416.0
-34.0,36.0,32.0,416.0
-32.0,36.0,32.0,416.0
-30.0,36.0,32.0,416.0
-28.0,36.0,32.0,497.0
-26.0,36.0,32.0,497.0
-24.0,36.0,32.0,497.0
-12.0,36.0,32.0,497.0
-10.0,36.0,32.0,399.0
-8.0,36.0,32.0,399.0
-6.0,36.0,32.0,399.0
-4.0,36.0,32.0,399.0
-2.0,36.0,32.0,218.0
0.0,36.0,32.0,218.0
2.0,36.0,32.0,218.0
4.0,36.0,32.0,218.0
6.0,36.0,32.0,218.0
8.0,36.0,32.0,218.0
10.0,36.0,32.0,531.0
12.0,36.0,32.0,531.0
26.0,36.0,32.0,391.0
28.0,36.0,32.0,391.0
30.0,36.0,32.0,391.0
32.0,36.0,32.0,391.0
34.0,36.0,32.0,391.0
36.0,36.0,32.0,391.0
38.0,36.0,32.0,391.0
40.0,36.0,32.0,391.0
42.0,36.0,32.0,391.0
44.0,36.0,32.0,391.0
46.0,36.0,32.0,284.0
-48.0,38.0,32.0,415.0
-46.0,38.0,32.0,415.0
-44.0,38.0,32.0,415.0
-42.0,38.0,32.0,415.0
-40.0,38.0,32.0,415.0
-38.0,38.0,32.0,415.0
-36.0,38.0,32.0,416.0
-34.0,38.0,32.0,416.0
-32.0,38.0,32.0,416.0
-30.0,38.0,32.0,416.0
-28.0,38.0,32.0,497.0
-26.0,38.0,32.0,497.0
-24.0,38.0,32.0,497.0
-12.0,38.0,32.0,497.0
-10.0,38.0,32.0,399.0
-8.0,38.0,32.0,399.0
-6.0,38.0,32.0,399.0
-4.0,38.0,32.0,218.0
-2.0,38.0,32.0,218.0
0.0,38.0,32.0,218.0
2.0,38.0,32.0,218.0
4.0,38.0,32.0,218.0
6.0,38.0,32.0,218.0
8.0,38.0,32.0,218.0
10.0,38.0,32.0,218.0
12.0,38.0,32.0,218.0
26.0,38.0,32.0,391.0
28.0,38.0,32.0,391.0
30.0,38.0,32.0,391.0
32.0,38.0,32.0,391.0
34.0,38.0,32.0,391.0
36.0,38.0,32.0,391.0
38.0,38.0,32.0,391.0
40.0,38.0,32.0,391.0
42.0,38.0,32.0,391.0
44.0,38.0,32.0,391.0
46.0,38.0,32.0,146.0
-46.0,40.0,32.0,415.0
-44.0,40.0,32.0,415.0
-42.0,40.0,32.0,415.0
-40.0,40.0,32.0,415.0
-38.0,40.0,32.0,415.0
-36.0,40.0,32.0,416.0
-34.0,40.0,32.0,416.0
-32.0,40.0,32.0,416.0
-30.0,40.0,32.0,416.0
-28.0,40.0,32.0,497.0
-26.0,40.0,32.0,497.0
-24.0,40.0,32.0,497.0
-22.0,40.0,32.0,497.0
-12.0,40.0,32.0,497.0
-10.0,40.0,32.0,399.0
-8.0,40.0,32.0,399.0
-6.0,40.0,32.0,399.0
-4.0,40.0,32.0,218.0
-2.0,40.0,32.0,218.0
2.0,40.0,32.0,218.0
4.0,40.0,32.0,218.0
6.0,40.0,32.0,218.0
8.0,40.0,32.0,218.0
10.0,40.0,32.0,218.0
12.0,40.0,32.0,218.0
20.0,40.0,32.0,101.0
22.0,40.0,32.0,391.0
26.0,40.0,32.0,391.0
28.0,40.0,32.0,391.0
30.0,40.0,32.0,391.0
32.0,40.0,32.0,391.0
34.0,40.0,32.0,391.0
36.0,40.0,32.0,391.0
38.0,40.0,32.0,391.0
40.0,40.0,32.0,391.0
42.0,40.0,32.0,391.0
44.0,40.0,32.0,391.0
-44.0,42.0,32.0,415.0
-42.0,42.0,32.0,415.0
-40.0,42.0,32.0,415.0
-38.0,42.0,32.0,415.0
-36.0,42.0,32.0,416.0
-34.0,42.0,32.0,416.0
-32.0,42.0,32.0,416.0
-30.0,42.0,32.0,291.0
-28.0,42.0,32.0,291.0
-26.0,42.0,32.0,291.0
-24.0,42.0,32.0,497.0
-22.0,42.0,32.0,497.0
-12.0,42.0,32.0,497.0
-10.0,42.0,32.0,399.0
-8.0,42.0,32.0,399.0
-6.0,42.0,32.0,399.0
-4.0,42.0,32.0,218.0
-2.0,42.0,32.0,218.0
0.0,42.0,32.0,218.0
2.0,42.0,32.0,218.0
4.0,42.0,32.0,218.0
6.0,42.0,32.0,218.0
8.0,42.0,32.0,218.0
10.0,42.0,32.0,218.0
20.0,42.0,32.0,290.0
22.0,42.0,32.0,391.0
24.0,42.0,32.0,391.0
26.0,42.0,32.0,391.0
28.0,42.0,32.0,391.0
30.0,42.0,32.0,391.0
32.0,42.0,32.0,391.0
34.0,42.0,32.0,391.0
36.0,42.0,32.0,391.0
38.0,42.0,32.0,391.0
40.0,42.0,32.0,391.0
42.0,42.0,32.0,391.0
-42.0,44.0,32.0,415.0
-40.0,44.0,32.0,415.0
-38.0,44.0,32.0,415.0
-36.0,44.0,32.0,416.0
-34.0,44.0,32.0,416.0
-32.0,44.0,32.0,416.0
-30.0,44.0,32.0,291.0
-28.0,44.0,32.0,291.0
-26.0,44.0,32.0,291.0
-24.0,44.0,32.0,291.0
-22.0,44.0,32.0,291.0
-12.0,44.0,32.0,497.0
-10.0,44.0,32.0,399.0
-8.0,44.0,32.0,399.0
-6.0,44.0,32.0,218.0
-4.0,44.0,32.0,218.0
-2.0,44.0,32.0,218.0
0.0,44.0,32.0,218.0
2.0,44.0,32.0,218.0
4.0,44.0,32.0,218.0
6.0,44.0,32.0,218.0
8.0,44.0,32.0,218.0
18.0,44.0,32.0,290.0
20.0,44.0,32.0,290.0
22.0,44.0,32.0,391.0
24.0,44.0,32.0,391.0
26.0,44.0,32.0,391.0
28.0,44.0,32.0,391.0
30.0,44.0,32.0,391.0
32.0,44.0,32.0,391.0
34.0,44.0,32.0,391.0
36.0,44.0,32.0,391.0
38.0,44.0,32.0,391.0
40.0,44.0,32.0,391.0
-42.0,46.0,32.0,415.0
-40.0,46.0,32.0,415.0
-38.0,46.0,32.0,191.0
-36.0,46.0,32.0,191.0
-34.0,46.0,32.0,191.0
-32.0,46.0,32.0,191.0
-30.0,46.0,32.0,291.0
-28.0,46.0,32.0,291.0
-26.0,46.0,32.0,291.0
-24.0,46.0,32.0,291.0
-22.0,46.0,32.0,23.0
-20.0,46.0,32.0,23.0
-10.0,46.0,32.0,281.0
-8.0,46.0,32.0,399.0
-6.0,46.0,32.0,218.0
-4.0,46.0,32.0,218.0
-2.0,46.0,32.0,218.0
0.0,46.0,32.0,218.0
2.0,46.0,32.0,218.0
4.0,46.0,32.0,218.0
6.0,46.0,32.0,218.0
8.0,46.0,32.0,218.0
18.0,46.0,32.0,290.0
20.0,46.0,32.0,290.0
22.0,46.0,32.0,391.0
24.0,46.0,32.0,391.0
26.0,46.0,32.0,391.0
28.0,46.0,32.0,391.0
30.0,46.0,32.0,391.0
32.0,46.0,32.0,391.0
34.0,46.0,32.0,391.0
36.0,46.0,32.0,391.0
38.0,46.0,32.0,391.0
-40.0,48.0,32.0,191.0
-38.0,48.0,32.0,191.0
-36.0,48.0,32.0,191.0
-34.0,48.0,32.0,191.0
-32.0,48.0,32.0,191.0
-30.0,48.0,32.0,191.0
-28.0,48.0,32.0,23.0
-26.0,48.0,32.0,23.0
-24.0,48.0,32.0,23.0
-20.0,48.0,32.0,23.0
-18.0,48.0,32.0,23.0
-16.0,48.0,32.0,23.0
-8.0,48.0,32.0,378.0
-6.0,48.0,32.0,378.0
-4.0,48.0,32.0,218.0
-2.0,48.0,32.0,218.0
0.0,48.0,32.0,218.0
2.0,48.0,32.0,218.0
4.0,48.0,32.0,218.0
6.0,48.0,32.0,218.0
8.0,48.0,32.0,218.0
24.0,48.0,32.0,391.0
26.0,48.0,32.0,391.0
28.0,48.0,32.0,391.0
30.0,48.0,32.0,391.0
32.0,48.0,32.0,391.0
34.0,48.0,32.0,391.0
36.0,48.0,32.0,391.0
-38.0,50.0,32.0,191.0
-36.0,50.0,32.0,191.0
-34.0,50.0,32.0,191.0
-32.0,50.0,32.0,191.0
-30.0,50.0,32.0,191.0
-28.0,50.0,32.0,23.0
-26.0,50.0,32.0,23.0
-24.0,50.0,32.0,23.0
-22.0,50.0,32.0,23.0
-20.0,50.0,32.0,23.0
-18.0,50.0,32.0,23.0
-16.0,50.0,32.0,23.0
-8.0,50.0,32.0,378.0
-6.0,50.0,32.0,378.0
-4.0,50.0,32.0,378.0
-2.0,50.0,32.0,218.0
2.0,50.0,32.0,218.0
4.0,50.0,32.0,218.0
6.0,50.0,32.0,218.0
8.0,50.0,32.0,218.0
18.0,50.0,32.0,290.0
20.0,50.0,32.0,256.0
26.0,50.0,32.0,391.0
28.0,50.0,32.0,391.0
30.0,50.0,32.0,391.0
32.0,50.0,32.0,391.0
34.0,50.0,32.0,391.0
-34.0,52.0,32.0,191.0
-32.0,52.0,32.0,191.0
-30.0,52.0,32.0,191.0
-28.0,52.0,32.0,23.0
-26.0,52.0,32.0,23.0
-24.0,52.0,32.0,23.0
-22.0,52.0,32.0,23.0
-20.0,52.0,32.0,23.0
-18.0,52.0,32.0,23.0
-16.0,52.0,32.0,23.0
-14.0,52.0,32.0,281.0
-12.0,52.0,32.0,378.0
-8.0,52.0,32.0,378.0
-6.0,52.0,32.0,378.0
-4.0,52.0,32.0,378.0
-2.0,52.0,32.0,378.0
2.0,52.0,32.0,218.0
4.0,52.0,32.0,218.0
6.0,52.0,32.0,218.0
8.0,52.0,32.0,290.0
16.0,52.0,32.0,256.0
18.0,52.0,32.0,256.0
20.0,52.0,32.0,256.0
22.0,52.0,32.0,256.0
24.0,52.0,32.0,256.0
26.0,52.0,32.0,256.0
28.0,52.0,32.0,391.0
30.0,52.0,32.0,391.0
32.0,52.0,32.0,391.0
-32.0,54.0,32.0,191.0
-30.0,54.0,32.0,487.0
-28.0,54.0,32.0,487.0
-26.0,54.0,32.0,487.0
-24.0,54.0,32.0,23.0
-22.0,54.0,32.0,23.0
-20.0,54.0,32.0,23.0
-18.0,54.0,32.0,23.0
-16.0,54.0,32.0,23.0
-14.0,54.0,32.0,378.0
-12.0,54.0,32.0,378.0
-10.0,54.0,32.0,378.0
-8.0,54.0,32.0,378.0
-6.0,54.0,32.0,378.0
-4.0,54.0,32.0,378.0
-2.0,54.0,32.0,378.0
2.0,54.0,32.0,218.0
4.0,54.0,32.0,218.0
6.0,54.0,32.0,256.0
8.0,54.0,32.0,256.0
12.0,54.0,32.0,256.0
14.0,54.0,32.0,256.0
16.0,54.0,32.0,256.0
18.0,54.0,32.0,256.0
20.0,54.0,32.0,256.0
22.0,54.0,32.0,256.0
24.0,54.0,32.0,256.0
26.0,54.0,32.0,256.0
28.0,54.0,32.0,256.0
30.0,54.0,32.0,391.0
-30.0,56.0,32.0,487.0
-28.0,56.0,32.0,487.0
-26.0,56.0,32.0,487.0
-24.0,56.0,32.0,487.0
-22.0,56.0,32.0,30.0
-20.0,56.0,32.0,30.0
-18.0,56.0,32.0,30.0
-16.0,56.0,32.0,30.0
-14.0,56.0,32.0,378.0
-12.0,56.0,32.0,378.0
-10.0,56.0,32.0,378.0
-8.0,56.0,32.0,378.0
-6.0,56.0,32.0,378.0
-4.0,56.0,32.0,378.0
-2.0,56.0,32.0,378.0
2.0,56.0,32.0,378.0
4.0,56.0,32.0,256.0
6.0,56.0,32.0,256.0
8.0,56.0,32.0,256.0
10.0,56.0,32.0,256.0
12.0,56.0,32.0,256.0
14.0,56.0,32.0,256.0
16.0,56.0,32.0,256.0
18.0,56.0,32.0,256.0
20.0,56.0,32.0,256.0
22.0,56.0,32.0,256.0
24.0,56.0,32.0,256.0
26.0,56.0,32.0,256.0
-28.0,58.0,32.0,487.0
-26.0,58.0,32.0,487.0
-24.0,58.0,32.0,487.0
-22.0,58.0,32.0,30.0
-20.0,58.0,32.0,30.0
-18.0,58.0,32.0,30.0
-16.0,58.0,32.0,30.0
-14.0,58.0,32.0,378.0
-12.0,58.0,32.0,378.0
-10.0,58.0,32.0,378.0
-8.0,58.0,32.0,378.0
-6.0,58.0,32.0,378.0
-4.0,58.0,32.0,378.0
-2.0,58.0,32.0,378.0
2.0,58.0,32.0,378.0
4.0,58.0,32.0,256.0
6.0,58.0,32.0,256.0
8.0,58.0,32.0,256.0
10.0,58.0,32.0,256.0
12.0,58.0,32.0,256.0
14.0,58.0,32.0,256.0
16.0,58.0,32.0,256.0
18.0,58.0,32.0,256.0
20.0,58.0,32.0,256.0
22.0,58.0,32.0,256.0
24.0,58.0,32.0,256.0
-24.0,60.0,32.0,30.0
-22.0,60.0,32.0,30.0
-20.0,60.0,32.0,30.0
-18.0,60.0,32.0,30.0
-16.0,60.0,32.0,30.0
-14.0,60.0,32.0,378.0
-12.0,60.0,32.0,378.0
-10.0,60.0,32.0,378.0
-8.0,60.0,32.0,378.0
-6.0,60.0,32.0,378.0
-4.0,60.0,32.0,378.0
-2.0,60.0,32.0,378.0
2.0,60.0,32.0,256.0
4.0,60.0,32.0,256.0
6.0,60.0,32.0,256.0
8.0,60.0,32.0,256.0
10.0,60.0,32.0,256.0
12.0,60.0,32.0,256.0
14.0,60.0,32.0,256.0
16.0,60.0,32.0,256.0
18.0,60.0,32.0,256.0
20.0,60.0,32.0,256.0
-20.0,62.0,32.0,30.0
-18.0,62.0,32.0,30.0
-16.0,62.0,32.0,30.0
-14.0,62.0,32.0,378.0
-12.0,62.0,32.0,378.0
-10.0,62.0,32.0,378.0
-8.0,62.0,32.0,378.0
-6.0,62.0,32.0,378.0
-4.0,62.0,32.0,378.0
-2.0,62.0,32.0,378.0
4.0,62.0,32.0,256.0
6.0,62.0,32.0,256.0
8.0,62.0,32.0,256.0
10.0,62.0,32.0,256.0
12.0,62.0,32.0,256.0
14.0,62.0,32.0,256.0
-14.0,64.0,32.0,378.0
-12.0,64.0,32.0,378.0
-10.0,64.0,32.0,378.0
-8.0,64.0,32.0,378.0
-6.0,64.0,32.0,378.0
-4.0,64.0,32.0,378.0
-2.0,64.0,32.0,378.0
4.0,64.0,32.0,256.0
6.0,64.0,32.0,256.0
8.0,64.0,32.0,256.0
10.0,64.0,32.0,256.0
8.0,-94.0,34.0,565.0
10.0,-94.0,34.0,565.0
12.0,-94.0,34.0,565.0
14.0,-94.0,34.0,565.0
16.0,-94.0,34.0,565.0
-18.0,-92.0,34.0,41.0
-16.0,-92.0,34.0,420.0
-14.0,-92.0,34.0,420.0
4.0,-92.0,34.0,222.0
6.0,-92.0,34.0,222.0
8.0,-92.0,34.0,565.0
10.0,-92.0,34.0,565.0
12.0,-92.0,34.0,565.0
14.0,-92.0,34.0,565.0
16.0,-92.0,34.0,565.0
18.0,-92.0,34.0,565.0
20.0,-92.0,34.0,565.0
-26.0,-90.0,34.0,41.0
-24.0,-90.0,34.0,41.0
-22.0,-90.0,34.0,41.0
-20.0,-90.0,34.0,41.0
-18.0,-90.0,34.0,41.0
-16.0,-90.0,34.0,148.0
-14.0,-90.0,34.0,148.0
-12.0,-90.0,34.0,148.0
-10.0,-90.0,34.0,148.0
2.0,-90.0,34.0,222.0
4.0,-90.0,34.0,222.0
6.0,-90.0,34.0,222.0
8.0,-90.0,34.0,222.0
10.0,-90.0,34.0,565.0
12.0,-90.0,34.0,565.0
14.0,-90.0,34.0,565.0
16.0,-90.0,34.0,565.0
18.0,-90.0,34.0,565.0
20.0,-90.0,34.0,565.0
22.0,-90.0,34.0,135.0
24.0,-90.0,34.0,135.0
26.0,-90.0,34.0,135.0
28.0,-90.0,34.0,135.0
30.0,-90.0,34.0,135.0
-32.0,-88.0,34.0,41.0
-30.0,-88.0,34.0,41.0
-28.0,-88.0,34.0,41.0
-26.0,-88.0,34.0,41.0
-24.0,-88.0,34.0,41.0
-22.0,-88.0,34.0,41.0
-20.0,-88.0,34.0,41.0
-18.0,-88.0,34.0,41.0
-16.0,-88.0,34.0,148.0
-14.0,-88.0,34.0,148.0
-12.0,-88.0,34.0,148.0
-10.0,-88.0,34.0,148.0
-8.0,-88.0,34.0,148.0
-6.0,-88.0,34.0,148.0
0.0,-88.0,34.0,449.0
2.0,-88.0,34.0,449.0
4.0,-88.0,34.0,222.0
6.0,-88.0,34.0,222.0
8.0,-88.0,34.0,222.0
10.0,-88.0,34.0,222.0
12.0,-88.0,34.0,565.0
14.0,-88.0,34.0,565.0
16.0,-88.0,34.0,565.0
18.0,-88.0,34.0,135.0
20.0,-88.0,34.0,135.0
22.0,-88.0,34.0,135.0
24.0,-88.0,34.0,135.0
26.0,-88.0,34.0,135.0
28.0,-88.0,34.0,135.0
30.0,-88.0,34.0,135.0
32.0,-88.0,34.0,135.0
34.0,-88.0,34.0,254.0
-34.0,-86.0,34.0,41.0
-32.0,-86.0,34.0,41.0
-30.0,-86.0,34.0,41.0
-28.0,-86.0,34.0,41.0
-26.0,-86.0,34.0,41.0
-24.0,-86.0,34.0,41.0
-22.0,-86.0,34.0,41.0
-20.0,-86.0,34.0,41.0
-18.0,-86.0,34.0,550.0
-16.0,-86.0,34.0,550.0
-14.0,-86.0,34.0,148.0
-12.0,-86.0,34.0,148.0
-10.0,-86.0,34.0,148.0
-8.0,-86.0,34.0,148.0
-6.0,-86.0,34.0,148.0
-4.0,-86.0,34.0,449.0
0.0,-86.0,34.0,449.0
2.0,-86.0,34.0,449.0
4.0,-86.0,34.0,449.0
6.0,-86.0,34.0,222.0
8.0,-86.0,34.0,222.0
10.0,-86.0,34.0,222.0
12.0,-86.0,34.0,222.0
14.0,-86.0,34.0,565.0
16.0,-86.0,34.0,135.0
18.0,-86.0,34.0,135.0
20.0,-86.0,34.0,135.0
22.0,-86.0,34.0,135.0
24.0,-86.0,34.0,135.0
26.0,-86.0,34.0,135.0
28.0,-86.0,34.0,135.0
30.0,-86.0,34.0,135.0
32.0,-86.0,34.0,537.0
34.0,-86.0,34.0,254.0
36.0,-86.0,34.0,254.0
38.0,-86.0,34.0,254.0
-38.0,-84.0,34.0,556.0
-36.0,-84.0,34.0,556.0
-32.0,-84.0,34.0,41.0
-30.0,-84.0,34.0,41.0
-28.0,-84.0,34.0,41.0
-26.0,-84.0,34.0,41.0
-24.0,-84.0,34.0,41.0
-22.0,-84.0,34.0,41.0
-20.0,-84.0,34.0,550.0
-18.0,-84.0,34.0,550.0
-16.0,-84.0,34.0,550.0
-14.0,-84.0,34.0,550.0
-12.0,-84.0,34.0,550.0
-10.0,-84.0,34.0,148.0
-8.0,-84.0,34.0,148.0
-6.0,-84.0,34.0,148.0
-4.0,-84.0,34.0,449.0
-2.0,-84.0,34.0,449.0
0.0,-84.0,34.0,449.0
2.0,-84.0,34.0,449.0
4.0,-84.0,34.0,302.0
6.0,-84.0,34.0,302.0
8.0,-84.0,34.0,302.0
10.0,-84.0,34.0,186.0
12.0,-84.0,34.0,186.0
14.0,-84.0,34.0,186.0
16.0,-84.0,34.0,135.0
18.0,-84.0,34.0,135.0
20.0,-84.0,34.0,135.0
22.0,-84.0,34.0,135.0
24.0,-84.0,34.0,135.0
26.0,-84.0,34.0,135.0
28.0,-84.0,34.0,135.0
30.0,-84.0,34.0,135.0
32.0,-84.0,34.0,537.0
34.0,-84.0,34.0,254.0
36.0,-84.0,34.0,254.0
38.0,-84.0,34.0,254.0
40.0,-84.0,34.0,254.0
-42.0,-82.0,34.0,556.0
-40.0,-82.0,34.0,556.0
-38.0,-82.0,34.0,556.0
-36.0,-82.0,34.0,556.0
-34.0,-82.0,34.0,556.0
-32.0,-82.0,34.0,454.0
-30.0,-82.0,34.0,454.0
-28.0,-82.0,34.0,41.0
-26.0,-82.0,34.0,41.0
-24.0,-82.0,34.0,41.0
-22.0,-82.0,34.0,550.0
-16.0,-82.0,34.0,550.0
-14.0,-82.0,34.0,550.0
-12.0,-82.0,34.0,550.0
-10.0,-82.0,34.0,550.0
-8.0,-82.0,34.0,148.0
-6.0,-82.0,34.0,60.0
-4.0,-82.0,34.0,60.0
-2.0,-82.0,34.0,60.0
0.0,-82.0,34.0,302.0
2.0,-82.0,34.0,302.0
4.0,-82.0,34.0,302.0
6.0,-82.0,34.0,302.0
8.0,-82.0,34.0,302.0
10.0,-82.0,34.0,186.0
12.0,-82.0,34.0,186.0
14.0,-82.0,34.0,186.0
16.0,-82.0,34.0,186.0
18.0,-82.0,34.0,135.0
20.0,-82.0,34.0,135.0
22.0,-82.0,34.0,135.0
24.0,-82.0,34.0,135.0
26.0,-82.0,34.0,135.0
28.0,-82.0,34.0,135.0
30.0,-82.0,34.0,537.0
32.0,-82.0,34.0,537.0
34.0,-82.0,34.0,254.0
36.0,-82.0,34.0,254.0
38.0,-82.0,34.0,254.0
40.0,-82.0,34.0,254.0
-44.0,-80.0,34.0,556.0
-42.0,-80.0,34.0,556.0
-40.0,-80.0,34.0,556.0
-38.0,-80.0,34.0,556.0
-36.0,-80.0,34.0,556.0
-34.0,-80.0,34.0,556.0
-32.0,-80.0,34.0,556.0
-30.0,-80.0,34.0,454.0
-28.0,-80.0,34.0,75.0
-26.0,-80.0,34.0,75.0
-24.0,-80.0,34.0,75.0
-22.0,-80.0,34.0,75.0
-18.0,-80.0,34.0,550.0
-16.0,-80.0,34.0,550.0
-14.0,-80.0,34.0,550.0
-12.0,-80.0,34.0,550.0
-10.0,-80.0,34.0,550.0
-8.0,-80.0,34.0,60.0
-6.0,-80.0,34.0,60.0
-4.0,-80.0,34.0,60.0
-2.0,-80.0,34.0,60.0
0.0,-80.0,34.0,302.0
2.0,-80.0,34.0,302.0
4.0,-80.0,34.0,302.0
6.0,-80.0,34.0,302.0
8.0,-80.0,34.0,219.0
10.0,-80.0,34.0,186.0
12.0,-80.0,34.0,186.0
14.0,-80.0,34.0,186.0
16.0,-80.0,34.0,186.0
18.0,-80.0,34.0,135.0
20.0,-80.0,34.0,135.0
22.0,-80.0,34.0,135.0
24.0,-80.0,34.0,135.0
26.0,-80.0,34.0,135.0
28.0,-80.0,34.0,537.0
30.0,-80.0,34.0,537.0
32.0,-80.0,34.0,537.0
34.0,-80.0,34.0,254.0
36.0,-80.0,34.0,254.0
38.0,-80.0,34.0,254.0
40.0,-80.0,34.0,254.0
42.0,-80.0,34.0,254.0
44.0,-80.0,34.0,254.0
-46.0,-78.0,34.0,556.0
-44.0,-78.0,34.0,556.0
-42.0,-78.0,34.0,556.0
-40.0,-78.0,34.0,556.0
-38.0,-78.0,34.0,556.0
-36.0,-78.0,34.0,556.0
-34.0,-78.0,34.0,556.0
-32.0,-78.0,34.0,556.0
-30.0,-78.0,34.0,75.0
-28.0,-78.0,34.0,75.0
-26.0,-78.0,34.0,75.0
-24.0,-78.0,34.0,75.0
-18.0,-78.0,34.0,550.0
-16.0,-78.0,34.0,550.0
-14.0,-78.0,34.0,550.0
-12.0,-78.0,34.0,550.0
-10.0,-78.0,34.0,550.0
-8.0,-78.0,34.0,60.0
-6.0,-78.0,34.0,60.0
-4.0,-78.0,34.0,60.0
-2.0,-78.0,34.0,60.0
0.0,-78.0,34.0,60.0
2.0,-78.0,34.0,302.0
4.0,-78.0,34.0,302.0
6.0,-78.0,34.0,219.0
8.0,-78.0,34.0,219.0
10.0,-78.0,34.0,219.0
12.0,-78.0,34.0,186.0
14.0,-78.0,34.0,186.0
16.0,-78.0,34.0,186.0
18.0,-78.0,34.0,135.0
20.0,-78.0,34.0,135.0
22.0,-78.0,34.0,135.0
24.0,-78.0,34.0,135.0
26.0,-78.0,34.0,135.0
28.0,-78.0,34.0,537.0
30.0,-78.0,34.0,537.0
32.0,-78.0,34.0,537.0
34.0,-78.0,34.0,254.0
36.0,-78.0,34.0,254.0
38.0,-78.0,34.0,254.0
42.0,-78.0,34.0,254.0
44.0,-78.0,34.0,254.0
48.0,-78.0,34.0,99.0
-48.0,-76.0,34.0,595.0
-46.0,-76.0,34.0,556.0
-44.0,-76.0,34.0,556.0
-42.0,-76.0,34.0,556.0
-40.0,-76.0,34.0,556.0
-38.0,-76.0,34.0,556.0
-36.0,-76.0,34.0,556.0
-34.0,-76.0,34.0,556.0
-32.0,-76.0,34.0,556.0
-30.0,-76.0,34.0,75.0
-28.0,-76.0,34.0,75.0
-26.0,-76.0,34.0,75.0
-24.0,-76.0,34.0,75.0
-18.0,-76.0,34.0,75.0
-16.0,-76.0,34.0,550.0
-14.0,-76.0,34.0,550.0
-12.0,-76.0,34.0,550.0
-10.0,-76.0,34.0,550.0
-8.0,-76.0,34.0,60.0
-6.0,-76.0,34.0,60.0
-4.0,-76.0,34.0,60.0
-2.0,-76.0,34.0,60.0
0.0,-76.0,34.0,60.0
2.0,-76.0,34.0,219.0
4.0,-76.0,34.0,219.0
6.0,-76.0,34.0,219.0
8.0,-76.0,34.0,219.0
10.0,-76.0,34.0,219.0
12.0,-76.0,34.0,186.0
14.0,-76.0,34.0,186.0
16.0,-76.0,34.0,186.0
18.0,-76.0,34.0,186.0
20.0,-76.0,34.0,135.0
22.0,-76.0,34.0,135.0
24.0,-76.0,34.0,135.0
26.0,-76.0,34.0,537.0
28.0,-76.0,34.0,537.0
30.0,-76.0,34.0,537.0
32.0,-76.0,34.0,537.0
34.0,-76.0,34.0,254.0
36.0,-76.0,34.0,254.0
38.0,-76.0,34.0,254.0
40.0,-76.0,34.0,254.0
42.0,-76.0,34.0,254.0
44.0,-76.0,34.0,254.0
46.0,-76.0,34.0,254.0
48.0,-76.0,34.0,99.0
-50.0,-74.0,34.0,595.0
-48.0,-74.0,34.0,595.0
-46.0,-74.0,34.0,556.0
-44.0,-74.0,34.0,556.0
-42.0,-74.0,34.0,556.0
-40.0,-74.0,34.0,556.0
-38.0,-74.0,34.0,556.0
-36.0,-74.0,34.0,556.0
-34.0,-74.0,34.0,556.0
-32.0,-74.0,34.0,75.0
-30.0,-74.0,34.0,75.0
-28.0,-74.0,34.0,75.0
-26.0,-74.0,34.0,75.0
-24.0,-74.0,34.0,75.0
-22.0,-74.0,34.0,75.0
-20.0,-74.0,34.0,75.0
-18.0,-74.0,34.0,75.0
-16.0,-74.0,34.0,75.0
-14.0,-74.0,34.0,75.0
-12.0,-74.0,34.0,550.0
-10.0,-74.0,34.0,60.0
-8.0,-74.0,34.0,60.0
-6.0,-74.0,34.0,60.0
-4.0,-74.0,34.0,60.0
6.0,-74.0,34.0,219.0
8.0,-74.0,34.0,219.0
10.0,-74.0,34.0,219.0
12.0,-74.0,34.0,219.0
14.0,-74.0,34.0,186.0
16.0,-74.0,34.0,186.0
18.0,-74.0,34.0,580.0
20.0,-74.0,34.0,580.0
22.0,-74.0,34.0,135.0
24.0,-74.0,34.0,537.0
26.0,-74.0,34.0,537.0
28.0,-74.0,34.0,537.0
30.0,-74.0,34.0,537.0
32.0,-74.0,34.0,537.0
34.0,-74.0,34.0,254.0
36.0,-74.0,34.0,254.0
38.0,-74.0,34.0,254.0
40.0,-74.0,34.0,254.0
42.0,-74.0,34.0,254.0
44.0,-74.0,34.0,254.0
46.0,-74.0,34.0,254.0
48.0,-74.0,34.0,99.0
-52.0,-72.0,34.0,595.0
-50.0,-72.0,34.0,595.0
-48.0,-72.0,34.0,595.0
-46.0,-72.0,34.0,570.0
-44.0,-72.0,34.0,570.0
-42.0,-72.0,34.0,556.0
-40.0,-72.0,34.0,556.0
-38.0,-72.0,34.0,556.0
-36.0,-72.0,34.0,423.0
-34.0,-72.0,34.0,423.0
-32.0,-72.0,34.0,75.0
-30.0,-72.0,34.0,75.0
-28.0,-72.0,34.0,75.0
-26.0,-72.0,34.0,75.0
-24.0,-72.0,34.0,75.0
-22.0,-72.0,34.0,75.0
-20.0,-72.0,34.0,75.0
-18.0,-72.0,34.0,75.0
-16.0,-72.0,34.0,75.0
-14.0,-72.0,34.0,75.0
-12.0,-72.0,34.0,75.0
-10.0,-72.0,34.0,61.0
-8.0,-72.0,34.0,60.0
-6.0,-72.0,34.0,60.0
-4.0,-72.0,34.0,60.0
0.0,-72.0,34.0,219.0
2.0,-72.0,34.0,219.0
4.0,-72.0,34.0,219.0
6.0,-72.0,34.0,219.0
8.0,-72.0,34.0,219.0
10.0,-72.0,34.0,219.0
12.0,-72.0,34.0,219.0
14.0,-72.0,34.0,580.0
16.0,-72.0,34.0,580.0
18.0,-72.0,34.0,580.0
20.0,-72.0,34.0,580.0
22.0,-72.0,34.0,580.0
24.0,-72.0,34.0,537.0
26.0,-72.0,34.0,537.0
28.0,-72.0,34.0,537.0
30.0,-72.0,34.0,537.0
32.0,-72.0,34.0,537.0
34.0,-72.0,34.0,254.0
36.0,-72.0,34.0,254.0
38.0,-72.0,34.0,254.0
40.0,-72.0,34.0,254.0
42.0,-72.0,34.0,254.0
44.0,-72.0,34.0,254.0
46.0,-72.0,34.0,254.0
48.0,-72.0,34.0,99.0
50.0,-72.0,34.0,99.0
52.0,-72.0,34.0,370.0
-54.0,-70.0,34.0,595.0
-52.0,-70.0,34.0,595.0
-50.0,-70.0,34.0,595.0
-48.0,-70.0,34.0,595.0
-46.0,-70.0,34.0,570.0
-44.0,-70.0,34.0,570.0
-42.0,-70.0,34.0,570.0
-40.0,-70.0,34.0,570.0
-38.0,-70.0,34.0,423.0
-36.0,-70.0,34.0,423.0
-34.0,-70.0,34.0,423.0
-32.0,-70.0,34.0,128.0
-30.0,-70.0,34.0,75.0
-28.0,-70.0,34.0,75.0
-26.0,-70.0,34.0,75.0
-24.0,-70.0,34.0,75.0
-22.0,-70.0,34.0,75.0
-20.0,-70.0,34.0,75.0
-18.0,-70.0,34.0,75.0
-16.0,-70.0,34.0,75.0
-14.0,-70.0,34.0,75.0
-12.0,-70.0,34.0,61.0
-10.0,-70.0,34.0,61.0
-8.0,-70.0,34.0,61.0
-6.0,-70.0,34.0,60.0
-4.0,-70.0,34.0,60.0
-2.0,-70.0,34.0,60.0
0.0,-70.0,34.0,219.0
2.0,-70.0,34.0,219.0
4.0,-70.0,34.0,219.0
6.0,-70.0,34.0,219.0
8.0,-70.0,34.0,219.0
10.0,-70.0,34.0,219.0
12.0,-70.0,34.0,580.0
14.0,-70.0,34.0,580.0
16.0,-70.0,34.0,580.0
18.0,-70.0,34.0,580.0
20.0,-70.0,34.0,580.0
22.0,-70.0,34.0,580.0
24.0,-70.0,34.0,580.0
26.0,-70.0,34.0,537.0
28.0,-70.0,34.0,537.0
30.0,-70.0,34.0,537.0
32.0,-70.0,34.0,537.0
34.0,-70.0,34.0,254.0
36.0,-70.0,34.0,254.0
38.0,-70.0,34.0,254.0
40.0,-70.0,34.0,254.0
42.0,-70.0,34.0,254.0
44.0,-70.0,34.0,254.0
46.0,-70.0,34.0,254.0
48.0,-70.0,34.0,254.0
50.0,-70.0,34.0,370.0
52.0,-70.0,34.0,370.0
54.0,-70.0,34.0,370.0
-54.0,-68.0,34.0,595.0
-52.0,-68.0,34.0,595.0
-50.0,-68.0,34.0,595.0
-48.0,-68.0,34.0,570.0
-46.0,-68.0,34.0,570.0
-44.0,-68.0,34.0,570.0
-42.0,-68.0,34.0,570.0
-40.0,-68.0,34.0,570.0
-38.0,-68.0,34.0,570.0
-36.0,-68.0,34.0,541.0
-34.0,-68.0,34.0,541.0
-32.0,-68.0,34.0,128.0
-30.0,-68.0,34.0,128.0
-28.0,-68.0,34.0,75.0
-26.0,-68.0,34.0,75.0
-24.0,-68.0,34.0,75.0
-22.0,-68.0,34.0,75.0
-20.0,-68.0,34.0,75.0
-18.0,-68.0,34.0,75.0
-16.0,-68.0,34.0,295.0
-14.0,-68.0,34.0,295.0
-12.0,-68.0,34.0,61.0
-10.0,-68.0,34.0,61.0
-8.0,-68.0,34.0,61.0
-6.0,-68.0,34.0,61.0
-4.0,-68.0,34.0,61.0
-2.0,-68.0,34.0,219.0
0.0,-68.0,34.0,219.0
2.0,-68.0,34.0,219.0
4.0,-68.0,34.0,219.0
6.0,-68.0,34.0,219.0
8.0,-68.0,34.0,219.0
10.0,-68.0,34.0,219.0
12.0,-68.0,34.0,580.0
14.0,-68.0,34.0,580.0
16.0,-68.0,34.0,580.0
18.0,-68.0,34.0,580.0
20.0,-68.0,34.0,580.0
22.0,-68.0,34.0,580.0
24.0,-68.0,34.0,580.0
26.0,-68.0,34.0,537.0
28.0,-68.0,34.0,537.0
30.0,-68.0,34.0,537.0
32.0,-68.0,34.0,537.0
34.0,-68.0,34.0,254.0
36.0,-68.0,34.0,254.0
38.0,-68.0,34.0,254.0
40.0,-68.0,34.0,254.0
42.0,-68.0,34.0,254.0
44.0,-68.0,34.0,254.0
46.0,-68.0,34.0,254.0
48.0,-68.0,34.0,159.0
50.0,-68.0,34.0,370.0
52.0,-68.0,34.0,370.0
54.0,-68.0,34.0,370.0
56.0,-68.0,34.0,370.0
-56.0,-66.0,34.0,595.0
-54.0,-66.0,34.0,595.0
-52.0,-66.0,34.0,595.0
-50.0,-66.0,34.0,595.0
-48.0,-66.0,34.0,299.0
-46.0,-66.0,34.0,299.0
-44.0,-66.0,34.0,299.0
-42.0,-66.0,34.0,299.0
-40.0,-66.0,34.0,299.0
-38.0,-66.0,34.0,541.0
-36.0,-66.0,34.0,541.0
-34.0,-66.0,34.0,541.0
-32.0,-66.0,34.0,128.0
-30.0,-66.0,34.0,128.0
-28.0,-66.0,34.0,128.0
-26.0,-66.0,34.0,128.0
-24.0,-66.0,34.0,295.0
-22.0,-66.0,34.0,295.0
-20.0,-66.0,34.0,295.0
-18.0,-66.0,34.0,295.0
-16.0,-66.0,34.0,295.0
-14.0,-66.0,34.0,295.0
-12.0,-66.0,34.0,61.0
-10.0,-66.0,34.0,61.0
-8.0,-66.0,34.0,61.0
-6.0,-66.0,34.0,61.0
-4.0,-66.0,34.0,61.0
-2.0,-66.0,34.0,61.0
0.0,-66.0,34.0,219.0
2.0,-66.0,34.0,219.0
4.0,-66.0,34.0,219.0
6.0,-66.0,34.0,219.0
8.0,-66.0,34.0,219.0
10.0,-66.0,34.0,580.0
12.0,-66.0,34.0,580.0
14.0,-66.0,34.0,580.0
16.0,-66.0,34.0,580.0
18.0,-66.0,34.0,580.0
22.0,-66.0,34.0,580.0
24.0,-66.0,34.0,580.0
26.0,-66.0,34.0,537.0
28.0,-66.0,34.0,537.0
30.0,-66.0,34.0,537.0
32.0,-66.0,34.0,572.0
34.0,-66.0,34.0,572.0
36.0,-66.0,34.0,572.0
38.0,-66.0,34.0,572.0
40.0,-66.0,34.0,572.0
42.0,-66.0,34.0,572.0
44.0,-66.0,34.0,572.0
46.0,-66.0,34.0,572.0
48.0,-66.0,34.0,159.0
50.0,-66.0,34.0,159.0
52.0,-66.0,34.0,159.0
54.0,-66.0,34.0,159.0
56.0,-66.0,34.0,370.0
-58.0,-64.0,34.0,595.0
-56.0,-64.0,34.0,595.0
-54.0,-64.0,34.0,595.0
-52.0,-64.0,34.0,595.0
-50.0,-64.0,34.0,299.0
-48.0,-64.0,34.0,299.0
-46.0,-64.0,34.0,299.0
-44.0,-64.0,34.0,299.0
-42.0,-64.0,34.0,299.0
-40.0,-64.0,34.0,299.0
-36.0,-64.0,34.0,541.0
-34.0,-64.0,34.0,541.0
-32.0,-64.0,34.0,128.0
-30.0,-64.0,34.0,128.0
-28.0,-64.0,34.0,128.0
-26.0,-64.0,34.0,128.0
-20.0,-64.0,34.0,295.0
-18.0,-64.0,34.0,295.0
-16.0,-64.0,34.0,295.0
-14.0,-64.0,34.0,295.0
-12.0,-64.0,34.0,61.0
-10.0,-64.0,34.0,61.0
-8.0,-64.0,34.0,61.0
-6.0,-64.0,34.0,61.0
-4.0,-64.0,34.0,61.0
-2.0,-64.0,34.0,61.0
0.0,-64.0,34.0,219.0
2.0,-64.0,34.0,219.0
4.0,-64.0,34.0,219.0
6.0,-64.0,34.0,219.0
8.0,-64.0,34.0,580.0
10.0,-64.0,34.0,580.0
12.0,-64.0,34.0,580.0
14.0,-64.0,34.0,580.0
16.0,-64.0,34.0,580.0
22.0,-64.0,34.0,580.0
24.0,-64.0,34.0,580.0
26.0,-64.0,34.0,543.0
28.0,-64.0,34.0,543.0
30.0,-64.0,34.0,543.0
32.0,-64.0,34.0,572.0
34.0,-64.0,34.0,572.0
36.0,-64.0,34.0,572.0
38.0,-64.0,34.0,572.0
40.0,-64.0,34.0,572.0
42.0,-64.0,34.0,572.0
44.0,-64.0,34.0,572.0
46.0,-64.0,34.0,159.0
48.0,-64.0,34.0,159.0
50.0,-64.0,34.0,159.0
52.0,-64.0,34.0,159.0
54.0,-64.0,34.0,159.0
56.0,-64.0,34.0,159.0
58.0,-64.0,34.0,159.0
-58.0,-62.0,34.0,595.0
-56.0,-62.0,34.0,595.0
-54.0,-62.0,34.0,595.0
-52.0,-62.0,34.0,595.0
-50.0,-62.0,34.0,299.0
-48.0,-62.0,34.0,299.0
-46.0,-62.0,34.0,299.0
-44.0,-62.0,34.0,411.0
-42.0,-62.0,34.0,411.0
-40.0,-62.0,34.0,411.0
-36.0,-62.0,34.0,411.0
-34.0,-62.0,34.0,541.0
-32.0,-62.0,34.0,128.0
-30.0,-62.0,34.0,128.0
-28.0,-62.0,34.0,128.0
-26.0,-62.0,34.0,128.0
-18.0,-62.0,34.0,295.0
-16.0,-62.0,34.0,295.0
-14.0,-62.0,34.0,295.0
-12.0,-62.0,34.0,61.0
-10.0,-62.0,34.0,61.0
-8.0,-62.0,34.0,61.0
-6.0,-62.0,34.0,61.0
-4.0,-62.0,34.0,61.0
-2.0,-62.0,34.0,61.0
0.0,-62.0,34.0,243.0
2.0,-62.0,34.0,243.0
4.0,-62.0,34.0,243.0
6.0,-62.0,34.0,243.0
8.0,-62.0,34.0,580.0
10.0,-62.0,34.0,580.0
12.0,-62.0,34.0,580.0
14.0,-62.0,34.0,580.0
16.0,-62.0,34.0,580.0
22.0,-62.0,34.0,580.0
24.0,-62.0,34.0,543.0
26.0,-62.0,34.0,543.0
28.0,-62.0,34.0,543.0
30.0,-62.0,34.0,543.0
32.0,-62.0,34.0,543.0
34.0,-62.0,34.0,572.0
36.0,-62.0,34.0,572.0
38.0,-62.0,34.0,572.0
40.0,-62.0,34.0,572.0
42.0,-62.0,34.0,572.0
44.0,-62.0,34.0,58.0
46.0,-62.0,34.0,159.0
48.0,-62.0,34.0,159.0
50.0,-62.0,34.0,159.0
52.0,-62.0,34.0,159.0
54.0,-62.0,34.0,159.0
56.0,-62.0,34.0,159.0
58.0,-62.0,34.0,159.0
-60.0,-60.0,34.0,392.0
-58.0,-60.0,34.0,392.0
-56.0,-60.0,34.0,595.0
-54.0,-60.0,34.0,595.0
-52.0,-60.0,34.0,299.0
-50.0,-60.0,34.0,411.0
-48.0,-60.0,34.0,411.0
-46.0,-60.0,34.0,411.0
-44.0,-60.0,34.0,411.0
-42.0,-60.0,34.0,411.0
-38.0,-60.0,34.0,411.0
-36.0,-60.0,34.0,411.0
-34.0,-60.0,34.0,411.0
-32.0,-60.0,34.0,128.0
-30.0,-60.0,34.0,128.0
-28.0,-60.0,34.0,128.0
-26.0,-60.0,34.0,128.0
-16.0,-60.0,34.0,295.0
-14.0,-60.0,34.0,295.0
-12.0,-60.0,34.0,295.0
-10.0,-60.0,34.0,61.0
-8.0,-60.0,34.0,61.0
-6.0,-60.0,34.0,98.0
-4.0,-60.0,34.0,98.0
-2.0,-60.0,34.0,98.0
0.0,-60.0,34.0,98.0
2.0,-60.0,34.0,243.0
4.0,-60.0,34.0,243.0
6.0,-60.0,34.0,243.0
8.0,-60.0,34.0,486.0
10.0,-60.0,34.0,486.0
12.0,-60.0,34.0,486.0
14.0,-60.0,34.0,580.0
16.0,-60.0,34.0,580.0
22.0,-60.0,34.0,580.0
24.0,-60.0,34.0,543.0
26.0,-60.0,34.0,543.0
28.0,-60.0,34.0,543.0
30.0,-60.0,34.0,543.0
32.0,-60.0,34.0,543.0
34.0,-60.0,34.0,543.0
36.0,-60.0,34.0,572.0
38.0,-60.0,34.0,572.0
40.0,-60.0,34.0,572.0
42.0,-60.0,34.0,58.0
44.0,-60.0,34.0,58.0
46.0,-60.0,34.0,159.0
48.0,-60.0,34.0,159.0
50.0,-60.0,34.0,159.0
52.0,-60.0,34.0,159.0
54.0,-60.0,34.0,159.0
56.0,-60.0,34.0,159.0
58.0,-60.0,34.0,159.0
60.0,-60.0,34.0,159.0
-60.0,-58.0,34.0,392.0
-58.0,-58.0,34.0,392.0
-56.0,-58.0,34.0,392.0
-54.0,-58.0,34.0,411.0
-52.0,-58.0,34.0,411.0
-50.0,-58.0,34.0,411.0
-48.0,-58.0,34.0,411.0
-46.0,-58.0,34.0,411.0
-44.0,-58.0,34.0,411.0
-42.0,-58.0,34.0,411.0
-40.0,-58.0,34.0,411.0
-38.0,-58.0,34.0,411.0
-36.0,-58.0,34.0,411.0
-34.0,-58.0,34.0,411.0
-32.0,-58.0,34.0,128.0
-30.0,-58.0,34.0,128.0
-28.0,-58.0,34.0,128.0
-26.0,-58.0,34.0,128.0
-18.0,-58.0,34.0,295.0
-16.0,-58.0,34.0,295.0
-14.0,-58.0,34.0,295.0
-12.0,-58.0,34.0,295.0
-10.0,-58.0,34.0,98.0
-8.0,-58.0,34.0,98.0
-6.0,-58.0,34.0,98.0
-4.0,-58.0,34.0,98.0
-2.0,-58.0,34.0,98.0
0.0,-58.0,34.0,98.0
2.0,-58.0,34.0,98.0
4.0,-58.0,34.0,243.0
6.0,-58.0,34.0,486.0
8.0,-58.0,34.0,486.0
10.0,-58.0,34.0,486.0
12.0,-58.0,34.0,486.0
14.0,-58.0,34.0,486.0
16.0,-58.0,34.0,486.0
22.0,-58.0,34.0,543.0
24.0,-58.0,34.0,543.0
26.0,-58.0,34.0,543.0
28.0,-58.0,34.0,543.0
30.0,-58.0,34.0,543.0
32.0,-58.0,34.0,543.0
34.0,-58.0,34.0,543.0
36.0,-58.0,34.0,543.0
38.0,-58.0,34.0,572.0
40.0,-58.0,34.0,58.0
42.0,-58.0,34.0,58.0
44.0,-58.0,34.0,58.0
46.0,-58.0,34.0,159.0
48.0,-58.0,34.0,159.0
50.0,-58.0,34.0,159.0
52.0,-58.0,34.0,159.0
54.0,-58.0,34.0,159.0
56.0,-58.0,34.0,159.0
58.0,-58.0,34.0,159.0
60.0,-58.0,34.0,159.0
-62.0,-56.0,34.0,392.0
-60.0,-56.0,34.0,392.0
-58.0,-56.0,34.0,392.0
-56.0,-56.0,34.0,392.0
-54.0,-56.0,34.0,392.0
-52.0,-56.0,34.0,411.0
-50.0,-56.0,34.0,411.0
-48.0,-56.0,34.0,411.0
-46.0,-56.0,34.0,411.0
-44.0,-56.0,34.0,411.0
-42.0,-56.0,34.0,411.0
-40.0,-56.0,34.0,411.0
-38.0,-56.0,34.0,411.0
-36.0,-56.0,34.0,411.0
-34.0,-56.0,34.0,3.0
-32.0,-56.0,34.0,3.0
-30.0,-56.0,34.0,3.0
-28.0,-56.0,34.0,128.0
-26.0,-56.0,34.0,128.0
-24.0,-56.0,34.0,295.0
-18.0,-56.0,34.0,295.0
-16.0,-56.0,34.0,295.0
-14.0,-56.0,34.0,295.0
-12.0,-56.0,34.0,98.0
-10.0,-56.0,34.0,98.0
-8.0,-56.0,34.0,98.0
-6.0,-56.0,34.0,98.0
-4.0,-56.0,34.0,98.0
-2.0,-56.0,34.0,98.0
0.0,-56.0,34.0,98.0
2.0,-56.0,34.0,98.0
4.0,-56.0,34.0,486.0
6.0,-56.0,34.0,486.0
8.0,-56.0,34.0,486.0
10.0,-56.0,34.0,486.0
12.0,-56.0,34.0,486.0
14.0,-56.0,34.0,486.0
22.0,-56.0,34.0,486.0
24.0,-56.0,34.0,543.0
26.0,-56.0,34.0,543.0
28.0,-56.0,34.0,543.0
30.0,-56.0,34.0,543.0
32.0,-56.0,34.0,543.0
34.0,-56.0,34.0,543.0
36.0,-56.0,34.0,543.0
38.0,-56.0,34.0,58.0
40.0,-56.0,34.0,58.0
42.0,-56.0,34.0,58.0
44.0,-56.0,34.0,58.0
46.0,-56.0,34.0,159.0
48.0,-56.0,34.0,159.0
50.0,-56.0,34.0,159.0
52.0,-56.0,34.0,159.0
54.0,-56.0,34.0,159.0
56.0,-56.0,34.0,159.0
58.0,-56.0,34.0,159.0
60.0,-56.0,34.0,159.0
62.0,-56.0,34.0,193.0
-62.0,-54.0,34.0,392.0
-60.0,-54.0,34.0,392.0
-58.0,-54.0,34.0,392.0
-56.0,-54.0,34.0,392.0
-54.0,-54.0,34.0,242.0
-52.0,-54.0,34.0,242.0
-50.0,-54.0,34.0,411.0
-48.0,-54.0,34.0,411.0
-46.0,-54.0,34.0,411.0
-44.0,-54.0,34.0,411.0
-42.0,-54.0,34.0,411.0
-40.0,-54.0,34.0,411.0
-38.0,-54.0,34.0,3.0
-36.0,-54.0,34.0,3.0
-34.0,-54.0,34.0,3.0
-32.0,-54.0,34.0,3.0
-30.0,-54.0,34.0,3.0
-28.0,-54.0,34.0,3.0
-26.0,-54.0,34.0,3.0
-16.0,-54.0,34.0,12.0
-14.0,-54.0,34.0,12.0
-12.0,-54.0,34.0,98.0
-10.0,-54.0,34.0,98.0
-8.0,-54.0,34.0,98.0
-6.0,-54.0,34.0,98.0
-4.0,-54.0,34.0,98.0
-2.0,-54.0,34.0,98.0
0.0,-54.0,34.0,98.0
2.0,-54.0,34.0,98.0
4.0,-54.0,34.0,486.0
6.0,-54.0,34.0,486.0
8.0,-54.0,34.0,486.0
10.0,-54.0,34.0,486.0
12.0,-54.0,34.0,486.0
14.0,-54.0,34.0,486.0
22.0,-54.0,34.0,486.0
24.0,-54.0,34.0,543.0
26.0,-54.0,34.0,543.0
30.0,-54.0,34.0,543.0
32.0,-54.0,34.0,543.0
34.0,-54.0,34.0,543.0
36.0,-54.0,34.0,543.0
38.0,-54.0,34.0,58.0
40.0,-54.0,34.0,58.0
42.0,-54.0,34.0,58.0
44.0,-54.0,34.0,58.0
46.0,-54.0,34.0,159.0
48.0,-54.0,34.0,159.0
50.0,-54.0,34.0,159.0
52.0,-54.0,34.0,159.0
54.0,-54.0,34.0,159.0
56.0,-54.0,34.0,159.0
58.0,-54.0,34.0,159.0
60.0,-54.0,34.0,193.0
62.0,-54.0,34.0,193.0
-64.0,-52.0,34.0,392.0
-62.0,-52.0,34.0,392.0
-60.0,-52.0,34.0,392.0
-58.0,-52.0,34.0,392.0
-56.0,-52.0,34.0,392.0
-54.0,-52.0,34.0,242.0
-52.0,-52.0,34.0,242.0
-50.0,-52.0,34.0,242.0
-48.0,-52.0,34.0,411.0
-46.0,-52.0,34.0,411.0
-44.0,-52.0,34.0,411.0
-42.0,-52.0,34.0,3.0
-40.0,-52.0,34.0,3.0
-38.0,-52.0,34.0,3.0
-36.0,-52.0,34.0,3.0
-34.0,-52.0,34.0,3.0
-32.0,-52.0,34.0,3.0
-30.0,-52.0,34.0,3.0
-16.0,-52.0,34.0,12.0
-14.0,-52.0,34.0,12.0
-12.0,-52.0,34.0,12.0
-10.0,-52.0,34.0,98.0
-8.0,-52.0,34.0,98.0
-6.0,-52.0,34.0,98.0
-4.0,-52.0,34.0,98.0
-2.0,-52.0,34.0,98.0
0.0,-52.0,34.0,98.0
2.0,-52.0,34.0,98.0
4.0,-52.0,34.0,80.0
6.0,-52.0,34.0,486.0
8.0,-52.0,34.0,486.0
10.0,-52.0,34.0,486.0
12.0,-52.0,34.0,486.0
14.0,-52.0,34.0,486.0
24.0,-52.0,34.0,543.0
26.0,-52.0,34.0,543.0
30.0,-52.0,34.0,240.0
32.0,-52.0,34.0,240.0
34.0,-52.0,34.0,240.0
36.0,-52.0,34.0,240.0
38.0,-52.0,34.0,173.0
40.0,-52.0,34.0,58.0
42.0,-52.0,34.0,58.0
44.0,-52.0,34.0,58.0
46.0,-52.0,34.0,159.0
48.0,-52.0,34.0,159.0
50.0,-52.0,34.0,159.0
52.0,-52.0,34.0,159.0
54.0,-52.0,34.0,159.0
56.0,-52.0,34.0,159.0
58.0,-52.0,34.0,159.0
60.0,-52.0,34.0,193.0
62.0,-52.0,34.0,193.0
64.0,-52.0,34.0,193.0
-64.0,-50.0,34.0,392.0
-62.0,-50.0,34.0,392.0
-60.0,-50.0,34.0,392.0
-58.0,-50.0,34.0,392.0
-56.0,-50.0,34.0,242.0
-54.0,-50.0,34.0,242.0
-52.0,-50.0,34.0,242.0
-50.0,-50.0,34.0,242.0
-48.0,-50.0,34.0,242.0
-46.0,-50.0,34.0,242.0
-44.0,-50.0,34.0,3.0
-38.0,-50.0,34.0,3.0
-36.0,-50.0,34.0,3.0
-34.0,-50.0,34.0,3.0
-32.0,-50.0,34.0,3.0
-16.0,-50.0,34.0,12.0
-14.0,-50.0,34.0,12.0
-12.0,-50.0,34.0,12.0
-10.0,-50.0,34.0,98.0
-8.0,-50.0,34.0,98.0
-6.0,-50.0,34.0,98.0
-4.0,-50.0,34.0,98.0
-2.0,-50.0,34.0,98.0
0.0,-50.0,34.0,98.0
2.0,-50.0,34.0,80.0
4.0,-50.0,34.0,80.0
6.0,-50.0,34.0,80.0
8.0,-50.0,34.0,486.0
10.0,-50.0,34.0,486.0
12.0,-50.0,34.0,486.0
14.0,-50.0,34.0,486.0
16.0,-50.0,34.0,486.0
30.0,-50.0,34.0,240.0
32.0,-50.0,34.0,240.0
34.0,-50.0,34.0,240.0
36.0,-50.0,34.0,240.0
38.0,-50.0,34.0,240.0
40.0,-50.0,34.0,173.0
42.0,-50.0,34.0,173.0
44.0,-50.0,34.0,58.0
46.0,-50.0,34.0,159.0
48.0,-50.0,34.0,159.0
50.0,-50.0,34.0,159.0
52.0,-50.0,34.0,159.0
54.0,-50.0,34.0,159.0
56.0,-50.0,34.0,159.0
58.0,-50.0,34.0,193.0
60.0,-50.0,34.0,193.0
62.0,-50.0,34.0,193.0
64.0,-50.0,34.0,193.0
-64.0,-48.0,34.0,392.0
-62.0,-48.0,34.0,392.0
-60.0,-48.0,34.0,392.0
-58.0,-48.0,34.0,392.0
-56.0,-48.0,34.0,242.0
-54.0,-48.0,34.0,242.0
-52.0,-48.0,34.0,242.0
-50.0,-48.0,34.0,242.0
-48.0,-48.0,34.0,242.0
-46.0,-48.0,34.0,242.0
-38.0,-48.0,34.0,3.0
-36.0,-48.0,34.0,3.0
-34.0,-48.0,34.0,3.0
-32.0,-48.0,34.0,3.0
-18.0,-48.0,34.0,12.0
-16.0,-48.0,34.0,12.0
-14.0,-48.0,34.0,12.0
-12.0,-48.0,34.0,12.0
-10.0,-48.0,34.0,12.0
-8.0,-48.0,34.0,98.0
-6.0,-48.0,34.0,98.0
-4.0,-48.0,34.0,98.0
-2.0,-48.0,34.0,98.0
0.0,-48.0,34.0,98.0
2.0,-48.0,34.0,80.0
4.0,-48.0,34.0,80.0
6.0,-48.0,34.0,80.0
8.0,-48.0,34.0,80.0
10.0,-48.0,34.0,486.0
12.0,-48.0,34.0,486.0
14.0,-48.0,34.0,486.0
16.0,-48.0,34.0,486.0
32.0,-48.0,34.0,240.0
34.0,-48.0,34.0,240.0
36.0,-48.0,34.0,240.0
38.0,-48.0,34.0,240.0
40.0,-48.0,34.0,173.0
48.0,-48.0,34.0,159.0
50.0,-48.0,34.0,159.0
52.0,-48.0,34.0,159.0
54.0,-48.0,34.0,342.0
56.0,-48.0,34.0,342.0
58.0,-48.0,34.0,193.0
60.0,-48.0,34.0,193.0
62.0,-48.0,34.0,193.0
64.0,-48.0,34.0,193.0
-66.0,-46.0,34.0,392.0
-64.0,-46.0,34.0,392.0
-62.0,-46.0,34.0,392.0
-60.0,-46.0,34.0,392.0
-58.0,-46.0,34.0,242.0
-56.0,-46.0,34.0,242.0
-54.0,-46.0,34.0,242.0
-52.0,-46.0,34.0,242.0
-50.0,-46.0,34.0,242.0
-48.0,-46.0,34.0,242.0
-46.0,-46.0,34.0,242.0
-38.0,-46.0,34.0,3.0
-36.0,-46.0,34.0,3.0
-34.0,-46.0,34.0,3.0
-32.0,-46.0,34.0,3.0
-18.0,-46.0,34.0,12.0
-16.0,-46.0,34.0,12.0
-14.0,-46.0,34.0,12.0
-12.0,-46.0,34.0,12.0
-10.0,-46.0,34.0,12.0
-8.0,-46.0,34.0,12.0
-6.0,-46.0,34.0,98.0
-4.0,-46.0,34.0,98.0
-2.0,-46.0,34.0,98.0
0.0,-46.0,34.0,80.0
2.0,-46.0,34.0,80.0
4.0,-46.0,34.0,80.0
6.0,-46.0,34.0,80.0
8.0,-46.0,34.0,80.0
10.0,-46.0,34.0,122.0
12.0,-46.0,34.0,486.0
14.0,-46.0,34.0,486.0
16.0,-46.0,34.0,486.0
32.0,-46.0,34.0,240.0
34.0,-46.0,34.0,240.0
36.0,-46.0,34.0,240.0
38.0,-46.0,34.0,240.0
40.0,-46.0,34.0,240.0
48.0,-46.0,34.0,488.0
50.0,-46.0,34.0,342.0
52.0,-46.0,34.0,342.0
54.0,-46.0,34.0,342.0
56.0,-46.0,34.0,342.0
58.0,-46.0,34.0,342.0
60.0,-46.0,34.0,193.0
62.0,-46.0,34.0,193.0
64.0,-46.0,34.0,193.0
66.0,-46.0,34.0,193.0
-66.0,-44.0,34.0,392.0
-64.0,-44.0,34.0,392.0
-62.0,-44.0,34.0,392.0
-60.0,-44.0,34.0,392.0
-58.0,-44.0,34.0,242.0
-56.0,-44.0,34.0,242.0
-54.0,-44.0,34.0,242.0
-52.0,-44.0,34.0,242.0
-50.0,-44.0,34.0,242.0
-36.0,-44.0,34.0,3.0
-34.0,-44.0,34.0,3.0
-16.0,-44.0,34.0,12.0
-14.0,-44.0,34.0,12.0
-12.0,-44.0,34.0,12.0
-10.0,-44.0,34.0,12.0
-8.0,-44.0,34.0,12.0
-6.0,-44.0,34.0,199.0
-4.0,-44.0,34.0,199.0
-2.0,-44.0,34.0,199.0
0.0,-44.0,34.0,80.0
2.0,-44.0,34.0,80.0
4.0,-44.0,34.0,80.0
6.0,-44.0,34.0,80.0
8.0,-44.0,34.0,80.0
10.0,-44.0,34.0,122.0
12.0,-44.0,34.0,122.0
14.0,-44.0,34.0,122.0
16.0,-44.0,34.0,122.0
34.0,-44.0,34.0,240.0
36.0,-44.0,34.0,240.0
38.0,-44.0,34.0,240.0
50.0,-44.0,34.0,342.0
52.0,-44.0,34.0,342.0
54.0,-44.0,34.0,342.0
56.0,-44.0,34.0,342.0
58.0,-44.0,34.0,342.0
60.0,-44.0,34.0,193.0
62.0,-44.0,34.0,193.0
64.0,-44.0,34.0,193.0
66.0,-44.0,34.0,193.0
-66.0,-42.0,34.0,392.0
-64.0,-42.0,34.0,392.0
-62.0,-42.0,34.0,392.0
-60.0,-42.0,34.0,242.0
-58.0,-42.0,34.0,242.0
-56.0,-42.0,34.0,242.0
-54.0,-42.0,34.0,242.0
-52.0,-42.0,34.0,242.0
-16.0,-42.0,34.0,12.0
-14.0,-42.0,34.0,12.0
-12.0,-42.0,34.0,12.0
-10.0,-42.0,34.0,12.0
-8.0,-42.0,34.0,199.0
-6.0,-42.0,34.0,199.0
-4.0,-42.0,34.0,199.0
-2.0,-42.0,34.0,199.0
0.0,-42.0,34.0,80.0
2.0,-42.0,34.0,80.0
4.0,-42.0,34.0,80.0
6.0,-42.0,34.0,80.0
8.0,-42.0,34.0,122.0
10.0,-42.0,34.0,122.0
12.0,-42.0,34.0,122.0
14.0,-42.0,34.0,122.0
16.0,-42.0,34.0,122.0
50.0,-42.0,34.0,488.0
52.0,-42.0,34.0,342.0
54.0,-42.0,34.0,342.0
56.0,-42.0,34.0,342.0
58.0,-42.0,34.0,342.0
60.0,-42.0,34.0,342.0
62.0,-42.0,34.0,193.0
64.0,-42.0,34.0,193.0
66.0,-42.0,34.0,193.0
-66.0,-40.0,34.0,392.0
-64.0,-40.0,34.0,392.0
-62.0,-40.0,34.0,221.0
-60.0,-40.0,34.0,221.0
-58.0,-40.0,34.0,221.0
-56.0,-40.0,34.0,221.0
-54.0,-40.0,34.0,221.0
-52.0,-40.0,34.0,221.0
-16.0,-40.0,34.0,12.0
-14.0,-40.0,34.0,12.0
-12.0,-40.0,34.0,12.0
-10.0,-40.0,34.0,12.0
-8.0,-40.0,34.0,199.0
-6.0,-40.0,34.0,199.0
-4.0,-40.0,34.0,199.0
-2.0,-40.0,34.0,199.0
0.0,-40.0,34.0,435.0
2.0,-40.0,34.0,435.0
4.0,-40.0,34.0,435.0
6.0,-40.0,34.0,435.0
8.0,-40.0,34.0,435.0
10.0,-40.0,34.0,122.0
12.0,-40.0,34.0,122.0
14.0,-40.0,34.0,122.0
44.0,-40.0,34.0,488.0
46.0,-40.0,34.0,488.0
48.0,-40.0,34.0,488.0
50.0,-40.0,34.0,488.0
52.0,-40.0,34.0,358.0
54.0,-40.0,34.0,358.0
56.0,-40.0,34.0,358.0
58.0,-40.0,34.0,358.0
60.0,-40.0,34.0,358.0
62.0,-40.0,34.0,358.0
64.0,-40.0,34.0,193.0
66.0,-40.0,34.0,193.0
-68.0,-38.0,34.0,392.0
-66.0,-38.0,34.0,392.0
-64.0,-38.0,34.0,221.0
-62.0,-38.0,34.0,221.0
-60.0,-38.0,34.0,221.0
-58.0,-38.0,34.0,221.0
-56.0,-38.0,34.0,221.0
-54.0,-38.0,34.0,221.0
-52.0,-38.0,34.0,221.0
-14.0,-38.0,34.0,12.0
-12.0,-38.0,34.0,12.0
-10.0,-38.0,34.0,12.0
-8.0,-38.0,34.0,199.0
-6.0,-38.0,34.0,199.0
-4.0,-38.0,34.0,199.0
-2.0,-38.0,34.0,199.0
0.0,-38.0,34.0,435.0
2.0,-38.0,34.0,435.0
4.0,-38.0,34.0,435.0
6.0,-38.0,34.0,435.0
8.0,-38.0,34.0,435.0
10.0,-38.0,34.0,435.0
12.0,-38.0,34.0,122.0
14.0,-38.0,34.0,122.0
42.0,-38.0,34.0,488.0
44.0,-38.0,34.0,488.0
46.0,-38.0,34.0,488.0
48.0,-38.0,34.0,488.0
50.0,-38.0,34.0,358.0
52.0,-38.0,34.0,358.0
54.0,-38.0,34.0,358.0
56.0,-38.0,34.0,358.0
58.0,-38.0,34.0,358.0
60.0,-38.0,34.0,358.0
62.0,-38.0,34.0,358.0
64.0,-38.0,34.0,74.0
66.0,-38.0,34.0,74.0
-68.0,-36.0,34.0,392.0
-66.0,-36.0,34.0,221.0
-64.0,-36.0,34.0,221.0
-62.0,-36.0,34.0,221.0
-60.0,-36.0,34.0,221.0
-58.0,-36.0,34.0,221.0
-56.0,-36.0,34.0,221.0
-54.0,-36.0,34.0,221.0
-14.0,-36.0,34.0,12.0
-12.0,-36.0,34.0,12.0
-10.0,-36.0,34.0,199.0
-8.0,-36.0,34.0,199.0
-6.0,-36.0,34.0,199.0
-4.0,-36.0,34.0,55.0
-2.0,-36.0,34.0,55.0
0.0,-36.0,34.0,435.0
2.0,-36.0,34.0,435.0
4.0,-36.0,34.0,435.0
6.0,-36.0,34.0,435.0
8.0,-36.0,34.0,435.0
10.0,-36.0,34.0,435.0
12.0,-36.0,34.0,435.0
42.0,-36.0,34.0,488.0
44.0,-36.0,34.0,488.0
46.0,-36.0,34.0,488.0
48.0,-36.0,34.0,488.0
50.0,-36.0,34.0,358.0
52.0,-36.0,34.0,358.0
54.0,-36.0,34.0,358.0
56.0,-36.0,34.0,358.0
58.0,-36.0,34.0,358.0
60.0,-36.0,34.0,358.0
62.0,-36.0,34.0,74.0
64.0,-36.0,34.0,74.0
66.0,-36.0,34.0,74.0
-68.0,-34.0,34.0,71.0
-66.0,-34.0,34.0,71.0
-64.0,-34.0,34.0,221.0
-62.0,-34.0,34.0,221.0
-12.0,-34.0,34.0,12.0
-10.0,-34.0,34.0,55.0
-8.0,-34.0,34.0,55.0
-6.0,-34.0,34.0,55.0
-4.0,-34.0,34.0,55.0
-2.0,-34.0,34.0,55.0
0.0,-34.0,34.0,55.0
2.0,-34.0,34.0,55.0
4.0,-34.0,34.0,435.0
6.0,-34.0,34.0,435.0
8.0,-34.0,34.0,435.0
10.0,-34.0,34.0,435.0
42.0,-34.0,34.0,488.0
44.0,-34.0,34.0,488.0
46.0,-34.0,34.0,488.0
48.0,-34.0,34.0,488.0
50.0,-34.0,34.0,358.0
52.0,-34.0,34.0,358.0
54.0,-34.0,34.0,358.0
56.0,-34.0,34.0,358.0
58.0,-34.0,34.0,358.0
60.0,-34.0,34.0,74.0
62.0,-34.0,34.0,74.0
64.0,-34.0,34.0,74.0
66.0,-34.0,34.0,74.0
-68.0,-32.0,34.0,447.0
-66.0,-32.0,34.0,71.0
-64.0,-32.0,34.0,71.0
-12.0,-32.0,34.0,55.0
-10.0,-32.0,34.0,55.0
-8.0,-32.0,34.0,55.0
-6.0,-32.0,34.0,55.0
-4.0,-32.0,34.0,55.0
-2.0,-32.0,34.0,55.0
0.0,-32.0,34.0,55.0
2.0,-32.0,34.0,55.0
4.0,-32.0,34.0,55.0
6.0,-32.0,34.0,435.0
8.0,-32.0,34.0,435.0
44.0,-32.0,34.0,488.0
46.0,-32.0,34.0,488.0
48.0,-32.0,34.0,488.0
50.0,-32.0,34.0,204.0
52.0,-32.0,34.0,204.0
54.0,-32.0,34.0,204.0
56.0,-32.0,34.0,204.0
58.0,-32.0,34.0,74.0
60.0,-32.0,34.0,74.0
62.0,-32.0,34.0,74.0
64.0,-32.0,34.0,74.0
66.0,-32.0,34.0,74.0
68.0,-32.0,34.0,74.0
-68.0,-30.0,34.0,447.0
-66.0,-30.0,34.0,447.0
-64.0,-30.0,34.0,71.0
-62.0,-30.0,34.0,71.0
-10.0,-30.0,34.0,55.0
-8.0,-30.0,34.0,55.0
-6.0,-30.0,34.0,55.0
-4.0,-30.0,34.0,55.0
-2.0,-30.0,34.0,55.0
0.0,-30.0,34.0,55.0
2.0,-30.0,34.0,55.0
4.0,-30.0,34.0,55.0
6.0,-30.0,34.0,55.0
48.0,-30.0,34.0,204.0
50.0,-30.0,34.0,204.0
52.0,-30.0,34.0,204.0
54.0,-30.0,34.0,204.0
56.0,-30.0,34.0,204.0
58.0,-30.0,34.0,204.0
60.0,-30.0,34.0,204.0
62.0,-30.0,34.0,20.0
64.0,-30.0,34.0,74.0
66.0,-30.0,34.0,74.0
-68.0,-28.0,34.0,447.0
-66.0,-28.0,34.0,447.0
-64.0,-28.0,34.0,71.0
-62.0,-28.0,34.0,71.0
-60.0,-28.0,34.0,71.0
-58.0,-28.0,34.0,71.0
-56.0,-28.0,34.0,71.0
-54.0,-28.0,34.0,221.0
-52.0,-28.0,34.0,221.0
-8.0,-28.0,34.0,55.0
-6.0,-28.0,34.0,55.0
-4.0,-28.0,34.0,55.0
-2.0,-28.0,34.0,55.0
0.0,-28.0,34.0,55.0
2.0,-28.0,34.0,55.0
4.0,-28.0,34.0,55.0
6.0,-28.0,34.0,55.0
48.0,-28.0,34.0,204.0
50.0,-28.0,34.0,204.0
52.0,-28.0,34.0,204.0
54.0,-28.0,34.0,204.0
56.0,-28.0,34.0,204.0
58.0,-28.0,34.0,204.0
60.0,-28.0,34.0,20.0
62.0,-28.0,34.0,20.0
64.0,-28.0,34.0,20.0
66.0,-28.0,34.0,20.0
-68.0,-26.0,34.0,447.0
-66.0,-26.0,34.0,447.0
-64.0,-26.0,34.0,447.0
-62.0,-26.0,34.0,71.0
-60.0,-26.0,34.0,71.0
-58.0,-26.0,34.0,71.0
-56.0,-26.0,34.0,71.0
-54.0,-26.0,34.0,71.0
-52.0,-26.0,34.0,71.0
-8.0,-26.0,34.0,55.0
-6.0,-26.0,34.0,55.0
-4.0,-26.0,34.0,55.0
-2.0,-26.0,34.0,55.0
0.0,-26.0,34.0,55.0
2.0,-26.0,34.0,55.0
4.0,-26.0,34.0,55.0
48.0,-26.0,34.0,204.0
50.0,-26.0,34.0,204.0
52.0,-26.0,34.0,204.0
54.0,-26.0,34.0,204.0
56.0,-26.0,34.0,204.0
58.0,-26.0,34.0,20.0
60.0,-26.0,34.0,20.0
62.0,-26.0,34.0,20.0
64.0,-26.0,34.0,20.0
66.0,-26.0,34.0,20.0
68.0,-26.0,34.0,20.0
-68.0,-24.0,34.0,447.0
-66.0,-24.0,34.0,447.0
-64.0,-24.0,34.0,447.0
-62.0,-24.0,34.0,71.0
-60.0,-24.0,34.0,71.0
-58.0,-24.0,34.0,71.0
-56.0,-24.0,34.0,71.0
-54.0,-24.0,34.0,71.0
-52.0,-24.0,34.0,71.0
-50.0,-24.0,34.0,71.0
-6.0,-24.0,34.0,156.0
-4.0,-24.0,34.0,156.0
-2.0,-24.0,34.0,156.0
0.0,-24.0,34.0,156.0
2.0,-24.0,34.0,542.0
4.0,-24.0,34.0,542.0
50.0,-24.0,34.0,204.0
52.0,-24.0,34.0,204.0
54.0,-24.0,34.0,204.0
56.0,-24.0,34.0,20.0
58.0,-24.0,34.0,20.0
60.0,-24.0,34.0,20.0
62.0,-24.0,34.0,20.0
64.0,-24.0,34.0,20.0
66.0,-24.0,34.0,20.0
68.0,-24.0,34.0,20.0
-68.0,-22.0,34.0,447.0
-66.0,-22.0,34.0,447.0
-64.0,-22.0,34.0,447.0
-62.0,-22.0,34.0,447.0
-60.0,-22.0,34.0,71.0
-58.0,-22.0,34.0,71.0
-56.0,-22.0,34.0,71.0
-54.0,-22.0,34.0,71.0
-52.0,-22.0,34.0,71.0
-50.0,-22.0,34.0,205.0
-6.0,-22.0,34.0,156.0
-4.0,-22.0,34.0,542.0
-2.0,-22.0,34.0,542.0
0.0,-22.0,34.0,542.0
2.0,-22.0,34.0,542.0
4.0,-22.0,34.0,542.0
56.0,-22.0,34.0,20.0
58.0,-22.0,34.0,20.0
60.0,-22.0,34.0,20.0
62.0,-22.0,34.0,20.0
64.0,-22.0,34.0,20.0
66.0,-22.0,34.0,20.0
-68.0,-20.0,34.0,447.0
-66.0,-20.0,34.0,447.0
-64.0,-20.0,34.0,447.0
-62.0,-20.0,34.0,447.0
-60.0,-20.0,34.0,447.0
-58.0,-20.0,34.0,71.0
-56.0,-20.0,34.0,71.0
-54.0,-20.0,34.0,71.0
-52.0,-20.0,34.0,71.0
-50.0,-20.0,34.0,205.0
-4.0,-20.0,34.0,542.0
-2.0,-20.0,34.0,542.0
0.0,-20.0,34.0,542.0
2.0,-20.0,34.0,542.0
4.0,-20.0,34.0,542.0
58.0,-20.0,34.0,20.0
60.0,-20.0,34.0,20.0
62.0,-20.0,34.0,20.0
64.0,-20.0,34.0,20.0
66.0,-20.0,34.0,20.0
-68.0,-18.0,34.0,447.0
-66.0,-18.0,34.0,447.0
-64.0,-18.0,34.0,447.0
-62.0,-18.0,34.0,447.0
-60.0,-18.0,34.0,447.0
-58.0,-18.0,34.0,71.0
-56.0,-18.0,34.0,71.0
-54.0,-18.0,34.0,71.0
-52.0,-18.0,34.0,71.0
-6.0,-18.0,34.0,542.0
-4.0,-18.0,34.0,542.0
-2.0,-18.0,34.0,542.0
0.0,-18.0,34.0,542.0
2.0,-18.0,34.0,542.0
4.0,-18.0,34.0,239.0
48.0,-18.0,34.0,204.0
50.0,-18.0,34.0,20.0
52.0,-18.0,34.0,20.0
54.0,-18.0,34.0,20.0
60.0,-18.0,34.0,20.0
62.0,-18.0,34.0,20.0
64.0,-18.0,34.0,20.0
66.0,-18.0,34.0,20.0
-68.0,-16.0,34.0,447.0
-66.0,-16.0,34.0,447.0
-64.0,-16.0,34.0,447.0
-62.0,-16.0,34.0,447.0
-60.0,-16.0,34.0,447.0
-58.0,-16.0,34.0,447.0
-56.0,-16.0,34.0,71.0
-54.0,-16.0,34.0,71.0
-6.0,-16.0,34.0,542.0
-4.0,-16.0,34.0,542.0
-2.0,-16.0,34.0,542.0
0.0,-16.0,34.0,542.0
2.0,-16.0,34.0,542.0
46.0,-16.0,34.0,43.0
48.0,-16.0,34.0,20.0
50.0,-16.0,34.0,20.0
52.0,-16.0,34.0,20.0
54.0,-16.0,34.0,20.0
56.0,-16.0,34.0,20.0
58.0,-16.0,34.0,20.0
60.0,-16.0,34.0,20.0
62.0,-16.0,34.0,20.0
64.0,-16.0,34.0,20.0
66.0,-16.0,34.0,20.0
-66.0,-14.0,34.0,447.0
-64.0,-14.0,34.0,447.0
-62.0,-14.0,34.0,447.0
-60.0,-14.0,34.0,478.0
-58.0,-14.0,34.0,19.0
-56.0,-14.0,34.0,19.0
-4.0,-14.0,34.0,542.0
-2.0,-14.0,34.0,542.0
0.0,-14.0,34.0,542.0
2.0,-14.0,34.0,542.0
46.0,-14.0,34.0,43.0
48.0,-14.0,34.0,20.0
50.0,-14.0,34.0,20.0
52.0,-14.0,34.0,20.0
54.0,-14.0,34.0,20.0
56.0,-14.0,34.0,20.0
58.0,-14.0,34.0,20.0
60.0,-14.0,34.0,20.0
62.0,-14.0,34.0,20.0
64.0,-14.0,34.0,20.0
-66.0,-12.0,34.0,447.0
-64.0,-12.0,34.0,478.0
-62.0,-12.0,34.0,19.0
-60.0,-12.0,34.0,19.0
-58.0,-12.0,34.0,19.0
-56.0,-12.0,34.0,19.0
-48.0,-12.0,34.0,205.0
-46.0,-12.0,34.0,205.0
-44.0,-12.0,34.0,205.0
-4.0,-12.0,34.0,267.0
-2.0,-12.0,34.0,542.0
0.0,-12.0,34.0,542.0
2.0,-12.0,34.0,499.0
4.0,-12.0,34.0,239.0
50.0,-12.0,34.0,393.0
52.0,-12.0,34.0,393.0
54.0,-12.0,34.0,20.0
56.0,-12.0,34.0,20.0
58.0,-12.0,34.0,20.0
60.0,-12.0,34.0,20.0
62.0,-12.0,34.0,20.0
64.0,-12.0,34.0,20.0
-66.0,-10.0,34.0,478.0
-64.0,-10.0,34.0,19.0
-62.0,-10.0,34.0,19.0
-60.0,-10.0,34.0,19.0
-58.0,-10.0,34.0,19.0
-56.0,-10.0,34.0,19.0
-50.0,-10.0,34.0,19.0
-48.0,-10.0,34.0,421.0
-46.0,-10.0,34.0,421.0
-44.0,-10.0,34.0,421.0
-42.0,-10.0,34.0,421.0
-4.0,-10.0,34.0,267.0
-2.0,-10.0,34.0,267.0
0.0,-10.0,34.0,145.0
2.0,-10.0,34.0,499.0
4.0,-10.0,34.0,499.0
52.0,-10.0,34.0,393.0
56.0,-10.0,34.0,393.0
58.0,-10.0,34.0,393.0
60.0,-10.0,34.0,393.0
62.0,-10.0,34.0,393.0
64.0,-10.0,34.0,393.0
-66.0,-8.0,34.0,19.0
-64.0,-8.0,34.0,19.0
-62.0,-8.0,34.0,19.0
-60.0,-8.0,34.0,19.0
-58.0,-8.0,34.0,19.0
-56.0,-8.0,34.0,19.0
-54.0,-8.0,34.0,19.0
-52.0,-8.0,34.0,19.0
-50.0,-8.0,34.0,19.0
-48.0,-8.0,34.0,19.0
-46.0,-8.0,34.0,421.0
-44.0,-8.0,34.0,421.0
-42.0,-8.0,34.0,421.0
-4.0,-8.0,34.0,267.0
-2.0,-8.0,34.0,267.0
0.0,-8.0,34.0,267.0
2.0,-8.0,34.0,145.0
4.0,-8.0,34.0,259.0
50.0,-8.0,34.0,393.0
52.0,-8.0,34.0,393.0
54.0,-8.0,34.0,393.0
56.0,-8.0,34.0,393.0
58.0,-8.0,34.0,393.0
60.0,-8.0,34.0,393.0
62.0,-8.0,34.0,393.0
64.0,-8.0,34.0,393.0
-66.0,-6.0,34.0,19.0
-64.0,-6.0,34.0,19.0
-62.0,-6.0,34.0,19.0
-60.0,-6.0,34.0,19.0
-58.0,-6.0,34.0,19.0
-54.0,-6.0,34.0,19.0
-52.0,-6.0,34.0,19.0
-50.0,-6.0,34.0,19.0
-48.0,-6.0,34.0,19.0
-46.0,-6.0,34.0,421.0
-44.0,-6.0,34.0,438.0
-4.0,-6.0,34.0,267.0
-2.0,-6.0,34.0,267.0
0.0,-6.0,34.0,267.0
2.0,-6.0,34.0,586.0
4.0,-6.0,34.0,259.0
44.0,-6.0,34.0,229.0
46.0,-6.0,34.0,229.0
48.0,-6.0,34.0,229.0
50.0,-6.0,34.0,393.0
52.0,-6.0,34.0,393.0
54.0,-6.0,34.0,393.0
56.0,-6.0,34.0,393.0
58.0,-6.0,34.0,393.0
60.0,-6.0,34.0,393.0
62.0,-6.0,34.0,393.0
64.0,-6.0,34.0,393.0
-64.0,-4.0,34.0,19.0
-62.0,-4.0,34.0,19.0
-60.0,-4.0,34.0,19.0
-58.0,-4.0,34.0,19.0
-56.0,-4.0,34.0,19.0
-54.0,-4.0,34.0,19.0
-52.0,-4.0,34.0,19.0
-50.0,-4.0,34.0,19.0
-48.0,-4.0,34.0,19.0
-46.0,-4.0,34.0,438.0
-44.0,-4.0,34.0,438.0
-6.0,-4.0,34.0,267.0
-4.0,-4.0,34.0,267.0
-2.0,-4.0,34.0,267.0
0.0,-4.0,34.0,586.0
2.0,-4.0,34.0,586.0
4.0,-4.0,34.0,259.0
40.0,-4.0,34.0,331.0
42.0,-4.0,34.0,229.0
44.0,-4.0,34.0,229.0
46.0,-4.0,34.0,229.0
48.0,-4.0,34.0,229.0
50.0,-4.0,34.0,393.0
52.0,-4.0,34.0,393.0
54.0,-4.0,34.0,393.0
56.0,-4.0,34.0,393.0
58.0,-4.0,34.0,393.0
60.0,-4.0,34.0,393.0
62.0,-4.0,34.0,393.0
-64.0,-2.0,34.0,19.0
-62.0,-2.0,34.0,19.0
-60.0,-2.0,34.0,19.0
-58.0,-2.0,34.0,19.0
-56.0,-2.0,34.0,19.0
-54.0,-2.0,34.0,19.0
-52.0,-2.0,34.0,19.0
-50.0,-2.0,34.0,19.0
-48.0,-2.0,34.0,19.0
-46.0,-2.0,34.0,438.0
-6.0,-2.0,34.0,267.0
-4.0,-2.0,34.0,267.0
-2.0,-2.0,34.0,586.0
0.0,-2.0,34.0,586.0
2.0,-2.0,34.0,586.0
4.0,-2.0,34.0,259.0
36.0,-2.0,34.0,331.0
38.0,-2.0,34.0,331.0
40.0,-2.0,34.0,229.0
42.0,-2.0,34.0,229.0
44.0,-2.0,34.0,229.0
46.0,-2.0,34.0,229.0
48.0,-2.0,34.0,229.0
50.0,-2.0,34.0,393.0
52.0,-2.0,34.0,393.0
54.0,-2.0,34.0,393.0
56.0,-2.0,34.0,393.0
58.0,-2.0,34.0,393.0
60.0,-2.0,34.0,393.0
62.0,-2.0,34.0,393.0
-64.0,-0.0,34.0,19.0
-62.0,-0.0,34.0,19.0
-60.0,-0.0,34.0,19.0
-58.0,-0.0,34.0,19.0
-56.0,-0.0,34.0,19.0
-54.0,-0.0,34.0,19.0
-52.0,-0.0,34.0,19.0
-50.0,-0.0,34.0,188.0
-48.0,-0.0,34.0,188.0
-6.0,-0.0,34.0,267.0
-4.0,-0.0,34.0,586.0
-2.0,-0.0,34.0,586.0
0.0,-0.0,34.0,586.0
2.0,-0.0,34.0,586.0
4.0,-0.0,34.0,586.0
34.0,-0.0,34.0,331.0
36.0,-0.0,34.0,331.0
38.0,-0.0,34.0,331.0
40.0,-0.0,34.0,229.0
42.0,-0.0,34.0,229.0
44.0,-0.0,34.0,229.0
46.0,-0.0,34.0,229.0
48.0,-0.0,34.0,229.0
50.0,-0.0,34.0,393.0
52.0,-0.0,34.0,393.0
54.0,-0.0,34.0,393.0
56.0,-0.0,34.0,393.0
58.0,-0.0,34.0,393.0
60.0,-0.0,34.0,393.0
62.0,-0.0,34.0,393.0
-64.0,2.0,34.0,19.0
-62.0,2.0,34.0,19.0
-60.0,2.0,34.0,19.0
-58.0,2.0,34.0,19.0
-56.0,2.0,34.0,188.0
-54.0,2.0,34.0,188.0
-52.0,2.0,34.0,188.0
-50.0,2.0,34.0,188.0
-48.0,2.0,34.0,188.0
-46.0,2.0,34.0,188.0
-44.0,2.0,34.0,44.0
-42.0,2.0,34.0,44.0
-40.0,2.0,34.0,44.0
-4.0,2.0,34.0,586.0
-2.0,2.0,34.0,586.0
0.0,2.0,34.0,586.0
2.0,2.0,34.0,586.0
4.0,2.0,34.0,586.0
34.0,2.0,34.0,331.0
36.0,2.0,34.0,331.0
38.0,2.0,34.0,331.0
40.0,2.0,34.0,229.0
42.0,2.0,34.0,229.0
44.0,2.0,34.0,229.0
46.0,2.0,34.0,229.0
48.0,2.0,34.0,229.0
50.0,2.0,34.0,393.0
52.0,2.0,34.0,393.0
54.0,2.0,34.0,393.0
56.0,2.0,34.0,393.0
58.0,2.0,34.0,393.0
60.0,2.0,34.0,393.0
62.0,2.0,34.0,393.0
-62.0,4.0,34.0,188.0
-60.0,4.0,34.0,188.0
-58.0,4.0,34.0,188.0
-56.0,4.0,34.0,188.0
-54.0,4.0,34.0,188.0
-52.0,4.0,34.0,188.0
-50.0,4.0,34.0,188.0
-48.0,4.0,34.0,188.0
-46.0,4.0,34.0,188.0
-44.0,4.0,34.0,44.0
-42.0,4.0,34.0,44.0
-40.0,4.0,34.0,44.0
-38.0,4.0,34.0,44.0
-36.0,4.0,34.0,44.0
-6.0,4.0,34.0,586.0
-4.0,4.0,34.0,586.0
-2.0,4.0,34.0,586.0
0.0,4.0,34.0,586.0
2.0,4.0,34.0,586.0
4.0,4.0,34.0,586.0
34.0,4.0,34.0,331.0
36.0,4.0,34.0,331.0
38.0,4.0,34.0,229.0
40.0,4.0,34.0,229.0
42.0,4.0,34.0,229.0
44.0,4.0,34.0,229.0
46.0,4.0,34.0,229.0
48.0,4.0,34.0,229.0
50.0,4.0,34.0,393.0
52.0,4.0,34.0,393.0
54.0,4.0,34.0,393.0
56.0,4.0,34.0,393.0
58.0,4.0,34.0,393.0
60.0,4.0,34.0,393.0
-62.0,6.0,34.0,188.0
-60.0,6.0,34.0,188.0
-58.0,6.0,34.0,188.0
-56.0,6.0,34.0,188.0
-54.0,6.0,34.0,188.0
-52.0,6.0,34.0,188.0
-50.0,6.0,34.0,188.0
-48.0,6.0,34.0,188.0
-46.0,6.0,34.0,44.0
-44.0,6.0,34.0,44.0
-42.0,6.0,34.0,44.0
-40.0,6.0,34.0,44.0
-38.0,6.0,34.0,44.0
-36.0,6.0,34.0,44.0
-34.0,6.0,34.0,308.0
-6.0,6.0,34.0,586.0
-4.0,6.0,34.0,586.0
-2.0,6.0,34.0,586.0
0.0,6.0,34.0,586.0
2.0,6.0,34.0,586.0
4.0,6.0,34.0,586.0
34.0,6.0,34.0,331.0
36.0,6.0,34.0,331.0
38.0,6.0,34.0,229.0
40.0,6.0,34.0,229.0
42.0,6.0,34.0,229.0
44.0,6.0,34.0,229.0
46.0,6.0,34.0,229.0
48.0,6.0,34.0,229.0
50.0,6.0,34.0,229.0
52.0,6.0,34.0,393.0
54.0,6.0,34.0,393.0
56.0,6.0,34.0,393.0
58.0,6.0,34.0,393.0
60.0,6.0,34.0,393.0
-62.0,8.0,34.0,188.0
-60.0,8.0,34.0,188.0
-58.0,8.0,34.0,188.0
-56.0,8.0,34.0,188.0
-54.0,8.0,34.0,188.0
-52.0,8.0,34.0,188.0
-50.0,8.0,34.0,188.0
-48.0,8.0,34.0,188.0
-46.0,8.0,34.0,44.0
-44.0,8.0,34.0,44.0
-42.0,8.0,34.0,44.0
-40.0,8.0,34.0,44.0
-38.0,8.0,34.0,44.0
-36.0,8.0,34.0,44.0
-34.0,8.0,34.0,308.0
-6.0,8.0,34.0,586.0
-4.0,8.0,34.0,586.0
-2.0,8.0,34.0,586.0
0.0,8.0,34.0,586.0
2.0,8.0,34.0,586.0
4.0,8.0,34.0,586.0
44.0,8.0,34.0,229.0
46.0,8.0,34.0,229.0
48.0,8.0,34.0,229.0
50.0,8.0,34.0,161.0
52.0,8.0,34.0,161.0
54.0,8.0,34.0,161.0
56.0,8.0,34.0,393.0
58.0,8.0,34.0,82.0
60.0,8.0,34.0,82.0
-60.0,10.0,34.0,188.0
-58.0,10.0,34.0,188.0
-56.0,10.0,34.0,188.0
-54.0,10.0,34.0,188.0
-52.0,10.0,34.0,188.0
-50.0,10.0,34.0,188.0
-48.0,10.0,34.0,44.0
-46.0,10.0,34.0,44.0
-44.0,10.0,34.0,44.0
-42.0,10.0,34.0,44.0
-40.0,10.0,34.0,44.0
-38.0,10.0,34.0,44.0
-36.0,10.0,34.0,44.0
-34.0,10.0,34.0,308.0
-32.0,10.0,34.0,308.0
-6.0,10.0,34.0,160.0
-4.0,10.0,34.0,160.0
-2.0,10.0,34.0,160.0
0.0,10.0,34.0,160.0
2.0,10.0,34.0,160.0
4.0,10.0,34.0,160.0
6.0,10.0,34.0,160.0
8.0,10.0,34.0,259.0
10.0,10.0,34.0,259.0
44.0,10.0,34.0,229.0
46.0,10.0,34.0,229.0
48.0,10.0,34.0,161.0
50.0,10.0,34.0,161.0
52.0,10.0,34.0,161.0
54.0,10.0,34.0,161.0
56.0,10.0,34.0,82.0
58.0,10.0,34.0,82.0
-60.0,12.0,34.0,197.0
-58.0,12.0,34.0,404.0
-56.0,12.0,34.0,188.0
-54.0,12.0,34.0,188.0
-52.0,12.0,34.0,188.0
-50.0,12.0,34.0,539.0
-48.0,12.0,34.0,44.0
-46.0,12.0,34.0,44.0
-44.0,12.0,34.0,44.0
-42.0,12.0,34.0,44.0
-40.0,12.0,34.0,44.0
-38.0,12.0,34.0,44.0
-36.0,12.0,34.0,44.0
-34.0,12.0,34.0,308.0
-10.0,12.0,34.0,160.0
-8.0,12.0,34.0,160.0
-6.0,12.0,34.0,160.0
-4.0,12.0,34.0,160.0
-2.0,12.0,34.0,160.0
0.0,12.0,34.0,160.0
2.0,12.0,34.0,160.0
4.0,12.0,34.0,160.0
6.0,12.0,34.0,160.0
8.0,12.0,34.0,160.0
10.0,12.0,34.0,215.0
12.0,12.0,34.0,215.0
42.0,12.0,34.0,229.0
44.0,12.0,34.0,229.0
46.0,12.0,34.0,229.0
48.0,12.0,34.0,161.0
50.0,12.0,34.0,161.0
52.0,12.0,34.0,161.0
54.0,12.0,34.0,161.0
56.0,12.0,34.0,82.0
58.0,12.0,34.0,82.0
-60.0,14.0,34.0,197.0
-58.0,14.0,34.0,404.0
-56.0,14.0,34.0,404.0
-54.0,14.0,34.0,404.0
-52.0,14.0,34.0,539.0
-50.0,14.0,34.0,44.0
-48.0,14.0,34.0,44.0
-46.0,14.0,34.0,44.0
-44.0,14.0,34.0,44.0
-42.0,14.0,34.0,44.0
-40.0,14.0,34.0,44.0
-38.0,14.0,34.0,44.0
-36.0,14.0,34.0,308.0
-12.0,14.0,34.0,160.0
-10.0,14.0,34.0,160.0
-8.0,14.0,34.0,160.0
-6.0,14.0,34.0,160.0
-4.0,14.0,34.0,160.0
-2.0,14.0,34.0,160.0
0.0,14.0,34.0,160.0
2.0,14.0,34.0,160.0
4.0,14.0,34.0,160.0
6.0,14.0,34.0,160.0
8.0,14.0,34.0,160.0
10.0,14.0,34.0,215.0
12.0,14.0,34.0,215.0
38.0,14.0,34.0,229.0
40.0,14.0,34.0,229.0
42.0,14.0,34.0,229.0
44.0,14.0,34.0,445.0
46.0,14.0,34.0,445.0
48.0,14.0,34.0,161.0
50.0,14.0,34.0,161.0
52.0,14.0,34.0,161.0
54.0,14.0,34.0,161.0
-56.0,16.0,34.0,404.0
-54.0,16.0,34.0,404.0
-52.0,16.0,34.0,404.0
-50.0,16.0,34.0,44.0
-48.0,16.0,34.0,44.0
-46.0,16.0,34.0,44.0
-44.0,16.0,34.0,44.0
-42.0,16.0,34.0,44.0
-40.0,16.0,34.0,44.0
-38.0,16.0,34.0,44.0
-12.0,16.0,34.0,160.0
-10.0,16.0,34.0,160.0
-8.0,16.0,34.0,160.0
-6.0,16.0,34.0,160.0
-4.0,16.0,34.0,160.0
-2.0,16.0,34.0,160.0
0.0,16.0,34.0,160.0
2.0,16.0,34.0,160.0
4.0,16.0,34.0,160.0
6.0,16.0,34.0,160.0
8.0,16.0,34.0,215.0
10.0,16.0,34.0,215.0
12.0,16.0,34.0,215.0
36.0,16.0,34.0,167.0
38.0,16.0,34.0,167.0
40.0,16.0,34.0,167.0
42.0,16.0,34.0,445.0
44.0,16.0,34.0,445.0
46.0,16.0,34.0,445.0
48.0,16.0,34.0,445.0
50.0,16.0,34.0,161.0
52.0,16.0,34.0,161.0
54.0,16.0,34.0,161.0
-56.0,18.0,34.0,404.0
-54.0,18.0,34.0,404.0
-52.0,18.0,34.0,404.0
-50.0,18.0,34.0,44.0
-48.0,18.0,34.0,44.0
-46.0,18.0,34.0,44.0
-44.0,18.0,34.0,44.0
-42.0,18.0,34.0,44.0
-14.0,18.0,34.0,160.0
-12.0,18.0,34.0,160.0
-10.0,18.0,34.0,160.0
-8.0,18.0,34.0,160.0
-6.0,18.0,34.0,160.0
-4.0,18.0,34.0,160.0
-2.0,18.0,34.0,160.0
0.0,18.0,34.0,160.0
2.0,18.0,34.0,160.0
4.0,18.0,34.0,160.0
6.0,18.0,34.0,160.0
8.0,18.0,34.0,215.0
10.0,18.0,34.0,215.0
12.0,18.0,34.0,215.0
44.0,18.0,34.0,445.0
46.0,18.0,34.0,445.0
48.0,18.0,34.0,445.0
50.0,18.0,34.0,161.0
52.0,18.0,34.0,161.0
54.0,18.0,34.0,161.0
-56.0,20.0,34.0,404.0
-54.0,20.0,34.0,404.0
-52.0,20.0,34.0,170.0
-50.0,20.0,34.0,170.0
-48.0,20.0,34.0,44.0
-46.0,20.0,34.0,44.0
-44.0,20.0,34.0,44.0
-14.0,20.0,34.0,160.0
-12.0,20.0,34.0,160.0
-10.0,20.0,34.0,160.0
-8.0,20.0,34.0,160.0
-6.0,20.0,34.0,160.0
-4.0,20.0,34.0,160.0
-2.0,20.0,34.0,160.0
0.0,20.0,34.0,160.0
2.0,20.0,34.0,160.0
4.0,20.0,34.0,160.0
6.0,20.0,34.0,160.0
8.0,20.0,34.0,215.0
10.0,20.0,34.0,215.0
12.0,20.0,34.0,215.0
44.0,20.0,34.0,445.0
46.0,20.0,34.0,445.0
48.0,20.0,34.0,445.0
50.0,20.0,34.0,445.0
52.0,20.0,34.0,161.0
54.0,20.0,34.0,161.0
-56.0,22.0,34.0,404.0
-54.0,22.0,34.0,170.0
-52.0,22.0,34.0,170.0
-50.0,22.0,34.0,170.0
-48.0,22.0,34.0,170.0
-46.0,22.0,34.0,44.0
-44.0,22.0,34.0,44.0
-14.0,22.0,34.0,160.0
-12.0,22.0,34.0,160.0
-10.0,22.0,34.0,160.0
-8.0,22.0,34.0,160.0
-6.0,22.0,34.0,160.0
-4.0,22.0,34.0,160.0
-2.0,22.0,34.0,160.0
0.0,22.0,34.0,160.0
2.0,22.0,34.0,160.0
4.0,22.0,34.0,160.0
6.0,22.0,34.0,160.0
8.0,22.0,34.0,215.0
10.0,22.0,34.0,215.0
12.0,22.0,34.0,215.0
42.0,22.0,34.0,167.0
44.0,22.0,34.0,445.0
46.0,22.0,34.0,445.0
48.0,22.0,34.0,445.0
50.0,22.0,34.0,445.0
52.0,22.0,34.0,161.0
54.0,22.0,34.0,161.0
-56.0,24.0,34.0,261.0
-54.0,24.0,34.0,261.0
-52.0,24.0,34.0,261.0
-50.0,24.0,34.0,261.0
-48.0,24.0,34.0,261.0
-46.0,24.0,34.0,261.0
-36.0,24.0,34.0,360.0
-34.0,24.0,34.0,164.0
-32.0,24.0,34.0,164.0
-30.0,24.0,34.0,164.0
-14.0,24.0,34.0,160.0
-12.0,24.0,34.0,160.0
-10.0,24.0,34.0,160.0
-8.0,24.0,34.0,160.0
-6.0,24.0,34.0,160.0
-4.0,24.0,34.0,160.0
-2.0,24.0,34.0,160.0
0.0,24.0,34.0,160.0
2.0,24.0,34.0,160.0
4.0,24.0,34.0,160.0
6.0,24.0,34.0,215.0
8.0,24.0,34.0,531.0
10.0,24.0,34.0,531.0
12.0,24.0,34.0,531.0
36.0,24.0,34.0,167.0
38.0,24.0,34.0,167.0
40.0,24.0,34.0,167.0
42.0,24.0,34.0,167.0
44.0,24.0,34.0,167.0
46.0,24.0,34.0,445.0
48.0,24.0,34.0,445.0
50.0,24.0,34.0,119.0
52.0,24.0,34.0,119.0
-54.0,26.0,34.0,261.0
-52.0,26.0,34.0,261.0
-50.0,26.0,34.0,261.0
-48.0,26.0,34.0,261.0
-46.0,26.0,34.0,261.0
-40.0,26.0,34.0,360.0
-38.0,26.0,34.0,360.0
-36.0,26.0,34.0,164.0
-34.0,26.0,34.0,164.0
-32.0,26.0,34.0,164.0
-30.0,26.0,34.0,164.0
-14.0,26.0,34.0,160.0
-12.0,26.0,34.0,160.0
-10.0,26.0,34.0,160.0
-8.0,26.0,34.0,160.0
-6.0,26.0,34.0,160.0
-4.0,26.0,34.0,160.0
-2.0,26.0,34.0,160.0
2.0,26.0,34.0,160.0
4.0,26.0,34.0,531.0
6.0,26.0,34.0,531.0
8.0,26.0,34.0,531.0
10.0,26.0,34.0,531.0
12.0,26.0,34.0,531.0
32.0,26.0,34.0,167.0
34.0,26.0,34.0,167.0
36.0,26.0,34.0,167.0
38.0,26.0,34.0,167.0
40.0,26.0,34.0,167.0
42.0,26.0,34.0,391.0
44.0,26.0,34.0,391.0
46.0,26.0,34.0,119.0
48.0,26.0,34.0,119.0
50.0,26.0,34.0,119.0
52.0,26.0,34.0,119.0
-54.0,28.0,34.0,261.0
-52.0,28.0,34.0,261.0
-50.0,28.0,34.0,261.0
-48.0,28.0,34.0,261.0
-46.0,28.0,34.0,261.0
-44.0,28.0,34.0,261.0
-42.0,28.0,34.0,261.0
-40.0,28.0,34.0,360.0
-38.0,28.0,34.0,164.0
-36.0,28.0,34.0,164.0
-34.0,28.0,34.0,164.0
-32.0,28.0,34.0,164.0
-30.0,28.0,34.0,164.0
-14.0,28.0,34.0,497.0
-12.0,28.0,34.0,399.0
-10.0,28.0,34.0,399.0
-8.0,28.0,34.0,160.0
-6.0,28.0,34.0,160.0
-4.0,28.0,34.0,160.0
-2.0,28.0,34.0,160.0
2.0,28.0,34.0,531.0
4.0,28.0,34.0,531.0
6.0,28.0,34.0,531.0
8.0,28.0,34.0,531.0
10.0,28.0,34.0,531.0
12.0,28.0,34.0,531.0
30.0,28.0,34.0,101.0
32.0,28.0,34.0,101.0
34.0,28.0,34.0,167.0
36.0,28.0,34.0,391.0
38.0,28.0,34.0,391.0
40.0,28.0,34.0,391.0
42.0,28.0,34.0,391.0
44.0,28.0,34.0,391.0
46.0,28.0,34.0,119.0
48.0,28.0,34.0,119.0
50.0,28.0,34.0,119.0
-52.0,30.0,34.0,261.0
-50.0,30.0,34.0,261.0
-48.0,30.0,34.0,261.0
-46.0,30.0,34.0,261.0
-44.0,30.0,34.0,261.0
-42.0,30.0,34.0,261.0
-40.0,30.0,34.0,164.0
-38.0,30.0,34.0,164.0
-36.0,30.0,34.0,164.0
-34.0,30.0,34.0,164.0
-32.0,30.0,34.0,386.0
-30.0,30.0,34.0,386.0
-28.0,30.0,34.0,386.0
-26.0,30.0,34.0,386.0
-12.0,30.0,34.0,399.0
-10.0,30.0,34.0,399.0
-8.0,30.0,34.0,399.0
-6.0,30.0,34.0,399.0
-4.0,30.0,34.0,399.0
-2.0,30.0,34.0,399.0
0.0,30.0,34.0,531.0
2.0,30.0,34.0,531.0
4.0,30.0,34.0,531.0
6.0,30.0,34.0,531.0
8.0,30.0,34.0,531.0
10.0,30.0,34.0,531.0
12.0,30.0,34.0,531.0
22.0,30.0,34.0,101.0
28.0,30.0,34.0,101.0
30.0,30.0,34.0,101.0
32.0,30.0,34.0,391.0
34.0,30.0,34.0,391.0
36.0,30.0,34.0,391.0
38.0,30.0,34.0,391.0
40.0,30.0,34.0,391.0
42.0,30.0,34.0,391.0
44.0,30.0,34.0,391.0
46.0,30.0,34.0,391.0
48.0,30.0,34.0,119.0
50.0,30.0,34.0,119.0
-50.0,32.0,34.0,261.0
-48.0,32.0,34.0,261.0
-46.0,32.0,34.0,261.0
-44.0,32.0,34.0,261.0
-42.0,32.0,34.0,415.0
-40.0,32.0,34.0,415.0
-38.0,32.0,34.0,164.0
-36.0,32.0,34.0,386.0
-34.0,32.0,34.0,386.0
-32.0,32.0,34.0,386.0
-30.0,32.0,34.0,386.0
-28.0,32.0,34.0,386.0
-26.0,32.0,34.0,386.0
-10.0,32.0,34.0,399.0
-8.0,32.0,34.0,399.0
-6.0,32.0,34.0,399.0
-4.0,32.0,34.0,399.0
-2.0,32.0,34.0,399.0
0.0,32.0,34.0,531.0
2.0,32.0,34.0,531.0
4.0,32.0,34.0,531.0
6.0,32.0,34.0,531.0
8.0,32.0,34.0,531.0
10.0,32.0,34.0,531.0
20.0,32.0,34.0,101.0
22.0,32.0,34.0,101.0
26.0,32.0,34.0,101.0
28.0,32.0,34.0,101.0
30.0,32.0,34.0,391.0
32.0,32.0,34.0,391.0
34.0,32.0,34.0,391.0
36.0,32.0,34.0,391.0
38.0,32.0,34.0,391.0
40.0,32.0,34.0,391.0
42.0,32.0,34.0,391.0
44.0,32.0,34.0,391.0
46.0,32.0,34.0,391.0
48.0,32.0,34.0,119.0
-50.0,34.0,34.0,261.0
-48.0,34.0,34.0,261.0
-46.0,34.0,34.0,415.0
-44.0,34.0,34.0,415.0
-42.0,34.0,34.0,415.0
-40.0,34.0,34.0,415.0
-38.0,34.0,34.0,416.0
-36.0,34.0,34.0,416.0
-34.0,34.0,34.0,386.0
-32.0,34.0,34.0,386.0
-30.0,34.0,34.0,386.0
-28.0,34.0,34.0,386.0
-26.0,34.0,34.0,497.0
-10.0,34.0,34.0,399.0
-8.0,34.0,34.0,399.0
-6.0,34.0,34.0,399.0
-4.0,34.0,34.0,399.0
-2.0,34.0,34.0,399.0
0.0,34.0,34.0,218.0
2.0,34.0,34.0,218.0
4.0,34.0,34.0,531.0
6.0,34.0,34.0,531.0
8.0,34.0,34.0,531.0
10.0,34.0,34.0,531.0
20.0,34.0,34.0,101.0
26.0,34.0,34.0,101.0
28.0,34.0,34.0,391.0
30.0,34.0,34.0,391.0
32.0,34.0,34.0,391.0
34.0,34.0,34.0,391.0
36.0,34.0,34.0,391.0
38.0,34.0,34.0,391.0
40.0,34.0,34.0,391.0
42.0,34.0,34.0,391.0
44.0,34.0,34.0,391.0
46.0,34.0,34.0,391.0
-48.0,36.0,34.0,415.0
-46.0,36.0,34.0,415.0
-44.0,36.0,34.0,415.0
-42.0,36.0,34.0,415.0
-40.0,36.0,34.0,415.0
-38.0,36.0,34.0,416.0
-36.0,36.0,34.0,416.0
-34.0,36.0,34.0,416.0
-32.0,36.0,34.0,416.0
-30.0,36.0,34.0,386.0
-28.0,36.0,34.0,386.0
-26.0,36.0,34.0,497.0
-24.0,36.0,34.0,497.0
-12.0,36.0,34.0,399.0
-10.0,36.0,34.0,399.0
-8.0,36.0,34.0,399.0
-6.0,36.0,34.0,399.0
-4.0,36.0,34.0,399.0
-2.0,36.0,34.0,399.0
0.0,36.0,34.0,218.0
2.0,36.0,34.0,218.0
4.0,36.0,34.0,218.0
6.0,36.0,34.0,218.0
8.0,36.0,34.0,218.0
10.0,36.0,34.0,218.0
20.0,36.0,34.0,101.0
22.0,36.0,34.0,101.0
26.0,36.0,34.0,391.0
28.0,36.0,34.0,391.0
30.0,36.0,34.0,391.0
32.0,36.0,34.0,391.0
34.0,36.0,34.0,391.0
36.0,36.0,34.0,391.0
38.0,36.0,34.0,391.0
40.0,36.0,34.0,391.0
42.0,36.0,34.0,391.0
44.0,36.0,34.0,391.0
46.0,36.0,34.0,391.0
-46.0,38.0,34.0,415.0
-44.0,38.0,34.0,415.0
-42.0,38.0,34.0,415.0
-40.0,38.0,34.0,415.0
-38.0,38.0,34.0,416.0
-36.0,38.0,34.0,416.0
-34.0,38.0,34.0,416.0
-32.0,38.0,34.0,416.0
-30.0,38.0,34.0,416.0
-28.0,38.0,34.0,291.0
-26.0,38.0,34.0,497.0
-24.0,38.0,34.0,497.0
-12.0,38.0,34.0,399.0
-10.0,38.0,34.0,399.0
-8.0,38.0,34.0,399.0
-6.0,38.0,34.0,399.0
-4.0,38.0,34.0,399.0
-2.0,38.0,34.0,399.0
0.0,38.0,34.0,218.0
2.0,38.0,34.0,218.0
4.0,38.0,34.0,218.0
6.0,38.0,34.0,218.0
8.0,38.0,34.0,218.0
10.0,38.0,34.0,218.0
20.0,38.0,34.0,101.0
22.0,38.0,34.0,101.0
28.0,38.0,34.0,391.0
30.0,38.0,34.0,391.0
32.0,38.0,34.0,391.0
34.0,38.0,34.0,391.0
36.0,38.0,34.0,391.0
38.0,38.0,34.0,391.0
40.0,38.0,34.0,391.0
42.0,38.0,34.0,391.0
44.0,38.0,34.0,391.0
-44.0,40.0,34.0,415.0
-42.0,40.0,34.0,415.0
-40.0,40.0,34.0,415.0
-38.0,40.0,34.0,416.0
-36.0,40.0,34.0,416.0
-34.0,40.0,34.0,416.0
-32.0,40.0,34.0,416.0
-30.0,40.0,34.0,416.0
-28.0,40.0,34.0,291.0
-26.0,40.0,34.0,291.0
-24.0,40.0,34.0,291.0
-22.0,40.0,34.0,497.0
-12.0,40.0,34.0,399.0
-10.0,40.0,34.0,399.0
-8.0,40.0,34.0,399.0
-6.0,40.0,34.0,399.0
-4.0,40.0,34.0,399.0
-2.0,40.0,34.0,218.0
2.0,40.0,34.0,218.0
4.0,40.0,34.0,218.0
6.0,40.0,34.0,218.0
8.0,40.0,34.0,218.0
10.0,40.0,34.0,218.0
20.0,40.0,34.0,101.0
22.0,40.0,34.0,391.0
24.0,40.0,34.0,391.0
28.0,40.0,34.0,391.0
30.0,40.0,34.0,391.0
32.0,40.0,34.0,391.0
34.0,40.0,34.0,391.0
36.0,40.0,34.0,391.0
38.0,40.0,34.0,391.0
40.0,40.0,34.0,391.0
42.0,40.0,34.0,391.0
-44.0,42.0,34.0,415.0
-42.0,42.0,34.0,415.0
-40.0,42.0,34.0,415.0
-38.0,42.0,34.0,416.0
-36.0,42.0,34.0,416.0
-34.0,42.0,34.0,416.0
-32.0,42.0,34.0,416.0
-30.0,42.0,34.0,291.0
-28.0,42.0,34.0,291.0
-26.0,42.0,34.0,291.0
-24.0,42.0,34.0,291.0
-22.0,42.0,34.0,291.0
-10.0,42.0,34.0,399.0
-8.0,42.0,34.0,399.0
-6.0,42.0,34.0,399.0
-4.0,42.0,34.0,399.0
-2.0,42.0,34.0,218.0
0.0,42.0,34.0,218.0
2.0,42.0,34.0,218.0
4.0,42.0,34.0,218.0
6.0,42.0,34.0,218.0
8.0,42.0,34.0,218.0
18.0,42.0,34.0,218.0
20.0,42.0,34.0,391.0
22.0,42.0,34.0,391.0
24.0,42.0,34.0,391.0
26.0,42.0,34.0,391.0
28.0,42.0,34.0,391.0
30.0,42.0,34.0,391.0
32.0,42.0,34.0,391.0
34.0,42.0,34.0,391.0
36.0,42.0,34.0,391.0
38.0,42.0,34.0,391.0
40.0,42.0,34.0,391.0
-42.0,44.0,34.0,415.0
-40.0,44.0,34.0,415.0
-38.0,44.0,34.0,416.0
-36.0,44.0,34.0,416.0
-34.0,44.0,34.0,416.0
-32.0,44.0,34.0,416.0
-30.0,44.0,34.0,291.0
-28.0,44.0,34.0,291.0
-26.0,44.0,34.0,291.0
-24.0,44.0,34.0,291.0
-22.0,44.0,34.0,291.0
-20.0,44.0,34.0,291.0
-18.0,44.0,34.0,291.0
-10.0,44.0,34.0,399.0
-8.0,44.0,34.0,399.0
-6.0,44.0,34.0,399.0
-4.0,44.0,34.0,399.0
-2.0,44.0,34.0,218.0
0.0,44.0,34.0,218.0
2.0,44.0,34.0,218.0
4.0,44.0,34.0,218.0
6.0,44.0,34.0,218.0
18.0,44.0,34.0,290.0
20.0,44.0,34.0,290.0
22.0,44.0,34.0,391.0
24.0,44.0,34.0,391.0
26.0,44.0,34.0,391.0
28.0,44.0,34.0,391.0
30.0,44.0,34.0,391.0
32.0,44.0,34.0,391.0
34.0,44.0,34.0,391.0
36.0,44.0,34.0,391.0
38.0,44.0,34.0,391.0
40.0,44.0,34.0,391.0
-40.0,46.0,34.0,415.0
-38.0,46.0,34.0,416.0
-36.0,46.0,34.0,416.0
-34.0,46.0,34.0,416.0
-32.0,46.0,34.0,416.0
-30.0,46.0,34.0,291.0
-28.0,46.0,34.0,291.0
-26.0,46.0,34.0,291.0
-24.0,46.0,34.0,291.0
-22.0,46.0,34.0,291.0
-20.0,46.0,34.0,23.0
-18.0,46.0,34.0,23.0
-16.0,46.0,34.0,23.0
-10.0,46.0,34.0,399.0
-8.0,46.0,34.0,399.0
-6.0,46.0,34.0,399.0
-4.0,46.0,34.0,218.0
-2.0,46.0,34.0,218.0
0.0,46.0,34.0,218.0
2.0,46.0,34.0,218.0
4.0,46.0,34.0,218.0
6.0,46.0,34.0,218.0
16.0,46.0,34.0,290.0
18.0,46.0,34.0,290.0
20.0,46.0,34.0,290.0
22.0,46.0,34.0,391.0
24.0,46.0,34.0,391.0
26.0,46.0,34.0,391.0
28.0,46.0,34.0,391.0
30.0,46.0,34.0,391.0
32.0,46.0,34.0,391.0
34.0,46.0,34.0,391.0
36.0,46.0,34.0,391.0
38.0,46.0,34.0,391.0
-38.0,48.0,34.0,191.0
-36.0,48.0,34.0,191.0
-34.0,48.0,34.0,191.0
-32.0,48.0,34.0,191.0
-30.0,48.0,34.0,291.0
-28.0,48.0,34.0,291.0
-26.0,48.0,34.0,23.0
-24.0,48.0,34.0,23.0
-22.0,48.0,34.0,23.0
-20.0,48.0,34.0,23.0
-18.0,48.0,34.0,23.0
-16.0,48.0,34.0,23.0
-8.0,48.0,34.0,281.0
-6.0,48.0,34.0,378.0
-4.0,48.0,34.0,218.0
-2.0,48.0,34.0,218.0
2.0,48.0,34.0,218.0
4.0,48.0,34.0,218.0
6.0,48.0,34.0,218.0
8.0,48.0,34.0,218.0
16.0,48.0,34.0,290.0
18.0,48.0,34.0,290.0
20.0,48.0,34.0,290.0
22.0,48.0,34.0,391.0
28.0,48.0,34.0,391.0
30.0,48.0,34.0,391.0
32.0,48.0,34.0,391.0
34.0,48.0,34.0,391.0
-36.0,50.0,34.0,191.0
-34.0,50.0,34.0,191.0
-32.0,50.0,34.0,191.0
-30.0,50.0,34.0,191.0
-28.0,50.0,34.0,23.0
-26.0,50.0,34.0,23.0
-24.0,50.0,34.0,23.0
-22.0,50.0,34.0,23.0
-20.0,50.0,34.0,23.0
-18.0,50.0,34.0,23.0
-16.0,50.0,34.0,23.0
-14.0,50.0,34.0,281.0
-8.0,50.0,34.0,378.0
-6.0,50.0,34.0,378.0
-4.0,50.0,34.0,378.0
-2.0,50.0,34.0,218.0
2.0,50.0,34.0,218.0
4.0,50.0,34.0,218.0
6.0,50.0,34.0,218.0
8.0,50.0,34.0,218.0
16.0,50.0,34.0,256.0
18.0,50.0,34.0,256.0
20.0,50.0,34.0,256.0
22.0,50.0,34.0,256.0
28.0,50.0,34.0,391.0
30.0,50.0,34.0,391.0
32.0,50.0,34.0,391.0
-34.0,52.0,34.0,191.0
-32.0,52.0,34.0,191.0
-30.0,52.0,34.0,191.0
-28.0,52.0,34.0,23.0
-26.0,52.0,34.0,23.0
-24.0,52.0,34.0,23.0
-22.0,52.0,34.0,23.0
-20.0,52.0,34.0,23.0
-18.0,52.0,34.0,23.0
-16.0,52.0,34.0,281.0
-14.0,52.0,34.0,281.0
-12.0,52.0,34.0,281.0
-10.0,52.0,34.0,378.0
-8.0,52.0,34.0,378.0
-6.0,52.0,34.0,378.0
-4.0,52.0,34.0,378.0
-2.0,52.0,34.0,378.0
2.0,52.0,34.0,218.0
4.0,52.0,34.0,218.0
6.0,52.0,34.0,218.0
8.0,52.0,34.0,218.0
14.0,52.0,34.0,256.0
16.0,52.0,34.0,256.0
18.0,52.0,34.0,256.0
20.0,52.0,34.0,256.0
22.0,52.0,34.0,256.0
24.0,52.0,34.0,256.0
26.0,52.0,34.0,256.0
28.0,52.0,34.0,391.0
30.0,52.0,34.0,391.0
-30.0,54.0,34.0,487.0
-28.0,54.0,34.0,487.0
-26.0,54.0,34.0,487.0
-24.0,54.0,34.0,23.0
-22.0,54.0,34.0,23.0
-20.0,54.0,34.0,23.0
-18.0,54.0,34.0,23.0
-16.0,54.0,34.0,281.0
-14.0,54.0,34.0,281.0
-12.0,54.0,34.0,378.0
-10.0,54.0,34.0,378.0
-8.0,54.0,34.0,378.0
-6.0,54.0,34.0,378.0
-4.0,54.0,34.0,378.0
-2.0,54.0,34.0,378.0
2.0,54.0,34.0,378.0
4.0,54.0,34.0,256.0
6.0,54.0,34.0,256.0
8.0,54.0,34.0,256.0
12.0,54.0,34.0,256.0
14.0,54.0,34.0,256.0
16.0,54.0,34.0,256.0
18.0,54.0,34.0,256.0
20.0,54.0,34.0,256.0
22.0,54.0,34.0,256.0
24.0,54.0,34.0,256.0
26.0,54.0,34.0,256.0
28.0,54.0,34.0,256.0
-28.0,56.0,34.0,487.0
-26.0,56.0,34.0,487.0
-24.0,56.0,34.0,487.0
-22.0,56.0,34.0,487.0
-20.0,56.0,34.0,30.0
-18.0,56.0,34.0,30.0
-16.0,56.0,34.0,281.0
-14.0,56.0,34.0,281.0
-12.0,56.0,34.0,378.0
-10.0,56.0,34.0,378.0
-8.0,56.0,34.0,378.0
-6.0,56.0,34.0,378.0
-4.0,56.0,34.0,378.0
-2.0,56.0,34.0,378.0
2.0,56.0,34.0,378.0
4.0,56.0,34.0,256.0
6.0,56.0,34.0,256.0
10.0,56.0,34.0,256.0
12.0,56.0,34.0,256.0
14.0,56.0,34.0,256.0
16.0,56.0,34.0,256.0
18.0,56.0,34.0,256.0
20.0,56.0,34.0,256.0
22.0,56.0,34.0,256.0
24.0,56.0,34.0,256.0
-26.0,58.0,34.0,487.0
-24.0,58.0,34.0,487.0
-22.0,58.0,34.0,487.0
-20.0,58.0,34.0,30.0
-18.0,58.0,34.0,30.0
-16.0,58.0,34.0,30.0
-14.0,58.0,34.0,378.0
-12.0,58.0,34.0,378.0
-10.0,58.0,34.0,378.0
-8.0,58.0,34.0,378.0
-6.0,58.0,34.0,378.0
-4.0,58.0,34.0,378.0
-2.0,58.0,34.0,378.0
2.0,58.0,34.0,256.0
4.0,58.0,34.0,256.0
6.0,58.0,34.0,256.0
8.0,58.0,34.0,256.0
10.0,58.0,34.0,256.0
12.0,58.0,34.0,256.0
14.0,58.0,34.0,256.0
16.0,58.0,34.0,256.0
18.0,58.0,34.0,256.0
20.0,58.0,34.0,256.0
22.0,58.0,34.0,256.0
-20.0,60.0,34.0,30.0
-18.0,60.0,34.0,30.0
-16.0,60.0,34.0,30.0
-14.0,60.0,34.0,378.0
-12.0,60.0,34.0,378.0
-10.0,60.0,34.0,378.0
-8.0,60.0,34.0,378.0
-6.0,60.0,34.0,378.0
-4.0,60.0,34.0,378.0
-2.0,60.0,34.0,378.0
2.0,60.0,34.0,256.0
4.0,60.0,34.0,256.0
6.0,60.0,34.0,256.0
8.0,60.0,34.0,256.0
10.0,60.0,34.0,256.0
12.0,60.0,34.0,256.0
14.0,60.0,34.0,256.0
16.0,60.0,34.0,256.0
-14.0,62.0,34.0,378.0
-12.0,62.0,34.0,378.0
-10.0,62.0,34.0,378.0
-8.0,62.0,34.0,378.0
-6.0,62.0,34.0,378.0
-4.0,62.0,34.0,378.0
-2.0,62.0,34.0,378.0
4.0,62.0,34.0,256.0
6.0,62.0,34.0,256.0
8.0,62.0,34.0,256.0
10.0,62.0,34.0,256.0
12.0,62.0,34.0,256.0
-16.0,-92.0,36.0,148.0
6.0,-92.0,36.0,565.0
8.0,-92.0,36.0,565.0
10.0,-92.0,36.0,565.0
12.0,-92.0,36.0,565.0
14.0,-92.0,36.0,565.0
16.0,-92.0,36.0,565.0
18.0,-92.0,36.0,565.0
-24.0,-90.0,36.0,41.0
-22.0,-90.0,36.0,41.0
-20.0,-90.0,36.0,41.0
-18.0,-90.0,36.0,41.0
-16.0,-90.0,36.0,148.0
-14.0,-90.0,36.0,148.0
-12.0,-90.0,36.0,148.0
-10.0,-90.0,36.0,148.0
2.0,-90.0,36.0,449.0
4.0,-90.0,36.0,222.0
6.0,-90.0,36.0,222.0
8.0,-90.0,36.0,565.0
10.0,-90.0,36.0,565.0
12.0,-90.0,36.0,565.0
14.0,-90.0,36.0,565.0
16.0,-90.0,36.0,565.0
18.0,-90.0,36.0,565.0
20.0,-90.0,36.0,135.0
22.0,-90.0,36.0,135.0
24.0,-90.0,36.0,135.0
26.0,-90.0,36.0,135.0
-28.0,-88.0,36.0,41.0
-26.0,-88.0,36.0,41.0
-24.0,-88.0,36.0,41.0
-22.0,-88.0,36.0,41.0
-20.0,-88.0,36.0,41.0
-18.0,-88.0,36.0,41.0
-16.0,-88.0,36.0,148.0
-14.0,-88.0,36.0,148.0
-12.0,-88.0,36.0,148.0
-10.0,-88.0,36.0,148.0
-8.0,-88.0,36.0,148.0
-6.0,-88.0,36.0,148.0
2.0,-88.0,36.0,449.0
4.0,-88.0,36.0,449.0
6.0,-88.0,36.0,222.0
8.0,-88.0,36.0,222.0
10.0,-88.0,36.0,565.0
12.0,-88.0,36.0,565.0
14.0,-88.0,36.0,565.0
16.0,-88.0,36.0,135.0
18.0,-88.0,36.0,135.0
20.0,-88.0,36.0,135.0
22.0,-88.0,36.0,135.0
24.0,-88.0,36.0,135.0
26.0,-88.0,36.0,135.0
28.0,-88.0,36.0,135.0
30.0,-88.0,36.0,135.0
32.0,-88.0,36.0,135.0
-32.0,-86.0,36.0,41.0
-30.0,-86.0,36.0,41.0
-28.0,-86.0,36.0,41.0
-26.0,-86.0,36.0,41.0
-24.0,-86.0,36.0,41.0
-22.0,-86.0,36.0,41.0
-20.0,-86.0,36.0,41.0
-18.0,-86.0,36.0,550.0
-16.0,-86.0,36.0,550.0
-14.0,-86.0,36.0,550.0
-12.0,-86.0,36.0,148.0
-10.0,-86.0,36.0,148.0
-8.0,-86.0,36.0,148.0
-6.0,-86.0,36.0,148.0
-4.0,-86.0,36.0,449.0
0.0,-86.0,36.0,449.0
2.0,-86.0,36.0,449.0
4.0,-86.0,36.0,449.0
6.0,-86.0,36.0,449.0
8.0,-86.0,36.0,222.0
10.0,-86.0,36.0,222.0
12.0,-86.0,36.0,186.0
14.0,-86.0,36.0,186.0
16.0,-86.0,36.0,135.0
18.0,-86.0,36.0,135.0
20.0,-86.0,36.0,135.0
22.0,-86.0,36.0,135.0
24.0,-86.0,36.0,135.0
26.0,-86.0,36.0,135.0
28.0,-86.0,36.0,135.0
30.0,-86.0,36.0,135.0
32.0,-86.0,36.0,135.0
34.0,-86.0,36.0,254.0
36.0,-86.0,36.0,254.0
-38.0,-84.0,36.0,556.0
-36.0,-84.0,36.0,556.0
-32.0,-84.0,36.0,41.0
-30.0,-84.0,36.0,41.0
-28.0,-84.0,36.0,41.0
-26.0,-84.0,36.0,41.0
-24.0,-84.0,36.0,41.0
-22.0,-84.0,36.0,41.0
-20.0,-84.0,36.0,550.0
-18.0,-84.0,36.0,550.0
-16.0,-84.0,36.0,550.0
-14.0,-84.0,36.0,550.0
-12.0,-84.0,36.0,550.0
-10.0,-84.0,36.0,148.0
-8.0,-84.0,36.0,148.0
-6.0,-84.0,36.0,148.0
-4.0,-84.0,36.0,449.0
-2.0,-84.0,36.0,449.0
0.0,-84.0,36.0,449.0
2.0,-84.0,36.0,449.0
4.0,-84.0,36.0,302.0
6.0,-84.0,36.0,302.0
8.0,-84.0,36.0,302.0
10.0,-84.0,36.0,186.0
12.0,-84.0,36.0,186.0
14.0,-84.0,36.0,186.0
16.0,-84.0,36.0,135.0
18.0,-84.0,36.0,135.0
20.0,-84.0,36.0,135.0
22.0,-84.0,36.0,135.0
24.0,-84.0,36.0,135.0
26.0,-84.0,36.0,135.0
28.0,-84.0,36.0,135.0
30.0,-84.0,36.0,135.0
32.0,-84.0,36.0,254.0
34.0,-84.0,36.0,254.0
36.0,-84.0,36.0,254.0
38.0,-84.0,36.0,254.0
40.0,-84.0,36.0,254.0
-40.0,-82.0,36.0,556.0
-38.0,-82.0,36.0,556.0
-36.0,-82.0,36.0,556.0
-34.0,-82.0,36.0,556.0
-32.0,-82.0,36.0,556.0
-30.0,-82.0,36.0,41.0
-28.0,-82.0,36.0,41.0
-26.0,-82.0,36.0,41.0
-24.0,-82.0,36.0,41.0
-22.0,-82.0,36.0,550.0
-20.0,-82.0,36.0,550.0
-16.0,-82.0,36.0,550.0
-14.0,-82.0,36.0,550.0
-12.0,-82.0,36.0,550.0
-10.0,-82.0,36.0,550.0
-8.0,-82.0,36.0,550.0
-6.0,-82.0,36.0,60.0
-4.0,-82.0,36.0,449.0
-2.0,-82.0,36.0,302.0
0.0,-82.0,36.0,302.0
2.0,-82.0,36.0,302.0
4.0,-82.0,36.0,302.0
6.0,-82.0,36.0,302.0
8.0,-82.0,36.0,302.0
10.0,-82.0,36.0,186.0
12.0,-82.0,36.0,186.0
14.0,-82.0,36.0,186.0
16.0,-82.0,36.0,135.0
18.0,-82.0,36.0,135.0
20.0,-82.0,36.0,135.0
22.0,-82.0,36.0,135.0
24.0,-82.0,36.0,135.0
26.0,-82.0,36.0,135.0
28.0,-82.0,36.0,135.0
30.0,-82.0,36.0,135.0
32.0,-82.0,36.0,254.0
34.0,-82.0,36.0,254.0
36.0,-82.0,36.0,254.0
38.0,-82.0,36.0,254.0
40.0,-82.0,36.0,254.0
-42.0,-80.0,36.0,556.0
-40.0,-80.0,36.0,556.0
-38.0,-80.0,36.0,556.0
-36.0,-80.0,36.0,556.0
-34.0,-80.0,36.0,556.0
-32.0,-80.0,36.0,556.0
-30.0,-80.0,36.0,75.0
-28.0,-80.0,36.0,75.0
-26.0,-80.0,36.0,75.0
-24.0,-80.0,36.0,75.0
-22.0,-80.0,36.0,75.0
-18.0,-80.0,36.0,550.0
-16.0,-80.0,36.0,550.0
-14.0,-80.0,36.0,550.0
-12.0,-80.0,36.0,550.0
-10.0,-80.0,36.0,550.0
-8.0,-80.0,36.0,550.0
-6.0,-80.0,36.0,60.0
-4.0,-80.0,36.0,60.0
-2.0,-80.0,36.0,302.0
0.0,-80.0,36.0,302.0
2.0,-80.0,36.0,302.0
4.0,-80.0,36.0,302.0
6.0,-80.0,36.0,302.0
8.0,-80.0,36.0,186.0
10.0,-80.0,36.0,186.0
12.0,-80.0,36.0,186.0
14.0,-80.0,36.0,186.0
16.0,-80.0,36.0,186.0
18.0,-80.0,36.0,135.0
20.0,-80.0,36.0,135.0
22.0,-80.0,36.0,135.0
24.0,-80.0,36.0,135.0
26.0,-80.0,36.0,135.0
28.0,-80.0,36.0,135.0
30.0,-80.0,36.0,254.0
32.0,-80.0,36.0,254.0
34.0,-80.0,36.0,254.0
36.0,-80.0,36.0,254.0
38.0,-80.0,36.0,254.0
40.0,-80.0,36.0,254.0
42.0,-80.0,36.0,254.0
-46.0,-78.0,36.0,556.0
-44.0,-78.0,36.0,556.0
-42.0,-78.0,36.0,556.0
-40.0,-78.0,36.0,556.0
-38.0,-78.0,36.0,556.0
-36.0,-78.0,36.0,556.0
-34.0,-78.0,36.0,556.0
-32.0,-78.0,36.0,556.0
-30.0,-78.0,36.0,75.0
-28.0,-78.0,36.0,75.0
-26.0,-78.0,36.0,75.0
-24.0,-78.0,36.0,75.0
-14.0,-78.0,36.0,550.0
-12.0,-78.0,36.0,550.0
-10.0,-78.0,36.0,550.0
-8.0,-78.0,36.0,60.0
-6.0,-78.0,36.0,60.0
-4.0,-78.0,36.0,60.0
-2.0,-78.0,36.0,60.0
0.0,-78.0,36.0,302.0
2.0,-78.0,36.0,302.0
4.0,-78.0,36.0,302.0
6.0,-78.0,36.0,219.0
8.0,-78.0,36.0,219.0
10.0,-78.0,36.0,186.0
12.0,-78.0,36.0,186.0
14.0,-78.0,36.0,186.0
16.0,-78.0,36.0,186.0
18.0,-78.0,36.0,135.0
20.0,-78.0,36.0,135.0
22.0,-78.0,36.0,135.0
24.0,-78.0,36.0,135.0
26.0,-78.0,36.0,135.0
28.0,-78.0,36.0,135.0
30.0,-78.0,36.0,254.0
32.0,-78.0,36.0,254.0
34.0,-78.0,36.0,254.0
36.0,-78.0,36.0,254.0
38.0,-78.0,36.0,254.0
40.0,-78.0,36.0,254.0
42.0,-78.0,36.0,254.0
44.0,-78.0,36.0,254.0
46.0,-78.0,36.0,254.0
-48.0,-76.0,36.0,556.0
-46.0,-76.0,36.0,556.0
-44.0,-76.0,36.0,556.0
-42.0,-76.0,36.0,556.0
-40.0,-76.0,36.0,556.0
-38.0,-76.0,36.0,556.0
-36.0,-76.0,36.0,556.0
-34.0,-76.0,36.0,556.0
-32.0,-76.0,36.0,556.0
-30.0,-76.0,36.0,75.0
-28.0,-76.0,36.0,75.0
-26.0,-76.0,36.0,75.0
-24.0,-76.0,36.0,75.0
-22.0,-76.0,36.0,75.0
-18.0,-76.0,36.0,75.0
-16.0,-76.0,36.0,550.0
-14.0,-76.0,36.0,550.0
-12.0,-76.0,36.0,550.0
-10.0,-76.0,36.0,550.0
-8.0,-76.0,36.0,60.0
-6.0,-76.0,36.0,60.0
-4.0,-76.0,36.0,60.0
0.0,-76.0,36.0,302.0
2.0,-76.0,36.0,302.0
4.0,-76.0,36.0,219.0
6.0,-76.0,36.0,219.0
8.0,-76.0,36.0,219.0
10.0,-76.0,36.0,186.0
12.0,-76.0,36.0,186.0
14.0,-76.0,36.0,186.0
16.0,-76.0,36.0,186.0
18.0,-76.0,36.0,135.0
20.0,-76.0,36.0,135.0
22.0,-76.0,36.0,135.0
24.0,-76.0,36.0,135.0
26.0,-76.0,36.0,135.0
28.0,-76.0,36.0,254.0
30.0,-76.0,36.0,254.0
32.0,-76.0,36.0,254.0
34.0,-76.0,36.0,254.0
36.0,-76.0,36.0,254.0
38.0,-76.0,36.0,254.0
40.0,-76.0,36.0,254.0
42.0,-76.0,36.0,254.0
44.0,-76.0,36.0,254.0
46.0,-76.0,36.0,254.0
48.0,-76.0,36.0,254.0
-50.0,-74.0,36.0,595.0
-48.0,-74.0,36.0,556.0
-46.0,-74.0,36.0,556.0
-44.0,-74.0,36.0,556.0
-42.0,-74.0,36.0,556.0
-40.0,-74.0,36.0,556.0
-38.0,-74.0,36.0,556.0
-36.0,-74.0,36.0,556.0
-34.0,-74.0,36.0,556.0
-32.0,-74.0,36.0,556.0
-30.0,-74.0,36.0,75.0
-28.0,-74.0,36.0,75.0
-26.0,-74.0,36.0,75.0
-24.0,-74.0,36.0,75.0
-22.0,-74.0,36.0,75.0
-20.0,-74.0,36.0,75.0
-18.0,-74.0,36.0,75.0
-16.0,-74.0,36.0,75.0
-14.0,-74.0,36.0,550.0
-12.0,-74.0,36.0,550.0
-10.0,-74.0,36.0,550.0
-8.0,-74.0,36.0,60.0
-6.0,-74.0,36.0,60.0
2.0,-74.0,36.0,219.0
6.0,-74.0,36.0,219.0
8.0,-74.0,36.0,219.0
10.0,-74.0,36.0,219.0
12.0,-74.0,36.0,186.0
14.0,-74.0,36.0,186.0
16.0,-74.0,36.0,186.0
18.0,-74.0,36.0,186.0
20.0,-74.0,36.0,135.0
22.0,-74.0,36.0,135.0
24.0,-74.0,36.0,135.0
26.0,-74.0,36.0,537.0
28.0,-74.0,36.0,254.0
30.0,-74.0,36.0,254.0
32.0,-74.0,36.0,254.0
34.0,-74.0,36.0,254.0
36.0,-74.0,36.0,254.0
38.0,-74.0,36.0,254.0
40.0,-74.0,36.0,254.0
42.0,-74.0,36.0,254.0
44.0,-74.0,36.0,254.0
46.0,-74.0,36.0,254.0
48.0,-74.0,36.0,254.0
-50.0,-72.0,36.0,595.0
-48.0,-72.0,36.0,595.0
-46.0,-72.0,36.0,556.0
-44.0,-72.0,36.0,556.0
-42.0,-72.0,36.0,556.0
-40.0,-72.0,36.0,556.0
-38.0,-72.0,36.0,556.0
-36.0,-72.0,36.0,556.0
-34.0,-72.0,36.0,556.0
-32.0,-72.0,36.0,128.0
-30.0,-72.0,36.0,75.0
-28.0,-72.0,36.0,75.0
-26.0,-72.0,36.0,75.0
-24.0,-72.0,36.0,75.0
-22.0,-72.0,36.0,75.0
-20.0,-72.0,36.0,75.0
-18.0,-72.0,36.0,75.0
-16.0,-72.0,36.0,75.0
-14.0,-72.0,36.0,75.0
-12.0,-72.0,36.0,75.0
-10.0,-72.0,36.0,60.0
-8.0,-72.0,36.0,60.0
-6.0,-72.0,36.0,60.0
-4.0,-72.0,36.0,60.0
0.0,-72.0,36.0,219.0
2.0,-72.0,36.0,219.0
4.0,-72.0,36.0,219.0
6.0,-72.0,36.0,219.0
8.0,-72.0,36.0,219.0
10.0,-72.0,36.0,219.0
12.0,-72.0,36.0,219.0
14.0,-72.0,36.0,580.0
16.0,-72.0,36.0,580.0
18.0,-72.0,36.0,580.0
20.0,-72.0,36.0,580.0
22.0,-72.0,36.0,580.0
24.0,-72.0,36.0,580.0
26.0,-72.0,36.0,537.0
28.0,-72.0,36.0,254.0
30.0,-72.0,36.0,254.0
32.0,-72.0,36.0,254.0
34.0,-72.0,36.0,254.0
36.0,-72.0,36.0,254.0
38.0,-72.0,36.0,254.0
40.0,-72.0,36.0,254.0
42.0,-72.0,36.0,254.0
44.0,-72.0,36.0,254.0
46.0,-72.0,36.0,254.0
48.0,-72.0,36.0,254.0
50.0,-72.0,36.0,99.0
52.0,-72.0,36.0,370.0
-52.0,-70.0,36.0,595.0
-50.0,-70.0,36.0,595.0
-48.0,-70.0,36.0,595.0
-46.0,-70.0,36.0,570.0
-44.0,-70.0,36.0,556.0
-42.0,-70.0,36.0,556.0
-40.0,-70.0,36.0,556.0
-38.0,-70.0,36.0,556.0
-36.0,-70.0,36.0,556.0
-34.0,-70.0,36.0,128.0
-32.0,-70.0,36.0,128.0
-30.0,-70.0,36.0,128.0
-28.0,-70.0,36.0,75.0
-26.0,-70.0,36.0,75.0
-24.0,-70.0,36.0,75.0
-22.0,-70.0,36.0,75.0
-20.0,-70.0,36.0,75.0
-18.0,-70.0,36.0,75.0
-16.0,-70.0,36.0,75.0
-14.0,-70.0,36.0,75.0
-12.0,-70.0,36.0,493.0
-10.0,-70.0,36.0,61.0
-8.0,-70.0,36.0,60.0
-6.0,-70.0,36.0,60.0
-4.0,-70.0,36.0,60.0
-2.0,-70.0,36.0,515.0
0.0,-70.0,36.0,219.0
2.0,-70.0,36.0,219.0
4.0,-70.0,36.0,219.0
6.0,-70.0,36.0,219.0
10.0,-70.0,36.0,219.0
12.0,-70.0,36.0,580.0
14.0,-70.0,36.0,580.0
16.0,-70.0,36.0,580.0
18.0,-70.0,36.0,580.0
20.0,-70.0,36.0,580.0
22.0,-70.0,36.0,580.0
24.0,-70.0,36.0,580.0
26.0,-70.0,36.0,537.0
28.0,-70.0,36.0,254.0
30.0,-70.0,36.0,254.0
32.0,-70.0,36.0,254.0
34.0,-70.0,36.0,254.0
36.0,-70.0,36.0,254.0
38.0,-70.0,36.0,254.0
40.0,-70.0,36.0,254.0
42.0,-70.0,36.0,254.0
44.0,-70.0,36.0,254.0
46.0,-70.0,36.0,254.0
48.0,-70.0,36.0,254.0
50.0,-70.0,36.0,370.0
52.0,-70.0,36.0,370.0
54.0,-70.0,36.0,370.0
-54.0,-68.0,36.0,595.0
-52.0,-68.0,36.0,595.0
-50.0,-68.0,36.0,595.0
-48.0,-68.0,36.0,570.0
-46.0,-68.0,36.0,570.0
-44.0,-68.0,36.0,570.0
-42.0,-68.0,36.0,570.0
-40.0,-68.0,36.0,556.0
-38.0,-68.0,36.0,556.0
-36.0,-68.0,36.0,128.0
-34.0,-68.0,36.0,128.0
-32.0,-68.0,36.0,128.0
-30.0,-68.0,36.0,128.0
-28.0,-68.0,36.0,128.0
-26.0,-68.0,36.0,75.0
-24.0,-68.0,36.0,75.0
-22.0,-68.0,36.0,75.0
-20.0,-68.0,36.0,295.0
-18.0,-68.0,36.0,295.0
-16.0,-68.0,36.0,295.0
-14.0,-68.0,36.0,295.0
-12.0,-68.0,36.0,295.0
-10.0,-68.0,36.0,61.0
-8.0,-68.0,36.0,61.0
-6.0,-68.0,36.0,61.0
-4.0,-68.0,36.0,515.0
-2.0,-68.0,36.0,515.0
0.0,-68.0,36.0,515.0
2.0,-68.0,36.0,219.0
4.0,-68.0,36.0,219.0
6.0,-68.0,36.0,219.0
8.0,-68.0,36.0,219.0
10.0,-68.0,36.0,580.0
12.0,-68.0,36.0,580.0
14.0,-68.0,36.0,580.0
16.0,-68.0,36.0,580.0
18.0,-68.0,36.0,580.0
20.0,-68.0,36.0,580.0
22.0,-68.0,36.0,580.0
24.0,-68.0,36.0,580.0
26.0,-68.0,36.0,537.0
28.0,-68.0,36.0,254.0
30.0,-68.0,36.0,254.0
32.0,-68.0,36.0,254.0
34.0,-68.0,36.0,254.0
36.0,-68.0,36.0,254.0
38.0,-68.0,36.0,254.0
40.0,-68.0,36.0,254.0
42.0,-68.0,36.0,254.0
44.0,-68.0,36.0,254.0
46.0,-68.0,36.0,254.0
48.0,-68.0,36.0,159.0
50.0,-68.0,36.0,159.0
52.0,-68.0,36.0,159.0
54.0,-68.0,36.0,159.0
-56.0,-66.0,36.0,595.0
-54.0,-66.0,36.0,595.0
-52.0,-66.0,36.0,595.0
-50.0,-66.0,36.0,595.0
-48.0,-66.0,36.0,299.0
-46.0,-66.0,36.0,299.0
-44.0,-66.0,36.0,299.0
-42.0,-66.0,36.0,411.0
-40.0,-66.0,36.0,411.0
-38.0,-66.0,36.0,411.0
-36.0,-66.0,36.0,128.0
-34.0,-66.0,36.0,128.0
-32.0,-66.0,36.0,128.0
-30.0,-66.0,36.0,128.0
-28.0,-66.0,36.0,128.0
-26.0,-66.0,36.0,128.0
-24.0,-66.0,36.0,295.0
-22.0,-66.0,36.0,295.0
-20.0,-66.0,36.0,295.0
-18.0,-66.0,36.0,295.0
-16.0,-66.0,36.0,295.0
-14.0,-66.0,36.0,295.0
-12.0,-66.0,36.0,295.0
-10.0,-66.0,36.0,61.0
-8.0,-66.0,36.0,61.0
-6.0,-66.0,36.0,61.0
-4.0,-66.0,36.0,61.0
-2.0,-66.0,36.0,515.0
0.0,-66.0,36.0,515.0
2.0,-66.0,36.0,515.0
4.0,-66.0,36.0,219.0
6.0,-66.0,36.0,219.0
8.0,-66.0,36.0,580.0
10.0,-66.0,36.0,580.0
12.0,-66.0,36.0,580.0
14.0,-66.0,36.0,580.0
16.0,-66.0,36.0,580.0
18.0,-66.0,36.0,580.0
22.0,-66.0,36.0,580.0
24.0,-66.0,36.0,580.0
26.0,-66.0,36.0,543.0
28.0,-66.0,36.0,543.0
30.0,-66.0,36.0,254.0
32.0,-66.0,36.0,254.0
34.0,-66.0,36.0,254.0
36.0,-66.0,36.0,254.0
38.0,-66.0,36.0,254.0
40.0,-66.0,36.0,254.0
42.0,-66.0,36.0,254.0
44.0,-66.0,36.0,254.0
46.0,-66.0,36.0,58.0
48.0,-66.0,36.0,159.0
50.0,-66.0,36.0,159.0
52.0,-66.0,36.0,159.0
54.0,-66.0,36.0,159.0
56.0,-66.0,36.0,159.0
-56.0,-64.0,36.0,595.0
-54.0,-64.0,36.0,595.0
-52.0,-64.0,36.0,595.0
-50.0,-64.0,36.0,299.0
-48.0,-64.0,36.0,411.0
-46.0,-64.0,36.0,411.0
-44.0,-64.0,36.0,411.0
-42.0,-64.0,36.0,411.0
-40.0,-64.0,36.0,411.0
-38.0,-64.0,36.0,411.0
-36.0,-64.0,36.0,411.0
-34.0,-64.0,36.0,128.0
-32.0,-64.0,36.0,128.0
-30.0,-64.0,36.0,128.0
-28.0,-64.0,36.0,128.0
-26.0,-64.0,36.0,128.0
-24.0,-64.0,36.0,295.0
-20.0,-64.0,36.0,295.0
-18.0,-64.0,36.0,295.0
-16.0,-64.0,36.0,295.0
-14.0,-64.0,36.0,295.0
-12.0,-64.0,36.0,295.0
-10.0,-64.0,36.0,61.0
-8.0,-64.0,36.0,61.0
-6.0,-64.0,36.0,61.0
-4.0,-64.0,36.0,61.0
-2.0,-64.0,36.0,515.0
0.0,-64.0,36.0,515.0
2.0,-64.0,36.0,515.0
4.0,-64.0,36.0,515.0
6.0,-64.0,36.0,219.0
8.0,-64.0,36.0,580.0
10.0,-64.0,36.0,580.0
12.0,-64.0,36.0,580.0
14.0,-64.0,36.0,580.0
16.0,-64.0,36.0,580.0
22.0,-64.0,36.0,580.0
24.0,-64.0,36.0,580.0
26.0,-64.0,36.0,543.0
28.0,-64.0,36.0,543.0
30.0,-64.0,36.0,543.0
32.0,-64.0,36.0,543.0
34.0,-64.0,36.0,543.0
36.0,-64.0,36.0,572.0
38.0,-64.0,36.0,572.0
40.0,-64.0,36.0,572.0
42.0,-64.0,36.0,572.0
44.0,-64.0,36.0,58.0
46.0,-64.0,36.0,58.0
48.0,-64.0,36.0,159.0
50.0,-64.0,36.0,159.0
52.0,-64.0,36.0,159.0
54.0,-64.0,36.0,159.0
56.0,-64.0,36.0,159.0
-58.0,-62.0,36.0,595.0
-56.0,-62.0,36.0,595.0
-54.0,-62.0,36.0,595.0
-52.0,-62.0,36.0,411.0
-50.0,-62.0,36.0,411.0
-48.0,-62.0,36.0,411.0
-46.0,-62.0,36.0,411.0
-44.0,-62.0,36.0,411.0
-42.0,-62.0,36.0,411.0
-40.0,-62.0,36.0,411.0
-38.0,-62.0,36.0,411.0
-36.0,-62.0,36.0,411.0
-34.0,-62.0,36.0,128.0
-32.0,-62.0,36.0,128.0
-30.0,-62.0,36.0,128.0
-28.0,-62.0,36.0,128.0
-26.0,-62.0,36.0,128.0
-24.0,-62.0,36.0,295.0
-18.0,-62.0,36.0,295.0
-16.0,-62.0,36.0,295.0
-14.0,-62.0,36.0,295.0
-12.0,-62.0,36.0,295.0
-10.0,-62.0,36.0,295.0
-8.0,-62.0,36.0,61.0
-6.0,-62.0,36.0,61.0
-4.0,-62.0,36.0,98.0
-2.0,-62.0,36.0,98.0
0.0,-62.0,36.0,515.0
2.0,-62.0,36.0,515.0
4.0,-62.0,36.0,515.0
6.0,-62.0,36.0,580.0
8.0,-62.0,36.0,580.0
10.0,-62.0,36.0,580.0
12.0,-62.0,36.0,580.0
14.0,-62.0,36.0,580.0
16.0,-62.0,36.0,580.0
18.0,-62.0,36.0,580.0
22.0,-62.0,36.0,580.0
24.0,-62.0,36.0,543.0
26.0,-62.0,36.0,543.0
28.0,-62.0,36.0,543.0
30.0,-62.0,36.0,543.0
32.0,-62.0,36.0,543.0
34.0,-62.0,36.0,543.0
36.0,-62.0,36.0,543.0
38.0,-62.0,36.0,572.0
40.0,-62.0,36.0,572.0
42.0,-62.0,36.0,58.0
44.0,-62.0,36.0,58.0
46.0,-62.0,36.0,58.0
48.0,-62.0,36.0,159.0
50.0,-62.0,36.0,159.0
52.0,-62.0,36.0,159.0
54.0,-62.0,36.0,159.0
56.0,-62.0,36.0,159.0
58.0,-62.0,36.0,159.0
-60.0,-60.0,36.0,392.0
-58.0,-60.0,36.0,392.0
-56.0,-60.0,36.0,392.0
-54.0,-60.0,36.0,411.0
-52.0,-60.0,36.0,411.0
-50.0,-60.0,36.0,411.0
-48.0,-60.0,36.0,411.0
-46.0,-60.0,36.0,411.0
-44.0,-60.0,36.0,411.0
-42.0,-60.0,36.0,411.0
-40.0,-60.0,36.0,411.0
-38.0,-60.0,36.0,411.0
-36.0,-60.0,36.0,411.0
-34.0,-60.0,36.0,128.0
-32.0,-60.0,36.0,128.0
-30.0,-60.0,36.0,128.0
-28.0,-60.0,36.0,128.0
-26.0,-60.0,36.0,128.0
-24.0,-60.0,36.0,295.0
-18.0,-60.0,36.0,295.0
-16.0,-60.0,36.0,295.0
-14.0,-60.0,36.0,295.0
-12.0,-60.0,36.0,295.0
-10.0,-60.0,36.0,295.0
-8.0,-60.0,36.0,98.0
-6.0,-60.0,36.0,98.0
-4.0,-60.0,36.0,98.0
-2.0,-60.0,36.0,98.0
0.0,-60.0,36.0,98.0
2.0,-60.0,36.0,98.0
4.0,-60.0,36.0,486.0
6.0,-60.0,36.0,486.0
8.0,-60.0,36.0,486.0
10.0,-60.0,36.0,580.0
12.0,-60.0,36.0,580.0
14.0,-60.0,36.0,580.0
16.0,-60.0,36.0,580.0
18.0,-60.0,36.0,580.0
22.0,-60.0,36.0,580.0
24.0,-60.0,36.0,543.0
26.0,-60.0,36.0,543.0
28.0,-60.0,36.0,543.0
30.0,-60.0,36.0,543.0
32.0,-60.0,36.0,543.0
34.0,-60.0,36.0,543.0
36.0,-60.0,36.0,543.0
38.0,-60.0,36.0,543.0
40.0,-60.0,36.0,58.0
42.0,-60.0,36.0,58.0
44.0,-60.0,36.0,58.0
46.0,-60.0,36.0,58.0
48.0,-60.0,36.0,159.0
50.0,-60.0,36.0,159.0
52.0,-60.0,36.0,159.0
54.0,-60.0,36.0,159.0
56.0,-60.0,36.0,159.0
58.0,-60.0,36.0,159.0
60.0,-60.0,36.0,159.0
-60.0,-58.0,36.0,392.0
-58.0,-58.0,36.0,392.0
-56.0,-58.0,36.0,392.0
-54.0,-58.0,36.0,411.0
-52.0,-58.0,36.0,411.0
-50.0,-58.0,36.0,411.0
-48.0,-58.0,36.0,411.0
-46.0,-58.0,36.0,411.0
-44.0,-58.0,36.0,411.0
-42.0,-58.0,36.0,411.0
-40.0,-58.0,36.0,411.0
-38.0,-58.0,36.0,411.0
-36.0,-58.0,36.0,411.0
-34.0,-58.0,36.0,411.0
-32.0,-58.0,36.0,128.0
-30.0,-58.0,36.0,128.0
-28.0,-58.0,36.0,128.0
-26.0,-58.0,36.0,128.0
-24.0,-58.0,36.0,295.0
-18.0,-58.0,36.0,295.0
-16.0,-58.0,36.0,295.0
-14.0,-58.0,36.0,295.0
-12.0,-58.0,36.0,295.0
-10.0,-58.0,36.0,98.0
-8.0,-58.0,36.0,98.0
-6.0,-58.0,36.0,98.0
-4.0,-58.0,36.0,98.0
-2.0,-58.0,36.0,98.0
0.0,-58.0,36.0,98.0
2.0,-58.0,36.0,98.0
4.0,-58.0,36.0,486.0
6.0,-58.0,36.0,486.0
8.0,-58.0,36.0,486.0
10.0,-58.0,36.0,486.0
12.0,-58.0,36.0,486.0
14.0,-58.0,36.0,486.0
16.0,-58.0,36.0,486.0
22.0,-58.0,36.0,501.0
24.0,-58.0,36.0,543.0
26.0,-58.0,36.0,543.0
28.0,-58.0,36.0,543.0
30.0,-58.0,36.0,543.0
32.0,-58.0,36.0,543.0
34.0,-58.0,36.0,543.0
36.0,-58.0,36.0,543.0
38.0,-58.0,36.0,58.0
40.0,-58.0,36.0,58.0
42.0,-58.0,36.0,58.0
44.0,-58.0,36.0,58.0
46.0,-58.0,36.0,58.0
48.0,-58.0,36.0,159.0
50.0,-58.0,36.0,159.0
52.0,-58.0,36.0,159.0
54.0,-58.0,36.0,159.0
56.0,-58.0,36.0,159.0
58.0,-58.0,36.0,159.0
60.0,-58.0,36.0,159.0
-62.0,-56.0,36.0,392.0
-60.0,-56.0,36.0,392.0
-58.0,-56.0,36.0,392.0
-56.0,-56.0,36.0,392.0
-54.0,-56.0,36.0,392.0
-52.0,-56.0,36.0,411.0
-50.0,-56.0,36.0,411.0
-48.0,-56.0,36.0,411.0
-46.0,-56.0,36.0,411.0
-44.0,-56.0,36.0,411.0
-42.0,-56.0,36.0,411.0
-40.0,-56.0,36.0,411.0
-38.0,-56.0,36.0,411.0
-36.0,-56.0,36.0,411.0
-34.0,-56.0,36.0,3.0
-32.0,-56.0,36.0,3.0
-30.0,-56.0,36.0,128.0
-28.0,-56.0,36.0,128.0
-26.0,-56.0,36.0,128.0
-24.0,-56.0,36.0,295.0
-18.0,-56.0,36.0,295.0
-16.0,-56.0,36.0,295.0
-14.0,-56.0,36.0,295.0
-12.0,-56.0,36.0,98.0
-10.0,-56.0,36.0,98.0
-8.0,-56.0,36.0,98.0
-6.0,-56.0,36.0,98.0
-4.0,-56.0,36.0,98.0
-2.0,-56.0,36.0,98.0
0.0,-56.0,36.0,98.0
2.0,-56.0,36.0,98.0
4.0,-56.0,36.0,486.0
6.0,-56.0,36.0,486.0
8.0,-56.0,36.0,486.0
10.0,-56.0,36.0,486.0
12.0,-56.0,36.0,486.0
14.0,-56.0,36.0,486.0
22.0,-56.0,36.0,501.0
24.0,-56.0,36.0,543.0
26.0,-56.0,36.0,543.0
28.0,-56.0,36.0,543.0
30.0,-56.0,36.0,543.0
32.0,-56.0,36.0,543.0
34.0,-56.0,36.0,543.0
36.0,-56.0,36.0,543.0
38.0,-56.0,36.0,58.0
40.0,-56.0,36.0,58.0
42.0,-56.0,36.0,58.0
44.0,-56.0,36.0,58.0
46.0,-56.0,36.0,58.0
48.0,-56.0,36.0,159.0
50.0,-56.0,36.0,159.0
52.0,-56.0,36.0,159.0
54.0,-56.0,36.0,159.0
56.0,-56.0,36.0,159.0
58.0,-56.0,36.0,159.0
60.0,-56.0,36.0,159.0
62.0,-56.0,36.0,193.0
-62.0,-54.0,36.0,392.0
-60.0,-54.0,36.0,392.0
-58.0,-54.0,36.0,392.0
-56.0,-54.0,36.0,392.0
-54.0,-54.0,36.0,392.0
-52.0,-54.0,36.0,411.0
-50.0,-54.0,36.0,411.0
-48.0,-54.0,36.0,411.0
-46.0,-54.0,36.0,411.0
-44.0,-54.0,36.0,411.0
-42.0,-54.0,36.0,411.0
-40.0,-54.0,36.0,411.0
-38.0,-54.0,36.0,411.0
-36.0,-54.0,36.0,3.0
-34.0,-54.0,36.0,3.0
-32.0,-54.0,36.0,3.0
-30.0,-54.0,36.0,3.0
-28.0,-54.0,36.0,3.0
-26.0,-54.0,36.0,77.0
-24.0,-54.0,36.0,295.0
-16.0,-54.0,36.0,12.0
-14.0,-54.0,36.0,12.0
-12.0,-54.0,36.0,98.0
-10.0,-54.0,36.0,98.0
-8.0,-54.0,36.0,98.0
-6.0,-54.0,36.0,98.0
-4.0,-54.0,36.0,98.0
-2.0,-54.0,36.0,98.0
0.0,-54.0,36.0,98.0
2.0,-54.0,36.0,98.0
4.0,-54.0,36.0,80.0
6.0,-54.0,36.0,486.0
8.0,-54.0,36.0,486.0
10.0,-54.0,36.0,486.0
12.0,-54.0,36.0,486.0
14.0,-54.0,36.0,486.0
22.0,-54.0,36.0,363.0
24.0,-54.0,36.0,543.0
26.0,-54.0,36.0,543.0
28.0,-54.0,36.0,543.0
30.0,-54.0,36.0,543.0
32.0,-54.0,36.0,543.0
34.0,-54.0,36.0,543.0
36.0,-54.0,36.0,543.0
38.0,-54.0,36.0,58.0
40.0,-54.0,36.0,58.0
42.0,-54.0,36.0,58.0
44.0,-54.0,36.0,58.0
46.0,-54.0,36.0,58.0
48.0,-54.0,36.0,159.0
50.0,-54.0,36.0,159.0
52.0,-54.0,36.0,159.0
54.0,-54.0,36.0,159.0
56.0,-54.0,36.0,159.0
58.0,-54.0,36.0,159.0
60.0,-54.0,36.0,193.0
62.0,-54.0,36.0,193.0
-62.0,-52.0,36.0,392.0
-60.0,-52.0,36.0,392.0
-58.0,-52.0,36.0,392.0
-56.0,-52.0,36.0,392.0
-54.0,-52.0,36.0,242.0
-52.0,-52.0,36.0,242.0
-50.0,-52.0,36.0,242.0
-48.0,-52.0,36.0,411.0
-46.0,-52.0,36.0,411.0
-44.0,-52.0,36.0,411.0
-40.0,-52.0,36.0,3.0
-38.0,-52.0,36.0,3.0
-36.0,-52.0,36.0,3.0
-34.0,-52.0,36.0,3.0
-32.0,-52.0,36.0,3.0
-30.0,-52.0,36.0,3.0
-28.0,-52.0,36.0,3.0
-26.0,-52.0,36.0,3.0
-24.0,-52.0,36.0,77.0
-16.0,-52.0,36.0,12.0
-14.0,-52.0,36.0,12.0
-12.0,-52.0,36.0,12.0
-10.0,-52.0,36.0,98.0
-8.0,-52.0,36.0,98.0
-6.0,-52.0,36.0,98.0
-4.0,-52.0,36.0,98.0
-2.0,-52.0,36.0,98.0
0.0,-52.0,36.0,98.0
2.0,-52.0,36.0,80.0
4.0,-52.0,36.0,80.0
6.0,-52.0,36.0,80.0
8.0,-52.0,36.0,486.0
10.0,-52.0,36.0,486.0
12.0,-52.0,36.0,486.0
14.0,-52.0,36.0,486.0
24.0,-52.0,36.0,363.0
26.0,-52.0,36.0,363.0
30.0,-52.0,36.0,543.0
32.0,-52.0,36.0,543.0
34.0,-52.0,36.0,543.0
36.0,-52.0,36.0,173.0
38.0,-52.0,36.0,173.0
40.0,-52.0,36.0,58.0
42.0,-52.0,36.0,58.0
44.0,-52.0,36.0,58.0
46.0,-52.0,36.0,58.0
48.0,-52.0,36.0,159.0
50.0,-52.0,36.0,159.0
52.0,-52.0,36.0,159.0
54.0,-52.0,36.0,159.0
56.0,-52.0,36.0,159.0
58.0,-52.0,36.0,159.0
60.0,-52.0,36.0,193.0
62.0,-52.0,36.0,193.0
-64.0,-50.0,36.0,392.0
-62.0,-50.0,36.0,392.0
-60.0,-50.0,36.0,392.0
-58.0,-50.0,36.0,392.0
-56.0,-50.0,36.0,392.0
-54.0,-50.0,36.0,242.0
-52.0,-50.0,36.0,242.0
-50.0,-50.0,36.0,242.0
-48.0,-50.0,36.0,242.0
-46.0,-50.0,36.0,411.0
-40.0,-50.0,36.0,3.0
-38.0,-50.0,36.0,3.0
-36.0,-50.0,36.0,3.0
-34.0,-50.0,36.0,3.0
-32.0,-50.0,36.0,3.0
-30.0,-50.0,36.0,3.0
-28.0,-50.0,36.0,3.0
-16.0,-50.0,36.0,12.0
-14.0,-50.0,36.0,12.0
-12.0,-50.0,36.0,12.0
-10.0,-50.0,36.0,12.0
-8.0,-50.0,36.0,98.0
-6.0,-50.0,36.0,98.0
-4.0,-50.0,36.0,98.0
2.0,-50.0,36.0,80.0
4.0,-50.0,36.0,80.0
6.0,-50.0,36.0,80.0
8.0,-50.0,36.0,80.0
10.0,-50.0,36.0,486.0
12.0,-50.0,36.0,486.0
14.0,-50.0,36.0,486.0
16.0,-50.0,36.0,486.0
30.0,-50.0,36.0,240.0
32.0,-50.0,36.0,240.0
34.0,-50.0,36.0,240.0
36.0,-50.0,36.0,173.0
38.0,-50.0,36.0,173.0
40.0,-50.0,36.0,173.0
42.0,-50.0,36.0,173.0
44.0,-50.0,36.0,58.0
46.0,-50.0,36.0,58.0
48.0,-50.0,36.0,159.0
50.0,-50.0,36.0,159.0
52.0,-50.0,36.0,159.0
54.0,-50.0,36.0,159.0
56.0,-50.0,36.0,159.0
58.0,-50.0,36.0,193.0
60.0,-50.0,36.0,193.0
62.0,-50.0,36.0,193.0
64.0,-50.0,36.0,193.0
-64.0,-48.0,36.0,392.0
-62.0,-48.0,36.0,392.0
-60.0,-48.0,36.0,392.0
-58.0,-48.0,36.0,392.0
-56.0,-48.0,36.0,242.0
-54.0,-48.0,36.0,242.0
-52.0,-48.0,36.0,242.0
-50.0,-48.0,36.0,242.0
-48.0,-48.0,36.0,242.0
-46.0,-48.0,36.0,242.0
-40.0,-48.0,36.0,3.0
-38.0,-48.0,36.0,3.0
-36.0,-48.0,36.0,3.0
-34.0,-48.0,36.0,3.0
-32.0,-48.0,36.0,3.0
-18.0,-48.0,36.0,12.0
-16.0,-48.0,36.0,12.0
-14.0,-48.0,36.0,12.0
-12.0,-48.0,36.0,12.0
-10.0,-48.0,36.0,12.0
-8.0,-48.0,36.0,98.0
-6.0,-48.0,36.0,98.0
-4.0,-48.0,36.0,98.0
0.0,-48.0,36.0,80.0
2.0,-48.0,36.0,80.0
4.0,-48.0,36.0,80.0
6.0,-48.0,36.0,80.0
8.0,-48.0,36.0,80.0
10.0,-48.0,36.0,486.0
12.0,-48.0,36.0,486.0
14.0,-48.0,36.0,486.0
16.0,-48.0,36.0,486.0
32.0,-48.0,36.0,240.0
34.0,-48.0,36.0,240.0
36.0,-48.0,36.0,173.0
38.0,-48.0,36.0,173.0
40.0,-48.0,36.0,173.0
42.0,-48.0,36.0,173.0
50.0,-48.0,36.0,159.0
52.0,-48.0,36.0,159.0
54.0,-48.0,36.0,159.0
56.0,-48.0,36.0,193.0
58.0,-48.0,36.0,193.0
60.0,-48.0,36.0,193.0
62.0,-48.0,36.0,193.0
64.0,-48.0,36.0,193.0
-66.0,-46.0,36.0,392.0
-64.0,-46.0,36.0,392.0
-62.0,-46.0,36.0,392.0
-60.0,-46.0,36.0,392.0
-58.0,-46.0,36.0,392.0
-56.0,-46.0,36.0,242.0
-54.0,-46.0,36.0,242.0
-52.0,-46.0,36.0,242.0
-50.0,-46.0,36.0,242.0
-46.0,-46.0,36.0,242.0
-44.0,-46.0,36.0,3.0
-42.0,-46.0,36.0,3.0
-40.0,-46.0,36.0,3.0
-38.0,-46.0,36.0,3.0
-36.0,-46.0,36.0,3.0
-34.0,-46.0,36.0,3.0
-32.0,-46.0,36.0,3.0
-18.0,-46.0,36.0,12.0
-16.0,-46.0,36.0,12.0
-14.0,-46.0,36.0,12.0
-12.0,-46.0,36.0,12.0
-10.0,-46.0,36.0,12.0
-8.0,-46.0,36.0,12.0
-6.0,-46.0,36.0,199.0
-4.0,-46.0,36.0,98.0
-2.0,-46.0,36.0,98.0
0.0,-46.0,36.0,80.0
2.0,-46.0,36.0,80.0
4.0,-46.0,36.0,80.0
6.0,-46.0,36.0,80.0
8.0,-46.0,36.0,80.0
10.0,-46.0,36.0,80.0
12.0,-46.0,36.0,486.0
14.0,-46.0,36.0,486.0
16.0,-46.0,36.0,486.0
32.0,-46.0,36.0,240.0
34.0,-46.0,36.0,240.0
36.0,-46.0,36.0,240.0
38.0,-46.0,36.0,173.0
40.0,-46.0,36.0,173.0
50.0,-46.0,36.0,342.0
52.0,-46.0,36.0,342.0
54.0,-46.0,36.0,342.0
56.0,-46.0,36.0,342.0
58.0,-46.0,36.0,193.0
60.0,-46.0,36.0,193.0
62.0,-46.0,36.0,193.0
64.0,-46.0,36.0,193.0
-66.0,-44.0,36.0,392.0
-64.0,-44.0,36.0,392.0
-62.0,-44.0,36.0,392.0
-60.0,-44.0,36.0,392.0
-58.0,-44.0,36.0,242.0
-56.0,-44.0,36.0,242.0
-54.0,-44.0,36.0,242.0
-52.0,-44.0,36.0,242.0
-46.0,-44.0,36.0,242.0
-44.0,-44.0,36.0,3.0
-42.0,-44.0,36.0,3.0
-40.0,-44.0,36.0,3.0
-38.0,-44.0,36.0,3.0
-36.0,-44.0,36.0,3.0
-34.0,-44.0,36.0,3.0
-32.0,-44.0,36.0,3.0
-16.0,-44.0,36.0,12.0
-14.0,-44.0,36.0,12.0
-12.0,-44.0,36.0,12.0
-10.0,-44.0,36.0,12.0
-8.0,-44.0,36.0,199.0
-6.0,-44.0,36.0,199.0
-4.0,-44.0,36.0,199.0
-2.0,-44.0,36.0,199.0
0.0,-44.0,36.0,80.0
2.0,-44.0,36.0,80.0
4.0,-44.0,36.0,80.0
6.0,-44.0,36.0,80.0
8.0,-44.0,36.0,80.0
10.0,-44.0,36.0,80.0
12.0,-44.0,36.0,122.0
14.0,-44.0,36.0,122.0
16.0,-44.0,36.0,486.0
32.0,-44.0,36.0,240.0
34.0,-44.0,36.0,240.0
36.0,-44.0,36.0,240.0
38.0,-44.0,36.0,173.0
50.0,-44.0,36.0,342.0
52.0,-44.0,36.0,342.0
54.0,-44.0,36.0,342.0
56.0,-44.0,36.0,342.0
58.0,-44.0,36.0,342.0
60.0,-44.0,36.0,193.0
62.0,-44.0,36.0,193.0
64.0,-44.0,36.0,193.0
66.0,-44.0,36.0,193.0
-66.0,-42.0,36.0,392.0
-64.0,-42.0,36.0,392.0
-62.0,-42.0,36.0,392.0
-60.0,-42.0,36.0,392.0
-58.0,-42.0,36.0,242.0
-56.0,-42.0,36.0,242.0
-54.0,-42.0,36.0,242.0
-52.0,-42.0,36.0,242.0
-46.0,-42.0,36.0,242.0
-44.0,-42.0,36.0,3.0
-42.0,-42.0,36.0,3.0
-40.0,-42.0,36.0,3.0
-38.0,-42.0,36.0,3.0
-16.0,-42.0,36.0,12.0
-14.0,-42.0,36.0,12.0
-12.0,-42.0,36.0,12.0
-10.0,-42.0,36.0,12.0
-8.0,-42.0,36.0,199.0
-6.0,-42.0,36.0,199.0
-4.0,-42.0,36.0,199.0
-2.0,-42.0,36.0,199.0
0.0,-42.0,36.0,80.0
2.0,-42.0,36.0,80.0
4.0,-42.0,36.0,80.0
6.0,-42.0,36.0,80.0
8.0,-42.0,36.0,80.0
10.0,-42.0,36.0,80.0
12.0,-42.0,36.0,122.0
14.0,-42.0,36.0,122.0
16.0,-42.0,36.0,122.0
34.0,-42.0,36.0,240.0
36.0,-42.0,36.0,240.0
44.0,-42.0,36.0,488.0
46.0,-42.0,36.0,488.0
48.0,-42.0,36.0,488.0
50.0,-42.0,36.0,358.0
52.0,-42.0,36.0,358.0
54.0,-42.0,36.0,358.0
56.0,-42.0,36.0,358.0
58.0,-42.0,36.0,358.0
60.0,-42.0,36.0,358.0
62.0,-42.0,36.0,193.0
64.0,-42.0,36.0,193.0
66.0,-42.0,36.0,193.0
-66.0,-40.0,36.0,392.0
-64.0,-40.0,36.0,392.0
-62.0,-40.0,36.0,392.0
-60.0,-40.0,36.0,221.0
-58.0,-40.0,36.0,221.0
-56.0,-40.0,36.0,221.0
-54.0,-40.0,36.0,221.0
-52.0,-40.0,36.0,221.0
-46.0,-40.0,36.0,221.0
-44.0,-40.0,36.0,221.0
-42.0,-40.0,36.0,3.0
-40.0,-40.0,36.0,3.0
-38.0,-40.0,36.0,3.0
-36.0,-40.0,36.0,3.0
-16.0,-40.0,36.0,12.0
-14.0,-40.0,36.0,12.0
-12.0,-40.0,36.0,12.0
-10.0,-40.0,36.0,12.0
-8.0,-40.0,36.0,199.0
-6.0,-40.0,36.0,199.0
-4.0,-40.0,36.0,199.0
-2.0,-40.0,36.0,199.0
0.0,-40.0,36.0,435.0
2.0,-40.0,36.0,435.0
4.0,-40.0,36.0,435.0
6.0,-40.0,36.0,435.0
8.0,-40.0,36.0,435.0
10.0,-40.0,36.0,435.0
12.0,-40.0,36.0,435.0
14.0,-40.0,36.0,122.0
40.0,-40.0,36.0,212.0
42.0,-40.0,36.0,173.0
44.0,-40.0,36.0,488.0
46.0,-40.0,36.0,488.0
48.0,-40.0,36.0,488.0
50.0,-40.0,36.0,358.0
52.0,-40.0,36.0,358.0
54.0,-40.0,36.0,358.0
56.0,-40.0,36.0,358.0
58.0,-40.0,36.0,358.0
60.0,-40.0,36.0,358.0
62.0,-40.0,36.0,74.0
64.0,-40.0,36.0,74.0
66.0,-40.0,36.0,193.0
-68.0,-38.0,36.0,392.0
-66.0,-38.0,36.0,322.0
-64.0,-38.0,36.0,322.0
-62.0,-38.0,36.0,221.0
-60.0,-38.0,36.0,221.0
-58.0,-38.0,36.0,221.0
-56.0,-38.0,36.0,221.0
-54.0,-38.0,36.0,221.0
-52.0,-38.0,36.0,221.0
-46.0,-38.0,36.0,221.0
-44.0,-38.0,36.0,221.0
-42.0,-38.0,36.0,221.0
-40.0,-38.0,36.0,3.0
-38.0,-38.0,36.0,3.0
-36.0,-38.0,36.0,3.0
-16.0,-38.0,36.0,12.0
-14.0,-38.0,36.0,12.0
-12.0,-38.0,36.0,12.0
-10.0,-38.0,36.0,199.0
-8.0,-38.0,36.0,199.0
-6.0,-38.0,36.0,199.0
-4.0,-38.0,36.0,199.0
-2.0,-38.0,36.0,199.0
0.0,-38.0,36.0,435.0
2.0,-38.0,36.0,435.0
4.0,-38.0,36.0,435.0
6.0,-38.0,36.0,435.0
8.0,-38.0,36.0,435.0
10.0,-38.0,36.0,435.0
12.0,-38.0,36.0,435.0
14.0,-38.0,36.0,435.0
40.0,-38.0,36.0,212.0
42.0,-38.0,36.0,212.0
44.0,-38.0,36.0,488.0
46.0,-38.0,36.0,488.0
48.0,-38.0,36.0,488.0
50.0,-38.0,36.0,358.0
52.0,-38.0,36.0,358.0
54.0,-38.0,36.0,358.0
56.0,-38.0,36.0,358.0
58.0,-38.0,36.0,358.0
60.0,-38.0,36.0,74.0
62.0,-38.0,36.0,74.0
64.0,-38.0,36.0,74.0
66.0,-38.0,36.0,74.0
-68.0,-36.0,36.0,322.0
-66.0,-36.0,36.0,322.0
-64.0,-36.0,36.0,221.0
-62.0,-36.0,36.0,221.0
-60.0,-36.0,36.0,221.0
-58.0,-36.0,36.0,221.0
-56.0,-36.0,36.0,221.0
-54.0,-36.0,36.0,221.0
-46.0,-36.0,36.0,221.0
-44.0,-36.0,36.0,221.0
-42.0,-36.0,36.0,221.0
-40.0,-36.0,36.0,221.0
-38.0,-36.0,36.0,3.0
-36.0,-36.0,36.0,3.0
-14.0,-36.0,36.0,12.0
-12.0,-36.0,36.0,12.0
-10.0,-36.0,36.0,199.0
-8.0,-36.0,36.0,199.0
-6.0,-36.0,36.0,199.0
-4.0,-36.0,36.0,55.0
-2.0,-36.0,36.0,55.0
0.0,-36.0,36.0,435.0
2.0,-36.0,36.0,435.0
4.0,-36.0,36.0,435.0
6.0,-36.0,36.0,435.0
8.0,-36.0,36.0,435.0
10.0,-36.0,36.0,435.0
12.0,-36.0,36.0,435.0
40.0,-36.0,36.0,212.0
42.0,-36.0,36.0,212.0
44.0,-36.0,36.0,488.0
46.0,-36.0,36.0,488.0
48.0,-36.0,36.0,488.0
50.0,-36.0,36.0,358.0
52.0,-36.0,36.0,358.0
54.0,-36.0,36.0,358.0
56.0,-36.0,36.0,358.0
58.0,-36.0,36.0,74.0
60.0,-36.0,36.0,74.0
62.0,-36.0,36.0,74.0
64.0,-36.0,36.0,74.0
66.0,-36.0,36.0,74.0
-68.0,-34.0,36.0,322.0
-66.0,-34.0,36.0,221.0
-64.0,-34.0,36.0,221.0
-62.0,-34.0,36.0,221.0
-58.0,-34.0,36.0,221.0
-56.0,-34.0,36.0,221.0
-54.0,-34.0,36.0,221.0
-44.0,-34.0,36.0,221.0
-42.0,-34.0,36.0,221.0
-40.0,-34.0,36.0,221.0
-38.0,-34.0,36.0,3.0
-36.0,-34.0,36.0,3.0
-14.0,-34.0,36.0,12.0
-12.0,-34.0,36.0,12.0
-10.0,-34.0,36.0,55.0
-8.0,-34.0,36.0,55.0
-6.0,-34.0,36.0,55.0
-4.0,-34.0,36.0,55.0
-2.0,-34.0,36.0,55.0
0.0,-34.0,36.0,55.0
2.0,-34.0,36.0,435.0
4.0,-34.0,36.0,435.0
6.0,-34.0,36.0,435.0
8.0,-34.0,36.0,435.0
10.0,-34.0,36.0,435.0
40.0,-34.0,36.0,212.0
42.0,-34.0,36.0,212.0
44.0,-34.0,36.0,488.0
46.0,-34.0,36.0,488.0
48.0,-34.0,36.0,358.0
50.0,-34.0,36.0,358.0
52.0,-34.0,36.0,358.0
54.0,-34.0,36.0,358.0
56.0,-34.0,36.0,74.0
58.0,-34.0,36.0,74.0
60.0,-34.0,36.0,74.0
62.0,-34.0,36.0,74.0
64.0,-34.0,36.0,74.0
66.0,-34.0,36.0,74.0
-68.0,-32.0,36.0,447.0
-66.0,-32.0,36.0,71.0
-64.0,-32.0,36.0,71.0
-62.0,-32.0,36.0,221.0
-58.0,-32.0,36.0,221.0
-56.0,-32.0,36.0,221.0
-42.0,-32.0,36.0,221.0
-40.0,-32.0,36.0,221.0
-38.0,-32.0,36.0,221.0
-36.0,-32.0,36.0,3.0
-12.0,-32.0,36.0,55.0
-10.0,-32.0,36.0,55.0
-8.0,-32.0,36.0,55.0
-6.0,-32.0,36.0,55.0
-4.0,-32.0,36.0,55.0
-2.0,-32.0,36.0,55.0
0.0,-32.0,36.0,55.0
2.0,-32.0,36.0,55.0
4.0,-32.0,36.0,55.0
6.0,-32.0,36.0,435.0
8.0,-32.0,36.0,435.0
14.0,-32.0,36.0,435.0
16.0,-32.0,36.0,532.0
44.0,-32.0,36.0,260.0
46.0,-32.0,36.0,260.0
48.0,-32.0,36.0,260.0
50.0,-32.0,36.0,204.0
52.0,-32.0,36.0,204.0
54.0,-32.0,36.0,204.0
56.0,-32.0,36.0,74.0
58.0,-32.0,36.0,74.0
60.0,-32.0,36.0,74.0
62.0,-32.0,36.0,74.0
64.0,-32.0,36.0,74.0
66.0,-32.0,36.0,74.0
-68.0,-30.0,36.0,447.0
-66.0,-30.0,36.0,447.0
-64.0,-30.0,36.0,71.0
-62.0,-30.0,36.0,71.0
-60.0,-30.0,36.0,221.0
-58.0,-30.0,36.0,221.0
-56.0,-30.0,36.0,221.0
-54.0,-30.0,36.0,221.0
-46.0,-30.0,36.0,221.0
-44.0,-30.0,36.0,221.0
-42.0,-30.0,36.0,221.0
-40.0,-30.0,36.0,221.0
-38.0,-30.0,36.0,221.0
-16.0,-30.0,36.0,55.0
-10.0,-30.0,36.0,55.0
-8.0,-30.0,36.0,55.0
-6.0,-30.0,36.0,55.0
-4.0,-30.0,36.0,55.0
-2.0,-30.0,36.0,55.0
0.0,-30.0,36.0,55.0
2.0,-30.0,36.0,55.0
4.0,-30.0,36.0,55.0
6.0,-30.0,36.0,55.0
8.0,-30.0,36.0,435.0
12.0,-30.0,36.0,532.0
14.0,-30.0,36.0,532.0
16.0,-30.0,36.0,532.0
46.0,-30.0,36.0,260.0
48.0,-30.0,36.0,260.0
50.0,-30.0,36.0,204.0
52.0,-30.0,36.0,204.0
54.0,-30.0,36.0,204.0
56.0,-30.0,36.0,204.0
58.0,-30.0,36.0,204.0
60.0,-30.0,36.0,74.0
62.0,-30.0,36.0,74.0
64.0,-30.0,36.0,74.0
66.0,-30.0,36.0,74.0
-68.0,-28.0,36.0,447.0
-66.0,-28.0,36.0,447.0
-64.0,-28.0,36.0,71.0
-62.0,-28.0,36.0,71.0
-60.0,-28.0,36.0,71.0
-58.0,-28.0,36.0,71.0
-56.0,-28.0,36.0,221.0
-54.0,-28.0,36.0,221.0
-52.0,-28.0,36.0,221.0
-48.0,-28.0,36.0,221.0
-46.0,-28.0,36.0,221.0
-44.0,-28.0,36.0,221.0
-42.0,-28.0,36.0,221.0
-40.0,-28.0,36.0,205.0
-16.0,-28.0,36.0,55.0
-14.0,-28.0,36.0,55.0
-10.0,-28.0,36.0,55.0
-8.0,-28.0,36.0,55.0
-6.0,-28.0,36.0,55.0
-4.0,-28.0,36.0,55.0
-2.0,-28.0,36.0,55.0
0.0,-28.0,36.0,55.0
2.0,-28.0,36.0,55.0
4.0,-28.0,36.0,55.0
6.0,-28.0,36.0,55.0
10.0,-28.0,36.0,239.0
12.0,-28.0,36.0,532.0
14.0,-28.0,36.0,532.0
16.0,-28.0,36.0,532.0
46.0,-28.0,36.0,260.0
48.0,-28.0,36.0,204.0
50.0,-28.0,36.0,204.0
52.0,-28.0,36.0,204.0
54.0,-28.0,36.0,204.0
56.0,-28.0,36.0,204.0
58.0,-28.0,36.0,204.0
60.0,-28.0,36.0,204.0
62.0,-28.0,36.0,204.0
64.0,-28.0,36.0,20.0
66.0,-28.0,36.0,74.0
-68.0,-26.0,36.0,447.0
-66.0,-26.0,36.0,447.0
-64.0,-26.0,36.0,447.0
-62.0,-26.0,36.0,71.0
-60.0,-26.0,36.0,71.0
-58.0,-26.0,36.0,71.0
-56.0,-26.0,36.0,71.0
-54.0,-26.0,36.0,71.0
-52.0,-26.0,36.0,221.0
-50.0,-26.0,36.0,221.0
-48.0,-26.0,36.0,221.0
-46.0,-26.0,36.0,221.0
-44.0,-26.0,36.0,205.0
-42.0,-26.0,36.0,205.0
-40.0,-26.0,36.0,205.0
-16.0,-26.0,36.0,156.0
-14.0,-26.0,36.0,156.0
-8.0,-26.0,36.0,156.0
-6.0,-26.0,36.0,156.0
-4.0,-26.0,36.0,156.0
-2.0,-26.0,36.0,156.0
0.0,-26.0,36.0,156.0
2.0,-26.0,36.0,156.0
4.0,-26.0,36.0,156.0
6.0,-26.0,36.0,542.0
10.0,-26.0,36.0,239.0
12.0,-26.0,36.0,239.0
14.0,-26.0,36.0,532.0
16.0,-26.0,36.0,532.0
48.0,-26.0,36.0,204.0
50.0,-26.0,36.0,204.0
52.0,-26.0,36.0,204.0
54.0,-26.0,36.0,204.0
56.0,-26.0,36.0,204.0
58.0,-26.0,36.0,204.0
60.0,-26.0,36.0,204.0
62.0,-26.0,36.0,20.0
64.0,-26.0,36.0,20.0
66.0,-26.0,36.0,20.0
-68.0,-24.0,36.0,447.0
-66.0,-24.0,36.0,447.0
-64.0,-24.0,36.0,447.0
-62.0,-24.0,36.0,447.0
-60.0,-24.0,36.0,71.0
-58.0,-24.0,36.0,71.0
-56.0,-24.0,36.0,71.0
-54.0,-24.0,36.0,71.0
-52.0,-24.0,36.0,71.0
-50.0,-24.0,36.0,221.0
-48.0,-24.0,36.0,205.0
-46.0,-24.0,36.0,205.0
-44.0,-24.0,36.0,205.0
-42.0,-24.0,36.0,205.0
-16.0,-24.0,36.0,156.0
-14.0,-24.0,36.0,156.0
-8.0,-24.0,36.0,156.0
-6.0,-24.0,36.0,156.0
-4.0,-24.0,36.0,156.0
-2.0,-24.0,36.0,156.0
0.0,-24.0,36.0,542.0
2.0,-24.0,36.0,542.0
4.0,-24.0,36.0,542.0
6.0,-24.0,36.0,542.0
10.0,-24.0,36.0,239.0
12.0,-24.0,36.0,239.0
14.0,-24.0,36.0,239.0
16.0,-24.0,36.0,532.0
52.0,-24.0,36.0,204.0
54.0,-24.0,36.0,204.0
56.0,-24.0,36.0,204.0
58.0,-24.0,36.0,204.0
60.0,-24.0,36.0,20.0
62.0,-24.0,36.0,20.0
64.0,-24.0,36.0,20.0
66.0,-24.0,36.0,20.0
-68.0,-22.0,36.0,447.0
-66.0,-22.0,36.0,447.0
-64.0,-22.0,36.0,447.0
-62.0,-22.0,36.0,447.0
-60.0,-22.0,36.0,71.0
-58.0,-22.0,36.0,71.0
-56.0,-22.0,36.0,71.0
-54.0,-22.0,36.0,71.0
-52.0,-22.0,36.0,71.0
-50.0,-22.0,36.0,71.0
-48.0,-22.0,36.0,205.0
-46.0,-22.0,36.0,205.0
-16.0,-22.0,36.0,156.0
-14.0,-22.0,36.0,156.0
-6.0,-22.0,36.0,542.0
-4.0,-22.0,36.0,542.0
-2.0,-22.0,36.0,542.0
0.0,-22.0,36.0,542.0
2.0,-22.0,36.0,542.0
4.0,-22.0,36.0,542.0
10.0,-22.0,36.0,239.0
12.0,-22.0,36.0,239.0
14.0,-22.0,36.0,239.0
58.0,-22.0,36.0,20.0
60.0,-22.0,36.0,20.0
62.0,-22.0,36.0,20.0
64.0,-22.0,36.0,20.0
66.0,-22.0,36.0,20.0
-68.0,-20.0,36.0,447.0
-66.0,-20.0,36.0,447.0
-64.0,-20.0,36.0,447.0
-62.0,-20.0,36.0,447.0
-60.0,-20.0,36.0,447.0
-58.0,-20.0,36.0,71.0
-56.0,-20.0,36.0,71.0
-54.0,-20.0,36.0,71.0
-52.0,-20.0,36.0,71.0
-50.0,-20.0,36.0,205.0
-16.0,-20.0,36.0,156.0
-14.0,-20.0,36.0,156.0
-6.0,-20.0,36.0,542.0
-4.0,-20.0,36.0,542.0
-2.0,-20.0,36.0,542.0
0.0,-20.0,36.0,542.0
2.0,-20.0,36.0,542.0
4.0,-20.0,36.0,542.0
10.0,-20.0,36.0,239.0
12.0,-20.0,36.0,239.0
14.0,-20.0,36.0,239.0
58.0,-20.0,36.0,20.0
60.0,-20.0,36.0,20.0
62.0,-20.0,36.0,20.0
64.0,-20.0,36.0,20.0
66.0,-20.0,36.0,20.0
-68.0,-18.0,36.0,447.0
-66.0,-18.0,36.0,447.0
-64.0,-18.0,36.0,447.0
-62.0,-18.0,36.0,447.0
-60.0,-18.0,36.0,447.0
-58.0,-18.0,36.0,71.0
-56.0,-18.0,36.0,71.0
-54.0,-18.0,36.0,71.0
-6.0,-18.0,36.0,542.0
-4.0,-18.0,36.0,542.0
-2.0,-18.0,36.0,542.0
0.0,-18.0,36.0,542.0
2.0,-18.0,36.0,542.0
4.0,-18.0,36.0,542.0
10.0,-18.0,36.0,239.0
12.0,-18.0,36.0,239.0
40.0,-18.0,36.0,43.0
42.0,-18.0,36.0,43.0
60.0,-18.0,36.0,20.0
62.0,-18.0,36.0,20.0
64.0,-18.0,36.0,20.0
66.0,-18.0,36.0,20.0
-66.0,-16.0,36.0,447.0
-64.0,-16.0,36.0,447.0
-62.0,-16.0,36.0,447.0
-60.0,-16.0,36.0,447.0
-58.0,-16.0,36.0,447.0
-56.0,-16.0,36.0,71.0
-6.0,-16.0,36.0,542.0
-4.0,-16.0,36.0,542.0
-2.0,-16.0,36.0,542.0
0.0,-16.0,36.0,542.0
2.0,-16.0,36.0,542.0
4.0,-16.0,36.0,239.0
10.0,-16.0,36.0,239.0
12.0,-16.0,36.0,239.0
40.0,-16.0,36.0,43.0
42.0,-16.0,36.0,43.0
44.0,-16.0,36.0,43.0
46.0,-16.0,36.0,43.0
48.0,-16.0,36.0,43.0
50.0,-16.0,36.0,204.0
52.0,-16.0,36.0,20.0
54.0,-16.0,36.0,20.0
56.0,-16.0,36.0,20.0
58.0,-16.0,36.0,20.0
60.0,-16.0,36.0,20.0
62.0,-16.0,36.0,20.0
64.0,-16.0,36.0,20.0
-66.0,-14.0,36.0,447.0
-64.0,-14.0,36.0,447.0
-62.0,-14.0,36.0,447.0
-60.0,-14.0,36.0,19.0
-58.0,-14.0,36.0,19.0
-48.0,-14.0,36.0,205.0
-46.0,-14.0,36.0,205.0
-4.0,-14.0,36.0,542.0
-2.0,-14.0,36.0,542.0
0.0,-14.0,36.0,542.0
2.0,-14.0,36.0,542.0
40.0,-14.0,36.0,43.0
42.0,-14.0,36.0,43.0
44.0,-14.0,36.0,43.0
46.0,-14.0,36.0,43.0
48.0,-14.0,36.0,43.0
50.0,-14.0,36.0,20.0
52.0,-14.0,36.0,20.0
54.0,-14.0,36.0,20.0
56.0,-14.0,36.0,20.0
58.0,-14.0,36.0,20.0
60.0,-14.0,36.0,20.0
62.0,-14.0,36.0,20.0
64.0,-14.0,36.0,20.0
-66.0,-12.0,36.0,447.0
-64.0,-12.0,36.0,19.0
-62.0,-12.0,36.0,19.0
-60.0,-12.0,36.0,19.0
-58.0,-12.0,36.0,19.0
-52.0,-12.0,36.0,19.0
-50.0,-12.0,36.0,19.0
-48.0,-12.0,36.0,205.0
-46.0,-12.0,36.0,205.0
-44.0,-12.0,36.0,205.0
-42.0,-12.0,36.0,438.0
-4.0,-12.0,36.0,267.0
-2.0,-12.0,36.0,145.0
0.0,-12.0,36.0,145.0
2.0,-12.0,36.0,499.0
4.0,-12.0,36.0,499.0
42.0,-12.0,36.0,229.0
44.0,-12.0,36.0,229.0
46.0,-12.0,36.0,43.0
48.0,-12.0,36.0,43.0
50.0,-12.0,36.0,393.0
52.0,-12.0,36.0,20.0
54.0,-12.0,36.0,20.0
56.0,-12.0,36.0,20.0
58.0,-12.0,36.0,20.0
60.0,-12.0,36.0,20.0
62.0,-12.0,36.0,20.0
64.0,-12.0,36.0,20.0
-66.0,-10.0,36.0,19.0
-64.0,-10.0,36.0,19.0
-62.0,-10.0,36.0,19.0
-60.0,-10.0,36.0,19.0
-58.0,-10.0,36.0,19.0
-56.0,-10.0,36.0,19.0
-54.0,-10.0,36.0,19.0
-52.0,-10.0,36.0,19.0
-50.0,-10.0,36.0,19.0
-48.0,-10.0,36.0,438.0
-46.0,-10.0,36.0,438.0
-44.0,-10.0,36.0,438.0
-42.0,-10.0,36.0,438.0
-4.0,-10.0,36.0,267.0
-2.0,-10.0,36.0,145.0
0.0,-10.0,36.0,145.0
2.0,-10.0,36.0,145.0
4.0,-10.0,36.0,499.0
44.0,-10.0,36.0,229.0
50.0,-10.0,36.0,393.0
52.0,-10.0,36.0,393.0
54.0,-10.0,36.0,393.0
56.0,-10.0,36.0,393.0
58.0,-10.0,36.0,393.0
60.0,-10.0,36.0,393.0
62.0,-10.0,36.0,393.0
64.0,-10.0,36.0,393.0
-64.0,-8.0,36.0,19.0
-62.0,-8.0,36.0,19.0
-60.0,-8.0,36.0,19.0
-58.0,-8.0,36.0,19.0
-56.0,-8.0,36.0,19.0
-54.0,-8.0,36.0,19.0
-52.0,-8.0,36.0,19.0
-50.0,-8.0,36.0,19.0
-48.0,-8.0,36.0,438.0
-46.0,-8.0,36.0,438.0
-44.0,-8.0,36.0,438.0
-4.0,-8.0,36.0,267.0
-2.0,-8.0,36.0,267.0
0.0,-8.0,36.0,145.0
2.0,-8.0,36.0,145.0
4.0,-8.0,36.0,499.0
48.0,-8.0,36.0,229.0
50.0,-8.0,36.0,393.0
52.0,-8.0,36.0,393.0
54.0,-8.0,36.0,393.0
56.0,-8.0,36.0,393.0
58.0,-8.0,36.0,393.0
60.0,-8.0,36.0,393.0
62.0,-8.0,36.0,393.0
64.0,-8.0,36.0,393.0
-64.0,-6.0,36.0,19.0
-62.0,-6.0,36.0,19.0
-60.0,-6.0,36.0,19.0
-58.0,-6.0,36.0,19.0
-56.0,-6.0,36.0,19.0
-54.0,-6.0,36.0,19.0
-52.0,-6.0,36.0,19.0
-50.0,-6.0,36.0,19.0
-48.0,-6.0,36.0,438.0
-46.0,-6.0,36.0,438.0
-4.0,-6.0,36.0,267.0
-2.0,-6.0,36.0,267.0
0.0,-6.0,36.0,267.0
2.0,-6.0,36.0,259.0
4.0,-6.0,36.0,259.0
44.0,-6.0,36.0,229.0
46.0,-6.0,36.0,229.0
48.0,-6.0,36.0,229.0
50.0,-6.0,36.0,393.0
52.0,-6.0,36.0,393.0
54.0,-6.0,36.0,393.0
56.0,-6.0,36.0,393.0
58.0,-6.0,36.0,393.0
60.0,-6.0,36.0,393.0
62.0,-6.0,36.0,393.0
-60.0,-4.0,36.0,19.0
-58.0,-4.0,36.0,19.0
-56.0,-4.0,36.0,19.0
-54.0,-4.0,36.0,19.0
-52.0,-4.0,36.0,19.0
-50.0,-4.0,36.0,19.0
-48.0,-4.0,36.0,438.0
-46.0,-4.0,36.0,438.0
-6.0,-4.0,36.0,267.0
-4.0,-4.0,36.0,267.0
-2.0,-4.0,36.0,267.0
0.0,-4.0,36.0,267.0
2.0,-4.0,36.0,259.0
4.0,-4.0,36.0,259.0
38.0,-4.0,36.0,331.0
40.0,-4.0,36.0,229.0
42.0,-4.0,36.0,229.0
44.0,-4.0,36.0,229.0
46.0,-4.0,36.0,229.0
48.0,-4.0,36.0,229.0
50.0,-4.0,36.0,393.0
52.0,-4.0,36.0,393.0
54.0,-4.0,36.0,393.0
56.0,-4.0,36.0,393.0
58.0,-4.0,36.0,393.0
60.0,-4.0,36.0,393.0
62.0,-4.0,36.0,393.0
-62.0,-2.0,36.0,19.0
-60.0,-2.0,36.0,19.0
-58.0,-2.0,36.0,19.0
-56.0,-2.0,36.0,19.0
-54.0,-2.0,36.0,19.0
-52.0,-2.0,36.0,19.0
-50.0,-2.0,36.0,19.0
-48.0,-2.0,36.0,438.0
-46.0,-2.0,36.0,438.0
-6.0,-2.0,36.0,267.0
-4.0,-2.0,36.0,267.0
-2.0,-2.0,36.0,267.0
0.0,-2.0,36.0,586.0
2.0,-2.0,36.0,259.0
4.0,-2.0,36.0,259.0
36.0,-2.0,36.0,331.0
38.0,-2.0,36.0,331.0
40.0,-2.0,36.0,229.0
42.0,-2.0,36.0,229.0
44.0,-2.0,36.0,229.0
46.0,-2.0,36.0,229.0
48.0,-2.0,36.0,229.0
50.0,-2.0,36.0,393.0
52.0,-2.0,36.0,393.0
54.0,-2.0,36.0,393.0
56.0,-2.0,36.0,393.0
58.0,-2.0,36.0,393.0
60.0,-2.0,36.0,393.0
62.0,-2.0,36.0,393.0
-62.0,-0.0,36.0,19.0
-60.0,-0.0,36.0,19.0
-58.0,-0.0,36.0,19.0
-56.0,-0.0,36.0,19.0
-54.0,-0.0,36.0,19.0
-52.0,-0.0,36.0,19.0
-50.0,-0.0,36.0,188.0
-48.0,-0.0,36.0,188.0
-46.0,-0.0,36.0,438.0
-44.0,-0.0,36.0,438.0
-42.0,-0.0,36.0,438.0
-6.0,-0.0,36.0,267.0
-4.0,-0.0,36.0,267.0
-2.0,-0.0,36.0,586.0
0.0,-0.0,36.0,586.0
2.0,-0.0,36.0,586.0
4.0,-0.0,36.0,259.0
34.0,-0.0,36.0,331.0
36.0,-0.0,36.0,331.0
38.0,-0.0,36.0,229.0
40.0,-0.0,36.0,229.0
42.0,-0.0,36.0,229.0
44.0,-0.0,36.0,229.0
46.0,-0.0,36.0,229.0
48.0,-0.0,36.0,229.0
50.0,-0.0,36.0,229.0
52.0,-0.0,36.0,393.0
54.0,-0.0,36.0,393.0
56.0,-0.0,36.0,393.0
58.0,-0.0,36.0,393.0
60.0,-0.0,36.0,393.0
-62.0,2.0,36.0,19.0
-60.0,2.0,36.0,19.0
-58.0,2.0,36.0,19.0
-56.0,2.0,36.0,188.0
-54.0,2.0,36.0,188.0
-52.0,2.0,36.0,188.0
-50.0,2.0,36.0,188.0
-48.0,2.0,36.0,188.0
-46.0,2.0,36.0,438.0
-44.0,2.0,36.0,438.0
-42.0,2.0,36.0,438.0
-40.0,2.0,36.0,438.0
-38.0,2.0,36.0,438.0
-6.0,2.0,36.0,267.0
-4.0,2.0,36.0,586.0
-2.0,2.0,36.0,586.0
0.0,2.0,36.0,586.0
2.0,2.0,36.0,586.0
4.0,2.0,36.0,259.0
34.0,2.0,36.0,331.0
36.0,2.0,36.0,331.0
38.0,2.0,36.0,229.0
40.0,2.0,36.0,229.0
42.0,2.0,36.0,229.0
44.0,2.0,36.0,229.0
46.0,2.0,36.0,229.0
48.0,2.0,36.0,229.0
50.0,2.0,36.0,229.0
52.0,2.0,36.0,393.0
54.0,2.0,36.0,393.0
56.0,2.0,36.0,393.0
58.0,2.0,36.0,393.0
60.0,2.0,36.0,393.0
-62.0,4.0,36.0,188.0
-60.0,4.0,36.0,188.0
-58.0,4.0,36.0,188.0
-56.0,4.0,36.0,188.0
-54.0,4.0,36.0,188.0
-52.0,4.0,36.0,188.0
-50.0,4.0,36.0,188.0
-48.0,4.0,36.0,539.0
-46.0,4.0,36.0,44.0
-44.0,4.0,36.0,44.0
-42.0,4.0,36.0,44.0
-40.0,4.0,36.0,44.0
-38.0,4.0,36.0,44.0
-36.0,4.0,36.0,44.0
-6.0,4.0,36.0,586.0
-4.0,4.0,36.0,586.0
-2.0,4.0,36.0,586.0
0.0,4.0,36.0,586.0
2.0,4.0,36.0,586.0
4.0,4.0,36.0,259.0
6.0,4.0,36.0,259.0
8.0,4.0,36.0,259.0
34.0,4.0,36.0,331.0
36.0,4.0,36.0,331.0
38.0,4.0,36.0,229.0
40.0,4.0,36.0,229.0
42.0,4.0,36.0,229.0
44.0,4.0,36.0,229.0
46.0,4.0,36.0,229.0
48.0,4.0,36.0,229.0
50.0,4.0,36.0,229.0
52.0,4.0,36.0,393.0
54.0,4.0,36.0,393.0
56.0,4.0,36.0,393.0
58.0,4.0,36.0,393.0
60.0,4.0,36.0,393.0
-62.0,6.0,36.0,188.0
-60.0,6.0,36.0,188.0
-58.0,6.0,36.0,188.0
-56.0,6.0,36.0,188.0
-54.0,6.0,36.0,188.0
-52.0,6.0,36.0,539.0
-50.0,6.0,36.0,539.0
-48.0,6.0,36.0,539.0
-46.0,6.0,36.0,44.0
-44.0,6.0,36.0,44.0
-42.0,6.0,36.0,44.0
-40.0,6.0,36.0,44.0
-38.0,6.0,36.0,44.0
-36.0,6.0,36.0,44.0
-34.0,6.0,36.0,308.0
-8.0,6.0,36.0,586.0
-6.0,6.0,36.0,586.0
-4.0,6.0,36.0,586.0
-2.0,6.0,36.0,586.0
0.0,6.0,36.0,586.0
2.0,6.0,36.0,586.0
4.0,6.0,36.0,586.0
6.0,6.0,36.0,259.0
8.0,6.0,36.0,259.0
10.0,6.0,36.0,259.0
36.0,6.0,36.0,229.0
38.0,6.0,36.0,229.0
40.0,6.0,36.0,229.0
42.0,6.0,36.0,229.0
44.0,6.0,36.0,229.0
46.0,6.0,36.0,229.0
48.0,6.0,36.0,229.0
50.0,6.0,36.0,229.0
52.0,6.0,36.0,393.0
54.0,6.0,36.0,393.0
56.0,6.0,36.0,393.0
58.0,6.0,36.0,393.0
60.0,6.0,36.0,393.0
-60.0,8.0,36.0,188.0
-58.0,8.0,36.0,188.0
-56.0,8.0,36.0,539.0
-54.0,8.0,36.0,539.0
-52.0,8.0,36.0,539.0
-50.0,8.0,36.0,539.0
-48.0,8.0,36.0,539.0
-46.0,8.0,36.0,44.0
-44.0,8.0,36.0,44.0
-42.0,8.0,36.0,44.0
-40.0,8.0,36.0,44.0
-38.0,8.0,36.0,44.0
-36.0,8.0,36.0,44.0
-34.0,8.0,36.0,308.0
-12.0,8.0,36.0,267.0
-10.0,8.0,36.0,586.0
-8.0,8.0,36.0,586.0
-6.0,8.0,36.0,586.0
-4.0,8.0,36.0,586.0
-2.0,8.0,36.0,586.0
0.0,8.0,36.0,586.0
2.0,8.0,36.0,586.0
4.0,8.0,36.0,586.0
6.0,8.0,36.0,259.0
8.0,8.0,36.0,259.0
10.0,8.0,36.0,259.0
12.0,8.0,36.0,259.0
38.0,8.0,36.0,229.0
40.0,8.0,36.0,229.0
42.0,8.0,36.0,229.0
44.0,8.0,36.0,229.0
46.0,8.0,36.0,229.0
48.0,8.0,36.0,229.0
50.0,8.0,36.0,229.0
52.0,8.0,36.0,445.0
54.0,8.0,36.0,393.0
56.0,8.0,36.0,393.0
58.0,8.0,36.0,393.0
-60.0,10.0,36.0,539.0
-58.0,10.0,36.0,539.0
-56.0,10.0,36.0,539.0
-54.0,10.0,36.0,539.0
-52.0,10.0,36.0,539.0
-50.0,10.0,36.0,539.0
-48.0,10.0,36.0,44.0
-46.0,10.0,36.0,44.0
-44.0,10.0,36.0,44.0
-42.0,10.0,36.0,44.0
-40.0,10.0,36.0,44.0
-38.0,10.0,36.0,44.0
-36.0,10.0,36.0,44.0
-34.0,10.0,36.0,308.0
-12.0,10.0,36.0,160.0
-10.0,10.0,36.0,160.0
-8.0,10.0,36.0,160.0
-6.0,10.0,36.0,160.0
-4.0,10.0,36.0,160.0
-2.0,10.0,36.0,160.0
0.0,10.0,36.0,160.0
2.0,10.0,36.0,160.0
4.0,10.0,36.0,160.0
6.0,10.0,36.0,259.0
8.0,10.0,36.0,259.0
10.0,10.0,36.0,259.0
12.0,10.0,36.0,259.0
44.0,10.0,36.0,229.0
46.0,10.0,36.0,229.0
48.0,10.0,36.0,445.0
50.0,10.0,36.0,445.0
52.0,10.0,36.0,445.0
54.0,10.0,36.0,445.0
56.0,10.0,36.0,82.0
58.0,10.0,36.0,82.0
-58.0,12.0,36.0,539.0
-56.0,12.0,36.0,539.0
-54.0,12.0,36.0,539.0
-52.0,12.0,36.0,539.0
-50.0,12.0,36.0,539.0
-48.0,12.0,36.0,44.0
-46.0,12.0,36.0,44.0
-44.0,12.0,36.0,44.0
-42.0,12.0,36.0,44.0
-40.0,12.0,36.0,44.0
-38.0,12.0,36.0,44.0
-36.0,12.0,36.0,308.0
-12.0,12.0,36.0,160.0
-10.0,12.0,36.0,160.0
-8.0,12.0,36.0,160.0
-6.0,12.0,36.0,160.0
-4.0,12.0,36.0,160.0
-2.0,12.0,36.0,160.0
0.0,12.0,36.0,160.0
2.0,12.0,36.0,160.0
4.0,12.0,36.0,160.0
6.0,12.0,36.0,160.0
8.0,12.0,36.0,160.0
10.0,12.0,36.0,259.0
12.0,12.0,36.0,259.0
38.0,12.0,36.0,533.0
40.0,12.0,36.0,229.0
42.0,12.0,36.0,229.0
44.0,12.0,36.0,229.0
46.0,12.0,36.0,445.0
48.0,12.0,36.0,445.0
50.0,12.0,36.0,445.0
52.0,12.0,36.0,445.0
54.0,12.0,36.0,445.0
56.0,12.0,36.0,82.0
-58.0,14.0,36.0,539.0
-56.0,14.0,36.0,539.0
-54.0,14.0,36.0,539.0
-52.0,14.0,36.0,539.0
-50.0,14.0,36.0,539.0
-48.0,14.0,36.0,44.0
-46.0,14.0,36.0,44.0
-44.0,14.0,36.0,44.0
-42.0,14.0,36.0,44.0
-40.0,14.0,36.0,44.0
-38.0,14.0,36.0,44.0
-14.0,14.0,36.0,160.0
-12.0,14.0,36.0,160.0
-10.0,14.0,36.0,160.0
-8.0,14.0,36.0,160.0
-6.0,14.0,36.0,160.0
-4.0,14.0,36.0,160.0
-2.0,14.0,36.0,160.0
0.0,14.0,36.0,160.0
2.0,14.0,36.0,160.0
4.0,14.0,36.0,160.0
6.0,14.0,36.0,160.0
8.0,14.0,36.0,160.0
10.0,14.0,36.0,215.0
12.0,14.0,36.0,215.0
34.0,14.0,36.0,167.0
36.0,14.0,36.0,533.0
38.0,14.0,36.0,533.0
40.0,14.0,36.0,533.0
42.0,14.0,36.0,445.0
44.0,14.0,36.0,445.0
46.0,14.0,36.0,445.0
48.0,14.0,36.0,445.0
50.0,14.0,36.0,445.0
52.0,14.0,36.0,445.0
54.0,14.0,36.0,445.0
-56.0,16.0,36.0,539.0
-54.0,16.0,36.0,539.0
-52.0,16.0,36.0,539.0
-50.0,16.0,36.0,44.0
-48.0,16.0,36.0,44.0
-46.0,16.0,36.0,44.0
-44.0,16.0,36.0,44.0
-42.0,16.0,36.0,44.0
-40.0,16.0,36.0,44.0
-38.0,16.0,36.0,44.0
-14.0,16.0,36.0,160.0
-12.0,16.0,36.0,160.0
-10.0,16.0,36.0,160.0
-8.0,16.0,36.0,160.0
-6.0,16.0,36.0,160.0
-4.0,16.0,36.0,160.0
-2.0,16.0,36.0,160.0
0.0,16.0,36.0,160.0
2.0,16.0,36.0,160.0
4.0,16.0,36.0,160.0
6.0,16.0,36.0,160.0
8.0,16.0,36.0,160.0
10.0,16.0,36.0,215.0
12.0,16.0,36.0,215.0
32.0,16.0,36.0,167.0
34.0,16.0,36.0,167.0
36.0,16.0,36.0,167.0
38.0,16.0,36.0,167.0
40.0,16.0,36.0,445.0
42.0,16.0,36.0,445.0
44.0,16.0,36.0,445.0
46.0,16.0,36.0,445.0
48.0,16.0,36.0,445.0
50.0,16.0,36.0,445.0
52.0,16.0,36.0,445.0
54.0,16.0,36.0,445.0
-56.0,18.0,36.0,404.0
-54.0,18.0,36.0,539.0
-52.0,18.0,36.0,539.0
-50.0,18.0,36.0,44.0
-48.0,18.0,36.0,44.0
-46.0,18.0,36.0,44.0
-44.0,18.0,36.0,44.0
-42.0,18.0,36.0,44.0
-40.0,18.0,36.0,44.0
-38.0,18.0,36.0,44.0
-36.0,18.0,36.0,308.0
-34.0,18.0,36.0,308.0
-14.0,18.0,36.0,160.0
-12.0,18.0,36.0,160.0
-10.0,18.0,36.0,160.0
-8.0,18.0,36.0,160.0
-6.0,18.0,36.0,160.0
-4.0,18.0,36.0,160.0
-2.0,18.0,36.0,160.0
0.0,18.0,36.0,160.0
2.0,18.0,36.0,160.0
4.0,18.0,36.0,160.0
6.0,18.0,36.0,160.0
8.0,18.0,36.0,160.0
10.0,18.0,36.0,215.0
32.0,18.0,36.0,167.0
34.0,18.0,36.0,167.0
36.0,18.0,36.0,167.0
38.0,18.0,36.0,167.0
40.0,18.0,36.0,167.0
42.0,18.0,36.0,445.0
44.0,18.0,36.0,445.0
46.0,18.0,36.0,445.0
48.0,18.0,36.0,445.0
50.0,18.0,36.0,445.0
52.0,18.0,36.0,445.0
54.0,18.0,36.0,445.0
-56.0,20.0,36.0,404.0
-54.0,20.0,36.0,170.0
-52.0,20.0,36.0,170.0
-50.0,20.0,36.0,170.0
-48.0,20.0,36.0,44.0
-46.0,20.0,36.0,44.0
-44.0,20.0,36.0,44.0
-42.0,20.0,36.0,44.0
-40.0,20.0,36.0,44.0
-38.0,20.0,36.0,308.0
-36.0,20.0,36.0,308.0
-34.0,20.0,36.0,308.0
-32.0,20.0,36.0,308.0
-14.0,20.0,36.0,160.0
-12.0,20.0,36.0,160.0
-10.0,20.0,36.0,160.0
-8.0,20.0,36.0,160.0
-6.0,20.0,36.0,160.0
-4.0,20.0,36.0,160.0
-2.0,20.0,36.0,160.0
0.0,20.0,36.0,160.0
2.0,20.0,36.0,160.0
4.0,20.0,36.0,160.0
6.0,20.0,36.0,160.0
8.0,20.0,36.0,160.0
10.0,20.0,36.0,215.0
12.0,20.0,36.0,215.0
30.0,20.0,36.0,167.0
32.0,20.0,36.0,167.0
34.0,20.0,36.0,167.0
44.0,20.0,36.0,445.0
46.0,20.0,36.0,445.0
48.0,20.0,36.0,445.0
50.0,20.0,36.0,445.0
52.0,20.0,36.0,445.0
54.0,20.0,36.0,445.0
-56.0,22.0,36.0,170.0
-54.0,22.0,36.0,170.0
-52.0,22.0,36.0,170.0
-50.0,22.0,36.0,170.0
-48.0,22.0,36.0,170.0
-46.0,22.0,36.0,170.0
-44.0,22.0,36.0,44.0
-42.0,22.0,36.0,44.0
-40.0,22.0,36.0,44.0
-38.0,22.0,36.0,308.0
-36.0,22.0,36.0,308.0
-34.0,22.0,36.0,308.0
-32.0,22.0,36.0,308.0
-14.0,22.0,36.0,160.0
-12.0,22.0,36.0,160.0
-10.0,22.0,36.0,160.0
-8.0,22.0,36.0,160.0
-6.0,22.0,36.0,160.0
-4.0,22.0,36.0,160.0
-2.0,22.0,36.0,160.0
0.0,22.0,36.0,160.0
2.0,22.0,36.0,160.0
4.0,22.0,36.0,160.0
6.0,22.0,36.0,160.0
8.0,22.0,36.0,215.0
10.0,22.0,36.0,215.0
12.0,22.0,36.0,215.0
30.0,22.0,36.0,167.0
32.0,22.0,36.0,167.0
40.0,22.0,36.0,167.0
42.0,22.0,36.0,167.0
44.0,22.0,36.0,445.0
46.0,22.0,36.0,445.0
48.0,22.0,36.0,445.0
50.0,22.0,36.0,445.0
52.0,22.0,36.0,445.0
-54.0,24.0,36.0,170.0
-52.0,24.0,36.0,170.0
-50.0,24.0,36.0,170.0
-48.0,24.0,36.0,170.0
-46.0,24.0,36.0,170.0
-44.0,24.0,36.0,170.0
-42.0,24.0,36.0,170.0
-40.0,24.0,36.0,44.0
-38.0,24.0,36.0,164.0
-36.0,24.0,36.0,164.0
-34.0,24.0,36.0,164.0
-32.0,24.0,36.0,164.0
-30.0,24.0,36.0,164.0
-14.0,24.0,36.0,453.0
-12.0,24.0,36.0,160.0
-10.0,24.0,36.0,160.0
-8.0,24.0,36.0,160.0
-6.0,24.0,36.0,160.0
-4.0,24.0,36.0,160.0
-2.0,24.0,36.0,160.0
2.0,24.0,36.0,160.0
4.0,24.0,36.0,160.0
6.0,24.0,36.0,160.0
8.0,24.0,36.0,531.0
10.0,24.0,36.0,531.0
12.0,24.0,36.0,531.0
24.0,24.0,36.0,101.0
36.0,24.0,36.0,167.0
38.0,24.0,36.0,167.0
40.0,24.0,36.0,167.0
42.0,24.0,36.0,167.0
44.0,24.0,36.0,445.0
46.0,24.0,36.0,445.0
48.0,24.0,36.0,445.0
50.0,24.0,36.0,445.0
52.0,24.0,36.0,445.0
-54.0,26.0,36.0,170.0
-52.0,26.0,36.0,170.0
-50.0,26.0,36.0,170.0
-48.0,26.0,36.0,170.0
-46.0,26.0,36.0,170.0
-44.0,26.0,36.0,170.0
-42.0,26.0,36.0,170.0
-40.0,26.0,36.0,164.0
-38.0,26.0,36.0,164.0
-36.0,26.0,36.0,164.0
-34.0,26.0,36.0,164.0
-32.0,26.0,36.0,164.0
-30.0,26.0,36.0,164.0
-14.0,26.0,36.0,453.0
-12.0,26.0,36.0,160.0
-10.0,26.0,36.0,160.0
-8.0,26.0,36.0,160.0
-6.0,26.0,36.0,160.0
-4.0,26.0,36.0,160.0
2.0,26.0,36.0,160.0
4.0,26.0,36.0,160.0
6.0,26.0,36.0,531.0
8.0,26.0,36.0,531.0
10.0,26.0,36.0,531.0
12.0,26.0,36.0,531.0
22.0,26.0,36.0,101.0
24.0,26.0,36.0,101.0
26.0,26.0,36.0,101.0
34.0,26.0,36.0,167.0
36.0,26.0,36.0,167.0
38.0,26.0,36.0,167.0
40.0,26.0,36.0,167.0
42.0,26.0,36.0,167.0
44.0,26.0,36.0,391.0
46.0,26.0,36.0,445.0
48.0,26.0,36.0,445.0
50.0,26.0,36.0,445.0
-52.0,28.0,36.0,170.0
-50.0,28.0,36.0,170.0
-48.0,28.0,36.0,170.0
-46.0,28.0,36.0,170.0
-44.0,28.0,36.0,170.0
-42.0,28.0,36.0,170.0
-40.0,28.0,36.0,164.0
-38.0,28.0,36.0,164.0
-36.0,28.0,36.0,164.0
-34.0,28.0,36.0,164.0
-32.0,28.0,36.0,164.0
-30.0,28.0,36.0,164.0
-12.0,28.0,36.0,399.0
-10.0,28.0,36.0,399.0
-8.0,28.0,36.0,399.0
-6.0,28.0,36.0,399.0
-4.0,28.0,36.0,160.0
-2.0,28.0,36.0,160.0
2.0,28.0,36.0,531.0
4.0,28.0,36.0,531.0
6.0,28.0,36.0,531.0
8.0,28.0,36.0,531.0
10.0,28.0,36.0,531.0
12.0,28.0,36.0,531.0
20.0,28.0,36.0,101.0
22.0,28.0,36.0,101.0
24.0,28.0,36.0,101.0
26.0,28.0,36.0,101.0
32.0,28.0,36.0,167.0
34.0,28.0,36.0,167.0
36.0,28.0,36.0,167.0
38.0,28.0,36.0,391.0
40.0,28.0,36.0,391.0
42.0,28.0,36.0,391.0
44.0,28.0,36.0,391.0
46.0,28.0,36.0,391.0
48.0,28.0,36.0,119.0
50.0,28.0,36.0,119.0
-52.0,30.0,36.0,170.0
-50.0,30.0,36.0,170.0
-48.0,30.0,36.0,170.0
-46.0,30.0,36.0,170.0
-44.0,30.0,36.0,170.0
-42.0,30.0,36.0,170.0
-40.0,30.0,36.0,164.0
-38.0,30.0,36.0,164.0
-36.0,30.0,36.0,164.0
-34.0,30.0,36.0,164.0
-32.0,30.0,36.0,386.0
-30.0,30.0,36.0,386.0
-28.0,30.0,36.0,386.0
-26.0,30.0,36.0,386.0
-12.0,30.0,36.0,399.0
-10.0,30.0,36.0,399.0
-8.0,30.0,36.0,399.0
-6.0,30.0,36.0,399.0
-4.0,30.0,36.0,399.0
-2.0,30.0,36.0,399.0
0.0,30.0,36.0,399.0
2.0,30.0,36.0,531.0
4.0,30.0,36.0,531.0
6.0,30.0,36.0,531.0
8.0,30.0,36.0,531.0
10.0,30.0,36.0,531.0
20.0,30.0,36.0,101.0
22.0,30.0,36.0,101.0
24.0,30.0,36.0,101.0
26.0,30.0,36.0,101.0
30.0,30.0,36.0,101.0
32.0,30.0,36.0,391.0
34.0,30.0,36.0,391.0
36.0,30.0,36.0,391.0
38.0,30.0,36.0,391.0
40.0,30.0,36.0,391.0
42.0,30.0,36.0,391.0
44.0,30.0,36.0,391.0
46.0,30.0,36.0,391.0
48.0,30.0,36.0,119.0
-50.0,32.0,36.0,170.0
-48.0,32.0,36.0,170.0
-46.0,32.0,36.0,170.0
-44.0,32.0,36.0,170.0
-42.0,32.0,36.0,415.0
-40.0,32.0,36.0,164.0
-38.0,32.0,36.0,164.0
-36.0,32.0,36.0,386.0
-34.0,32.0,36.0,386.0
-32.0,32.0,36.0,386.0
-30.0,32.0,36.0,386.0
-28.0,32.0,36.0,386.0
-26.0,32.0,36.0,386.0
-10.0,32.0,36.0,399.0
-8.0,32.0,36.0,399.0
-6.0,32.0,36.0,399.0
-4.0,32.0,36.0,399.0
-2.0,32.0,36.0,399.0
0.0,32.0,36.0,399.0
2.0,32.0,36.0,531.0
4.0,32.0,36.0,531.0
6.0,32.0,36.0,531.0
8.0,32.0,36.0,531.0
10.0,32.0,36.0,531.0
20.0,32.0,36.0,101.0
22.0,32.0,36.0,101.0
24.0,32.0,36.0,101.0
26.0,32.0,36.0,101.0
28.0,32.0,36.0,101.0
30.0,32.0,36.0,391.0
32.0,32.0,36.0,391.0
34.0,32.0,36.0,391.0
36.0,32.0,36.0,391.0
38.0,32.0,36.0,391.0
40.0,32.0,36.0,391.0
42.0,32.0,36.0,391.0
44.0,32.0,36.0,391.0
46.0,32.0,36.0,391.0
-48.0,34.0,36.0,261.0
-46.0,34.0,36.0,415.0
-44.0,34.0,36.0,415.0
-42.0,34.0,36.0,415.0
-40.0,34.0,36.0,415.0
-38.0,34.0,36.0,416.0
-36.0,34.0,36.0,386.0
-34.0,34.0,36.0,386.0
-32.0,34.0,36.0,386.0
-30.0,34.0,36.0,386.0
-28.0,34.0,36.0,386.0
-26.0,34.0,36.0,386.0
-10.0,34.0,36.0,399.0
-8.0,34.0,36.0,399.0
-6.0,34.0,36.0,399.0
-4.0,34.0,36.0,399.0
-2.0,34.0,36.0,399.0
0.0,34.0,36.0,399.0
2.0,34.0,36.0,218.0
4.0,34.0,36.0,218.0
6.0,34.0,36.0,531.0
8.0,34.0,36.0,531.0
20.0,34.0,36.0,101.0
22.0,34.0,36.0,101.0
24.0,34.0,36.0,101.0
26.0,34.0,36.0,101.0
28.0,34.0,36.0,391.0
30.0,34.0,36.0,391.0
32.0,34.0,36.0,391.0
34.0,34.0,36.0,391.0
36.0,34.0,36.0,391.0
38.0,34.0,36.0,391.0
40.0,34.0,36.0,391.0
42.0,34.0,36.0,391.0
44.0,34.0,36.0,391.0
46.0,34.0,36.0,391.0
-46.0,36.0,36.0,415.0
-44.0,36.0,36.0,415.0
-42.0,36.0,36.0,415.0
-40.0,36.0,36.0,415.0
-38.0,36.0,36.0,416.0
-36.0,36.0,36.0,416.0
-34.0,36.0,36.0,416.0
-32.0,36.0,36.0,386.0
-30.0,36.0,36.0,386.0
-28.0,36.0,36.0,386.0
-26.0,36.0,36.0,291.0
-10.0,36.0,36.0,399.0
-8.0,36.0,36.0,399.0
-6.0,36.0,36.0,399.0
-4.0,36.0,36.0,399.0
-2.0,36.0,36.0,399.0
0.0,36.0,36.0,399.0
2.0,36.0,36.0,218.0
4.0,36.0,36.0,218.0
6.0,36.0,36.0,218.0
8.0,36.0,36.0,218.0
18.0,36.0,36.0,101.0
20.0,36.0,36.0,101.0
22.0,36.0,36.0,101.0
24.0,36.0,36.0,101.0
26.0,36.0,36.0,391.0
28.0,36.0,36.0,391.0
30.0,36.0,36.0,391.0
32.0,36.0,36.0,391.0
34.0,36.0,36.0,391.0
36.0,36.0,36.0,391.0
38.0,36.0,36.0,391.0
40.0,36.0,36.0,391.0
42.0,36.0,36.0,391.0
44.0,36.0,36.0,391.0
-44.0,38.0,36.0,415.0
-42.0,38.0,36.0,415.0
-40.0,38.0,36.0,415.0
-38.0,38.0,36.0,416.0
-36.0,38.0,36.0,416.0
-34.0,38.0,36.0,416.0
-32.0,38.0,36.0,416.0
-30.0,38.0,36.0,416.0
-28.0,38.0,36.0,291.0
-26.0,38.0,36.0,291.0
-24.0,38.0,36.0,291.0
-10.0,38.0,36.0,399.0
-8.0,38.0,36.0,399.0
-6.0,38.0,36.0,399.0
-4.0,38.0,36.0,399.0
-2.0,38.0,36.0,399.0
0.0,38.0,36.0,399.0
2.0,38.0,36.0,218.0
4.0,38.0,36.0,218.0
6.0,38.0,36.0,218.0
8.0,38.0,36.0,218.0
18.0,38.0,36.0,101.0
20.0,38.0,36.0,101.0
22.0,38.0,36.0,101.0
24.0,38.0,36.0,391.0
28.0,38.0,36.0,391.0
30.0,38.0,36.0,391.0
32.0,38.0,36.0,391.0
34.0,38.0,36.0,391.0
36.0,38.0,36.0,391.0
38.0,38.0,36.0,391.0
40.0,38.0,36.0,391.0
42.0,38.0,36.0,391.0
-44.0,40.0,36.0,415.0
-42.0,40.0,36.0,415.0
-40.0,40.0,36.0,415.0
-38.0,40.0,36.0,416.0
-36.0,40.0,36.0,416.0
-34.0,40.0,36.0,416.0
-32.0,40.0,36.0,416.0
-30.0,40.0,36.0,416.0
-28.0,40.0,36.0,291.0
-26.0,40.0,36.0,291.0
-24.0,40.0,36.0,291.0
-22.0,40.0,36.0,291.0
-10.0,40.0,36.0,399.0
-8.0,40.0,36.0,399.0
-6.0,40.0,36.0,399.0
-4.0,40.0,36.0,399.0
-2.0,40.0,36.0,399.0
2.0,40.0,36.0,218.0
4.0,40.0,36.0,218.0
6.0,40.0,36.0,218.0
8.0,40.0,36.0,218.0
18.0,40.0,36.0,101.0
20.0,40.0,36.0,101.0
22.0,40.0,36.0,391.0
24.0,40.0,36.0,391.0
28.0,40.0,36.0,391.0
30.0,40.0,36.0,391.0
32.0,40.0,36.0,391.0
34.0,40.0,36.0,391.0
36.0,40.0,36.0,391.0
38.0,40.0,36.0,391.0
40.0,40.0,36.0,391.0
-42.0,42.0,36.0,415.0
-40.0,42.0,36.0,415.0
-38.0,42.0,36.0,416.0
-36.0,42.0,36.0,416.0
-34.0,42.0,36.0,416.0
-32.0,42.0,36.0,416.0
-30.0,42.0,36.0,291.0
-28.0,42.0,36.0,291.0
-26.0,42.0,36.0,291.0
-24.0,42.0,36.0,291.0
-22.0,42.0,36.0,291.0
-20.0,42.0,36.0,291.0
-10.0,42.0,36.0,399.0
-8.0,42.0,36.0,399.0
-6.0,42.0,36.0,399.0
-4.0,42.0,36.0,399.0
-2.0,42.0,36.0,399.0
0.0,42.0,36.0,218.0
2.0,42.0,36.0,218.0
4.0,42.0,36.0,218.0
6.0,42.0,36.0,218.0
18.0,42.0,36.0,101.0
20.0,42.0,36.0,391.0
22.0,42.0,36.0,391.0
24.0,42.0,36.0,391.0
26.0,42.0,36.0,391.0
28.0,42.0,36.0,391.0
30.0,42.0,36.0,391.0
32.0,42.0,36.0,391.0
34.0,42.0,36.0,391.0
36.0,42.0,36.0,391.0
38.0,42.0,36.0,391.0
40.0,42.0,36.0,391.0
-40.0,44.0,36.0,415.0
-38.0,44.0,36.0,416.0
-36.0,44.0,36.0,416.0
-34.0,44.0,36.0,416.0
-32.0,44.0,36.0,416.0
-30.0,44.0,36.0,291.0
-28.0,44.0,36.0,291.0
-26.0,44.0,36.0,291.0
-24.0,44.0,36.0,291.0
-22.0,44.0,36.0,291.0
-20.0,44.0,36.0,291.0
-18.0,44.0,36.0,291.0
-10.0,44.0,36.0,399.0
-8.0,44.0,36.0,399.0
-6.0,44.0,36.0,399.0
-4.0,44.0,36.0,399.0
-2.0,44.0,36.0,399.0
0.0,44.0,36.0,218.0
2.0,44.0,36.0,218.0
4.0,44.0,36.0,218.0
6.0,44.0,36.0,218.0
18.0,44.0,36.0,218.0
20.0,44.0,36.0,391.0
22.0,44.0,36.0,391.0
24.0,44.0,36.0,391.0
26.0,44.0,36.0,391.0
28.0,44.0,36.0,391.0
30.0,44.0,36.0,391.0
32.0,44.0,36.0,391.0
34.0,44.0,36.0,391.0
36.0,44.0,36.0,391.0
38.0,44.0,36.0,391.0
-38.0,46.0,36.0,416.0
-36.0,46.0,36.0,416.0
-34.0,46.0,36.0,416.0
-32.0,46.0,36.0,416.0
-30.0,46.0,36.0,291.0
-28.0,46.0,36.0,291.0
-26.0,46.0,36.0,291.0
-24.0,46.0,36.0,291.0
-22.0,46.0,36.0,291.0
-20.0,46.0,36.0,291.0
-18.0,46.0,36.0,23.0
-16.0,46.0,36.0,281.0
-8.0,46.0,36.0,399.0
-6.0,46.0,36.0,399.0
-4.0,46.0,36.0,399.0
-2.0,46.0,36.0,218.0
2.0,46.0,36.0,218.0
4.0,46.0,36.0,218.0
6.0,46.0,36.0,218.0
8.0,46.0,36.0,218.0
16.0,46.0,36.0,218.0
18.0,46.0,36.0,290.0
20.0,46.0,36.0,290.0
22.0,46.0,36.0,391.0
24.0,46.0,36.0,391.0
26.0,46.0,36.0,391.0
28.0,46.0,36.0,391.0
30.0,46.0,36.0,391.0
32.0,46.0,36.0,391.0
34.0,46.0,36.0,391.0
36.0,46.0,36.0,391.0
-36.0,48.0,36.0,191.0
-34.0,48.0,36.0,191.0
-32.0,48.0,36.0,191.0
-30.0,48.0,36.0,291.0
-28.0,48.0,36.0,291.0
-26.0,48.0,36.0,291.0
-24.0,48.0,36.0,23.0
-22.0,48.0,36.0,23.0
-20.0,48.0,36.0,23.0
-18.0,48.0,36.0,23.0
-16.0,48.0,36.0,281.0
-14.0,48.0,36.0,281.0
-8.0,48.0,36.0,281.0
-6.0,48.0,36.0,399.0
-4.0,48.0,36.0,399.0
-2.0,48.0,36.0,218.0
2.0,48.0,36.0,218.0
4.0,48.0,36.0,218.0
6.0,48.0,36.0,218.0
8.0,48.0,36.0,218.0
14.0,48.0,36.0,218.0
16.0,48.0,36.0,290.0
18.0,48.0,36.0,256.0
20.0,48.0,36.0,256.0
22.0,48.0,36.0,391.0
30.0,48.0,36.0,391.0
32.0,48.0,36.0,391.0
34.0,48.0,36.0,391.0
-34.0,50.0,36.0,191.0
-32.0,50.0,36.0,191.0
-30.0,50.0,36.0,23.0
-28.0,50.0,36.0,23.0
-26.0,50.0,36.0,23.0
-24.0,50.0,36.0,23.0
-22.0,50.0,36.0,23.0
-20.0,50.0,36.0,23.0
-18.0,50.0,36.0,23.0
-16.0,50.0,36.0,281.0
-14.0,50.0,36.0,281.0
-8.0,50.0,36.0,281.0
-6.0,50.0,36.0,378.0
-4.0,50.0,36.0,378.0
-2.0,50.0,36.0,218.0
2.0,50.0,36.0,218.0
4.0,50.0,36.0,218.0
6.0,50.0,36.0,218.0
8.0,50.0,36.0,218.0
14.0,50.0,36.0,256.0
16.0,50.0,36.0,256.0
18.0,50.0,36.0,256.0
20.0,50.0,36.0,256.0
22.0,50.0,36.0,256.0
24.0,50.0,36.0,256.0
30.0,50.0,36.0,391.0
-32.0,52.0,36.0,191.0
-30.0,52.0,36.0,487.0
-28.0,52.0,36.0,23.0
-26.0,52.0,36.0,23.0
-24.0,52.0,36.0,23.0
-22.0,52.0,36.0,23.0
-20.0,52.0,36.0,23.0
-18.0,52.0,36.0,281.0
-16.0,52.0,36.0,281.0
-14.0,52.0,36.0,281.0
-12.0,52.0,36.0,281.0
-10.0,52.0,36.0,281.0
-8.0,52.0,36.0,378.0
-6.0,52.0,36.0,378.0
-4.0,52.0,36.0,378.0
-2.0,52.0,36.0,378.0
2.0,52.0,36.0,218.0
4.0,52.0,36.0,218.0
6.0,52.0,36.0,218.0
8.0,52.0,36.0,256.0
14.0,52.0,36.0,256.0
16.0,52.0,36.0,256.0
18.0,52.0,36.0,256.0
20.0,52.0,36.0,256.0
22.0,52.0,36.0,256.0
24.0,52.0,36.0,256.0
26.0,52.0,36.0,256.0
28.0,52.0,36.0,391.0
-28.0,54.0,36.0,487.0
-26.0,54.0,36.0,487.0
-24.0,54.0,36.0,23.0
-22.0,54.0,36.0,23.0
-20.0,54.0,36.0,23.0
-18.0,54.0,36.0,281.0
-16.0,54.0,36.0,281.0
-14.0,54.0,36.0,281.0
-12.0,54.0,36.0,281.0
-10.0,54.0,36.0,281.0
-8.0,54.0,36.0,378.0
-6.0,54.0,36.0,378.0
-4.0,54.0,36.0,378.0
-2.0,54.0,36.0,378.0
2.0,54.0,36.0,378.0
4.0,54.0,36.0,256.0
6.0,54.0,36.0,256.0
12.0,54.0,36.0,256.0
14.0,54.0,36.0,256.0
16.0,54.0,36.0,256.0
18.0,54.0,36.0,256.0
20.0,54.0,36.0,256.0
22.0,54.0,36.0,256.0
24.0,54.0,36.0,256.0
-26.0,56.0,36.0,487.0
-24.0,56.0,36.0,487.0
-22.0,56.0,36.0,487.0
-20.0,56.0,36.0,23.0
-18.0,56.0,36.0,281.0
-16.0,56.0,36.0,281.0
-14.0,56.0,36.0,281.0
-12.0,56.0,36.0,281.0
-10.0,56.0,36.0,378.0
-8.0,56.0,36.0,378.0
-6.0,56.0,36.0,378.0
-4.0,56.0,36.0,378.0
-2.0,56.0,36.0,378.0
2.0,56.0,36.0,256.0
4.0,56.0,36.0,256.0
6.0,56.0,36.0,256.0
10.0,56.0,36.0,256.0
12.0,56.0,36.0,256.0
14.0,56.0,36.0,256.0
16.0,56.0,36.0,256.0
18.0,56.0,36.0,256.0
20.0,56.0,36.0,256.0
22.0,56.0,36.0,256.0
-22.0,58.0,36.0,487.0
-20.0,58.0,36.0,487.0
-18.0,58.0,36.0,30.0
-16.0,58.0,36.0,281.0
-14.0,58.0,36.0,281.0
-12.0,58.0,36.0,378.0
-10.0,58.0,36.0,378.0
-8.0,58.0,36.0,378.0
-6.0,58.0,36.0,378.0
-4.0,58.0,36.0,378.0
-2.0,58.0,36.0,378.0
2.0,58.0,36.0,256.0
4.0,58.0,36.0,256.0
6.0,58.0,36.0,256.0
10.0,58.0,36.0,256.0
12.0,58.0,36.0,256.0
14.0,58.0,36.0,256.0
16.0,58.0,36.0,256.0
18.0,58.0,36.0,256.0
-14.0,60.0,36.0,378.0
-12.0,60.0,36.0,378.0
-10.0,60.0,36.0,378.0
-8.0,60.0,36.0,378.0
-6.0,60.0,36.0,378.0
-4.0,60.0,36.0,378.0
-2.0,60.0,36.0,378.0
4.0,60.0,36.0,256.0
6.0,60.0,36.0,256.0
8.0,60.0,36.0,256.0
10.0,60.0,36.0,256.0
12.0,60.0,36.0,256.0
14.0,60.0,36.0,256.0
8.0,62.0,36.0,256.0
10.0,62.0,36.0,256.0
8.0,-92.0,38.0,565.0
10.0,-92.0,38.0,565.0
12.0,-92.0,38.0,565.0
14.0,-92.0,38.0,565.0
16.0,-92.0,38.0,565.0
-24.0,-90.0,38.0,41.0
-22.0,-90.0,38.0,41.0
-20.0,-90.0,38.0,41.0
-18.0,-90.0,38.0,41.0
-16.0,-90.0,38.0,148.0
-14.0,-90.0,38.0,148.0
-12.0,-90.0,38.0,148.0
-10.0,-90.0,38.0,148.0
4.0,-90.0,38.0,449.0
6.0,-90.0,38.0,565.0
8.0,-90.0,38.0,565.0
10.0,-90.0,38.0,565.0
12.0,-90.0,38.0,565.0
14.0,-90.0,38.0,565.0
16.0,-90.0,38.0,565.0
18.0,-90.0,38.0,135.0
20.0,-90.0,38.0,135.0
22.0,-90.0,38.0,135.0
24.0,-90.0,38.0,135.0
-28.0,-88.0,38.0,41.0
-26.0,-88.0,38.0,41.0
-24.0,-88.0,38.0,41.0
-22.0,-88.0,38.0,41.0
-20.0,-88.0,38.0,41.0
-18.0,-88.0,38.0,41.0
-16.0,-88.0,38.0,550.0
-14.0,-88.0,38.0,148.0
-12.0,-88.0,38.0,148.0
-10.0,-88.0,38.0,148.0
-8.0,-88.0,38.0,148.0
2.0,-88.0,38.0,449.0
4.0,-88.0,38.0,449.0
6.0,-88.0,38.0,449.0
8.0,-88.0,38.0,565.0
10.0,-88.0,38.0,565.0
12.0,-88.0,38.0,565.0
14.0,-88.0,38.0,565.0
16.0,-88.0,38.0,135.0
18.0,-88.0,38.0,135.0
20.0,-88.0,38.0,135.0
22.0,-88.0,38.0,135.0
24.0,-88.0,38.0,135.0
26.0,-88.0,38.0,135.0
28.0,-88.0,38.0,135.0
30.0,-88.0,38.0,135.0
-30.0,-86.0,38.0,41.0
-28.0,-86.0,38.0,41.0
-26.0,-86.0,38.0,41.0
-24.0,-86.0,38.0,41.0
-22.0,-86.0,38.0,41.0
-20.0,-86.0,38.0,41.0
-18.0,-86.0,38.0,550.0
-16.0,-86.0,38.0,550.0
-14.0,-86.0,38.0,550.0
-12.0,-86.0,38.0,148.0
-10.0,-86.0,38.0,148.0
-8.0,-86.0,38.0,148.0
-6.0,-86.0,38.0,148.0
2.0,-86.0,38.0,449.0
4.0,-86.0,38.0,449.0
6.0,-86.0,38.0,449.0
8.0,-86.0,38.0,449.0
10.0,-86.0,38.0,186.0
12.0,-86.0,38.0,186.0
14.0,-86.0,38.0,135.0
16.0,-86.0,38.0,135.0
18.0,-86.0,38.0,135.0
20.0,-86.0,38.0,135.0
22.0,-86.0,38.0,135.0
24.0,-86.0,38.0,135.0
26.0,-86.0,38.0,135.0
28.0,-86.0,38.0,135.0
30.0,-86.0,38.0,135.0
32.0,-86.0,38.0,135.0
34.0,-86.0,38.0,254.0
-36.0,-84.0,38.0,556.0
-32.0,-84.0,38.0,41.0
-30.0,-84.0,38.0,41.0
-28.0,-84.0,38.0,41.0
-26.0,-84.0,38.0,41.0
-24.0,-84.0,38.0,41.0
-22.0,-84.0,38.0,41.0
-20.0,-84.0,38.0,550.0
-18.0,-84.0,38.0,550.0
-16.0,-84.0,38.0,550.0
-14.0,-84.0,38.0,550.0
-12.0,-84.0,38.0,550.0
-10.0,-84.0,38.0,550.0
-8.0,-84.0,38.0,148.0
-6.0,-84.0,38.0,449.0
-4.0,-84.0,38.0,449.0
-2.0,-84.0,38.0,449.0
0.0,-84.0,38.0,449.0
2.0,-84.0,38.0,449.0
4.0,-84.0,38.0,302.0
6.0,-84.0,38.0,302.0
8.0,-84.0,38.0,186.0
10.0,-84.0,38.0,186.0
12.0,-84.0,38.0,186.0
14.0,-84.0,38.0,186.0
16.0,-84.0,38.0,135.0
18.0,-84.0,38.0,135.0
20.0,-84.0,38.0,135.0
22.0,-84.0,38.0,135.0
24.0,-84.0,38.0,135.0
26.0,-84.0,38.0,135.0
28.0,-84.0,38.0,135.0
30.0,-84.0,38.0,135.0
32.0,-84.0,38.0,254.0
34.0,-84.0,38.0,254.0
36.0,-84.0,38.0,254.0
38.0,-84.0,38.0,254.0
-38.0,-82.0,38.0,556.0
-36.0,-82.0,38.0,556.0
-34.0,-82.0,38.0,556.0
-30.0,-82.0,38.0,41.0
-28.0,-82.0,38.0,41.0
-26.0,-82.0,38.0,41.0
-24.0,-82.0,38.0,41.0
-22.0,-82.0,38.0,41.0
-20.0,-82.0,38.0,550.0
-16.0,-82.0,38.0,550.0
-14.0,-82.0,38.0,550.0
-12.0,-82.0,38.0,550.0
-10.0,-82.0,38.0,550.0
-8.0,-82.0,38.0,550.0
-6.0,-82.0,38.0,449.0
-4.0,-82.0,38.0,449.0
-2.0,-82.0,38.0,302.0
0.0,-82.0,38.0,302.0
2.0,-82.0,38.0,302.0
4.0,-82.0,38.0,302.0
6.0,-82.0,38.0,302.0
8.0,-82.0,38.0,186.0
10.0,-82.0,38.0,186.0
12.0,-82.0,38.0,186.0
14.0,-82.0,38.0,186.0
16.0,-82.0,38.0,135.0
18.0,-82.0,38.0,135.0
20.0,-82.0,38.0,135.0
22.0,-82.0,38.0,135.0
24.0,-82.0,38.0,135.0
26.0,-82.0,38.0,135.0
28.0,-82.0,38.0,135.0
30.0,-82.0,38.0,135.0
32.0,-82.0,38.0,254.0
34.0,-82.0,38.0,254.0
36.0,-82.0,38.0,254.0
38.0,-82.0,38.0,254.0
40.0,-82.0,38.0,254.0
-42.0,-80.0,38.0,556.0
-40.0,-80.0,38.0,556.0
-38.0,-80.0,38.0,556.0
-36.0,-80.0,38.0,556.0
-34.0,-80.0,38.0,556.0
-32.0,-80.0,38.0,556.0
-30.0,-80.0,38.0,556.0
-28.0,-80.0,38.0,41.0
-26.0,-80.0,38.0,75.0
-24.0,-80.0,38.0,75.0
-16.0,-80.0,38.0,550.0
-14.0,-80.0,38.0,550.0
-12.0,-80.0,38.0,550.0
-10.0,-80.0,38.0,550.0
-8.0,-80.0,38.0,550.0
-6.0,-80.0,38.0,60.0
-4.0,-80.0,38.0,302.0
-2.0,-80.0,38.0,302.0
0.0,-80.0,38.0,302.0
2.0,-80.0,38.0,302.0
4.0,-80.0,38.0,302.0
6.0,-80.0,38.0,302.0
8.0,-80.0,38.0,186.0
10.0,-80.0,38.0,186.0
12.0,-80.0,38.0,186.0
14.0,-80.0,38.0,186.0
16.0,-80.0,38.0,135.0
18.0,-80.0,38.0,135.0
20.0,-80.0,38.0,135.0
22.0,-80.0,38.0,135.0
24.0,-80.0,38.0,135.0
26.0,-80.0,38.0,135.0
28.0,-80.0,38.0,135.0
30.0,-80.0,38.0,254.0
32.0,-80.0,38.0,254.0
34.0,-80.0,38.0,254.0
36.0,-80.0,38.0,254.0
38.0,-80.0,38.0,254.0
40.0,-80.0,38.0,254.0
42.0,-80.0,38.0,254.0
-44.0,-78.0,38.0,556.0
-42.0,-78.0,38.0,556.0
-40.0,-78.0,38.0,556.0
-38.0,-78.0,38.0,556.0
-36.0,-78.0,38.0,556.0
-34.0,-78.0,38.0,556.0
-32.0,-78.0,38.0,556.0
-30.0,-78.0,38.0,556.0
-28.0,-78.0,38.0,75.0
-26.0,-78.0,38.0,75.0
-24.0,-78.0,38.0,75.0
-22.0,-78.0,38.0,75.0
-14.0,-78.0,38.0,550.0
-12.0,-78.0,38.0,550.0
-10.0,-78.0,38.0,550.0
-8.0,-78.0,38.0,550.0
-6.0,-78.0,38.0,60.0
-4.0,-78.0,38.0,60.0
0.0,-78.0,38.0,302.0
2.0,-78.0,38.0,302.0
4.0,-78.0,38.0,302.0
6.0,-78.0,38.0,302.0
8.0,-78.0,38.0,186.0
10.0,-78.0,38.0,186.0
12.0,-78.0,38.0,186.0
14.0,-78.0,38.0,186.0
16.0,-78.0,38.0,186.0
18.0,-78.0,38.0,135.0
20.0,-78.0,38.0,135.0
22.0,-78.0,38.0,135.0
24.0,-78.0,38.0,135.0
26.0,-78.0,38.0,135.0
28.0,-78.0,38.0,135.0
30.0,-78.0,38.0,254.0
32.0,-78.0,38.0,254.0
34.0,-78.0,38.0,254.0
36.0,-78.0,38.0,254.0
38.0,-78.0,38.0,254.0
40.0,-78.0,38.0,254.0
42.0,-78.0,38.0,254.0
44.0,-78.0,38.0,254.0
46.0,-78.0,38.0,254.0
-46.0,-76.0,38.0,556.0
-44.0,-76.0,38.0,556.0
-42.0,-76.0,38.0,556.0
-40.0,-76.0,38.0,556.0
-38.0,-76.0,38.0,556.0
-36.0,-76.0,38.0,556.0
-34.0,-76.0,38.0,556.0
-32.0,-76.0,38.0,556.0
-30.0,-76.0,38.0,75.0
-28.0,-76.0,38.0,75.0
-26.0,-76.0,38.0,75.0
-24.0,-76.0,38.0,75.0
-22.0,-76.0,38.0,75.0
-18.0,-76.0,38.0,75.0
-16.0,-76.0,38.0,550.0
-14.0,-76.0,38.0,550.0
-12.0,-76.0,38.0,550.0
-10.0,-76.0,38.0,550.0
-8.0,-76.0,38.0,60.0
-6.0,-76.0,38.0,60.0
-4.0,-76.0,38.0,60.0
2.0,-76.0,38.0,302.0
4.0,-76.0,38.0,219.0
6.0,-76.0,38.0,219.0
8.0,-76.0,38.0,186.0
10.0,-76.0,38.0,186.0
12.0,-76.0,38.0,186.0
14.0,-76.0,38.0,186.0
16.0,-76.0,38.0,186.0
18.0,-76.0,38.0,135.0
20.0,-76.0,38.0,135.0
22.0,-76.0,38.0,135.0
24.0,-76.0,38.0,135.0
26.0,-76.0,38.0,135.0
28.0,-76.0,38.0,254.0
30.0,-76.0,38.0,254.0
32.0,-76.0,38.0,254.0
34.0,-76.0,38.0,254.0
36.0,-76.0,38.0,254.0
38.0,-76.0,38.0,254.0
40.0,-76.0,38.0,254.0
42.0,-76.0,38.0,254.0
44.0,-76.0,38.0,254.0
46.0,-76.0,38.0,254.0
-48.0,-74.0,38.0,556.0
-46.0,-74.0,38.0,556.0
-44.0,-74.0,38.0,556.0
-42.0,-74.0,38.0,556.0
-40.0,-74.0,38.0,556.0
-38.0,-74.0,38.0,556.0
-36.0,-74.0,38.0,556.0
-34.0,-74.0,38.0,556.0
-32.0,-74.0,38.0,556.0
-30.0,-74.0,38.0,75.0
-28.0,-74.0,38.0,75.0
-26.0,-74.0,38.0,75.0
-24.0,-74.0,38.0,75.0
-22.0,-74.0,38.0,75.0
-20.0,-74.0,38.0,75.0
-18.0,-74.0,38.0,75.0
-16.0,-74.0,38.0,75.0
-14.0,-74.0,38.0,550.0
-12.0,-74.0,38.0,550.0
-10.0,-74.0,38.0,550.0
-8.0,-74.0,38.0,60.0
-6.0,-74.0,38.0,60.0
0.0,-74.0,38.0,515.0
2.0,-74.0,38.0,515.0
4.0,-74.0,38.0,219.0
6.0,-74.0,38.0,219.0
8.0,-74.0,38.0,219.0
10.0,-74.0,38.0,186.0
12.0,-74.0,38.0,186.0
14.0,-74.0,38.0,186.0
16.0,-74.0,38.0,186.0
18.0,-74.0,38.0,135.0
20.0,-74.0,38.0,135.0
22.0,-74.0,38.0,135.0
24.0,-74.0,38.0,135.0
26.0,-74.0,38.0,135.0
28.0,-74.0,38.0,254.0
30.0,-74.0,38.0,254.0
32.0,-74.0,38.0,254.0
34.0,-74.0,38.0,254.0
36.0,-74.0,38.0,254.0
38.0,-74.0,38.0,254.0
40.0,-74.0,38.0,254.0
42.0,-74.0,38.0,254.0
44.0,-74.0,38.0,254.0
46.0,-74.0,38.0,254.0
48.0,-74.0,38.0,254.0
-50.0,-72.0,38.0,595.0
-48.0,-72.0,38.0,556.0
-46.0,-72.0,38.0,556.0
-44.0,-72.0,38.0,556.0
-42.0,-72.0,38.0,556.0
-40.0,-72.0,38.0,556.0
-38.0,-72.0,38.0,556.0
-36.0,-72.0,38.0,556.0
-34.0,-72.0,38.0,556.0
-32.0,-72.0,38.0,128.0
-30.0,-72.0,38.0,128.0
-28.0,-72.0,38.0,75.0
-26.0,-72.0,38.0,75.0
-24.0,-72.0,38.0,75.0
-22.0,-72.0,38.0,75.0
-20.0,-72.0,38.0,75.0
-18.0,-72.0,38.0,75.0
-16.0,-72.0,38.0,75.0
-14.0,-72.0,38.0,353.0
-12.0,-72.0,38.0,493.0
-10.0,-72.0,38.0,493.0
-8.0,-72.0,38.0,60.0
-6.0,-72.0,38.0,60.0
-4.0,-72.0,38.0,60.0
0.0,-72.0,38.0,515.0
2.0,-72.0,38.0,515.0
4.0,-72.0,38.0,515.0
6.0,-72.0,38.0,219.0
10.0,-72.0,38.0,219.0
12.0,-72.0,38.0,186.0
14.0,-72.0,38.0,580.0
16.0,-72.0,38.0,580.0
18.0,-72.0,38.0,580.0
20.0,-72.0,38.0,580.0
22.0,-72.0,38.0,580.0
24.0,-72.0,38.0,580.0
26.0,-72.0,38.0,254.0
28.0,-72.0,38.0,254.0
30.0,-72.0,38.0,254.0
32.0,-72.0,38.0,254.0
34.0,-72.0,38.0,254.0
36.0,-72.0,38.0,254.0
38.0,-72.0,38.0,254.0
40.0,-72.0,38.0,254.0
42.0,-72.0,38.0,254.0
44.0,-72.0,38.0,254.0
46.0,-72.0,38.0,254.0
48.0,-72.0,38.0,254.0
50.0,-72.0,38.0,254.0
-52.0,-70.0,38.0,595.0
-50.0,-70.0,38.0,595.0
-48.0,-70.0,38.0,556.0
-46.0,-70.0,38.0,556.0
-44.0,-70.0,38.0,556.0
-42.0,-70.0,38.0,556.0
-40.0,-70.0,38.0,556.0
-38.0,-70.0,38.0,556.0
-36.0,-70.0,38.0,556.0
-34.0,-70.0,38.0,128.0
-32.0,-70.0,38.0,128.0
-30.0,-70.0,38.0,128.0
-28.0,-70.0,38.0,128.0
-26.0,-70.0,38.0,75.0
-24.0,-70.0,38.0,75.0
-22.0,-70.0,38.0,75.0
-20.0,-70.0,38.0,75.0
-18.0,-70.0,38.0,75.0
-16.0,-70.0,38.0,295.0
-14.0,-70.0,38.0,493.0
-12.0,-70.0,38.0,493.0
-10.0,-70.0,38.0,493.0
-8.0,-70.0,38.0,493.0
-6.0,-70.0,38.0,60.0
-4.0,-70.0,38.0,515.0
-2.0,-70.0,38.0,515.0
0.0,-70.0,38.0,515.0
2.0,-70.0,38.0,515.0
4.0,-70.0,38.0,515.0
6.0,-70.0,38.0,515.0
8.0,-70.0,38.0,219.0
12.0,-70.0,38.0,580.0
14.0,-70.0,38.0,580.0
16.0,-70.0,38.0,580.0
18.0,-70.0,38.0,580.0
20.0,-70.0,38.0,580.0
24.0,-70.0,38.0,580.0
26.0,-70.0,38.0,254.0
28.0,-70.0,38.0,254.0
30.0,-70.0,38.0,254.0
32.0,-70.0,38.0,254.0
34.0,-70.0,38.0,254.0
36.0,-70.0,38.0,254.0
38.0,-70.0,38.0,254.0
40.0,-70.0,38.0,254.0
42.0,-70.0,38.0,254.0
44.0,-70.0,38.0,254.0
46.0,-70.0,38.0,254.0
48.0,-70.0,38.0,254.0
50.0,-70.0,38.0,254.0
52.0,-70.0,38.0,159.0
-54.0,-68.0,38.0,595.0
-52.0,-68.0,38.0,595.0
-50.0,-68.0,38.0,595.0
-48.0,-68.0,38.0,570.0
-46.0,-68.0,38.0,556.0
-44.0,-68.0,38.0,556.0
-42.0,-68.0,38.0,556.0
-40.0,-68.0,38.0,556.0
-38.0,-68.0,38.0,556.0
-36.0,-68.0,38.0,128.0
-34.0,-68.0,38.0,128.0
-32.0,-68.0,38.0,128.0
-30.0,-68.0,38.0,128.0
-28.0,-68.0,38.0,128.0
-26.0,-68.0,38.0,128.0
-24.0,-68.0,38.0,295.0
-22.0,-68.0,38.0,295.0
-20.0,-68.0,38.0,295.0
-18.0,-68.0,38.0,295.0
-16.0,-68.0,38.0,295.0
-14.0,-68.0,38.0,493.0
-12.0,-68.0,38.0,493.0
-10.0,-68.0,38.0,493.0
-8.0,-68.0,38.0,493.0
-6.0,-68.0,38.0,515.0
-4.0,-68.0,38.0,515.0
-2.0,-68.0,38.0,515.0
0.0,-68.0,38.0,515.0
2.0,-68.0,38.0,515.0
4.0,-68.0,38.0,515.0
6.0,-68.0,38.0,515.0
8.0,-68.0,38.0,515.0
10.0,-68.0,38.0,580.0
12.0,-68.0,38.0,580.0
14.0,-68.0,38.0,580.0
16.0,-68.0,38.0,580.0
18.0,-68.0,38.0,580.0
20.0,-68.0,38.0,580.0
22.0,-68.0,38.0,580.0
24.0,-68.0,38.0,580.0
26.0,-68.0,38.0,580.0
28.0,-68.0,38.0,254.0
30.0,-68.0,38.0,254.0
32.0,-68.0,38.0,254.0
34.0,-68.0,38.0,254.0
36.0,-68.0,38.0,254.0
38.0,-68.0,38.0,254.0
40.0,-68.0,38.0,254.0
42.0,-68.0,38.0,254.0
44.0,-68.0,38.0,254.0
46.0,-68.0,38.0,254.0
48.0,-68.0,38.0,254.0
50.0,-68.0,38.0,159.0
52.0,-68.0,38.0,159.0
54.0,-68.0,38.0,159.0
-54.0,-66.0,38.0,595.0
-52.0,-66.0,38.0,595.0
-50.0,-66.0,38.0,595.0
-48.0,-66.0,38.0,411.0
-46.0,-66.0,38.0,411.0
-44.0,-66.0,38.0,411.0
-42.0,-66.0,38.0,411.0
-40.0,-66.0,38.0,411.0
-38.0,-66.0,38.0,411.0
-36.0,-66.0,38.0,128.0
-34.0,-66.0,38.0,128.0
-32.0,-66.0,38.0,128.0
-30.0,-66.0,38.0,128.0
-28.0,-66.0,38.0,128.0
-26.0,-66.0,38.0,128.0
-24.0,-66.0,38.0,295.0
-22.0,-66.0,38.0,295.0
-20.0,-66.0,38.0,295.0
-18.0,-66.0,38.0,295.0
-16.0,-66.0,38.0,295.0
-14.0,-66.0,38.0,295.0
-12.0,-66.0,38.0,493.0
-10.0,-66.0,38.0,493.0
-8.0,-66.0,38.0,493.0
-6.0,-66.0,38.0,493.0
-4.0,-66.0,38.0,515.0
-2.0,-66.0,38.0,515.0
0.0,-66.0,38.0,515.0
2.0,-66.0,38.0,515.0
4.0,-66.0,38.0,515.0
6.0,-66.0,38.0,515.0
8.0,-66.0,38.0,580.0
10.0,-66.0,38.0,580.0
12.0,-66.0,38.0,580.0
14.0,-66.0,38.0,580.0
16.0,-66.0,38.0,580.0
18.0,-66.0,38.0,580.0
20.0,-66.0,38.0,580.0
22.0,-66.0,38.0,580.0
24.0,-66.0,38.0,580.0
26.0,-66.0,38.0,501.0
28.0,-66.0,38.0,543.0
30.0,-66.0,38.0,254.0
32.0,-66.0,38.0,254.0
34.0,-66.0,38.0,254.0
36.0,-66.0,38.0,254.0
38.0,-66.0,38.0,254.0
40.0,-66.0,38.0,254.0
42.0,-66.0,38.0,254.0
44.0,-66.0,38.0,254.0
46.0,-66.0,38.0,58.0
48.0,-66.0,38.0,159.0
50.0,-66.0,38.0,159.0
52.0,-66.0,38.0,159.0
54.0,-66.0,38.0,159.0
-56.0,-64.0,38.0,595.0
-54.0,-64.0,38.0,595.0
-52.0,-64.0,38.0,411.0
-50.0,-64.0,38.0,411.0
-48.0,-64.0,38.0,411.0
-46.0,-64.0,38.0,411.0
-44.0,-64.0,38.0,411.0
-42.0,-64.0,38.0,411.0
-40.0,-64.0,38.0,411.0
-38.0,-64.0,38.0,411.0
-36.0,-64.0,38.0,128.0
-34.0,-64.0,38.0,128.0
-32.0,-64.0,38.0,128.0
-30.0,-64.0,38.0,128.0
-28.0,-64.0,38.0,128.0
-26.0,-64.0,38.0,128.0
-24.0,-64.0,38.0,295.0
-22.0,-64.0,38.0,295.0
-20.0,-64.0,38.0,295.0
-18.0,-64.0,38.0,295.0
-16.0,-64.0,38.0,295.0
-14.0,-64.0,38.0,295.0
-12.0,-64.0,38.0,493.0
-10.0,-64.0,38.0,493.0
-8.0,-64.0,38.0,493.0
-6.0,-64.0,38.0,493.0
-4.0,-64.0,38.0,433.0
-2.0,-64.0,38.0,515.0
0.0,-64.0,38.0,515.0
2.0,-64.0,38.0,515.0
4.0,-64.0,38.0,515.0
6.0,-64.0,38.0,515.0
8.0,-64.0,38.0,580.0
10.0,-64.0,38.0,580.0
12.0,-64.0,38.0,580.0
14.0,-64.0,38.0,580.0
16.0,-64.0,38.0,580.0
18.0,-64.0,38.0,580.0
20.0,-64.0,38.0,580.0
22.0,-64.0,38.0,580.0
24.0,-64.0,38.0,580.0
26.0,-64.0,38.0,501.0
28.0,-64.0,38.0,543.0
30.0,-64.0,38.0,543.0
32.0,-64.0,38.0,543.0
34.0,-64.0,38.0,543.0
36.0,-64.0,38.0,254.0
38.0,-64.0,38.0,254.0
40.0,-64.0,38.0,254.0
42.0,-64.0,38.0,58.0
44.0,-64.0,38.0,58.0
46.0,-64.0,38.0,58.0
48.0,-64.0,38.0,159.0
50.0,-64.0,38.0,159.0
52.0,-64.0,38.0,159.0
54.0,-64.0,38.0,159.0
56.0,-64.0,38.0,159.0
-58.0,-62.0,38.0,392.0
-56.0,-62.0,38.0,595.0
-54.0,-62.0,38.0,411.0
-52.0,-62.0,38.0,411.0
-50.0,-62.0,38.0,411.0
-48.0,-62.0,38.0,411.0
-46.0,-62.0,38.0,411.0
-44.0,-62.0,38.0,411.0
-42.0,-62.0,38.0,411.0
-40.0,-62.0,38.0,411.0
-38.0,-62.0,38.0,411.0
-36.0,-62.0,38.0,411.0
-34.0,-62.0,38.0,128.0
-32.0,-62.0,38.0,128.0
-30.0,-62.0,38.0,128.0
-28.0,-62.0,38.0,128.0
-26.0,-62.0,38.0,128.0
-24.0,-62.0,38.0,295.0
-18.0,-62.0,38.0,295.0
-16.0,-62.0,38.0,295.0
-14.0,-62.0,38.0,295.0
-12.0,-62.0,38.0,295.0
-10.0,-62.0,38.0,493.0
-8.0,-62.0,38.0,493.0
-6.0,-62.0,38.0,433.0
-4.0,-62.0,38.0,433.0
-2.0,-62.0,38.0,433.0
0.0,-62.0,38.0,515.0
2.0,-62.0,38.0,515.0
4.0,-62.0,38.0,515.0
6.0,-62.0,38.0,580.0
8.0,-62.0,38.0,580.0
10.0,-62.0,38.0,580.0
12.0,-62.0,38.0,580.0
14.0,-62.0,38.0,580.0
16.0,-62.0,38.0,580.0
18.0,-62.0,38.0,580.0
20.0,-62.0,38.0,580.0
22.0,-62.0,38.0,580.0
24.0,-62.0,38.0,501.0
26.0,-62.0,38.0,501.0
28.0,-62.0,38.0,543.0
30.0,-62.0,38.0,543.0
32.0,-62.0,38.0,543.0
34.0,-62.0,38.0,543.0
36.0,-62.0,38.0,543.0
38.0,-62.0,38.0,543.0
40.0,-62.0,38.0,58.0
42.0,-62.0,38.0,58.0
44.0,-62.0,38.0,58.0
46.0,-62.0,38.0,58.0
48.0,-62.0,38.0,159.0
50.0,-62.0,38.0,159.0
52.0,-62.0,38.0,159.0
54.0,-62.0,38.0,159.0
56.0,-62.0,38.0,159.0
58.0,-62.0,38.0,159.0
-58.0,-60.0,38.0,392.0
-56.0,-60.0,38.0,392.0
-54.0,-60.0,38.0,411.0
-52.0,-60.0,38.0,411.0
-50.0,-60.0,38.0,411.0
-48.0,-60.0,38.0,411.0
-46.0,-60.0,38.0,411.0
-44.0,-60.0,38.0,411.0
-42.0,-60.0,38.0,411.0
-40.0,-60.0,38.0,411.0
-38.0,-60.0,38.0,411.0
-36.0,-60.0,38.0,411.0
-34.0,-60.0,38.0,128.0
-32.0,-60.0,38.0,128.0
-30.0,-60.0,38.0,128.0
-28.0,-60.0,38.0,128.0
-26.0,-60.0,38.0,128.0
-24.0,-60.0,38.0,295.0
-18.0,-60.0,38.0,295.0
-16.0,-60.0,38.0,295.0
-14.0,-60.0,38.0,295.0
-12.0,-60.0,38.0,295.0
-10.0,-60.0,38.0,493.0
-8.0,-60.0,38.0,98.0
-6.0,-60.0,38.0,98.0
-4.0,-60.0,38.0,98.0
-2.0,-60.0,38.0,98.0
0.0,-60.0,38.0,98.0
2.0,-60.0,38.0,98.0
4.0,-60.0,38.0,515.0
6.0,-60.0,38.0,486.0
8.0,-60.0,38.0,580.0
10.0,-60.0,38.0,580.0
12.0,-60.0,38.0,580.0
14.0,-60.0,38.0,580.0
16.0,-60.0,38.0,580.0
22.0,-60.0,38.0,580.0
24.0,-60.0,38.0,501.0
26.0,-60.0,38.0,501.0
28.0,-60.0,38.0,543.0
30.0,-60.0,38.0,543.0
32.0,-60.0,38.0,543.0
34.0,-60.0,38.0,543.0
36.0,-60.0,38.0,543.0
38.0,-60.0,38.0,58.0
40.0,-60.0,38.0,58.0
42.0,-60.0,38.0,58.0
44.0,-60.0,38.0,58.0
46.0,-60.0,38.0,58.0
48.0,-60.0,38.0,159.0
50.0,-60.0,38.0,159.0
52.0,-60.0,38.0,159.0
54.0,-60.0,38.0,159.0
56.0,-60.0,38.0,159.0
58.0,-60.0,38.0,159.0
-60.0,-58.0,38.0,392.0
-58.0,-58.0,38.0,392.0
-56.0,-58.0,38.0,392.0
-54.0,-58.0,38.0,411.0
-52.0,-58.0,38.0,411.0
-50.0,-58.0,38.0,411.0
-48.0,-58.0,38.0,411.0
-46.0,-58.0,38.0,411.0
-44.0,-58.0,38.0,411.0
-42.0,-58.0,38.0,411.0
-40.0,-58.0,38.0,411.0
-38.0,-58.0,38.0,411.0
-36.0,-58.0,38.0,411.0
-34.0,-58.0,38.0,411.0
-32.0,-58.0,38.0,128.0
-30.0,-58.0,38.0,128.0
-28.0,-58.0,38.0,128.0
-26.0,-58.0,38.0,128.0
-24.0,-58.0,38.0,295.0
-18.0,-58.0,38.0,295.0
-16.0,-58.0,38.0,295.0
-14.0,-58.0,38.0,295.0
-12.0,-58.0,38.0,295.0
-10.0,-58.0,38.0,98.0
-8.0,-58.0,38.0,98.0
-6.0,-58.0,38.0,98.0
-4.0,-58.0,38.0,98.0
-2.0,-58.0,38.0,98.0
0.0,-58.0,38.0,98.0
2.0,-58.0,38.0,98.0
4.0,-58.0,38.0,486.0
6.0,-58.0,38.0,486.0
8.0,-58.0,38.0,486.0
10.0,-58.0,38.0,486.0
12.0,-58.0,38.0,486.0
14.0,-58.0,38.0,580.0
22.0,-58.0,38.0,501.0
24.0,-58.0,38.0,501.0
26.0,-58.0,38.0,501.0
28.0,-58.0,38.0,543.0
30.0,-58.0,38.0,543.0
32.0,-58.0,38.0,543.0
34.0,-58.0,38.0,543.0
36.0,-58.0,38.0,543.0
38.0,-58.0,38.0,58.0
40.0,-58.0,38.0,58.0
42.0,-58.0,38.0,58.0
44.0,-58.0,38.0,58.0
46.0,-58.0,38.0,58.0
48.0,-58.0,38.0,159.0
50.0,-58.0,38.0,159.0
52.0,-58.0,38.0,159.0
54.0,-58.0,38.0,159.0
56.0,-58.0,38.0,159.0
58.0,-58.0,38.0,159.0
60.0,-58.0,38.0,159.0
-60.0,-56.0,38.0,392.0
-58.0,-56.0,38.0,392.0
-56.0,-56.0,38.0,392.0
-54.0,-56.0,38.0,392.0
-52.0,-56.0,38.0,411.0
-50.0,-56.0,38.0,411.0
-48.0,-56.0,38.0,411.0
-46.0,-56.0,38.0,411.0
-44.0,-56.0,38.0,411.0
-42.0,-56.0,38.0,411.0
-40.0,-56.0,38.0,411.0
-38.0,-56.0,38.0,411.0
-36.0,-56.0,38.0,411.0
-34.0,-56.0,38.0,411.0
-32.0,-56.0,38.0,77.0
-30.0,-56.0,38.0,77.0
-28.0,-56.0,38.0,128.0
-26.0,-56.0,38.0,128.0
-24.0,-56.0,38.0,295.0
-16.0,-56.0,38.0,295.0
-14.0,-56.0,38.0,295.0
-12.0,-56.0,38.0,98.0
-10.0,-56.0,38.0,98.0
-8.0,-56.0,38.0,98.0
-6.0,-56.0,38.0,98.0
-4.0,-56.0,38.0,98.0
-2.0,-56.0,38.0,98.0
0.0,-56.0,38.0,98.0
2.0,-56.0,38.0,98.0
4.0,-56.0,38.0,80.0
6.0,-56.0,38.0,486.0
8.0,-56.0,38.0,486.0
10.0,-56.0,38.0,486.0
12.0,-56.0,38.0,486.0
22.0,-56.0,38.0,501.0
24.0,-56.0,38.0,501.0
26.0,-56.0,38.0,501.0
28.0,-56.0,38.0,543.0
30.0,-56.0,38.0,543.0
32.0,-56.0,38.0,543.0
34.0,-56.0,38.0,543.0
36.0,-56.0,38.0,543.0
38.0,-56.0,38.0,58.0
40.0,-56.0,38.0,58.0
42.0,-56.0,38.0,58.0
44.0,-56.0,38.0,58.0
46.0,-56.0,38.0,58.0
48.0,-56.0,38.0,159.0
50.0,-56.0,38.0,159.0
52.0,-56.0,38.0,159.0
54.0,-56.0,38.0,159.0
56.0,-56.0,38.0,159.0
58.0,-56.0,38.0,159.0
60.0,-56.0,38.0,159.0
-62.0,-54.0,38.0,392.0
-60.0,-54.0,38.0,392.0
-58.0,-54.0,38.0,392.0
-56.0,-54.0,38.0,392.0
-54.0,-54.0,38.0,392.0
-52.0,-54.0,38.0,411.0
-50.0,-54.0,38.0,411.0
-48.0,-54.0,38.0,411.0
-46.0,-54.0,38.0,411.0
-44.0,-54.0,38.0,411.0
-42.0,-54.0,38.0,411.0
-40.0,-54.0,38.0,411.0
-38.0,-54.0,38.0,411.0
-36.0,-54.0,38.0,3.0
-34.0,-54.0,38.0,3.0
-32.0,-54.0,38.0,3.0
-30.0,-54.0,38.0,77.0
-28.0,-54.0,38.0,77.0
-26.0,-54.0,38.0,77.0
-24.0,-54.0,38.0,77.0
-16.0,-54.0,38.0,295.0
-14.0,-54.0,38.0,12.0
-12.0,-54.0,38.0,98.0
-10.0,-54.0,38.0,98.0
-8.0,-54.0,38.0,98.0
-6.0,-54.0,38.0,98.0
-4.0,-54.0,38.0,98.0
2.0,-54.0,38.0,80.0
4.0,-54.0,38.0,80.0
6.0,-54.0,38.0,80.0
8.0,-54.0,38.0,486.0
10.0,-54.0,38.0,486.0
12.0,-54.0,38.0,486.0
14.0,-54.0,38.0,486.0
22.0,-54.0,38.0,363.0
24.0,-54.0,38.0,363.0
26.0,-54.0,38.0,501.0
28.0,-54.0,38.0,543.0
30.0,-54.0,38.0,543.0
32.0,-54.0,38.0,543.0
34.0,-54.0,38.0,543.0
36.0,-54.0,38.0,543.0
38.0,-54.0,38.0,58.0
40.0,-54.0,38.0,58.0
42.0,-54.0,38.0,58.0
44.0,-54.0,38.0,58.0
46.0,-54.0,38.0,58.0
48.0,-54.0,38.0,159.0
50.0,-54.0,38.0,159.0
52.0,-54.0,38.0,159.0
54.0,-54.0,38.0,159.0
56.0,-54.0,38.0,159.0
58.0,-54.0,38.0,159.0
60.0,-54.0,38.0,193.0
62.0,-54.0,38.0,193.0
-62.0,-52.0,38.0,392.0
-60.0,-52.0,38.0,392.0
-58.0,-52.0,38.0,392.0
-56.0,-52.0,38.0,392.0
-54.0,-52.0,38.0,392.0
-52.0,-52.0,38.0,242.0
-50.0,-52.0,38.0,411.0
-48.0,-52.0,38.0,411.0
-46.0,-52.0,38.0,411.0
-44.0,-52.0,38.0,411.0
-42.0,-52.0,38.0,411.0
-40.0,-52.0,38.0,411.0
-38.0,-52.0,38.0,3.0
-36.0,-52.0,38.0,3.0
-34.0,-52.0,38.0,3.0
-32.0,-52.0,38.0,3.0
-30.0,-52.0,38.0,3.0
-28.0,-52.0,38.0,77.0
-26.0,-52.0,38.0,77.0
-24.0,-52.0,38.0,77.0
-16.0,-52.0,38.0,12.0
-14.0,-52.0,38.0,12.0
-12.0,-52.0,38.0,12.0
-10.0,-52.0,38.0,98.0
-8.0,-52.0,38.0,98.0
-6.0,-52.0,38.0,98.0
-4.0,-52.0,38.0,98.0
2.0,-52.0,38.0,80.0
4.0,-52.0,38.0,80.0
6.0,-52.0,38.0,80.0
8.0,-52.0,38.0,80.0
10.0,-52.0,38.0,486.0
12.0,-52.0,38.0,486.0
14.0,-52.0,38.0,486.0
24.0,-52.0,38.0,363.0
26.0,-52.0,38.0,363.0
30.0,-52.0,38.0,543.0
32.0,-52.0,38.0,543.0
34.0,-52.0,38.0,173.0
36.0,-52.0,38.0,173.0
38.0,-52.0,38.0,173.0
40.0,-52.0,38.0,58.0
42.0,-52.0,38.0,58.0
44.0,-52.0,38.0,58.0
46.0,-52.0,38.0,58.0
48.0,-52.0,38.0,159.0
50.0,-52.0,38.0,159.0
52.0,-52.0,38.0,159.0
54.0,-52.0,38.0,159.0
56.0,-52.0,38.0,159.0
58.0,-52.0,38.0,159.0
60.0,-52.0,38.0,193.0
62.0,-52.0,38.0,193.0
-64.0,-50.0,38.0,392.0
-62.0,-50.0,38.0,392.0
-60.0,-50.0,38.0,392.0
-58.0,-50.0,38.0,392.0
-56.0,-50.0,38.0,392.0
-54.0,-50.0,38.0,392.0
-52.0,-50.0,38.0,242.0
-50.0,-50.0,38.0,242.0
-48.0,-50.0,38.0,411.0
-42.0,-50.0,38.0,3.0
-40.0,-50.0,38.0,3.0
-38.0,-50.0,38.0,3.0
-36.0,-50.0,38.0,3.0
-34.0,-50.0,38.0,3.0
-32.0,-50.0,38.0,3.0
-30.0,-50.0,38.0,3.0
-28.0,-50.0,38.0,3.0
-16.0,-50.0,38.0,12.0
-14.0,-50.0,38.0,12.0
-12.0,-50.0,38.0,12.0
-10.0,-50.0,38.0,12.0
-8.0,-50.0,38.0,98.0
-6.0,-50.0,38.0,98.0
-4.0,-50.0,38.0,98.0
2.0,-50.0,38.0,80.0
4.0,-50.0,38.0,80.0
6.0,-50.0,38.0,80.0
8.0,-50.0,38.0,80.0
10.0,-50.0,38.0,486.0
12.0,-50.0,38.0,486.0
14.0,-50.0,38.0,486.0
16.0,-50.0,38.0,486.0
30.0,-50.0,38.0,363.0
32.0,-50.0,38.0,173.0
34.0,-50.0,38.0,173.0
36.0,-50.0,38.0,173.0
38.0,-50.0,38.0,173.0
40.0,-50.0,38.0,173.0
42.0,-50.0,38.0,173.0
44.0,-50.0,38.0,58.0
46.0,-50.0,38.0,58.0
48.0,-50.0,38.0,159.0
50.0,-50.0,38.0,159.0
52.0,-50.0,38.0,159.0
54.0,-50.0,38.0,159.0
56.0,-50.0,38.0,159.0
58.0,-50.0,38.0,193.0
60.0,-50.0,38.0,193.0
62.0,-50.0,38.0,193.0
-64.0,-48.0,38.0,392.0
-62.0,-48.0,38.0,392.0
-60.0,-48.0,38.0,392.0
-58.0,-48.0,38.0,392.0
-56.0,-48.0,38.0,392.0
-54.0,-48.0,38.0,242.0
-52.0,-48.0,38.0,242.0
-50.0,-48.0,38.0,242.0
-46.0,-48.0,38.0,3.0
-44.0,-48.0,38.0,3.0
-42.0,-48.0,38.0,3.0
-40.0,-48.0,38.0,3.0
-38.0,-48.0,38.0,3.0
-36.0,-48.0,38.0,3.0
-34.0,-48.0,38.0,3.0
-32.0,-48.0,38.0,3.0
-30.0,-48.0,38.0,3.0
-16.0,-48.0,38.0,12.0
-14.0,-48.0,38.0,12.0
-12.0,-48.0,38.0,12.0
-10.0,-48.0,38.0,12.0
-8.0,-48.0,38.0,12.0
-6.0,-48.0,38.0,98.0
-4.0,-48.0,38.0,98.0
2.0,-48.0,38.0,80.0
4.0,-48.0,38.0,80.0
6.0,-48.0,38.0,80.0
8.0,-48.0,38.0,80.0
10.0,-48.0,38.0,80.0
12.0,-48.0,38.0,486.0
14.0,-48.0,38.0,486.0
16.0,-48.0,38.0,486.0
30.0,-48.0,38.0,363.0
32.0,-48.0,38.0,173.0
34.0,-48.0,38.0,173.0
36.0,-48.0,38.0,173.0
38.0,-48.0,38.0,173.0
40.0,-48.0,38.0,173.0
42.0,-48.0,38.0,173.0
44.0,-48.0,38.0,173.0
50.0,-48.0,38.0,159.0
52.0,-48.0,38.0,159.0
54.0,-48.0,38.0,159.0
56.0,-48.0,38.0,193.0
58.0,-48.0,38.0,193.0
60.0,-48.0,38.0,193.0
62.0,-48.0,38.0,193.0
64.0,-48.0,38.0,193.0
-64.0,-46.0,38.0,392.0
-62.0,-46.0,38.0,392.0
-60.0,-46.0,38.0,392.0
-58.0,-46.0,38.0,392.0
-56.0,-46.0,38.0,392.0
-54.0,-46.0,38.0,242.0
-52.0,-46.0,38.0,242.0
-46.0,-46.0,38.0,242.0
-44.0,-46.0,38.0,3.0
-42.0,-46.0,38.0,3.0
-40.0,-46.0,38.0,3.0
-38.0,-46.0,38.0,3.0
-36.0,-46.0,38.0,3.0
-34.0,-46.0,38.0,3.0
-32.0,-46.0,38.0,3.0
-30.0,-46.0,38.0,3.0
-16.0,-46.0,38.0,12.0
-14.0,-46.0,38.0,12.0
-12.0,-46.0,38.0,12.0
-10.0,-46.0,38.0,12.0
-8.0,-46.0,38.0,199.0
-6.0,-46.0,38.0,199.0
-4.0,-46.0,38.0,199.0
0.0,-46.0,38.0,80.0
2.0,-46.0,38.0,80.0
4.0,-46.0,38.0,80.0
6.0,-46.0,38.0,80.0
8.0,-46.0,38.0,80.0
10.0,-46.0,38.0,80.0
12.0,-46.0,38.0,80.0
14.0,-46.0,38.0,486.0
16.0,-46.0,38.0,486.0
30.0,-46.0,38.0,240.0
32.0,-46.0,38.0,240.0
34.0,-46.0,38.0,173.0
36.0,-46.0,38.0,173.0
38.0,-46.0,38.0,173.0
40.0,-46.0,38.0,173.0
42.0,-46.0,38.0,173.0
50.0,-46.0,38.0,206.0
52.0,-46.0,38.0,342.0
54.0,-46.0,38.0,342.0
56.0,-46.0,38.0,342.0
58.0,-46.0,38.0,193.0
60.0,-46.0,38.0,193.0
62.0,-46.0,38.0,193.0
64.0,-46.0,38.0,193.0
-66.0,-44.0,38.0,392.0
-64.0,-44.0,38.0,392.0
-62.0,-44.0,38.0,392.0
-60.0,-44.0,38.0,392.0
-58.0,-44.0,38.0,392.0
-56.0,-44.0,38.0,242.0
-54.0,-44.0,38.0,242.0
-52.0,-44.0,38.0,242.0
-48.0,-44.0,38.0,242.0
-46.0,-44.0,38.0,242.0
-44.0,-44.0,38.0,3.0
-42.0,-44.0,38.0,3.0
-40.0,-44.0,38.0,3.0
-38.0,-44.0,38.0,3.0
-36.0,-44.0,38.0,3.0
-34.0,-44.0,38.0,3.0
-32.0,-44.0,38.0,3.0
-30.0,-44.0,38.0,3.0
-16.0,-44.0,38.0,12.0
-14.0,-44.0,38.0,12.0
-12.0,-44.0,38.0,12.0
-10.0,-44.0,38.0,12.0
-8.0,-44.0,38.0,199.0
-6.0,-44.0,38.0,199.0
-4.0,-44.0,38.0,199.0
-2.0,-44.0,38.0,199.0
0.0,-44.0,38.0,80.0
2.0,-44.0,38.0,80.0
4.0,-44.0,38.0,80.0
6.0,-44.0,38.0,80.0
8.0,-44.0,38.0,80.0
10.0,-44.0,38.0,80.0
12.0,-44.0,38.0,80.0
14.0,-44.0,38.0,80.0
16.0,-44.0,38.0,486.0
32.0,-44.0,38.0,212.0
34.0,-44.0,38.0,212.0
36.0,-44.0,38.0,173.0
38.0,-44.0,38.0,173.0
40.0,-44.0,38.0,173.0
46.0,-44.0,38.0,173.0
48.0,-44.0,38.0,206.0
50.0,-44.0,38.0,206.0
52.0,-44.0,38.0,342.0
54.0,-44.0,38.0,342.0
56.0,-44.0,38.0,342.0
58.0,-44.0,38.0,193.0
60.0,-44.0,38.0,193.0
62.0,-44.0,38.0,193.0
64.0,-44.0,38.0,193.0
-66.0,-42.0,38.0,392.0
-64.0,-42.0,38.0,392.0
-62.0,-42.0,38.0,322.0
-60.0,-42.0,38.0,322.0
-58.0,-42.0,38.0,322.0
-56.0,-42.0,38.0,242.0
-54.0,-42.0,38.0,242.0
-52.0,-42.0,38.0,242.0
-50.0,-42.0,38.0,242.0
-48.0,-42.0,38.0,242.0
-46.0,-42.0,38.0,242.0
-44.0,-42.0,38.0,3.0
-42.0,-42.0,38.0,3.0
-40.0,-42.0,38.0,3.0
-38.0,-42.0,38.0,3.0
-36.0,-42.0,38.0,3.0
-16.0,-42.0,38.0,12.0
-14.0,-42.0,38.0,12.0
-12.0,-42.0,38.0,12.0
-10.0,-42.0,38.0,12.0
-8.0,-42.0,38.0,199.0
-6.0,-42.0,38.0,199.0
-4.0,-42.0,38.0,199.0
-2.0,-42.0,38.0,199.0
0.0,-42.0,38.0,80.0
2.0,-42.0,38.0,80.0
4.0,-42.0,38.0,80.0
6.0,-42.0,38.0,80.0
8.0,-42.0,38.0,80.0
10.0,-42.0,38.0,80.0
12.0,-42.0,38.0,80.0
14.0,-42.0,38.0,80.0
32.0,-42.0,38.0,212.0
34.0,-42.0,38.0,212.0
36.0,-42.0,38.0,212.0
38.0,-42.0,38.0,212.0
42.0,-42.0,38.0,173.0
44.0,-42.0,38.0,173.0
46.0,-42.0,38.0,173.0
48.0,-42.0,38.0,488.0
50.0,-42.0,38.0,358.0
52.0,-42.0,38.0,358.0
54.0,-42.0,38.0,358.0
56.0,-42.0,38.0,358.0
58.0,-42.0,38.0,358.0
60.0,-42.0,38.0,74.0
62.0,-42.0,38.0,193.0
64.0,-42.0,38.0,193.0
66.0,-42.0,38.0,193.0
-66.0,-40.0,38.0,322.0
-64.0,-40.0,38.0,322.0
-62.0,-40.0,38.0,322.0
-60.0,-40.0,38.0,322.0
-58.0,-40.0,38.0,221.0
-56.0,-40.0,38.0,221.0
-54.0,-40.0,38.0,221.0
-52.0,-40.0,38.0,221.0
-50.0,-40.0,38.0,221.0
-48.0,-40.0,38.0,221.0
-46.0,-40.0,38.0,221.0
-44.0,-40.0,38.0,221.0
-42.0,-40.0,38.0,3.0
-40.0,-40.0,38.0,3.0
-38.0,-40.0,38.0,3.0
-36.0,-40.0,38.0,3.0
-34.0,-40.0,38.0,3.0
-16.0,-40.0,38.0,12.0
-14.0,-40.0,38.0,12.0
-12.0,-40.0,38.0,12.0
-10.0,-40.0,38.0,199.0
-8.0,-40.0,38.0,199.0
-6.0,-40.0,38.0,199.0
-4.0,-40.0,38.0,199.0
-2.0,-40.0,38.0,199.0
0.0,-40.0,38.0,435.0
2.0,-40.0,38.0,435.0
4.0,-40.0,38.0,435.0
6.0,-40.0,38.0,435.0
8.0,-40.0,38.0,435.0
10.0,-40.0,38.0,435.0
12.0,-40.0,38.0,435.0
14.0,-40.0,38.0,435.0
32.0,-40.0,38.0,212.0
34.0,-40.0,38.0,212.0
36.0,-40.0,38.0,212.0
38.0,-40.0,38.0,212.0
40.0,-40.0,38.0,212.0
42.0,-40.0,38.0,212.0
44.0,-40.0,38.0,173.0
46.0,-40.0,38.0,488.0
48.0,-40.0,38.0,488.0
50.0,-40.0,38.0,358.0
52.0,-40.0,38.0,358.0
54.0,-40.0,38.0,358.0
56.0,-40.0,38.0,358.0
58.0,-40.0,38.0,74.0
60.0,-40.0,38.0,74.0
62.0,-40.0,38.0,74.0
64.0,-40.0,38.0,74.0
66.0,-40.0,38.0,74.0
-66.0,-38.0,38.0,322.0
-64.0,-38.0,38.0,322.0
-62.0,-38.0,38.0,322.0
-60.0,-38.0,38.0,221.0
-58.0,-38.0,38.0,221.0
-56.0,-38.0,38.0,221.0
-54.0,-38.0,38.0,221.0
-52.0,-38.0,38.0,221.0
-48.0,-38.0,38.0,221.0
-46.0,-38.0,38.0,221.0
-44.0,-38.0,38.0,221.0
-42.0,-38.0,38.0,221.0
-40.0,-38.0,38.0,3.0
-38.0,-38.0,38.0,3.0
-36.0,-38.0,38.0,3.0
-34.0,-38.0,38.0,3.0
-16.0,-38.0,38.0,12.0
-14.0,-38.0,38.0,12.0
-12.0,-38.0,38.0,12.0
-10.0,-38.0,38.0,199.0
-8.0,-38.0,38.0,199.0
-6.0,-38.0,38.0,199.0
-4.0,-38.0,38.0,199.0
-2.0,-38.0,38.0,199.0
0.0,-38.0,38.0,435.0
2.0,-38.0,38.0,435.0
4.0,-38.0,38.0,435.0
6.0,-38.0,38.0,435.0
8.0,-38.0,38.0,435.0
10.0,-38.0,38.0,435.0
12.0,-38.0,38.0,435.0
14.0,-38.0,38.0,435.0
34.0,-38.0,38.0,212.0
36.0,-38.0,38.0,212.0
38.0,-38.0,38.0,212.0
40.0,-38.0,38.0,212.0
42.0,-38.0,38.0,212.0
44.0,-38.0,38.0,212.0
46.0,-38.0,38.0,488.0
48.0,-38.0,38.0,358.0
50.0,-38.0,38.0,358.0
52.0,-38.0,38.0,358.0
54.0,-38.0,38.0,358.0
56.0,-38.0,38.0,74.0
58.0,-38.0,38.0,74.0
60.0,-38.0,38.0,74.0
62.0,-38.0,38.0,74.0
64.0,-38.0,38.0,74.0
66.0,-38.0,38.0,74.0
-68.0,-36.0,38.0,322.0
-66.0,-36.0,38.0,322.0
-64.0,-36.0,38.0,322.0
-62.0,-36.0,38.0,322.0
-60.0,-36.0,38.0,221.0
-58.0,-36.0,38.0,221.0
-56.0,-36.0,38.0,221.0
-54.0,-36.0,38.0,221.0
-52.0,-36.0,38.0,221.0
-48.0,-36.0,38.0,221.0
-46.0,-36.0,38.0,221.0
-44.0,-36.0,38.0,221.0
-42.0,-36.0,38.0,221.0
-40.0,-36.0,38.0,3.0
-38.0,-36.0,38.0,3.0
-36.0,-36.0,38.0,3.0
-34.0,-36.0,38.0,3.0
-32.0,-36.0,38.0,3.0
-18.0,-36.0,38.0,12.0
-16.0,-36.0,38.0,12.0
-14.0,-36.0,38.0,12.0
-12.0,-36.0,38.0,12.0
-10.0,-36.0,38.0,199.0
-8.0,-36.0,38.0,199.0
-6.0,-36.0,38.0,199.0
-4.0,-36.0,38.0,199.0
-2.0,-36.0,38.0,55.0
0.0,-36.0,38.0,435.0
2.0,-36.0,38.0,435.0
4.0,-36.0,38.0,435.0
6.0,-36.0,38.0,435.0
8.0,-36.0,38.0,435.0
10.0,-36.0,38.0,435.0
12.0,-36.0,38.0,435.0
14.0,-36.0,38.0,435.0
16.0,-36.0,38.0,435.0
38.0,-36.0,38.0,212.0
40.0,-36.0,38.0,212.0
42.0,-36.0,38.0,212.0
44.0,-36.0,38.0,212.0
46.0,-36.0,38.0,260.0
48.0,-36.0,38.0,260.0
50.0,-36.0,38.0,358.0
52.0,-36.0,38.0,358.0
54.0,-36.0,38.0,74.0
56.0,-36.0,38.0,74.0
58.0,-36.0,38.0,74.0
60.0,-36.0,38.0,74.0
62.0,-36.0,38.0,74.0
64.0,-36.0,38.0,74.0
66.0,-36.0,38.0,74.0
-68.0,-34.0,38.0,322.0
-66.0,-34.0,38.0,322.0
-64.0,-34.0,38.0,322.0
-62.0,-34.0,38.0,221.0
-60.0,-34.0,38.0,221.0
-58.0,-34.0,38.0,221.0
-56.0,-34.0,38.0,221.0
-54.0,-34.0,38.0,221.0
-52.0,-34.0,38.0,221.0
-46.0,-34.0,38.0,221.0
-44.0,-34.0,38.0,221.0
-42.0,-34.0,38.0,221.0
-40.0,-34.0,38.0,221.0
-38.0,-34.0,38.0,3.0
-36.0,-34.0,38.0,3.0
-34.0,-34.0,38.0,3.0
-32.0,-34.0,38.0,3.0
-18.0,-34.0,38.0,12.0
-16.0,-34.0,38.0,12.0
-14.0,-34.0,38.0,12.0
-12.0,-34.0,38.0,199.0
-10.0,-34.0,38.0,199.0
-8.0,-34.0,38.0,55.0
-6.0,-34.0,38.0,55.0
-4.0,-34.0,38.0,55.0
-2.0,-34.0,38.0,55.0
0.0,-34.0,38.0,55.0
2.0,-34.0,38.0,435.0
4.0,-34.0,38.0,435.0
6.0,-34.0,38.0,435.0
8.0,-34.0,38.0,435.0
10.0,-34.0,38.0,435.0
12.0,-34.0,38.0,435.0
14.0,-34.0,38.0,435.0
16.0,-34.0,38.0,435.0
40.0,-34.0,38.0,212.0
42.0,-34.0,38.0,212.0
44.0,-34.0,38.0,260.0
46.0,-34.0,38.0,260.0
48.0,-34.0,38.0,260.0
50.0,-34.0,38.0,260.0
52.0,-34.0,38.0,74.0
54.0,-34.0,38.0,74.0
56.0,-34.0,38.0,74.0
58.0,-34.0,38.0,74.0
60.0,-34.0,38.0,74.0
62.0,-34.0,38.0,74.0
64.0,-34.0,38.0,74.0
66.0,-34.0,38.0,74.0
-68.0,-32.0,38.0,322.0
-66.0,-32.0,38.0,322.0
-64.0,-32.0,38.0,221.0
-62.0,-32.0,38.0,221.0
-60.0,-32.0,38.0,221.0
-58.0,-32.0,38.0,221.0
-56.0,-32.0,38.0,221.0
-54.0,-32.0,38.0,221.0
-46.0,-32.0,38.0,221.0
-44.0,-32.0,38.0,221.0
-42.0,-32.0,38.0,221.0
-40.0,-32.0,38.0,221.0
-38.0,-32.0,38.0,221.0
-36.0,-32.0,38.0,3.0
-34.0,-32.0,38.0,3.0
-18.0,-32.0,38.0,12.0
-16.0,-32.0,38.0,12.0
-14.0,-32.0,38.0,12.0
-12.0,-32.0,38.0,55.0
-10.0,-32.0,38.0,55.0
-8.0,-32.0,38.0,55.0
-6.0,-32.0,38.0,55.0
-4.0,-32.0,38.0,55.0
-2.0,-32.0,38.0,55.0
0.0,-32.0,38.0,55.0
2.0,-32.0,38.0,55.0
4.0,-32.0,38.0,435.0
6.0,-32.0,38.0,435.0
8.0,-32.0,38.0,435.0
10.0,-32.0,38.0,435.0
12.0,-32.0,38.0,435.0
14.0,-32.0,38.0,532.0
16.0,-32.0,38.0,532.0
36.0,-32.0,38.0,212.0
42.0,-32.0,38.0,43.0
44.0,-32.0,38.0,260.0
46.0,-32.0,38.0,260.0
48.0,-32.0,38.0,260.0
50.0,-32.0,38.0,260.0
52.0,-32.0,38.0,204.0
54.0,-32.0,38.0,74.0
56.0,-32.0,38.0,74.0
58.0,-32.0,38.0,74.0
60.0,-32.0,38.0,74.0
62.0,-32.0,38.0,74.0
64.0,-32.0,38.0,74.0
66.0,-32.0,38.0,74.0
-68.0,-30.0,38.0,447.0
-66.0,-30.0,38.0,447.0
-64.0,-30.0,38.0,71.0
-62.0,-30.0,38.0,221.0
-60.0,-30.0,38.0,221.0
-58.0,-30.0,38.0,221.0
-56.0,-30.0,38.0,221.0
-54.0,-30.0,38.0,221.0
-52.0,-30.0,38.0,221.0
-48.0,-30.0,38.0,221.0
-46.0,-30.0,38.0,221.0
-44.0,-30.0,38.0,221.0
-42.0,-30.0,38.0,221.0
-40.0,-30.0,38.0,221.0
-38.0,-30.0,38.0,221.0
-36.0,-30.0,38.0,221.0
-18.0,-30.0,38.0,511.0
-16.0,-30.0,38.0,55.0
-14.0,-30.0,38.0,55.0
-12.0,-30.0,38.0,55.0
-10.0,-30.0,38.0,55.0
-8.0,-30.0,38.0,55.0
-6.0,-30.0,38.0,55.0
-4.0,-30.0,38.0,55.0
-2.0,-30.0,38.0,55.0
0.0,-30.0,38.0,55.0
2.0,-30.0,38.0,55.0
4.0,-30.0,38.0,55.0
6.0,-30.0,38.0,55.0
8.0,-30.0,38.0,435.0
10.0,-30.0,38.0,435.0
12.0,-30.0,38.0,532.0
14.0,-30.0,38.0,532.0
16.0,-30.0,38.0,532.0
38.0,-30.0,38.0,43.0
40.0,-30.0,38.0,43.0
46.0,-30.0,38.0,260.0
48.0,-30.0,38.0,260.0
50.0,-30.0,38.0,260.0
52.0,-30.0,38.0,204.0
54.0,-30.0,38.0,204.0
56.0,-30.0,38.0,204.0
58.0,-30.0,38.0,74.0
60.0,-30.0,38.0,74.0
62.0,-30.0,38.0,74.0
64.0,-30.0,38.0,74.0
66.0,-30.0,38.0,74.0
-68.0,-28.0,38.0,447.0
-66.0,-28.0,38.0,447.0
-64.0,-28.0,38.0,447.0
-62.0,-28.0,38.0,71.0
-60.0,-28.0,38.0,71.0
-58.0,-28.0,38.0,221.0
-56.0,-28.0,38.0,221.0
-54.0,-28.0,38.0,221.0
-52.0,-28.0,38.0,221.0
-50.0,-28.0,38.0,221.0
-48.0,-28.0,38.0,221.0
-46.0,-28.0,38.0,221.0
-44.0,-28.0,38.0,221.0
-42.0,-28.0,38.0,221.0
-40.0,-28.0,38.0,221.0
-38.0,-28.0,38.0,205.0
-36.0,-28.0,38.0,205.0
-18.0,-28.0,38.0,511.0
-16.0,-28.0,38.0,156.0
-14.0,-28.0,38.0,156.0
-12.0,-28.0,38.0,156.0
-10.0,-28.0,38.0,156.0
-8.0,-28.0,38.0,156.0
-6.0,-28.0,38.0,156.0
-4.0,-28.0,38.0,156.0
-2.0,-28.0,38.0,156.0
0.0,-28.0,38.0,156.0
2.0,-28.0,38.0,156.0
4.0,-28.0,38.0,156.0
6.0,-28.0,38.0,156.0
8.0,-28.0,38.0,156.0
10.0,-28.0,38.0,532.0
12.0,-28.0,38.0,532.0
14.0,-28.0,38.0,532.0
16.0,-28.0,38.0,532.0
48.0,-28.0,38.0,260.0
50.0,-28.0,38.0,260.0
52.0,-28.0,38.0,204.0
54.0,-28.0,38.0,204.0
56.0,-28.0,38.0,204.0
58.0,-28.0,38.0,204.0
60.0,-28.0,38.0,204.0
62.0,-28.0,38.0,74.0
64.0,-28.0,38.0,74.0
66.0,-28.0,38.0,74.0
-68.0,-26.0,38.0,447.0
-66.0,-26.0,38.0,447.0
-64.0,-26.0,38.0,447.0
-62.0,-26.0,38.0,71.0
-60.0,-26.0,38.0,71.0
-58.0,-26.0,38.0,71.0
-56.0,-26.0,38.0,71.0
-54.0,-26.0,38.0,221.0
-52.0,-26.0,38.0,221.0
-50.0,-26.0,38.0,221.0
-48.0,-26.0,38.0,221.0
-46.0,-26.0,38.0,221.0
-44.0,-26.0,38.0,221.0
-42.0,-26.0,38.0,205.0
-40.0,-26.0,38.0,205.0
-38.0,-26.0,38.0,205.0
-18.0,-26.0,38.0,156.0
-16.0,-26.0,38.0,156.0
-14.0,-26.0,38.0,156.0
-12.0,-26.0,38.0,156.0
-8.0,-26.0,38.0,156.0
-6.0,-26.0,38.0,156.0
-4.0,-26.0,38.0,156.0
-2.0,-26.0,38.0,156.0
0.0,-26.0,38.0,156.0
2.0,-26.0,38.0,156.0
4.0,-26.0,38.0,542.0
6.0,-26.0,38.0,542.0
8.0,-26.0,38.0,239.0
10.0,-26.0,38.0,532.0
12.0,-26.0,38.0,532.0
14.0,-26.0,38.0,532.0
16.0,-26.0,38.0,532.0
48.0,-26.0,38.0,260.0
50.0,-26.0,38.0,204.0
52.0,-26.0,38.0,204.0
54.0,-26.0,38.0,204.0
56.0,-26.0,38.0,204.0
58.0,-26.0,38.0,204.0
60.0,-26.0,38.0,204.0
62.0,-26.0,38.0,204.0
64.0,-26.0,38.0,204.0
66.0,-26.0,38.0,20.0
-68.0,-24.0,38.0,447.0
-66.0,-24.0,38.0,447.0
-64.0,-24.0,38.0,447.0
-62.0,-24.0,38.0,447.0
-60.0,-24.0,38.0,71.0
-58.0,-24.0,38.0,71.0
-56.0,-24.0,38.0,71.0
-54.0,-24.0,38.0,71.0
-52.0,-24.0,38.0,221.0
-50.0,-24.0,38.0,221.0
-48.0,-24.0,38.0,221.0
-46.0,-24.0,38.0,205.0
-44.0,-24.0,38.0,205.0
-42.0,-24.0,38.0,205.0
-18.0,-24.0,38.0,156.0
-16.0,-24.0,38.0,156.0
-14.0,-24.0,38.0,156.0
-12.0,-24.0,38.0,156.0
-10.0,-24.0,38.0,156.0
-8.0,-24.0,38.0,156.0
-6.0,-24.0,38.0,156.0
-4.0,-24.0,38.0,156.0
-2.0,-24.0,38.0,542.0
0.0,-24.0,38.0,542.0
2.0,-24.0,38.0,542.0
4.0,-24.0,38.0,542.0
6.0,-24.0,38.0,542.0
8.0,-24.0,38.0,239.0
10.0,-24.0,38.0,239.0
12.0,-24.0,38.0,532.0
14.0,-24.0,38.0,532.0
16.0,-24.0,38.0,532.0
58.0,-24.0,38.0,204.0
60.0,-24.0,38.0,204.0
62.0,-24.0,38.0,204.0
64.0,-24.0,38.0,20.0
66.0,-24.0,38.0,20.0
-68.0,-22.0,38.0,447.0
-66.0,-22.0,38.0,447.0
-64.0,-22.0,38.0,447.0
-62.0,-22.0,38.0,447.0
-60.0,-22.0,38.0,71.0
-58.0,-22.0,38.0,71.0
-56.0,-22.0,38.0,71.0
-54.0,-22.0,38.0,71.0
-52.0,-22.0,38.0,71.0
-50.0,-22.0,38.0,71.0
-48.0,-22.0,38.0,205.0
-46.0,-22.0,38.0,205.0
-44.0,-22.0,38.0,205.0
-18.0,-22.0,38.0,156.0
-16.0,-22.0,38.0,156.0
-14.0,-22.0,38.0,156.0
-12.0,-22.0,38.0,156.0
-10.0,-22.0,38.0,156.0
-8.0,-22.0,38.0,542.0
-6.0,-22.0,38.0,542.0
-4.0,-22.0,38.0,542.0
-2.0,-22.0,38.0,542.0
0.0,-22.0,38.0,542.0
2.0,-22.0,38.0,542.0
4.0,-22.0,38.0,542.0
6.0,-22.0,38.0,542.0
8.0,-22.0,38.0,239.0
10.0,-22.0,38.0,239.0
12.0,-22.0,38.0,239.0
14.0,-22.0,38.0,532.0
16.0,-22.0,38.0,532.0
58.0,-22.0,38.0,204.0
60.0,-22.0,38.0,204.0
62.0,-22.0,38.0,20.0
64.0,-22.0,38.0,20.0
66.0,-22.0,38.0,20.0
-68.0,-20.0,38.0,447.0
-66.0,-20.0,38.0,447.0
-64.0,-20.0,38.0,447.0
-62.0,-20.0,38.0,447.0
-60.0,-20.0,38.0,447.0
-58.0,-20.0,38.0,71.0
-56.0,-20.0,38.0,71.0
-54.0,-20.0,38.0,71.0
-52.0,-20.0,38.0,71.0
-50.0,-20.0,38.0,205.0
-48.0,-20.0,38.0,205.0
-46.0,-20.0,38.0,205.0
-16.0,-20.0,38.0,156.0
-14.0,-20.0,38.0,542.0
-12.0,-20.0,38.0,542.0
-10.0,-20.0,38.0,542.0
-8.0,-20.0,38.0,542.0
-6.0,-20.0,38.0,542.0
-4.0,-20.0,38.0,542.0
-2.0,-20.0,38.0,542.0
0.0,-20.0,38.0,542.0
2.0,-20.0,38.0,542.0
4.0,-20.0,38.0,542.0
6.0,-20.0,38.0,239.0
8.0,-20.0,38.0,239.0
10.0,-20.0,38.0,239.0
12.0,-20.0,38.0,239.0
14.0,-20.0,38.0,239.0
38.0,-20.0,38.0,43.0
40.0,-20.0,38.0,43.0
42.0,-20.0,38.0,43.0
44.0,-20.0,38.0,43.0
46.0,-20.0,38.0,43.0
48.0,-20.0,38.0,43.0
58.0,-20.0,38.0,204.0
60.0,-20.0,38.0,20.0
62.0,-20.0,38.0,20.0
64.0,-20.0,38.0,20.0
66.0,-20.0,38.0,20.0
-66.0,-18.0,38.0,447.0
-64.0,-18.0,38.0,447.0
-62.0,-18.0,38.0,447.0
-60.0,-18.0,38.0,447.0
-58.0,-18.0,38.0,447.0
-56.0,-18.0,38.0,71.0
-54.0,-18.0,38.0,71.0
-14.0,-18.0,38.0,267.0
-6.0,-18.0,38.0,542.0
-4.0,-18.0,38.0,542.0
-2.0,-18.0,38.0,542.0
0.0,-18.0,38.0,542.0
2.0,-18.0,38.0,542.0
4.0,-18.0,38.0,542.0
6.0,-18.0,38.0,239.0
8.0,-18.0,38.0,239.0
10.0,-18.0,38.0,239.0
12.0,-18.0,38.0,239.0
14.0,-18.0,38.0,239.0
36.0,-18.0,38.0,43.0
38.0,-18.0,38.0,43.0
40.0,-18.0,38.0,43.0
42.0,-18.0,38.0,43.0
44.0,-18.0,38.0,43.0
46.0,-18.0,38.0,43.0
48.0,-18.0,38.0,43.0
50.0,-18.0,38.0,204.0
52.0,-18.0,38.0,204.0
54.0,-18.0,38.0,204.0
60.0,-18.0,38.0,20.0
62.0,-18.0,38.0,20.0
64.0,-18.0,38.0,20.0
-66.0,-16.0,38.0,447.0
-64.0,-16.0,38.0,447.0
-62.0,-16.0,38.0,447.0
-60.0,-16.0,38.0,447.0
-58.0,-16.0,38.0,447.0
-6.0,-16.0,38.0,542.0
-4.0,-16.0,38.0,542.0
-2.0,-16.0,38.0,542.0
0.0,-16.0,38.0,542.0
2.0,-16.0,38.0,542.0
4.0,-16.0,38.0,499.0
6.0,-16.0,38.0,499.0
8.0,-16.0,38.0,239.0
10.0,-16.0,38.0,239.0
12.0,-16.0,38.0,239.0
38.0,-16.0,38.0,43.0
40.0,-16.0,38.0,43.0
42.0,-16.0,38.0,43.0
44.0,-16.0,38.0,43.0
46.0,-16.0,38.0,43.0
48.0,-16.0,38.0,43.0
50.0,-16.0,38.0,43.0
52.0,-16.0,38.0,204.0
54.0,-16.0,38.0,204.0
56.0,-16.0,38.0,20.0
58.0,-16.0,38.0,20.0
60.0,-16.0,38.0,20.0
62.0,-16.0,38.0,20.0
-66.0,-14.0,38.0,447.0
-64.0,-14.0,38.0,447.0
-62.0,-14.0,38.0,447.0
-60.0,-14.0,38.0,19.0
-58.0,-14.0,38.0,19.0
-50.0,-14.0,38.0,428.0
-48.0,-14.0,38.0,428.0
-46.0,-14.0,38.0,428.0
-44.0,-14.0,38.0,428.0
-42.0,-14.0,38.0,428.0
-12.0,-14.0,38.0,267.0
-10.0,-14.0,38.0,267.0
-4.0,-14.0,38.0,145.0
-2.0,-14.0,38.0,542.0
0.0,-14.0,38.0,542.0
2.0,-14.0,38.0,542.0
4.0,-14.0,38.0,499.0
40.0,-14.0,38.0,43.0
42.0,-14.0,38.0,43.0
44.0,-14.0,38.0,43.0
46.0,-14.0,38.0,43.0
48.0,-14.0,38.0,43.0
50.0,-14.0,38.0,43.0
52.0,-14.0,38.0,204.0
54.0,-14.0,38.0,20.0
56.0,-14.0,38.0,20.0
58.0,-14.0,38.0,20.0
60.0,-14.0,38.0,20.0
62.0,-14.0,38.0,20.0
64.0,-14.0,38.0,20.0
-64.0,-12.0,38.0,19.0
-62.0,-12.0,38.0,19.0
-60.0,-12.0,38.0,19.0
-58.0,-12.0,38.0,19.0
-56.0,-12.0,38.0,19.0
-54.0,-12.0,38.0,19.0
-52.0,-12.0,38.0,19.0
-50.0,-12.0,38.0,438.0
-48.0,-12.0,38.0,438.0
-46.0,-12.0,38.0,438.0
-44.0,-12.0,38.0,438.0
-42.0,-12.0,38.0,438.0
-12.0,-12.0,38.0,267.0
-10.0,-12.0,38.0,267.0
-8.0,-12.0,38.0,267.0
-4.0,-12.0,38.0,145.0
-2.0,-12.0,38.0,145.0
0.0,-12.0,38.0,145.0
2.0,-12.0,38.0,145.0
4.0,-12.0,38.0,499.0
42.0,-12.0,38.0,43.0
44.0,-12.0,38.0,43.0
46.0,-12.0,38.0,43.0
48.0,-12.0,38.0,43.0
50.0,-12.0,38.0,76.0
52.0,-12.0,38.0,76.0
54.0,-12.0,38.0,76.0
56.0,-12.0,38.0,76.0
58.0,-12.0,38.0,76.0
60.0,-12.0,38.0,76.0
62.0,-12.0,38.0,20.0
64.0,-12.0,38.0,20.0
-64.0,-10.0,38.0,19.0
-62.0,-10.0,38.0,19.0
-60.0,-10.0,38.0,19.0
-58.0,-10.0,38.0,19.0
-56.0,-10.0,38.0,19.0
-54.0,-10.0,38.0,19.0
-52.0,-10.0,38.0,19.0
-50.0,-10.0,38.0,438.0
-48.0,-10.0,38.0,438.0
-46.0,-10.0,38.0,438.0
-44.0,-10.0,38.0,438.0
-12.0,-10.0,38.0,267.0
-10.0,-10.0,38.0,267.0
-8.0,-10.0,38.0,267.0
-6.0,-10.0,38.0,267.0
-4.0,-10.0,38.0,145.0
-2.0,-10.0,38.0,145.0
0.0,-10.0,38.0,145.0
2.0,-10.0,38.0,145.0
4.0,-10.0,38.0,499.0
50.0,-10.0,38.0,76.0
52.0,-10.0,38.0,76.0
56.0,-10.0,38.0,76.0
58.0,-10.0,38.0,76.0
60.0,-10.0,38.0,76.0
62.0,-10.0,38.0,76.0
-64.0,-8.0,38.0,19.0
-62.0,-8.0,38.0,19.0
-60.0,-8.0,38.0,19.0
-58.0,-8.0,38.0,19.0
-56.0,-8.0,38.0,19.0
-54.0,-8.0,38.0,19.0
-52.0,-8.0,38.0,19.0
-50.0,-8.0,38.0,438.0
-48.0,-8.0,38.0,438.0
-46.0,-8.0,38.0,438.0
-12.0,-8.0,38.0,267.0
-10.0,-8.0,38.0,267.0
-8.0,-8.0,38.0,267.0
-6.0,-8.0,38.0,267.0
-4.0,-8.0,38.0,267.0
-2.0,-8.0,38.0,145.0
0.0,-8.0,38.0,145.0
2.0,-8.0,38.0,145.0
4.0,-8.0,38.0,499.0
48.0,-8.0,38.0,229.0
50.0,-8.0,38.0,76.0
52.0,-8.0,38.0,76.0
54.0,-8.0,38.0,76.0
56.0,-8.0,38.0,76.0
58.0,-8.0,38.0,76.0
60.0,-8.0,38.0,76.0
62.0,-8.0,38.0,76.0
-64.0,-6.0,38.0,19.0
-62.0,-6.0,38.0,19.0
-60.0,-6.0,38.0,19.0
-58.0,-6.0,38.0,19.0
-56.0,-6.0,38.0,19.0
-54.0,-6.0,38.0,19.0
-52.0,-6.0,38.0,19.0
-50.0,-6.0,38.0,438.0
-48.0,-6.0,38.0,438.0
-12.0,-6.0,38.0,267.0
-10.0,-6.0,38.0,267.0
-8.0,-6.0,38.0,267.0
-6.0,-6.0,38.0,267.0
-4.0,-6.0,38.0,267.0
-2.0,-6.0,38.0,267.0
0.0,-6.0,38.0,145.0
2.0,-6.0,38.0,145.0
4.0,-6.0,38.0,259.0
46.0,-6.0,38.0,229.0
48.0,-6.0,38.0,229.0
50.0,-6.0,38.0,229.0
52.0,-6.0,38.0,393.0
54.0,-6.0,38.0,393.0
56.0,-6.0,38.0,393.0
58.0,-6.0,38.0,393.0
60.0,-6.0,38.0,393.0
62.0,-6.0,38.0,393.0
-62.0,-4.0,38.0,19.0
-60.0,-4.0,38.0,19.0
-58.0,-4.0,38.0,19.0
-56.0,-4.0,38.0,19.0
-54.0,-4.0,38.0,19.0
-52.0,-4.0,38.0,19.0
-50.0,-4.0,38.0,438.0
-48.0,-4.0,38.0,438.0
-10.0,-4.0,38.0,267.0
-8.0,-4.0,38.0,267.0
-6.0,-4.0,38.0,267.0
-4.0,-4.0,38.0,267.0
-2.0,-4.0,38.0,267.0
0.0,-4.0,38.0,267.0
2.0,-4.0,38.0,259.0
4.0,-4.0,38.0,259.0
8.0,-4.0,38.0,259.0
10.0,-4.0,38.0,259.0
40.0,-4.0,38.0,229.0
42.0,-4.0,38.0,229.0
44.0,-4.0,38.0,229.0
46.0,-4.0,38.0,229.0
48.0,-4.0,38.0,229.0
50.0,-4.0,38.0,229.0
52.0,-4.0,38.0,393.0
54.0,-4.0,38.0,393.0
56.0,-4.0,38.0,393.0
58.0,-4.0,38.0,393.0
60.0,-4.0,38.0,393.0
-62.0,-2.0,38.0,19.0
-60.0,-2.0,38.0,19.0
-58.0,-2.0,38.0,19.0
-56.0,-2.0,38.0,19.0
-54.0,-2.0,38.0,19.0
-52.0,-2.0,38.0,19.0
-50.0,-2.0,38.0,438.0
-48.0,-2.0,38.0,438.0
-46.0,-2.0,38.0,438.0
-10.0,-2.0,38.0,267.0
-8.0,-2.0,38.0,267.0
-6.0,-2.0,38.0,267.0
-4.0,-2.0,38.0,267.0
-2.0,-2.0,38.0,267.0
0.0,-2.0,38.0,267.0
2.0,-2.0,38.0,259.0
4.0,-2.0,38.0,259.0
6.0,-2.0,38.0,259.0
8.0,-2.0,38.0,259.0
10.0,-2.0,38.0,259.0
36.0,-2.0,38.0,331.0
38.0,-2.0,38.0,229.0
40.0,-2.0,38.0,229.0
42.0,-2.0,38.0,229.0
44.0,-2.0,38.0,229.0
46.0,-2.0,38.0,229.0
48.0,-2.0,38.0,229.0
50.0,-2.0,38.0,229.0
52.0,-2.0,38.0,393.0
54.0,-2.0,38.0,393.0
56.0,-2.0,38.0,393.0
58.0,-2.0,38.0,393.0
60.0,-2.0,38.0,393.0
-62.0,-0.0,38.0,19.0
-60.0,-0.0,38.0,19.0
-58.0,-0.0,38.0,19.0
-56.0,-0.0,38.0,19.0
-54.0,-0.0,38.0,19.0
-52.0,-0.0,38.0,539.0
-50.0,-0.0,38.0,539.0
-48.0,-0.0,38.0,438.0
-46.0,-0.0,38.0,438.0
-44.0,-0.0,38.0,438.0
-42.0,-0.0,38.0,438.0
-40.0,-0.0,38.0,438.0
-8.0,-0.0,38.0,267.0
-6.0,-0.0,38.0,267.0
-4.0,-0.0,38.0,267.0
-2.0,-0.0,38.0,267.0
0.0,-0.0,38.0,586.0
2.0,-0.0,38.0,259.0
4.0,-0.0,38.0,259.0
6.0,-0.0,38.0,259.0
8.0,-0.0,38.0,259.0
10.0,-0.0,38.0,259.0
34.0,-0.0,38.0,331.0
36.0,-0.0,38.0,331.0
38.0,-0.0,38.0,229.0
40.0,-0.0,38.0,229.0
42.0,-0.0,38.0,229.0
44.0,-0.0,38.0,229.0
46.0,-0.0,38.0,229.0
48.0,-0.0,38.0,229.0
50.0,-0.0,38.0,229.0
52.0,-0.0,38.0,393.0
54.0,-0.0,38.0,393.0
56.0,-0.0,38.0,393.0
58.0,-0.0,38.0,393.0
60.0,-0.0,38.0,393.0
-62.0,2.0,38.0,19.0
-60.0,2.0,38.0,19.0
-58.0,2.0,38.0,539.0
-56.0,2.0,38.0,539.0
-54.0,2.0,38.0,539.0
-52.0,2.0,38.0,539.0
-50.0,2.0,38.0,539.0
-48.0,2.0,38.0,539.0
-46.0,2.0,38.0,438.0
-44.0,2.0,38.0,438.0
-42.0,2.0,38.0,438.0
-40.0,2.0,38.0,438.0
-38.0,2.0,38.0,438.0
-8.0,2.0,38.0,267.0
-6.0,2.0,38.0,267.0
-4.0,2.0,38.0,267.0
-2.0,2.0,38.0,586.0
0.0,2.0,38.0,586.0
2.0,2.0,38.0,259.0
4.0,2.0,38.0,259.0
6.0,2.0,38.0,259.0
8.0,2.0,38.0,259.0
10.0,2.0,38.0,259.0
12.0,2.0,38.0,259.0
34.0,2.0,38.0,331.0
36.0,2.0,38.0,229.0
38.0,2.0,38.0,229.0
40.0,2.0,38.0,229.0
42.0,2.0,38.0,229.0
44.0,2.0,38.0,229.0
46.0,2.0,38.0,229.0
48.0,2.0,38.0,229.0
50.0,2.0,38.0,229.0
52.0,2.0,38.0,393.0
54.0,2.0,38.0,393.0
56.0,2.0,38.0,393.0
58.0,2.0,38.0,393.0
60.0,2.0,38.0,393.0
-60.0,4.0,38.0,539.0
-58.0,4.0,38.0,539.0
-56.0,4.0,38.0,539.0
-54.0,4.0,38.0,539.0
-52.0,4.0,38.0,539.0
-50.0,4.0,38.0,539.0
-48.0,4.0,38.0,539.0
-46.0,4.0,38.0,539.0
-44.0,4.0,38.0,44.0
-42.0,4.0,38.0,44.0
-40.0,4.0,38.0,44.0
-38.0,4.0,38.0,44.0
-36.0,4.0,38.0,44.0
-8.0,4.0,38.0,267.0
-6.0,4.0,38.0,267.0
-4.0,4.0,38.0,586.0
-2.0,4.0,38.0,586.0
0.0,4.0,38.0,586.0
2.0,4.0,38.0,586.0
4.0,4.0,38.0,259.0
6.0,4.0,38.0,259.0
8.0,4.0,38.0,259.0
10.0,4.0,38.0,259.0
12.0,4.0,38.0,259.0
34.0,4.0,38.0,533.0
36.0,4.0,38.0,533.0
38.0,4.0,38.0,229.0
40.0,4.0,38.0,229.0
42.0,4.0,38.0,229.0
44.0,4.0,38.0,229.0
46.0,4.0,38.0,229.0
48.0,4.0,38.0,229.0
50.0,4.0,38.0,229.0
52.0,4.0,38.0,393.0
54.0,4.0,38.0,393.0
56.0,4.0,38.0,393.0
58.0,4.0,38.0,393.0
60.0,4.0,38.0,393.0
-60.0,6.0,38.0,539.0
-58.0,6.0,38.0,539.0
-56.0,6.0,38.0,539.0
-54.0,6.0,38.0,539.0
-52.0,6.0,38.0,539.0
-50.0,6.0,38.0,539.0
-48.0,6.0,38.0,539.0
-46.0,6.0,38.0,539.0
-44.0,6.0,38.0,44.0
-42.0,6.0,38.0,44.0
-40.0,6.0,38.0,44.0
-38.0,6.0,38.0,44.0
-36.0,6.0,38.0,44.0
-12.0,6.0,38.0,267.0
-10.0,6.0,38.0,267.0
-8.0,6.0,38.0,267.0
-6.0,6.0,38.0,586.0
-4.0,6.0,38.0,586.0
-2.0,6.0,38.0,586.0
0.0,6.0,38.0,586.0
2.0,6.0,38.0,586.0
4.0,6.0,38.0,259.0
6.0,6.0,38.0,259.0
8.0,6.0,38.0,259.0
10.0,6.0,38.0,259.0
12.0,6.0,38.0,259.0
34.0,6.0,38.0,533.0
36.0,6.0,38.0,533.0
38.0,6.0,38.0,229.0
40.0,6.0,38.0,229.0
42.0,6.0,38.0,229.0
44.0,6.0,38.0,229.0
46.0,6.0,38.0,229.0
48.0,6.0,38.0,229.0
50.0,6.0,38.0,229.0
52.0,6.0,38.0,445.0
54.0,6.0,38.0,393.0
56.0,6.0,38.0,393.0
58.0,6.0,38.0,393.0
-60.0,8.0,38.0,539.0
-58.0,8.0,38.0,539.0
-56.0,8.0,38.0,539.0
-54.0,8.0,38.0,539.0
-52.0,8.0,38.0,539.0
-50.0,8.0,38.0,539.0
-48.0,8.0,38.0,539.0
-46.0,8.0,38.0,44.0
-44.0,8.0,38.0,44.0
-42.0,8.0,38.0,44.0
-40.0,8.0,38.0,44.0
-38.0,8.0,38.0,44.0
-36.0,8.0,38.0,44.0
-12.0,8.0,38.0,267.0
-10.0,8.0,38.0,267.0
-8.0,8.0,38.0,586.0
-6.0,8.0,38.0,586.0
-4.0,8.0,38.0,586.0
-2.0,8.0,38.0,586.0
0.0,8.0,38.0,9.0
2.0,8.0,38.0,9.0
4.0,8.0,38.0,9.0
6.0,8.0,38.0,259.0
8.0,8.0,38.0,259.0
10.0,8.0,38.0,259.0
12.0,8.0,38.0,259.0
36.0,8.0,38.0,533.0
38.0,8.0,38.0,533.0
40.0,8.0,38.0,229.0
42.0,8.0,38.0,229.0
44.0,8.0,38.0,229.0
46.0,8.0,38.0,229.0
48.0,8.0,38.0,229.0
50.0,8.0,38.0,445.0
52.0,8.0,38.0,445.0
54.0,8.0,38.0,445.0
56.0,8.0,38.0,445.0
58.0,8.0,38.0,393.0
-58.0,10.0,38.0,539.0
-56.0,10.0,38.0,539.0
-54.0,10.0,38.0,539.0
-52.0,10.0,38.0,539.0
-50.0,10.0,38.0,539.0
-48.0,10.0,38.0,539.0
-46.0,10.0,38.0,44.0
-44.0,10.0,38.0,44.0
-42.0,10.0,38.0,44.0
-40.0,10.0,38.0,44.0
-38.0,10.0,38.0,44.0
-36.0,10.0,38.0,308.0
-12.0,10.0,38.0,160.0
-10.0,10.0,38.0,160.0
-8.0,10.0,38.0,9.0
-6.0,10.0,38.0,9.0
-4.0,10.0,38.0,9.0
-2.0,10.0,38.0,9.0
0.0,10.0,38.0,9.0
2.0,10.0,38.0,9.0
4.0,10.0,38.0,9.0
6.0,10.0,38.0,9.0
8.0,10.0,38.0,259.0
10.0,10.0,38.0,259.0
12.0,10.0,38.0,259.0
38.0,10.0,38.0,533.0
40.0,10.0,38.0,533.0
42.0,10.0,38.0,229.0
44.0,10.0,38.0,229.0
46.0,10.0,38.0,445.0
48.0,10.0,38.0,445.0
50.0,10.0,38.0,445.0
52.0,10.0,38.0,445.0
54.0,10.0,38.0,445.0
56.0,10.0,38.0,445.0
-58.0,12.0,38.0,539.0
-56.0,12.0,38.0,539.0
-54.0,12.0,38.0,539.0
-52.0,12.0,38.0,539.0
-50.0,12.0,38.0,539.0
-48.0,12.0,38.0,539.0
-46.0,12.0,38.0,44.0
-44.0,12.0,38.0,44.0
-42.0,12.0,38.0,44.0
-40.0,12.0,38.0,44.0
-38.0,12.0,38.0,44.0
-14.0,12.0,38.0,160.0
-12.0,12.0,38.0,160.0
-10.0,12.0,38.0,160.0
-8.0,12.0,38.0,160.0
-6.0,12.0,38.0,160.0
-4.0,12.0,38.0,9.0
-2.0,12.0,38.0,9.0
0.0,12.0,38.0,9.0
2.0,12.0,38.0,9.0
4.0,12.0,38.0,9.0
6.0,12.0,38.0,9.0
8.0,12.0,38.0,9.0
10.0,12.0,38.0,259.0
12.0,12.0,38.0,259.0
36.0,12.0,38.0,533.0
38.0,12.0,38.0,533.0
40.0,12.0,38.0,533.0
42.0,12.0,38.0,229.0
44.0,12.0,38.0,445.0
46.0,12.0,38.0,445.0
48.0,12.0,38.0,445.0
50.0,12.0,38.0,445.0
52.0,12.0,38.0,445.0
54.0,12.0,38.0,445.0
56.0,12.0,38.0,445.0
-56.0,14.0,38.0,539.0
-54.0,14.0,38.0,539.0
-52.0,14.0,38.0,539.0
-50.0,14.0,38.0,539.0
-48.0,14.0,38.0,44.0
-46.0,14.0,38.0,44.0
-44.0,14.0,38.0,44.0
-42.0,14.0,38.0,44.0
-40.0,14.0,38.0,44.0
-38.0,14.0,38.0,44.0
-14.0,14.0,38.0,160.0
-12.0,14.0,38.0,160.0
-10.0,14.0,38.0,160.0
-8.0,14.0,38.0,160.0
-6.0,14.0,38.0,160.0
-4.0,14.0,38.0,160.0
-2.0,14.0,38.0,160.0
0.0,14.0,38.0,9.0
2.0,14.0,38.0,9.0
4.0,14.0,38.0,9.0
6.0,14.0,38.0,9.0
8.0,14.0,38.0,9.0
10.0,14.0,38.0,9.0
12.0,14.0,38.0,259.0
32.0,14.0,38.0,167.0
34.0,14.0,38.0,533.0
36.0,14.0,38.0,533.0
38.0,14.0,38.0,533.0
40.0,14.0,38.0,533.0
42.0,14.0,38.0,445.0
44.0,14.0,38.0,445.0
46.0,14.0,38.0,445.0
48.0,14.0,38.0,445.0
50.0,14.0,38.0,445.0
52.0,14.0,38.0,445.0
54.0,14.0,38.0,445.0
-56.0,16.0,38.0,539.0
-54.0,16.0,38.0,539.0
-52.0,16.0,38.0,539.0
-50.0,16.0,38.0,539.0
-48.0,16.0,38.0,44.0
-46.0,16.0,38.0,44.0
-44.0,16.0,38.0,44.0
-42.0,16.0,38.0,44.0
-40.0,16.0,38.0,44.0
-38.0,16.0,38.0,44.0
-36.0,16.0,38.0,308.0
-34.0,16.0,38.0,308.0
-14.0,16.0,38.0,160.0
-12.0,16.0,38.0,160.0
-10.0,16.0,38.0,160.0
-8.0,16.0,38.0,160.0
-6.0,16.0,38.0,160.0
-4.0,16.0,38.0,160.0
-2.0,16.0,38.0,160.0
0.0,16.0,38.0,160.0
2.0,16.0,38.0,160.0
4.0,16.0,38.0,9.0
6.0,16.0,38.0,9.0
8.0,16.0,38.0,9.0
10.0,16.0,38.0,9.0
30.0,16.0,38.0,167.0
32.0,16.0,38.0,167.0
34.0,16.0,38.0,167.0
36.0,16.0,38.0,167.0
38.0,16.0,38.0,167.0
40.0,16.0,38.0,445.0
42.0,16.0,38.0,445.0
44.0,16.0,38.0,445.0
46.0,16.0,38.0,445.0
48.0,16.0,38.0,445.0
50.0,16.0,38.0,445.0
52.0,16.0,38.0,445.0
54.0,16.0,38.0,445.0
-56.0,18.0,38.0,539.0
-54.0,18.0,38.0,539.0
-52.0,18.0,38.0,539.0
-50.0,18.0,38.0,539.0
-48.0,18.0,38.0,44.0
-46.0,18.0,38.0,44.0
-44.0,18.0,38.0,44.0
-42.0,18.0,38.0,44.0
-40.0,18.0,38.0,44.0
-38.0,18.0,38.0,308.0
-36.0,18.0,38.0,308.0
-34.0,18.0,38.0,308.0
-32.0,18.0,38.0,308.0
-14.0,18.0,38.0,160.0
-12.0,18.0,38.0,160.0
-10.0,18.0,38.0,160.0
-8.0,18.0,38.0,160.0
-6.0,18.0,38.0,160.0
-4.0,18.0,38.0,160.0
-2.0,18.0,38.0,160.0
0.0,18.0,38.0,160.0
2.0,18.0,38.0,160.0
4.0,18.0,38.0,160.0
6.0,18.0,38.0,160.0
8.0,18.0,38.0,9.0
10.0,18.0,38.0,9.0
28.0,18.0,38.0,167.0
30.0,18.0,38.0,167.0
32.0,18.0,38.0,167.0
34.0,18.0,38.0,167.0
36.0,18.0,38.0,167.0
38.0,18.0,38.0,167.0
40.0,18.0,38.0,167.0
42.0,18.0,38.0,445.0
44.0,18.0,38.0,445.0
46.0,18.0,38.0,445.0
48.0,18.0,38.0,445.0
50.0,18.0,38.0,445.0
52.0,18.0,38.0,445.0
54.0,18.0,38.0,445.0
-56.0,20.0,38.0,539.0
-54.0,20.0,38.0,170.0
-52.0,20.0,38.0,170.0
-50.0,20.0,38.0,170.0
-48.0,20.0,38.0,170.0
-46.0,20.0,38.0,44.0
-44.0,20.0,38.0,44.0
-42.0,20.0,38.0,44.0
-40.0,20.0,38.0,44.0
-38.0,20.0,38.0,308.0
-36.0,20.0,38.0,308.0
-34.0,20.0,38.0,308.0
-32.0,20.0,38.0,308.0
-14.0,20.0,38.0,453.0
-12.0,20.0,38.0,160.0
-10.0,20.0,38.0,160.0
-8.0,20.0,38.0,160.0
-6.0,20.0,38.0,160.0
-4.0,20.0,38.0,160.0
-2.0,20.0,38.0,160.0
0.0,20.0,38.0,160.0
2.0,20.0,38.0,160.0
4.0,20.0,38.0,160.0
6.0,20.0,38.0,160.0
8.0,20.0,38.0,160.0
10.0,20.0,38.0,215.0
12.0,20.0,38.0,215.0
28.0,20.0,38.0,167.0
30.0,20.0,38.0,167.0
32.0,20.0,38.0,167.0
34.0,20.0,38.0,167.0
36.0,20.0,38.0,167.0
38.0,20.0,38.0,167.0
40.0,20.0,38.0,167.0
42.0,20.0,38.0,445.0
44.0,20.0,38.0,445.0
46.0,20.0,38.0,445.0
48.0,20.0,38.0,445.0
50.0,20.0,38.0,445.0
52.0,20.0,38.0,445.0
-54.0,22.0,38.0,170.0
-52.0,22.0,38.0,170.0
-50.0,22.0,38.0,170.0
-48.0,22.0,38.0,170.0
-46.0,22.0,38.0,170.0
-44.0,22.0,38.0,170.0
-42.0,22.0,38.0,44.0
-40.0,22.0,38.0,44.0
-38.0,22.0,38.0,308.0
-36.0,22.0,38.0,308.0
-34.0,22.0,38.0,308.0
-32.0,22.0,38.0,308.0
-12.0,22.0,38.0,160.0
-10.0,22.0,38.0,160.0
-8.0,22.0,38.0,160.0
-6.0,22.0,38.0,160.0
-4.0,22.0,38.0,160.0
-2.0,22.0,38.0,160.0
0.0,22.0,38.0,160.0
2.0,22.0,38.0,160.0
4.0,22.0,38.0,160.0
6.0,22.0,38.0,160.0
8.0,22.0,38.0,160.0
10.0,22.0,38.0,215.0
12.0,22.0,38.0,101.0
28.0,22.0,38.0,167.0
30.0,22.0,38.0,167.0
32.0,22.0,38.0,167.0
34.0,22.0,38.0,167.0
36.0,22.0,38.0,167.0
38.0,22.0,38.0,167.0
40.0,22.0,38.0,167.0
42.0,22.0,38.0,167.0
44.0,22.0,38.0,445.0
46.0,22.0,38.0,445.0
48.0,22.0,38.0,445.0
50.0,22.0,38.0,445.0
52.0,22.0,38.0,445.0
-54.0,24.0,38.0,170.0
-52.0,24.0,38.0,170.0
-50.0,24.0,38.0,170.0
-48.0,24.0,38.0,170.0
-46.0,24.0,38.0,170.0
-44.0,24.0,38.0,170.0
-42.0,24.0,38.0,170.0
-40.0,24.0,38.0,54.0
-38.0,24.0,38.0,54.0
-36.0,24.0,38.0,164.0
-34.0,24.0,38.0,164.0
-32.0,24.0,38.0,164.0
-24.0,24.0,38.0,453.0
-12.0,24.0,38.0,453.0
-10.0,24.0,38.0,160.0
-8.0,24.0,38.0,160.0
-6.0,24.0,38.0,160.0
-4.0,24.0,38.0,160.0
-2.0,24.0,38.0,160.0
2.0,24.0,38.0,160.0
4.0,24.0,38.0,160.0
6.0,24.0,38.0,160.0
8.0,24.0,38.0,160.0
10.0,24.0,38.0,531.0
12.0,24.0,38.0,101.0
22.0,24.0,38.0,101.0
24.0,24.0,38.0,101.0
26.0,24.0,38.0,101.0
30.0,24.0,38.0,167.0
32.0,24.0,38.0,167.0
34.0,24.0,38.0,167.0
36.0,24.0,38.0,167.0
38.0,24.0,38.0,167.0
40.0,24.0,38.0,167.0
42.0,24.0,38.0,167.0
44.0,24.0,38.0,445.0
46.0,24.0,38.0,445.0
48.0,24.0,38.0,445.0
50.0,24.0,38.0,445.0
-52.0,26.0,38.0,170.0
-50.0,26.0,38.0,170.0
-48.0,26.0,38.0,170.0
-46.0,26.0,38.0,170.0
-44.0,26.0,38.0,170.0
-42.0,26.0,38.0,170.0
-40.0,26.0,38.0,54.0
-38.0,26.0,38.0,164.0
-36.0,26.0,38.0,164.0
-34.0,26.0,38.0,164.0
-32.0,26.0,38.0,164.0
-26.0,26.0,38.0,164.0
-24.0,26.0,38.0,386.0
-22.0,26.0,38.0,453.0
-12.0,26.0,38.0,453.0
-10.0,26.0,38.0,399.0
-8.0,26.0,38.0,160.0
-6.0,26.0,38.0,160.0
-4.0,26.0,38.0,160.0
2.0,26.0,38.0,160.0
4.0,26.0,38.0,160.0
6.0,26.0,38.0,531.0
8.0,26.0,38.0,531.0
10.0,26.0,38.0,531.0
12.0,26.0,38.0,101.0
22.0,26.0,38.0,101.0
24.0,26.0,38.0,101.0
26.0,26.0,38.0,101.0
36.0,26.0,38.0,167.0
38.0,26.0,38.0,167.0
40.0,26.0,38.0,167.0
42.0,26.0,38.0,167.0
44.0,26.0,38.0,167.0
46.0,26.0,38.0,445.0
48.0,26.0,38.0,445.0
50.0,26.0,38.0,445.0
-52.0,28.0,38.0,170.0
-50.0,28.0,38.0,170.0
-48.0,28.0,38.0,170.0
-46.0,28.0,38.0,170.0
-44.0,28.0,38.0,170.0
-42.0,28.0,38.0,170.0
-40.0,28.0,38.0,164.0
-38.0,28.0,38.0,164.0
-36.0,28.0,38.0,164.0
-34.0,28.0,38.0,164.0
-32.0,28.0,38.0,164.0
-30.0,28.0,38.0,164.0
-28.0,28.0,38.0,386.0
-26.0,28.0,38.0,386.0
-24.0,28.0,38.0,386.0
-22.0,28.0,38.0,453.0
-12.0,28.0,38.0,399.0
-10.0,28.0,38.0,399.0
-8.0,28.0,38.0,399.0
-6.0,28.0,38.0,399.0
-4.0,28.0,38.0,399.0
-2.0,28.0,38.0,217.0
2.0,28.0,38.0,217.0
4.0,28.0,38.0,531.0
6.0,28.0,38.0,531.0
8.0,28.0,38.0,531.0
10.0,28.0,38.0,531.0
20.0,28.0,38.0,101.0
22.0,28.0,38.0,101.0
24.0,28.0,38.0,101.0
26.0,28.0,38.0,101.0
28.0,28.0,38.0,101.0
36.0,28.0,38.0,167.0
38.0,28.0,38.0,167.0
40.0,28.0,38.0,391.0
42.0,28.0,38.0,391.0
44.0,28.0,38.0,391.0
46.0,28.0,38.0,391.0
48.0,28.0,38.0,445.0
-50.0,30.0,38.0,170.0
-48.0,30.0,38.0,170.0
-46.0,30.0,38.0,170.0
-44.0,30.0,38.0,170.0
-42.0,30.0,38.0,170.0
-40.0,30.0,38.0,164.0
-38.0,30.0,38.0,164.0
-36.0,30.0,38.0,164.0
-34.0,30.0,38.0,164.0
-32.0,30.0,38.0,386.0
-30.0,30.0,38.0,386.0
-28.0,30.0,38.0,386.0
-26.0,30.0,38.0,386.0
-24.0,30.0,38.0,386.0
-12.0,30.0,38.0,399.0
-10.0,30.0,38.0,399.0
-8.0,30.0,38.0,399.0
-6.0,30.0,38.0,399.0
-4.0,30.0,38.0,399.0
-2.0,30.0,38.0,399.0
0.0,30.0,38.0,399.0
2.0,30.0,38.0,217.0
4.0,30.0,38.0,531.0
6.0,30.0,38.0,531.0
8.0,30.0,38.0,531.0
10.0,30.0,38.0,531.0
20.0,30.0,38.0,101.0
22.0,30.0,38.0,101.0
24.0,30.0,38.0,101.0
26.0,30.0,38.0,101.0
28.0,30.0,38.0,101.0
34.0,30.0,38.0,391.0
36.0,30.0,38.0,391.0
38.0,30.0,38.0,391.0
40.0,30.0,38.0,391.0
42.0,30.0,38.0,391.0
44.0,30.0,38.0,391.0
46.0,30.0,38.0,391.0
-48.0,32.0,38.0,170.0
-46.0,32.0,38.0,170.0
-44.0,32.0,38.0,170.0
-42.0,32.0,38.0,368.0
-40.0,32.0,38.0,164.0
-38.0,32.0,38.0,164.0
-36.0,32.0,38.0,386.0
-34.0,32.0,38.0,386.0
-32.0,32.0,38.0,386.0
-30.0,32.0,38.0,386.0
-28.0,32.0,38.0,386.0
-26.0,32.0,38.0,386.0
-10.0,32.0,38.0,399.0
-8.0,32.0,38.0,399.0
-6.0,32.0,38.0,399.0
-4.0,32.0,38.0,399.0
-2.0,32.0,38.0,399.0
0.0,32.0,38.0,399.0
2.0,32.0,38.0,399.0
4.0,32.0,38.0,531.0
6.0,32.0,38.0,531.0
8.0,32.0,38.0,531.0
18.0,32.0,38.0,101.0
20.0,32.0,38.0,101.0
22.0,32.0,38.0,101.0
24.0,32.0,38.0,101.0
26.0,32.0,38.0,101.0
28.0,32.0,38.0,101.0
30.0,32.0,38.0,101.0
32.0,32.0,38.0,391.0
34.0,32.0,38.0,391.0
36.0,32.0,38.0,391.0
38.0,32.0,38.0,391.0
40.0,32.0,38.0,391.0
42.0,32.0,38.0,391.0
44.0,32.0,38.0,391.0
46.0,32.0,38.0,391.0
-46.0,34.0,38.0,415.0
-44.0,34.0,38.0,415.0
-42.0,34.0,38.0,415.0
-40.0,34.0,38.0,415.0
-38.0,34.0,38.0,386.0
-36.0,34.0,38.0,386.0
-34.0,34.0,38.0,386.0
-32.0,34.0,38.0,386.0
-30.0,34.0,38.0,386.0
-28.0,34.0,38.0,386.0
-26.0,34.0,38.0,386.0
-10.0,34.0,38.0,399.0
-8.0,34.0,38.0,399.0
-6.0,34.0,38.0,399.0
-4.0,34.0,38.0,399.0
-2.0,34.0,38.0,399.0
0.0,34.0,38.0,399.0
2.0,34.0,38.0,399.0
4.0,34.0,38.0,399.0
6.0,34.0,38.0,218.0
18.0,34.0,38.0,101.0
20.0,34.0,38.0,101.0
22.0,34.0,38.0,101.0
24.0,34.0,38.0,101.0
26.0,34.0,38.0,101.0
28.0,34.0,38.0,101.0
30.0,34.0,38.0,391.0
32.0,34.0,38.0,391.0
34.0,34.0,38.0,391.0
36.0,34.0,38.0,391.0
38.0,34.0,38.0,391.0
40.0,34.0,38.0,391.0
42.0,34.0,38.0,391.0
44.0,34.0,38.0,391.0
-44.0,36.0,38.0,415.0
-42.0,36.0,38.0,415.0
-40.0,36.0,38.0,415.0
-38.0,36.0,38.0,416.0
-36.0,36.0,38.0,416.0
-34.0,36.0,38.0,386.0
-32.0,36.0,38.0,386.0
-30.0,36.0,38.0,386.0
-28.0,36.0,38.0,386.0
-22.0,36.0,38.0,291.0
-20.0,36.0,38.0,291.0
-10.0,36.0,38.0,399.0
-8.0,36.0,38.0,399.0
-6.0,36.0,38.0,399.0
-4.0,36.0,38.0,399.0
-2.0,36.0,38.0,399.0
0.0,36.0,38.0,399.0
2.0,36.0,38.0,399.0
4.0,36.0,38.0,218.0
6.0,36.0,38.0,218.0
18.0,36.0,38.0,101.0
20.0,36.0,38.0,101.0
22.0,36.0,38.0,101.0
24.0,36.0,38.0,101.0
26.0,36.0,38.0,101.0
28.0,36.0,38.0,391.0
30.0,36.0,38.0,391.0
32.0,36.0,38.0,391.0
34.0,36.0,38.0,391.0
36.0,36.0,38.0,391.0
38.0,36.0,38.0,391.0
40.0,36.0,38.0,391.0
42.0,36.0,38.0,391.0
-42.0,38.0,38.0,415.0
-40.0,38.0,38.0,415.0
-38.0,38.0,38.0,416.0
-36.0,38.0,38.0,416.0
-34.0,38.0,38.0,416.0
-32.0,38.0,38.0,416.0
-30.0,38.0,38.0,386.0
-28.0,38.0,38.0,291.0
-26.0,38.0,38.0,291.0
-24.0,38.0,38.0,291.0
-22.0,38.0,38.0,291.0
-20.0,38.0,38.0,291.0
-10.0,38.0,38.0,399.0
-8.0,38.0,38.0,399.0
-6.0,38.0,38.0,399.0
-4.0,38.0,38.0,399.0
-2.0,38.0,38.0,399.0
0.0,38.0,38.0,399.0
2.0,38.0,38.0,399.0
4.0,38.0,38.0,218.0
6.0,38.0,38.0,218.0
8.0,38.0,38.0,218.0
18.0,38.0,38.0,101.0
20.0,38.0,38.0,101.0
22.0,38.0,38.0,101.0
24.0,38.0,38.0,101.0
26.0,38.0,38.0,391.0
28.0,38.0,38.0,391.0
30.0,38.0,38.0,391.0
32.0,38.0,38.0,391.0
34.0,38.0,38.0,391.0
36.0,38.0,38.0,391.0
38.0,38.0,38.0,391.0
40.0,38.0,38.0,391.0
-42.0,40.0,38.0,415.0
-40.0,40.0,38.0,415.0
-38.0,40.0,38.0,416.0
-36.0,40.0,38.0,416.0
-34.0,40.0,38.0,416.0
-32.0,40.0,38.0,416.0
-30.0,40.0,38.0,416.0
-28.0,40.0,38.0,291.0
-26.0,40.0,38.0,291.0
-24.0,40.0,38.0,291.0
-22.0,40.0,38.0,291.0
-20.0,40.0,38.0,291.0
-10.0,40.0,38.0,399.0
-8.0,40.0,38.0,399.0
-6.0,40.0,38.0,399.0
-4.0,40.0,38.0,399.0
-2.0,40.0,38.0,399.0
0.0,40.0,38.0,399.0
2.0,40.0,38.0,399.0
4.0,40.0,38.0,218.0
6.0,40.0,38.0,218.0
8.0,40.0,38.0,218.0
18.0,40.0,38.0,101.0
20.0,40.0,38.0,101.0
22.0,40.0,38.0,101.0
24.0,40.0,38.0,391.0
26.0,40.0,38.0,391.0
28.0,40.0,38.0,391.0
30.0,40.0,38.0,391.0
32.0,40.0,38.0,391.0
34.0,40.0,38.0,391.0
36.0,40.0,38.0,391.0
38.0,40.0,38.0,391.0
-40.0,42.0,38.0,415.0
-38.0,42.0,38.0,416.0
-36.0,42.0,38.0,416.0
-34.0,42.0,38.0,416.0
-32.0,42.0,38.0,416.0
-30.0,42.0,38.0,291.0
-28.0,42.0,38.0,291.0
-26.0,42.0,38.0,291.0
-24.0,42.0,38.0,291.0
-22.0,42.0,38.0,291.0
-20.0,42.0,38.0,291.0
-18.0,42.0,38.0,291.0
-10.0,42.0,38.0,399.0
-8.0,42.0,38.0,399.0
-6.0,42.0,38.0,399.0
-4.0,42.0,38.0,399.0
-2.0,42.0,38.0,399.0
2.0,42.0,38.0,218.0
4.0,42.0,38.0,218.0
6.0,42.0,38.0,218.0
8.0,42.0,38.0,218.0
16.0,42.0,38.0,218.0
18.0,42.0,38.0,101.0
20.0,42.0,38.0,101.0
22.0,42.0,38.0,391.0
24.0,42.0,38.0,391.0
26.0,42.0,38.0,391.0
28.0,42.0,38.0,391.0
30.0,42.0,38.0,391.0
32.0,42.0,38.0,391.0
34.0,42.0,38.0,391.0
36.0,42.0,38.0,391.0
38.0,42.0,38.0,391.0
-38.0,44.0,38.0,416.0
-36.0,44.0,38.0,416.0
-34.0,44.0,38.0,416.0
-32.0,44.0,38.0,416.0
-30.0,44.0,38.0,291.0
-28.0,44.0,38.0,291.0
-26.0,44.0,38.0,291.0
-24.0,44.0,38.0,291.0
-22.0,44.0,38.0,291.0
-20.0,44.0,38.0,291.0
-18.0,44.0,38.0,291.0
-16.0,44.0,38.0,281.0
-10.0,44.0,38.0,399.0
-8.0,44.0,38.0,399.0
-6.0,44.0,38.0,399.0
-4.0,44.0,38.0,399.0
-2.0,44.0,38.0,399.0
2.0,44.0,38.0,218.0
4.0,44.0,38.0,218.0
6.0,44.0,38.0,218.0
8.0,44.0,38.0,218.0
16.0,44.0,38.0,218.0
18.0,44.0,38.0,218.0
20.0,44.0,38.0,391.0
22.0,44.0,38.0,391.0
24.0,44.0,38.0,391.0
26.0,44.0,38.0,391.0
28.0,44.0,38.0,391.0
30.0,44.0,38.0,391.0
32.0,44.0,38.0,391.0
34.0,44.0,38.0,391.0
36.0,44.0,38.0,391.0
-36.0,46.0,38.0,416.0
-34.0,46.0,38.0,416.0
-32.0,46.0,38.0,416.0
-30.0,46.0,38.0,291.0
-28.0,46.0,38.0,291.0
-26.0,46.0,38.0,291.0
-24.0,46.0,38.0,291.0
-22.0,46.0,38.0,291.0
-20.0,46.0,38.0,291.0
-18.0,46.0,38.0,281.0
-16.0,46.0,38.0,281.0
-14.0,46.0,38.0,281.0
-8.0,46.0,38.0,399.0
-6.0,46.0,38.0,399.0
-4.0,46.0,38.0,399.0
-2.0,46.0,38.0,399.0
2.0,46.0,38.0,218.0
4.0,46.0,38.0,218.0
6.0,46.0,38.0,218.0
8.0,46.0,38.0,218.0
14.0,46.0,38.0,218.0
16.0,46.0,38.0,218.0
18.0,46.0,38.0,218.0
20.0,46.0,38.0,391.0
22.0,46.0,38.0,391.0
24.0,46.0,38.0,391.0
30.0,46.0,38.0,391.0
32.0,46.0,38.0,391.0
34.0,46.0,38.0,391.0
-34.0,48.0,38.0,416.0
-32.0,48.0,38.0,291.0
-30.0,48.0,38.0,291.0
-28.0,48.0,38.0,291.0
-26.0,48.0,38.0,291.0
-24.0,48.0,38.0,291.0
-22.0,48.0,38.0,23.0
-20.0,48.0,38.0,23.0
-18.0,48.0,38.0,281.0
-16.0,48.0,38.0,281.0
-14.0,48.0,38.0,281.0
-8.0,48.0,38.0,399.0
-6.0,48.0,38.0,399.0
-4.0,48.0,38.0,399.0
-2.0,48.0,38.0,399.0
2.0,48.0,38.0,218.0
4.0,48.0,38.0,218.0
6.0,48.0,38.0,218.0
8.0,48.0,38.0,218.0
10.0,48.0,38.0,218.0
12.0,48.0,38.0,218.0
14.0,48.0,38.0,218.0
16.0,48.0,38.0,256.0
18.0,48.0,38.0,256.0
20.0,48.0,38.0,256.0
22.0,48.0,38.0,391.0
24.0,48.0,38.0,391.0
-32.0,50.0,38.0,191.0
-30.0,50.0,38.0,291.0
-28.0,50.0,38.0,23.0
-26.0,50.0,38.0,23.0
-24.0,50.0,38.0,23.0
-22.0,50.0,38.0,23.0
-20.0,50.0,38.0,23.0
-18.0,50.0,38.0,281.0
-16.0,50.0,38.0,281.0
-14.0,50.0,38.0,281.0
-12.0,50.0,38.0,281.0
-8.0,50.0,38.0,458.0
-6.0,50.0,38.0,458.0
-4.0,50.0,38.0,458.0
-2.0,50.0,38.0,399.0
2.0,50.0,38.0,218.0
4.0,50.0,38.0,218.0
6.0,50.0,38.0,218.0
8.0,50.0,38.0,218.0
10.0,50.0,38.0,256.0
12.0,50.0,38.0,256.0
14.0,50.0,38.0,256.0
16.0,50.0,38.0,256.0
18.0,50.0,38.0,256.0
20.0,50.0,38.0,256.0
22.0,50.0,38.0,256.0
24.0,50.0,38.0,391.0
-30.0,52.0,38.0,487.0
-28.0,52.0,38.0,23.0
-26.0,52.0,38.0,23.0
-24.0,52.0,38.0,23.0
-22.0,52.0,38.0,23.0
-20.0,52.0,38.0,281.0
-18.0,52.0,38.0,281.0
-16.0,52.0,38.0,281.0
-14.0,52.0,38.0,281.0
-12.0,52.0,38.0,281.0
-10.0,52.0,38.0,281.0
-8.0,52.0,38.0,458.0
-6.0,52.0,38.0,458.0
-4.0,52.0,38.0,458.0
-2.0,52.0,38.0,378.0
2.0,52.0,38.0,218.0
4.0,52.0,38.0,218.0
6.0,52.0,38.0,256.0
8.0,52.0,38.0,256.0
10.0,52.0,38.0,256.0
12.0,52.0,38.0,256.0
14.0,52.0,38.0,256.0
16.0,52.0,38.0,256.0
18.0,52.0,38.0,256.0
20.0,52.0,38.0,256.0
22.0,52.0,38.0,256.0
24.0,52.0,38.0,256.0
26.0,52.0,38.0,256.0
-26.0,54.0,38.0,487.0
-24.0,54.0,38.0,23.0
-22.0,54.0,38.0,23.0
-20.0,54.0,38.0,281.0
-18.0,54.0,38.0,281.0
-16.0,54.0,38.0,281.0
-14.0,54.0,38.0,281.0
-12.0,54.0,38.0,281.0
-10.0,54.0,38.0,458.0
-8.0,54.0,38.0,458.0
-6.0,54.0,38.0,458.0
-4.0,54.0,38.0,378.0
-2.0,54.0,38.0,378.0
2.0,54.0,38.0,256.0
4.0,54.0,38.0,256.0
6.0,54.0,38.0,256.0
10.0,54.0,38.0,256.0
12.0,54.0,38.0,256.0
14.0,54.0,38.0,256.0
16.0,54.0,38.0,256.0
18.0,54.0,38.0,256.0
20.0,54.0,38.0,256.0
22.0,54.0,38.0,256.0
-22.0,56.0,38.0,487.0
-20.0,56.0,38.0,281.0
-18.0,56.0,38.0,281.0
-16.0,56.0,38.0,281.0
-14.0,56.0,38.0,281.0
-12.0,56.0,38.0,281.0
-10.0,56.0,38.0,458.0
-8.0,56.0,38.0,458.0
-6.0,56.0,38.0,378.0
-4.0,56.0,38.0,378.0
-2.0,56.0,38.0,378.0
2.0,56.0,38.0,256.0
4.0,56.0,38.0,256.0
6.0,56.0,38.0,256.0
10.0,56.0,38.0,256.0
12.0,56.0,38.0,256.0
14.0,56.0,38.0,256.0
16.0,56.0,38.0,256.0
18.0,56.0,38.0,256.0
20.0,56.0,38.0,256.0
-16.0,58.0,38.0,281.0
-14.0,58.0,38.0,281.0
-12.0,58.0,38.0,458.0
-10.0,58.0,38.0,458.0
-8.0,58.0,38.0,378.0
-6.0,58.0,38.0,378.0
-4.0,58.0,38.0,378.0
-2.0,58.0,38.0,378.0
4.0,58.0,38.0,256.0
6.0,58.0,38.0,256.0
8.0,58.0,38.0,256.0
10.0,58.0,38.0,256.0
12.0,58.0,38.0,256.0
14.0,58.0,38.0,256.0
16.0,58.0,38.0,256.0
-12.0,60.0,38.0,458.0
-10.0,60.0,38.0,378.0
-8.0,60.0,38.0,378.0
-6.0,60.0,38.0,378.0
-4.0,60.0,38.0,378.0
4.0,60.0,38.0,256.0
6.0,60.0,38.0,256.0
8.0,60.0,38.0,256.0
10.0,60.0,38.0,256.0
-20.0,-90.0,40.0,41.0
-18.0,-90.0,40.0,41.0
-16.0,-90.0,40.0,41.0
-14.0,-90.0,40.0,148.0
-12.0,-90.0,40.0,148.0
-10.0,-90.0,40.0,148.0
6.0,-90.0,40.0,565.0
8.0,-90.0,40.0,565.0
10.0,-90.0,40.0,565.0
12.0,-90.0,40.0,565.0
14.0,-90.0,40.0,565.0
16.0,-90.0,40.0,135.0
-26.0,-88.0,40.0,41.0
-24.0,-88.0,40.0,41.0
-22.0,-88.0,40.0,41.0
-20.0,-88.0,40.0,41.0
-18.0,-88.0,40.0,41.0
-16.0,-88.0,40.0,550.0
-14.0,-88.0,40.0,148.0
-12.0,-88.0,40.0,148.0
-10.0,-88.0,40.0,148.0
-8.0,-88.0,40.0,148.0
4.0,-88.0,40.0,449.0
6.0,-88.0,40.0,449.0
8.0,-88.0,40.0,565.0
10.0,-88.0,40.0,565.0
12.0,-88.0,40.0,565.0
14.0,-88.0,40.0,135.0
16.0,-88.0,40.0,135.0
18.0,-88.0,40.0,135.0
20.0,-88.0,40.0,135.0
22.0,-88.0,40.0,135.0
24.0,-88.0,40.0,135.0
26.0,-88.0,40.0,135.0
-28.0,-86.0,40.0,41.0
-26.0,-86.0,40.0,41.0
-24.0,-86.0,40.0,41.0
-22.0,-86.0,40.0,41.0
-20.0,-86.0,40.0,41.0
-18.0,-86.0,40.0,550.0
-16.0,-86.0,40.0,550.0
-14.0,-86.0,40.0,550.0
-12.0,-86.0,40.0,550.0
-10.0,-86.0,40.0,148.0
-8.0,-86.0,40.0,148.0
-6.0,-86.0,40.0,449.0
2.0,-86.0,40.0,449.0
4.0,-86.0,40.0,449.0
6.0,-86.0,40.0,449.0
8.0,-86.0,40.0,186.0
10.0,-86.0,40.0,186.0
12.0,-86.0,40.0,186.0
14.0,-86.0,40.0,135.0
16.0,-86.0,40.0,135.0
18.0,-86.0,40.0,135.0
20.0,-86.0,40.0,135.0
22.0,-86.0,40.0,135.0
24.0,-86.0,40.0,135.0
26.0,-86.0,40.0,135.0
28.0,-86.0,40.0,135.0
30.0,-86.0,40.0,135.0
32.0,-86.0,40.0,135.0
-34.0,-84.0,40.0,556.0
-30.0,-84.0,40.0,41.0
-28.0,-84.0,40.0,41.0
-26.0,-84.0,40.0,41.0
-24.0,-84.0,40.0,41.0
-22.0,-84.0,40.0,41.0
-20.0,-84.0,40.0,41.0
-18.0,-84.0,40.0,550.0
-16.0,-84.0,40.0,550.0
-14.0,-84.0,40.0,550.0
-12.0,-84.0,40.0,550.0
-10.0,-84.0,40.0,550.0
-8.0,-84.0,40.0,148.0
-6.0,-84.0,40.0,449.0
-4.0,-84.0,40.0,449.0
2.0,-84.0,40.0,449.0
4.0,-84.0,40.0,302.0
6.0,-84.0,40.0,302.0
8.0,-84.0,40.0,186.0
10.0,-84.0,40.0,186.0
12.0,-84.0,40.0,186.0
14.0,-84.0,40.0,135.0
16.0,-84.0,40.0,135.0
18.0,-84.0,40.0,135.0
20.0,-84.0,40.0,135.0
22.0,-84.0,40.0,135.0
24.0,-84.0,40.0,135.0
26.0,-84.0,40.0,135.0
28.0,-84.0,40.0,135.0
30.0,-84.0,40.0,135.0
32.0,-84.0,40.0,254.0
34.0,-84.0,40.0,254.0
36.0,-84.0,40.0,254.0
-36.0,-82.0,40.0,556.0
-34.0,-82.0,40.0,556.0
-32.0,-82.0,40.0,556.0
-28.0,-82.0,40.0,41.0
-26.0,-82.0,40.0,41.0
-22.0,-82.0,40.0,41.0
-20.0,-82.0,40.0,550.0
-18.0,-82.0,40.0,550.0
-16.0,-82.0,40.0,550.0
-14.0,-82.0,40.0,550.0
-12.0,-82.0,40.0,550.0
-10.0,-82.0,40.0,550.0
-8.0,-82.0,40.0,550.0
-6.0,-82.0,40.0,449.0
-4.0,-82.0,40.0,449.0
-2.0,-82.0,40.0,302.0
0.0,-82.0,40.0,302.0
2.0,-82.0,40.0,302.0
4.0,-82.0,40.0,302.0
6.0,-82.0,40.0,302.0
8.0,-82.0,40.0,186.0
10.0,-82.0,40.0,186.0
12.0,-82.0,40.0,186.0
14.0,-82.0,40.0,186.0
16.0,-82.0,40.0,135.0
18.0,-82.0,40.0,135.0
20.0,-82.0,40.0,135.0
22.0,-82.0,40.0,135.0
24.0,-82.0,40.0,135.0
26.0,-82.0,40.0,135.0
28.0,-82.0,40.0,135.0
30.0,-82.0,40.0,135.0
32.0,-82.0,40.0,254.0
34.0,-82.0,40.0,254.0
36.0,-82.0,40.0,254.0
38.0,-82.0,40.0,254.0
-40.0,-80.0,40.0,556.0
-38.0,-80.0,40.0,556.0
-36.0,-80.0,40.0,556.0
-34.0,-80.0,40.0,556.0
-32.0,-80.0,40.0,556.0
-30.0,-80.0,40.0,556.0
-28.0,-80.0,40.0,41.0
-26.0,-80.0,40.0,41.0
-24.0,-80.0,40.0,41.0
-10.0,-80.0,40.0,550.0
-8.0,-80.0,40.0,550.0
-6.0,-80.0,40.0,302.0
-4.0,-80.0,40.0,302.0
0.0,-80.0,40.0,302.0
2.0,-80.0,40.0,302.0
4.0,-80.0,40.0,302.0
6.0,-80.0,40.0,302.0
8.0,-80.0,40.0,186.0
10.0,-80.0,40.0,186.0
12.0,-80.0,40.0,186.0
14.0,-80.0,40.0,186.0
16.0,-80.0,40.0,135.0
18.0,-80.0,40.0,135.0
20.0,-80.0,40.0,135.0
22.0,-80.0,40.0,135.0
24.0,-80.0,40.0,135.0
26.0,-80.0,40.0,135.0
28.0,-80.0,40.0,135.0
30.0,-80.0,40.0,254.0
32.0,-80.0,40.0,254.0
34.0,-80.0,40.0,254.0
36.0,-80.0,40.0,254.0
38.0,-80.0,40.0,254.0
40.0,-80.0,40.0,254.0
42.0,-80.0,40.0,254.0
-42.0,-78.0,40.0,556.0
-40.0,-78.0,40.0,556.0
-38.0,-78.0,40.0,556.0
-36.0,-78.0,40.0,556.0
-34.0,-78.0,40.0,556.0
-32.0,-78.0,40.0,556.0
-30.0,-78.0,40.0,556.0
-28.0,-78.0,40.0,75.0
-26.0,-78.0,40.0,75.0
-24.0,-78.0,40.0,75.0
-22.0,-78.0,40.0,75.0
-16.0,-78.0,40.0,550.0
-14.0,-78.0,40.0,550.0
-12.0,-78.0,40.0,550.0
-8.0,-78.0,40.0,550.0
-6.0,-78.0,40.0,60.0
0.0,-78.0,40.0,302.0
2.0,-78.0,40.0,302.0
4.0,-78.0,40.0,302.0
6.0,-78.0,40.0,186.0
8.0,-78.0,40.0,186.0
10.0,-78.0,40.0,186.0
12.0,-78.0,40.0,186.0
14.0,-78.0,40.0,186.0
16.0,-78.0,40.0,135.0
18.0,-78.0,40.0,135.0
20.0,-78.0,40.0,135.0
22.0,-78.0,40.0,135.0
24.0,-78.0,40.0,135.0
26.0,-78.0,40.0,135.0
28.0,-78.0,40.0,135.0
30.0,-78.0,40.0,254.0
32.0,-78.0,40.0,254.0
34.0,-78.0,40.0,254.0
36.0,-78.0,40.0,254.0
38.0,-78.0,40.0,254.0
40.0,-78.0,40.0,254.0
42.0,-78.0,40.0,254.0
44.0,-78.0,40.0,254.0
-44.0,-76.0,40.0,556.0
-42.0,-76.0,40.0,556.0
-40.0,-76.0,40.0,556.0
-38.0,-76.0,40.0,556.0
-36.0,-76.0,40.0,556.0
-34.0,-76.0,40.0,556.0
-32.0,-76.0,40.0,556.0
-30.0,-76.0,40.0,556.0
-28.0,-76.0,40.0,75.0
-26.0,-76.0,40.0,75.0
-24.0,-76.0,40.0,75.0
-22.0,-76.0,40.0,75.0
-20.0,-76.0,40.0,353.0
-18.0,-76.0,40.0,353.0
-16.0,-76.0,40.0,550.0
-14.0,-76.0,40.0,550.0
-12.0,-76.0,40.0,550.0
-10.0,-76.0,40.0,550.0
-8.0,-76.0,40.0,550.0
-6.0,-76.0,40.0,60.0
4.0,-76.0,40.0,515.0
6.0,-76.0,40.0,515.0
8.0,-76.0,40.0,186.0
10.0,-76.0,40.0,186.0
12.0,-76.0,40.0,186.0
14.0,-76.0,40.0,186.0
16.0,-76.0,40.0,186.0
18.0,-76.0,40.0,135.0
20.0,-76.0,40.0,135.0
22.0,-76.0,40.0,135.0
26.0,-76.0,40.0,135.0
28.0,-76.0,40.0,254.0
30.0,-76.0,40.0,254.0
32.0,-76.0,40.0,254.0
34.0,-76.0,40.0,254.0
36.0,-76.0,40.0,254.0
38.0,-76.0,40.0,254.0
40.0,-76.0,40.0,254.0
42.0,-76.0,40.0,254.0
44.0,-76.0,40.0,254.0
46.0,-76.0,40.0,254.0
-46.0,-74.0,40.0,556.0
-44.0,-74.0,40.0,556.0
-42.0,-74.0,40.0,556.0
-40.0,-74.0,40.0,556.0
-38.0,-74.0,40.0,556.0
-36.0,-74.0,40.0,556.0
-34.0,-74.0,40.0,556.0
-32.0,-74.0,40.0,556.0
-30.0,-74.0,40.0,75.0
-28.0,-74.0,40.0,75.0
-26.0,-74.0,40.0,75.0
-24.0,-74.0,40.0,75.0
-22.0,-74.0,40.0,353.0
-20.0,-74.0,40.0,353.0
-18.0,-74.0,40.0,353.0
-16.0,-74.0,40.0,353.0
-14.0,-74.0,40.0,353.0
-12.0,-74.0,40.0,550.0
-10.0,-74.0,40.0,550.0
-8.0,-74.0,40.0,60.0
-6.0,-74.0,40.0,60.0
0.0,-74.0,40.0,515.0
2.0,-74.0,40.0,515.0
4.0,-74.0,40.0,515.0
8.0,-74.0,40.0,515.0
10.0,-74.0,40.0,186.0
12.0,-74.0,40.0,186.0
14.0,-74.0,40.0,186.0
16.0,-74.0,40.0,186.0
18.0,-74.0,40.0,135.0
20.0,-74.0,40.0,135.0
22.0,-74.0,40.0,135.0
24.0,-74.0,40.0,135.0
26.0,-74.0,40.0,135.0
28.0,-74.0,40.0,254.0
30.0,-74.0,40.0,254.0
32.0,-74.0,40.0,254.0
34.0,-74.0,40.0,254.0
36.0,-74.0,40.0,254.0
38.0,-74.0,40.0,254.0
40.0,-74.0,40.0,254.0
42.0,-74.0,40.0,254.0
44.0,-74.0,40.0,254.0
46.0,-74.0,40.0,254.0
-48.0,-72.0,40.0,556.0
-46.0,-72.0,40.0,556.0
-44.0,-72.0,40.0,556.0
-42.0,-72.0,40.0,556.0
-40.0,-72.0,40.0,556.0
-38.0,-72.0,40.0,556.0
-36.0,-72.0,40.0,556.0
-34.0,-72.0,40.0,556.0
-32.0,-72.0,40.0,128.0
-30.0,-72.0,40.0,128.0
-28.0,-72.0,40.0,128.0
-26.0,-72.0,40.0,75.0
-24.0,-72.0,40.0,353.0
-22.0,-72.0,40.0,353.0
-20.0,-72.0,40.0,353.0
-18.0,-72.0,40.0,353.0
-16.0,-72.0,40.0,353.0
-14.0,-72.0,40.0,353.0
-12.0,-72.0,40.0,493.0
-10.0,-72.0,40.0,493.0
-8.0,-72.0,40.0,493.0
-6.0,-72.0,40.0,515.0
-4.0,-72.0,40.0,515.0
0.0,-72.0,40.0,515.0
2.0,-72.0,40.0,515.0
4.0,-72.0,40.0,515.0
6.0,-72.0,40.0,515.0
8.0,-72.0,40.0,515.0
12.0,-72.0,40.0,186.0
14.0,-72.0,40.0,186.0
16.0,-72.0,40.0,580.0
18.0,-72.0,40.0,580.0
20.0,-72.0,40.0,580.0
24.0,-72.0,40.0,135.0
26.0,-72.0,40.0,254.0
28.0,-72.0,40.0,254.0
30.0,-72.0,40.0,254.0
32.0,-72.0,40.0,254.0
34.0,-72.0,40.0,254.0
36.0,-72.0,40.0,254.0
38.0,-72.0,40.0,254.0
40.0,-72.0,40.0,254.0
42.0,-72.0,40.0,254.0
44.0,-72.0,40.0,254.0
46.0,-72.0,40.0,254.0
48.0,-72.0,40.0,254.0
50.0,-72.0,40.0,254.0
-50.0,-70.0,40.0,556.0
-48.0,-70.0,40.0,556.0
-46.0,-70.0,40.0,556.0
-44.0,-70.0,40.0,556.0
-42.0,-70.0,40.0,556.0
-40.0,-70.0,40.0,556.0
-38.0,-70.0,40.0,556.0
-36.0,-70.0,40.0,556.0
-34.0,-70.0,40.0,128.0
-32.0,-70.0,40.0,128.0
-30.0,-70.0,40.0,128.0
-28.0,-70.0,40.0,128.0
-26.0,-70.0,40.0,128.0
-24.0,-70.0,40.0,353.0
-22.0,-70.0,40.0,353.0
-20.0,-70.0,40.0,353.0
-18.0,-70.0,40.0,353.0
-16.0,-70.0,40.0,353.0
-14.0,-70.0,40.0,493.0
-12.0,-70.0,40.0,493.0
-10.0,-70.0,40.0,493.0
-8.0,-70.0,40.0,493.0
-6.0,-70.0,40.0,515.0
-4.0,-70.0,40.0,515.0
-2.0,-70.0,40.0,515.0
0.0,-70.0,40.0,515.0
2.0,-70.0,40.0,515.0
4.0,-70.0,40.0,515.0
6.0,-70.0,40.0,515.0
8.0,-70.0,40.0,515.0
10.0,-70.0,40.0,515.0
12.0,-70.0,40.0,580.0
14.0,-70.0,40.0,580.0
16.0,-70.0,40.0,580.0
18.0,-70.0,40.0,580.0
20.0,-70.0,40.0,580.0
22.0,-70.0,40.0,580.0
24.0,-70.0,40.0,580.0
26.0,-70.0,40.0,254.0
28.0,-70.0,40.0,254.0
30.0,-70.0,40.0,254.0
32.0,-70.0,40.0,254.0
34.0,-70.0,40.0,254.0
36.0,-70.0,40.0,254.0
38.0,-70.0,40.0,254.0
40.0,-70.0,40.0,254.0
42.0,-70.0,40.0,254.0
44.0,-70.0,40.0,254.0
46.0,-70.0,40.0,254.0
48.0,-70.0,40.0,254.0
50.0,-70.0,40.0,254.0
52.0,-70.0,40.0,159.0
-52.0,-68.0,40.0,595.0
-50.0,-68.0,40.0,595.0
-48.0,-68.0,40.0,556.0
-46.0,-68.0,40.0,556.0
-44.0,-68.0,40.0,556.0
-42.0,-68.0,40.0,556.0
-40.0,-68.0,40.0,556.0
-38.0,-68.0,40.0,556.0
-36.0,-68.0,40.0,128.0
-34.0,-68.0,40.0,128.0
-32.0,-68.0,40.0,128.0
-30.0,-68.0,40.0,128.0
-28.0,-68.0,40.0,128.0
-26.0,-68.0,40.0,128.0
-24.0,-68.0,40.0,128.0
-22.0,-68.0,40.0,295.0
-20.0,-68.0,40.0,295.0
-18.0,-68.0,40.0,295.0
-16.0,-68.0,40.0,493.0
-14.0,-68.0,40.0,493.0
-12.0,-68.0,40.0,493.0
-10.0,-68.0,40.0,493.0
-8.0,-68.0,40.0,493.0
-6.0,-68.0,40.0,433.0
-4.0,-68.0,40.0,515.0
-2.0,-68.0,40.0,515.0
0.0,-68.0,40.0,515.0
2.0,-68.0,40.0,515.0
4.0,-68.0,40.0,515.0
6.0,-68.0,40.0,515.0
8.0,-68.0,40.0,515.0
10.0,-68.0,40.0,580.0
12.0,-68.0,40.0,580.0
14.0,-68.0,40.0,580.0
16.0,-68.0,40.0,580.0
18.0,-68.0,40.0,580.0
20.0,-68.0,40.0,580.0
22.0,-68.0,40.0,580.0
24.0,-68.0,40.0,580.0
26.0,-68.0,40.0,254.0
28.0,-68.0,40.0,254.0
30.0,-68.0,40.0,254.0
32.0,-68.0,40.0,254.0
34.0,-68.0,40.0,254.0
36.0,-68.0,40.0,254.0
38.0,-68.0,40.0,254.0
40.0,-68.0,40.0,254.0
42.0,-68.0,40.0,254.0
44.0,-68.0,40.0,254.0
46.0,-68.0,40.0,254.0
48.0,-68.0,40.0,254.0
50.0,-68.0,40.0,159.0
52.0,-68.0,40.0,159.0
-54.0,-66.0,40.0,595.0
-52.0,-66.0,40.0,595.0
-50.0,-66.0,40.0,411.0
-48.0,-66.0,40.0,411.0
-46.0,-66.0,40.0,411.0
-44.0,-66.0,40.0,411.0
-42.0,-66.0,40.0,411.0
-40.0,-66.0,40.0,411.0
-38.0,-66.0,40.0,411.0
-36.0,-66.0,40.0,128.0
-34.0,-66.0,40.0,128.0
-32.0,-66.0,40.0,128.0
-30.0,-66.0,40.0,128.0
-28.0,-66.0,40.0,128.0
-26.0,-66.0,40.0,128.0
-24.0,-66.0,40.0,128.0
-22.0,-66.0,40.0,295.0
-20.0,-66.0,40.0,295.0
-18.0,-66.0,40.0,295.0
-16.0,-66.0,40.0,493.0
-14.0,-66.0,40.0,493.0
-12.0,-66.0,40.0,493.0
-10.0,-66.0,40.0,493.0
-8.0,-66.0,40.0,493.0
-6.0,-66.0,40.0,433.0
-4.0,-66.0,40.0,433.0
-2.0,-66.0,40.0,515.0
0.0,-66.0,40.0,515.0
2.0,-66.0,40.0,515.0
4.0,-66.0,40.0,515.0
6.0,-66.0,40.0,515.0
8.0,-66.0,40.0,515.0
10.0,-66.0,40.0,580.0
12.0,-66.0,40.0,580.0
14.0,-66.0,40.0,580.0
16.0,-66.0,40.0,580.0
18.0,-66.0,40.0,580.0
20.0,-66.0,40.0,580.0
22.0,-66.0,40.0,580.0
24.0,-66.0,40.0,580.0
26.0,-66.0,40.0,501.0
28.0,-66.0,40.0,501.0
30.0,-66.0,40.0,254.0
32.0,-66.0,40.0,254.0
34.0,-66.0,40.0,254.0
36.0,-66.0,40.0,254.0
38.0,-66.0,40.0,254.0
40.0,-66.0,40.0,254.0
42.0,-66.0,40.0,254.0
44.0,-66.0,40.0,254.0
46.0,-66.0,40.0,58.0
48.0,-66.0,40.0,58.0
50.0,-66.0,40.0,159.0
52.0,-66.0,40.0,159.0
54.0,-66.0,40.0,159.0
-56.0,-64.0,40.0,600.0
-54.0,-64.0,40.0,600.0
-52.0,-64.0,40.0,411.0
-50.0,-64.0,40.0,411.0
-48.0,-64.0,40.0,411.0
-46.0,-64.0,40.0,411.0
-44.0,-64.0,40.0,411.0
-42.0,-64.0,40.0,411.0
-40.0,-64.0,40.0,411.0
-38.0,-64.0,40.0,411.0
-36.0,-64.0,40.0,128.0
-34.0,-64.0,40.0,128.0
-32.0,-64.0,40.0,128.0
-30.0,-64.0,40.0,128.0
-28.0,-64.0,40.0,128.0
-26.0,-64.0,40.0,128.0
-24.0,-64.0,40.0,128.0
-22.0,-64.0,40.0,295.0
-20.0,-64.0,40.0,295.0
-18.0,-64.0,40.0,295.0
-16.0,-64.0,40.0,295.0
-14.0,-64.0,40.0,493.0
-12.0,-64.0,40.0,493.0
-10.0,-64.0,40.0,493.0
-8.0,-64.0,40.0,493.0
-6.0,-64.0,40.0,433.0
-4.0,-64.0,40.0,433.0
-2.0,-64.0,40.0,433.0
0.0,-64.0,40.0,515.0
2.0,-64.0,40.0,515.0
4.0,-64.0,40.0,515.0
6.0,-64.0,40.0,515.0
8.0,-64.0,40.0,580.0
10.0,-64.0,40.0,580.0
12.0,-64.0,40.0,580.0
14.0,-64.0,40.0,580.0
16.0,-64.0,40.0,580.0
18.0,-64.0,40.0,580.0
20.0,-64.0,40.0,580.0
22.0,-64.0,40.0,580.0
24.0,-64.0,40.0,580.0
26.0,-64.0,40.0,501.0
28.0,-64.0,40.0,501.0
30.0,-64.0,40.0,501.0
32.0,-64.0,40.0,543.0
34.0,-64.0,40.0,254.0
36.0,-64.0,40.0,254.0
38.0,-64.0,40.0,254.0
40.0,-64.0,40.0,254.0
42.0,-64.0,40.0,58.0
44.0,-64.0,40.0,58.0
46.0,-64.0,40.0,58.0
48.0,-64.0,40.0,58.0
50.0,-64.0,40.0,159.0
52.0,-64.0,40.0,159.0
54.0,-64.0,40.0,159.0
56.0,-64.0,40.0,159.0
-56.0,-62.0,40.0,600.0
-54.0,-62.0,40.0,600.0
-52.0,-62.0,40.0,411.0
-50.0,-62.0,40.0,411.0
-48.0,-62.0,40.0,411.0
-46.0,-62.0,40.0,411.0
-44.0,-62.0,40.0,411.0
-42.0,-62.0,40.0,411.0
-40.0,-62.0,40.0,411.0
-38.0,-62.0,40.0,411.0
-36.0,-62.0,40.0,411.0
-34.0,-62.0,40.0,128.0
-32.0,-62.0,40.0,128.0
-30.0,-62.0,40.0,128.0
-28.0,-62.0,40.0,128.0
-26.0,-62.0,40.0,128.0
-24.0,-62.0,40.0,128.0
-18.0,-62.0,40.0,295.0
-16.0,-62.0,40.0,295.0
-14.0,-62.0,40.0,493.0
-12.0,-62.0,40.0,493.0
-10.0,-62.0,40.0,493.0
-8.0,-62.0,40.0,493.0
-6.0,-62.0,40.0,433.0
-4.0,-62.0,40.0,433.0
-2.0,-62.0,40.0,433.0
0.0,-62.0,40.0,433.0
2.0,-62.0,40.0,515.0
4.0,-62.0,40.0,515.0
6.0,-62.0,40.0,515.0
8.0,-62.0,40.0,580.0
10.0,-62.0,40.0,580.0
12.0,-62.0,40.0,580.0
14.0,-62.0,40.0,580.0
16.0,-62.0,40.0,580.0
18.0,-62.0,40.0,580.0
20.0,-62.0,40.0,580.0
22.0,-62.0,40.0,580.0
24.0,-62.0,40.0,501.0
26.0,-62.0,40.0,501.0
28.0,-62.0,40.0,501.0
30.0,-62.0,40.0,501.0
32.0,-62.0,40.0,543.0
34.0,-62.0,40.0,543.0
36.0,-62.0,40.0,543.0
38.0,-62.0,40.0,58.0
40.0,-62.0,40.0,58.0
42.0,-62.0,40.0,58.0
44.0,-62.0,40.0,58.0
46.0,-62.0,40.0,58.0
48.0,-62.0,40.0,58.0
50.0,-62.0,40.0,159.0
52.0,-62.0,40.0,159.0
54.0,-62.0,40.0,159.0
56.0,-62.0,40.0,159.0
-58.0,-60.0,40.0,600.0
-56.0,-60.0,40.0,600.0
-54.0,-60.0,40.0,600.0
-52.0,-60.0,40.0,411.0
-50.0,-60.0,40.0,411.0
-48.0,-60.0,40.0,411.0
-46.0,-60.0,40.0,411.0
-44.0,-60.0,40.0,411.0
-42.0,-60.0,40.0,411.0
-40.0,-60.0,40.0,411.0
-38.0,-60.0,40.0,411.0
-36.0,-60.0,40.0,411.0
-34.0,-60.0,40.0,128.0
-32.0,-60.0,40.0,128.0
-30.0,-60.0,40.0,128.0
-28.0,-60.0,40.0,128.0
-26.0,-60.0,40.0,128.0
-24.0,-60.0,40.0,128.0
-18.0,-60.0,40.0,295.0
-16.0,-60.0,40.0,295.0
-14.0,-60.0,40.0,295.0
-12.0,-60.0,40.0,493.0
-10.0,-60.0,40.0,493.0
-8.0,-60.0,40.0,493.0
-6.0,-60.0,40.0,433.0
-4.0,-60.0,40.0,433.0
-2.0,-60.0,40.0,433.0
0.0,-60.0,40.0,433.0
2.0,-60.0,40.0,433.0
4.0,-60.0,40.0,515.0
6.0,-60.0,40.0,580.0
8.0,-60.0,40.0,580.0
10.0,-60.0,40.0,580.0
12.0,-60.0,40.0,580.0
14.0,-60.0,40.0,580.0
16.0,-60.0,40.0,580.0
22.0,-60.0,40.0,501.0
24.0,-60.0,40.0,501.0
26.0,-60.0,40.0,501.0
28.0,-60.0,40.0,501.0
30.0,-60.0,40.0,501.0
32.0,-60.0,40.0,543.0
34.0,-60.0,40.0,543.0
36.0,-60.0,40.0,543.0
38.0,-60.0,40.0,58.0
40.0,-60.0,40.0,58.0
42.0,-60.0,40.0,58.0
44.0,-60.0,40.0,58.0
46.0,-60.0,40.0,58.0
48.0,-60.0,40.0,58.0
50.0,-60.0,40.0,159.0
52.0,-60.0,40.0,159.0
54.0,-60.0,40.0,159.0
56.0,-60.0,40.0,159.0
58.0,-60.0,40.0,159.0
-60.0,-58.0,40.0,392.0
-58.0,-58.0,40.0,392.0
-56.0,-58.0,40.0,600.0
-54.0,-58.0,40.0,600.0
-52.0,-58.0,40.0,411.0
-50.0,-58.0,40.0,411.0
-48.0,-58.0,40.0,411.0
-46.0,-58.0,40.0,411.0
-44.0,-58.0,40.0,411.0
-42.0,-58.0,40.0,411.0
-40.0,-58.0,40.0,411.0
-38.0,-58.0,40.0,411.0
-36.0,-58.0,40.0,411.0
-34.0,-58.0,40.0,77.0
-32.0,-58.0,40.0,128.0
-30.0,-58.0,40.0,128.0
-28.0,-58.0,40.0,128.0
-26.0,-58.0,40.0,128.0
-24.0,-58.0,40.0,128.0
-18.0,-58.0,40.0,295.0
-16.0,-58.0,40.0,295.0
-14.0,-58.0,40.0,295.0
-12.0,-58.0,40.0,493.0
-10.0,-58.0,40.0,493.0
-8.0,-58.0,40.0,98.0
-6.0,-58.0,40.0,98.0
-4.0,-58.0,40.0,98.0
0.0,-58.0,40.0,98.0
2.0,-58.0,40.0,98.0
4.0,-58.0,40.0,80.0
6.0,-58.0,40.0,486.0
8.0,-58.0,40.0,486.0
10.0,-58.0,40.0,486.0
12.0,-58.0,40.0,580.0
22.0,-58.0,40.0,501.0
24.0,-58.0,40.0,501.0
26.0,-58.0,40.0,501.0
28.0,-58.0,40.0,501.0
30.0,-58.0,40.0,501.0
32.0,-58.0,40.0,543.0
34.0,-58.0,40.0,543.0
36.0,-58.0,40.0,543.0
38.0,-58.0,40.0,58.0
40.0,-58.0,40.0,58.0
42.0,-58.0,40.0,58.0
44.0,-58.0,40.0,58.0
46.0,-58.0,40.0,58.0
48.0,-58.0,40.0,58.0
50.0,-58.0,40.0,159.0
52.0,-58.0,40.0,159.0
54.0,-58.0,40.0,159.0
56.0,-58.0,40.0,159.0
58.0,-58.0,40.0,159.0
-60.0,-56.0,40.0,392.0
-58.0,-56.0,40.0,392.0
-56.0,-56.0,40.0,392.0
-54.0,-56.0,40.0,600.0
-52.0,-56.0,40.0,600.0
-50.0,-56.0,40.0,411.0
-48.0,-56.0,40.0,411.0
-46.0,-56.0,40.0,411.0
-44.0,-56.0,40.0,411.0
-42.0,-56.0,40.0,411.0
-40.0,-56.0,40.0,411.0
-38.0,-56.0,40.0,411.0
-36.0,-56.0,40.0,411.0
-34.0,-56.0,40.0,77.0
-32.0,-56.0,40.0,77.0
-30.0,-56.0,40.0,77.0
-28.0,-56.0,40.0,77.0
-26.0,-56.0,40.0,77.0
-24.0,-56.0,40.0,77.0
-16.0,-56.0,40.0,295.0
-14.0,-56.0,40.0,295.0
-12.0,-56.0,40.0,295.0
-10.0,-56.0,40.0,98.0
-8.0,-56.0,40.0,98.0
-6.0,-56.0,40.0,98.0
-4.0,-56.0,40.0,98.0
2.0,-56.0,40.0,80.0
4.0,-56.0,40.0,80.0
6.0,-56.0,40.0,80.0
8.0,-56.0,40.0,486.0
10.0,-56.0,40.0,486.0
12.0,-56.0,40.0,486.0
22.0,-56.0,40.0,501.0
24.0,-56.0,40.0,501.0
26.0,-56.0,40.0,501.0
28.0,-56.0,40.0,501.0
30.0,-56.0,40.0,501.0
32.0,-56.0,40.0,543.0
34.0,-56.0,40.0,543.0
36.0,-56.0,40.0,543.0
38.0,-56.0,40.0,58.0
40.0,-56.0,40.0,58.0
42.0,-56.0,40.0,58.0
44.0,-56.0,40.0,58.0
46.0,-56.0,40.0,58.0
48.0,-56.0,40.0,58.0
50.0,-56.0,40.0,159.0
52.0,-56.0,40.0,159.0
54.0,-56.0,40.0,159.0
56.0,-56.0,40.0,159.0
58.0,-56.0,40.0,159.0
60.0,-56.0,40.0,159.0
-60.0,-54.0,40.0,392.0
-58.0,-54.0,40.0,392.0
-56.0,-54.0,40.0,392.0
-54.0,-54.0,40.0,600.0
-52.0,-54.0,40.0,599.0
-50.0,-54.0,40.0,411.0
-48.0,-54.0,40.0,411.0
-46.0,-54.0,40.0,411.0
-44.0,-54.0,40.0,411.0
-42.0,-54.0,40.0,411.0
-40.0,-54.0,40.0,411.0
-38.0,-54.0,40.0,411.0
-36.0,-54.0,40.0,411.0
-34.0,-54.0,40.0,77.0
-32.0,-54.0,40.0,77.0
-30.0,-54.0,40.0,77.0
-28.0,-54.0,40.0,77.0
-26.0,-54.0,40.0,77.0
-24.0,-54.0,40.0,77.0
-16.0,-54.0,40.0,295.0
-14.0,-54.0,40.0,12.0
-12.0,-54.0,40.0,12.0
-10.0,-54.0,40.0,98.0
-8.0,-54.0,40.0,98.0
-6.0,-54.0,40.0,98.0
-4.0,-54.0,40.0,98.0
2.0,-54.0,40.0,80.0
4.0,-54.0,40.0,80.0
6.0,-54.0,40.0,80.0
8.0,-54.0,40.0,80.0
10.0,-54.0,40.0,486.0
12.0,-54.0,40.0,486.0
14.0,-54.0,40.0,486.0
22.0,-54.0,40.0,363.0
24.0,-54.0,40.0,363.0
26.0,-54.0,40.0,363.0
28.0,-54.0,40.0,501.0
30.0,-54.0,40.0,501.0
32.0,-54.0,40.0,543.0
34.0,-54.0,40.0,543.0
36.0,-54.0,40.0,543.0
38.0,-54.0,40.0,58.0
40.0,-54.0,40.0,58.0
42.0,-54.0,40.0,58.0
44.0,-54.0,40.0,58.0
46.0,-54.0,40.0,58.0
48.0,-54.0,40.0,58.0
50.0,-54.0,40.0,410.0
52.0,-54.0,40.0,410.0
54.0,-54.0,40.0,410.0
56.0,-54.0,40.0,410.0
58.0,-54.0,40.0,410.0
60.0,-54.0,40.0,193.0
-62.0,-52.0,40.0,392.0
-60.0,-52.0,40.0,392.0
-58.0,-52.0,40.0,392.0
-56.0,-52.0,40.0,392.0
-54.0,-52.0,40.0,392.0
-52.0,-52.0,40.0,599.0
-50.0,-52.0,40.0,411.0
-48.0,-52.0,40.0,411.0
-46.0,-52.0,40.0,411.0
-44.0,-52.0,40.0,411.0
-42.0,-52.0,40.0,411.0
-40.0,-52.0,40.0,411.0
-38.0,-52.0,40.0,3.0
-36.0,-52.0,40.0,3.0
-34.0,-52.0,40.0,3.0
-32.0,-52.0,40.0,77.0
-30.0,-52.0,40.0,77.0
-28.0,-52.0,40.0,77.0
-26.0,-52.0,40.0,77.0
-24.0,-52.0,40.0,77.0
-14.0,-52.0,40.0,12.0
-12.0,-52.0,40.0,12.0
-10.0,-52.0,40.0,98.0
-8.0,-52.0,40.0,98.0
-6.0,-52.0,40.0,98.0
-4.0,-52.0,40.0,98.0
2.0,-52.0,40.0,80.0
4.0,-52.0,40.0,80.0
6.0,-52.0,40.0,80.0
8.0,-52.0,40.0,80.0
10.0,-52.0,40.0,486.0
12.0,-52.0,40.0,486.0
14.0,-52.0,40.0,486.0
24.0,-52.0,40.0,363.0
26.0,-52.0,40.0,363.0
28.0,-52.0,40.0,363.0
30.0,-52.0,40.0,363.0
32.0,-52.0,40.0,363.0
34.0,-52.0,40.0,173.0
36.0,-52.0,40.0,173.0
38.0,-52.0,40.0,173.0
40.0,-52.0,40.0,58.0
42.0,-52.0,40.0,58.0
44.0,-52.0,40.0,58.0
46.0,-52.0,40.0,58.0
48.0,-52.0,40.0,58.0
50.0,-52.0,40.0,410.0
52.0,-52.0,40.0,410.0
54.0,-52.0,40.0,410.0
56.0,-52.0,40.0,410.0
58.0,-52.0,40.0,410.0
60.0,-52.0,40.0,193.0
62.0,-52.0,40.0,193.0
-62.0,-50.0,40.0,392.0
-60.0,-50.0,40.0,392.0
-58.0,-50.0,40.0,392.0
-56.0,-50.0,40.0,392.0
-54.0,-50.0,40.0,392.0
-52.0,-50.0,40.0,599.0
-50.0,-50.0,40.0,599.0
-48.0,-50.0,40.0,411.0
-46.0,-50.0,40.0,411.0
-44.0,-50.0,40.0,411.0
-42.0,-50.0,40.0,411.0
-40.0,-50.0,40.0,3.0
-38.0,-50.0,40.0,3.0
-36.0,-50.0,40.0,3.0
-34.0,-50.0,40.0,3.0
-32.0,-50.0,40.0,3.0
-30.0,-50.0,40.0,77.0
-28.0,-50.0,40.0,77.0
-16.0,-50.0,40.0,12.0
-14.0,-50.0,40.0,12.0
-12.0,-50.0,40.0,12.0
-10.0,-50.0,40.0,12.0
-8.0,-50.0,40.0,98.0
-6.0,-50.0,40.0,98.0
-4.0,-50.0,40.0,98.0
2.0,-50.0,40.0,80.0
4.0,-50.0,40.0,80.0
6.0,-50.0,40.0,80.0
8.0,-50.0,40.0,80.0
10.0,-50.0,40.0,80.0
12.0,-50.0,40.0,486.0
14.0,-50.0,40.0,486.0
26.0,-50.0,40.0,363.0
28.0,-50.0,40.0,363.0
30.0,-50.0,40.0,363.0
32.0,-50.0,40.0,363.0
34.0,-50.0,40.0,173.0
36.0,-50.0,40.0,173.0
38.0,-50.0,40.0,173.0
40.0,-50.0,40.0,173.0
42.0,-50.0,40.0,173.0
44.0,-50.0,40.0,58.0
46.0,-50.0,40.0,58.0
48.0,-50.0,40.0,410.0
50.0,-50.0,40.0,410.0
52.0,-50.0,40.0,410.0
54.0,-50.0,40.0,410.0
56.0,-50.0,40.0,410.0
58.0,-50.0,40.0,193.0
60.0,-50.0,40.0,193.0
62.0,-50.0,40.0,193.0
-64.0,-48.0,40.0,392.0
-62.0,-48.0,40.0,392.0
-60.0,-48.0,40.0,392.0
-58.0,-48.0,40.0,392.0
-56.0,-48.0,40.0,392.0
-54.0,-48.0,40.0,392.0
-46.0,-48.0,40.0,411.0
-44.0,-48.0,40.0,3.0
-42.0,-48.0,40.0,3.0
-40.0,-48.0,40.0,3.0
-38.0,-48.0,40.0,3.0
-36.0,-48.0,40.0,3.0
-34.0,-48.0,40.0,3.0
-32.0,-48.0,40.0,3.0
-30.0,-48.0,40.0,3.0
-16.0,-48.0,40.0,12.0
-14.0,-48.0,40.0,12.0
-12.0,-48.0,40.0,12.0
-10.0,-48.0,40.0,12.0
-8.0,-48.0,40.0,199.0
-6.0,-48.0,40.0,199.0
-4.0,-48.0,40.0,98.0
0.0,-48.0,40.0,80.0
2.0,-48.0,40.0,80.0
4.0,-48.0,40.0,80.0
6.0,-48.0,40.0,80.0
8.0,-48.0,40.0,80.0
10.0,-48.0,40.0,80.0
12.0,-48.0,40.0,80.0
14.0,-48.0,40.0,486.0
28.0,-48.0,40.0,363.0
30.0,-48.0,40.0,363.0
32.0,-48.0,40.0,173.0
34.0,-48.0,40.0,173.0
36.0,-48.0,40.0,173.0
38.0,-48.0,40.0,173.0
40.0,-48.0,40.0,173.0
42.0,-48.0,40.0,173.0
44.0,-48.0,40.0,173.0
46.0,-48.0,40.0,173.0
50.0,-48.0,40.0,410.0
52.0,-48.0,40.0,410.0
54.0,-48.0,40.0,410.0
56.0,-48.0,40.0,410.0
58.0,-48.0,40.0,193.0
60.0,-48.0,40.0,193.0
62.0,-48.0,40.0,193.0
-64.0,-46.0,40.0,392.0
-62.0,-46.0,40.0,392.0
-60.0,-46.0,40.0,392.0
-58.0,-46.0,40.0,322.0
-56.0,-46.0,40.0,322.0
-54.0,-46.0,40.0,322.0
-52.0,-46.0,40.0,242.0
-50.0,-46.0,40.0,242.0
-48.0,-46.0,40.0,242.0
-46.0,-46.0,40.0,576.0
-44.0,-46.0,40.0,3.0
-42.0,-46.0,40.0,3.0
-40.0,-46.0,40.0,3.0
-38.0,-46.0,40.0,3.0
-36.0,-46.0,40.0,3.0
-34.0,-46.0,40.0,3.0
-32.0,-46.0,40.0,3.0
-30.0,-46.0,40.0,3.0
-16.0,-46.0,40.0,12.0
-14.0,-46.0,40.0,12.0
-12.0,-46.0,40.0,12.0
-10.0,-46.0,40.0,12.0
-8.0,-46.0,40.0,199.0
-6.0,-46.0,40.0,199.0
-4.0,-46.0,40.0,199.0
0.0,-46.0,40.0,80.0
2.0,-46.0,40.0,80.0
4.0,-46.0,40.0,80.0
6.0,-46.0,40.0,80.0
8.0,-46.0,40.0,80.0
10.0,-46.0,40.0,80.0
12.0,-46.0,40.0,80.0
14.0,-46.0,40.0,80.0
28.0,-46.0,40.0,363.0
30.0,-46.0,40.0,363.0
32.0,-46.0,40.0,173.0
34.0,-46.0,40.0,173.0
36.0,-46.0,40.0,173.0
38.0,-46.0,40.0,173.0
40.0,-46.0,40.0,173.0
42.0,-46.0,40.0,173.0
44.0,-46.0,40.0,173.0
46.0,-46.0,40.0,173.0
48.0,-46.0,40.0,206.0
50.0,-46.0,40.0,206.0
52.0,-46.0,40.0,206.0
54.0,-46.0,40.0,206.0
56.0,-46.0,40.0,206.0
58.0,-46.0,40.0,193.0
60.0,-46.0,40.0,193.0
62.0,-46.0,40.0,193.0
64.0,-46.0,40.0,193.0
-64.0,-44.0,40.0,322.0
-62.0,-44.0,40.0,322.0
-60.0,-44.0,40.0,322.0
-58.0,-44.0,40.0,322.0
-56.0,-44.0,40.0,322.0
-54.0,-44.0,40.0,322.0
-52.0,-44.0,40.0,242.0
-50.0,-44.0,40.0,242.0
-48.0,-44.0,40.0,242.0
-46.0,-44.0,40.0,576.0
-44.0,-44.0,40.0,3.0
-42.0,-44.0,40.0,3.0
-40.0,-44.0,40.0,3.0
-38.0,-44.0,40.0,3.0
-36.0,-44.0,40.0,3.0
-34.0,-44.0,40.0,3.0
-32.0,-44.0,40.0,3.0
-30.0,-44.0,40.0,3.0
-16.0,-44.0,40.0,12.0
-14.0,-44.0,40.0,12.0
-12.0,-44.0,40.0,12.0
-10.0,-44.0,40.0,12.0
-8.0,-44.0,40.0,199.0
-6.0,-44.0,40.0,199.0
-4.0,-44.0,40.0,199.0
0.0,-44.0,40.0,80.0
2.0,-44.0,40.0,80.0
4.0,-44.0,40.0,80.0
6.0,-44.0,40.0,80.0
8.0,-44.0,40.0,80.0
10.0,-44.0,40.0,80.0
12.0,-44.0,40.0,80.0
14.0,-44.0,40.0,80.0
28.0,-44.0,40.0,363.0
30.0,-44.0,40.0,212.0
32.0,-44.0,40.0,212.0
34.0,-44.0,40.0,212.0
36.0,-44.0,40.0,173.0
38.0,-44.0,40.0,173.0
40.0,-44.0,40.0,173.0
44.0,-44.0,40.0,173.0
46.0,-44.0,40.0,173.0
48.0,-44.0,40.0,206.0
50.0,-44.0,40.0,206.0
52.0,-44.0,40.0,206.0
54.0,-44.0,40.0,206.0
56.0,-44.0,40.0,206.0
58.0,-44.0,40.0,193.0
60.0,-44.0,40.0,193.0
62.0,-44.0,40.0,193.0
64.0,-44.0,40.0,193.0
-66.0,-42.0,40.0,322.0
-64.0,-42.0,40.0,322.0
-62.0,-42.0,40.0,322.0
-60.0,-42.0,40.0,322.0
-58.0,-42.0,40.0,322.0
-56.0,-42.0,40.0,322.0
-54.0,-42.0,40.0,29.0
-52.0,-42.0,40.0,221.0
-50.0,-42.0,40.0,221.0
-48.0,-42.0,40.0,576.0
-46.0,-42.0,40.0,576.0
-44.0,-42.0,40.0,576.0
-42.0,-42.0,40.0,3.0
-40.0,-42.0,40.0,3.0
-38.0,-42.0,40.0,3.0
-36.0,-42.0,40.0,3.0
-16.0,-42.0,40.0,12.0
-14.0,-42.0,40.0,12.0
-12.0,-42.0,40.0,12.0
-10.0,-42.0,40.0,199.0
-8.0,-42.0,40.0,199.0
-6.0,-42.0,40.0,199.0
-4.0,-42.0,40.0,199.0
-2.0,-42.0,40.0,199.0
0.0,-42.0,40.0,80.0
2.0,-42.0,40.0,80.0
4.0,-42.0,40.0,80.0
6.0,-42.0,40.0,80.0
8.0,-42.0,40.0,80.0
10.0,-42.0,40.0,80.0
12.0,-42.0,40.0,80.0
14.0,-42.0,40.0,80.0
30.0,-42.0,40.0,212.0
32.0,-42.0,40.0,212.0
34.0,-42.0,40.0,212.0
36.0,-42.0,40.0,212.0
38.0,-42.0,40.0,212.0
40.0,-42.0,40.0,173.0
42.0,-42.0,40.0,173.0
44.0,-42.0,40.0,173.0
46.0,-42.0,40.0,173.0
48.0,-42.0,40.0,206.0
50.0,-42.0,40.0,206.0
52.0,-42.0,40.0,206.0
54.0,-42.0,40.0,206.0
56.0,-42.0,40.0,74.0
58.0,-42.0,40.0,74.0
60.0,-42.0,40.0,74.0
62.0,-42.0,40.0,74.0
64.0,-42.0,40.0,193.0
-66.0,-40.0,40.0,322.0
-64.0,-40.0,40.0,322.0
-62.0,-40.0,40.0,322.0
-60.0,-40.0,40.0,322.0
-58.0,-40.0,40.0,322.0
-56.0,-40.0,40.0,322.0
-54.0,-40.0,40.0,221.0
-52.0,-40.0,40.0,221.0
-50.0,-40.0,40.0,221.0
-48.0,-40.0,40.0,221.0
-46.0,-40.0,40.0,576.0
-44.0,-40.0,40.0,576.0
-42.0,-40.0,40.0,576.0
-40.0,-40.0,40.0,3.0
-38.0,-40.0,40.0,3.0
-36.0,-40.0,40.0,3.0
-16.0,-40.0,40.0,12.0
-14.0,-40.0,40.0,12.0
-12.0,-40.0,40.0,12.0
-10.0,-40.0,40.0,199.0
-8.0,-40.0,40.0,199.0
-6.0,-40.0,40.0,199.0
-4.0,-40.0,40.0,199.0
-2.0,-40.0,40.0,199.0
0.0,-40.0,40.0,435.0
2.0,-40.0,40.0,435.0
4.0,-40.0,40.0,435.0
6.0,-40.0,40.0,435.0
8.0,-40.0,40.0,435.0
10.0,-40.0,40.0,435.0
12.0,-40.0,40.0,435.0
14.0,-40.0,40.0,435.0
16.0,-40.0,40.0,435.0
30.0,-40.0,40.0,212.0
32.0,-40.0,40.0,212.0
34.0,-40.0,40.0,212.0
36.0,-40.0,40.0,212.0
38.0,-40.0,40.0,212.0
40.0,-40.0,40.0,212.0
42.0,-40.0,40.0,212.0
44.0,-40.0,40.0,173.0
46.0,-40.0,40.0,206.0
48.0,-40.0,40.0,206.0
50.0,-40.0,40.0,206.0
52.0,-40.0,40.0,206.0
54.0,-40.0,40.0,74.0
56.0,-40.0,40.0,74.0
58.0,-40.0,40.0,74.0
60.0,-40.0,40.0,74.0
62.0,-40.0,40.0,74.0
64.0,-40.0,40.0,74.0
-66.0,-38.0,40.0,322.0
-64.0,-38.0,40.0,322.0
-62.0,-38.0,40.0,322.0
-60.0,-38.0,40.0,322.0
-58.0,-38.0,40.0,322.0
-56.0,-38.0,40.0,221.0
-54.0,-38.0,40.0,221.0
-52.0,-38.0,40.0,221.0
-50.0,-38.0,40.0,221.0
-48.0,-38.0,40.0,221.0
-46.0,-38.0,40.0,221.0
-44.0,-38.0,40.0,576.0
-42.0,-38.0,40.0,576.0
-40.0,-38.0,40.0,576.0
-38.0,-38.0,40.0,3.0
-36.0,-38.0,40.0,3.0
-34.0,-38.0,40.0,3.0
-32.0,-38.0,40.0,3.0
-18.0,-38.0,40.0,12.0
-16.0,-38.0,40.0,12.0
-14.0,-38.0,40.0,12.0
-12.0,-38.0,40.0,12.0
-10.0,-38.0,40.0,199.0
-8.0,-38.0,40.0,199.0
-6.0,-38.0,40.0,199.0
-4.0,-38.0,40.0,199.0
-2.0,-38.0,40.0,199.0
0.0,-38.0,40.0,435.0
2.0,-38.0,40.0,435.0
4.0,-38.0,40.0,435.0
6.0,-38.0,40.0,435.0
8.0,-38.0,40.0,435.0
10.0,-38.0,40.0,435.0
12.0,-38.0,40.0,435.0
14.0,-38.0,40.0,435.0
16.0,-38.0,40.0,435.0
32.0,-38.0,40.0,212.0
34.0,-38.0,40.0,212.0
36.0,-38.0,40.0,212.0
38.0,-38.0,40.0,212.0
40.0,-38.0,40.0,212.0
42.0,-38.0,40.0,212.0
44.0,-38.0,40.0,212.0
46.0,-38.0,40.0,260.0
48.0,-38.0,40.0,206.0
50.0,-38.0,40.0,358.0
52.0,-38.0,40.0,74.0
54.0,-38.0,40.0,74.0
56.0,-38.0,40.0,74.0
58.0,-38.0,40.0,74.0
60.0,-38.0,40.0,74.0
62.0,-38.0,40.0,74.0
64.0,-38.0,40.0,74.0
-66.0,-36.0,40.0,322.0
-64.0,-36.0,40.0,322.0
-62.0,-36.0,40.0,322.0
-60.0,-36.0,40.0,322.0
-58.0,-36.0,40.0,221.0
-56.0,-36.0,40.0,221.0
-54.0,-36.0,40.0,221.0
-52.0,-36.0,40.0,221.0
-50.0,-36.0,40.0,221.0
-48.0,-36.0,40.0,221.0
-46.0,-36.0,40.0,221.0
-44.0,-36.0,40.0,576.0
-42.0,-36.0,40.0,576.0
-40.0,-36.0,40.0,576.0
-38.0,-36.0,40.0,576.0
-36.0,-36.0,40.0,3.0
-34.0,-36.0,40.0,3.0
-32.0,-36.0,40.0,33.0
-20.0,-36.0,40.0,12.0
-18.0,-36.0,40.0,12.0
-16.0,-36.0,40.0,12.0
-14.0,-36.0,40.0,12.0
-12.0,-36.0,40.0,199.0
-10.0,-36.0,40.0,199.0
-8.0,-36.0,40.0,199.0
-6.0,-36.0,40.0,199.0
-4.0,-36.0,40.0,199.0
-2.0,-36.0,40.0,435.0
0.0,-36.0,40.0,435.0
2.0,-36.0,40.0,435.0
4.0,-36.0,40.0,435.0
6.0,-36.0,40.0,435.0
8.0,-36.0,40.0,435.0
10.0,-36.0,40.0,435.0
12.0,-36.0,40.0,435.0
14.0,-36.0,40.0,435.0
16.0,-36.0,40.0,435.0
18.0,-36.0,40.0,435.0
32.0,-36.0,40.0,40.0
34.0,-36.0,40.0,212.0
36.0,-36.0,40.0,212.0
38.0,-36.0,40.0,212.0
40.0,-36.0,40.0,212.0
42.0,-36.0,40.0,212.0
44.0,-36.0,40.0,260.0
46.0,-36.0,40.0,260.0
48.0,-36.0,40.0,260.0
50.0,-36.0,40.0,260.0
52.0,-36.0,40.0,74.0
54.0,-36.0,40.0,74.0
56.0,-36.0,40.0,74.0
58.0,-36.0,40.0,74.0
60.0,-36.0,40.0,74.0
62.0,-36.0,40.0,74.0
64.0,-36.0,40.0,74.0
66.0,-36.0,40.0,74.0
-66.0,-34.0,40.0,322.0
-64.0,-34.0,40.0,322.0
-62.0,-34.0,40.0,322.0
-60.0,-34.0,40.0,221.0
-58.0,-34.0,40.0,221.0
-56.0,-34.0,40.0,221.0
-54.0,-34.0,40.0,221.0
-52.0,-34.0,40.0,221.0
-50.0,-34.0,40.0,221.0
-48.0,-34.0,40.0,221.0
-46.0,-34.0,40.0,221.0
-44.0,-34.0,40.0,221.0
-42.0,-34.0,40.0,576.0
-40.0,-34.0,40.0,576.0
-38.0,-34.0,40.0,576.0
-36.0,-34.0,40.0,3.0
-34.0,-34.0,40.0,33.0
-32.0,-34.0,40.0,33.0
-20.0,-34.0,40.0,12.0
-18.0,-34.0,40.0,12.0
-16.0,-34.0,40.0,12.0
-14.0,-34.0,40.0,12.0
-12.0,-34.0,40.0,199.0
-10.0,-34.0,40.0,199.0
-8.0,-34.0,40.0,55.0
-6.0,-34.0,40.0,55.0
-4.0,-34.0,40.0,55.0
-2.0,-34.0,40.0,55.0
0.0,-34.0,40.0,55.0
2.0,-34.0,40.0,435.0
4.0,-34.0,40.0,435.0
6.0,-34.0,40.0,435.0
8.0,-34.0,40.0,435.0
10.0,-34.0,40.0,435.0
12.0,-34.0,40.0,435.0
14.0,-34.0,40.0,435.0
16.0,-34.0,40.0,532.0
18.0,-34.0,40.0,532.0
32.0,-34.0,40.0,40.0
34.0,-34.0,40.0,40.0
36.0,-34.0,40.0,212.0
38.0,-34.0,40.0,212.0
40.0,-34.0,40.0,212.0
42.0,-34.0,40.0,212.0
44.0,-34.0,40.0,260.0
46.0,-34.0,40.0,260.0
48.0,-34.0,40.0,260.0
50.0,-34.0,40.0,260.0
52.0,-34.0,40.0,260.0
54.0,-34.0,40.0,74.0
56.0,-34.0,40.0,74.0
58.0,-34.0,40.0,74.0
60.0,-34.0,40.0,74.0
62.0,-34.0,40.0,74.0
64.0,-34.0,40.0,74.0
66.0,-34.0,40.0,74.0
-66.0,-32.0,40.0,322.0
-64.0,-32.0,40.0,322.0
-62.0,-32.0,40.0,221.0
-60.0,-32.0,40.0,221.0
-58.0,-32.0,40.0,221.0
-56.0,-32.0,40.0,221.0
-54.0,-32.0,40.0,221.0
-52.0,-32.0,40.0,221.0
-48.0,-32.0,40.0,221.0
-46.0,-32.0,40.0,221.0
-44.0,-32.0,40.0,221.0
-42.0,-32.0,40.0,221.0
-40.0,-32.0,40.0,576.0
-38.0,-32.0,40.0,576.0
-36.0,-32.0,40.0,576.0
-34.0,-32.0,40.0,33.0
-32.0,-32.0,40.0,33.0
-20.0,-32.0,40.0,511.0
-18.0,-32.0,40.0,511.0
-16.0,-32.0,40.0,511.0
-14.0,-32.0,40.0,511.0
-12.0,-32.0,40.0,55.0
-10.0,-32.0,40.0,55.0
-8.0,-32.0,40.0,55.0
-6.0,-32.0,40.0,55.0
-4.0,-32.0,40.0,55.0
-2.0,-32.0,40.0,55.0
0.0,-32.0,40.0,55.0
2.0,-32.0,40.0,55.0
4.0,-32.0,40.0,435.0
6.0,-32.0,40.0,435.0
8.0,-32.0,40.0,435.0
10.0,-32.0,40.0,435.0
12.0,-32.0,40.0,435.0
14.0,-32.0,40.0,532.0
16.0,-32.0,40.0,532.0
18.0,-32.0,40.0,532.0
34.0,-32.0,40.0,40.0
36.0,-32.0,40.0,40.0
38.0,-32.0,40.0,212.0
40.0,-32.0,40.0,43.0
42.0,-32.0,40.0,43.0
44.0,-32.0,40.0,260.0
46.0,-32.0,40.0,260.0
48.0,-32.0,40.0,260.0
50.0,-32.0,40.0,260.0
52.0,-32.0,40.0,260.0
54.0,-32.0,40.0,74.0
56.0,-32.0,40.0,74.0
58.0,-32.0,40.0,74.0
60.0,-32.0,40.0,74.0
62.0,-32.0,40.0,74.0
64.0,-32.0,40.0,74.0
66.0,-32.0,40.0,74.0
-68.0,-30.0,40.0,447.0
-66.0,-30.0,40.0,322.0
-64.0,-30.0,40.0,322.0
-62.0,-30.0,40.0,221.0
-60.0,-30.0,40.0,221.0
-58.0,-30.0,40.0,221.0
-56.0,-30.0,40.0,221.0
-54.0,-30.0,40.0,221.0
-52.0,-30.0,40.0,221.0
-50.0,-30.0,40.0,221.0
-48.0,-30.0,40.0,221.0
-46.0,-30.0,40.0,221.0
-44.0,-30.0,40.0,221.0
-42.0,-30.0,40.0,221.0
-40.0,-30.0,40.0,576.0
-38.0,-30.0,40.0,576.0
-36.0,-30.0,40.0,576.0
-34.0,-30.0,40.0,33.0
-20.0,-30.0,40.0,511.0
-18.0,-30.0,40.0,511.0
-16.0,-30.0,40.0,511.0
-14.0,-30.0,40.0,156.0
-12.0,-30.0,40.0,156.0
-10.0,-30.0,40.0,156.0
-8.0,-30.0,40.0,156.0
-6.0,-30.0,40.0,156.0
-4.0,-30.0,40.0,156.0
-2.0,-30.0,40.0,156.0
0.0,-30.0,40.0,156.0
2.0,-30.0,40.0,156.0
4.0,-30.0,40.0,156.0
6.0,-30.0,40.0,156.0
8.0,-30.0,40.0,435.0
10.0,-30.0,40.0,435.0
12.0,-30.0,40.0,532.0
14.0,-30.0,40.0,532.0
16.0,-30.0,40.0,532.0
18.0,-30.0,40.0,532.0
36.0,-30.0,40.0,40.0
38.0,-30.0,40.0,43.0
40.0,-30.0,40.0,43.0
42.0,-30.0,40.0,43.0
44.0,-30.0,40.0,43.0
46.0,-30.0,40.0,260.0
48.0,-30.0,40.0,260.0
50.0,-30.0,40.0,260.0
52.0,-30.0,40.0,260.0
54.0,-30.0,40.0,204.0
56.0,-30.0,40.0,74.0
58.0,-30.0,40.0,74.0
60.0,-30.0,40.0,74.0
62.0,-30.0,40.0,74.0
64.0,-30.0,40.0,74.0
66.0,-30.0,40.0,74.0
-68.0,-28.0,40.0,447.0
-66.0,-28.0,40.0,447.0
-64.0,-28.0,40.0,447.0
-62.0,-28.0,40.0,71.0
-60.0,-28.0,40.0,221.0
-58.0,-28.0,40.0,221.0
-56.0,-28.0,40.0,221.0
-54.0,-28.0,40.0,221.0
-52.0,-28.0,40.0,221.0
-50.0,-28.0,40.0,221.0
-48.0,-28.0,40.0,221.0
-46.0,-28.0,40.0,221.0
-44.0,-28.0,40.0,221.0
-42.0,-28.0,40.0,221.0
-40.0,-28.0,40.0,221.0
-38.0,-28.0,40.0,576.0
-36.0,-28.0,40.0,576.0
-18.0,-28.0,40.0,511.0
-16.0,-28.0,40.0,511.0
-14.0,-28.0,40.0,156.0
-12.0,-28.0,40.0,156.0
-10.0,-28.0,40.0,156.0
-8.0,-28.0,40.0,156.0
-6.0,-28.0,40.0,156.0
-4.0,-28.0,40.0,156.0
-2.0,-28.0,40.0,156.0
0.0,-28.0,40.0,156.0
2.0,-28.0,40.0,156.0
4.0,-28.0,40.0,156.0
6.0,-28.0,40.0,156.0
8.0,-28.0,40.0,542.0
10.0,-28.0,40.0,532.0
12.0,-28.0,40.0,532.0
14.0,-28.0,40.0,532.0
16.0,-28.0,40.0,532.0
18.0,-28.0,40.0,532.0
38.0,-28.0,40.0,43.0
40.0,-28.0,40.0,43.0
42.0,-28.0,40.0,43.0
44.0,-28.0,40.0,43.0
50.0,-28.0,40.0,260.0
52.0,-28.0,40.0,260.0
54.0,-28.0,40.0,204.0
56.0,-28.0,40.0,204.0
58.0,-28.0,40.0,204.0
60.0,-28.0,40.0,74.0
62.0,-28.0,40.0,74.0
64.0,-28.0,40.0,74.0
66.0,-28.0,40.0,74.0
-66.0,-26.0,40.0,447.0
-64.0,-26.0,40.0,447.0
-62.0,-26.0,40.0,71.0
-60.0,-26.0,40.0,71.0
-58.0,-26.0,40.0,71.0
-56.0,-26.0,40.0,221.0
-54.0,-26.0,40.0,221.0
-52.0,-26.0,40.0,221.0
-50.0,-26.0,40.0,221.0
-48.0,-26.0,40.0,221.0
-46.0,-26.0,40.0,221.0
-44.0,-26.0,40.0,221.0
-42.0,-26.0,40.0,221.0
-40.0,-26.0,40.0,428.0
-38.0,-26.0,40.0,428.0
-18.0,-26.0,40.0,511.0
-16.0,-26.0,40.0,156.0
-14.0,-26.0,40.0,156.0
-12.0,-26.0,40.0,156.0
-10.0,-26.0,40.0,156.0
-8.0,-26.0,40.0,156.0
-6.0,-26.0,40.0,156.0
-4.0,-26.0,40.0,156.0
-2.0,-26.0,40.0,156.0
0.0,-26.0,40.0,156.0
2.0,-26.0,40.0,542.0
4.0,-26.0,40.0,542.0
6.0,-26.0,40.0,542.0
8.0,-26.0,40.0,542.0
10.0,-26.0,40.0,532.0
12.0,-26.0,40.0,532.0
14.0,-26.0,40.0,532.0
16.0,-26.0,40.0,532.0
54.0,-26.0,40.0,204.0
56.0,-26.0,40.0,204.0
58.0,-26.0,40.0,204.0
60.0,-26.0,40.0,204.0
62.0,-26.0,40.0,204.0
64.0,-26.0,40.0,74.0
66.0,-26.0,40.0,74.0
-66.0,-24.0,40.0,447.0
-64.0,-24.0,40.0,447.0
-62.0,-24.0,40.0,447.0
-60.0,-24.0,40.0,71.0
-58.0,-24.0,40.0,71.0
-56.0,-24.0,40.0,71.0
-54.0,-24.0,40.0,221.0
-52.0,-24.0,40.0,221.0
-50.0,-24.0,40.0,221.0
-48.0,-24.0,40.0,221.0
-46.0,-24.0,40.0,221.0
-44.0,-24.0,40.0,428.0
-42.0,-24.0,40.0,428.0
-18.0,-24.0,40.0,511.0
-16.0,-24.0,40.0,156.0
-14.0,-24.0,40.0,156.0
-12.0,-24.0,40.0,156.0
-10.0,-24.0,40.0,156.0
-8.0,-24.0,40.0,156.0
-6.0,-24.0,40.0,156.0
-4.0,-24.0,40.0,542.0
-2.0,-24.0,40.0,542.0
0.0,-24.0,40.0,542.0
2.0,-24.0,40.0,542.0
4.0,-24.0,40.0,542.0
6.0,-24.0,40.0,542.0
8.0,-24.0,40.0,239.0
10.0,-24.0,40.0,532.0
12.0,-24.0,40.0,532.0
14.0,-24.0,40.0,532.0
16.0,-24.0,40.0,532.0
58.0,-24.0,40.0,204.0
60.0,-24.0,40.0,204.0
62.0,-24.0,40.0,204.0
64.0,-24.0,40.0,204.0
66.0,-24.0,40.0,204.0
-66.0,-22.0,40.0,447.0
-64.0,-22.0,40.0,447.0
-62.0,-22.0,40.0,447.0
-60.0,-22.0,40.0,447.0
-58.0,-22.0,40.0,71.0
-56.0,-22.0,40.0,71.0
-54.0,-22.0,40.0,71.0
-52.0,-22.0,40.0,71.0
-50.0,-22.0,40.0,428.0
-48.0,-22.0,40.0,428.0
-46.0,-22.0,40.0,428.0
-44.0,-22.0,40.0,428.0
-18.0,-22.0,40.0,202.0
-16.0,-22.0,40.0,156.0
-14.0,-22.0,40.0,156.0
-12.0,-22.0,40.0,156.0
-10.0,-22.0,40.0,542.0
-8.0,-22.0,40.0,542.0
-6.0,-22.0,40.0,542.0
-4.0,-22.0,40.0,542.0
-2.0,-22.0,40.0,542.0
0.0,-22.0,40.0,542.0
2.0,-22.0,40.0,542.0
4.0,-22.0,40.0,542.0
6.0,-22.0,40.0,542.0
8.0,-22.0,40.0,239.0
10.0,-22.0,40.0,239.0
12.0,-22.0,40.0,532.0
14.0,-22.0,40.0,532.0
16.0,-22.0,40.0,532.0
40.0,-22.0,40.0,43.0
42.0,-22.0,40.0,43.0
44.0,-22.0,40.0,43.0
46.0,-22.0,40.0,43.0
48.0,-22.0,40.0,43.0
50.0,-22.0,40.0,260.0
52.0,-22.0,40.0,204.0
58.0,-22.0,40.0,204.0
60.0,-22.0,40.0,204.0
62.0,-22.0,40.0,204.0
64.0,-22.0,40.0,204.0
66.0,-22.0,40.0,20.0
-66.0,-20.0,40.0,447.0
-64.0,-20.0,40.0,447.0
-62.0,-20.0,40.0,447.0
-60.0,-20.0,40.0,447.0
-58.0,-20.0,40.0,71.0
-56.0,-20.0,40.0,71.0
-54.0,-20.0,40.0,71.0
-52.0,-20.0,40.0,428.0
-50.0,-20.0,40.0,428.0
-48.0,-20.0,40.0,428.0
-46.0,-20.0,40.0,428.0
-16.0,-20.0,40.0,542.0
-14.0,-20.0,40.0,542.0
-12.0,-20.0,40.0,542.0
-10.0,-20.0,40.0,542.0
-8.0,-20.0,40.0,542.0
-6.0,-20.0,40.0,542.0
-4.0,-20.0,40.0,542.0
-2.0,-20.0,40.0,542.0
0.0,-20.0,40.0,542.0
2.0,-20.0,40.0,542.0
4.0,-20.0,40.0,542.0
6.0,-20.0,40.0,542.0
8.0,-20.0,40.0,239.0
10.0,-20.0,40.0,239.0
12.0,-20.0,40.0,239.0
14.0,-20.0,40.0,532.0
16.0,-20.0,40.0,532.0
36.0,-20.0,40.0,43.0
38.0,-20.0,40.0,43.0
40.0,-20.0,40.0,43.0
42.0,-20.0,40.0,43.0
44.0,-20.0,40.0,43.0
46.0,-20.0,40.0,43.0
48.0,-20.0,40.0,43.0
50.0,-20.0,40.0,43.0
52.0,-20.0,40.0,204.0
54.0,-20.0,40.0,204.0
58.0,-20.0,40.0,204.0
60.0,-20.0,40.0,204.0
62.0,-20.0,40.0,204.0
64.0,-20.0,40.0,20.0
-66.0,-18.0,40.0,447.0
-64.0,-18.0,40.0,447.0
-62.0,-18.0,40.0,447.0
-60.0,-18.0,40.0,447.0
-58.0,-18.0,40.0,447.0
-56.0,-18.0,40.0,71.0
-54.0,-18.0,40.0,428.0
-52.0,-18.0,40.0,428.0
-50.0,-18.0,40.0,428.0
-14.0,-18.0,40.0,542.0
-12.0,-18.0,40.0,542.0
-8.0,-18.0,40.0,542.0
-6.0,-18.0,40.0,542.0
-4.0,-18.0,40.0,542.0
-2.0,-18.0,40.0,542.0
0.0,-18.0,40.0,542.0
2.0,-18.0,40.0,542.0
4.0,-18.0,40.0,542.0
6.0,-18.0,40.0,499.0
8.0,-18.0,40.0,499.0
10.0,-18.0,40.0,239.0
12.0,-18.0,40.0,239.0
14.0,-18.0,40.0,239.0
36.0,-18.0,40.0,43.0
38.0,-18.0,40.0,43.0
40.0,-18.0,40.0,43.0
42.0,-18.0,40.0,43.0
44.0,-18.0,40.0,43.0
46.0,-18.0,40.0,43.0
48.0,-18.0,40.0,43.0
50.0,-18.0,40.0,43.0
52.0,-18.0,40.0,204.0
54.0,-18.0,40.0,204.0
56.0,-18.0,40.0,204.0
58.0,-18.0,40.0,204.0
60.0,-18.0,40.0,204.0
62.0,-18.0,40.0,20.0
64.0,-18.0,40.0,20.0
-66.0,-16.0,40.0,447.0
-64.0,-16.0,40.0,447.0
-62.0,-16.0,40.0,447.0
-60.0,-16.0,40.0,447.0
-58.0,-16.0,40.0,447.0
-56.0,-16.0,40.0,428.0
-16.0,-16.0,40.0,267.0
-14.0,-16.0,40.0,267.0
-12.0,-16.0,40.0,267.0
-10.0,-16.0,40.0,145.0
-8.0,-16.0,40.0,542.0
-6.0,-16.0,40.0,542.0
-4.0,-16.0,40.0,542.0
-2.0,-16.0,40.0,542.0
0.0,-16.0,40.0,542.0
2.0,-16.0,40.0,542.0
4.0,-16.0,40.0,499.0
6.0,-16.0,40.0,499.0
8.0,-16.0,40.0,499.0
10.0,-16.0,40.0,499.0
12.0,-16.0,40.0,499.0
36.0,-16.0,40.0,43.0
38.0,-16.0,40.0,43.0
40.0,-16.0,40.0,43.0
48.0,-16.0,40.0,43.0
50.0,-16.0,40.0,43.0
52.0,-16.0,40.0,204.0
54.0,-16.0,40.0,204.0
56.0,-16.0,40.0,204.0
58.0,-16.0,40.0,204.0
60.0,-16.0,40.0,20.0
62.0,-16.0,40.0,20.0
-64.0,-14.0,40.0,447.0
-62.0,-14.0,40.0,447.0
-60.0,-14.0,40.0,19.0
-58.0,-14.0,40.0,19.0
-54.0,-14.0,40.0,428.0
-52.0,-14.0,40.0,428.0
-50.0,-14.0,40.0,428.0
-48.0,-14.0,40.0,428.0
-46.0,-14.0,40.0,428.0
-44.0,-14.0,40.0,428.0
-42.0,-14.0,40.0,428.0
-16.0,-14.0,40.0,267.0
-14.0,-14.0,40.0,267.0
-12.0,-14.0,40.0,267.0
-10.0,-14.0,40.0,267.0
-8.0,-14.0,40.0,145.0
-6.0,-14.0,40.0,145.0
-4.0,-14.0,40.0,145.0
-2.0,-14.0,40.0,145.0
0.0,-14.0,40.0,145.0
2.0,-14.0,40.0,145.0
4.0,-14.0,40.0,499.0
6.0,-14.0,40.0,499.0
8.0,-14.0,40.0,499.0
50.0,-14.0,40.0,95.0
52.0,-14.0,40.0,95.0
54.0,-14.0,40.0,204.0
56.0,-14.0,40.0,204.0
58.0,-14.0,40.0,20.0
60.0,-14.0,40.0,20.0
62.0,-14.0,40.0,20.0
-64.0,-12.0,40.0,19.0
-62.0,-12.0,40.0,19.0
-60.0,-12.0,40.0,19.0
-58.0,-12.0,40.0,19.0
-56.0,-12.0,40.0,19.0
-54.0,-12.0,40.0,19.0
-52.0,-12.0,40.0,428.0
-50.0,-12.0,40.0,428.0
-48.0,-12.0,40.0,428.0
-46.0,-12.0,40.0,438.0
-44.0,-12.0,40.0,438.0
-42.0,-12.0,40.0,438.0
-14.0,-12.0,40.0,267.0
-12.0,-12.0,40.0,267.0
-10.0,-12.0,40.0,267.0
-8.0,-12.0,40.0,267.0
-6.0,-12.0,40.0,145.0
-4.0,-12.0,40.0,145.0
-2.0,-12.0,40.0,145.0
0.0,-12.0,40.0,145.0
2.0,-12.0,40.0,145.0
4.0,-12.0,40.0,499.0
6.0,-12.0,40.0,499.0
8.0,-12.0,40.0,499.0
10.0,-12.0,40.0,499.0
52.0,-12.0,40.0,76.0
54.0,-12.0,40.0,76.0
56.0,-12.0,40.0,76.0
58.0,-12.0,40.0,76.0
60.0,-12.0,40.0,76.0
62.0,-12.0,40.0,76.0
-64.0,-10.0,40.0,19.0
-62.0,-10.0,40.0,19.0
-60.0,-10.0,40.0,19.0
-58.0,-10.0,40.0,19.0
-56.0,-10.0,40.0,19.0
-54.0,-10.0,40.0,19.0
-52.0,-10.0,40.0,438.0
-50.0,-10.0,40.0,438.0
-48.0,-10.0,40.0,438.0
-46.0,-10.0,40.0,438.0
-14.0,-10.0,40.0,267.0
-12.0,-10.0,40.0,267.0
-10.0,-10.0,40.0,267.0
-8.0,-10.0,40.0,267.0
-6.0,-10.0,40.0,145.0
-4.0,-10.0,40.0,145.0
-2.0,-10.0,40.0,145.0
0.0,-10.0,40.0,145.0
2.0,-10.0,40.0,145.0
4.0,-10.0,40.0,499.0
6.0,-10.0,40.0,499.0
8.0,-10.0,40.0,499.0
10.0,-10.0,40.0,499.0
50.0,-10.0,40.0,76.0
52.0,-10.0,40.0,76.0
54.0,-10.0,40.0,76.0
56.0,-10.0,40.0,76.0
58.0,-10.0,40.0,76.0
60.0,-10.0,40.0,76.0
62.0,-10.0,40.0,76.0
-64.0,-8.0,40.0,19.0
-60.0,-8.0,40.0,19.0
-58.0,-8.0,40.0,19.0
-56.0,-8.0,40.0,19.0
-54.0,-8.0,40.0,19.0
-52.0,-8.0,40.0,438.0
-50.0,-8.0,40.0,438.0
-48.0,-8.0,40.0,438.0
-46.0,-8.0,40.0,438.0
-14.0,-8.0,40.0,267.0
-12.0,-8.0,40.0,267.0
-10.0,-8.0,40.0,267.0
-8.0,-8.0,40.0,267.0
-6.0,-8.0,40.0,267.0
-4.0,-8.0,40.0,145.0
-2.0,-8.0,40.0,145.0
0.0,-8.0,40.0,145.0
2.0,-8.0,40.0,145.0
4.0,-8.0,40.0,145.0
6.0,-8.0,40.0,499.0
8.0,-8.0,40.0,499.0
10.0,-8.0,40.0,499.0
12.0,-8.0,40.0,499.0
48.0,-8.0,40.0,76.0
50.0,-8.0,40.0,76.0
52.0,-8.0,40.0,76.0
54.0,-8.0,40.0,76.0
56.0,-8.0,40.0,76.0
58.0,-8.0,40.0,76.0
60.0,-8.0,40.0,76.0
62.0,-8.0,40.0,76.0
-62.0,-6.0,40.0,19.0
-60.0,-6.0,40.0,19.0
-58.0,-6.0,40.0,19.0
-56.0,-6.0,40.0,19.0
-54.0,-6.0,40.0,19.0
-52.0,-6.0,40.0,438.0
-50.0,-6.0,40.0,438.0
-48.0,-6.0,40.0,438.0
-46.0,-6.0,40.0,438.0
-12.0,-6.0,40.0,267.0
-10.0,-6.0,40.0,267.0
-8.0,-6.0,40.0,267.0
-6.0,-6.0,40.0,267.0
-4.0,-6.0,40.0,267.0
-2.0,-6.0,40.0,145.0
0.0,-6.0,40.0,145.0
2.0,-6.0,40.0,145.0
4.0,-6.0,40.0,259.0
6.0,-6.0,40.0,259.0
8.0,-6.0,40.0,259.0
10.0,-6.0,40.0,259.0
12.0,-6.0,40.0,259.0
48.0,-6.0,40.0,229.0
50.0,-6.0,40.0,76.0
52.0,-6.0,40.0,76.0
54.0,-6.0,40.0,76.0
56.0,-6.0,40.0,76.0
58.0,-6.0,40.0,76.0
60.0,-6.0,40.0,76.0
-62.0,-4.0,40.0,19.0
-60.0,-4.0,40.0,19.0
-58.0,-4.0,40.0,19.0
-56.0,-4.0,40.0,19.0
-54.0,-4.0,40.0,19.0
-52.0,-4.0,40.0,438.0
-50.0,-4.0,40.0,438.0
-48.0,-4.0,40.0,438.0
-46.0,-4.0,40.0,438.0
-12.0,-4.0,40.0,267.0
-10.0,-4.0,40.0,267.0
-8.0,-4.0,40.0,267.0
-6.0,-4.0,40.0,267.0
-4.0,-4.0,40.0,267.0
-2.0,-4.0,40.0,267.0
0.0,-4.0,40.0,145.0
2.0,-4.0,40.0,259.0
4.0,-4.0,40.0,259.0
6.0,-4.0,40.0,259.0
8.0,-4.0,40.0,259.0
10.0,-4.0,40.0,259.0
12.0,-4.0,40.0,259.0
46.0,-4.0,40.0,229.0
48.0,-4.0,40.0,229.0
50.0,-4.0,40.0,76.0
52.0,-4.0,40.0,76.0
54.0,-4.0,40.0,76.0
56.0,-4.0,40.0,76.0
58.0,-4.0,40.0,76.0
60.0,-4.0,40.0,76.0
-62.0,-2.0,40.0,19.0
-60.0,-2.0,40.0,19.0
-58.0,-2.0,40.0,19.0
-56.0,-2.0,40.0,19.0
-54.0,-2.0,40.0,19.0
-52.0,-2.0,40.0,438.0
-50.0,-2.0,40.0,438.0
-48.0,-2.0,40.0,438.0
-46.0,-2.0,40.0,438.0
-12.0,-2.0,40.0,267.0
-10.0,-2.0,40.0,267.0
-8.0,-2.0,40.0,267.0
-6.0,-2.0,40.0,267.0
-4.0,-2.0,40.0,267.0
-2.0,-2.0,40.0,267.0
0.0,-2.0,40.0,145.0
2.0,-2.0,40.0,259.0
4.0,-2.0,40.0,259.0
6.0,-2.0,40.0,259.0
8.0,-2.0,40.0,259.0
10.0,-2.0,40.0,259.0
12.0,-2.0,40.0,259.0
38.0,-2.0,40.0,229.0
40.0,-2.0,40.0,229.0
42.0,-2.0,40.0,229.0
44.0,-2.0,40.0,229.0
46.0,-2.0,40.0,229.0
48.0,-2.0,40.0,229.0
50.0,-2.0,40.0,229.0
52.0,-2.0,40.0,76.0
54.0,-2.0,40.0,76.0
56.0,-2.0,40.0,76.0
58.0,-2.0,40.0,76.0
60.0,-2.0,40.0,76.0
-62.0,-0.0,40.0,19.0
-60.0,-0.0,40.0,19.0
-58.0,-0.0,40.0,19.0
-56.0,-0.0,40.0,539.0
-54.0,-0.0,40.0,539.0
-52.0,-0.0,40.0,539.0
-50.0,-0.0,40.0,438.0
-48.0,-0.0,40.0,438.0
-46.0,-0.0,40.0,438.0
-44.0,-0.0,40.0,438.0
-42.0,-0.0,40.0,438.0
-40.0,-0.0,40.0,438.0
-10.0,-0.0,40.0,267.0
-8.0,-0.0,40.0,267.0
-6.0,-0.0,40.0,267.0
-4.0,-0.0,40.0,267.0
-2.0,-0.0,40.0,267.0
0.0,-0.0,40.0,259.0
2.0,-0.0,40.0,259.0
4.0,-0.0,40.0,259.0
6.0,-0.0,40.0,259.0
8.0,-0.0,40.0,259.0
10.0,-0.0,40.0,259.0
12.0,-0.0,40.0,259.0
36.0,-0.0,40.0,533.0
38.0,-0.0,40.0,229.0
40.0,-0.0,40.0,229.0
42.0,-0.0,40.0,229.0
44.0,-0.0,40.0,229.0
46.0,-0.0,40.0,229.0
48.0,-0.0,40.0,229.0
50.0,-0.0,40.0,229.0
52.0,-0.0,40.0,76.0
54.0,-0.0,40.0,76.0
56.0,-0.0,40.0,76.0
58.0,-0.0,40.0,76.0
60.0,-0.0,40.0,76.0
-60.0,2.0,40.0,539.0
-58.0,2.0,40.0,539.0
-56.0,2.0,40.0,539.0
-54.0,2.0,40.0,539.0
-52.0,2.0,40.0,539.0
-50.0,2.0,40.0,539.0
-48.0,2.0,40.0,438.0
-46.0,2.0,40.0,438.0
-44.0,2.0,40.0,438.0
-42.0,2.0,40.0,438.0
-40.0,2.0,40.0,438.0
-38.0,2.0,40.0,438.0
-10.0,2.0,40.0,267.0
-8.0,2.0,40.0,267.0
-6.0,2.0,40.0,267.0
-4.0,2.0,40.0,267.0
-2.0,2.0,40.0,267.0
0.0,2.0,40.0,259.0
2.0,2.0,40.0,259.0
4.0,2.0,40.0,259.0
6.0,2.0,40.0,259.0
8.0,2.0,40.0,259.0
10.0,2.0,40.0,259.0
12.0,2.0,40.0,259.0
36.0,2.0,40.0,533.0
38.0,2.0,40.0,229.0
40.0,2.0,40.0,229.0
42.0,2.0,40.0,229.0
44.0,2.0,40.0,229.0
46.0,2.0,40.0,229.0
48.0,2.0,40.0,229.0
50.0,2.0,40.0,229.0
52.0,2.0,40.0,76.0
54.0,2.0,40.0,76.0
56.0,2.0,40.0,76.0
58.0,2.0,40.0,76.0
-60.0,4.0,40.0,539.0
-58.0,4.0,40.0,539.0
-56.0,4.0,40.0,539.0
-54.0,4.0,40.0,539.0
-52.0,4.0,40.0,539.0
-50.0,4.0,40.0,539.0
-48.0,4.0,40.0,539.0
-46.0,4.0,40.0,539.0
-44.0,4.0,40.0,438.0
-42.0,4.0,40.0,438.0
-40.0,4.0,40.0,438.0
-38.0,4.0,40.0,438.0
-36.0,4.0,40.0,438.0
-12.0,4.0,40.0,267.0
-10.0,4.0,40.0,267.0
-8.0,4.0,40.0,267.0
-6.0,4.0,40.0,267.0
-4.0,4.0,40.0,267.0
-2.0,4.0,40.0,586.0
0.0,4.0,40.0,9.0
2.0,4.0,40.0,259.0
4.0,4.0,40.0,259.0
6.0,4.0,40.0,259.0
8.0,4.0,40.0,259.0
10.0,4.0,40.0,259.0
12.0,4.0,40.0,259.0
34.0,4.0,40.0,533.0
36.0,4.0,40.0,533.0
38.0,4.0,40.0,533.0
40.0,4.0,40.0,229.0
42.0,4.0,40.0,229.0
44.0,4.0,40.0,229.0
46.0,4.0,40.0,229.0
48.0,4.0,40.0,229.0
50.0,4.0,40.0,229.0
52.0,4.0,40.0,229.0
54.0,4.0,40.0,393.0
56.0,4.0,40.0,393.0
58.0,4.0,40.0,393.0
-60.0,6.0,40.0,539.0
-58.0,6.0,40.0,539.0
-56.0,6.0,40.0,539.0
-54.0,6.0,40.0,539.0
-52.0,6.0,40.0,539.0
-50.0,6.0,40.0,539.0
-48.0,6.0,40.0,539.0
-46.0,6.0,40.0,539.0
-44.0,6.0,40.0,44.0
-42.0,6.0,40.0,44.0
-40.0,6.0,40.0,44.0
-38.0,6.0,40.0,44.0
-36.0,6.0,40.0,44.0
-12.0,6.0,40.0,267.0
-10.0,6.0,40.0,267.0
-8.0,6.0,40.0,267.0
-6.0,6.0,40.0,9.0
-4.0,6.0,40.0,9.0
-2.0,6.0,40.0,9.0
0.0,6.0,40.0,9.0
2.0,6.0,40.0,9.0
4.0,6.0,40.0,259.0
6.0,6.0,40.0,259.0
8.0,6.0,40.0,259.0
10.0,6.0,40.0,259.0
12.0,6.0,40.0,259.0
34.0,6.0,40.0,533.0
36.0,6.0,40.0,533.0
38.0,6.0,40.0,533.0
40.0,6.0,40.0,533.0
42.0,6.0,40.0,229.0
44.0,6.0,40.0,229.0
46.0,6.0,40.0,229.0
48.0,6.0,40.0,229.0
50.0,6.0,40.0,445.0
52.0,6.0,40.0,445.0
54.0,6.0,40.0,445.0
56.0,6.0,40.0,445.0
58.0,6.0,40.0,393.0
-58.0,8.0,40.0,539.0
-56.0,8.0,40.0,539.0
-54.0,8.0,40.0,539.0
-52.0,8.0,40.0,539.0
-50.0,8.0,40.0,539.0
-48.0,8.0,40.0,539.0
-46.0,8.0,40.0,539.0
-44.0,8.0,40.0,44.0
-42.0,8.0,40.0,44.0
-40.0,8.0,40.0,44.0
-38.0,8.0,40.0,44.0
-36.0,8.0,40.0,308.0
-12.0,8.0,40.0,267.0
-10.0,8.0,40.0,267.0
-8.0,8.0,40.0,9.0
-6.0,8.0,40.0,9.0
-4.0,8.0,40.0,9.0
-2.0,8.0,40.0,9.0
0.0,8.0,40.0,9.0
2.0,8.0,40.0,9.0
4.0,8.0,40.0,9.0
6.0,8.0,40.0,259.0
8.0,8.0,40.0,259.0
10.0,8.0,40.0,259.0
12.0,8.0,40.0,259.0
36.0,8.0,40.0,533.0
38.0,8.0,40.0,533.0
40.0,8.0,40.0,533.0
42.0,8.0,40.0,229.0
44.0,8.0,40.0,229.0
46.0,8.0,40.0,229.0
48.0,8.0,40.0,445.0
50.0,8.0,40.0,445.0
52.0,8.0,40.0,445.0
54.0,8.0,40.0,445.0
56.0,8.0,40.0,445.0
-58.0,10.0,40.0,539.0
-56.0,10.0,40.0,539.0
-54.0,10.0,40.0,539.0
-52.0,10.0,40.0,539.0
-50.0,10.0,40.0,539.0
-48.0,10.0,40.0,539.0
-46.0,10.0,40.0,44.0
-44.0,10.0,40.0,44.0
-42.0,10.0,40.0,44.0
-40.0,10.0,40.0,44.0
-38.0,10.0,40.0,44.0
-14.0,10.0,40.0,267.0
-12.0,10.0,40.0,9.0
-10.0,10.0,40.0,9.0
-8.0,10.0,40.0,9.0
-6.0,10.0,40.0,9.0
-4.0,10.0,40.0,9.0
-2.0,10.0,40.0,9.0
0.0,10.0,40.0,9.0
2.0,10.0,40.0,9.0
4.0,10.0,40.0,9.0
6.0,10.0,40.0,9.0
8.0,10.0,40.0,9.0
10.0,10.0,40.0,259.0
12.0,10.0,40.0,259.0
36.0,10.0,40.0,533.0
38.0,10.0,40.0,533.0
40.0,10.0,40.0,533.0
42.0,10.0,40.0,533.0
44.0,10.0,40.0,445.0
46.0,10.0,40.0,445.0
48.0,10.0,40.0,445.0
50.0,10.0,40.0,445.0
52.0,10.0,40.0,445.0
54.0,10.0,40.0,445.0
56.0,10.0,40.0,445.0
-56.0,12.0,40.0,539.0
-54.0,12.0,40.0,539.0
-52.0,12.0,40.0,539.0
-50.0,12.0,40.0,539.0
-48.0,12.0,40.0,539.0
-46.0,12.0,40.0,44.0
-44.0,12.0,40.0,44.0
-42.0,12.0,40.0,44.0
-40.0,12.0,40.0,44.0
-14.0,12.0,40.0,9.0
-12.0,12.0,40.0,9.0
-10.0,12.0,40.0,9.0
-8.0,12.0,40.0,9.0
-6.0,12.0,40.0,9.0
-4.0,12.0,40.0,9.0
-2.0,12.0,40.0,9.0
0.0,12.0,40.0,9.0
2.0,12.0,40.0,9.0
4.0,12.0,40.0,9.0
6.0,12.0,40.0,9.0
8.0,12.0,40.0,9.0
10.0,12.0,40.0,9.0
12.0,12.0,40.0,259.0
34.0,12.0,40.0,533.0
36.0,12.0,40.0,533.0
38.0,12.0,40.0,533.0
40.0,12.0,40.0,533.0
42.0,12.0,40.0,445.0
44.0,12.0,40.0,445.0
46.0,12.0,40.0,445.0
48.0,12.0,40.0,445.0
50.0,12.0,40.0,445.0
52.0,12.0,40.0,445.0
54.0,12.0,40.0,445.0
-56.0,14.0,40.0,539.0
-54.0,14.0,40.0,539.0
-52.0,14.0,40.0,539.0
-50.0,14.0,40.0,539.0
-48.0,14.0,40.0,539.0
-46.0,14.0,40.0,44.0
-44.0,14.0,40.0,44.0
-42.0,14.0,40.0,44.0
-40.0,14.0,40.0,44.0
-38.0,14.0,40.0,44.0
-36.0,14.0,40.0,308.0
-14.0,14.0,40.0,9.0
-12.0,14.0,40.0,9.0
-10.0,14.0,40.0,9.0
-8.0,14.0,40.0,9.0
-6.0,14.0,40.0,9.0
-4.0,14.0,40.0,9.0
-2.0,14.0,40.0,9.0
0.0,14.0,40.0,9.0
2.0,14.0,40.0,9.0
4.0,14.0,40.0,9.0
6.0,14.0,40.0,9.0
8.0,14.0,40.0,9.0
10.0,14.0,40.0,9.0
32.0,14.0,40.0,533.0
34.0,14.0,40.0,533.0
36.0,14.0,40.0,533.0
38.0,14.0,40.0,533.0
40.0,14.0,40.0,533.0
42.0,14.0,40.0,445.0
44.0,14.0,40.0,445.0
46.0,14.0,40.0,445.0
48.0,14.0,40.0,445.0
50.0,14.0,40.0,445.0
52.0,14.0,40.0,445.0
54.0,14.0,40.0,445.0
-56.0,16.0,40.0,539.0
-54.0,16.0,40.0,539.0
-52.0,16.0,40.0,539.0
-50.0,16.0,40.0,539.0
-48.0,16.0,40.0,44.0
-46.0,16.0,40.0,44.0
-44.0,16.0,40.0,44.0
-42.0,16.0,40.0,44.0
-40.0,16.0,40.0,44.0
-38.0,16.0,40.0,308.0
-36.0,16.0,40.0,308.0
-34.0,16.0,40.0,308.0
-14.0,16.0,40.0,453.0
-12.0,16.0,40.0,9.0
-10.0,16.0,40.0,9.0
-8.0,16.0,40.0,9.0
-6.0,16.0,40.0,9.0
-4.0,16.0,40.0,9.0
-2.0,16.0,40.0,9.0
0.0,16.0,40.0,9.0
2.0,16.0,40.0,9.0
4.0,16.0,40.0,9.0
6.0,16.0,40.0,9.0
8.0,16.0,40.0,9.0
10.0,16.0,40.0,9.0
32.0,16.0,40.0,167.0
34.0,16.0,40.0,167.0
36.0,16.0,40.0,167.0
38.0,16.0,40.0,533.0
40.0,16.0,40.0,445.0
42.0,16.0,40.0,445.0
44.0,16.0,40.0,445.0
46.0,16.0,40.0,445.0
48.0,16.0,40.0,445.0
50.0,16.0,40.0,445.0
52.0,16.0,40.0,445.0
54.0,16.0,40.0,445.0
-54.0,18.0,40.0,539.0
-52.0,18.0,40.0,539.0
-50.0,18.0,40.0,539.0
-48.0,18.0,40.0,44.0
-46.0,18.0,40.0,44.0
-44.0,18.0,40.0,44.0
-42.0,18.0,40.0,44.0
-40.0,18.0,40.0,44.0
-38.0,18.0,40.0,308.0
-36.0,18.0,40.0,308.0
-34.0,18.0,40.0,308.0
-32.0,18.0,40.0,308.0
-14.0,18.0,40.0,453.0
-12.0,18.0,40.0,160.0
-10.0,18.0,40.0,160.0
-8.0,18.0,40.0,9.0
-6.0,18.0,40.0,9.0
-4.0,18.0,40.0,9.0
-2.0,18.0,40.0,9.0
0.0,18.0,40.0,9.0
2.0,18.0,40.0,9.0
4.0,18.0,40.0,9.0
6.0,18.0,40.0,9.0
8.0,18.0,40.0,9.0
10.0,18.0,40.0,9.0
30.0,18.0,40.0,167.0
32.0,18.0,40.0,167.0
34.0,18.0,40.0,167.0
36.0,18.0,40.0,167.0
38.0,18.0,40.0,167.0
40.0,18.0,40.0,445.0
42.0,18.0,40.0,445.0
44.0,18.0,40.0,445.0
46.0,18.0,40.0,445.0
48.0,18.0,40.0,445.0
50.0,18.0,40.0,445.0
52.0,18.0,40.0,445.0
-54.0,20.0,40.0,539.0
-52.0,20.0,40.0,170.0
-50.0,20.0,40.0,170.0
-48.0,20.0,40.0,170.0
-46.0,20.0,40.0,170.0
-44.0,20.0,40.0,44.0
-42.0,20.0,40.0,44.0
-40.0,20.0,40.0,44.0
-38.0,20.0,40.0,308.0
-36.0,20.0,40.0,308.0
-34.0,20.0,40.0,308.0
-32.0,20.0,40.0,308.0
-14.0,20.0,40.0,453.0
-12.0,20.0,40.0,453.0
-10.0,20.0,40.0,160.0
-8.0,20.0,40.0,160.0
-6.0,20.0,40.0,160.0
-4.0,20.0,40.0,9.0
-2.0,20.0,40.0,9.0
0.0,20.0,40.0,9.0
2.0,20.0,40.0,9.0
4.0,20.0,40.0,9.0
6.0,20.0,40.0,9.0
8.0,20.0,40.0,9.0
10.0,20.0,40.0,9.0
12.0,20.0,40.0,9.0
28.0,20.0,40.0,167.0
30.0,20.0,40.0,167.0
32.0,20.0,40.0,167.0
34.0,20.0,40.0,167.0
36.0,20.0,40.0,167.0
38.0,20.0,40.0,167.0
40.0,20.0,40.0,167.0
42.0,20.0,40.0,445.0
44.0,20.0,40.0,445.0
46.0,20.0,40.0,445.0
48.0,20.0,40.0,445.0
50.0,20.0,40.0,445.0
52.0,20.0,40.0,445.0
-52.0,22.0,40.0,170.0
-50.0,22.0,40.0,170.0
-48.0,22.0,40.0,170.0
-46.0,22.0,40.0,170.0
-44.0,22.0,40.0,170.0
-42.0,22.0,40.0,54.0
-40.0,22.0,40.0,54.0
-38.0,22.0,40.0,54.0
-36.0,22.0,40.0,54.0
-34.0,22.0,40.0,308.0
-32.0,22.0,40.0,308.0
-26.0,22.0,40.0,308.0
-24.0,22.0,40.0,453.0
-12.0,22.0,40.0,453.0
-10.0,22.0,40.0,160.0
-8.0,22.0,40.0,160.0
-6.0,22.0,40.0,160.0
-4.0,22.0,40.0,160.0
-2.0,22.0,40.0,160.0
2.0,22.0,40.0,9.0
4.0,22.0,40.0,9.0
6.0,22.0,40.0,9.0
8.0,22.0,40.0,9.0
10.0,22.0,40.0,9.0
12.0,22.0,40.0,317.0
22.0,22.0,40.0,317.0
24.0,22.0,40.0,167.0
28.0,22.0,40.0,167.0
30.0,22.0,40.0,167.0
32.0,22.0,40.0,167.0
34.0,22.0,40.0,167.0
36.0,22.0,40.0,167.0
38.0,22.0,40.0,167.0
40.0,22.0,40.0,167.0
42.0,22.0,40.0,445.0
44.0,22.0,40.0,445.0
46.0,22.0,40.0,445.0
48.0,22.0,40.0,445.0
50.0,22.0,40.0,445.0
-52.0,24.0,40.0,170.0
-50.0,24.0,40.0,170.0
-48.0,24.0,40.0,170.0
-46.0,24.0,40.0,170.0
-44.0,24.0,40.0,170.0
-42.0,24.0,40.0,54.0
-40.0,24.0,40.0,54.0
-38.0,24.0,40.0,54.0
-36.0,24.0,40.0,54.0
-34.0,24.0,40.0,164.0
-32.0,24.0,40.0,164.0
-28.0,24.0,40.0,164.0
-26.0,24.0,40.0,164.0
-24.0,24.0,40.0,453.0
-22.0,24.0,40.0,453.0
-12.0,24.0,40.0,453.0
-10.0,24.0,40.0,453.0
-8.0,24.0,40.0,217.0
-6.0,24.0,40.0,217.0
-4.0,24.0,40.0,217.0
-2.0,24.0,40.0,217.0
2.0,24.0,40.0,217.0
4.0,24.0,40.0,9.0
6.0,24.0,40.0,9.0
8.0,24.0,40.0,9.0
10.0,24.0,40.0,317.0
12.0,24.0,40.0,317.0
22.0,24.0,40.0,317.0
24.0,24.0,40.0,317.0
26.0,24.0,40.0,167.0
28.0,24.0,40.0,167.0
30.0,24.0,40.0,167.0
32.0,24.0,40.0,167.0
34.0,24.0,40.0,167.0
36.0,24.0,40.0,167.0
38.0,24.0,40.0,167.0
40.0,24.0,40.0,167.0
42.0,24.0,40.0,167.0
44.0,24.0,40.0,445.0
46.0,24.0,40.0,445.0
48.0,24.0,40.0,445.0
50.0,24.0,40.0,445.0
-50.0,26.0,40.0,170.0
-48.0,26.0,40.0,170.0
-46.0,26.0,40.0,170.0
-44.0,26.0,40.0,170.0
-42.0,26.0,40.0,54.0
-40.0,26.0,40.0,54.0
-38.0,26.0,40.0,54.0
-36.0,26.0,40.0,164.0
-34.0,26.0,40.0,164.0
-32.0,26.0,40.0,164.0
-30.0,26.0,40.0,164.0
-28.0,26.0,40.0,164.0
-26.0,26.0,40.0,164.0
-24.0,26.0,40.0,453.0
-22.0,26.0,40.0,453.0
-12.0,26.0,40.0,453.0
-10.0,26.0,40.0,399.0
-8.0,26.0,40.0,217.0
-6.0,26.0,40.0,217.0
-4.0,26.0,40.0,217.0
2.0,26.0,40.0,217.0
4.0,26.0,40.0,217.0
6.0,26.0,40.0,217.0
8.0,26.0,40.0,217.0
10.0,26.0,40.0,317.0
20.0,26.0,40.0,317.0
22.0,26.0,40.0,317.0
24.0,26.0,40.0,317.0
26.0,26.0,40.0,317.0
28.0,26.0,40.0,167.0
30.0,26.0,40.0,167.0
32.0,26.0,40.0,167.0
34.0,26.0,40.0,167.0
36.0,26.0,40.0,167.0
38.0,26.0,40.0,167.0
40.0,26.0,40.0,167.0
42.0,26.0,40.0,167.0
44.0,26.0,40.0,445.0
46.0,26.0,40.0,445.0
48.0,26.0,40.0,445.0
-50.0,28.0,40.0,170.0
-48.0,28.0,40.0,170.0
-46.0,28.0,40.0,170.0
-44.0,28.0,40.0,170.0
-42.0,28.0,40.0,170.0
-40.0,28.0,40.0,54.0
-38.0,28.0,40.0,164.0
-36.0,28.0,40.0,164.0
-34.0,28.0,40.0,164.0
-32.0,28.0,40.0,164.0
-30.0,28.0,40.0,164.0
-28.0,28.0,40.0,386.0
-26.0,28.0,40.0,386.0
-24.0,28.0,40.0,453.0
-22.0,28.0,40.0,453.0
-20.0,28.0,40.0,453.0
-12.0,28.0,40.0,399.0
-10.0,28.0,40.0,399.0
-8.0,28.0,40.0,399.0
-6.0,28.0,40.0,399.0
-4.0,28.0,40.0,217.0
-2.0,28.0,40.0,217.0
2.0,28.0,40.0,217.0
4.0,28.0,40.0,217.0
6.0,28.0,40.0,217.0
8.0,28.0,40.0,217.0
10.0,28.0,40.0,317.0
20.0,28.0,40.0,317.0
22.0,28.0,40.0,317.0
24.0,28.0,40.0,317.0
26.0,28.0,40.0,317.0
28.0,28.0,40.0,317.0
38.0,28.0,40.0,167.0
40.0,28.0,40.0,167.0
42.0,28.0,40.0,391.0
44.0,28.0,40.0,391.0
46.0,28.0,40.0,391.0
-48.0,30.0,40.0,170.0
-46.0,30.0,40.0,170.0
-44.0,30.0,40.0,170.0
-42.0,30.0,40.0,368.0
-40.0,30.0,40.0,164.0
-38.0,30.0,40.0,164.0
-36.0,30.0,40.0,164.0
-34.0,30.0,40.0,164.0
-32.0,30.0,40.0,386.0
-30.0,30.0,40.0,386.0
-28.0,30.0,40.0,386.0
-26.0,30.0,40.0,386.0
-24.0,30.0,40.0,386.0
-22.0,30.0,40.0,453.0
-12.0,30.0,40.0,399.0
-10.0,30.0,40.0,399.0
-8.0,30.0,40.0,399.0
-6.0,30.0,40.0,399.0
-4.0,30.0,40.0,399.0
-2.0,30.0,40.0,399.0
0.0,30.0,40.0,217.0
2.0,30.0,40.0,217.0
4.0,30.0,40.0,217.0
6.0,30.0,40.0,217.0
8.0,30.0,40.0,217.0
10.0,30.0,40.0,317.0
18.0,30.0,40.0,317.0
20.0,30.0,40.0,317.0
22.0,30.0,40.0,317.0
24.0,30.0,40.0,317.0
26.0,30.0,40.0,317.0
28.0,30.0,40.0,317.0
30.0,30.0,40.0,317.0
36.0,30.0,40.0,391.0
38.0,30.0,40.0,391.0
40.0,30.0,40.0,391.0
42.0,30.0,40.0,391.0
44.0,30.0,40.0,391.0
46.0,30.0,40.0,391.0
-46.0,32.0,40.0,170.0
-44.0,32.0,40.0,368.0
-42.0,32.0,40.0,368.0
-40.0,32.0,40.0,368.0
-38.0,32.0,40.0,164.0
-36.0,32.0,40.0,386.0
-34.0,32.0,40.0,386.0
-32.0,32.0,40.0,386.0
-30.0,32.0,40.0,386.0
-28.0,32.0,40.0,386.0
-26.0,32.0,40.0,386.0
-22.0,32.0,40.0,386.0
-10.0,32.0,40.0,399.0
-8.0,32.0,40.0,399.0
-6.0,32.0,40.0,399.0
-4.0,32.0,40.0,399.0
-2.0,32.0,40.0,399.0
0.0,32.0,40.0,399.0
2.0,32.0,40.0,399.0
4.0,32.0,40.0,217.0
6.0,32.0,40.0,217.0
18.0,32.0,40.0,317.0
20.0,32.0,40.0,317.0
22.0,32.0,40.0,317.0
24.0,32.0,40.0,317.0
26.0,32.0,40.0,317.0
28.0,32.0,40.0,317.0
30.0,32.0,40.0,317.0
32.0,32.0,40.0,391.0
34.0,32.0,40.0,391.0
36.0,32.0,40.0,391.0
38.0,32.0,40.0,391.0
40.0,32.0,40.0,391.0
42.0,32.0,40.0,391.0
44.0,32.0,40.0,391.0
-46.0,34.0,40.0,368.0
-44.0,34.0,40.0,368.0
-42.0,34.0,40.0,368.0
-40.0,34.0,40.0,368.0
-38.0,34.0,40.0,386.0
-36.0,34.0,40.0,386.0
-34.0,34.0,40.0,386.0
-32.0,34.0,40.0,386.0
-30.0,34.0,40.0,386.0
-28.0,34.0,40.0,386.0
-26.0,34.0,40.0,386.0
-22.0,34.0,40.0,386.0
-20.0,34.0,40.0,291.0
-10.0,34.0,40.0,399.0
-8.0,34.0,40.0,399.0
-6.0,34.0,40.0,399.0
-4.0,34.0,40.0,399.0
-2.0,34.0,40.0,399.0
0.0,34.0,40.0,399.0
2.0,34.0,40.0,399.0
4.0,34.0,40.0,399.0
6.0,34.0,40.0,399.0
18.0,34.0,40.0,317.0
20.0,34.0,40.0,317.0
22.0,34.0,40.0,317.0
24.0,34.0,40.0,317.0
26.0,34.0,40.0,317.0
28.0,34.0,40.0,317.0
30.0,34.0,40.0,391.0
32.0,34.0,40.0,391.0
34.0,34.0,40.0,391.0
36.0,34.0,40.0,391.0
38.0,34.0,40.0,391.0
40.0,34.0,40.0,391.0
42.0,34.0,40.0,391.0
-44.0,36.0,40.0,368.0
-42.0,36.0,40.0,368.0
-40.0,36.0,40.0,416.0
-38.0,36.0,40.0,416.0
-36.0,36.0,40.0,386.0
-34.0,36.0,40.0,386.0
-32.0,36.0,40.0,386.0
-30.0,36.0,40.0,386.0
-28.0,36.0,40.0,386.0
-24.0,36.0,40.0,291.0
-22.0,36.0,40.0,291.0
-20.0,36.0,40.0,291.0
-10.0,36.0,40.0,399.0
-8.0,36.0,40.0,399.0
-6.0,36.0,40.0,399.0
-4.0,36.0,40.0,399.0
-2.0,36.0,40.0,399.0
0.0,36.0,40.0,399.0
2.0,36.0,40.0,399.0
4.0,36.0,40.0,399.0
6.0,36.0,40.0,218.0
8.0,36.0,40.0,218.0
16.0,36.0,40.0,317.0
18.0,36.0,40.0,317.0
20.0,36.0,40.0,317.0
22.0,36.0,40.0,317.0
24.0,36.0,40.0,317.0
26.0,36.0,40.0,317.0
28.0,36.0,40.0,391.0
30.0,36.0,40.0,391.0
32.0,36.0,40.0,391.0
34.0,36.0,40.0,391.0
36.0,36.0,40.0,391.0
38.0,36.0,40.0,391.0
40.0,36.0,40.0,391.0
-42.0,38.0,40.0,415.0
-40.0,38.0,40.0,416.0
-38.0,38.0,40.0,416.0
-36.0,38.0,40.0,416.0
-34.0,38.0,40.0,416.0
-32.0,38.0,40.0,386.0
-30.0,38.0,40.0,386.0
-28.0,38.0,40.0,386.0
-24.0,38.0,40.0,291.0
-22.0,38.0,40.0,291.0
-20.0,38.0,40.0,291.0
-18.0,38.0,40.0,291.0
-10.0,38.0,40.0,399.0
-8.0,38.0,40.0,399.0
-6.0,38.0,40.0,399.0
-4.0,38.0,40.0,399.0
-2.0,38.0,40.0,399.0
0.0,38.0,40.0,399.0
2.0,38.0,40.0,399.0
4.0,38.0,40.0,399.0
6.0,38.0,40.0,218.0
8.0,38.0,40.0,218.0
10.0,38.0,40.0,218.0
16.0,38.0,40.0,317.0
18.0,38.0,40.0,317.0
20.0,38.0,40.0,317.0
22.0,38.0,40.0,317.0
24.0,38.0,40.0,317.0
26.0,38.0,40.0,391.0
28.0,38.0,40.0,391.0
30.0,38.0,40.0,391.0
32.0,38.0,40.0,391.0
34.0,38.0,40.0,391.0
36.0,38.0,40.0,391.0
38.0,38.0,40.0,391.0
-40.0,40.0,40.0,416.0
-38.0,40.0,40.0,416.0
-36.0,40.0,40.0,416.0
-34.0,40.0,40.0,416.0
-32.0,40.0,40.0,416.0
-30.0,40.0,40.0,416.0
-28.0,40.0,40.0,291.0
-26.0,40.0,40.0,291.0
-24.0,40.0,40.0,291.0
-22.0,40.0,40.0,291.0
-20.0,40.0,40.0,291.0
-18.0,40.0,40.0,291.0
-10.0,40.0,40.0,399.0
-8.0,40.0,40.0,399.0
-6.0,40.0,40.0,399.0
-4.0,40.0,40.0,399.0
-2.0,40.0,40.0,399.0
2.0,40.0,40.0,399.0
4.0,40.0,40.0,399.0
6.0,40.0,40.0,218.0
8.0,40.0,40.0,218.0
10.0,40.0,40.0,218.0
16.0,40.0,40.0,317.0
18.0,40.0,40.0,317.0
20.0,40.0,40.0,317.0
22.0,40.0,40.0,317.0
24.0,40.0,40.0,391.0
26.0,40.0,40.0,391.0
28.0,40.0,40.0,391.0
30.0,40.0,40.0,391.0
32.0,40.0,40.0,391.0
34.0,40.0,40.0,391.0
36.0,40.0,40.0,391.0
38.0,40.0,40.0,391.0
-38.0,42.0,40.0,416.0
-36.0,42.0,40.0,416.0
-34.0,42.0,40.0,416.0
-32.0,42.0,40.0,416.0
-30.0,42.0,40.0,291.0
-28.0,42.0,40.0,291.0
-26.0,42.0,40.0,291.0
-24.0,42.0,40.0,291.0
-22.0,42.0,40.0,291.0
-20.0,42.0,40.0,291.0
-18.0,42.0,40.0,291.0
-16.0,42.0,40.0,399.0
-10.0,42.0,40.0,399.0
-8.0,42.0,40.0,399.0
-6.0,42.0,40.0,399.0
-4.0,42.0,40.0,399.0
-2.0,42.0,40.0,399.0
2.0,42.0,40.0,399.0
4.0,42.0,40.0,218.0
6.0,42.0,40.0,218.0
8.0,42.0,40.0,218.0
10.0,42.0,40.0,218.0
16.0,42.0,40.0,218.0
18.0,42.0,40.0,317.0
20.0,42.0,40.0,317.0
22.0,42.0,40.0,391.0
24.0,42.0,40.0,391.0
26.0,42.0,40.0,391.0
28.0,42.0,40.0,391.0
30.0,42.0,40.0,391.0
32.0,42.0,40.0,391.0
34.0,42.0,40.0,391.0
36.0,42.0,40.0,391.0
-36.0,44.0,40.0,416.0
-34.0,44.0,40.0,416.0
-32.0,44.0,40.0,416.0
-30.0,44.0,40.0,291.0
-28.0,44.0,40.0,291.0
-26.0,44.0,40.0,291.0
-24.0,44.0,40.0,291.0
-22.0,44.0,40.0,291.0
-20.0,44.0,40.0,291.0
-18.0,44.0,40.0,291.0
-16.0,44.0,40.0,281.0
-8.0,44.0,40.0,399.0
-6.0,44.0,40.0,399.0
-4.0,44.0,40.0,399.0
-2.0,44.0,40.0,399.0
2.0,44.0,40.0,399.0
4.0,44.0,40.0,218.0
6.0,44.0,40.0,218.0
8.0,44.0,40.0,218.0
10.0,44.0,40.0,218.0
16.0,44.0,40.0,218.0
18.0,44.0,40.0,317.0
20.0,44.0,40.0,391.0
22.0,44.0,40.0,391.0
24.0,44.0,40.0,391.0
26.0,44.0,40.0,391.0
28.0,44.0,40.0,391.0
30.0,44.0,40.0,391.0
32.0,44.0,40.0,391.0
34.0,44.0,40.0,391.0
-34.0,46.0,40.0,416.0
-32.0,46.0,40.0,416.0
-30.0,46.0,40.0,291.0
-28.0,46.0,40.0,291.0
-26.0,46.0,40.0,291.0
-24.0,46.0,40.0,291.0
-22.0,46.0,40.0,291.0
-20.0,46.0,40.0,291.0
-18.0,46.0,40.0,281.0
-16.0,46.0,40.0,281.0
-14.0,46.0,40.0,281.0
-8.0,46.0,40.0,399.0
-6.0,46.0,40.0,399.0
-4.0,46.0,40.0,399.0
-2.0,46.0,40.0,399.0
2.0,46.0,40.0,399.0
4.0,46.0,40.0,218.0
6.0,46.0,40.0,218.0
8.0,46.0,40.0,218.0
10.0,46.0,40.0,218.0
12.0,46.0,40.0,218.0
14.0,46.0,40.0,218.0
16.0,46.0,40.0,218.0
18.0,46.0,40.0,256.0
20.0,46.0,40.0,391.0
22.0,46.0,40.0,391.0
24.0,46.0,40.0,391.0
-32.0,48.0,40.0,291.0
-30.0,48.0,40.0,291.0
-28.0,48.0,40.0,291.0
-26.0,48.0,40.0,291.0
-24.0,48.0,40.0,291.0
-22.0,48.0,40.0,291.0
-20.0,48.0,40.0,281.0
-18.0,48.0,40.0,281.0
-16.0,48.0,40.0,281.0
-14.0,48.0,40.0,281.0
-12.0,48.0,40.0,281.0
-8.0,48.0,40.0,399.0
-6.0,48.0,40.0,399.0
-4.0,48.0,40.0,399.0
-2.0,48.0,40.0,399.0
2.0,48.0,40.0,218.0
4.0,48.0,40.0,218.0
6.0,48.0,40.0,218.0
8.0,48.0,40.0,218.0
10.0,48.0,40.0,218.0
12.0,48.0,40.0,218.0
14.0,48.0,40.0,256.0
16.0,48.0,40.0,256.0
18.0,48.0,40.0,256.0
20.0,48.0,40.0,256.0
22.0,48.0,40.0,391.0
24.0,48.0,40.0,391.0
-30.0,50.0,40.0,291.0
-28.0,50.0,40.0,291.0
-26.0,50.0,40.0,23.0
-24.0,50.0,40.0,23.0
-22.0,50.0,40.0,23.0
-20.0,50.0,40.0,281.0
-18.0,50.0,40.0,281.0
-16.0,50.0,40.0,281.0
-14.0,50.0,40.0,281.0
-12.0,50.0,40.0,281.0
-10.0,50.0,40.0,458.0
-8.0,50.0,40.0,458.0
-6.0,50.0,40.0,458.0
-4.0,50.0,40.0,458.0
-2.0,50.0,40.0,458.0
2.0,50.0,40.0,218.0
4.0,50.0,40.0,218.0
6.0,50.0,40.0,218.0
8.0,50.0,40.0,218.0
10.0,50.0,40.0,256.0
12.0,50.0,40.0,256.0
14.0,50.0,40.0,256.0
16.0,50.0,40.0,256.0
18.0,50.0,40.0,256.0
20.0,50.0,40.0,256.0
22.0,50.0,40.0,256.0
24.0,50.0,40.0,391.0
-26.0,52.0,40.0,23.0
-24.0,52.0,40.0,23.0
-22.0,52.0,40.0,281.0
-20.0,52.0,40.0,281.0
-18.0,52.0,40.0,281.0
-16.0,52.0,40.0,281.0
-14.0,52.0,40.0,281.0
-12.0,52.0,40.0,281.0
-10.0,52.0,40.0,458.0
-8.0,52.0,40.0,458.0
-6.0,52.0,40.0,458.0
-4.0,52.0,40.0,458.0
-2.0,52.0,40.0,458.0
2.0,52.0,40.0,218.0
4.0,52.0,40.0,256.0
6.0,52.0,40.0,256.0
8.0,52.0,40.0,256.0
10.0,52.0,40.0,256.0
12.0,52.0,40.0,256.0
14.0,52.0,40.0,256.0
16.0,52.0,40.0,256.0
18.0,52.0,40.0,256.0
20.0,52.0,40.0,256.0
22.0,52.0,40.0,256.0
-24.0,54.0,40.0,23.0
-22.0,54.0,40.0,281.0
-20.0,54.0,40.0,281.0
-18.0,54.0,40.0,281.0
-16.0,54.0,40.0,281.0
-14.0,54.0,40.0,281.0
-12.0,54.0,40.0,458.0
-10.0,54.0,40.0,458.0
-8.0,54.0,40.0,458.0
-6.0,54.0,40.0,458.0
-4.0,54.0,40.0,458.0
-2.0,54.0,40.0,458.0
2.0,54.0,40.0,256.0
4.0,54.0,40.0,256.0
6.0,54.0,40.0,256.0
10.0,54.0,40.0,256.0
12.0,54.0,40.0,256.0
14.0,54.0,40.0,256.0
16.0,54.0,40.0,256.0
18.0,54.0,40.0,256.0
20.0,54.0,40.0,256.0
-18.0,56.0,40.0,281.0
-16.0,56.0,40.0,281.0
-14.0,56.0,40.0,281.0
-12.0,56.0,40.0,458.0
-10.0,56.0,40.0,458.0
-8.0,56.0,40.0,458.0
-6.0,56.0,40.0,458.0
-4.0,56.0,40.0,458.0
4.0,56.0,40.0,256.0
6.0,56.0,40.0,256.0
8.0,56.0,40.0,256.0
10.0,56.0,40.0,256.0
12.0,56.0,40.0,256.0
14.0,56.0,40.0,256.0
16.0,56.0,40.0,256.0
-14.0,58.0,40.0,458.0
-12.0,58.0,40.0,458.0
-10.0,58.0,40.0,458.0
-8.0,58.0,40.0,458.0
-6.0,58.0,40.0,458.0
-4.0,58.0,40.0,458.0
4.0,58.0,40.0,256.0
6.0,58.0,40.0,256.0
8.0,58.0,40.0,256.0
10.0,58.0,40.0,256.0
12.0,58.0,40.0,256.0
-12.0,-90.0,42.0,148.0
10.0,-90.0,42.0,565.0
12.0,-90.0,42.0,565.0
14.0,-90.0,42.0,135.0
-24.0,-88.0,42.0,41.0
-22.0,-88.0,42.0,41.0
-20.0,-88.0,42.0,41.0
-18.0,-88.0,42.0,41.0
-16.0,-88.0,42.0,550.0
-14.0,-88.0,42.0,550.0
-12.0,-88.0,42.0,148.0
-10.0,-88.0,42.0,148.0
-8.0,-88.0,42.0,148.0
6.0,-88.0,42.0,449.0
8.0,-88.0,42.0,565.0
10.0,-88.0,42.0,565.0
12.0,-88.0,42.0,135.0
14.0,-88.0,42.0,135.0
16.0,-88.0,42.0,135.0
18.0,-88.0,42.0,135.0
20.0,-88.0,42.0,135.0
22.0,-88.0,42.0,135.0
24.0,-88.0,42.0,135.0
-28.0,-86.0,42.0,41.0
-26.0,-86.0,42.0,41.0
-24.0,-86.0,42.0,41.0
-22.0,-86.0,42.0,41.0
-20.0,-86.0,42.0,41.0
-18.0,-86.0,42.0,41.0
-16.0,-86.0,42.0,550.0
-14.0,-86.0,42.0,550.0
-12.0,-86.0,42.0,550.0
-10.0,-86.0,42.0,148.0
-8.0,-86.0,42.0,148.0
-6.0,-86.0,42.0,449.0
4.0,-86.0,42.0,449.0
6.0,-86.0,42.0,449.0
8.0,-86.0,42.0,186.0
10.0,-86.0,42.0,186.0
12.0,-86.0,42.0,186.0
14.0,-86.0,42.0,135.0
16.0,-86.0,42.0,135.0
18.0,-86.0,42.0,135.0
20.0,-86.0,42.0,135.0
22.0,-86.0,42.0,135.0
24.0,-86.0,42.0,135.0
26.0,-86.0,42.0,135.0
28.0,-86.0,42.0,135.0
-28.0,-84.0,42.0,41.0
-26.0,-84.0,42.0,41.0
-24.0,-84.0,42.0,41.0
-22.0,-84.0,42.0,41.0
-20.0,-84.0,42.0,41.0
-18.0,-84.0,42.0,550.0
-16.0,-84.0,42.0,550.0
-14.0,-84.0,42.0,550.0
-12.0,-84.0,42.0,550.0
-10.0,-84.0,42.0,550.0
-8.0,-84.0,42.0,550.0
-6.0,-84.0,42.0,449.0
2.0,-84.0,42.0,449.0
4.0,-84.0,42.0,302.0
6.0,-84.0,42.0,302.0
8.0,-84.0,42.0,186.0
10.0,-84.0,42.0,186.0
12.0,-84.0,42.0,186.0
14.0,-84.0,42.0,135.0
16.0,-84.0,42.0,135.0
18.0,-84.0,42.0,135.0
20.0,-84.0,42.0,135.0
22.0,-84.0,42.0,135.0
24.0,-84.0,42.0,135.0
26.0,-84.0,42.0,135.0
28.0,-84.0,42.0,135.0
30.0,-84.0,42.0,135.0
32.0,-84.0,42.0,135.0
34.0,-84.0,42.0,254.0
-36.0,-82.0,42.0,556.0
-34.0,-82.0,42.0,556.0
-32.0,-82.0,42.0,556.0
-18.0,-82.0,42.0,550.0
-16.0,-82.0,42.0,550.0
-14.0,-82.0,42.0,550.0
-12.0,-82.0,42.0,550.0
-10.0,-82.0,42.0,550.0
-8.0,-82.0,42.0,550.0
-6.0,-82.0,42.0,449.0
0.0,-82.0,42.0,302.0
2.0,-82.0,42.0,302.0
4.0,-82.0,42.0,302.0
6.0,-82.0,42.0,186.0
8.0,-82.0,42.0,186.0
10.0,-82.0,42.0,186.0
12.0,-82.0,42.0,186.0
14.0,-82.0,42.0,135.0
16.0,-82.0,42.0,135.0
18.0,-82.0,42.0,135.0
20.0,-82.0,42.0,135.0
22.0,-82.0,42.0,135.0
24.0,-82.0,42.0,135.0
26.0,-82.0,42.0,135.0
28.0,-82.0,42.0,135.0
30.0,-82.0,42.0,135.0
32.0,-82.0,42.0,254.0
34.0,-82.0,42.0,254.0
36.0,-82.0,42.0,254.0
-38.0,-80.0,42.0,556.0
-36.0,-80.0,42.0,556.0
-34.0,-80.0,42.0,556.0
-32.0,-80.0,42.0,556.0
-30.0,-80.0,42.0,556.0
-28.0,-80.0,42.0,41.0
-26.0,-80.0,42.0,41.0
-24.0,-80.0,42.0,41.0
-22.0,-80.0,42.0,550.0
-8.0,-80.0,42.0,550.0
-6.0,-80.0,42.0,302.0
0.0,-80.0,42.0,302.0
2.0,-80.0,42.0,302.0
4.0,-80.0,42.0,302.0
6.0,-80.0,42.0,186.0
8.0,-80.0,42.0,186.0
10.0,-80.0,42.0,186.0
12.0,-80.0,42.0,186.0
14.0,-80.0,42.0,186.0
16.0,-80.0,42.0,135.0
18.0,-80.0,42.0,135.0
20.0,-80.0,42.0,135.0
22.0,-80.0,42.0,135.0
24.0,-80.0,42.0,135.0
26.0,-80.0,42.0,135.0
28.0,-80.0,42.0,135.0
30.0,-80.0,42.0,254.0
32.0,-80.0,42.0,254.0
34.0,-80.0,42.0,254.0
36.0,-80.0,42.0,254.0
38.0,-80.0,42.0,254.0
-42.0,-78.0,42.0,556.0
-40.0,-78.0,42.0,556.0
-38.0,-78.0,42.0,556.0
-36.0,-78.0,42.0,556.0
-34.0,-78.0,42.0,556.0
-32.0,-78.0,42.0,556.0
-30.0,-78.0,42.0,556.0
-28.0,-78.0,42.0,353.0
-26.0,-78.0,42.0,353.0
-24.0,-78.0,42.0,353.0
-22.0,-78.0,42.0,353.0
-16.0,-78.0,42.0,550.0
-14.0,-78.0,42.0,550.0
-12.0,-78.0,42.0,550.0
2.0,-78.0,42.0,302.0
4.0,-78.0,42.0,515.0
6.0,-78.0,42.0,186.0
8.0,-78.0,42.0,186.0
10.0,-78.0,42.0,186.0
12.0,-78.0,42.0,186.0
14.0,-78.0,42.0,186.0
16.0,-78.0,42.0,135.0
18.0,-78.0,42.0,135.0
20.0,-78.0,42.0,135.0
22.0,-78.0,42.0,135.0
28.0,-78.0,42.0,135.0
30.0,-78.0,42.0,254.0
32.0,-78.0,42.0,254.0
34.0,-78.0,42.0,254.0
36.0,-78.0,42.0,254.0
38.0,-78.0,42.0,254.0
40.0,-78.0,42.0,254.0
42.0,-78.0,42.0,254.0
-44.0,-76.0,42.0,556.0
-42.0,-76.0,42.0,556.0
-40.0,-76.0,42.0,556.0
-38.0,-76.0,42.0,556.0
-36.0,-76.0,42.0,556.0
-34.0,-76.0,42.0,556.0
-32.0,-76.0,42.0,556.0
-30.0,-76.0,42.0,556.0
-28.0,-76.0,42.0,353.0
-26.0,-76.0,42.0,353.0
-24.0,-76.0,42.0,353.0
-22.0,-76.0,42.0,353.0
-20.0,-76.0,42.0,353.0
-18.0,-76.0,42.0,353.0
-16.0,-76.0,42.0,353.0
-14.0,-76.0,42.0,550.0
-12.0,-76.0,42.0,550.0
-10.0,-76.0,42.0,550.0
0.0,-76.0,42.0,515.0
2.0,-76.0,42.0,515.0
4.0,-76.0,42.0,515.0
6.0,-76.0,42.0,515.0
10.0,-76.0,42.0,186.0
12.0,-76.0,42.0,186.0
14.0,-76.0,42.0,186.0
16.0,-76.0,42.0,135.0
18.0,-76.0,42.0,135.0
20.0,-76.0,42.0,135.0
24.0,-76.0,42.0,135.0
26.0,-76.0,42.0,135.0
28.0,-76.0,42.0,254.0
30.0,-76.0,42.0,254.0
32.0,-76.0,42.0,254.0
34.0,-76.0,42.0,254.0
36.0,-76.0,42.0,254.0
38.0,-76.0,42.0,254.0
40.0,-76.0,42.0,254.0
42.0,-76.0,42.0,254.0
44.0,-76.0,42.0,254.0
-46.0,-74.0,42.0,556.0
-44.0,-74.0,42.0,556.0
-42.0,-74.0,42.0,556.0
-40.0,-74.0,42.0,556.0
-38.0,-74.0,42.0,556.0
-36.0,-74.0,42.0,556.0
-34.0,-74.0,42.0,556.0
-32.0,-74.0,42.0,556.0
-30.0,-74.0,42.0,128.0
-28.0,-74.0,42.0,353.0
-26.0,-74.0,42.0,353.0
-24.0,-74.0,42.0,353.0
-22.0,-74.0,42.0,353.0
-20.0,-74.0,42.0,353.0
-18.0,-74.0,42.0,353.0
-16.0,-74.0,42.0,353.0
-14.0,-74.0,42.0,353.0
-12.0,-74.0,42.0,353.0
-10.0,-74.0,42.0,493.0
-8.0,-74.0,42.0,155.0
-6.0,-74.0,42.0,155.0
0.0,-74.0,42.0,515.0
2.0,-74.0,42.0,515.0
4.0,-74.0,42.0,515.0
6.0,-74.0,42.0,515.0
8.0,-74.0,42.0,515.0
10.0,-74.0,42.0,186.0
14.0,-74.0,42.0,186.0
16.0,-74.0,42.0,186.0
18.0,-74.0,42.0,135.0
20.0,-74.0,42.0,135.0
24.0,-74.0,42.0,135.0
26.0,-74.0,42.0,135.0
28.0,-74.0,42.0,254.0
30.0,-74.0,42.0,254.0
32.0,-74.0,42.0,254.0
34.0,-74.0,42.0,254.0
36.0,-74.0,42.0,254.0
38.0,-74.0,42.0,254.0
40.0,-74.0,42.0,254.0
42.0,-74.0,42.0,254.0
44.0,-74.0,42.0,254.0
46.0,-74.0,42.0,254.0
-48.0,-72.0,42.0,556.0
-46.0,-72.0,42.0,556.0
-44.0,-72.0,42.0,556.0
-42.0,-72.0,42.0,556.0
-40.0,-72.0,42.0,556.0
-38.0,-72.0,42.0,556.0
-36.0,-72.0,42.0,556.0
-34.0,-72.0,42.0,556.0
-32.0,-72.0,42.0,128.0
-30.0,-72.0,42.0,128.0
-28.0,-72.0,42.0,128.0
-26.0,-72.0,42.0,353.0
-24.0,-72.0,42.0,353.0
-22.0,-72.0,42.0,353.0
-20.0,-72.0,42.0,353.0
-18.0,-72.0,42.0,353.0
-16.0,-72.0,42.0,353.0
-14.0,-72.0,42.0,353.0
-12.0,-72.0,42.0,493.0
-10.0,-72.0,42.0,493.0
-8.0,-72.0,42.0,155.0
-6.0,-72.0,42.0,155.0
-4.0,-72.0,42.0,515.0
0.0,-72.0,42.0,515.0
2.0,-72.0,42.0,515.0
4.0,-72.0,42.0,515.0
6.0,-72.0,42.0,515.0
8.0,-72.0,42.0,515.0
10.0,-72.0,42.0,515.0
12.0,-72.0,42.0,186.0
16.0,-72.0,42.0,580.0
18.0,-72.0,42.0,580.0
20.0,-72.0,42.0,135.0
22.0,-72.0,42.0,135.0
24.0,-72.0,42.0,135.0
26.0,-72.0,42.0,254.0
28.0,-72.0,42.0,254.0
30.0,-72.0,42.0,254.0
32.0,-72.0,42.0,254.0
34.0,-72.0,42.0,254.0
36.0,-72.0,42.0,254.0
38.0,-72.0,42.0,254.0
40.0,-72.0,42.0,254.0
42.0,-72.0,42.0,254.0
44.0,-72.0,42.0,254.0
46.0,-72.0,42.0,254.0
48.0,-72.0,42.0,254.0
-50.0,-70.0,42.0,556.0
-48.0,-70.0,42.0,556.0
-46.0,-70.0,42.0,556.0
-44.0,-70.0,42.0,556.0
-42.0,-70.0,42.0,556.0
-40.0,-70.0,42.0,556.0
-38.0,-70.0,42.0,556.0
-36.0,-70.0,42.0,556.0
-34.0,-70.0,42.0,128.0
-32.0,-70.0,42.0,128.0
-30.0,-70.0,42.0,128.0
-28.0,-70.0,42.0,128.0
-26.0,-70.0,42.0,353.0
-24.0,-70.0,42.0,353.0
-22.0,-70.0,42.0,353.0
-20.0,-70.0,42.0,353.0
-18.0,-70.0,42.0,353.0
-16.0,-70.0,42.0,353.0
-14.0,-70.0,42.0,493.0
-12.0,-70.0,42.0,493.0
-10.0,-70.0,42.0,493.0
-8.0,-70.0,42.0,493.0
-6.0,-70.0,42.0,155.0
-4.0,-70.0,42.0,515.0
0.0,-70.0,42.0,515.0
2.0,-70.0,42.0,515.0
4.0,-70.0,42.0,515.0
6.0,-70.0,42.0,515.0
8.0,-70.0,42.0,515.0
10.0,-70.0,42.0,515.0
12.0,-70.0,42.0,580.0
14.0,-70.0,42.0,580.0
16.0,-70.0,42.0,580.0
18.0,-70.0,42.0,580.0
20.0,-70.0,42.0,580.0
22.0,-70.0,42.0,580.0
24.0,-70.0,42.0,580.0
26.0,-70.0,42.0,254.0
28.0,-70.0,42.0,254.0
30.0,-70.0,42.0,254.0
32.0,-70.0,42.0,254.0
34.0,-70.0,42.0,254.0
36.0,-70.0,42.0,254.0
38.0,-70.0,42.0,254.0
40.0,-70.0,42.0,254.0
42.0,-70.0,42.0,254.0
44.0,-70.0,42.0,254.0
46.0,-70.0,42.0,254.0
48.0,-70.0,42.0,254.0
50.0,-70.0,42.0,254.0
-52.0,-68.0,42.0,595.0
-50.0,-68.0,42.0,556.0
-48.0,-68.0,42.0,556.0
-46.0,-68.0,42.0,556.0
-44.0,-68.0,42.0,556.0
-42.0,-68.0,42.0,556.0
-40.0,-68.0,42.0,556.0
-38.0,-68.0,42.0,556.0
-36.0,-68.0,42.0,128.0
-34.0,-68.0,42.0,128.0
-32.0,-68.0,42.0,128.0
-30.0,-68.0,42.0,128.0
-28.0,-68.0,42.0,128.0
-26.0,-68.0,42.0,128.0
-24.0,-68.0,42.0,353.0
-22.0,-68.0,42.0,353.0
-20.0,-68.0,42.0,353.0
-18.0,-68.0,42.0,353.0
-16.0,-68.0,42.0,493.0
-14.0,-68.0,42.0,493.0
-12.0,-68.0,42.0,493.0
-10.0,-68.0,42.0,493.0
-8.0,-68.0,42.0,493.0
-6.0,-68.0,42.0,433.0
-4.0,-68.0,42.0,433.0
-2.0,-68.0,42.0,515.0
0.0,-68.0,42.0,515.0
2.0,-68.0,42.0,515.0
4.0,-68.0,42.0,515.0
6.0,-68.0,42.0,515.0
8.0,-68.0,42.0,515.0
10.0,-68.0,42.0,515.0
12.0,-68.0,42.0,580.0
14.0,-68.0,42.0,580.0
16.0,-68.0,42.0,580.0
18.0,-68.0,42.0,580.0
20.0,-68.0,42.0,580.0
22.0,-68.0,42.0,580.0
24.0,-68.0,42.0,580.0
26.0,-68.0,42.0,254.0
28.0,-68.0,42.0,254.0
30.0,-68.0,42.0,254.0
32.0,-68.0,42.0,254.0
34.0,-68.0,42.0,254.0
36.0,-68.0,42.0,254.0
38.0,-68.0,42.0,254.0
40.0,-68.0,42.0,254.0
42.0,-68.0,42.0,254.0
44.0,-68.0,42.0,254.0
46.0,-68.0,42.0,254.0
48.0,-68.0,42.0,254.0
50.0,-68.0,42.0,254.0
52.0,-68.0,42.0,159.0
-54.0,-66.0,42.0,600.0
-52.0,-66.0,42.0,600.0
-50.0,-66.0,42.0,411.0
-48.0,-66.0,42.0,411.0
-46.0,-66.0,42.0,411.0
-44.0,-66.0,42.0,411.0
-42.0,-66.0,42.0,411.0
-40.0,-66.0,42.0,411.0
-38.0,-66.0,42.0,411.0
-36.0,-66.0,42.0,128.0
-34.0,-66.0,42.0,128.0
-32.0,-66.0,42.0,128.0
-30.0,-66.0,42.0,128.0
-28.0,-66.0,42.0,128.0
-26.0,-66.0,42.0,128.0
-24.0,-66.0,42.0,128.0
-22.0,-66.0,42.0,295.0
-20.0,-66.0,42.0,295.0
-18.0,-66.0,42.0,493.0
-16.0,-66.0,42.0,493.0
-14.0,-66.0,42.0,493.0
-12.0,-66.0,42.0,493.0
-10.0,-66.0,42.0,493.0
-8.0,-66.0,42.0,493.0
-6.0,-66.0,42.0,433.0
-4.0,-66.0,42.0,433.0
0.0,-66.0,42.0,515.0
2.0,-66.0,42.0,515.0
4.0,-66.0,42.0,515.0
6.0,-66.0,42.0,515.0
8.0,-66.0,42.0,515.0
10.0,-66.0,42.0,580.0
12.0,-66.0,42.0,580.0
14.0,-66.0,42.0,580.0
16.0,-66.0,42.0,580.0
18.0,-66.0,42.0,580.0
20.0,-66.0,42.0,580.0
22.0,-66.0,42.0,580.0
24.0,-66.0,42.0,580.0
26.0,-66.0,42.0,501.0
28.0,-66.0,42.0,501.0
30.0,-66.0,42.0,88.0
32.0,-66.0,42.0,88.0
34.0,-66.0,42.0,88.0
36.0,-66.0,42.0,88.0
38.0,-66.0,42.0,88.0
40.0,-66.0,42.0,88.0
42.0,-66.0,42.0,88.0
44.0,-66.0,42.0,88.0
46.0,-66.0,42.0,88.0
48.0,-66.0,42.0,58.0
50.0,-66.0,42.0,410.0
52.0,-66.0,42.0,410.0
54.0,-66.0,42.0,410.0
-54.0,-64.0,42.0,600.0
-52.0,-64.0,42.0,600.0
-50.0,-64.0,42.0,411.0
-48.0,-64.0,42.0,411.0
-46.0,-64.0,42.0,411.0
-44.0,-64.0,42.0,411.0
-42.0,-64.0,42.0,411.0
-40.0,-64.0,42.0,411.0
-38.0,-64.0,42.0,411.0
-36.0,-64.0,42.0,128.0
-34.0,-64.0,42.0,128.0
-32.0,-64.0,42.0,128.0
-30.0,-64.0,42.0,128.0
-28.0,-64.0,42.0,128.0
-26.0,-64.0,42.0,128.0
-24.0,-64.0,42.0,128.0
-22.0,-64.0,42.0,295.0
-20.0,-64.0,42.0,295.0
-18.0,-64.0,42.0,493.0
-16.0,-64.0,42.0,493.0
-14.0,-64.0,42.0,493.0
-12.0,-64.0,42.0,493.0
-10.0,-64.0,42.0,493.0
-8.0,-64.0,42.0,56.0
-6.0,-64.0,42.0,433.0
-4.0,-64.0,42.0,433.0
0.0,-64.0,42.0,433.0
2.0,-64.0,42.0,515.0
4.0,-64.0,42.0,515.0
6.0,-64.0,42.0,515.0
8.0,-64.0,42.0,515.0
10.0,-64.0,42.0,580.0
12.0,-64.0,42.0,580.0
14.0,-64.0,42.0,580.0
16.0,-64.0,42.0,580.0
18.0,-64.0,42.0,580.0
20.0,-64.0,42.0,580.0
22.0,-64.0,42.0,580.0
24.0,-64.0,42.0,501.0
26.0,-64.0,42.0,501.0
28.0,-64.0,42.0,501.0
30.0,-64.0,42.0,501.0
32.0,-64.0,42.0,88.0
34.0,-64.0,42.0,88.0
36.0,-64.0,42.0,88.0
38.0,-64.0,42.0,88.0
40.0,-64.0,42.0,88.0
42.0,-64.0,42.0,88.0
44.0,-64.0,42.0,58.0
46.0,-64.0,42.0,58.0
48.0,-64.0,42.0,58.0
50.0,-64.0,42.0,410.0
52.0,-64.0,42.0,410.0
54.0,-64.0,42.0,410.0
-56.0,-62.0,42.0,600.0
-54.0,-62.0,42.0,600.0
-52.0,-62.0,42.0,600.0
-50.0,-62.0,42.0,411.0
-48.0,-62.0,42.0,411.0
-46.0,-62.0,42.0,411.0
-44.0,-62.0,42.0,411.0
-42.0,-62.0,42.0,411.0
-40.0,-62.0,42.0,411.0
-38.0,-62.0,42.0,411.0
-36.0,-62.0,42.0,411.0
-34.0,-62.0,42.0,128.0
-32.0,-62.0,42.0,128.0
-30.0,-62.0,42.0,128.0
-28.0,-62.0,42.0,128.0
-26.0,-62.0,42.0,128.0
-24.0,-62.0,42.0,128.0
-22.0,-62.0,42.0,295.0
-18.0,-62.0,42.0,295.0
-16.0,-62.0,42.0,493.0
-14.0,-62.0,42.0,493.0
-12.0,-62.0,42.0,493.0
-10.0,-62.0,42.0,493.0
-8.0,-62.0,42.0,56.0
-6.0,-62.0,42.0,433.0
-4.0,-62.0,42.0,433.0
0.0,-62.0,42.0,433.0
2.0,-62.0,42.0,433.0
4.0,-62.0,42.0,515.0
6.0,-62.0,42.0,515.0
8.0,-62.0,42.0,580.0
10.0,-62.0,42.0,580.0
12.0,-62.0,42.0,580.0
14.0,-62.0,42.0,580.0
16.0,-62.0,42.0,580.0
18.0,-62.0,42.0,580.0
20.0,-62.0,42.0,580.0
22.0,-62.0,42.0,580.0
24.0,-62.0,42.0,501.0
26.0,-62.0,42.0,501.0
28.0,-62.0,42.0,501.0
30.0,-62.0,42.0,501.0
32.0,-62.0,42.0,501.0
34.0,-62.0,42.0,501.0
36.0,-62.0,42.0,88.0
38.0,-62.0,42.0,88.0
40.0,-62.0,42.0,58.0
42.0,-62.0,42.0,58.0
44.0,-62.0,42.0,58.0
46.0,-62.0,42.0,58.0
48.0,-62.0,42.0,58.0
50.0,-62.0,42.0,410.0
52.0,-62.0,42.0,410.0
54.0,-62.0,42.0,410.0
56.0,-62.0,42.0,410.0
-58.0,-60.0,42.0,600.0
-56.0,-60.0,42.0,600.0
-54.0,-60.0,42.0,600.0
-52.0,-60.0,42.0,600.0
-50.0,-60.0,42.0,411.0
-48.0,-60.0,42.0,411.0
-46.0,-60.0,42.0,411.0
-44.0,-60.0,42.0,411.0
-42.0,-60.0,42.0,411.0
-40.0,-60.0,42.0,411.0
-38.0,-60.0,42.0,411.0
-36.0,-60.0,42.0,411.0
-34.0,-60.0,42.0,128.0
-32.0,-60.0,42.0,128.0
-30.0,-60.0,42.0,128.0
-28.0,-60.0,42.0,128.0
-26.0,-60.0,42.0,128.0
-24.0,-60.0,42.0,128.0
-22.0,-60.0,42.0,295.0
-18.0,-60.0,42.0,295.0
-16.0,-60.0,42.0,493.0
-14.0,-60.0,42.0,493.0
-12.0,-60.0,42.0,493.0
-10.0,-60.0,42.0,493.0
-8.0,-60.0,42.0,56.0
-6.0,-60.0,42.0,433.0
-4.0,-60.0,42.0,433.0
0.0,-60.0,42.0,433.0
2.0,-60.0,42.0,433.0
4.0,-60.0,42.0,433.0
6.0,-60.0,42.0,515.0
8.0,-60.0,42.0,580.0
10.0,-60.0,42.0,580.0
12.0,-60.0,42.0,580.0
22.0,-60.0,42.0,501.0
24.0,-60.0,42.0,501.0
26.0,-60.0,42.0,501.0
28.0,-60.0,42.0,501.0
30.0,-60.0,42.0,501.0
32.0,-60.0,42.0,501.0
34.0,-60.0,42.0,501.0
36.0,-60.0,42.0,543.0
38.0,-60.0,42.0,58.0
40.0,-60.0,42.0,58.0
42.0,-60.0,42.0,58.0
44.0,-60.0,42.0,58.0
46.0,-60.0,42.0,58.0
48.0,-60.0,42.0,58.0
50.0,-60.0,42.0,410.0
52.0,-60.0,42.0,410.0
54.0,-60.0,42.0,410.0
56.0,-60.0,42.0,410.0
-58.0,-58.0,42.0,600.0
-56.0,-58.0,42.0,600.0
-54.0,-58.0,42.0,600.0
-52.0,-58.0,42.0,600.0
-50.0,-58.0,42.0,411.0
-48.0,-58.0,42.0,411.0
-46.0,-58.0,42.0,411.0
-44.0,-58.0,42.0,411.0
-42.0,-58.0,42.0,411.0
-40.0,-58.0,42.0,411.0
-38.0,-58.0,42.0,411.0
-36.0,-58.0,42.0,411.0
-34.0,-58.0,42.0,77.0
-32.0,-58.0,42.0,77.0
-30.0,-58.0,42.0,77.0
-28.0,-58.0,42.0,77.0
-26.0,-58.0,42.0,128.0
-24.0,-58.0,42.0,128.0
-22.0,-58.0,42.0,295.0
-18.0,-58.0,42.0,295.0
-16.0,-58.0,42.0,295.0
-14.0,-58.0,42.0,493.0
-12.0,-58.0,42.0,493.0
-10.0,-58.0,42.0,56.0
-8.0,-58.0,42.0,56.0
-6.0,-58.0,42.0,433.0
-4.0,-58.0,42.0,433.0
0.0,-58.0,42.0,433.0
2.0,-58.0,42.0,433.0
4.0,-58.0,42.0,80.0
6.0,-58.0,42.0,80.0
8.0,-58.0,42.0,580.0
10.0,-58.0,42.0,580.0
12.0,-58.0,42.0,580.0
22.0,-58.0,42.0,501.0
24.0,-58.0,42.0,501.0
26.0,-58.0,42.0,501.0
28.0,-58.0,42.0,501.0
30.0,-58.0,42.0,501.0
32.0,-58.0,42.0,501.0
34.0,-58.0,42.0,501.0
36.0,-58.0,42.0,543.0
38.0,-58.0,42.0,58.0
40.0,-58.0,42.0,58.0
42.0,-58.0,42.0,58.0
44.0,-58.0,42.0,58.0
46.0,-58.0,42.0,58.0
48.0,-58.0,42.0,58.0
50.0,-58.0,42.0,410.0
52.0,-58.0,42.0,410.0
54.0,-58.0,42.0,410.0
56.0,-58.0,42.0,410.0
58.0,-58.0,42.0,410.0
-60.0,-56.0,42.0,392.0
-58.0,-56.0,42.0,600.0
-56.0,-56.0,42.0,600.0
-54.0,-56.0,42.0,600.0
-52.0,-56.0,42.0,600.0
-50.0,-56.0,42.0,599.0
-48.0,-56.0,42.0,411.0
-46.0,-56.0,42.0,411.0
-44.0,-56.0,42.0,411.0
-42.0,-56.0,42.0,411.0
-40.0,-56.0,42.0,411.0
-38.0,-56.0,42.0,411.0
-36.0,-56.0,42.0,77.0
-34.0,-56.0,42.0,77.0
-32.0,-56.0,42.0,77.0
-30.0,-56.0,42.0,77.0
-28.0,-56.0,42.0,77.0
-26.0,-56.0,42.0,77.0
-24.0,-56.0,42.0,77.0
-16.0,-56.0,42.0,295.0
-14.0,-56.0,42.0,493.0
-12.0,-56.0,42.0,493.0
-10.0,-56.0,42.0,56.0
-8.0,-56.0,42.0,98.0
-6.0,-56.0,42.0,98.0
-4.0,-56.0,42.0,98.0
0.0,-56.0,42.0,98.0
2.0,-56.0,42.0,80.0
4.0,-56.0,42.0,80.0
6.0,-56.0,42.0,80.0
8.0,-56.0,42.0,80.0
10.0,-56.0,42.0,486.0
12.0,-56.0,42.0,486.0
22.0,-56.0,42.0,501.0
24.0,-56.0,42.0,501.0
26.0,-56.0,42.0,501.0
28.0,-56.0,42.0,501.0
30.0,-56.0,42.0,501.0
32.0,-56.0,42.0,501.0
34.0,-56.0,42.0,501.0
36.0,-56.0,42.0,543.0
38.0,-56.0,42.0,58.0
40.0,-56.0,42.0,58.0
42.0,-56.0,42.0,58.0
44.0,-56.0,42.0,58.0
46.0,-56.0,42.0,58.0
48.0,-56.0,42.0,410.0
50.0,-56.0,42.0,410.0
52.0,-56.0,42.0,410.0
54.0,-56.0,42.0,410.0
56.0,-56.0,42.0,410.0
58.0,-56.0,42.0,410.0
-60.0,-54.0,42.0,392.0
-58.0,-54.0,42.0,392.0
-56.0,-54.0,42.0,600.0
-54.0,-54.0,42.0,600.0
-52.0,-54.0,42.0,599.0
-50.0,-54.0,42.0,599.0
-48.0,-54.0,42.0,411.0
-46.0,-54.0,42.0,411.0
-44.0,-54.0,42.0,411.0
-42.0,-54.0,42.0,411.0
-40.0,-54.0,42.0,411.0
-38.0,-54.0,42.0,411.0
-36.0,-54.0,42.0,77.0
-34.0,-54.0,42.0,77.0
-32.0,-54.0,42.0,77.0
-30.0,-54.0,42.0,77.0
-28.0,-54.0,42.0,77.0
-26.0,-54.0,42.0,77.0
-24.0,-54.0,42.0,77.0
-14.0,-54.0,42.0,12.0
-12.0,-54.0,42.0,12.0
-10.0,-54.0,42.0,98.0
-8.0,-54.0,42.0,98.0
-6.0,-54.0,42.0,98.0
-4.0,-54.0,42.0,98.0
0.0,-54.0,42.0,80.0
2.0,-54.0,42.0,80.0
4.0,-54.0,42.0,80.0
6.0,-54.0,42.0,80.0
8.0,-54.0,42.0,80.0
10.0,-54.0,42.0,486.0
12.0,-54.0,42.0,486.0
22.0,-54.0,42.0,363.0
24.0,-54.0,42.0,363.0
26.0,-54.0,42.0,363.0
28.0,-54.0,42.0,363.0
30.0,-54.0,42.0,501.0
32.0,-54.0,42.0,501.0
34.0,-54.0,42.0,501.0
36.0,-54.0,42.0,58.0
38.0,-54.0,42.0,58.0
40.0,-54.0,42.0,58.0
42.0,-54.0,42.0,58.0
44.0,-54.0,42.0,58.0
46.0,-54.0,42.0,58.0
48.0,-54.0,42.0,410.0
50.0,-54.0,42.0,410.0
52.0,-54.0,42.0,410.0
54.0,-54.0,42.0,410.0
56.0,-54.0,42.0,410.0
58.0,-54.0,42.0,410.0
60.0,-54.0,42.0,410.0
-60.0,-52.0,42.0,392.0
-58.0,-52.0,42.0,392.0
-56.0,-52.0,42.0,392.0
-54.0,-52.0,42.0,600.0
-52.0,-52.0,42.0,599.0
-50.0,-52.0,42.0,599.0
-48.0,-52.0,42.0,599.0
-46.0,-52.0,42.0,411.0
-44.0,-52.0,42.0,411.0
-42.0,-52.0,42.0,411.0
-40.0,-52.0,42.0,411.0
-38.0,-52.0,42.0,73.0
-36.0,-52.0,42.0,73.0
-34.0,-52.0,42.0,77.0
-32.0,-52.0,42.0,77.0
-30.0,-52.0,42.0,77.0
-28.0,-52.0,42.0,77.0
-26.0,-52.0,42.0,77.0
-24.0,-52.0,42.0,77.0
-14.0,-52.0,42.0,12.0
-12.0,-52.0,42.0,12.0
-10.0,-52.0,42.0,12.0
-8.0,-52.0,42.0,98.0
-6.0,-52.0,42.0,98.0
-4.0,-52.0,42.0,98.0
2.0,-52.0,42.0,80.0
4.0,-52.0,42.0,80.0
6.0,-52.0,42.0,80.0
8.0,-52.0,42.0,80.0
10.0,-52.0,42.0,80.0
12.0,-52.0,42.0,486.0
14.0,-52.0,42.0,486.0
24.0,-52.0,42.0,363.0
26.0,-52.0,42.0,363.0
28.0,-52.0,42.0,363.0
30.0,-52.0,42.0,363.0
32.0,-52.0,42.0,363.0
34.0,-52.0,42.0,173.0
36.0,-52.0,42.0,173.0
38.0,-52.0,42.0,173.0
40.0,-52.0,42.0,58.0
42.0,-52.0,42.0,58.0
44.0,-52.0,42.0,58.0
46.0,-52.0,42.0,58.0
48.0,-52.0,42.0,410.0
50.0,-52.0,42.0,410.0
52.0,-52.0,42.0,410.0
54.0,-52.0,42.0,410.0
56.0,-52.0,42.0,410.0
58.0,-52.0,42.0,410.0
60.0,-52.0,42.0,410.0
-62.0,-50.0,42.0,392.0
-60.0,-50.0,42.0,392.0
-58.0,-50.0,42.0,392.0
-56.0,-50.0,42.0,392.0
-54.0,-50.0,42.0,599.0
-52.0,-50.0,42.0,599.0
-50.0,-50.0,42.0,599.0
-48.0,-50.0,42.0,599.0
-46.0,-50.0,42.0,411.0
-44.0,-50.0,42.0,411.0
-42.0,-50.0,42.0,411.0
-40.0,-50.0,42.0,73.0
-38.0,-50.0,42.0,73.0
-36.0,-50.0,42.0,73.0
-34.0,-50.0,42.0,73.0
-32.0,-50.0,42.0,77.0
-30.0,-50.0,42.0,77.0
-28.0,-50.0,42.0,77.0
-14.0,-50.0,42.0,12.0
-12.0,-50.0,42.0,12.0
-10.0,-50.0,42.0,12.0
-8.0,-50.0,42.0,98.0
-6.0,-50.0,42.0,98.0
-4.0,-50.0,42.0,98.0
2.0,-50.0,42.0,80.0
4.0,-50.0,42.0,80.0
6.0,-50.0,42.0,80.0
8.0,-50.0,42.0,80.0
10.0,-50.0,42.0,80.0
12.0,-50.0,42.0,80.0
14.0,-50.0,42.0,486.0
24.0,-50.0,42.0,363.0
26.0,-50.0,42.0,363.0
28.0,-50.0,42.0,363.0
30.0,-50.0,42.0,363.0
32.0,-50.0,42.0,363.0
34.0,-50.0,42.0,173.0
36.0,-50.0,42.0,173.0
38.0,-50.0,42.0,173.0
40.0,-50.0,42.0,173.0
42.0,-50.0,42.0,173.0
44.0,-50.0,42.0,58.0
46.0,-50.0,42.0,58.0
48.0,-50.0,42.0,410.0
50.0,-50.0,42.0,410.0
52.0,-50.0,42.0,410.0
54.0,-50.0,42.0,410.0
56.0,-50.0,42.0,410.0
58.0,-50.0,42.0,410.0
60.0,-50.0,42.0,193.0
62.0,-50.0,42.0,193.0
-62.0,-48.0,42.0,392.0
-60.0,-48.0,42.0,322.0
-58.0,-48.0,42.0,322.0
-56.0,-48.0,42.0,322.0
-54.0,-48.0,42.0,322.0
-52.0,-48.0,42.0,599.0
-50.0,-48.0,42.0,599.0
-48.0,-48.0,42.0,599.0
-46.0,-48.0,42.0,599.0
-44.0,-48.0,42.0,411.0
-42.0,-48.0,42.0,3.0
-40.0,-48.0,42.0,73.0
-38.0,-48.0,42.0,73.0
-36.0,-48.0,42.0,73.0
-34.0,-48.0,42.0,73.0
-32.0,-48.0,42.0,73.0
-30.0,-48.0,42.0,73.0
-28.0,-48.0,42.0,77.0
-16.0,-48.0,42.0,12.0
-14.0,-48.0,42.0,12.0
-12.0,-48.0,42.0,12.0
-10.0,-48.0,42.0,12.0
-8.0,-48.0,42.0,199.0
-6.0,-48.0,42.0,199.0
-4.0,-48.0,42.0,199.0
0.0,-48.0,42.0,80.0
2.0,-48.0,42.0,80.0
4.0,-48.0,42.0,80.0
6.0,-48.0,42.0,80.0
8.0,-48.0,42.0,80.0
10.0,-48.0,42.0,80.0
12.0,-48.0,42.0,80.0
14.0,-48.0,42.0,80.0
26.0,-48.0,42.0,363.0
28.0,-48.0,42.0,363.0
30.0,-48.0,42.0,363.0
32.0,-48.0,42.0,363.0
34.0,-48.0,42.0,173.0
36.0,-48.0,42.0,173.0
38.0,-48.0,42.0,173.0
40.0,-48.0,42.0,173.0
42.0,-48.0,42.0,173.0
44.0,-48.0,42.0,173.0
46.0,-48.0,42.0,173.0
48.0,-48.0,42.0,206.0
50.0,-48.0,42.0,206.0
52.0,-48.0,42.0,206.0
54.0,-48.0,42.0,206.0
56.0,-48.0,42.0,206.0
58.0,-48.0,42.0,593.0
60.0,-48.0,42.0,193.0
62.0,-48.0,42.0,193.0
-64.0,-46.0,42.0,322.0
-62.0,-46.0,42.0,322.0
-60.0,-46.0,42.0,322.0
-58.0,-46.0,42.0,322.0
-56.0,-46.0,42.0,322.0
-54.0,-46.0,42.0,29.0
-52.0,-46.0,42.0,29.0
-50.0,-46.0,42.0,29.0
-48.0,-46.0,42.0,576.0
-46.0,-46.0,42.0,576.0
-44.0,-46.0,42.0,576.0
-42.0,-46.0,42.0,3.0
-40.0,-46.0,42.0,73.0
-38.0,-46.0,42.0,73.0
-36.0,-46.0,42.0,73.0
-34.0,-46.0,42.0,73.0
-32.0,-46.0,42.0,73.0
-30.0,-46.0,42.0,73.0
-28.0,-46.0,42.0,73.0
-16.0,-46.0,42.0,12.0
-14.0,-46.0,42.0,12.0
-12.0,-46.0,42.0,12.0
-10.0,-46.0,42.0,12.0
-8.0,-46.0,42.0,199.0
-6.0,-46.0,42.0,199.0
-4.0,-46.0,42.0,199.0
0.0,-46.0,42.0,80.0
2.0,-46.0,42.0,80.0
4.0,-46.0,42.0,80.0
6.0,-46.0,42.0,80.0
8.0,-46.0,42.0,80.0
10.0,-46.0,42.0,80.0
12.0,-46.0,42.0,80.0
26.0,-46.0,42.0,363.0
28.0,-46.0,42.0,363.0
30.0,-46.0,42.0,363.0
32.0,-46.0,42.0,363.0
34.0,-46.0,42.0,173.0
36.0,-46.0,42.0,173.0
38.0,-46.0,42.0,173.0
40.0,-46.0,42.0,173.0
42.0,-46.0,42.0,173.0
44.0,-46.0,42.0,173.0
46.0,-46.0,42.0,446.0
48.0,-46.0,42.0,206.0
50.0,-46.0,42.0,206.0
52.0,-46.0,42.0,206.0
54.0,-46.0,42.0,206.0
56.0,-46.0,42.0,206.0
58.0,-46.0,42.0,593.0
60.0,-46.0,42.0,593.0
62.0,-46.0,42.0,193.0
-64.0,-44.0,42.0,322.0
-62.0,-44.0,42.0,322.0
-60.0,-44.0,42.0,322.0
-58.0,-44.0,42.0,322.0
-56.0,-44.0,42.0,322.0
-54.0,-44.0,42.0,29.0
-52.0,-44.0,42.0,29.0
-50.0,-44.0,42.0,576.0
-48.0,-44.0,42.0,576.0
-46.0,-44.0,42.0,576.0
-44.0,-44.0,42.0,576.0
-42.0,-44.0,42.0,576.0
-40.0,-44.0,42.0,73.0
-38.0,-44.0,42.0,73.0
-36.0,-44.0,42.0,73.0
-34.0,-44.0,42.0,73.0
-32.0,-44.0,42.0,73.0
-30.0,-44.0,42.0,73.0
-28.0,-44.0,42.0,73.0
-16.0,-44.0,42.0,12.0
-14.0,-44.0,42.0,12.0
-12.0,-44.0,42.0,12.0
-10.0,-44.0,42.0,199.0
-8.0,-44.0,42.0,199.0
-6.0,-44.0,42.0,199.0
-4.0,-44.0,42.0,199.0
-2.0,-44.0,42.0,199.0
0.0,-44.0,42.0,80.0
2.0,-44.0,42.0,80.0
4.0,-44.0,42.0,80.0
6.0,-44.0,42.0,80.0
8.0,-44.0,42.0,80.0
10.0,-44.0,42.0,80.0
12.0,-44.0,42.0,80.0
28.0,-44.0,42.0,363.0
30.0,-44.0,42.0,212.0
32.0,-44.0,42.0,212.0
34.0,-44.0,42.0,212.0
36.0,-44.0,42.0,212.0
38.0,-44.0,42.0,173.0
40.0,-44.0,42.0,173.0
42.0,-44.0,42.0,173.0
44.0,-44.0,42.0,173.0
46.0,-44.0,42.0,206.0
48.0,-44.0,42.0,206.0
50.0,-44.0,42.0,206.0
52.0,-44.0,42.0,206.0
54.0,-44.0,42.0,206.0
56.0,-44.0,42.0,206.0
58.0,-44.0,42.0,206.0
60.0,-44.0,42.0,593.0
62.0,-44.0,42.0,193.0
64.0,-44.0,42.0,193.0
-64.0,-42.0,42.0,322.0
-62.0,-42.0,42.0,322.0
-60.0,-42.0,42.0,322.0
-58.0,-42.0,42.0,322.0
-56.0,-42.0,42.0,322.0
-54.0,-42.0,42.0,29.0
-52.0,-42.0,42.0,29.0
-50.0,-42.0,42.0,576.0
-48.0,-42.0,42.0,576.0
-46.0,-42.0,42.0,576.0
-44.0,-42.0,42.0,576.0
-42.0,-42.0,42.0,576.0
-40.0,-42.0,42.0,576.0
-38.0,-42.0,42.0,73.0
-36.0,-42.0,42.0,73.0
-34.0,-42.0,42.0,73.0
-32.0,-42.0,42.0,73.0
-30.0,-42.0,42.0,73.0
-16.0,-42.0,42.0,12.0
-14.0,-42.0,42.0,12.0
-12.0,-42.0,42.0,12.0
-10.0,-42.0,42.0,199.0
-8.0,-42.0,42.0,199.0
-6.0,-42.0,42.0,199.0
-4.0,-42.0,42.0,199.0
-2.0,-42.0,42.0,199.0
0.0,-42.0,42.0,80.0
2.0,-42.0,42.0,80.0
4.0,-42.0,42.0,80.0
6.0,-42.0,42.0,80.0
8.0,-42.0,42.0,80.0
10.0,-42.0,42.0,80.0
12.0,-42.0,42.0,80.0
14.0,-42.0,42.0,80.0
16.0,-42.0,42.0,80.0
28.0,-42.0,42.0,40.0
30.0,-42.0,42.0,212.0
32.0,-42.0,42.0,212.0
34.0,-42.0,42.0,212.0
36.0,-42.0,42.0,212.0
38.0,-42.0,42.0,212.0
40.0,-42.0,42.0,212.0
42.0,-42.0,42.0,173.0
44.0,-42.0,42.0,173.0
46.0,-42.0,42.0,206.0
48.0,-42.0,42.0,206.0
50.0,-42.0,42.0,206.0
52.0,-42.0,42.0,206.0
54.0,-42.0,42.0,206.0
56.0,-42.0,42.0,206.0
58.0,-42.0,42.0,74.0
60.0,-42.0,42.0,74.0
62.0,-42.0,42.0,74.0
64.0,-42.0,42.0,74.0
-64.0,-40.0,42.0,322.0
-62.0,-40.0,42.0,322.0
-60.0,-40.0,42.0,322.0
-58.0,-40.0,42.0,322.0
-56.0,-40.0,42.0,29.0
-54.0,-40.0,42.0,29.0
-52.0,-40.0,42.0,29.0
-50.0,-40.0,42.0,576.0
-48.0,-40.0,42.0,576.0
-46.0,-40.0,42.0,576.0
-44.0,-40.0,42.0,576.0
-42.0,-40.0,42.0,576.0
-40.0,-40.0,42.0,576.0
-38.0,-40.0,42.0,73.0
-36.0,-40.0,42.0,73.0
-34.0,-40.0,42.0,73.0
-18.0,-40.0,42.0,12.0
-16.0,-40.0,42.0,12.0
-14.0,-40.0,42.0,12.0
-12.0,-40.0,42.0,12.0
-10.0,-40.0,42.0,199.0
-8.0,-40.0,42.0,199.0
-6.0,-40.0,42.0,199.0
-4.0,-40.0,42.0,199.0
-2.0,-40.0,42.0,199.0
0.0,-40.0,42.0,435.0
2.0,-40.0,42.0,435.0
4.0,-40.0,42.0,435.0
6.0,-40.0,42.0,435.0
8.0,-40.0,42.0,435.0
10.0,-40.0,42.0,435.0
12.0,-40.0,42.0,435.0
14.0,-40.0,42.0,435.0
16.0,-40.0,42.0,435.0
18.0,-40.0,42.0,40.0
28.0,-40.0,42.0,40.0
30.0,-40.0,42.0,40.0
32.0,-40.0,42.0,212.0
34.0,-40.0,42.0,212.0
36.0,-40.0,42.0,212.0
38.0,-40.0,42.0,212.0
40.0,-40.0,42.0,212.0
42.0,-40.0,42.0,212.0
44.0,-40.0,42.0,212.0
46.0,-40.0,42.0,206.0
48.0,-40.0,42.0,206.0
50.0,-40.0,42.0,206.0
52.0,-40.0,42.0,206.0
54.0,-40.0,42.0,206.0
56.0,-40.0,42.0,74.0
58.0,-40.0,42.0,74.0
60.0,-40.0,42.0,74.0
62.0,-40.0,42.0,74.0
64.0,-40.0,42.0,74.0
-66.0,-38.0,42.0,322.0
-64.0,-38.0,42.0,322.0
-62.0,-38.0,42.0,322.0
-60.0,-38.0,42.0,322.0
-58.0,-38.0,42.0,322.0
-56.0,-38.0,42.0,29.0
-54.0,-38.0,42.0,29.0
-52.0,-38.0,42.0,29.0
-50.0,-38.0,42.0,576.0
-48.0,-38.0,42.0,576.0
-46.0,-38.0,42.0,576.0
-44.0,-38.0,42.0,576.0
-42.0,-38.0,42.0,576.0
-40.0,-38.0,42.0,576.0
-38.0,-38.0,42.0,576.0
-36.0,-38.0,42.0,73.0
-34.0,-38.0,42.0,33.0
-32.0,-38.0,42.0,33.0
-20.0,-38.0,42.0,12.0
-18.0,-38.0,42.0,12.0
-16.0,-38.0,42.0,12.0
-14.0,-38.0,42.0,12.0
-12.0,-38.0,42.0,199.0
-10.0,-38.0,42.0,199.0
-8.0,-38.0,42.0,199.0
-6.0,-38.0,42.0,199.0
-4.0,-38.0,42.0,199.0
-2.0,-38.0,42.0,199.0
0.0,-38.0,42.0,435.0
2.0,-38.0,42.0,435.0
4.0,-38.0,42.0,435.0
6.0,-38.0,42.0,435.0
8.0,-38.0,42.0,435.0
10.0,-38.0,42.0,435.0
12.0,-38.0,42.0,435.0
14.0,-38.0,42.0,435.0
16.0,-38.0,42.0,435.0
18.0,-38.0,42.0,40.0
30.0,-38.0,42.0,40.0
32.0,-38.0,42.0,40.0
34.0,-38.0,42.0,212.0
36.0,-38.0,42.0,212.0
38.0,-38.0,42.0,212.0
40.0,-38.0,42.0,212.0
42.0,-38.0,42.0,212.0
44.0,-38.0,42.0,212.0
46.0,-38.0,42.0,206.0
48.0,-38.0,42.0,206.0
50.0,-38.0,42.0,206.0
52.0,-38.0,42.0,206.0
54.0,-38.0,42.0,74.0
56.0,-38.0,42.0,74.0
58.0,-38.0,42.0,74.0
60.0,-38.0,42.0,74.0
62.0,-38.0,42.0,74.0
64.0,-38.0,42.0,74.0
-66.0,-36.0,42.0,322.0
-64.0,-36.0,42.0,322.0
-62.0,-36.0,42.0,322.0
-60.0,-36.0,42.0,322.0
-58.0,-36.0,42.0,322.0
-56.0,-36.0,42.0,29.0
-54.0,-36.0,42.0,29.0
-52.0,-36.0,42.0,221.0
-50.0,-36.0,42.0,576.0
-48.0,-36.0,42.0,576.0
-46.0,-36.0,42.0,576.0
-44.0,-36.0,42.0,576.0
-42.0,-36.0,42.0,576.0
-40.0,-36.0,42.0,576.0
-38.0,-36.0,42.0,576.0
-36.0,-36.0,42.0,33.0
-34.0,-36.0,42.0,33.0
-32.0,-36.0,42.0,33.0
-20.0,-36.0,42.0,511.0
-18.0,-36.0,42.0,511.0
-16.0,-36.0,42.0,511.0
-14.0,-36.0,42.0,12.0
-12.0,-36.0,42.0,199.0
-10.0,-36.0,42.0,199.0
-8.0,-36.0,42.0,199.0
-6.0,-36.0,42.0,199.0
-4.0,-36.0,42.0,199.0
-2.0,-36.0,42.0,168.0
0.0,-36.0,42.0,435.0
2.0,-36.0,42.0,435.0
4.0,-36.0,42.0,435.0
6.0,-36.0,42.0,435.0
8.0,-36.0,42.0,435.0
10.0,-36.0,42.0,435.0
12.0,-36.0,42.0,435.0
14.0,-36.0,42.0,435.0
16.0,-36.0,42.0,435.0
18.0,-36.0,42.0,532.0
30.0,-36.0,42.0,40.0
32.0,-36.0,42.0,40.0
34.0,-36.0,42.0,40.0
36.0,-36.0,42.0,212.0
38.0,-36.0,42.0,212.0
40.0,-36.0,42.0,212.0
42.0,-36.0,42.0,212.0
44.0,-36.0,42.0,260.0
46.0,-36.0,42.0,260.0
48.0,-36.0,42.0,260.0
50.0,-36.0,42.0,260.0
52.0,-36.0,42.0,74.0
54.0,-36.0,42.0,74.0
56.0,-36.0,42.0,74.0
58.0,-36.0,42.0,74.0
60.0,-36.0,42.0,74.0
62.0,-36.0,42.0,74.0
64.0,-36.0,42.0,74.0
-66.0,-34.0,42.0,322.0
-64.0,-34.0,42.0,322.0
-62.0,-34.0,42.0,322.0
-60.0,-34.0,42.0,322.0
-58.0,-34.0,42.0,29.0
-56.0,-34.0,42.0,221.0
-54.0,-34.0,42.0,221.0
-52.0,-34.0,42.0,221.0
-50.0,-34.0,42.0,221.0
-48.0,-34.0,42.0,576.0
-46.0,-34.0,42.0,576.0
-44.0,-34.0,42.0,576.0
-42.0,-34.0,42.0,576.0
-40.0,-34.0,42.0,576.0
-38.0,-34.0,42.0,576.0
-36.0,-34.0,42.0,33.0
-34.0,-34.0,42.0,33.0
-32.0,-34.0,42.0,33.0
-20.0,-34.0,42.0,511.0
-18.0,-34.0,42.0,511.0
-16.0,-34.0,42.0,511.0
-14.0,-34.0,42.0,511.0
-12.0,-34.0,42.0,511.0
-10.0,-34.0,42.0,199.0
-8.0,-34.0,42.0,199.0
-6.0,-34.0,42.0,55.0
-4.0,-34.0,42.0,168.0
-2.0,-34.0,42.0,168.0
0.0,-34.0,42.0,168.0
2.0,-34.0,42.0,168.0
4.0,-34.0,42.0,435.0
6.0,-34.0,42.0,435.0
8.0,-34.0,42.0,435.0
10.0,-34.0,42.0,435.0
12.0,-34.0,42.0,435.0
14.0,-34.0,42.0,435.0
16.0,-34.0,42.0,532.0
18.0,-34.0,42.0,532.0
32.0,-34.0,42.0,40.0
34.0,-34.0,42.0,40.0
36.0,-34.0,42.0,40.0
38.0,-34.0,42.0,212.0
40.0,-34.0,42.0,212.0
42.0,-34.0,42.0,212.0
44.0,-34.0,42.0,260.0
46.0,-34.0,42.0,260.0
48.0,-34.0,42.0,260.0
50.0,-34.0,42.0,260.0
52.0,-34.0,42.0,260.0
54.0,-34.0,42.0,74.0
56.0,-34.0,42.0,74.0
58.0,-34.0,42.0,74.0
60.0,-34.0,42.0,74.0
62.0,-34.0,42.0,74.0
64.0,-34.0,42.0,74.0
-66.0,-32.0,42.0,322.0
-64.0,-32.0,42.0,322.0
-62.0,-32.0,42.0,322.0
-60.0,-32.0,42.0,322.0
-58.0,-32.0,42.0,221.0
-56.0,-32.0,42.0,221.0
-54.0,-32.0,42.0,221.0
-52.0,-32.0,42.0,221.0
-50.0,-32.0,42.0,221.0
-48.0,-32.0,42.0,221.0
-46.0,-32.0,42.0,576.0
-44.0,-32.0,42.0,576.0
-42.0,-32.0,42.0,576.0
-40.0,-32.0,42.0,576.0
-38.0,-32.0,42.0,576.0
-36.0,-32.0,42.0,576.0
-34.0,-32.0,42.0,33.0
-32.0,-32.0,42.0,33.0
-20.0,-32.0,42.0,511.0
-18.0,-32.0,42.0,511.0
-16.0,-32.0,42.0,511.0
-14.0,-32.0,42.0,511.0
-12.0,-32.0,42.0,511.0
-10.0,-32.0,42.0,156.0
-8.0,-32.0,42.0,156.0
-6.0,-32.0,42.0,156.0
-4.0,-32.0,42.0,156.0
-2.0,-32.0,42.0,168.0
0.0,-32.0,42.0,168.0
2.0,-32.0,42.0,168.0
4.0,-32.0,42.0,168.0
6.0,-32.0,42.0,168.0
8.0,-32.0,42.0,435.0
10.0,-32.0,42.0,435.0
12.0,-32.0,42.0,435.0
14.0,-32.0,42.0,532.0
16.0,-32.0,42.0,532.0
18.0,-32.0,42.0,532.0
32.0,-32.0,42.0,40.0
34.0,-32.0,42.0,40.0
36.0,-32.0,42.0,40.0
38.0,-32.0,42.0,520.0
40.0,-32.0,42.0,43.0
42.0,-32.0,42.0,43.0
44.0,-32.0,42.0,260.0
46.0,-32.0,42.0,260.0
48.0,-32.0,42.0,260.0
50.0,-32.0,42.0,260.0
52.0,-32.0,42.0,260.0
54.0,-32.0,42.0,260.0
56.0,-32.0,42.0,74.0
58.0,-32.0,42.0,74.0
60.0,-32.0,42.0,74.0
62.0,-32.0,42.0,74.0
64.0,-32.0,42.0,74.0
-66.0,-30.0,42.0,322.0
-64.0,-30.0,42.0,322.0
-62.0,-30.0,42.0,322.0
-60.0,-30.0,42.0,221.0
-58.0,-30.0,42.0,221.0
-56.0,-30.0,42.0,221.0
-54.0,-30.0,42.0,221.0
-52.0,-30.0,42.0,221.0
-50.0,-30.0,42.0,221.0
-48.0,-30.0,42.0,221.0
-46.0,-30.0,42.0,576.0
-44.0,-30.0,42.0,576.0
-42.0,-30.0,42.0,576.0
-40.0,-30.0,42.0,576.0
-38.0,-30.0,42.0,576.0
-36.0,-30.0,42.0,576.0
-34.0,-30.0,42.0,33.0
-20.0,-30.0,42.0,511.0
-18.0,-30.0,42.0,511.0
-16.0,-30.0,42.0,511.0
-14.0,-30.0,42.0,511.0
-12.0,-30.0,42.0,156.0
-10.0,-30.0,42.0,156.0
-8.0,-30.0,42.0,156.0
-6.0,-30.0,42.0,156.0
-4.0,-30.0,42.0,156.0
-2.0,-30.0,42.0,156.0
0.0,-30.0,42.0,168.0
2.0,-30.0,42.0,168.0
4.0,-30.0,42.0,168.0
6.0,-30.0,42.0,168.0
8.0,-30.0,42.0,168.0
10.0,-30.0,42.0,532.0
12.0,-30.0,42.0,532.0
14.0,-30.0,42.0,532.0
16.0,-30.0,42.0,532.0
18.0,-30.0,42.0,532.0
34.0,-30.0,42.0,40.0
36.0,-30.0,42.0,520.0
38.0,-30.0,42.0,43.0
40.0,-30.0,42.0,43.0
42.0,-30.0,42.0,43.0
44.0,-30.0,42.0,43.0
46.0,-30.0,42.0,260.0
48.0,-30.0,42.0,260.0
50.0,-30.0,42.0,260.0
52.0,-30.0,42.0,260.0
54.0,-30.0,42.0,260.0
56.0,-30.0,42.0,74.0
58.0,-30.0,42.0,74.0
60.0,-30.0,42.0,74.0
62.0,-30.0,42.0,74.0
64.0,-30.0,42.0,74.0
66.0,-30.0,42.0,74.0
-66.0,-28.0,42.0,447.0
-64.0,-28.0,42.0,322.0
-62.0,-28.0,42.0,221.0
-60.0,-28.0,42.0,221.0
-58.0,-28.0,42.0,221.0
-56.0,-28.0,42.0,221.0
-54.0,-28.0,42.0,221.0
-52.0,-28.0,42.0,221.0
-50.0,-28.0,42.0,221.0
-48.0,-28.0,42.0,221.0
-46.0,-28.0,42.0,221.0
-44.0,-28.0,42.0,576.0
-42.0,-28.0,42.0,576.0
-40.0,-28.0,42.0,576.0
-38.0,-28.0,42.0,576.0
-36.0,-28.0,42.0,576.0
-18.0,-28.0,42.0,511.0
-16.0,-28.0,42.0,511.0
-14.0,-28.0,42.0,511.0
-12.0,-28.0,42.0,156.0
-10.0,-28.0,42.0,156.0
-8.0,-28.0,42.0,156.0
-6.0,-28.0,42.0,156.0
-4.0,-28.0,42.0,156.0
-2.0,-28.0,42.0,156.0
0.0,-28.0,42.0,156.0
2.0,-28.0,42.0,168.0
4.0,-28.0,42.0,168.0
6.0,-28.0,42.0,168.0
8.0,-28.0,42.0,168.0
10.0,-28.0,42.0,532.0
12.0,-28.0,42.0,532.0
14.0,-28.0,42.0,532.0
16.0,-28.0,42.0,532.0
38.0,-28.0,42.0,43.0
40.0,-28.0,42.0,43.0
42.0,-28.0,42.0,43.0
44.0,-28.0,42.0,43.0
46.0,-28.0,42.0,260.0
48.0,-28.0,42.0,260.0
54.0,-28.0,42.0,260.0
56.0,-28.0,42.0,204.0
58.0,-28.0,42.0,74.0
60.0,-28.0,42.0,74.0
62.0,-28.0,42.0,74.0
64.0,-28.0,42.0,74.0
-66.0,-26.0,42.0,447.0
-64.0,-26.0,42.0,447.0
-62.0,-26.0,42.0,447.0
-60.0,-26.0,42.0,71.0
-58.0,-26.0,42.0,221.0
-56.0,-26.0,42.0,221.0
-54.0,-26.0,42.0,221.0
-52.0,-26.0,42.0,221.0
-50.0,-26.0,42.0,221.0
-48.0,-26.0,42.0,221.0
-46.0,-26.0,42.0,221.0
-44.0,-26.0,42.0,428.0
-42.0,-26.0,42.0,428.0
-40.0,-26.0,42.0,428.0
-38.0,-26.0,42.0,428.0
-18.0,-26.0,42.0,511.0
-16.0,-26.0,42.0,511.0
-14.0,-26.0,42.0,156.0
-12.0,-26.0,42.0,156.0
-10.0,-26.0,42.0,156.0
-8.0,-26.0,42.0,156.0
-6.0,-26.0,42.0,156.0
-4.0,-26.0,42.0,156.0
-2.0,-26.0,42.0,156.0
0.0,-26.0,42.0,542.0
2.0,-26.0,42.0,542.0
4.0,-26.0,42.0,542.0
6.0,-26.0,42.0,542.0
8.0,-26.0,42.0,532.0
10.0,-26.0,42.0,532.0
12.0,-26.0,42.0,532.0
14.0,-26.0,42.0,532.0
16.0,-26.0,42.0,532.0
56.0,-26.0,42.0,204.0
58.0,-26.0,42.0,204.0
60.0,-26.0,42.0,204.0
62.0,-26.0,42.0,74.0
64.0,-26.0,42.0,74.0
-66.0,-24.0,42.0,447.0
-64.0,-24.0,42.0,447.0
-62.0,-24.0,42.0,447.0
-60.0,-24.0,42.0,71.0
-58.0,-24.0,42.0,71.0
-56.0,-24.0,42.0,221.0
-54.0,-24.0,42.0,221.0
-52.0,-24.0,42.0,221.0
-50.0,-24.0,42.0,428.0
-48.0,-24.0,42.0,428.0
-46.0,-24.0,42.0,428.0
-44.0,-24.0,42.0,428.0
-42.0,-24.0,42.0,428.0
-18.0,-24.0,42.0,511.0
-16.0,-24.0,42.0,511.0
-14.0,-24.0,42.0,156.0
-12.0,-24.0,42.0,156.0
-10.0,-24.0,42.0,156.0
-8.0,-24.0,42.0,156.0
-6.0,-24.0,42.0,542.0
-4.0,-24.0,42.0,542.0
-2.0,-24.0,42.0,542.0
0.0,-24.0,42.0,542.0
2.0,-24.0,42.0,542.0
4.0,-24.0,42.0,542.0
6.0,-24.0,42.0,542.0
8.0,-24.0,42.0,532.0
10.0,-24.0,42.0,532.0
12.0,-24.0,42.0,532.0
14.0,-24.0,42.0,532.0
16.0,-24.0,42.0,532.0
38.0,-24.0,42.0,43.0
58.0,-24.0,42.0,204.0
60.0,-24.0,42.0,204.0
62.0,-24.0,42.0,204.0
64.0,-24.0,42.0,204.0
-66.0,-22.0,42.0,447.0
-64.0,-22.0,42.0,447.0
-62.0,-22.0,42.0,447.0
-60.0,-22.0,42.0,447.0
-58.0,-22.0,42.0,71.0
-56.0,-22.0,42.0,71.0
-54.0,-22.0,42.0,428.0
-52.0,-22.0,42.0,428.0
-50.0,-22.0,42.0,428.0
-48.0,-22.0,42.0,428.0
-46.0,-22.0,42.0,428.0
-44.0,-22.0,42.0,428.0
-18.0,-22.0,42.0,202.0
-16.0,-22.0,42.0,156.0
-14.0,-22.0,42.0,156.0
-12.0,-22.0,42.0,542.0
-10.0,-22.0,42.0,542.0
-8.0,-22.0,42.0,542.0
-6.0,-22.0,42.0,542.0
-4.0,-22.0,42.0,542.0
-2.0,-22.0,42.0,542.0
0.0,-22.0,42.0,542.0
2.0,-22.0,42.0,542.0
4.0,-22.0,42.0,542.0
6.0,-22.0,42.0,542.0
8.0,-22.0,42.0,532.0
10.0,-22.0,42.0,532.0
12.0,-22.0,42.0,532.0
14.0,-22.0,42.0,532.0
16.0,-22.0,42.0,532.0
38.0,-22.0,42.0,43.0
40.0,-22.0,42.0,43.0
42.0,-22.0,42.0,43.0
44.0,-22.0,42.0,43.0
46.0,-22.0,42.0,43.0
48.0,-22.0,42.0,43.0
50.0,-22.0,42.0,260.0
52.0,-22.0,42.0,260.0
54.0,-22.0,42.0,204.0
58.0,-22.0,42.0,204.0
60.0,-22.0,42.0,204.0
62.0,-22.0,42.0,204.0
64.0,-22.0,42.0,204.0
-66.0,-20.0,42.0,447.0
-64.0,-20.0,42.0,447.0
-62.0,-20.0,42.0,447.0
-60.0,-20.0,42.0,447.0
-58.0,-20.0,42.0,71.0
-56.0,-20.0,42.0,428.0
-54.0,-20.0,42.0,428.0
-52.0,-20.0,42.0,428.0
-50.0,-20.0,42.0,428.0
-48.0,-20.0,42.0,428.0
-46.0,-20.0,42.0,428.0
-16.0,-20.0,42.0,202.0
-14.0,-20.0,42.0,542.0
-12.0,-20.0,42.0,542.0
-10.0,-20.0,42.0,542.0
-8.0,-20.0,42.0,542.0
-6.0,-20.0,42.0,542.0
-4.0,-20.0,42.0,542.0
-2.0,-20.0,42.0,542.0
0.0,-20.0,42.0,542.0
2.0,-20.0,42.0,542.0
4.0,-20.0,42.0,542.0
6.0,-20.0,42.0,542.0
8.0,-20.0,42.0,499.0
10.0,-20.0,42.0,499.0
12.0,-20.0,42.0,532.0
14.0,-20.0,42.0,532.0
36.0,-20.0,42.0,43.0
38.0,-20.0,42.0,43.0
40.0,-20.0,42.0,43.0
42.0,-20.0,42.0,43.0
44.0,-20.0,42.0,43.0
46.0,-20.0,42.0,43.0
48.0,-20.0,42.0,43.0
50.0,-20.0,42.0,43.0
52.0,-20.0,42.0,260.0
54.0,-20.0,42.0,204.0
56.0,-20.0,42.0,204.0
58.0,-20.0,42.0,204.0
60.0,-20.0,42.0,204.0
62.0,-20.0,42.0,204.0
64.0,-20.0,42.0,204.0
-66.0,-18.0,42.0,447.0
-64.0,-18.0,42.0,447.0
-62.0,-18.0,42.0,447.0
-60.0,-18.0,42.0,447.0
-58.0,-18.0,42.0,447.0
-56.0,-18.0,42.0,428.0
-54.0,-18.0,42.0,428.0
-52.0,-18.0,42.0,428.0
-50.0,-18.0,42.0,428.0
-48.0,-18.0,42.0,428.0
-16.0,-18.0,42.0,202.0
-14.0,-18.0,42.0,408.0
-12.0,-18.0,42.0,542.0
-10.0,-18.0,42.0,542.0
-8.0,-18.0,42.0,542.0
-6.0,-18.0,42.0,542.0
-4.0,-18.0,42.0,542.0
-2.0,-18.0,42.0,542.0
0.0,-18.0,42.0,542.0
2.0,-18.0,42.0,542.0
4.0,-18.0,42.0,542.0
6.0,-18.0,42.0,499.0
8.0,-18.0,42.0,499.0
10.0,-18.0,42.0,499.0
12.0,-18.0,42.0,499.0
14.0,-18.0,42.0,532.0
36.0,-18.0,42.0,43.0
38.0,-18.0,42.0,43.0
40.0,-18.0,42.0,43.0
42.0,-18.0,42.0,43.0
44.0,-18.0,42.0,43.0
48.0,-18.0,42.0,43.0
50.0,-18.0,42.0,43.0
52.0,-18.0,42.0,43.0
54.0,-18.0,42.0,204.0
56.0,-18.0,42.0,204.0
58.0,-18.0,42.0,204.0
60.0,-18.0,42.0,204.0
62.0,-18.0,42.0,204.0
-64.0,-16.0,42.0,447.0
-62.0,-16.0,42.0,447.0
-60.0,-16.0,42.0,447.0
-58.0,-16.0,42.0,428.0
-56.0,-16.0,42.0,428.0
-16.0,-16.0,42.0,408.0
-14.0,-16.0,42.0,408.0
-12.0,-16.0,42.0,408.0
-10.0,-16.0,42.0,145.0
-8.0,-16.0,42.0,145.0
-6.0,-16.0,42.0,145.0
-4.0,-16.0,42.0,145.0
-2.0,-16.0,42.0,542.0
0.0,-16.0,42.0,542.0
2.0,-16.0,42.0,542.0
4.0,-16.0,42.0,499.0
6.0,-16.0,42.0,499.0
8.0,-16.0,42.0,499.0
10.0,-16.0,42.0,499.0
34.0,-16.0,42.0,398.0
36.0,-16.0,42.0,398.0
38.0,-16.0,42.0,398.0
40.0,-16.0,42.0,43.0
50.0,-16.0,42.0,43.0
52.0,-16.0,42.0,95.0
54.0,-16.0,42.0,95.0
56.0,-16.0,42.0,204.0
58.0,-16.0,42.0,204.0
60.0,-16.0,42.0,204.0
62.0,-16.0,42.0,204.0
-64.0,-14.0,42.0,447.0
-62.0,-14.0,42.0,447.0
-60.0,-14.0,42.0,19.0
-58.0,-14.0,42.0,428.0
-56.0,-14.0,42.0,428.0
-54.0,-14.0,42.0,428.0
-52.0,-14.0,42.0,428.0
-50.0,-14.0,42.0,428.0
-46.0,-14.0,42.0,428.0
-44.0,-14.0,42.0,428.0
-42.0,-14.0,42.0,428.0
-40.0,-14.0,42.0,428.0
-16.0,-14.0,42.0,408.0
-14.0,-14.0,42.0,408.0
-12.0,-14.0,42.0,408.0
-10.0,-14.0,42.0,145.0
-8.0,-14.0,42.0,145.0
-6.0,-14.0,42.0,145.0
-4.0,-14.0,42.0,145.0
-2.0,-14.0,42.0,145.0
0.0,-14.0,42.0,145.0
2.0,-14.0,42.0,145.0
4.0,-14.0,42.0,499.0
6.0,-14.0,42.0,499.0
8.0,-14.0,42.0,499.0
10.0,-14.0,42.0,499.0
12.0,-14.0,42.0,499.0
36.0,-14.0,42.0,398.0
38.0,-14.0,42.0,398.0
46.0,-14.0,42.0,95.0
48.0,-14.0,42.0,95.0
50.0,-14.0,42.0,95.0
52.0,-14.0,42.0,95.0
54.0,-14.0,42.0,95.0
56.0,-14.0,42.0,76.0
58.0,-14.0,42.0,76.0
60.0,-14.0,42.0,76.0
62.0,-14.0,42.0,76.0
-64.0,-12.0,42.0,19.0
-62.0,-12.0,42.0,19.0
-60.0,-12.0,42.0,19.0
-58.0,-12.0,42.0,19.0
-56.0,-12.0,42.0,428.0
-54.0,-12.0,42.0,428.0
-52.0,-12.0,42.0,428.0
-50.0,-12.0,42.0,428.0
-46.0,-12.0,42.0,428.0
-44.0,-12.0,42.0,428.0
-42.0,-12.0,42.0,438.0
-40.0,-12.0,42.0,438.0
-16.0,-12.0,42.0,408.0
-14.0,-12.0,42.0,408.0
-12.0,-12.0,42.0,408.0
-10.0,-12.0,42.0,408.0
-8.0,-12.0,42.0,145.0
-6.0,-12.0,42.0,145.0
-4.0,-12.0,42.0,145.0
-2.0,-12.0,42.0,145.0
0.0,-12.0,42.0,145.0
2.0,-12.0,42.0,145.0
4.0,-12.0,42.0,499.0
6.0,-12.0,42.0,499.0
8.0,-12.0,42.0,499.0
10.0,-12.0,42.0,499.0
12.0,-12.0,42.0,499.0
42.0,-12.0,42.0,398.0
44.0,-12.0,42.0,95.0
46.0,-12.0,42.0,95.0
48.0,-12.0,42.0,95.0
50.0,-12.0,42.0,95.0
54.0,-12.0,42.0,76.0
56.0,-12.0,42.0,76.0
58.0,-12.0,42.0,76.0
60.0,-12.0,42.0,76.0
62.0,-12.0,42.0,76.0
-60.0,-10.0,42.0,19.0
-58.0,-10.0,42.0,19.0
-56.0,-10.0,42.0,19.0
-54.0,-10.0,42.0,428.0
-52.0,-10.0,42.0,438.0
-50.0,-10.0,42.0,438.0
-48.0,-10.0,42.0,438.0
-46.0,-10.0,42.0,438.0
-44.0,-10.0,42.0,438.0
-14.0,-10.0,42.0,408.0
-12.0,-10.0,42.0,408.0
-10.0,-10.0,42.0,408.0
-8.0,-10.0,42.0,408.0
-6.0,-10.0,42.0,145.0
-4.0,-10.0,42.0,145.0
-2.0,-10.0,42.0,145.0
0.0,-10.0,42.0,145.0
2.0,-10.0,42.0,145.0
4.0,-10.0,42.0,145.0
6.0,-10.0,42.0,499.0
8.0,-10.0,42.0,499.0
10.0,-10.0,42.0,499.0
12.0,-10.0,42.0,499.0
40.0,-10.0,42.0,398.0
42.0,-10.0,42.0,95.0
44.0,-10.0,42.0,95.0
46.0,-10.0,42.0,95.0
48.0,-10.0,42.0,95.0
50.0,-10.0,42.0,76.0
52.0,-10.0,42.0,76.0
54.0,-10.0,42.0,76.0
56.0,-10.0,42.0,76.0
58.0,-10.0,42.0,76.0
60.0,-10.0,42.0,76.0
-62.0,-8.0,42.0,19.0
-60.0,-8.0,42.0,19.0
-58.0,-8.0,42.0,19.0
-56.0,-8.0,42.0,19.0
-54.0,-8.0,42.0,438.0
-52.0,-8.0,42.0,438.0
-50.0,-8.0,42.0,438.0
-48.0,-8.0,42.0,438.0
-46.0,-8.0,42.0,438.0
-44.0,-8.0,42.0,438.0
-14.0,-8.0,42.0,408.0
-12.0,-8.0,42.0,408.0
-10.0,-8.0,42.0,408.0
-8.0,-8.0,42.0,408.0
-6.0,-8.0,42.0,408.0
-4.0,-8.0,42.0,145.0
-2.0,-8.0,42.0,145.0
0.0,-8.0,42.0,145.0
2.0,-8.0,42.0,145.0
4.0,-8.0,42.0,145.0
6.0,-8.0,42.0,235.0
8.0,-8.0,42.0,235.0
10.0,-8.0,42.0,235.0
12.0,-8.0,42.0,235.0
38.0,-8.0,42.0,343.0
40.0,-8.0,42.0,229.0
42.0,-8.0,42.0,229.0
44.0,-8.0,42.0,229.0
46.0,-8.0,42.0,95.0
48.0,-8.0,42.0,76.0
50.0,-8.0,42.0,76.0
52.0,-8.0,42.0,76.0
54.0,-8.0,42.0,76.0
56.0,-8.0,42.0,76.0
58.0,-8.0,42.0,76.0
60.0,-8.0,42.0,76.0
-62.0,-6.0,42.0,19.0
-60.0,-6.0,42.0,19.0
-58.0,-6.0,42.0,19.0
-56.0,-6.0,42.0,19.0
-54.0,-6.0,42.0,438.0
-52.0,-6.0,42.0,438.0
-50.0,-6.0,42.0,438.0
-48.0,-6.0,42.0,438.0
-46.0,-6.0,42.0,438.0
-44.0,-6.0,42.0,438.0
-42.0,-6.0,42.0,438.0
-40.0,-6.0,42.0,438.0
-38.0,-6.0,42.0,438.0
-36.0,-6.0,42.0,438.0
-12.0,-6.0,42.0,408.0
-10.0,-6.0,42.0,408.0
-8.0,-6.0,42.0,408.0
-6.0,-6.0,42.0,408.0
-4.0,-6.0,42.0,145.0
-2.0,-6.0,42.0,145.0
0.0,-6.0,42.0,145.0
2.0,-6.0,42.0,145.0
4.0,-6.0,42.0,145.0
6.0,-6.0,42.0,235.0
8.0,-6.0,42.0,235.0
10.0,-6.0,42.0,235.0
12.0,-6.0,42.0,235.0
36.0,-6.0,42.0,343.0
38.0,-6.0,42.0,229.0
40.0,-6.0,42.0,229.0
42.0,-6.0,42.0,229.0
44.0,-6.0,42.0,229.0
46.0,-6.0,42.0,229.0
48.0,-6.0,42.0,76.0
50.0,-6.0,42.0,76.0
52.0,-6.0,42.0,76.0
54.0,-6.0,42.0,76.0
56.0,-6.0,42.0,76.0
58.0,-6.0,42.0,76.0
60.0,-6.0,42.0,76.0
-60.0,-4.0,42.0,19.0
-58.0,-4.0,42.0,19.0
-56.0,-4.0,42.0,19.0
-54.0,-4.0,42.0,438.0
-52.0,-4.0,42.0,438.0
-50.0,-4.0,42.0,438.0
-48.0,-4.0,42.0,438.0
-46.0,-4.0,42.0,438.0
-44.0,-4.0,42.0,438.0
-42.0,-4.0,42.0,438.0
-40.0,-4.0,42.0,438.0
-38.0,-4.0,42.0,438.0
-36.0,-4.0,42.0,438.0
-12.0,-4.0,42.0,408.0
-10.0,-4.0,42.0,408.0
-8.0,-4.0,42.0,408.0
-6.0,-4.0,42.0,408.0
-4.0,-4.0,42.0,408.0
-2.0,-4.0,42.0,145.0
0.0,-4.0,42.0,145.0
2.0,-4.0,42.0,145.0
4.0,-4.0,42.0,259.0
6.0,-4.0,42.0,259.0
8.0,-4.0,42.0,259.0
10.0,-4.0,42.0,259.0
12.0,-4.0,42.0,259.0
40.0,-4.0,42.0,229.0
48.0,-4.0,42.0,76.0
50.0,-4.0,42.0,76.0
52.0,-4.0,42.0,76.0
54.0,-4.0,42.0,76.0
56.0,-4.0,42.0,76.0
58.0,-4.0,42.0,76.0
60.0,-4.0,42.0,76.0
-60.0,-2.0,42.0,19.0
-58.0,-2.0,42.0,19.0
-56.0,-2.0,42.0,539.0
-54.0,-2.0,42.0,438.0
-52.0,-2.0,42.0,438.0
-50.0,-2.0,42.0,438.0
-48.0,-2.0,42.0,438.0
-46.0,-2.0,42.0,438.0
-44.0,-2.0,42.0,438.0
-42.0,-2.0,42.0,438.0
-40.0,-2.0,42.0,438.0
-38.0,-2.0,42.0,438.0
-12.0,-2.0,42.0,408.0
-10.0,-2.0,42.0,408.0
-8.0,-2.0,42.0,408.0
-6.0,-2.0,42.0,408.0
-4.0,-2.0,42.0,408.0
-2.0,-2.0,42.0,408.0
0.0,-2.0,42.0,145.0
2.0,-2.0,42.0,259.0
4.0,-2.0,42.0,259.0
6.0,-2.0,42.0,259.0
8.0,-2.0,42.0,259.0
10.0,-2.0,42.0,259.0
12.0,-2.0,42.0,259.0
50.0,-2.0,42.0,76.0
52.0,-2.0,42.0,76.0
54.0,-2.0,42.0,76.0
56.0,-2.0,42.0,76.0
58.0,-2.0,42.0,76.0
-60.0,-0.0,42.0,539.0
-58.0,-0.0,42.0,539.0
-56.0,-0.0,42.0,539.0
-54.0,-0.0,42.0,539.0
-52.0,-0.0,42.0,539.0
-50.0,-0.0,42.0,438.0
-48.0,-0.0,42.0,438.0
-46.0,-0.0,42.0,438.0
-44.0,-0.0,42.0,438.0
-42.0,-0.0,42.0,438.0
-40.0,-0.0,42.0,438.0
-38.0,-0.0,42.0,438.0
-12.0,-0.0,42.0,408.0
-10.0,-0.0,42.0,408.0
-8.0,-0.0,42.0,408.0
-6.0,-0.0,42.0,408.0
-4.0,-0.0,42.0,408.0
-2.0,-0.0,42.0,408.0
0.0,-0.0,42.0,259.0
2.0,-0.0,42.0,259.0
4.0,-0.0,42.0,259.0
6.0,-0.0,42.0,259.0
8.0,-0.0,42.0,259.0
10.0,-0.0,42.0,259.0
12.0,-0.0,42.0,259.0
46.0,-0.0,42.0,229.0
48.0,-0.0,42.0,229.0
50.0,-0.0,42.0,76.0
52.0,-0.0,42.0,76.0
54.0,-0.0,42.0,76.0
56.0,-0.0,42.0,76.0
58.0,-0.0,42.0,76.0
-60.0,2.0,42.0,539.0
-58.0,2.0,42.0,539.0
-56.0,2.0,42.0,539.0
-54.0,2.0,42.0,539.0
-52.0,2.0,42.0,539.0
-50.0,2.0,42.0,539.0
-48.0,2.0,42.0,438.0
-46.0,2.0,42.0,438.0
-44.0,2.0,42.0,438.0
-42.0,2.0,42.0,438.0
-40.0,2.0,42.0,438.0
-38.0,2.0,42.0,438.0
-12.0,2.0,42.0,408.0
-10.0,2.0,42.0,408.0
-8.0,2.0,42.0,408.0
-6.0,2.0,42.0,408.0
-4.0,2.0,42.0,408.0
-2.0,2.0,42.0,408.0
0.0,2.0,42.0,259.0
2.0,2.0,42.0,259.0
4.0,2.0,42.0,259.0
6.0,2.0,42.0,259.0
8.0,2.0,42.0,259.0
10.0,2.0,42.0,259.0
12.0,2.0,42.0,259.0
38.0,2.0,42.0,533.0
40.0,2.0,42.0,533.0
42.0,2.0,42.0,229.0
44.0,2.0,42.0,229.0
46.0,2.0,42.0,229.0
48.0,2.0,42.0,229.0
50.0,2.0,42.0,229.0
52.0,2.0,42.0,76.0
54.0,2.0,42.0,76.0
56.0,2.0,42.0,76.0
58.0,2.0,42.0,76.0
-60.0,4.0,42.0,539.0
-58.0,4.0,42.0,539.0
-56.0,4.0,42.0,539.0
-54.0,4.0,42.0,539.0
-52.0,4.0,42.0,539.0
-50.0,4.0,42.0,539.0
-48.0,4.0,42.0,539.0
-46.0,4.0,42.0,438.0
-44.0,4.0,42.0,438.0
-42.0,4.0,42.0,438.0
-40.0,4.0,42.0,438.0
-38.0,4.0,42.0,438.0
-12.0,4.0,42.0,408.0
-10.0,4.0,42.0,408.0
-8.0,4.0,42.0,408.0
-6.0,4.0,42.0,408.0
-4.0,4.0,42.0,9.0
-2.0,4.0,42.0,9.0
0.0,4.0,42.0,9.0
2.0,4.0,42.0,9.0
4.0,4.0,42.0,259.0
6.0,4.0,42.0,259.0
8.0,4.0,42.0,259.0
10.0,4.0,42.0,259.0
12.0,4.0,42.0,259.0
38.0,4.0,42.0,533.0
40.0,4.0,42.0,533.0
42.0,4.0,42.0,229.0
44.0,4.0,42.0,229.0
46.0,4.0,42.0,229.0
48.0,4.0,42.0,229.0
50.0,4.0,42.0,229.0
52.0,4.0,42.0,445.0
54.0,4.0,42.0,76.0
56.0,4.0,42.0,76.0
-58.0,6.0,42.0,539.0
-56.0,6.0,42.0,539.0
-54.0,6.0,42.0,539.0
-52.0,6.0,42.0,539.0
-50.0,6.0,42.0,539.0
-48.0,6.0,42.0,539.0
-46.0,6.0,42.0,539.0
-44.0,6.0,42.0,439.0
-42.0,6.0,42.0,44.0
-40.0,6.0,42.0,44.0
-38.0,6.0,42.0,44.0
-12.0,6.0,42.0,408.0
-10.0,6.0,42.0,408.0
-8.0,6.0,42.0,408.0
-6.0,6.0,42.0,9.0
-4.0,6.0,42.0,9.0
-2.0,6.0,42.0,9.0
0.0,6.0,42.0,9.0
2.0,6.0,42.0,9.0
4.0,6.0,42.0,9.0
6.0,6.0,42.0,259.0
8.0,6.0,42.0,259.0
10.0,6.0,42.0,259.0
12.0,6.0,42.0,259.0
36.0,6.0,42.0,533.0
38.0,6.0,42.0,533.0
40.0,6.0,42.0,533.0
42.0,6.0,42.0,533.0
44.0,6.0,42.0,229.0
46.0,6.0,42.0,229.0
48.0,6.0,42.0,445.0
50.0,6.0,42.0,445.0
52.0,6.0,42.0,445.0
54.0,6.0,42.0,445.0
56.0,6.0,42.0,445.0
-58.0,8.0,42.0,539.0
-56.0,8.0,42.0,539.0
-54.0,8.0,42.0,539.0
-52.0,8.0,42.0,539.0
-50.0,8.0,42.0,539.0
-48.0,8.0,42.0,539.0
-46.0,8.0,42.0,539.0
-44.0,8.0,42.0,439.0
-42.0,8.0,42.0,44.0
-40.0,8.0,42.0,44.0
-38.0,8.0,42.0,44.0
-14.0,8.0,42.0,408.0
-12.0,8.0,42.0,408.0
-10.0,8.0,42.0,9.0
-8.0,8.0,42.0,9.0
-6.0,8.0,42.0,9.0
-4.0,8.0,42.0,9.0
-2.0,8.0,42.0,9.0
0.0,8.0,42.0,9.0
2.0,8.0,42.0,9.0
4.0,8.0,42.0,9.0
6.0,8.0,42.0,9.0
8.0,8.0,42.0,259.0
10.0,8.0,42.0,259.0
12.0,8.0,42.0,259.0
36.0,8.0,42.0,533.0
38.0,8.0,42.0,533.0
40.0,8.0,42.0,533.0
42.0,8.0,42.0,533.0
44.0,8.0,42.0,533.0
46.0,8.0,42.0,445.0
48.0,8.0,42.0,445.0
50.0,8.0,42.0,445.0
52.0,8.0,42.0,445.0
54.0,8.0,42.0,445.0
-56.0,10.0,42.0,539.0
-54.0,10.0,42.0,539.0
-52.0,10.0,42.0,539.0
-50.0,10.0,42.0,539.0
-48.0,10.0,42.0,539.0
-46.0,10.0,42.0,539.0
-44.0,10.0,42.0,44.0
-42.0,10.0,42.0,44.0
-40.0,10.0,42.0,44.0
-14.0,10.0,42.0,408.0
-12.0,10.0,42.0,9.0
-10.0,10.0,42.0,9.0
-8.0,10.0,42.0,9.0
-6.0,10.0,42.0,9.0
-4.0,10.0,42.0,9.0
-2.0,10.0,42.0,9.0
0.0,10.0,42.0,9.0
2.0,10.0,42.0,9.0
4.0,10.0,42.0,9.0
6.0,10.0,42.0,9.0
8.0,10.0,42.0,9.0
10.0,10.0,42.0,259.0
12.0,10.0,42.0,259.0
38.0,10.0,42.0,533.0
40.0,10.0,42.0,533.0
42.0,10.0,42.0,533.0
44.0,10.0,42.0,445.0
46.0,10.0,42.0,445.0
48.0,10.0,42.0,445.0
50.0,10.0,42.0,445.0
52.0,10.0,42.0,445.0
54.0,10.0,42.0,445.0
-54.0,12.0,42.0,539.0
-52.0,12.0,42.0,539.0
-50.0,12.0,42.0,539.0
-48.0,12.0,42.0,539.0
-46.0,12.0,42.0,539.0
-44.0,12.0,42.0,44.0
-38.0,12.0,42.0,44.0
-36.0,12.0,42.0,308.0
-14.0,12.0,42.0,9.0
-12.0,12.0,42.0,9.0
-10.0,12.0,42.0,9.0
-8.0,12.0,42.0,9.0
-6.0,12.0,42.0,9.0
-4.0,12.0,42.0,9.0
-2.0,12.0,42.0,9.0
0.0,12.0,42.0,9.0
2.0,12.0,42.0,9.0
4.0,12.0,42.0,9.0
6.0,12.0,42.0,9.0
8.0,12.0,42.0,9.0
10.0,12.0,42.0,9.0
26.0,12.0,42.0,533.0
38.0,12.0,42.0,533.0
40.0,12.0,42.0,533.0
42.0,12.0,42.0,445.0
44.0,12.0,42.0,445.0
46.0,12.0,42.0,445.0
48.0,12.0,42.0,445.0
50.0,12.0,42.0,445.0
52.0,12.0,42.0,445.0
-54.0,14.0,42.0,539.0
-52.0,14.0,42.0,539.0
-50.0,14.0,42.0,539.0
-48.0,14.0,42.0,539.0
-46.0,14.0,42.0,44.0
-44.0,14.0,42.0,44.0
-42.0,14.0,42.0,44.0
-40.0,14.0,42.0,44.0
-38.0,14.0,42.0,308.0
-36.0,14.0,42.0,308.0
-34.0,14.0,42.0,308.0
-14.0,14.0,42.0,9.0
-12.0,14.0,42.0,9.0
-10.0,14.0,42.0,9.0
-8.0,14.0,42.0,9.0
-6.0,14.0,42.0,9.0
-4.0,14.0,42.0,9.0
-2.0,14.0,42.0,9.0
0.0,14.0,42.0,9.0
2.0,14.0,42.0,9.0
4.0,14.0,42.0,9.0
6.0,14.0,42.0,9.0
8.0,14.0,42.0,9.0
24.0,14.0,42.0,167.0
26.0,14.0,42.0,167.0
34.0,14.0,42.0,533.0
36.0,14.0,42.0,533.0
38.0,14.0,42.0,533.0
40.0,14.0,42.0,533.0
42.0,14.0,42.0,445.0
44.0,14.0,42.0,445.0
46.0,14.0,42.0,445.0
48.0,14.0,42.0,445.0
50.0,14.0,42.0,445.0
52.0,14.0,42.0,445.0
-54.0,16.0,42.0,539.0
-52.0,16.0,42.0,539.0
-50.0,16.0,42.0,539.0
-48.0,16.0,42.0,539.0
-46.0,16.0,42.0,44.0
-44.0,16.0,42.0,44.0
-42.0,16.0,42.0,44.0
-40.0,16.0,42.0,44.0
-38.0,16.0,42.0,308.0
-36.0,16.0,42.0,308.0
-34.0,16.0,42.0,308.0
-28.0,16.0,42.0,308.0
-26.0,16.0,42.0,308.0
-24.0,16.0,42.0,308.0
-14.0,16.0,42.0,453.0
-12.0,16.0,42.0,9.0
-10.0,16.0,42.0,9.0
-8.0,16.0,42.0,9.0
-6.0,16.0,42.0,9.0
-4.0,16.0,42.0,9.0
-2.0,16.0,42.0,9.0
0.0,16.0,42.0,9.0
2.0,16.0,42.0,9.0
4.0,16.0,42.0,9.0
6.0,16.0,42.0,9.0
8.0,16.0,42.0,9.0
10.0,16.0,42.0,9.0
34.0,16.0,42.0,167.0
36.0,16.0,42.0,167.0
38.0,16.0,42.0,470.0
40.0,16.0,42.0,445.0
42.0,16.0,42.0,445.0
44.0,16.0,42.0,445.0
46.0,16.0,42.0,445.0
48.0,16.0,42.0,445.0
50.0,16.0,42.0,445.0
52.0,16.0,42.0,445.0
-54.0,18.0,42.0,539.0
-52.0,18.0,42.0,539.0
-50.0,18.0,42.0,539.0
-48.0,18.0,42.0,170.0
-46.0,18.0,42.0,44.0
-44.0,18.0,42.0,44.0
-42.0,18.0,42.0,44.0
-40.0,18.0,42.0,44.0
-38.0,18.0,42.0,308.0
-36.0,18.0,42.0,308.0
-34.0,18.0,42.0,308.0
-28.0,18.0,42.0,308.0
-26.0,18.0,42.0,308.0
-24.0,18.0,42.0,453.0
-14.0,18.0,42.0,453.0
-12.0,18.0,42.0,9.0
-10.0,18.0,42.0,9.0
-8.0,18.0,42.0,9.0
-6.0,18.0,42.0,9.0
-4.0,18.0,42.0,9.0
-2.0,18.0,42.0,9.0
0.0,18.0,42.0,9.0
2.0,18.0,42.0,9.0
4.0,18.0,42.0,9.0
6.0,18.0,42.0,9.0
8.0,18.0,42.0,9.0
10.0,18.0,42.0,9.0
32.0,18.0,42.0,167.0
34.0,18.0,42.0,167.0
36.0,18.0,42.0,167.0
38.0,18.0,42.0,167.0
40.0,18.0,42.0,445.0
42.0,18.0,42.0,445.0
44.0,18.0,42.0,445.0
46.0,18.0,42.0,445.0
48.0,18.0,42.0,445.0
50.0,18.0,42.0,445.0
52.0,18.0,42.0,445.0
-54.0,20.0,42.0,539.0
-52.0,20.0,42.0,170.0
-50.0,20.0,42.0,170.0
-48.0,20.0,42.0,170.0
-46.0,20.0,42.0,170.0
-44.0,20.0,42.0,44.0
-42.0,20.0,42.0,54.0
-40.0,20.0,42.0,54.0
-38.0,20.0,42.0,54.0
-36.0,20.0,42.0,54.0
-34.0,20.0,42.0,308.0
-28.0,20.0,42.0,308.0
-26.0,20.0,42.0,308.0
-24.0,20.0,42.0,453.0
-22.0,20.0,42.0,453.0
-12.0,20.0,42.0,453.0
-10.0,20.0,42.0,9.0
-8.0,20.0,42.0,9.0
-6.0,20.0,42.0,9.0
-4.0,20.0,42.0,9.0
-2.0,20.0,42.0,9.0
0.0,20.0,42.0,9.0
2.0,20.0,42.0,9.0
4.0,20.0,42.0,9.0
6.0,20.0,42.0,9.0
8.0,20.0,42.0,9.0
10.0,20.0,42.0,9.0
12.0,20.0,42.0,9.0
30.0,20.0,42.0,167.0
32.0,20.0,42.0,167.0
34.0,20.0,42.0,167.0
36.0,20.0,42.0,167.0
38.0,20.0,42.0,167.0
40.0,20.0,42.0,167.0
42.0,20.0,42.0,445.0
44.0,20.0,42.0,445.0
46.0,20.0,42.0,445.0
48.0,20.0,42.0,445.0
50.0,20.0,42.0,445.0
-52.0,22.0,42.0,170.0
-50.0,22.0,42.0,170.0
-48.0,22.0,42.0,170.0
-46.0,22.0,42.0,170.0
-44.0,22.0,42.0,170.0
-42.0,22.0,42.0,54.0
-40.0,22.0,42.0,54.0
-38.0,22.0,42.0,54.0
-36.0,22.0,42.0,54.0
-34.0,22.0,42.0,1.0
-32.0,22.0,42.0,1.0
-28.0,22.0,42.0,1.0
-26.0,22.0,42.0,453.0
-24.0,22.0,42.0,453.0
-22.0,22.0,42.0,453.0
-12.0,22.0,42.0,453.0
-10.0,22.0,42.0,453.0
-8.0,22.0,42.0,217.0
-6.0,22.0,42.0,9.0
-4.0,22.0,42.0,9.0
-2.0,22.0,42.0,9.0
2.0,22.0,42.0,9.0
4.0,22.0,42.0,9.0
6.0,22.0,42.0,9.0
8.0,22.0,42.0,9.0
10.0,22.0,42.0,9.0
12.0,22.0,42.0,317.0
22.0,22.0,42.0,317.0
24.0,22.0,42.0,167.0
26.0,22.0,42.0,167.0
28.0,22.0,42.0,167.0
30.0,22.0,42.0,167.0
32.0,22.0,42.0,167.0
34.0,22.0,42.0,167.0
36.0,22.0,42.0,167.0
38.0,22.0,42.0,167.0
40.0,22.0,42.0,167.0
42.0,22.0,42.0,445.0
44.0,22.0,42.0,445.0
46.0,22.0,42.0,445.0
48.0,22.0,42.0,445.0
50.0,22.0,42.0,445.0
-50.0,24.0,42.0,170.0
-48.0,24.0,42.0,170.0
-46.0,24.0,42.0,170.0
-44.0,24.0,42.0,170.0
-42.0,24.0,42.0,54.0
-40.0,24.0,42.0,54.0
-38.0,24.0,42.0,54.0
-36.0,24.0,42.0,54.0
-34.0,24.0,42.0,1.0
-32.0,24.0,42.0,1.0
-30.0,24.0,42.0,1.0
-28.0,24.0,42.0,1.0
-26.0,24.0,42.0,453.0
-24.0,24.0,42.0,453.0
-22.0,24.0,42.0,453.0
-12.0,24.0,42.0,453.0
-10.0,24.0,42.0,217.0
-8.0,24.0,42.0,217.0
-6.0,24.0,42.0,217.0
-4.0,24.0,42.0,217.0
-2.0,24.0,42.0,217.0
2.0,24.0,42.0,217.0
4.0,24.0,42.0,217.0
6.0,24.0,42.0,217.0
8.0,24.0,42.0,217.0
10.0,24.0,42.0,9.0
12.0,24.0,42.0,317.0
22.0,24.0,42.0,317.0
24.0,24.0,42.0,317.0
26.0,24.0,42.0,167.0
28.0,24.0,42.0,167.0
30.0,24.0,42.0,167.0
32.0,24.0,42.0,167.0
34.0,24.0,42.0,167.0
36.0,24.0,42.0,167.0
38.0,24.0,42.0,167.0
40.0,24.0,42.0,167.0
42.0,24.0,42.0,167.0
44.0,24.0,42.0,445.0
46.0,24.0,42.0,445.0
48.0,24.0,42.0,445.0
-50.0,26.0,42.0,170.0
-48.0,26.0,42.0,170.0
-46.0,26.0,42.0,170.0
-44.0,26.0,42.0,170.0
-42.0,26.0,42.0,54.0
-40.0,26.0,42.0,54.0
-38.0,26.0,42.0,54.0
-36.0,26.0,42.0,1.0
-34.0,26.0,42.0,1.0
-32.0,26.0,42.0,1.0
-30.0,26.0,42.0,1.0
-28.0,26.0,42.0,1.0
-26.0,26.0,42.0,453.0
-24.0,26.0,42.0,453.0
-22.0,26.0,42.0,453.0
-20.0,26.0,42.0,453.0
-12.0,26.0,42.0,453.0
-10.0,26.0,42.0,217.0
-8.0,26.0,42.0,217.0
-6.0,26.0,42.0,217.0
-4.0,26.0,42.0,217.0
-2.0,26.0,42.0,217.0
2.0,26.0,42.0,217.0
4.0,26.0,42.0,217.0
6.0,26.0,42.0,217.0
8.0,26.0,42.0,217.0
10.0,26.0,42.0,217.0
20.0,26.0,42.0,317.0
22.0,26.0,42.0,317.0
24.0,26.0,42.0,317.0
26.0,26.0,42.0,317.0
28.0,26.0,42.0,167.0
30.0,26.0,42.0,167.0
32.0,26.0,42.0,167.0
34.0,26.0,42.0,167.0
36.0,26.0,42.0,167.0
38.0,26.0,42.0,167.0
40.0,26.0,42.0,167.0
42.0,26.0,42.0,167.0
44.0,26.0,42.0,445.0
46.0,26.0,42.0,445.0
-48.0,28.0,42.0,170.0
-46.0,28.0,42.0,170.0
-44.0,28.0,42.0,170.0
-42.0,28.0,42.0,368.0
-40.0,28.0,42.0,54.0
-38.0,28.0,42.0,54.0
-36.0,28.0,42.0,164.0
-34.0,28.0,42.0,164.0
-32.0,28.0,42.0,164.0
-30.0,28.0,42.0,164.0
-28.0,28.0,42.0,386.0
-26.0,28.0,42.0,386.0
-24.0,28.0,42.0,453.0
-22.0,28.0,42.0,453.0
-20.0,28.0,42.0,453.0
-12.0,28.0,42.0,453.0
-10.0,28.0,42.0,399.0
-8.0,28.0,42.0,217.0
-6.0,28.0,42.0,217.0
-4.0,28.0,42.0,217.0
-2.0,28.0,42.0,217.0
2.0,28.0,42.0,217.0
4.0,28.0,42.0,217.0
6.0,28.0,42.0,217.0
8.0,28.0,42.0,217.0
10.0,28.0,42.0,255.0
20.0,28.0,42.0,317.0
22.0,28.0,42.0,317.0
24.0,28.0,42.0,317.0
26.0,28.0,42.0,317.0
28.0,28.0,42.0,317.0
30.0,28.0,42.0,167.0
32.0,28.0,42.0,167.0
34.0,28.0,42.0,167.0
36.0,28.0,42.0,167.0
38.0,28.0,42.0,167.0
40.0,28.0,42.0,167.0
42.0,28.0,42.0,167.0
44.0,28.0,42.0,391.0
46.0,28.0,42.0,445.0
-46.0,30.0,42.0,170.0
-44.0,30.0,42.0,368.0
-42.0,30.0,42.0,368.0
-40.0,30.0,42.0,368.0
-38.0,30.0,42.0,164.0
-36.0,30.0,42.0,164.0
-34.0,30.0,42.0,164.0
-32.0,30.0,42.0,386.0
-30.0,30.0,42.0,386.0
-28.0,30.0,42.0,386.0
-26.0,30.0,42.0,386.0
-24.0,30.0,42.0,453.0
-22.0,30.0,42.0,453.0
-20.0,30.0,42.0,453.0
-12.0,30.0,42.0,399.0
-10.0,30.0,42.0,399.0
-8.0,30.0,42.0,399.0
-6.0,30.0,42.0,399.0
-4.0,30.0,42.0,217.0
-2.0,30.0,42.0,217.0
2.0,30.0,42.0,217.0
4.0,30.0,42.0,217.0
6.0,30.0,42.0,217.0
8.0,30.0,42.0,217.0
10.0,30.0,42.0,255.0
18.0,30.0,42.0,317.0
20.0,30.0,42.0,317.0
22.0,30.0,42.0,317.0
24.0,30.0,42.0,317.0
26.0,30.0,42.0,317.0
28.0,30.0,42.0,317.0
30.0,30.0,42.0,317.0
32.0,30.0,42.0,167.0
34.0,30.0,42.0,167.0
36.0,30.0,42.0,167.0
38.0,30.0,42.0,391.0
40.0,30.0,42.0,391.0
42.0,30.0,42.0,391.0
44.0,30.0,42.0,391.0
-46.0,32.0,42.0,368.0
-44.0,32.0,42.0,368.0
-42.0,32.0,42.0,368.0
-40.0,32.0,42.0,368.0
-38.0,32.0,42.0,368.0
-36.0,32.0,42.0,386.0
-34.0,32.0,42.0,386.0
-32.0,32.0,42.0,386.0
-30.0,32.0,42.0,386.0
-28.0,32.0,42.0,386.0
-26.0,32.0,42.0,386.0
-24.0,32.0,42.0,386.0
-22.0,32.0,42.0,453.0
-20.0,32.0,42.0,453.0
-10.0,32.0,42.0,399.0
-8.0,32.0,42.0,399.0
-6.0,32.0,42.0,399.0
-4.0,32.0,42.0,399.0
-2.0,32.0,42.0,399.0
0.0,32.0,42.0,217.0
2.0,32.0,42.0,217.0
4.0,32.0,42.0,217.0
6.0,32.0,42.0,217.0
8.0,32.0,42.0,217.0
18.0,32.0,42.0,317.0
20.0,32.0,42.0,317.0
22.0,32.0,42.0,317.0
24.0,32.0,42.0,317.0
26.0,32.0,42.0,317.0
28.0,32.0,42.0,317.0
30.0,32.0,42.0,317.0
32.0,32.0,42.0,317.0
34.0,32.0,42.0,391.0
36.0,32.0,42.0,391.0
38.0,32.0,42.0,391.0
40.0,32.0,42.0,391.0
42.0,32.0,42.0,391.0
-44.0,34.0,42.0,368.0
-42.0,34.0,42.0,368.0
-40.0,34.0,42.0,368.0
-38.0,34.0,42.0,368.0
-36.0,34.0,42.0,386.0
-34.0,34.0,42.0,386.0
-32.0,34.0,42.0,386.0
-30.0,34.0,42.0,386.0
-28.0,34.0,42.0,386.0
-26.0,34.0,42.0,386.0
-24.0,34.0,42.0,386.0
-22.0,34.0,42.0,453.0
-20.0,34.0,42.0,453.0
-18.0,34.0,42.0,453.0
-10.0,34.0,42.0,399.0
-8.0,34.0,42.0,399.0
-6.0,34.0,42.0,399.0
-4.0,34.0,42.0,399.0
-2.0,34.0,42.0,399.0
0.0,34.0,42.0,399.0
2.0,34.0,42.0,399.0
4.0,34.0,42.0,217.0
6.0,34.0,42.0,217.0
8.0,34.0,42.0,255.0
16.0,34.0,42.0,317.0
18.0,34.0,42.0,317.0
20.0,34.0,42.0,317.0
22.0,34.0,42.0,317.0
24.0,34.0,42.0,317.0
26.0,34.0,42.0,317.0
28.0,34.0,42.0,317.0
30.0,34.0,42.0,317.0
32.0,34.0,42.0,391.0
34.0,34.0,42.0,391.0
36.0,34.0,42.0,391.0
38.0,34.0,42.0,391.0
40.0,34.0,42.0,391.0
-42.0,36.0,42.0,368.0
-40.0,36.0,42.0,368.0
-38.0,36.0,42.0,368.0
-36.0,36.0,42.0,386.0
-34.0,36.0,42.0,386.0
-32.0,36.0,42.0,386.0
-30.0,36.0,42.0,386.0
-28.0,36.0,42.0,386.0
-26.0,36.0,42.0,386.0
-24.0,36.0,42.0,386.0
-22.0,36.0,42.0,291.0
-20.0,36.0,42.0,291.0
-18.0,36.0,42.0,399.0
-10.0,36.0,42.0,399.0
-8.0,36.0,42.0,399.0
-6.0,36.0,42.0,399.0
-4.0,36.0,42.0,399.0
-2.0,36.0,42.0,399.0
2.0,36.0,42.0,399.0
4.0,36.0,42.0,399.0
6.0,36.0,42.0,399.0
8.0,36.0,42.0,126.0
16.0,36.0,42.0,317.0
18.0,36.0,42.0,317.0
20.0,36.0,42.0,317.0
22.0,36.0,42.0,317.0
24.0,36.0,42.0,317.0
26.0,36.0,42.0,317.0
28.0,36.0,42.0,317.0
30.0,36.0,42.0,391.0
32.0,36.0,42.0,391.0
34.0,36.0,42.0,391.0
36.0,36.0,42.0,391.0
38.0,36.0,42.0,391.0
-40.0,38.0,42.0,368.0
-38.0,38.0,42.0,416.0
-36.0,38.0,42.0,416.0
-34.0,38.0,42.0,386.0
-32.0,38.0,42.0,386.0
-30.0,38.0,42.0,386.0
-24.0,38.0,42.0,291.0
-22.0,38.0,42.0,291.0
-20.0,38.0,42.0,291.0
-18.0,38.0,42.0,399.0
-8.0,38.0,42.0,399.0
-6.0,38.0,42.0,399.0
-4.0,38.0,42.0,399.0
-2.0,38.0,42.0,399.0
2.0,38.0,42.0,399.0
4.0,38.0,42.0,399.0
6.0,38.0,42.0,399.0
8.0,38.0,42.0,126.0
10.0,38.0,42.0,126.0
16.0,38.0,42.0,317.0
18.0,38.0,42.0,317.0
20.0,38.0,42.0,317.0
22.0,38.0,42.0,317.0
24.0,38.0,42.0,317.0
26.0,38.0,42.0,317.0
28.0,38.0,42.0,391.0
30.0,38.0,42.0,391.0
32.0,38.0,42.0,391.0
34.0,38.0,42.0,391.0
36.0,38.0,42.0,391.0
-38.0,40.0,42.0,416.0
-36.0,40.0,42.0,416.0
-34.0,40.0,42.0,416.0
-32.0,40.0,42.0,416.0
-30.0,40.0,42.0,386.0
-28.0,40.0,42.0,291.0
-24.0,40.0,42.0,291.0
-22.0,40.0,42.0,291.0
-20.0,40.0,42.0,291.0
-18.0,40.0,42.0,291.0
-16.0,40.0,42.0,399.0
-8.0,40.0,42.0,399.0
-6.0,40.0,42.0,399.0
-4.0,40.0,42.0,399.0
-2.0,40.0,42.0,399.0
2.0,40.0,42.0,399.0
4.0,40.0,42.0,399.0
6.0,40.0,42.0,399.0
8.0,40.0,42.0,218.0
10.0,40.0,42.0,218.0
16.0,40.0,42.0,317.0
18.0,40.0,42.0,317.0
20.0,40.0,42.0,317.0
22.0,40.0,42.0,317.0
24.0,40.0,42.0,317.0
26.0,40.0,42.0,391.0
28.0,40.0,42.0,391.0
30.0,40.0,42.0,391.0
32.0,40.0,42.0,391.0
34.0,40.0,42.0,391.0
-36.0,42.0,42.0,416.0
-34.0,42.0,42.0,416.0
-32.0,42.0,42.0,416.0
-30.0,42.0,42.0,291.0
-28.0,42.0,42.0,291.0
-26.0,42.0,42.0,291.0
-24.0,42.0,42.0,291.0
-22.0,42.0,42.0,291.0
-20.0,42.0,42.0,291.0
-18.0,42.0,42.0,291.0
-16.0,42.0,42.0,399.0
-8.0,42.0,42.0,399.0
-6.0,42.0,42.0,399.0
-4.0,42.0,42.0,399.0
-2.0,42.0,42.0,399.0
2.0,42.0,42.0,399.0
4.0,42.0,42.0,399.0
6.0,42.0,42.0,399.0
8.0,42.0,42.0,218.0
10.0,42.0,42.0,218.0
16.0,42.0,42.0,317.0
18.0,42.0,42.0,317.0
20.0,42.0,42.0,317.0
22.0,42.0,42.0,317.0
24.0,42.0,42.0,391.0
28.0,42.0,42.0,391.0
30.0,42.0,42.0,391.0
32.0,42.0,42.0,391.0
34.0,42.0,42.0,391.0
-34.0,44.0,42.0,416.0
-32.0,44.0,42.0,416.0
-30.0,44.0,42.0,291.0
-28.0,44.0,42.0,291.0
-26.0,44.0,42.0,291.0
-24.0,44.0,42.0,291.0
-22.0,44.0,42.0,291.0
-20.0,44.0,42.0,291.0
-18.0,44.0,42.0,281.0
-16.0,44.0,42.0,281.0
-14.0,44.0,42.0,399.0
-8.0,44.0,42.0,399.0
-6.0,44.0,42.0,399.0
-4.0,44.0,42.0,399.0
-2.0,44.0,42.0,399.0
2.0,44.0,42.0,399.0
4.0,44.0,42.0,399.0
6.0,44.0,42.0,218.0
8.0,44.0,42.0,218.0
10.0,44.0,42.0,218.0
16.0,44.0,42.0,218.0
18.0,44.0,42.0,317.0
20.0,44.0,42.0,317.0
22.0,44.0,42.0,391.0
24.0,44.0,42.0,391.0
26.0,44.0,42.0,391.0
28.0,44.0,42.0,391.0
30.0,44.0,42.0,391.0
-32.0,46.0,42.0,416.0
-30.0,46.0,42.0,291.0
-28.0,46.0,42.0,291.0
-26.0,46.0,42.0,291.0
-24.0,46.0,42.0,291.0
-22.0,46.0,42.0,291.0
-20.0,46.0,42.0,281.0
-18.0,46.0,42.0,281.0
-16.0,46.0,42.0,281.0
-14.0,46.0,42.0,281.0
-12.0,46.0,42.0,399.0
-8.0,46.0,42.0,399.0
-6.0,46.0,42.0,399.0
-4.0,46.0,42.0,399.0
-2.0,46.0,42.0,399.0
2.0,46.0,42.0,399.0
4.0,46.0,42.0,399.0
6.0,46.0,42.0,218.0
8.0,46.0,42.0,218.0
10.0,46.0,42.0,218.0
12.0,46.0,42.0,218.0
14.0,46.0,42.0,218.0
16.0,46.0,42.0,256.0
18.0,46.0,42.0,256.0
20.0,46.0,42.0,391.0
22.0,46.0,42.0,391.0
24.0,46.0,42.0,391.0
-30.0,48.0,42.0,291.0
-28.0,48.0,42.0,291.0
-26.0,48.0,42.0,291.0
-24.0,48.0,42.0,291.0
-22.0,48.0,42.0,281.0
-20.0,48.0,42.0,281.0
-18.0,48.0,42.0,281.0
-16.0,48.0,42.0,281.0
-14.0,48.0,42.0,281.0
-12.0,48.0,42.0,281.0
-10.0,48.0,42.0,458.0
-8.0,48.0,42.0,458.0
-6.0,48.0,42.0,399.0
-4.0,48.0,42.0,399.0
-2.0,48.0,42.0,399.0
2.0,48.0,42.0,399.0
4.0,48.0,42.0,399.0
6.0,48.0,42.0,218.0
8.0,48.0,42.0,218.0
10.0,48.0,42.0,218.0
12.0,48.0,42.0,256.0
14.0,48.0,42.0,256.0
16.0,48.0,42.0,256.0
18.0,48.0,42.0,256.0
20.0,48.0,42.0,256.0
22.0,48.0,42.0,391.0
24.0,48.0,42.0,391.0
-26.0,50.0,42.0,291.0
-24.0,50.0,42.0,23.0
-22.0,50.0,42.0,281.0
-20.0,50.0,42.0,281.0
-18.0,50.0,42.0,281.0
-16.0,50.0,42.0,281.0
-14.0,50.0,42.0,281.0
-12.0,50.0,42.0,458.0
-10.0,50.0,42.0,458.0
-8.0,50.0,42.0,458.0
-6.0,50.0,42.0,458.0
-4.0,50.0,42.0,458.0
-2.0,50.0,42.0,458.0
2.0,50.0,42.0,399.0
4.0,50.0,42.0,218.0
6.0,50.0,42.0,218.0
8.0,50.0,42.0,256.0
10.0,50.0,42.0,256.0
12.0,50.0,42.0,256.0
14.0,50.0,42.0,256.0
16.0,50.0,42.0,256.0
18.0,50.0,42.0,256.0
20.0,50.0,42.0,256.0
22.0,50.0,42.0,256.0
-22.0,52.0,42.0,281.0
-20.0,52.0,42.0,281.0
-18.0,52.0,42.0,281.0
-16.0,52.0,42.0,281.0
-14.0,52.0,42.0,281.0
-12.0,52.0,42.0,458.0
-10.0,52.0,42.0,458.0
-8.0,52.0,42.0,458.0
-6.0,52.0,42.0,458.0
-4.0,52.0,42.0,458.0
-2.0,52.0,42.0,458.0
2.0,52.0,42.0,458.0
4.0,52.0,42.0,256.0
6.0,52.0,42.0,256.0
8.0,52.0,42.0,256.0
10.0,52.0,42.0,256.0
12.0,52.0,42.0,256.0
14.0,52.0,42.0,256.0
16.0,52.0,42.0,256.0
18.0,52.0,42.0,256.0
20.0,52.0,42.0,256.0
-18.0,54.0,42.0,281.0
-16.0,54.0,42.0,281.0
-14.0,54.0,42.0,458.0
-12.0,54.0,42.0,458.0
-10.0,54.0,42.0,458.0
-8.0,54.0,42.0,458.0
-6.0,54.0,42.0,458.0
-4.0,54.0,42.0,458.0
-2.0,54.0,42.0,458.0
4.0,54.0,42.0,256.0
6.0,54.0,42.0,256.0
8.0,54.0,42.0,256.0
10.0,54.0,42.0,256.0
12.0,54.0,42.0,256.0
14.0,54.0,42.0,256.0
16.0,54.0,42.0,256.0
-16.0,56.0,42.0,281.0
-14.0,56.0,42.0,458.0
-12.0,56.0,42.0,458.0
-10.0,56.0,42.0,458.0
-8.0,56.0,42.0,458.0
-6.0,56.0,42.0,458.0
-4.0,56.0,42.0,458.0
4.0,56.0,42.0,256.0
6.0,56.0,42.0,256.0
8.0,56.0,42.0,256.0
10.0,56.0,42.0,256.0
12.0,56.0,42.0,256.0
-20.0,-88.0,44.0,41.0
-18.0,-88.0,44.0,41.0
-16.0,-88.0,44.0,41.0
-14.0,-88.0,44.0,550.0
-12.0,-88.0,44.0,148.0
-10.0,-88.0,44.0,148.0
-8.0,-88.0,44.0,148.0
8.0,-88.0,44.0,186.0
10.0,-88.0,44.0,186.0
12.0,-88.0,44.0,135.0
14.0,-88.0,44.0,135.0
16.0,-88.0,44.0,135.0
-22.0,-86.0,44.0,41.0
-20.0,-86.0,44.0,41.0
-18.0,-86.0,44.0,41.0
-16.0,-86.0,44.0,550.0
-14.0,-86.0,44.0,550.0
-12.0,-86.0,44.0,550.0
-10.0,-86.0,44.0,550.0
-8.0,-86.0,44.0,148.0
4.0,-86.0,44.0,449.0
6.0,-86.0,44.0,449.0
8.0,-86.0,44.0,186.0
10.0,-86.0,44.0,186.0
12.0,-86.0,44.0,135.0
14.0,-86.0,44.0,135.0
16.0,-86.0,44.0,135.0
18.0,-86.0,44.0,135.0
20.0,-86.0,44.0,135.0
22.0,-86.0,44.0,135.0
24.0,-86.0,44.0,135.0
-20.0,-84.0,44.0,41.0
-18.0,-84.0,44.0,550.0
-16.0,-84.0,44.0,550.0
-14.0,-84.0,44.0,550.0
-12.0,-84.0,44.0,550.0
-10.0,-84.0,44.0,550.0
-8.0,-84.0,44.0,550.0
-6.0,-84.0,44.0,449.0
4.0,-84.0,44.0,302.0
6.0,-84.0,44.0,186.0
8.0,-84.0,44.0,186.0
10.0,-84.0,44.0,186.0
12.0,-84.0,44.0,186.0
14.0,-84.0,44.0,135.0
16.0,-84.0,44.0,135.0
18.0,-84.0,44.0,135.0
20.0,-84.0,44.0,135.0
22.0,-84.0,44.0,135.0
24.0,-84.0,44.0,135.0
26.0,-84.0,44.0,135.0
28.0,-84.0,44.0,135.0
30.0,-84.0,44.0,135.0
32.0,-84.0,44.0,135.0
-34.0,-82.0,44.0,556.0
-32.0,-82.0,44.0,556.0
-26.0,-82.0,44.0,41.0
-24.0,-82.0,44.0,41.0
-16.0,-82.0,44.0,550.0
-14.0,-82.0,44.0,550.0
-12.0,-82.0,44.0,550.0
-10.0,-82.0,44.0,550.0
-8.0,-82.0,44.0,550.0
2.0,-82.0,44.0,302.0
4.0,-82.0,44.0,302.0
6.0,-82.0,44.0,186.0
8.0,-82.0,44.0,186.0
10.0,-82.0,44.0,186.0
12.0,-82.0,44.0,186.0
14.0,-82.0,44.0,135.0
16.0,-82.0,44.0,135.0
18.0,-82.0,44.0,135.0
20.0,-82.0,44.0,135.0
22.0,-82.0,44.0,135.0
24.0,-82.0,44.0,135.0
26.0,-82.0,44.0,135.0
28.0,-82.0,44.0,135.0
30.0,-82.0,44.0,135.0
32.0,-82.0,44.0,254.0
34.0,-82.0,44.0,254.0
-36.0,-80.0,44.0,556.0
-34.0,-80.0,44.0,556.0
-32.0,-80.0,44.0,556.0
-30.0,-80.0,44.0,556.0
-28.0,-80.0,44.0,41.0
-26.0,-80.0,44.0,353.0
-24.0,-80.0,44.0,353.0
-22.0,-80.0,44.0,353.0
2.0,-80.0,44.0,302.0
4.0,-80.0,44.0,302.0
6.0,-80.0,44.0,186.0
8.0,-80.0,44.0,186.0
10.0,-80.0,44.0,186.0
12.0,-80.0,44.0,186.0
14.0,-80.0,44.0,135.0
16.0,-80.0,44.0,135.0
18.0,-80.0,44.0,135.0
20.0,-80.0,44.0,135.0
22.0,-80.0,44.0,135.0
24.0,-80.0,44.0,135.0
26.0,-80.0,44.0,135.0
28.0,-80.0,44.0,135.0
32.0,-80.0,44.0,254.0
34.0,-80.0,44.0,254.0
36.0,-80.0,44.0,254.0
38.0,-80.0,44.0,254.0
-40.0,-78.0,44.0,556.0
-38.0,-78.0,44.0,556.0
-36.0,-78.0,44.0,556.0
-34.0,-78.0,44.0,556.0
-32.0,-78.0,44.0,556.0
-30.0,-78.0,44.0,556.0
-28.0,-78.0,44.0,353.0
-26.0,-78.0,44.0,353.0
-24.0,-78.0,44.0,353.0
-22.0,-78.0,44.0,353.0
-20.0,-78.0,44.0,353.0
-16.0,-78.0,44.0,353.0
-14.0,-78.0,44.0,550.0
-12.0,-78.0,44.0,550.0
-10.0,-78.0,44.0,550.0
4.0,-78.0,44.0,515.0
6.0,-78.0,44.0,515.0
8.0,-78.0,44.0,186.0
10.0,-78.0,44.0,186.0
12.0,-78.0,44.0,186.0
14.0,-78.0,44.0,186.0
16.0,-78.0,44.0,135.0
18.0,-78.0,44.0,135.0
20.0,-78.0,44.0,135.0
28.0,-78.0,44.0,135.0
30.0,-78.0,44.0,254.0
32.0,-78.0,44.0,254.0
34.0,-78.0,44.0,254.0
36.0,-78.0,44.0,254.0
38.0,-78.0,44.0,254.0
40.0,-78.0,44.0,254.0
-42.0,-76.0,44.0,556.0
-40.0,-76.0,44.0,556.0
-38.0,-76.0,44.0,556.0
-36.0,-76.0,44.0,556.0
-34.0,-76.0,44.0,556.0
-32.0,-76.0,44.0,556.0
-30.0,-76.0,44.0,556.0
-28.0,-76.0,44.0,353.0
-26.0,-76.0,44.0,353.0
-24.0,-76.0,44.0,353.0
-22.0,-76.0,44.0,353.0
-20.0,-76.0,44.0,353.0
-18.0,-76.0,44.0,353.0
-16.0,-76.0,44.0,353.0
-14.0,-76.0,44.0,353.0
-12.0,-76.0,44.0,353.0
-10.0,-76.0,44.0,155.0
-8.0,-76.0,44.0,155.0
0.0,-76.0,44.0,515.0
2.0,-76.0,44.0,515.0
4.0,-76.0,44.0,515.0
6.0,-76.0,44.0,515.0
8.0,-76.0,44.0,186.0
10.0,-76.0,44.0,186.0
12.0,-76.0,44.0,186.0
14.0,-76.0,44.0,186.0
16.0,-76.0,44.0,135.0
18.0,-76.0,44.0,135.0
20.0,-76.0,44.0,135.0
24.0,-76.0,44.0,135.0
26.0,-76.0,44.0,135.0
28.0,-76.0,44.0,254.0
30.0,-76.0,44.0,254.0
32.0,-76.0,44.0,254.0
34.0,-76.0,44.0,254.0
36.0,-76.0,44.0,254.0
38.0,-76.0,44.0,254.0
40.0,-76.0,44.0,254.0
42.0,-76.0,44.0,254.0
44.0,-76.0,44.0,254.0
-44.0,-74.0,44.0,556.0
-42.0,-74.0,44.0,556.0
-40.0,-74.0,44.0,556.0
-38.0,-74.0,44.0,556.0
-36.0,-74.0,44.0,556.0
-34.0,-74.0,44.0,556.0
-32.0,-74.0,44.0,556.0
-30.0,-74.0,44.0,512.0
-28.0,-74.0,44.0,353.0
-26.0,-74.0,44.0,353.0
-24.0,-74.0,44.0,353.0
-22.0,-74.0,44.0,353.0
-20.0,-74.0,44.0,353.0
-18.0,-74.0,44.0,353.0
-16.0,-74.0,44.0,353.0
-14.0,-74.0,44.0,353.0
-12.0,-74.0,44.0,353.0
-10.0,-74.0,44.0,155.0
-8.0,-74.0,44.0,155.0
-6.0,-74.0,44.0,155.0
-4.0,-74.0,44.0,155.0
0.0,-74.0,44.0,515.0
2.0,-74.0,44.0,515.0
4.0,-74.0,44.0,515.0
6.0,-74.0,44.0,515.0
8.0,-74.0,44.0,515.0
10.0,-74.0,44.0,186.0
12.0,-74.0,44.0,186.0
16.0,-74.0,44.0,135.0
18.0,-74.0,44.0,135.0
20.0,-74.0,44.0,135.0
22.0,-74.0,44.0,135.0
24.0,-74.0,44.0,135.0
26.0,-74.0,44.0,135.0
28.0,-74.0,44.0,254.0
30.0,-74.0,44.0,254.0
32.0,-74.0,44.0,254.0
34.0,-74.0,44.0,254.0
36.0,-74.0,44.0,254.0
38.0,-74.0,44.0,254.0
40.0,-74.0,44.0,254.0
42.0,-74.0,44.0,254.0
44.0,-74.0,44.0,254.0
-46.0,-72.0,44.0,556.0
-44.0,-72.0,44.0,556.0
-42.0,-72.0,44.0,556.0
-40.0,-72.0,44.0,556.0
-38.0,-72.0,44.0,556.0
-36.0,-72.0,44.0,556.0
-34.0,-72.0,44.0,556.0
-32.0,-72.0,44.0,512.0
-30.0,-72.0,44.0,512.0
-28.0,-72.0,44.0,353.0
-26.0,-72.0,44.0,353.0
-24.0,-72.0,44.0,353.0
-22.0,-72.0,44.0,353.0
-20.0,-72.0,44.0,353.0
-18.0,-72.0,44.0,353.0
-16.0,-72.0,44.0,353.0
-14.0,-72.0,44.0,353.0
-12.0,-72.0,44.0,493.0
-10.0,-72.0,44.0,493.0
-8.0,-72.0,44.0,155.0
-6.0,-72.0,44.0,155.0
-4.0,-72.0,44.0,155.0
-2.0,-72.0,44.0,515.0
0.0,-72.0,44.0,515.0
2.0,-72.0,44.0,515.0
4.0,-72.0,44.0,515.0
6.0,-72.0,44.0,515.0
8.0,-72.0,44.0,515.0
10.0,-72.0,44.0,515.0
12.0,-72.0,44.0,186.0
14.0,-72.0,44.0,186.0
18.0,-72.0,44.0,135.0
20.0,-72.0,44.0,135.0
22.0,-72.0,44.0,135.0
24.0,-72.0,44.0,135.0
26.0,-72.0,44.0,254.0
28.0,-72.0,44.0,254.0
30.0,-72.0,44.0,254.0
32.0,-72.0,44.0,254.0
34.0,-72.0,44.0,254.0
36.0,-72.0,44.0,254.0
38.0,-72.0,44.0,254.0
40.0,-72.0,44.0,254.0
42.0,-72.0,44.0,254.0
44.0,-72.0,44.0,254.0
46.0,-72.0,44.0,254.0
48.0,-72.0,44.0,254.0
-48.0,-70.0,44.0,556.0
-46.0,-70.0,44.0,556.0
-44.0,-70.0,44.0,556.0
-42.0,-70.0,44.0,556.0
-40.0,-70.0,44.0,556.0
-38.0,-70.0,44.0,556.0
-36.0,-70.0,44.0,556.0
-34.0,-70.0,44.0,512.0
-32.0,-70.0,44.0,128.0
-30.0,-70.0,44.0,128.0
-28.0,-70.0,44.0,128.0
-26.0,-70.0,44.0,353.0
-24.0,-70.0,44.0,353.0
-22.0,-70.0,44.0,353.0
-20.0,-70.0,44.0,353.0
-18.0,-70.0,44.0,353.0
-16.0,-70.0,44.0,353.0
-14.0,-70.0,44.0,493.0
-12.0,-70.0,44.0,493.0
-10.0,-70.0,44.0,493.0
-8.0,-70.0,44.0,155.0
-6.0,-70.0,44.0,155.0
-4.0,-70.0,44.0,155.0
-2.0,-70.0,44.0,515.0
0.0,-70.0,44.0,515.0
2.0,-70.0,44.0,515.0
4.0,-70.0,44.0,515.0
6.0,-70.0,44.0,515.0
8.0,-70.0,44.0,515.0
10.0,-70.0,44.0,515.0
12.0,-70.0,44.0,580.0
14.0,-70.0,44.0,580.0
16.0,-70.0,44.0,580.0
18.0,-70.0,44.0,580.0
20.0,-70.0,44.0,580.0
22.0,-70.0,44.0,580.0
24.0,-70.0,44.0,580.0
26.0,-70.0,44.0,254.0
28.0,-70.0,44.0,254.0
30.0,-70.0,44.0,254.0
32.0,-70.0,44.0,254.0
34.0,-70.0,44.0,254.0
36.0,-70.0,44.0,254.0
38.0,-70.0,44.0,254.0
40.0,-70.0,44.0,254.0
42.0,-70.0,44.0,254.0
44.0,-70.0,44.0,254.0
46.0,-70.0,44.0,254.0
48.0,-70.0,44.0,254.0
-50.0,-68.0,44.0,556.0
-48.0,-68.0,44.0,556.0
-46.0,-68.0,44.0,556.0
-44.0,-68.0,44.0,556.0
-42.0,-68.0,44.0,556.0
-40.0,-68.0,44.0,556.0
-38.0,-68.0,44.0,556.0
-36.0,-68.0,44.0,128.0
-34.0,-68.0,44.0,128.0
-32.0,-68.0,44.0,128.0
-30.0,-68.0,44.0,128.0
-28.0,-68.0,44.0,128.0
-26.0,-68.0,44.0,128.0
-24.0,-68.0,44.0,353.0
-22.0,-68.0,44.0,353.0
-20.0,-68.0,44.0,353.0
-18.0,-68.0,44.0,353.0
-16.0,-68.0,44.0,493.0
-14.0,-68.0,44.0,493.0
-12.0,-68.0,44.0,493.0
-10.0,-68.0,44.0,493.0
-8.0,-68.0,44.0,56.0
-6.0,-68.0,44.0,433.0
-4.0,-68.0,44.0,433.0
0.0,-68.0,44.0,515.0
2.0,-68.0,44.0,515.0
4.0,-68.0,44.0,515.0
6.0,-68.0,44.0,515.0
8.0,-68.0,44.0,515.0
10.0,-68.0,44.0,515.0
12.0,-68.0,44.0,580.0
14.0,-68.0,44.0,580.0
16.0,-68.0,44.0,580.0
18.0,-68.0,44.0,580.0
20.0,-68.0,44.0,580.0
22.0,-68.0,44.0,580.0
24.0,-68.0,44.0,580.0
26.0,-68.0,44.0,88.0
28.0,-68.0,44.0,88.0
30.0,-68.0,44.0,88.0
32.0,-68.0,44.0,88.0
34.0,-68.0,44.0,88.0
36.0,-68.0,44.0,88.0
38.0,-68.0,44.0,88.0
40.0,-68.0,44.0,88.0
42.0,-68.0,44.0,88.0
44.0,-68.0,44.0,88.0
46.0,-68.0,44.0,88.0
48.0,-68.0,44.0,88.0
50.0,-68.0,44.0,88.0
-52.0,-66.0,44.0,600.0
-50.0,-66.0,44.0,600.0
-48.0,-66.0,44.0,411.0
-46.0,-66.0,44.0,411.0
-44.0,-66.0,44.0,411.0
-42.0,-66.0,44.0,411.0
-40.0,-66.0,44.0,411.0
-38.0,-66.0,44.0,411.0
-36.0,-66.0,44.0,128.0
-34.0,-66.0,44.0,128.0
-32.0,-66.0,44.0,128.0
-30.0,-66.0,44.0,128.0
-28.0,-66.0,44.0,128.0
-26.0,-66.0,44.0,128.0
-24.0,-66.0,44.0,353.0
-22.0,-66.0,44.0,353.0
-20.0,-66.0,44.0,353.0
-18.0,-66.0,44.0,493.0
-16.0,-66.0,44.0,493.0
-14.0,-66.0,44.0,493.0
-12.0,-66.0,44.0,493.0
-10.0,-66.0,44.0,493.0
-8.0,-66.0,44.0,56.0
-6.0,-66.0,44.0,433.0
-4.0,-66.0,44.0,433.0
0.0,-66.0,44.0,433.0
2.0,-66.0,44.0,515.0
4.0,-66.0,44.0,515.0
6.0,-66.0,44.0,515.0
8.0,-66.0,44.0,515.0
10.0,-66.0,44.0,580.0
12.0,-66.0,44.0,580.0
14.0,-66.0,44.0,580.0
16.0,-66.0,44.0,580.0
18.0,-66.0,44.0,580.0
20.0,-66.0,44.0,580.0
22.0,-66.0,44.0,580.0
24.0,-66.0,44.0,580.0
26.0,-66.0,44.0,501.0
28.0,-66.0,44.0,88.0
30.0,-66.0,44.0,88.0
32.0,-66.0,44.0,88.0
34.0,-66.0,44.0,88.0
36.0,-66.0,44.0,88.0
38.0,-66.0,44.0,88.0
40.0,-66.0,44.0,88.0
42.0,-66.0,44.0,88.0
44.0,-66.0,44.0,88.0
46.0,-66.0,44.0,88.0
48.0,-66.0,44.0,88.0
50.0,-66.0,44.0,410.0
52.0,-66.0,44.0,410.0
-54.0,-64.0,44.0,600.0
-52.0,-64.0,44.0,600.0
-50.0,-64.0,44.0,600.0
-48.0,-64.0,44.0,411.0
-46.0,-64.0,44.0,411.0
-44.0,-64.0,44.0,411.0
-42.0,-64.0,44.0,411.0
-40.0,-64.0,44.0,411.0
-38.0,-64.0,44.0,411.0
-36.0,-64.0,44.0,128.0
-34.0,-64.0,44.0,128.0
-32.0,-64.0,44.0,128.0
-30.0,-64.0,44.0,128.0
-28.0,-64.0,44.0,128.0
-26.0,-64.0,44.0,128.0
-24.0,-64.0,44.0,128.0
-22.0,-64.0,44.0,295.0
-20.0,-64.0,44.0,493.0
-18.0,-64.0,44.0,493.0
-16.0,-64.0,44.0,493.0
-14.0,-64.0,44.0,493.0
-12.0,-64.0,44.0,493.0
-10.0,-64.0,44.0,56.0
-8.0,-64.0,44.0,56.0
-6.0,-64.0,44.0,433.0
-4.0,-64.0,44.0,433.0
0.0,-64.0,44.0,433.0
2.0,-64.0,44.0,433.0
4.0,-64.0,44.0,515.0
6.0,-64.0,44.0,515.0
8.0,-64.0,44.0,515.0
10.0,-64.0,44.0,580.0
12.0,-64.0,44.0,580.0
14.0,-64.0,44.0,580.0
16.0,-64.0,44.0,580.0
18.0,-64.0,44.0,580.0
20.0,-64.0,44.0,580.0
22.0,-64.0,44.0,580.0
24.0,-64.0,44.0,501.0
26.0,-64.0,44.0,501.0
28.0,-64.0,44.0,501.0
30.0,-64.0,44.0,501.0
32.0,-64.0,44.0,88.0
34.0,-64.0,44.0,88.0
36.0,-64.0,44.0,88.0
38.0,-64.0,44.0,88.0
40.0,-64.0,44.0,88.0
42.0,-64.0,44.0,88.0
44.0,-64.0,44.0,88.0
46.0,-64.0,44.0,58.0
48.0,-64.0,44.0,58.0
50.0,-64.0,44.0,410.0
52.0,-64.0,44.0,410.0
54.0,-64.0,44.0,410.0
-54.0,-62.0,44.0,600.0
-52.0,-62.0,44.0,600.0
-50.0,-62.0,44.0,600.0
-48.0,-62.0,44.0,411.0
-46.0,-62.0,44.0,411.0
-44.0,-62.0,44.0,411.0
-42.0,-62.0,44.0,411.0
-40.0,-62.0,44.0,411.0
-38.0,-62.0,44.0,411.0
-36.0,-62.0,44.0,128.0
-34.0,-62.0,44.0,128.0
-32.0,-62.0,44.0,128.0
-30.0,-62.0,44.0,128.0
-28.0,-62.0,44.0,128.0
-26.0,-62.0,44.0,128.0
-24.0,-62.0,44.0,128.0
-22.0,-62.0,44.0,295.0
-18.0,-62.0,44.0,493.0
-16.0,-62.0,44.0,493.0
-14.0,-62.0,44.0,493.0
-12.0,-62.0,44.0,493.0
-10.0,-62.0,44.0,56.0
-8.0,-62.0,44.0,56.0
-6.0,-62.0,44.0,433.0
-4.0,-62.0,44.0,433.0
-2.0,-62.0,44.0,433.0
0.0,-62.0,44.0,433.0
2.0,-62.0,44.0,433.0
4.0,-62.0,44.0,433.0
6.0,-62.0,44.0,515.0
8.0,-62.0,44.0,580.0
10.0,-62.0,44.0,580.0
12.0,-62.0,44.0,580.0
20.0,-62.0,44.0,580.0
22.0,-62.0,44.0,501.0
24.0,-62.0,44.0,501.0
26.0,-62.0,44.0,501.0
28.0,-62.0,44.0,501.0
30.0,-62.0,44.0,501.0
32.0,-62.0,44.0,501.0
34.0,-62.0,44.0,88.0
36.0,-62.0,44.0,88.0
38.0,-62.0,44.0,88.0
40.0,-62.0,44.0,88.0
42.0,-62.0,44.0,58.0
44.0,-62.0,44.0,58.0
46.0,-62.0,44.0,58.0
48.0,-62.0,44.0,410.0
50.0,-62.0,44.0,410.0
52.0,-62.0,44.0,410.0
54.0,-62.0,44.0,410.0
-56.0,-60.0,44.0,600.0
-54.0,-60.0,44.0,600.0
-52.0,-60.0,44.0,600.0
-50.0,-60.0,44.0,600.0
-48.0,-60.0,44.0,411.0
-46.0,-60.0,44.0,411.0
-44.0,-60.0,44.0,411.0
-42.0,-60.0,44.0,411.0
-40.0,-60.0,44.0,411.0
-38.0,-60.0,44.0,411.0
-36.0,-60.0,44.0,77.0
-34.0,-60.0,44.0,77.0
-32.0,-60.0,44.0,77.0
-30.0,-60.0,44.0,128.0
-28.0,-60.0,44.0,128.0
-26.0,-60.0,44.0,128.0
-24.0,-60.0,44.0,128.0
-22.0,-60.0,44.0,295.0
-18.0,-60.0,44.0,493.0
-16.0,-60.0,44.0,493.0
-14.0,-60.0,44.0,493.0
-12.0,-60.0,44.0,493.0
-10.0,-60.0,44.0,56.0
-8.0,-60.0,44.0,56.0
-6.0,-60.0,44.0,433.0
-4.0,-60.0,44.0,433.0
-2.0,-60.0,44.0,433.0
0.0,-60.0,44.0,433.0
2.0,-60.0,44.0,433.0
4.0,-60.0,44.0,433.0
6.0,-60.0,44.0,266.0
8.0,-60.0,44.0,580.0
10.0,-60.0,44.0,580.0
20.0,-60.0,44.0,580.0
22.0,-60.0,44.0,501.0
24.0,-60.0,44.0,501.0
26.0,-60.0,44.0,501.0
28.0,-60.0,44.0,501.0
30.0,-60.0,44.0,501.0
32.0,-60.0,44.0,501.0
34.0,-60.0,44.0,501.0
36.0,-60.0,44.0,88.0
38.0,-60.0,44.0,88.0
40.0,-60.0,44.0,58.0
42.0,-60.0,44.0,58.0
44.0,-60.0,44.0,58.0
46.0,-60.0,44.0,58.0
48.0,-60.0,44.0,410.0
50.0,-60.0,44.0,410.0
52.0,-60.0,44.0,410.0
54.0,-60.0,44.0,410.0
56.0,-60.0,44.0,410.0
-58.0,-58.0,44.0,600.0
-56.0,-58.0,44.0,600.0
-54.0,-58.0,44.0,600.0
-52.0,-58.0,44.0,600.0
-50.0,-58.0,44.0,599.0
-48.0,-58.0,44.0,599.0
-46.0,-58.0,44.0,411.0
-44.0,-58.0,44.0,411.0
-42.0,-58.0,44.0,411.0
-40.0,-58.0,44.0,411.0
-38.0,-58.0,44.0,411.0
-36.0,-58.0,44.0,77.0
-34.0,-58.0,44.0,77.0
-32.0,-58.0,44.0,77.0
-30.0,-58.0,44.0,77.0
-28.0,-58.0,44.0,77.0
-26.0,-58.0,44.0,77.0
-24.0,-58.0,44.0,77.0
-22.0,-58.0,44.0,295.0
-18.0,-58.0,44.0,493.0
-16.0,-58.0,44.0,493.0
-14.0,-58.0,44.0,493.0
-12.0,-58.0,44.0,56.0
-10.0,-58.0,44.0,56.0
-8.0,-58.0,44.0,56.0
-6.0,-58.0,44.0,433.0
-4.0,-58.0,44.0,433.0
-2.0,-58.0,44.0,433.0
0.0,-58.0,44.0,433.0
2.0,-58.0,44.0,433.0
4.0,-58.0,44.0,433.0
6.0,-58.0,44.0,266.0
8.0,-58.0,44.0,580.0
10.0,-58.0,44.0,580.0
12.0,-58.0,44.0,580.0
20.0,-58.0,44.0,501.0
22.0,-58.0,44.0,501.0
24.0,-58.0,44.0,501.0
26.0,-58.0,44.0,501.0
28.0,-58.0,44.0,501.0
30.0,-58.0,44.0,501.0
32.0,-58.0,44.0,501.0
34.0,-58.0,44.0,501.0
36.0,-58.0,44.0,83.0
38.0,-58.0,44.0,58.0
40.0,-58.0,44.0,58.0
42.0,-58.0,44.0,58.0
44.0,-58.0,44.0,58.0
46.0,-58.0,44.0,58.0
48.0,-58.0,44.0,410.0
50.0,-58.0,44.0,410.0
52.0,-58.0,44.0,410.0
54.0,-58.0,44.0,410.0
56.0,-58.0,44.0,410.0
58.0,-58.0,44.0,410.0
-58.0,-56.0,44.0,600.0
-56.0,-56.0,44.0,600.0
-54.0,-56.0,44.0,600.0
-52.0,-56.0,44.0,600.0
-50.0,-56.0,44.0,599.0
-48.0,-56.0,44.0,599.0
-46.0,-56.0,44.0,411.0
-44.0,-56.0,44.0,411.0
-42.0,-56.0,44.0,411.0
-40.0,-56.0,44.0,411.0
-38.0,-56.0,44.0,411.0
-36.0,-56.0,44.0,77.0
-34.0,-56.0,44.0,77.0
-32.0,-56.0,44.0,77.0
-30.0,-56.0,44.0,77.0
-28.0,-56.0,44.0,77.0
-26.0,-56.0,44.0,77.0
-24.0,-56.0,44.0,77.0
-22.0,-56.0,44.0,77.0
-14.0,-56.0,44.0,493.0
-12.0,-56.0,44.0,56.0
-10.0,-56.0,44.0,56.0
-8.0,-56.0,44.0,56.0
-6.0,-56.0,44.0,433.0
-4.0,-56.0,44.0,433.0
-2.0,-56.0,44.0,433.0
0.0,-56.0,44.0,433.0
2.0,-56.0,44.0,433.0
4.0,-56.0,44.0,80.0
6.0,-56.0,44.0,80.0
8.0,-56.0,44.0,80.0
10.0,-56.0,44.0,486.0
12.0,-56.0,44.0,580.0
22.0,-56.0,44.0,363.0
24.0,-56.0,44.0,501.0
26.0,-56.0,44.0,501.0
28.0,-56.0,44.0,501.0
30.0,-56.0,44.0,501.0
32.0,-56.0,44.0,501.0
34.0,-56.0,44.0,501.0
36.0,-56.0,44.0,83.0
38.0,-56.0,44.0,58.0
40.0,-56.0,44.0,58.0
42.0,-56.0,44.0,58.0
44.0,-56.0,44.0,58.0
46.0,-56.0,44.0,58.0
48.0,-56.0,44.0,410.0
50.0,-56.0,44.0,410.0
52.0,-56.0,44.0,410.0
54.0,-56.0,44.0,410.0
56.0,-56.0,44.0,410.0
58.0,-56.0,44.0,410.0
-60.0,-54.0,44.0,392.0
-58.0,-54.0,44.0,600.0
-56.0,-54.0,44.0,600.0
-54.0,-54.0,44.0,600.0
-52.0,-54.0,44.0,599.0
-50.0,-54.0,44.0,599.0
-48.0,-54.0,44.0,599.0
-46.0,-54.0,44.0,599.0
-44.0,-54.0,44.0,411.0
-42.0,-54.0,44.0,411.0
-40.0,-54.0,44.0,411.0
-38.0,-54.0,44.0,73.0
-36.0,-54.0,44.0,77.0
-34.0,-54.0,44.0,77.0
-32.0,-54.0,44.0,77.0
-30.0,-54.0,44.0,77.0
-28.0,-54.0,44.0,77.0
-26.0,-54.0,44.0,77.0
-24.0,-54.0,44.0,77.0
-14.0,-54.0,44.0,282.0
-12.0,-54.0,44.0,282.0
-10.0,-54.0,44.0,282.0
-8.0,-54.0,44.0,282.0
-6.0,-54.0,44.0,98.0
-4.0,-54.0,44.0,98.0
-2.0,-54.0,44.0,98.0
0.0,-54.0,44.0,80.0
2.0,-54.0,44.0,80.0
4.0,-54.0,44.0,80.0
6.0,-54.0,44.0,80.0
8.0,-54.0,44.0,80.0
10.0,-54.0,44.0,80.0
12.0,-54.0,44.0,486.0
22.0,-54.0,44.0,363.0
24.0,-54.0,44.0,363.0
26.0,-54.0,44.0,363.0
28.0,-54.0,44.0,363.0
30.0,-54.0,44.0,363.0
32.0,-54.0,44.0,501.0
34.0,-54.0,44.0,501.0
36.0,-54.0,44.0,83.0
38.0,-54.0,44.0,58.0
40.0,-54.0,44.0,58.0
42.0,-54.0,44.0,58.0
44.0,-54.0,44.0,58.0
46.0,-54.0,44.0,58.0
48.0,-54.0,44.0,410.0
50.0,-54.0,44.0,410.0
52.0,-54.0,44.0,410.0
54.0,-54.0,44.0,410.0
56.0,-54.0,44.0,410.0
58.0,-54.0,44.0,410.0
-60.0,-52.0,44.0,392.0
-58.0,-52.0,44.0,600.0
-56.0,-52.0,44.0,600.0
-54.0,-52.0,44.0,600.0
-52.0,-52.0,44.0,599.0
-50.0,-52.0,44.0,599.0
-48.0,-52.0,44.0,599.0
-46.0,-52.0,44.0,599.0
-44.0,-52.0,44.0,411.0
-42.0,-52.0,44.0,411.0
-40.0,-52.0,44.0,73.0
-38.0,-52.0,44.0,73.0
-36.0,-52.0,44.0,73.0
-34.0,-52.0,44.0,77.0
-32.0,-52.0,44.0,77.0
-30.0,-52.0,44.0,77.0
-28.0,-52.0,44.0,77.0
-26.0,-52.0,44.0,77.0
-24.0,-52.0,44.0,77.0
-14.0,-52.0,44.0,282.0
-12.0,-52.0,44.0,282.0
-10.0,-52.0,44.0,282.0
-8.0,-52.0,44.0,282.0
-6.0,-52.0,44.0,98.0
-4.0,-52.0,44.0,98.0
-2.0,-52.0,44.0,80.0
0.0,-52.0,44.0,80.0
2.0,-52.0,44.0,80.0
4.0,-52.0,44.0,80.0
6.0,-52.0,44.0,80.0
8.0,-52.0,44.0,80.0
10.0,-52.0,44.0,80.0
12.0,-52.0,44.0,80.0
24.0,-52.0,44.0,363.0
26.0,-52.0,44.0,363.0
28.0,-52.0,44.0,363.0
30.0,-52.0,44.0,363.0
32.0,-52.0,44.0,363.0
34.0,-52.0,44.0,363.0
36.0,-52.0,44.0,173.0
38.0,-52.0,44.0,173.0
40.0,-52.0,44.0,58.0
42.0,-52.0,44.0,58.0
44.0,-52.0,44.0,58.0
46.0,-52.0,44.0,410.0
48.0,-52.0,44.0,410.0
50.0,-52.0,44.0,410.0
52.0,-52.0,44.0,410.0
54.0,-52.0,44.0,410.0
56.0,-52.0,44.0,410.0
58.0,-52.0,44.0,410.0
60.0,-52.0,44.0,410.0
-60.0,-50.0,44.0,322.0
-58.0,-50.0,44.0,322.0
-56.0,-50.0,44.0,322.0
-54.0,-50.0,44.0,599.0
-52.0,-50.0,44.0,599.0
-50.0,-50.0,44.0,599.0
-48.0,-50.0,44.0,599.0
-46.0,-50.0,44.0,599.0
-44.0,-50.0,44.0,599.0
-42.0,-50.0,44.0,73.0
-40.0,-50.0,44.0,73.0
-38.0,-50.0,44.0,73.0
-36.0,-50.0,44.0,73.0
-34.0,-50.0,44.0,73.0
-32.0,-50.0,44.0,73.0
-30.0,-50.0,44.0,77.0
-28.0,-50.0,44.0,77.0
-14.0,-50.0,44.0,282.0
-12.0,-50.0,44.0,282.0
-10.0,-50.0,44.0,282.0
-8.0,-50.0,44.0,282.0
-6.0,-50.0,44.0,199.0
-4.0,-50.0,44.0,98.0
2.0,-50.0,44.0,80.0
4.0,-50.0,44.0,80.0
6.0,-50.0,44.0,80.0
8.0,-50.0,44.0,80.0
10.0,-50.0,44.0,80.0
12.0,-50.0,44.0,80.0
26.0,-50.0,44.0,363.0
28.0,-50.0,44.0,363.0
30.0,-50.0,44.0,363.0
32.0,-50.0,44.0,363.0
34.0,-50.0,44.0,173.0
36.0,-50.0,44.0,173.0
38.0,-50.0,44.0,173.0
40.0,-50.0,44.0,173.0
42.0,-50.0,44.0,173.0
44.0,-50.0,44.0,446.0
46.0,-50.0,44.0,410.0
48.0,-50.0,44.0,410.0
50.0,-50.0,44.0,410.0
52.0,-50.0,44.0,410.0
54.0,-50.0,44.0,410.0
56.0,-50.0,44.0,410.0
58.0,-50.0,44.0,410.0
60.0,-50.0,44.0,593.0
-62.0,-48.0,44.0,322.0
-60.0,-48.0,44.0,322.0
-58.0,-48.0,44.0,322.0
-56.0,-48.0,44.0,322.0
-54.0,-48.0,44.0,29.0
-52.0,-48.0,44.0,599.0
-50.0,-48.0,44.0,599.0
-48.0,-48.0,44.0,599.0
-46.0,-48.0,44.0,599.0
-44.0,-48.0,44.0,549.0
-42.0,-48.0,44.0,73.0
-40.0,-48.0,44.0,73.0
-38.0,-48.0,44.0,73.0
-36.0,-48.0,44.0,73.0
-34.0,-48.0,44.0,73.0
-32.0,-48.0,44.0,73.0
-30.0,-48.0,44.0,73.0
-28.0,-48.0,44.0,77.0
-16.0,-48.0,44.0,282.0
-14.0,-48.0,44.0,282.0
-12.0,-48.0,44.0,282.0
-10.0,-48.0,44.0,282.0
-8.0,-48.0,44.0,199.0
-6.0,-48.0,44.0,199.0
-4.0,-48.0,44.0,199.0
0.0,-48.0,44.0,80.0
2.0,-48.0,44.0,80.0
4.0,-48.0,44.0,80.0
6.0,-48.0,44.0,80.0
8.0,-48.0,44.0,80.0
10.0,-48.0,44.0,80.0
12.0,-48.0,44.0,80.0
26.0,-48.0,44.0,363.0
28.0,-48.0,44.0,363.0
30.0,-48.0,44.0,363.0
32.0,-48.0,44.0,363.0
34.0,-48.0,44.0,173.0
36.0,-48.0,44.0,173.0
38.0,-48.0,44.0,173.0
40.0,-48.0,44.0,173.0
42.0,-48.0,44.0,173.0
44.0,-48.0,44.0,446.0
46.0,-48.0,44.0,446.0
48.0,-48.0,44.0,206.0
50.0,-48.0,44.0,206.0
52.0,-48.0,44.0,206.0
54.0,-48.0,44.0,206.0
56.0,-48.0,44.0,593.0
58.0,-48.0,44.0,593.0
60.0,-48.0,44.0,593.0
62.0,-48.0,44.0,593.0
-62.0,-46.0,44.0,322.0
-60.0,-46.0,44.0,322.0
-58.0,-46.0,44.0,322.0
-56.0,-46.0,44.0,322.0
-54.0,-46.0,44.0,29.0
-52.0,-46.0,44.0,29.0
-50.0,-46.0,44.0,29.0
-48.0,-46.0,44.0,576.0
-46.0,-46.0,44.0,576.0
-44.0,-46.0,44.0,549.0
-42.0,-46.0,44.0,549.0
-40.0,-46.0,44.0,73.0
-38.0,-46.0,44.0,73.0
-36.0,-46.0,44.0,73.0
-34.0,-46.0,44.0,73.0
-32.0,-46.0,44.0,73.0
-30.0,-46.0,44.0,73.0
-28.0,-46.0,44.0,73.0
-16.0,-46.0,44.0,12.0
-14.0,-46.0,44.0,12.0
-12.0,-46.0,44.0,12.0
-10.0,-46.0,44.0,199.0
-8.0,-46.0,44.0,199.0
-6.0,-46.0,44.0,199.0
-4.0,-46.0,44.0,199.0
0.0,-46.0,44.0,80.0
2.0,-46.0,44.0,80.0
4.0,-46.0,44.0,80.0
6.0,-46.0,44.0,80.0
8.0,-46.0,44.0,80.0
10.0,-46.0,44.0,80.0
12.0,-46.0,44.0,80.0
26.0,-46.0,44.0,363.0
28.0,-46.0,44.0,363.0
30.0,-46.0,44.0,363.0
32.0,-46.0,44.0,363.0
34.0,-46.0,44.0,173.0
36.0,-46.0,44.0,173.0
38.0,-46.0,44.0,173.0
40.0,-46.0,44.0,173.0
42.0,-46.0,44.0,173.0
44.0,-46.0,44.0,446.0
46.0,-46.0,44.0,446.0
48.0,-46.0,44.0,206.0
50.0,-46.0,44.0,206.0
52.0,-46.0,44.0,206.0
54.0,-46.0,44.0,206.0
56.0,-46.0,44.0,206.0
58.0,-46.0,44.0,593.0
60.0,-46.0,44.0,593.0
62.0,-46.0,44.0,593.0
-64.0,-44.0,44.0,322.0
-62.0,-44.0,44.0,322.0
-60.0,-44.0,44.0,322.0
-58.0,-44.0,44.0,322.0
-56.0,-44.0,44.0,29.0
-54.0,-44.0,44.0,29.0
-52.0,-44.0,44.0,29.0
-50.0,-44.0,44.0,576.0
-48.0,-44.0,44.0,576.0
-46.0,-44.0,44.0,576.0
-44.0,-44.0,44.0,576.0
-42.0,-44.0,44.0,549.0
-40.0,-44.0,44.0,73.0
-38.0,-44.0,44.0,73.0
-36.0,-44.0,44.0,73.0
-34.0,-44.0,44.0,73.0
-32.0,-44.0,44.0,73.0
-30.0,-44.0,44.0,73.0
-28.0,-44.0,44.0,73.0
-16.0,-44.0,44.0,12.0
-14.0,-44.0,44.0,12.0
-12.0,-44.0,44.0,12.0
-10.0,-44.0,44.0,199.0
-8.0,-44.0,44.0,199.0
-6.0,-44.0,44.0,199.0
-4.0,-44.0,44.0,199.0
-2.0,-44.0,44.0,199.0
0.0,-44.0,44.0,80.0
2.0,-44.0,44.0,80.0
4.0,-44.0,44.0,80.0
6.0,-44.0,44.0,80.0
8.0,-44.0,44.0,80.0
10.0,-44.0,44.0,80.0
12.0,-44.0,44.0,80.0
14.0,-44.0,44.0,80.0
16.0,-44.0,44.0,363.0
26.0,-44.0,44.0,363.0
28.0,-44.0,44.0,363.0
30.0,-44.0,44.0,212.0
32.0,-44.0,44.0,212.0
34.0,-44.0,44.0,212.0
36.0,-44.0,44.0,212.0
38.0,-44.0,44.0,173.0
40.0,-44.0,44.0,173.0
42.0,-44.0,44.0,446.0
44.0,-44.0,44.0,446.0
46.0,-44.0,44.0,446.0
48.0,-44.0,44.0,206.0
50.0,-44.0,44.0,206.0
52.0,-44.0,44.0,206.0
54.0,-44.0,44.0,206.0
56.0,-44.0,44.0,206.0
58.0,-44.0,44.0,593.0
60.0,-44.0,44.0,593.0
62.0,-44.0,44.0,593.0
-64.0,-42.0,44.0,322.0
-62.0,-42.0,44.0,322.0
-60.0,-42.0,44.0,322.0
-58.0,-42.0,44.0,322.0
-56.0,-42.0,44.0,29.0
-54.0,-42.0,44.0,29.0
-52.0,-42.0,44.0,29.0
-50.0,-42.0,44.0,576.0
-48.0,-42.0,44.0,576.0
-46.0,-42.0,44.0,576.0
-44.0,-42.0,44.0,576.0
-42.0,-42.0,44.0,576.0
-40.0,-42.0,44.0,549.0
-38.0,-42.0,44.0,73.0
-36.0,-42.0,44.0,73.0
-34.0,-42.0,44.0,73.0
-32.0,-42.0,44.0,73.0
-30.0,-42.0,44.0,33.0
-18.0,-42.0,44.0,12.0
-16.0,-42.0,44.0,12.0
-14.0,-42.0,44.0,12.0
-12.0,-42.0,44.0,12.0
-10.0,-42.0,44.0,199.0
-8.0,-42.0,44.0,199.0
-6.0,-42.0,44.0,199.0
-4.0,-42.0,44.0,199.0
-2.0,-42.0,44.0,199.0
0.0,-42.0,44.0,80.0
2.0,-42.0,44.0,80.0
4.0,-42.0,44.0,80.0
6.0,-42.0,44.0,80.0
8.0,-42.0,44.0,80.0
10.0,-42.0,44.0,80.0
12.0,-42.0,44.0,80.0
14.0,-42.0,44.0,80.0
16.0,-42.0,44.0,80.0
28.0,-42.0,44.0,40.0
30.0,-42.0,44.0,40.0
32.0,-42.0,44.0,212.0
34.0,-42.0,44.0,212.0
36.0,-42.0,44.0,212.0
38.0,-42.0,44.0,212.0
40.0,-42.0,44.0,212.0
42.0,-42.0,44.0,446.0
44.0,-42.0,44.0,446.0
46.0,-42.0,44.0,206.0
48.0,-42.0,44.0,206.0
50.0,-42.0,44.0,206.0
52.0,-42.0,44.0,206.0
54.0,-42.0,44.0,206.0
56.0,-42.0,44.0,206.0
58.0,-42.0,44.0,206.0
60.0,-42.0,44.0,593.0
62.0,-42.0,44.0,74.0
-64.0,-40.0,44.0,322.0
-62.0,-40.0,44.0,322.0
-60.0,-40.0,44.0,322.0
-58.0,-40.0,44.0,322.0
-56.0,-40.0,44.0,29.0
-54.0,-40.0,44.0,29.0
-52.0,-40.0,44.0,29.0
-50.0,-40.0,44.0,576.0
-48.0,-40.0,44.0,576.0
-46.0,-40.0,44.0,576.0
-44.0,-40.0,44.0,576.0
-42.0,-40.0,44.0,576.0
-40.0,-40.0,44.0,576.0
-38.0,-40.0,44.0,73.0
-36.0,-40.0,44.0,73.0
-34.0,-40.0,44.0,73.0
-32.0,-40.0,44.0,33.0
-30.0,-40.0,44.0,33.0
-20.0,-40.0,44.0,511.0
-18.0,-40.0,44.0,12.0
-16.0,-40.0,44.0,12.0
-14.0,-40.0,44.0,12.0
-12.0,-40.0,44.0,199.0
-10.0,-40.0,44.0,199.0
-8.0,-40.0,44.0,199.0
-6.0,-40.0,44.0,199.0
-4.0,-40.0,44.0,199.0
-2.0,-40.0,44.0,199.0
0.0,-40.0,44.0,435.0
2.0,-40.0,44.0,435.0
4.0,-40.0,44.0,435.0
6.0,-40.0,44.0,435.0
8.0,-40.0,44.0,435.0
10.0,-40.0,44.0,435.0
12.0,-40.0,44.0,435.0
14.0,-40.0,44.0,435.0
16.0,-40.0,44.0,435.0
18.0,-40.0,44.0,40.0
28.0,-40.0,44.0,40.0
30.0,-40.0,44.0,40.0
32.0,-40.0,44.0,40.0
34.0,-40.0,44.0,212.0
36.0,-40.0,44.0,212.0
38.0,-40.0,44.0,212.0
40.0,-40.0,44.0,212.0
42.0,-40.0,44.0,212.0
44.0,-40.0,44.0,446.0
46.0,-40.0,44.0,206.0
48.0,-40.0,44.0,206.0
50.0,-40.0,44.0,206.0
52.0,-40.0,44.0,206.0
54.0,-40.0,44.0,206.0
56.0,-40.0,44.0,206.0
58.0,-40.0,44.0,74.0
60.0,-40.0,44.0,74.0
62.0,-40.0,44.0,74.0
64.0,-40.0,44.0,74.0
-64.0,-38.0,44.0,322.0
-62.0,-38.0,44.0,322.0
-60.0,-38.0,44.0,322.0
-58.0,-38.0,44.0,29.0
-56.0,-38.0,44.0,29.0
-54.0,-38.0,44.0,29.0
-52.0,-38.0,44.0,29.0
-50.0,-38.0,44.0,576.0
-48.0,-38.0,44.0,576.0
-46.0,-38.0,44.0,576.0
-44.0,-38.0,44.0,576.0
-42.0,-38.0,44.0,576.0
-40.0,-38.0,44.0,576.0
-38.0,-38.0,44.0,576.0
-36.0,-38.0,44.0,33.0
-34.0,-38.0,44.0,33.0
-32.0,-38.0,44.0,33.0
-30.0,-38.0,44.0,33.0
-20.0,-38.0,44.0,511.0
-18.0,-38.0,44.0,511.0
-16.0,-38.0,44.0,511.0
-14.0,-38.0,44.0,511.0
-12.0,-38.0,44.0,511.0
-10.0,-38.0,44.0,199.0
-8.0,-38.0,44.0,199.0
-6.0,-38.0,44.0,199.0
-4.0,-38.0,44.0,199.0
-2.0,-38.0,44.0,199.0
0.0,-38.0,44.0,435.0
2.0,-38.0,44.0,435.0
4.0,-38.0,44.0,435.0
6.0,-38.0,44.0,435.0
8.0,-38.0,44.0,435.0
10.0,-38.0,44.0,435.0
12.0,-38.0,44.0,435.0
14.0,-38.0,44.0,435.0
16.0,-38.0,44.0,435.0
18.0,-38.0,44.0,40.0
30.0,-38.0,44.0,40.0
32.0,-38.0,44.0,40.0
34.0,-38.0,44.0,40.0
36.0,-38.0,44.0,212.0
38.0,-38.0,44.0,212.0
40.0,-38.0,44.0,212.0
42.0,-38.0,44.0,212.0
44.0,-38.0,44.0,446.0
46.0,-38.0,44.0,206.0
48.0,-38.0,44.0,206.0
50.0,-38.0,44.0,206.0
52.0,-38.0,44.0,206.0
54.0,-38.0,44.0,206.0
56.0,-38.0,44.0,74.0
58.0,-38.0,44.0,74.0
60.0,-38.0,44.0,74.0
62.0,-38.0,44.0,74.0
64.0,-38.0,44.0,74.0
-64.0,-36.0,44.0,322.0
-62.0,-36.0,44.0,322.0
-60.0,-36.0,44.0,322.0
-58.0,-36.0,44.0,29.0
-56.0,-36.0,44.0,29.0
-54.0,-36.0,44.0,29.0
-52.0,-36.0,44.0,29.0
-50.0,-36.0,44.0,576.0
-48.0,-36.0,44.0,576.0
-46.0,-36.0,44.0,576.0
-44.0,-36.0,44.0,576.0
-42.0,-36.0,44.0,576.0
-40.0,-36.0,44.0,576.0
-38.0,-36.0,44.0,576.0
-36.0,-36.0,44.0,33.0
-34.0,-36.0,44.0,33.0
-32.0,-36.0,44.0,33.0
-30.0,-36.0,44.0,33.0
-20.0,-36.0,44.0,511.0
-18.0,-36.0,44.0,511.0
-16.0,-36.0,44.0,511.0
-14.0,-36.0,44.0,511.0
-12.0,-36.0,44.0,511.0
-10.0,-36.0,44.0,511.0
-8.0,-36.0,44.0,199.0
-6.0,-36.0,44.0,199.0
-4.0,-36.0,44.0,168.0
-2.0,-36.0,44.0,168.0
0.0,-36.0,44.0,168.0
2.0,-36.0,44.0,168.0
4.0,-36.0,44.0,435.0
6.0,-36.0,44.0,435.0
8.0,-36.0,44.0,435.0
10.0,-36.0,44.0,435.0
12.0,-36.0,44.0,435.0
14.0,-36.0,44.0,435.0
16.0,-36.0,44.0,435.0
18.0,-36.0,44.0,40.0
30.0,-36.0,44.0,40.0
32.0,-36.0,44.0,40.0
34.0,-36.0,44.0,40.0
36.0,-36.0,44.0,40.0
38.0,-36.0,44.0,212.0
40.0,-36.0,44.0,212.0
42.0,-36.0,44.0,520.0
44.0,-36.0,44.0,260.0
46.0,-36.0,44.0,260.0
48.0,-36.0,44.0,260.0
50.0,-36.0,44.0,260.0
52.0,-36.0,44.0,260.0
54.0,-36.0,44.0,74.0
56.0,-36.0,44.0,74.0
58.0,-36.0,44.0,74.0
60.0,-36.0,44.0,74.0
62.0,-36.0,44.0,74.0
64.0,-36.0,44.0,74.0
-66.0,-34.0,44.0,322.0
-64.0,-34.0,44.0,322.0
-62.0,-34.0,44.0,322.0
-60.0,-34.0,44.0,322.0
-58.0,-34.0,44.0,29.0
-56.0,-34.0,44.0,29.0
-54.0,-34.0,44.0,29.0
-52.0,-34.0,44.0,576.0
-50.0,-34.0,44.0,576.0
-48.0,-34.0,44.0,576.0
-46.0,-34.0,44.0,576.0
-44.0,-34.0,44.0,576.0
-42.0,-34.0,44.0,576.0
-40.0,-34.0,44.0,576.0
-38.0,-34.0,44.0,576.0
-36.0,-34.0,44.0,33.0
-34.0,-34.0,44.0,33.0
-32.0,-34.0,44.0,33.0
-30.0,-34.0,44.0,33.0
-20.0,-34.0,44.0,511.0
-18.0,-34.0,44.0,511.0
-16.0,-34.0,44.0,511.0
-14.0,-34.0,44.0,511.0
-12.0,-34.0,44.0,511.0
-10.0,-34.0,44.0,511.0
-8.0,-34.0,44.0,168.0
-6.0,-34.0,44.0,168.0
-4.0,-34.0,44.0,168.0
-2.0,-34.0,44.0,168.0
0.0,-34.0,44.0,168.0
2.0,-34.0,44.0,168.0
4.0,-34.0,44.0,168.0
6.0,-34.0,44.0,168.0
8.0,-34.0,44.0,435.0
10.0,-34.0,44.0,435.0
12.0,-34.0,44.0,435.0
14.0,-34.0,44.0,435.0
16.0,-34.0,44.0,532.0
18.0,-34.0,44.0,532.0
32.0,-34.0,44.0,40.0
34.0,-34.0,44.0,40.0
36.0,-34.0,44.0,40.0
38.0,-34.0,44.0,520.0
40.0,-34.0,44.0,520.0
42.0,-34.0,44.0,520.0
44.0,-34.0,44.0,260.0
46.0,-34.0,44.0,260.0
48.0,-34.0,44.0,260.0
50.0,-34.0,44.0,260.0
52.0,-34.0,44.0,260.0
54.0,-34.0,44.0,74.0
56.0,-34.0,44.0,74.0
58.0,-34.0,44.0,74.0
60.0,-34.0,44.0,74.0
62.0,-34.0,44.0,74.0
64.0,-34.0,44.0,74.0
-66.0,-32.0,44.0,322.0
-64.0,-32.0,44.0,322.0
-62.0,-32.0,44.0,322.0
-60.0,-32.0,44.0,29.0
-58.0,-32.0,44.0,29.0
-56.0,-32.0,44.0,29.0
-54.0,-32.0,44.0,29.0
-52.0,-32.0,44.0,576.0
-50.0,-32.0,44.0,576.0
-48.0,-32.0,44.0,576.0
-46.0,-32.0,44.0,576.0
-44.0,-32.0,44.0,576.0
-42.0,-32.0,44.0,576.0
-40.0,-32.0,44.0,576.0
-38.0,-32.0,44.0,576.0
-36.0,-32.0,44.0,46.0
-34.0,-32.0,44.0,33.0
-32.0,-32.0,44.0,33.0
-18.0,-32.0,44.0,511.0
-16.0,-32.0,44.0,511.0
-14.0,-32.0,44.0,511.0
-12.0,-32.0,44.0,511.0
-10.0,-32.0,44.0,511.0
-8.0,-32.0,44.0,168.0
-6.0,-32.0,44.0,168.0
-4.0,-32.0,44.0,168.0
-2.0,-32.0,44.0,168.0
0.0,-32.0,44.0,168.0
2.0,-32.0,44.0,168.0
4.0,-32.0,44.0,168.0
6.0,-32.0,44.0,168.0
8.0,-32.0,44.0,168.0
10.0,-32.0,44.0,168.0
12.0,-32.0,44.0,532.0
14.0,-32.0,44.0,532.0
16.0,-32.0,44.0,532.0
18.0,-32.0,44.0,532.0
32.0,-32.0,44.0,40.0
34.0,-32.0,44.0,40.0
36.0,-32.0,44.0,520.0
38.0,-32.0,44.0,520.0
40.0,-32.0,44.0,520.0
42.0,-32.0,44.0,43.0
44.0,-32.0,44.0,260.0
46.0,-32.0,44.0,260.0
48.0,-32.0,44.0,260.0
50.0,-32.0,44.0,260.0
52.0,-32.0,44.0,260.0
54.0,-32.0,44.0,260.0
56.0,-32.0,44.0,74.0
58.0,-32.0,44.0,74.0
60.0,-32.0,44.0,74.0
62.0,-32.0,44.0,74.0
64.0,-32.0,44.0,74.0
-66.0,-30.0,44.0,322.0
-64.0,-30.0,44.0,322.0
-62.0,-30.0,44.0,322.0
-60.0,-30.0,44.0,29.0
-58.0,-30.0,44.0,29.0
-56.0,-30.0,44.0,29.0
-54.0,-30.0,44.0,29.0
-52.0,-30.0,44.0,576.0
-50.0,-30.0,44.0,576.0
-48.0,-30.0,44.0,576.0
-46.0,-30.0,44.0,576.0
-44.0,-30.0,44.0,576.0
-42.0,-30.0,44.0,576.0
-40.0,-30.0,44.0,576.0
-38.0,-30.0,44.0,576.0
-36.0,-30.0,44.0,46.0
-34.0,-30.0,44.0,33.0
-18.0,-30.0,44.0,511.0
-16.0,-30.0,44.0,511.0
-14.0,-30.0,44.0,511.0
-12.0,-30.0,44.0,511.0
-10.0,-30.0,44.0,511.0
-8.0,-30.0,44.0,168.0
-6.0,-30.0,44.0,168.0
-4.0,-30.0,44.0,168.0
-2.0,-30.0,44.0,168.0
0.0,-30.0,44.0,168.0
2.0,-30.0,44.0,168.0
4.0,-30.0,44.0,168.0
6.0,-30.0,44.0,168.0
8.0,-30.0,44.0,168.0
10.0,-30.0,44.0,168.0
12.0,-30.0,44.0,532.0
14.0,-30.0,44.0,532.0
16.0,-30.0,44.0,532.0
34.0,-30.0,44.0,520.0
36.0,-30.0,44.0,520.0
38.0,-30.0,44.0,520.0
40.0,-30.0,44.0,43.0
42.0,-30.0,44.0,43.0
44.0,-30.0,44.0,43.0
46.0,-30.0,44.0,260.0
48.0,-30.0,44.0,260.0
50.0,-30.0,44.0,260.0
52.0,-30.0,44.0,260.0
54.0,-30.0,44.0,260.0
56.0,-30.0,44.0,375.0
58.0,-30.0,44.0,74.0
60.0,-30.0,44.0,74.0
62.0,-30.0,44.0,74.0
64.0,-30.0,44.0,74.0
-66.0,-28.0,44.0,322.0
-64.0,-28.0,44.0,322.0
-62.0,-28.0,44.0,322.0
-60.0,-28.0,44.0,29.0
-58.0,-28.0,44.0,29.0
-56.0,-28.0,44.0,221.0
-54.0,-28.0,44.0,221.0
-52.0,-28.0,44.0,221.0
-50.0,-28.0,44.0,576.0
-48.0,-28.0,44.0,576.0
-46.0,-28.0,44.0,576.0
-44.0,-28.0,44.0,576.0
-42.0,-28.0,44.0,576.0
-40.0,-28.0,44.0,576.0
-38.0,-28.0,44.0,576.0
-36.0,-28.0,44.0,46.0
-18.0,-28.0,44.0,511.0
-16.0,-28.0,44.0,511.0
-14.0,-28.0,44.0,511.0
-12.0,-28.0,44.0,511.0
-10.0,-28.0,44.0,156.0
-8.0,-28.0,44.0,156.0
-6.0,-28.0,44.0,168.0
-4.0,-28.0,44.0,168.0
-2.0,-28.0,44.0,168.0
0.0,-28.0,44.0,168.0
2.0,-28.0,44.0,168.0
4.0,-28.0,44.0,168.0
6.0,-28.0,44.0,168.0
8.0,-28.0,44.0,168.0
10.0,-28.0,44.0,532.0
12.0,-28.0,44.0,532.0
14.0,-28.0,44.0,532.0
16.0,-28.0,44.0,532.0
38.0,-28.0,44.0,43.0
40.0,-28.0,44.0,43.0
42.0,-28.0,44.0,43.0
44.0,-28.0,44.0,43.0
46.0,-28.0,44.0,260.0
48.0,-28.0,44.0,260.0
50.0,-28.0,44.0,260.0
52.0,-28.0,44.0,260.0
54.0,-28.0,44.0,260.0
56.0,-28.0,44.0,375.0
58.0,-28.0,44.0,375.0
60.0,-28.0,44.0,74.0
62.0,-28.0,44.0,74.0
64.0,-28.0,44.0,74.0
-66.0,-26.0,44.0,447.0
-64.0,-26.0,44.0,447.0
-62.0,-26.0,44.0,29.0
-60.0,-26.0,44.0,29.0
-58.0,-26.0,44.0,221.0
-56.0,-26.0,44.0,221.0
-54.0,-26.0,44.0,221.0
-52.0,-26.0,44.0,221.0
-50.0,-26.0,44.0,428.0
-48.0,-26.0,44.0,428.0
-46.0,-26.0,44.0,428.0
-44.0,-26.0,44.0,428.0
-42.0,-26.0,44.0,428.0
-40.0,-26.0,44.0,428.0
-18.0,-26.0,44.0,511.0
-16.0,-26.0,44.0,511.0
-14.0,-26.0,44.0,511.0
-12.0,-26.0,44.0,511.0
-10.0,-26.0,44.0,156.0
-8.0,-26.0,44.0,156.0
-6.0,-26.0,44.0,156.0
-4.0,-26.0,44.0,168.0
-2.0,-26.0,44.0,168.0
0.0,-26.0,44.0,168.0
2.0,-26.0,44.0,168.0
4.0,-26.0,44.0,168.0
6.0,-26.0,44.0,168.0
8.0,-26.0,44.0,168.0
10.0,-26.0,44.0,532.0
12.0,-26.0,44.0,532.0
14.0,-26.0,44.0,532.0
16.0,-26.0,44.0,532.0
40.0,-26.0,44.0,43.0
42.0,-26.0,44.0,43.0
44.0,-26.0,44.0,43.0
46.0,-26.0,44.0,43.0
52.0,-26.0,44.0,260.0
54.0,-26.0,44.0,260.0
56.0,-26.0,44.0,375.0
58.0,-26.0,44.0,375.0
60.0,-26.0,44.0,74.0
62.0,-26.0,44.0,74.0
64.0,-26.0,44.0,74.0
-66.0,-24.0,44.0,447.0
-64.0,-24.0,44.0,447.0
-62.0,-24.0,44.0,447.0
-60.0,-24.0,44.0,71.0
-58.0,-24.0,44.0,221.0
-56.0,-24.0,44.0,221.0
-54.0,-24.0,44.0,428.0
-52.0,-24.0,44.0,428.0
-50.0,-24.0,44.0,428.0
-48.0,-24.0,44.0,428.0
-46.0,-24.0,44.0,428.0
-44.0,-24.0,44.0,428.0
-42.0,-24.0,44.0,428.0
-18.0,-24.0,44.0,511.0
-16.0,-24.0,44.0,511.0
-14.0,-24.0,44.0,511.0
-12.0,-24.0,44.0,156.0
-10.0,-24.0,44.0,156.0
-8.0,-24.0,44.0,542.0
-6.0,-24.0,44.0,542.0
-4.0,-24.0,44.0,542.0
-2.0,-24.0,44.0,542.0
0.0,-24.0,44.0,542.0
2.0,-24.0,44.0,542.0
4.0,-24.0,44.0,542.0
6.0,-24.0,44.0,542.0
8.0,-24.0,44.0,532.0
10.0,-24.0,44.0,532.0
12.0,-24.0,44.0,532.0
14.0,-24.0,44.0,532.0
16.0,-24.0,44.0,532.0
40.0,-24.0,44.0,43.0
42.0,-24.0,44.0,43.0
44.0,-24.0,44.0,43.0
46.0,-24.0,44.0,43.0
48.0,-24.0,44.0,43.0
50.0,-24.0,44.0,260.0
52.0,-24.0,44.0,260.0
54.0,-24.0,44.0,260.0
56.0,-24.0,44.0,375.0
58.0,-24.0,44.0,375.0
60.0,-24.0,44.0,204.0
62.0,-24.0,44.0,204.0
64.0,-24.0,44.0,74.0
-66.0,-22.0,44.0,447.0
-64.0,-22.0,44.0,447.0
-62.0,-22.0,44.0,447.0
-60.0,-22.0,44.0,447.0
-58.0,-22.0,44.0,428.0
-56.0,-22.0,44.0,428.0
-54.0,-22.0,44.0,428.0
-52.0,-22.0,44.0,428.0
-50.0,-22.0,44.0,428.0
-48.0,-22.0,44.0,428.0
-46.0,-22.0,44.0,428.0
-44.0,-22.0,44.0,428.0
-16.0,-22.0,44.0,511.0
-14.0,-22.0,44.0,511.0
-12.0,-22.0,44.0,542.0
-10.0,-22.0,44.0,542.0
-8.0,-22.0,44.0,542.0
-6.0,-22.0,44.0,542.0
-4.0,-22.0,44.0,542.0
-2.0,-22.0,44.0,542.0
0.0,-22.0,44.0,542.0
2.0,-22.0,44.0,542.0
4.0,-22.0,44.0,542.0
6.0,-22.0,44.0,542.0
8.0,-22.0,44.0,532.0
10.0,-22.0,44.0,532.0
12.0,-22.0,44.0,532.0
14.0,-22.0,44.0,532.0
16.0,-22.0,44.0,532.0
38.0,-22.0,44.0,43.0
40.0,-22.0,44.0,43.0
42.0,-22.0,44.0,43.0
44.0,-22.0,44.0,43.0
46.0,-22.0,44.0,43.0
48.0,-22.0,44.0,43.0
50.0,-22.0,44.0,260.0
52.0,-22.0,44.0,260.0
54.0,-22.0,44.0,260.0
56.0,-22.0,44.0,375.0
58.0,-22.0,44.0,204.0
60.0,-22.0,44.0,204.0
62.0,-22.0,44.0,204.0
64.0,-22.0,44.0,204.0
-64.0,-20.0,44.0,447.0
-62.0,-20.0,44.0,447.0
-60.0,-20.0,44.0,447.0
-58.0,-20.0,44.0,428.0
-56.0,-20.0,44.0,428.0
-54.0,-20.0,44.0,428.0
-52.0,-20.0,44.0,428.0
-50.0,-20.0,44.0,428.0
-48.0,-20.0,44.0,428.0
-46.0,-20.0,44.0,428.0
-16.0,-20.0,44.0,202.0
-14.0,-20.0,44.0,542.0
-12.0,-20.0,44.0,542.0
-10.0,-20.0,44.0,542.0
-8.0,-20.0,44.0,542.0
-6.0,-20.0,44.0,542.0
-4.0,-20.0,44.0,542.0
-2.0,-20.0,44.0,542.0
0.0,-20.0,44.0,542.0
2.0,-20.0,44.0,542.0
4.0,-20.0,44.0,542.0
6.0,-20.0,44.0,499.0
8.0,-20.0,44.0,499.0
10.0,-20.0,44.0,499.0
12.0,-20.0,44.0,532.0
14.0,-20.0,44.0,532.0
38.0,-20.0,44.0,43.0
40.0,-20.0,44.0,43.0
42.0,-20.0,44.0,43.0
44.0,-20.0,44.0,43.0
46.0,-20.0,44.0,43.0
48.0,-20.0,44.0,43.0
50.0,-20.0,44.0,43.0
52.0,-20.0,44.0,260.0
54.0,-20.0,44.0,260.0
56.0,-20.0,44.0,375.0
58.0,-20.0,44.0,204.0
60.0,-20.0,44.0,204.0
62.0,-20.0,44.0,204.0
-64.0,-18.0,44.0,447.0
-62.0,-18.0,44.0,447.0
-60.0,-18.0,44.0,447.0
-58.0,-18.0,44.0,428.0
-56.0,-18.0,44.0,428.0
-54.0,-18.0,44.0,428.0
-52.0,-18.0,44.0,428.0
-50.0,-18.0,44.0,428.0
-48.0,-18.0,44.0,428.0
-16.0,-18.0,44.0,202.0
-14.0,-18.0,44.0,145.0
-12.0,-18.0,44.0,145.0
-10.0,-18.0,44.0,145.0
-8.0,-18.0,44.0,542.0
-6.0,-18.0,44.0,542.0
-4.0,-18.0,44.0,542.0
-2.0,-18.0,44.0,542.0
0.0,-18.0,44.0,542.0
2.0,-18.0,44.0,542.0
4.0,-18.0,44.0,542.0
6.0,-18.0,44.0,499.0
8.0,-18.0,44.0,499.0
10.0,-18.0,44.0,499.0
12.0,-18.0,44.0,499.0
34.0,-18.0,44.0,398.0
36.0,-18.0,44.0,398.0
38.0,-18.0,44.0,398.0
40.0,-18.0,44.0,43.0
42.0,-18.0,44.0,43.0
44.0,-18.0,44.0,43.0
46.0,-18.0,44.0,43.0
48.0,-18.0,44.0,43.0
50.0,-18.0,44.0,43.0
52.0,-18.0,44.0,95.0
54.0,-18.0,44.0,95.0
56.0,-18.0,44.0,204.0
58.0,-18.0,44.0,204.0
60.0,-18.0,44.0,204.0
62.0,-18.0,44.0,204.0
-64.0,-16.0,44.0,447.0
-62.0,-16.0,44.0,447.0
-60.0,-16.0,44.0,428.0
-58.0,-16.0,44.0,428.0
-56.0,-16.0,44.0,428.0
-54.0,-16.0,44.0,428.0
-16.0,-16.0,44.0,202.0
-14.0,-16.0,44.0,408.0
-12.0,-16.0,44.0,145.0
-10.0,-16.0,44.0,145.0
-8.0,-16.0,44.0,145.0
-6.0,-16.0,44.0,145.0
-4.0,-16.0,44.0,145.0
-2.0,-16.0,44.0,145.0
0.0,-16.0,44.0,145.0
2.0,-16.0,44.0,145.0
4.0,-16.0,44.0,499.0
6.0,-16.0,44.0,499.0
8.0,-16.0,44.0,499.0
10.0,-16.0,44.0,499.0
12.0,-16.0,44.0,499.0
34.0,-16.0,44.0,398.0
36.0,-16.0,44.0,398.0
38.0,-16.0,44.0,398.0
40.0,-16.0,44.0,398.0
42.0,-16.0,44.0,43.0
44.0,-16.0,44.0,43.0
46.0,-16.0,44.0,43.0
48.0,-16.0,44.0,95.0
50.0,-16.0,44.0,95.0
52.0,-16.0,44.0,95.0
54.0,-16.0,44.0,95.0
56.0,-16.0,44.0,95.0
58.0,-16.0,44.0,76.0
60.0,-16.0,44.0,76.0
62.0,-16.0,44.0,76.0
-62.0,-14.0,44.0,447.0
-60.0,-14.0,44.0,428.0
-58.0,-14.0,44.0,428.0
-56.0,-14.0,44.0,428.0
-54.0,-14.0,44.0,428.0
-52.0,-14.0,44.0,428.0
-50.0,-14.0,44.0,428.0
-48.0,-14.0,44.0,428.0
-46.0,-14.0,44.0,428.0
-44.0,-14.0,44.0,428.0
-42.0,-14.0,44.0,428.0
-40.0,-14.0,44.0,428.0
-38.0,-14.0,44.0,428.0
-16.0,-14.0,44.0,408.0
-14.0,-14.0,44.0,408.0
-12.0,-14.0,44.0,408.0
-10.0,-14.0,44.0,145.0
-8.0,-14.0,44.0,145.0
-6.0,-14.0,44.0,145.0
-4.0,-14.0,44.0,145.0
-2.0,-14.0,44.0,145.0
0.0,-14.0,44.0,145.0
2.0,-14.0,44.0,145.0
4.0,-14.0,44.0,499.0
6.0,-14.0,44.0,499.0
8.0,-14.0,44.0,499.0
10.0,-14.0,44.0,499.0
12.0,-14.0,44.0,499.0
36.0,-14.0,44.0,398.0
38.0,-14.0,44.0,398.0
40.0,-14.0,44.0,398.0
42.0,-14.0,44.0,398.0
44.0,-14.0,44.0,95.0
46.0,-14.0,44.0,95.0
48.0,-14.0,44.0,95.0
50.0,-14.0,44.0,95.0
52.0,-14.0,44.0,95.0
54.0,-14.0,44.0,95.0
56.0,-14.0,44.0,76.0
58.0,-14.0,44.0,76.0
60.0,-14.0,44.0,76.0
-62.0,-12.0,44.0,19.0
-60.0,-12.0,44.0,19.0
-58.0,-12.0,44.0,428.0
-56.0,-12.0,44.0,428.0
-54.0,-12.0,44.0,428.0
-52.0,-12.0,44.0,428.0
-50.0,-12.0,44.0,428.0
-48.0,-12.0,44.0,428.0
-46.0,-12.0,44.0,428.0
-44.0,-12.0,44.0,428.0
-42.0,-12.0,44.0,428.0
-40.0,-12.0,44.0,428.0
-38.0,-12.0,44.0,438.0
-16.0,-12.0,44.0,408.0
-14.0,-12.0,44.0,408.0
-12.0,-12.0,44.0,408.0
-10.0,-12.0,44.0,408.0
-8.0,-12.0,44.0,145.0
-6.0,-12.0,44.0,145.0
-4.0,-12.0,44.0,145.0
-2.0,-12.0,44.0,145.0
0.0,-12.0,44.0,145.0
2.0,-12.0,44.0,145.0
4.0,-12.0,44.0,145.0
6.0,-12.0,44.0,499.0
8.0,-12.0,44.0,499.0
10.0,-12.0,44.0,499.0
12.0,-12.0,44.0,499.0
38.0,-12.0,44.0,398.0
40.0,-12.0,44.0,398.0
42.0,-12.0,44.0,398.0
44.0,-12.0,44.0,95.0
46.0,-12.0,44.0,95.0
48.0,-12.0,44.0,95.0
50.0,-12.0,44.0,95.0
52.0,-12.0,44.0,95.0
54.0,-12.0,44.0,76.0
56.0,-12.0,44.0,76.0
58.0,-12.0,44.0,76.0
60.0,-12.0,44.0,76.0
-60.0,-10.0,44.0,19.0
-58.0,-10.0,44.0,428.0
-56.0,-10.0,44.0,428.0
-54.0,-10.0,44.0,428.0
-52.0,-10.0,44.0,428.0
-50.0,-10.0,44.0,428.0
-48.0,-10.0,44.0,438.0
-46.0,-10.0,44.0,438.0
-44.0,-10.0,44.0,438.0
-42.0,-10.0,44.0,438.0
-40.0,-10.0,44.0,438.0
-14.0,-10.0,44.0,408.0
-12.0,-10.0,44.0,408.0
-10.0,-10.0,44.0,408.0
-8.0,-10.0,44.0,145.0
-6.0,-10.0,44.0,145.0
-4.0,-10.0,44.0,145.0
-2.0,-10.0,44.0,145.0
0.0,-10.0,44.0,145.0
2.0,-10.0,44.0,145.0
4.0,-10.0,44.0,145.0
6.0,-10.0,44.0,235.0
8.0,-10.0,44.0,235.0
10.0,-10.0,44.0,235.0
12.0,-10.0,44.0,235.0
36.0,-10.0,44.0,343.0
38.0,-10.0,44.0,398.0
40.0,-10.0,44.0,398.0
42.0,-10.0,44.0,95.0
44.0,-10.0,44.0,95.0
46.0,-10.0,44.0,95.0
48.0,-10.0,44.0,95.0
50.0,-10.0,44.0,95.0
52.0,-10.0,44.0,76.0
54.0,-10.0,44.0,76.0
56.0,-10.0,44.0,76.0
58.0,-10.0,44.0,76.0
60.0,-10.0,44.0,76.0
-62.0,-8.0,44.0,19.0
-60.0,-8.0,44.0,19.0
-58.0,-8.0,44.0,19.0
-56.0,-8.0,44.0,438.0
-54.0,-8.0,44.0,438.0
-52.0,-8.0,44.0,438.0
-50.0,-8.0,44.0,438.0
-48.0,-8.0,44.0,438.0
-46.0,-8.0,44.0,438.0
-44.0,-8.0,44.0,438.0
-42.0,-8.0,44.0,438.0
-40.0,-8.0,44.0,438.0
-38.0,-8.0,44.0,438.0
-36.0,-8.0,44.0,438.0
-34.0,-8.0,44.0,202.0
-32.0,-8.0,44.0,202.0
-30.0,-8.0,44.0,202.0
-28.0,-8.0,44.0,202.0
-12.0,-8.0,44.0,408.0
-10.0,-8.0,44.0,408.0
-8.0,-8.0,44.0,408.0
-6.0,-8.0,44.0,145.0
-4.0,-8.0,44.0,145.0
-2.0,-8.0,44.0,145.0
0.0,-8.0,44.0,145.0
2.0,-8.0,44.0,145.0
4.0,-8.0,44.0,145.0
6.0,-8.0,44.0,235.0
8.0,-8.0,44.0,235.0
10.0,-8.0,44.0,235.0
12.0,-8.0,44.0,235.0
14.0,-8.0,44.0,235.0
34.0,-8.0,44.0,343.0
36.0,-8.0,44.0,343.0
38.0,-8.0,44.0,343.0
40.0,-8.0,44.0,398.0
42.0,-8.0,44.0,95.0
44.0,-8.0,44.0,95.0
46.0,-8.0,44.0,95.0
48.0,-8.0,44.0,76.0
50.0,-8.0,44.0,76.0
52.0,-8.0,44.0,76.0
54.0,-8.0,44.0,76.0
56.0,-8.0,44.0,76.0
58.0,-8.0,44.0,76.0
60.0,-8.0,44.0,76.0
-60.0,-6.0,44.0,19.0
-58.0,-6.0,44.0,19.0
-56.0,-6.0,44.0,438.0
-54.0,-6.0,44.0,438.0
-52.0,-6.0,44.0,438.0
-50.0,-6.0,44.0,438.0
-48.0,-6.0,44.0,438.0
-46.0,-6.0,44.0,438.0
-44.0,-6.0,44.0,438.0
-42.0,-6.0,44.0,438.0
-40.0,-6.0,44.0,438.0
-38.0,-6.0,44.0,438.0
-36.0,-6.0,44.0,438.0
-34.0,-6.0,44.0,202.0
-32.0,-6.0,44.0,202.0
-30.0,-6.0,44.0,202.0
-28.0,-6.0,44.0,202.0
-12.0,-6.0,44.0,408.0
-10.0,-6.0,44.0,408.0
-8.0,-6.0,44.0,408.0
-6.0,-6.0,44.0,408.0
-4.0,-6.0,44.0,145.0
-2.0,-6.0,44.0,145.0
0.0,-6.0,44.0,145.0
2.0,-6.0,44.0,145.0
4.0,-6.0,44.0,145.0
6.0,-6.0,44.0,235.0
8.0,-6.0,44.0,235.0
10.0,-6.0,44.0,235.0
12.0,-6.0,44.0,235.0
14.0,-6.0,44.0,235.0
32.0,-6.0,44.0,343.0
34.0,-6.0,44.0,343.0
36.0,-6.0,44.0,343.0
38.0,-6.0,44.0,343.0
40.0,-6.0,44.0,229.0
42.0,-6.0,44.0,229.0
44.0,-6.0,44.0,229.0
46.0,-6.0,44.0,76.0
48.0,-6.0,44.0,76.0
50.0,-6.0,44.0,76.0
52.0,-6.0,44.0,76.0
54.0,-6.0,44.0,76.0
56.0,-6.0,44.0,76.0
58.0,-6.0,44.0,76.0
-60.0,-4.0,44.0,19.0
-58.0,-4.0,44.0,19.0
-56.0,-4.0,44.0,438.0
-54.0,-4.0,44.0,438.0
-52.0,-4.0,44.0,438.0
-50.0,-4.0,44.0,438.0
-48.0,-4.0,44.0,438.0
-46.0,-4.0,44.0,438.0
-44.0,-4.0,44.0,438.0
-42.0,-4.0,44.0,438.0
-40.0,-4.0,44.0,438.0
-38.0,-4.0,44.0,438.0
-36.0,-4.0,44.0,438.0
-34.0,-4.0,44.0,202.0
-32.0,-4.0,44.0,202.0
-30.0,-4.0,44.0,202.0
-28.0,-4.0,44.0,202.0
-12.0,-4.0,44.0,408.0
-10.0,-4.0,44.0,408.0
-8.0,-4.0,44.0,408.0
-6.0,-4.0,44.0,408.0
-4.0,-4.0,44.0,408.0
-2.0,-4.0,44.0,145.0
0.0,-4.0,44.0,145.0
2.0,-4.0,44.0,145.0
4.0,-4.0,44.0,235.0
6.0,-4.0,44.0,235.0
8.0,-4.0,44.0,235.0
10.0,-4.0,44.0,235.0
12.0,-4.0,44.0,235.0
14.0,-4.0,44.0,235.0
32.0,-4.0,44.0,343.0
34.0,-4.0,44.0,343.0
36.0,-4.0,44.0,343.0
38.0,-4.0,44.0,343.0
40.0,-4.0,44.0,229.0
42.0,-4.0,44.0,229.0
44.0,-4.0,44.0,229.0
46.0,-4.0,44.0,76.0
48.0,-4.0,44.0,76.0
50.0,-4.0,44.0,76.0
52.0,-4.0,44.0,76.0
54.0,-4.0,44.0,76.0
56.0,-4.0,44.0,76.0
58.0,-4.0,44.0,76.0
-60.0,-2.0,44.0,539.0
-58.0,-2.0,44.0,539.0
-56.0,-2.0,44.0,539.0
-54.0,-2.0,44.0,438.0
-52.0,-2.0,44.0,438.0
-50.0,-2.0,44.0,438.0
-48.0,-2.0,44.0,438.0
-46.0,-2.0,44.0,438.0
-44.0,-2.0,44.0,438.0
-42.0,-2.0,44.0,438.0
-40.0,-2.0,44.0,438.0
-38.0,-2.0,44.0,438.0
-36.0,-2.0,44.0,438.0
-34.0,-2.0,44.0,438.0
-12.0,-2.0,44.0,408.0
-10.0,-2.0,44.0,408.0
-8.0,-2.0,44.0,408.0
-6.0,-2.0,44.0,408.0
-4.0,-2.0,44.0,408.0
-2.0,-2.0,44.0,145.0
0.0,-2.0,44.0,145.0
2.0,-2.0,44.0,145.0
4.0,-2.0,44.0,259.0
6.0,-2.0,44.0,259.0
8.0,-2.0,44.0,259.0
10.0,-2.0,44.0,259.0
12.0,-2.0,44.0,259.0
42.0,-2.0,44.0,229.0
44.0,-2.0,44.0,229.0
46.0,-2.0,44.0,229.0
48.0,-2.0,44.0,76.0
50.0,-2.0,44.0,76.0
52.0,-2.0,44.0,76.0
54.0,-2.0,44.0,76.0
56.0,-2.0,44.0,76.0
58.0,-2.0,44.0,76.0
-60.0,-0.0,44.0,539.0
-58.0,-0.0,44.0,539.0
-56.0,-0.0,44.0,539.0
-54.0,-0.0,44.0,539.0
-52.0,-0.0,44.0,438.0
-50.0,-0.0,44.0,438.0
-48.0,-0.0,44.0,438.0
-46.0,-0.0,44.0,438.0
-44.0,-0.0,44.0,438.0
-42.0,-0.0,44.0,438.0
-40.0,-0.0,44.0,438.0
-38.0,-0.0,44.0,438.0
-14.0,-0.0,44.0,408.0
-12.0,-0.0,44.0,408.0
-10.0,-0.0,44.0,408.0
-8.0,-0.0,44.0,408.0
-6.0,-0.0,44.0,408.0
-4.0,-0.0,44.0,408.0
-2.0,-0.0,44.0,408.0
0.0,-0.0,44.0,145.0
2.0,-0.0,44.0,259.0
4.0,-0.0,44.0,259.0
6.0,-0.0,44.0,259.0
8.0,-0.0,44.0,259.0
10.0,-0.0,44.0,259.0
12.0,-0.0,44.0,259.0
40.0,-0.0,44.0,533.0
42.0,-0.0,44.0,229.0
44.0,-0.0,44.0,229.0
46.0,-0.0,44.0,229.0
48.0,-0.0,44.0,76.0
50.0,-0.0,44.0,76.0
52.0,-0.0,44.0,76.0
54.0,-0.0,44.0,76.0
56.0,-0.0,44.0,76.0
58.0,-0.0,44.0,76.0
-58.0,2.0,44.0,539.0
-56.0,2.0,44.0,539.0
-54.0,2.0,44.0,539.0
-52.0,2.0,44.0,539.0
-50.0,2.0,44.0,438.0
-48.0,2.0,44.0,438.0
-46.0,2.0,44.0,438.0
-44.0,2.0,44.0,438.0
-42.0,2.0,44.0,438.0
-40.0,2.0,44.0,438.0
-38.0,2.0,44.0,438.0
-14.0,2.0,44.0,408.0
-12.0,2.0,44.0,408.0
-10.0,2.0,44.0,408.0
-8.0,2.0,44.0,408.0
-6.0,2.0,44.0,408.0
-4.0,2.0,44.0,408.0
-2.0,2.0,44.0,408.0
0.0,2.0,44.0,9.0
2.0,2.0,44.0,259.0
4.0,2.0,44.0,259.0
6.0,2.0,44.0,259.0
8.0,2.0,44.0,259.0
10.0,2.0,44.0,259.0
12.0,2.0,44.0,259.0
38.0,2.0,44.0,533.0
40.0,2.0,44.0,533.0
42.0,2.0,44.0,533.0
44.0,2.0,44.0,229.0
46.0,2.0,44.0,229.0
48.0,2.0,44.0,229.0
50.0,2.0,44.0,76.0
52.0,2.0,44.0,76.0
54.0,2.0,44.0,76.0
56.0,2.0,44.0,76.0
-58.0,4.0,44.0,539.0
-56.0,4.0,44.0,539.0
-54.0,4.0,44.0,539.0
-52.0,4.0,44.0,539.0
-50.0,4.0,44.0,539.0
-48.0,4.0,44.0,439.0
-46.0,4.0,44.0,438.0
-44.0,4.0,44.0,438.0
-42.0,4.0,44.0,438.0
-40.0,4.0,44.0,438.0
-38.0,4.0,44.0,438.0
-14.0,4.0,44.0,408.0
-12.0,4.0,44.0,408.0
-10.0,4.0,44.0,408.0
-8.0,4.0,44.0,408.0
-6.0,4.0,44.0,408.0
-4.0,4.0,44.0,9.0
-2.0,4.0,44.0,9.0
0.0,4.0,44.0,9.0
2.0,4.0,44.0,9.0
4.0,4.0,44.0,259.0
6.0,4.0,44.0,259.0
8.0,4.0,44.0,259.0
10.0,4.0,44.0,259.0
12.0,4.0,44.0,259.0
38.0,4.0,44.0,533.0
40.0,4.0,44.0,533.0
42.0,4.0,44.0,533.0
44.0,4.0,44.0,533.0
46.0,4.0,44.0,229.0
48.0,4.0,44.0,229.0
50.0,4.0,44.0,445.0
52.0,4.0,44.0,76.0
54.0,4.0,44.0,76.0
56.0,4.0,44.0,76.0
-58.0,6.0,44.0,539.0
-56.0,6.0,44.0,539.0
-54.0,6.0,44.0,539.0
-52.0,6.0,44.0,539.0
-50.0,6.0,44.0,539.0
-48.0,6.0,44.0,439.0
-46.0,6.0,44.0,439.0
-44.0,6.0,44.0,439.0
-42.0,6.0,44.0,439.0
-40.0,6.0,44.0,438.0
-38.0,6.0,44.0,438.0
-14.0,6.0,44.0,408.0
-12.0,6.0,44.0,408.0
-10.0,6.0,44.0,408.0
-8.0,6.0,44.0,9.0
-6.0,6.0,44.0,9.0
-4.0,6.0,44.0,9.0
-2.0,6.0,44.0,9.0
0.0,6.0,44.0,9.0
2.0,6.0,44.0,9.0
4.0,6.0,44.0,9.0
6.0,6.0,44.0,259.0
8.0,6.0,44.0,259.0
10.0,6.0,44.0,259.0
26.0,6.0,44.0,227.0
28.0,6.0,44.0,227.0
36.0,6.0,44.0,533.0
38.0,6.0,44.0,533.0
40.0,6.0,44.0,533.0
42.0,6.0,44.0,533.0
44.0,6.0,44.0,533.0
46.0,6.0,44.0,445.0
48.0,6.0,44.0,445.0
50.0,6.0,44.0,445.0
52.0,6.0,44.0,445.0
54.0,6.0,44.0,445.0
56.0,6.0,44.0,445.0
-56.0,8.0,44.0,539.0
-54.0,8.0,44.0,539.0
-52.0,8.0,44.0,539.0
-50.0,8.0,44.0,539.0
-48.0,8.0,44.0,439.0
-46.0,8.0,44.0,439.0
-44.0,8.0,44.0,439.0
-42.0,8.0,44.0,439.0
-40.0,8.0,44.0,439.0
-38.0,8.0,44.0,44.0
-14.0,8.0,44.0,408.0
-12.0,8.0,44.0,408.0
-10.0,8.0,44.0,9.0
-8.0,8.0,44.0,9.0
-6.0,8.0,44.0,9.0
-4.0,8.0,44.0,9.0
-2.0,8.0,44.0,9.0
0.0,8.0,44.0,9.0
2.0,8.0,44.0,9.0
4.0,8.0,44.0,9.0
6.0,8.0,44.0,9.0
8.0,8.0,44.0,9.0
10.0,8.0,44.0,259.0
26.0,8.0,44.0,227.0
28.0,8.0,44.0,227.0
30.0,8.0,44.0,533.0
36.0,8.0,44.0,533.0
38.0,8.0,44.0,533.0
40.0,8.0,44.0,533.0
42.0,8.0,44.0,533.0
44.0,8.0,44.0,533.0
46.0,8.0,44.0,445.0
48.0,8.0,44.0,445.0
50.0,8.0,44.0,445.0
52.0,8.0,44.0,445.0
54.0,8.0,44.0,445.0
-54.0,10.0,44.0,539.0
-52.0,10.0,44.0,539.0
-50.0,10.0,44.0,539.0
-48.0,10.0,44.0,439.0
-46.0,10.0,44.0,439.0
-44.0,10.0,44.0,439.0
-42.0,10.0,44.0,439.0
-40.0,10.0,44.0,44.0
-28.0,10.0,44.0,308.0
-26.0,10.0,44.0,308.0
-24.0,10.0,44.0,308.0
-14.0,10.0,44.0,9.0
-12.0,10.0,44.0,9.0
-10.0,10.0,44.0,9.0
-8.0,10.0,44.0,9.0
-6.0,10.0,44.0,9.0
-4.0,10.0,44.0,9.0
-2.0,10.0,44.0,9.0
0.0,10.0,44.0,9.0
2.0,10.0,44.0,9.0
4.0,10.0,44.0,9.0
6.0,10.0,44.0,9.0
8.0,10.0,44.0,9.0
24.0,10.0,44.0,227.0
26.0,10.0,44.0,227.0
28.0,10.0,44.0,533.0
30.0,10.0,44.0,533.0
38.0,10.0,44.0,533.0
40.0,10.0,44.0,533.0
42.0,10.0,44.0,533.0
44.0,10.0,44.0,445.0
46.0,10.0,44.0,445.0
48.0,10.0,44.0,445.0
50.0,10.0,44.0,445.0
52.0,10.0,44.0,445.0
54.0,10.0,44.0,445.0
-54.0,12.0,44.0,539.0
-52.0,12.0,44.0,539.0
-50.0,12.0,44.0,539.0
-48.0,12.0,44.0,439.0
-46.0,12.0,44.0,439.0
-44.0,12.0,44.0,439.0
-42.0,12.0,44.0,439.0
-40.0,12.0,44.0,44.0
-38.0,12.0,44.0,308.0
-36.0,12.0,44.0,308.0
-34.0,12.0,44.0,308.0
-28.0,12.0,44.0,308.0
-26.0,12.0,44.0,308.0
-24.0,12.0,44.0,78.0
-12.0,12.0,44.0,9.0
-10.0,12.0,44.0,9.0
-8.0,12.0,44.0,9.0
-6.0,12.0,44.0,9.0
-4.0,12.0,44.0,9.0
-2.0,12.0,44.0,9.0
0.0,12.0,44.0,9.0
2.0,12.0,44.0,9.0
4.0,12.0,44.0,9.0
6.0,12.0,44.0,9.0
8.0,12.0,44.0,9.0
24.0,12.0,44.0,63.0
26.0,12.0,44.0,227.0
28.0,12.0,44.0,533.0
30.0,12.0,44.0,533.0
40.0,12.0,44.0,533.0
42.0,12.0,44.0,445.0
44.0,12.0,44.0,445.0
46.0,12.0,44.0,445.0
48.0,12.0,44.0,445.0
50.0,12.0,44.0,445.0
52.0,12.0,44.0,445.0
-54.0,14.0,44.0,539.0
-52.0,14.0,44.0,539.0
-50.0,14.0,44.0,539.0
-48.0,14.0,44.0,439.0
-46.0,14.0,44.0,439.0
-44.0,14.0,44.0,439.0
-42.0,14.0,44.0,44.0
-40.0,14.0,44.0,44.0
-38.0,14.0,44.0,308.0
-36.0,14.0,44.0,308.0
-34.0,14.0,44.0,308.0
-28.0,14.0,44.0,308.0
-26.0,14.0,44.0,308.0
-24.0,14.0,44.0,78.0
-12.0,14.0,44.0,9.0
-10.0,14.0,44.0,9.0
-8.0,14.0,44.0,9.0
-6.0,14.0,44.0,9.0
-4.0,14.0,44.0,9.0
-2.0,14.0,44.0,9.0
0.0,14.0,44.0,9.0
2.0,14.0,44.0,9.0
4.0,14.0,44.0,9.0
6.0,14.0,44.0,9.0
8.0,14.0,44.0,9.0
22.0,14.0,44.0,63.0
24.0,14.0,44.0,63.0
26.0,14.0,44.0,167.0
28.0,14.0,44.0,167.0
30.0,14.0,44.0,470.0
36.0,14.0,44.0,470.0
38.0,14.0,44.0,470.0
40.0,14.0,44.0,470.0
42.0,14.0,44.0,445.0
44.0,14.0,44.0,445.0
46.0,14.0,44.0,445.0
48.0,14.0,44.0,445.0
50.0,14.0,44.0,445.0
52.0,14.0,44.0,445.0
-54.0,16.0,44.0,539.0
-52.0,16.0,44.0,539.0
-50.0,16.0,44.0,539.0
-48.0,16.0,44.0,439.0
-46.0,16.0,44.0,439.0
-44.0,16.0,44.0,44.0
-42.0,16.0,44.0,44.0
-40.0,16.0,44.0,44.0
-38.0,16.0,44.0,308.0
-36.0,16.0,44.0,308.0
-34.0,16.0,44.0,308.0
-32.0,16.0,44.0,308.0
-30.0,16.0,44.0,308.0
-28.0,16.0,44.0,308.0
-26.0,16.0,44.0,78.0
-24.0,16.0,44.0,78.0
-22.0,16.0,44.0,78.0
-12.0,16.0,44.0,9.0
-10.0,16.0,44.0,9.0
-8.0,16.0,44.0,9.0
-6.0,16.0,44.0,9.0
-4.0,16.0,44.0,9.0
-2.0,16.0,44.0,9.0
0.0,16.0,44.0,9.0
2.0,16.0,44.0,9.0
4.0,16.0,44.0,9.0
6.0,16.0,44.0,9.0
8.0,16.0,44.0,9.0
10.0,16.0,44.0,9.0
22.0,16.0,44.0,63.0
24.0,16.0,44.0,63.0
26.0,16.0,44.0,167.0
28.0,16.0,44.0,167.0
36.0,16.0,44.0,470.0
38.0,16.0,44.0,470.0
40.0,16.0,44.0,470.0
42.0,16.0,44.0,445.0
44.0,16.0,44.0,445.0
46.0,16.0,44.0,445.0
48.0,16.0,44.0,445.0
50.0,16.0,44.0,445.0
52.0,16.0,44.0,445.0
-52.0,18.0,44.0,539.0
-50.0,18.0,44.0,539.0
-48.0,18.0,44.0,439.0
-46.0,18.0,44.0,439.0
-44.0,18.0,44.0,44.0
-42.0,18.0,44.0,54.0
-40.0,18.0,44.0,54.0
-38.0,18.0,44.0,54.0
-36.0,18.0,44.0,54.0
-34.0,18.0,44.0,308.0
-30.0,18.0,44.0,308.0
-28.0,18.0,44.0,308.0
-26.0,18.0,44.0,78.0
-24.0,18.0,44.0,78.0
-22.0,18.0,44.0,453.0
-12.0,18.0,44.0,453.0
-10.0,18.0,44.0,9.0
-8.0,18.0,44.0,9.0
-6.0,18.0,44.0,9.0
-4.0,18.0,44.0,9.0
-2.0,18.0,44.0,9.0
0.0,18.0,44.0,9.0
2.0,18.0,44.0,9.0
4.0,18.0,44.0,9.0
6.0,18.0,44.0,9.0
8.0,18.0,44.0,9.0
10.0,18.0,44.0,9.0
34.0,18.0,44.0,167.0
36.0,18.0,44.0,470.0
38.0,18.0,44.0,470.0
40.0,18.0,44.0,470.0
42.0,18.0,44.0,445.0
44.0,18.0,44.0,445.0
46.0,18.0,44.0,445.0
48.0,18.0,44.0,445.0
50.0,18.0,44.0,445.0
-52.0,20.0,44.0,170.0
-50.0,20.0,44.0,170.0
-48.0,20.0,44.0,170.0
-46.0,20.0,44.0,170.0
-44.0,20.0,44.0,54.0
-42.0,20.0,44.0,54.0
-40.0,20.0,44.0,54.0
-38.0,20.0,44.0,54.0
-36.0,20.0,44.0,54.0
-34.0,20.0,44.0,54.0
-30.0,20.0,44.0,1.0
-28.0,20.0,44.0,1.0
-26.0,20.0,44.0,453.0
-24.0,20.0,44.0,453.0
-22.0,20.0,44.0,453.0
-12.0,20.0,44.0,453.0
-10.0,20.0,44.0,9.0
-8.0,20.0,44.0,9.0
-6.0,20.0,44.0,9.0
-4.0,20.0,44.0,9.0
-2.0,20.0,44.0,9.0
2.0,20.0,44.0,9.0
4.0,20.0,44.0,9.0
6.0,20.0,44.0,9.0
8.0,20.0,44.0,9.0
10.0,20.0,44.0,9.0
30.0,20.0,44.0,167.0
32.0,20.0,44.0,167.0
34.0,20.0,44.0,167.0
36.0,20.0,44.0,167.0
38.0,20.0,44.0,167.0
40.0,20.0,44.0,470.0
42.0,20.0,44.0,445.0
44.0,20.0,44.0,445.0
46.0,20.0,44.0,445.0
48.0,20.0,44.0,445.0
50.0,20.0,44.0,445.0
-50.0,22.0,44.0,170.0
-48.0,22.0,44.0,170.0
-46.0,22.0,44.0,170.0
-44.0,22.0,44.0,54.0
-42.0,22.0,44.0,54.0
-40.0,22.0,44.0,54.0
-38.0,22.0,44.0,54.0
-36.0,22.0,44.0,54.0
-34.0,22.0,44.0,1.0
-30.0,22.0,44.0,1.0
-28.0,22.0,44.0,1.0
-26.0,22.0,44.0,453.0
-24.0,22.0,44.0,453.0
-22.0,22.0,44.0,453.0
-20.0,22.0,44.0,453.0
-10.0,22.0,44.0,217.0
-8.0,22.0,44.0,217.0
-6.0,22.0,44.0,217.0
-4.0,22.0,44.0,217.0
-2.0,22.0,44.0,217.0
2.0,22.0,44.0,9.0
4.0,22.0,44.0,9.0
6.0,22.0,44.0,9.0
8.0,22.0,44.0,9.0
10.0,22.0,44.0,9.0
12.0,22.0,44.0,63.0
20.0,22.0,44.0,317.0
22.0,22.0,44.0,317.0
24.0,22.0,44.0,167.0
26.0,22.0,44.0,167.0
28.0,22.0,44.0,167.0
30.0,22.0,44.0,167.0
32.0,22.0,44.0,167.0
34.0,22.0,44.0,167.0
36.0,22.0,44.0,167.0
38.0,22.0,44.0,167.0
40.0,22.0,44.0,167.0
42.0,22.0,44.0,445.0
44.0,22.0,44.0,445.0
46.0,22.0,44.0,445.0
48.0,22.0,44.0,445.0
-50.0,24.0,44.0,170.0
-48.0,24.0,44.0,170.0
-46.0,24.0,44.0,170.0
-44.0,24.0,44.0,54.0
-42.0,24.0,44.0,54.0
-40.0,24.0,44.0,54.0
-38.0,24.0,44.0,54.0
-36.0,24.0,44.0,54.0
-34.0,24.0,44.0,1.0
-32.0,24.0,44.0,1.0
-30.0,24.0,44.0,1.0
-28.0,24.0,44.0,1.0
-26.0,24.0,44.0,453.0
-24.0,24.0,44.0,453.0
-22.0,24.0,44.0,453.0
-20.0,24.0,44.0,453.0
-10.0,24.0,44.0,217.0
-8.0,24.0,44.0,217.0
-6.0,24.0,44.0,217.0
-4.0,24.0,44.0,217.0
-2.0,24.0,44.0,217.0
2.0,24.0,44.0,217.0
4.0,24.0,44.0,217.0
6.0,24.0,44.0,217.0
8.0,24.0,44.0,217.0
10.0,24.0,44.0,255.0
20.0,24.0,44.0,317.0
22.0,24.0,44.0,317.0
24.0,24.0,44.0,317.0
26.0,24.0,44.0,167.0
28.0,24.0,44.0,167.0
30.0,24.0,44.0,167.0
32.0,24.0,44.0,167.0
34.0,24.0,44.0,167.0
36.0,24.0,44.0,167.0
38.0,24.0,44.0,167.0
40.0,24.0,44.0,167.0
42.0,24.0,44.0,167.0
44.0,24.0,44.0,445.0
46.0,24.0,44.0,445.0
-48.0,26.0,44.0,170.0
-46.0,26.0,44.0,170.0
-44.0,26.0,44.0,170.0
-42.0,26.0,44.0,54.0
-40.0,26.0,44.0,54.0
-38.0,26.0,44.0,54.0
-36.0,26.0,44.0,1.0
-34.0,26.0,44.0,1.0
-32.0,26.0,44.0,1.0
-30.0,26.0,44.0,1.0
-28.0,26.0,44.0,1.0
-26.0,26.0,44.0,453.0
-24.0,26.0,44.0,453.0
-22.0,26.0,44.0,453.0
-20.0,26.0,44.0,453.0
-12.0,26.0,44.0,453.0
-10.0,26.0,44.0,217.0
-8.0,26.0,44.0,217.0
-6.0,26.0,44.0,217.0
-4.0,26.0,44.0,217.0
-2.0,26.0,44.0,217.0
2.0,26.0,44.0,217.0
4.0,26.0,44.0,217.0
6.0,26.0,44.0,217.0
8.0,26.0,44.0,217.0
10.0,26.0,44.0,255.0
20.0,26.0,44.0,317.0
22.0,26.0,44.0,317.0
24.0,26.0,44.0,317.0
26.0,26.0,44.0,317.0
28.0,26.0,44.0,167.0
30.0,26.0,44.0,167.0
32.0,26.0,44.0,167.0
34.0,26.0,44.0,167.0
36.0,26.0,44.0,167.0
38.0,26.0,44.0,167.0
40.0,26.0,44.0,167.0
42.0,26.0,44.0,167.0
44.0,26.0,44.0,445.0
46.0,26.0,44.0,445.0
-46.0,28.0,44.0,170.0
-44.0,28.0,44.0,368.0
-42.0,28.0,44.0,368.0
-40.0,28.0,44.0,54.0
-38.0,28.0,44.0,54.0
-36.0,28.0,44.0,1.0
-34.0,28.0,44.0,1.0
-32.0,28.0,44.0,1.0
-30.0,28.0,44.0,1.0
-28.0,28.0,44.0,1.0
-26.0,28.0,44.0,453.0
-24.0,28.0,44.0,453.0
-22.0,28.0,44.0,453.0
-20.0,28.0,44.0,453.0
-18.0,28.0,44.0,453.0
-12.0,28.0,44.0,453.0
-10.0,28.0,44.0,217.0
-8.0,28.0,44.0,217.0
-6.0,28.0,44.0,217.0
-4.0,28.0,44.0,217.0
2.0,28.0,44.0,217.0
4.0,28.0,44.0,217.0
6.0,28.0,44.0,217.0
8.0,28.0,44.0,217.0
10.0,28.0,44.0,255.0
20.0,28.0,44.0,317.0
22.0,28.0,44.0,317.0
24.0,28.0,44.0,317.0
26.0,28.0,44.0,317.0
28.0,28.0,44.0,317.0
30.0,28.0,44.0,167.0
32.0,28.0,44.0,167.0
34.0,28.0,44.0,167.0
36.0,28.0,44.0,167.0
38.0,28.0,44.0,167.0
40.0,28.0,44.0,167.0
42.0,28.0,44.0,167.0
44.0,28.0,44.0,167.0
-44.0,30.0,44.0,368.0
-42.0,30.0,44.0,368.0
-40.0,30.0,44.0,368.0
-38.0,30.0,44.0,368.0
-36.0,30.0,44.0,1.0
-34.0,30.0,44.0,1.0
-32.0,30.0,44.0,1.0
-30.0,30.0,44.0,386.0
-28.0,30.0,44.0,386.0
-26.0,30.0,44.0,453.0
-24.0,30.0,44.0,453.0
-22.0,30.0,44.0,453.0
-20.0,30.0,44.0,453.0
-18.0,30.0,44.0,453.0
-12.0,30.0,44.0,399.0
-10.0,30.0,44.0,399.0
-8.0,30.0,44.0,217.0
-6.0,30.0,44.0,217.0
-4.0,30.0,44.0,217.0
2.0,30.0,44.0,217.0
4.0,30.0,44.0,217.0
6.0,30.0,44.0,217.0
8.0,30.0,44.0,255.0
10.0,30.0,44.0,255.0
18.0,30.0,44.0,317.0
20.0,30.0,44.0,317.0
22.0,30.0,44.0,317.0
24.0,30.0,44.0,317.0
26.0,30.0,44.0,317.0
28.0,30.0,44.0,317.0
30.0,30.0,44.0,317.0
32.0,30.0,44.0,167.0
34.0,30.0,44.0,167.0
36.0,30.0,44.0,167.0
38.0,30.0,44.0,167.0
40.0,30.0,44.0,391.0
42.0,30.0,44.0,391.0
-44.0,32.0,44.0,368.0
-42.0,32.0,44.0,368.0
-40.0,32.0,44.0,368.0
-38.0,32.0,44.0,368.0
-36.0,32.0,44.0,386.0
-34.0,32.0,44.0,386.0
-32.0,32.0,44.0,386.0
-30.0,32.0,44.0,386.0
-28.0,32.0,44.0,386.0
-26.0,32.0,44.0,386.0
-24.0,32.0,44.0,453.0
-22.0,32.0,44.0,453.0
-20.0,32.0,44.0,453.0
-18.0,32.0,44.0,453.0
-10.0,32.0,44.0,399.0
-8.0,32.0,44.0,399.0
-6.0,32.0,44.0,399.0
-4.0,32.0,44.0,217.0
-2.0,32.0,44.0,217.0
2.0,32.0,44.0,217.0
4.0,32.0,44.0,217.0
6.0,32.0,44.0,217.0
8.0,32.0,44.0,255.0
18.0,32.0,44.0,317.0
20.0,32.0,44.0,317.0
22.0,32.0,44.0,317.0
24.0,32.0,44.0,317.0
26.0,32.0,44.0,317.0
28.0,32.0,44.0,317.0
30.0,32.0,44.0,317.0
32.0,32.0,44.0,317.0
34.0,32.0,44.0,391.0
36.0,32.0,44.0,391.0
38.0,32.0,44.0,391.0
40.0,32.0,44.0,391.0
-42.0,34.0,44.0,368.0
-40.0,34.0,44.0,368.0
-38.0,34.0,44.0,368.0
-36.0,34.0,44.0,386.0
-34.0,34.0,44.0,386.0
-32.0,34.0,44.0,386.0
-30.0,34.0,44.0,386.0
-28.0,34.0,44.0,386.0
-26.0,34.0,44.0,386.0
-24.0,34.0,44.0,386.0
-22.0,34.0,44.0,453.0
-20.0,34.0,44.0,453.0
-18.0,34.0,44.0,453.0
-10.0,34.0,44.0,399.0
-8.0,34.0,44.0,399.0
-6.0,34.0,44.0,399.0
-4.0,34.0,44.0,399.0
-2.0,34.0,44.0,399.0
2.0,34.0,44.0,217.0
4.0,34.0,44.0,217.0
6.0,34.0,44.0,217.0
8.0,34.0,44.0,255.0
16.0,34.0,44.0,317.0
18.0,34.0,44.0,317.0
20.0,34.0,44.0,317.0
22.0,34.0,44.0,317.0
24.0,34.0,44.0,317.0
26.0,34.0,44.0,317.0
28.0,34.0,44.0,317.0
30.0,34.0,44.0,317.0
32.0,34.0,44.0,391.0
34.0,34.0,44.0,391.0
36.0,34.0,44.0,391.0
38.0,34.0,44.0,391.0
-40.0,36.0,44.0,368.0
-38.0,36.0,44.0,368.0
-36.0,36.0,44.0,386.0
-34.0,36.0,44.0,386.0
-32.0,36.0,44.0,386.0
-30.0,36.0,44.0,386.0
-28.0,36.0,44.0,386.0
-26.0,36.0,44.0,386.0
-24.0,36.0,44.0,386.0
-22.0,36.0,44.0,453.0
-20.0,36.0,44.0,453.0
-18.0,36.0,44.0,399.0
-10.0,36.0,44.0,399.0
-8.0,36.0,44.0,399.0
-6.0,36.0,44.0,399.0
-4.0,36.0,44.0,399.0
-2.0,36.0,44.0,399.0
2.0,36.0,44.0,399.0
4.0,36.0,44.0,126.0
6.0,36.0,44.0,126.0
8.0,36.0,44.0,126.0
16.0,36.0,44.0,317.0
18.0,36.0,44.0,317.0
20.0,36.0,44.0,317.0
22.0,36.0,44.0,317.0
24.0,36.0,44.0,317.0
26.0,36.0,44.0,317.0
28.0,36.0,44.0,317.0
30.0,36.0,44.0,391.0
32.0,36.0,44.0,391.0
34.0,36.0,44.0,391.0
36.0,36.0,44.0,391.0
-38.0,38.0,44.0,368.0
-36.0,38.0,44.0,386.0
-34.0,38.0,44.0,386.0
-32.0,38.0,44.0,386.0
-30.0,38.0,44.0,386.0
-28.0,38.0,44.0,386.0
-26.0,38.0,44.0,386.0
-24.0,38.0,44.0,291.0
-22.0,38.0,44.0,291.0
-20.0,38.0,44.0,291.0
-18.0,38.0,44.0,399.0
-16.0,38.0,44.0,399.0
-8.0,38.0,44.0,399.0
-6.0,38.0,44.0,399.0
-4.0,38.0,44.0,399.0
-2.0,38.0,44.0,399.0
2.0,38.0,44.0,399.0
4.0,38.0,44.0,126.0
6.0,38.0,44.0,126.0
8.0,38.0,44.0,126.0
10.0,38.0,44.0,126.0
16.0,38.0,44.0,317.0
18.0,38.0,44.0,317.0
20.0,38.0,44.0,317.0
22.0,38.0,44.0,317.0
24.0,38.0,44.0,317.0
26.0,38.0,44.0,317.0
28.0,38.0,44.0,391.0
30.0,38.0,44.0,391.0
32.0,38.0,44.0,391.0
34.0,38.0,44.0,391.0
-36.0,40.0,44.0,416.0
-34.0,40.0,44.0,416.0
-32.0,40.0,44.0,386.0
-30.0,40.0,44.0,386.0
-28.0,40.0,44.0,291.0
-26.0,40.0,44.0,291.0
-24.0,40.0,44.0,291.0
-22.0,40.0,44.0,291.0
-20.0,40.0,44.0,291.0
-18.0,40.0,44.0,399.0
-16.0,40.0,44.0,399.0
-8.0,40.0,44.0,399.0
-6.0,40.0,44.0,399.0
-4.0,40.0,44.0,399.0
-2.0,40.0,44.0,399.0
2.0,40.0,44.0,399.0
4.0,40.0,44.0,126.0
6.0,40.0,44.0,126.0
8.0,40.0,44.0,126.0
10.0,40.0,44.0,126.0
16.0,40.0,44.0,317.0
18.0,40.0,44.0,317.0
20.0,40.0,44.0,317.0
22.0,40.0,44.0,317.0
24.0,40.0,44.0,317.0
28.0,40.0,44.0,391.0
30.0,40.0,44.0,391.0
32.0,40.0,44.0,391.0
-34.0,42.0,44.0,416.0
-32.0,42.0,44.0,416.0
-30.0,42.0,44.0,291.0
-28.0,42.0,44.0,291.0
-26.0,42.0,44.0,291.0
-24.0,42.0,44.0,291.0
-22.0,42.0,44.0,291.0
-20.0,42.0,44.0,291.0
-18.0,42.0,44.0,291.0
-16.0,42.0,44.0,399.0
-14.0,42.0,44.0,399.0
-8.0,42.0,44.0,399.0
-6.0,42.0,44.0,399.0
-4.0,42.0,44.0,399.0
-2.0,42.0,44.0,399.0
4.0,42.0,44.0,126.0
6.0,42.0,44.0,126.0
8.0,42.0,44.0,126.0
10.0,42.0,44.0,126.0
12.0,42.0,44.0,126.0
14.0,42.0,44.0,126.0
16.0,42.0,44.0,317.0
18.0,42.0,44.0,317.0
20.0,42.0,44.0,317.0
22.0,42.0,44.0,317.0
24.0,42.0,44.0,391.0
28.0,42.0,44.0,391.0
30.0,42.0,44.0,391.0
-32.0,44.0,44.0,416.0
-30.0,44.0,44.0,291.0
-28.0,44.0,44.0,291.0
-26.0,44.0,44.0,291.0
-24.0,44.0,44.0,291.0
-22.0,44.0,44.0,291.0
-20.0,44.0,44.0,291.0
-18.0,44.0,44.0,281.0
-16.0,44.0,44.0,281.0
-14.0,44.0,44.0,399.0
-8.0,44.0,44.0,399.0
-6.0,44.0,44.0,399.0
-4.0,44.0,44.0,399.0
-2.0,44.0,44.0,399.0
2.0,44.0,44.0,399.0
4.0,44.0,44.0,126.0
6.0,44.0,44.0,126.0
8.0,44.0,44.0,126.0
10.0,44.0,44.0,126.0
12.0,44.0,44.0,126.0
14.0,44.0,44.0,126.0
16.0,44.0,44.0,126.0
18.0,44.0,44.0,317.0
20.0,44.0,44.0,317.0
22.0,44.0,44.0,391.0
24.0,44.0,44.0,391.0
28.0,44.0,44.0,391.0
-28.0,46.0,44.0,291.0
-26.0,46.0,44.0,291.0
-24.0,46.0,44.0,291.0
-22.0,46.0,44.0,291.0
-20.0,46.0,44.0,281.0
-18.0,46.0,44.0,281.0
-16.0,46.0,44.0,281.0
-14.0,46.0,44.0,281.0
-12.0,46.0,44.0,399.0
-10.0,46.0,44.0,399.0
-8.0,46.0,44.0,399.0
-6.0,46.0,44.0,399.0
-4.0,46.0,44.0,399.0
-2.0,46.0,44.0,399.0
2.0,46.0,44.0,399.0
4.0,46.0,44.0,126.0
6.0,46.0,44.0,126.0
8.0,46.0,44.0,126.0
10.0,46.0,44.0,126.0
12.0,46.0,44.0,126.0
14.0,46.0,44.0,126.0
16.0,46.0,44.0,256.0
18.0,46.0,44.0,256.0
20.0,46.0,44.0,391.0
22.0,46.0,44.0,391.0
24.0,46.0,44.0,391.0
-26.0,48.0,44.0,291.0
-24.0,48.0,44.0,291.0
-22.0,48.0,44.0,281.0
-20.0,48.0,44.0,281.0
-18.0,48.0,44.0,281.0
-16.0,48.0,44.0,281.0
-14.0,48.0,44.0,281.0
-12.0,48.0,44.0,458.0
-10.0,48.0,44.0,458.0
-8.0,48.0,44.0,458.0
-6.0,48.0,44.0,399.0
-4.0,48.0,44.0,399.0
-2.0,48.0,44.0,399.0
2.0,48.0,44.0,399.0
4.0,48.0,44.0,126.0
6.0,48.0,44.0,126.0
8.0,48.0,44.0,126.0
10.0,48.0,44.0,126.0
12.0,48.0,44.0,256.0
14.0,48.0,44.0,256.0
16.0,48.0,44.0,256.0
18.0,48.0,44.0,256.0
20.0,48.0,44.0,256.0
22.0,48.0,44.0,391.0
24.0,48.0,44.0,391.0
-22.0,50.0,44.0,281.0
-20.0,50.0,44.0,281.0
-18.0,50.0,44.0,281.0
-16.0,50.0,44.0,281.0
-14.0,50.0,44.0,458.0
-12.0,50.0,44.0,458.0
-10.0,50.0,44.0,458.0
-8.0,50.0,44.0,458.0
-6.0,50.0,44.0,458.0
-4.0,50.0,44.0,458.0
-2.0,50.0,44.0,458.0
2.0,50.0,44.0,399.0
4.0,50.0,44.0,126.0
6.0,50.0,44.0,126.0
8.0,50.0,44.0,256.0
10.0,50.0,44.0,256.0
12.0,50.0,44.0,256.0
14.0,50.0,44.0,256.0
16.0,50.0,44.0,256.0
18.0,50.0,44.0,256.0
20.0,50.0,44.0,256.0
-18.0,52.0,44.0,281.0
-16.0,52.0,44.0,281.0
-14.0,52.0,44.0,458.0
-12.0,52.0,44.0,458.0
-10.0,52.0,44.0,458.0
-8.0,52.0,44.0,458.0
-6.0,52.0,44.0,458.0
-4.0,52.0,44.0,458.0
-2.0,52.0,44.0,458.0
4.0,52.0,44.0,458.0
6.0,52.0,44.0,256.0
8.0,52.0,44.0,256.0
10.0,52.0,44.0,256.0
12.0,52.0,44.0,256.0
14.0,52.0,44.0,256.0
16.0,52.0,44.0,256.0
-16.0,54.0,44.0,458.0
-14.0,54.0,44.0,458.0
-12.0,54.0,44.0,458.0
-10.0,54.0,44.0,458.0
-8.0,54.0,44.0,458.0
-6.0,54.0,44.0,458.0
-4.0,54.0,44.0,458.0
4.0,54.0,44.0,256.0
6.0,54.0,44.0,256.0
8.0,54.0,44.0,256.0
10.0,54.0,44.0,256.0
12.0,54.0,44.0,256.0
-12.0,56.0,44.0,458.0
-10.0,56.0,44.0,458.0
-8.0,56.0,44.0,458.0
6.0,56.0,44.0,256.0
8.0,56.0,44.0,256.0
-18.0,-86.0,46.0,41.0
-16.0,-86.0,46.0,550.0
-14.0,-86.0,46.0,550.0
-12.0,-86.0,46.0,550.0
-10.0,-86.0,46.0,550.0
-8.0,-86.0,46.0,148.0
6.0,-86.0,46.0,186.0
8.0,-86.0,46.0,186.0
10.0,-86.0,46.0,186.0
12.0,-86.0,46.0,135.0
14.0,-86.0,46.0,135.0
16.0,-86.0,46.0,135.0
22.0,-86.0,46.0,135.0
-18.0,-84.0,46.0,550.0
-16.0,-84.0,46.0,550.0
-14.0,-84.0,46.0,550.0
-12.0,-84.0,46.0,550.0
-10.0,-84.0,46.0,550.0
-8.0,-84.0,46.0,550.0
4.0,-84.0,46.0,302.0
6.0,-84.0,46.0,186.0
8.0,-84.0,46.0,186.0
10.0,-84.0,46.0,186.0
12.0,-84.0,46.0,135.0
14.0,-84.0,46.0,135.0
16.0,-84.0,46.0,135.0
20.0,-84.0,46.0,135.0
22.0,-84.0,46.0,135.0
24.0,-84.0,46.0,135.0
-32.0,-82.0,46.0,556.0
-30.0,-82.0,46.0,41.0
-26.0,-82.0,46.0,41.0
-24.0,-82.0,46.0,41.0
-22.0,-82.0,46.0,41.0
-16.0,-82.0,46.0,550.0
-14.0,-82.0,46.0,550.0
-12.0,-82.0,46.0,550.0
-10.0,-82.0,46.0,550.0
4.0,-82.0,46.0,302.0
6.0,-82.0,46.0,186.0
8.0,-82.0,46.0,186.0
10.0,-82.0,46.0,186.0
12.0,-82.0,46.0,186.0
14.0,-82.0,46.0,135.0
16.0,-82.0,46.0,135.0
22.0,-82.0,46.0,135.0
24.0,-82.0,46.0,135.0
26.0,-82.0,46.0,135.0
28.0,-82.0,46.0,135.0
-34.0,-80.0,46.0,556.0
-32.0,-80.0,46.0,556.0
-30.0,-80.0,46.0,556.0
-28.0,-80.0,46.0,353.0
-26.0,-80.0,46.0,353.0
-24.0,-80.0,46.0,353.0
-22.0,-80.0,46.0,353.0
-20.0,-80.0,46.0,353.0
-16.0,-80.0,46.0,550.0
-14.0,-80.0,46.0,550.0
-12.0,-80.0,46.0,550.0
6.0,-80.0,46.0,186.0
8.0,-80.0,46.0,186.0
10.0,-80.0,46.0,186.0
12.0,-80.0,46.0,186.0
14.0,-80.0,46.0,135.0
16.0,-80.0,46.0,135.0
36.0,-80.0,46.0,254.0
-38.0,-78.0,46.0,556.0
-36.0,-78.0,46.0,556.0
-34.0,-78.0,46.0,556.0
-32.0,-78.0,46.0,556.0
-30.0,-78.0,46.0,512.0
-28.0,-78.0,46.0,353.0
-26.0,-78.0,46.0,353.0
-24.0,-78.0,46.0,353.0
-22.0,-78.0,46.0,353.0
-20.0,-78.0,46.0,353.0
-18.0,-78.0,46.0,353.0
-16.0,-78.0,46.0,353.0
-14.0,-78.0,46.0,353.0
-12.0,-78.0,46.0,155.0
-10.0,-78.0,46.0,155.0
2.0,-78.0,46.0,515.0
4.0,-78.0,46.0,515.0
6.0,-78.0,46.0,515.0
8.0,-78.0,46.0,186.0
10.0,-78.0,46.0,186.0
12.0,-78.0,46.0,186.0
14.0,-78.0,46.0,135.0
16.0,-78.0,46.0,135.0
26.0,-78.0,46.0,135.0
28.0,-78.0,46.0,135.0
30.0,-78.0,46.0,254.0
32.0,-78.0,46.0,254.0
34.0,-78.0,46.0,254.0
36.0,-78.0,46.0,254.0
38.0,-78.0,46.0,254.0
-40.0,-76.0,46.0,556.0
-38.0,-76.0,46.0,556.0
-36.0,-76.0,46.0,556.0
-34.0,-76.0,46.0,556.0
-32.0,-76.0,46.0,556.0
-30.0,-76.0,46.0,512.0
-28.0,-76.0,46.0,353.0
-26.0,-76.0,46.0,353.0
-24.0,-76.0,46.0,353.0
-22.0,-76.0,46.0,353.0
-20.0,-76.0,46.0,353.0
-18.0,-76.0,46.0,353.0
-16.0,-76.0,46.0,353.0
-14.0,-76.0,46.0,353.0
-12.0,-76.0,46.0,155.0
-10.0,-76.0,46.0,155.0
-8.0,-76.0,46.0,155.0
0.0,-76.0,46.0,515.0
2.0,-76.0,46.0,515.0
4.0,-76.0,46.0,515.0
6.0,-76.0,46.0,515.0
8.0,-76.0,46.0,515.0
10.0,-76.0,46.0,186.0
12.0,-76.0,46.0,186.0
14.0,-76.0,46.0,186.0
24.0,-76.0,46.0,135.0
26.0,-76.0,46.0,135.0
28.0,-76.0,46.0,135.0
30.0,-76.0,46.0,254.0
32.0,-76.0,46.0,254.0
34.0,-76.0,46.0,254.0
36.0,-76.0,46.0,254.0
38.0,-76.0,46.0,254.0
40.0,-76.0,46.0,254.0
42.0,-76.0,46.0,254.0
-42.0,-74.0,46.0,556.0
-40.0,-74.0,46.0,556.0
-38.0,-74.0,46.0,556.0
-36.0,-74.0,46.0,556.0
-34.0,-74.0,46.0,556.0
-32.0,-74.0,46.0,512.0
-30.0,-74.0,46.0,512.0
-28.0,-74.0,46.0,512.0
-26.0,-74.0,46.0,353.0
-24.0,-74.0,46.0,353.0
-22.0,-74.0,46.0,353.0
-20.0,-74.0,46.0,353.0
-18.0,-74.0,46.0,353.0
-16.0,-74.0,46.0,353.0
-14.0,-74.0,46.0,353.0
-12.0,-74.0,46.0,155.0
-10.0,-74.0,46.0,155.0
-8.0,-74.0,46.0,155.0
-6.0,-74.0,46.0,155.0
-4.0,-74.0,46.0,155.0
0.0,-74.0,46.0,515.0
2.0,-74.0,46.0,515.0
4.0,-74.0,46.0,515.0
6.0,-74.0,46.0,515.0
8.0,-74.0,46.0,515.0
10.0,-74.0,46.0,186.0
12.0,-74.0,46.0,186.0
14.0,-74.0,46.0,186.0
16.0,-74.0,46.0,135.0
20.0,-74.0,46.0,135.0
22.0,-74.0,46.0,135.0
24.0,-74.0,46.0,135.0
26.0,-74.0,46.0,135.0
28.0,-74.0,46.0,254.0
30.0,-74.0,46.0,254.0
32.0,-74.0,46.0,254.0
34.0,-74.0,46.0,254.0
36.0,-74.0,46.0,254.0
38.0,-74.0,46.0,254.0
40.0,-74.0,46.0,254.0
42.0,-74.0,46.0,254.0
-44.0,-72.0,46.0,556.0
-42.0,-72.0,46.0,556.0
-40.0,-72.0,46.0,556.0
-38.0,-72.0,46.0,556.0
-36.0,-72.0,46.0,556.0
-34.0,-72.0,46.0,512.0
-32.0,-72.0,46.0,512.0
-30.0,-72.0,46.0,512.0
-28.0,-72.0,46.0,512.0
-26.0,-72.0,46.0,353.0
-24.0,-72.0,46.0,353.0
-22.0,-72.0,46.0,353.0
-20.0,-72.0,46.0,353.0
-18.0,-72.0,46.0,353.0
-16.0,-72.0,46.0,353.0
-14.0,-72.0,46.0,353.0
-12.0,-72.0,46.0,493.0
-10.0,-72.0,46.0,155.0
-8.0,-72.0,46.0,155.0
-6.0,-72.0,46.0,155.0
-4.0,-72.0,46.0,155.0
-2.0,-72.0,46.0,155.0
0.0,-72.0,46.0,515.0
2.0,-72.0,46.0,515.0
4.0,-72.0,46.0,515.0
6.0,-72.0,46.0,515.0
8.0,-72.0,46.0,515.0
10.0,-72.0,46.0,515.0
12.0,-72.0,46.0,186.0
14.0,-72.0,46.0,186.0
16.0,-72.0,46.0,135.0
18.0,-72.0,46.0,135.0
20.0,-72.0,46.0,135.0
22.0,-72.0,46.0,135.0
24.0,-72.0,46.0,135.0
26.0,-72.0,46.0,88.0
28.0,-72.0,46.0,88.0
30.0,-72.0,46.0,88.0
32.0,-72.0,46.0,88.0
34.0,-72.0,46.0,88.0
36.0,-72.0,46.0,88.0
38.0,-72.0,46.0,88.0
40.0,-72.0,46.0,88.0
42.0,-72.0,46.0,88.0
44.0,-72.0,46.0,88.0
46.0,-72.0,46.0,88.0
-48.0,-70.0,46.0,556.0
-46.0,-70.0,46.0,556.0
-44.0,-70.0,46.0,556.0
-42.0,-70.0,46.0,556.0
-40.0,-70.0,46.0,556.0
-38.0,-70.0,46.0,556.0
-36.0,-70.0,46.0,512.0
-34.0,-70.0,46.0,512.0
-32.0,-70.0,46.0,512.0
-30.0,-70.0,46.0,512.0
-28.0,-70.0,46.0,512.0
-26.0,-70.0,46.0,353.0
-24.0,-70.0,46.0,353.0
-22.0,-70.0,46.0,353.0
-20.0,-70.0,46.0,353.0
-18.0,-70.0,46.0,353.0
-16.0,-70.0,46.0,353.0
-14.0,-70.0,46.0,493.0
-12.0,-70.0,46.0,493.0
-10.0,-70.0,46.0,56.0
-8.0,-70.0,46.0,155.0
-6.0,-70.0,46.0,155.0
-4.0,-70.0,46.0,155.0
0.0,-70.0,46.0,515.0
2.0,-70.0,46.0,515.0
4.0,-70.0,46.0,515.0
6.0,-70.0,46.0,515.0
8.0,-70.0,46.0,515.0
10.0,-70.0,46.0,515.0
12.0,-70.0,46.0,515.0
14.0,-70.0,46.0,580.0
16.0,-70.0,46.0,580.0
18.0,-70.0,46.0,580.0
20.0,-70.0,46.0,580.0
22.0,-70.0,46.0,580.0
24.0,-70.0,46.0,561.0
26.0,-70.0,46.0,88.0
28.0,-70.0,46.0,88.0
30.0,-70.0,46.0,88.0
32.0,-70.0,46.0,88.0
34.0,-70.0,46.0,88.0
36.0,-70.0,46.0,88.0
38.0,-70.0,46.0,88.0
40.0,-70.0,46.0,88.0
42.0,-70.0,46.0,88.0
44.0,-70.0,46.0,88.0
46.0,-70.0,46.0,88.0
48.0,-70.0,46.0,88.0
-48.0,-68.0,46.0,556.0
-46.0,-68.0,46.0,556.0
-44.0,-68.0,46.0,556.0
-42.0,-68.0,46.0,556.0
-40.0,-68.0,46.0,556.0
-38.0,-68.0,46.0,512.0
-36.0,-68.0,46.0,512.0
-34.0,-68.0,46.0,512.0
-32.0,-68.0,46.0,512.0
-30.0,-68.0,46.0,512.0
-28.0,-68.0,46.0,512.0
-26.0,-68.0,46.0,353.0
-24.0,-68.0,46.0,353.0
-22.0,-68.0,46.0,353.0
-20.0,-68.0,46.0,353.0
-18.0,-68.0,46.0,353.0
-16.0,-68.0,46.0,493.0
-14.0,-68.0,46.0,493.0
-12.0,-68.0,46.0,493.0
-10.0,-68.0,46.0,56.0
-8.0,-68.0,46.0,56.0
-6.0,-68.0,46.0,433.0
-4.0,-68.0,46.0,433.0
0.0,-68.0,46.0,433.0
2.0,-68.0,46.0,515.0
4.0,-68.0,46.0,515.0
6.0,-68.0,46.0,515.0
8.0,-68.0,46.0,515.0
10.0,-68.0,46.0,515.0
12.0,-68.0,46.0,580.0
14.0,-68.0,46.0,580.0
16.0,-68.0,46.0,580.0
18.0,-68.0,46.0,580.0
20.0,-68.0,46.0,580.0
22.0,-68.0,46.0,561.0
24.0,-68.0,46.0,561.0
26.0,-68.0,46.0,88.0
28.0,-68.0,46.0,88.0
30.0,-68.0,46.0,88.0
32.0,-68.0,46.0,88.0
34.0,-68.0,46.0,88.0
36.0,-68.0,46.0,88.0
38.0,-68.0,46.0,88.0
40.0,-68.0,46.0,88.0
42.0,-68.0,46.0,88.0
44.0,-68.0,46.0,88.0
46.0,-68.0,46.0,88.0
48.0,-68.0,46.0,88.0
50.0,-68.0,46.0,88.0
-50.0,-66.0,46.0,600.0
-48.0,-66.0,46.0,600.0
-46.0,-66.0,46.0,411.0
-44.0,-66.0,46.0,411.0
-42.0,-66.0,46.0,411.0
-40.0,-66.0,46.0,411.0
-38.0,-66.0,46.0,512.0
-36.0,-66.0,46.0,512.0
-34.0,-66.0,46.0,512.0
-32.0,-66.0,46.0,512.0
-30.0,-66.0,46.0,512.0
-28.0,-66.0,46.0,128.0
-26.0,-66.0,46.0,128.0
-24.0,-66.0,46.0,353.0
-22.0,-66.0,46.0,353.0
-20.0,-66.0,46.0,353.0
-18.0,-66.0,46.0,493.0
-16.0,-66.0,46.0,493.0
-14.0,-66.0,46.0,493.0
-12.0,-66.0,46.0,493.0
-10.0,-66.0,46.0,56.0
-8.0,-66.0,46.0,56.0
-6.0,-66.0,46.0,433.0
-4.0,-66.0,46.0,433.0
0.0,-66.0,46.0,433.0
2.0,-66.0,46.0,433.0
4.0,-66.0,46.0,515.0
6.0,-66.0,46.0,515.0
8.0,-66.0,46.0,515.0
12.0,-66.0,46.0,580.0
14.0,-66.0,46.0,580.0
16.0,-66.0,46.0,580.0
18.0,-66.0,46.0,580.0
20.0,-66.0,46.0,580.0
22.0,-66.0,46.0,561.0
24.0,-66.0,46.0,561.0
26.0,-66.0,46.0,501.0
28.0,-66.0,46.0,88.0
30.0,-66.0,46.0,88.0
32.0,-66.0,46.0,88.0
34.0,-66.0,46.0,88.0
36.0,-66.0,46.0,88.0
38.0,-66.0,46.0,88.0
40.0,-66.0,46.0,88.0
42.0,-66.0,46.0,88.0
44.0,-66.0,46.0,88.0
46.0,-66.0,46.0,88.0
48.0,-66.0,46.0,88.0
50.0,-66.0,46.0,410.0
-52.0,-64.0,46.0,600.0
-50.0,-64.0,46.0,600.0
-48.0,-64.0,46.0,600.0
-46.0,-64.0,46.0,411.0
-44.0,-64.0,46.0,411.0
-42.0,-64.0,46.0,411.0
-40.0,-64.0,46.0,411.0
-38.0,-64.0,46.0,411.0
-36.0,-64.0,46.0,512.0
-34.0,-64.0,46.0,512.0
-32.0,-64.0,46.0,128.0
-30.0,-64.0,46.0,128.0
-28.0,-64.0,46.0,128.0
-26.0,-64.0,46.0,128.0
-24.0,-64.0,46.0,128.0
-22.0,-64.0,46.0,353.0
-20.0,-64.0,46.0,493.0
-18.0,-64.0,46.0,493.0
-16.0,-64.0,46.0,493.0
-14.0,-64.0,46.0,493.0
-12.0,-64.0,46.0,56.0
-10.0,-64.0,46.0,56.0
-8.0,-64.0,46.0,56.0
-6.0,-64.0,46.0,433.0
-4.0,-64.0,46.0,433.0
-2.0,-64.0,46.0,433.0
0.0,-64.0,46.0,433.0
2.0,-64.0,46.0,433.0
4.0,-64.0,46.0,266.0
6.0,-64.0,46.0,266.0
8.0,-64.0,46.0,266.0
16.0,-64.0,46.0,580.0
18.0,-64.0,46.0,580.0
20.0,-64.0,46.0,561.0
22.0,-64.0,46.0,561.0
24.0,-64.0,46.0,561.0
26.0,-64.0,46.0,501.0
28.0,-64.0,46.0,501.0
30.0,-64.0,46.0,88.0
32.0,-64.0,46.0,88.0
34.0,-64.0,46.0,88.0
36.0,-64.0,46.0,88.0
38.0,-64.0,46.0,88.0
40.0,-64.0,46.0,88.0
42.0,-64.0,46.0,88.0
44.0,-64.0,46.0,88.0
46.0,-64.0,46.0,88.0
48.0,-64.0,46.0,410.0
50.0,-64.0,46.0,410.0
52.0,-64.0,46.0,410.0
-54.0,-62.0,46.0,600.0
-52.0,-62.0,46.0,600.0
-50.0,-62.0,46.0,600.0
-48.0,-62.0,46.0,599.0
-46.0,-62.0,46.0,411.0
-44.0,-62.0,46.0,411.0
-42.0,-62.0,46.0,411.0
-40.0,-62.0,46.0,411.0
-38.0,-62.0,46.0,411.0
-36.0,-62.0,46.0,77.0
-34.0,-62.0,46.0,128.0
-32.0,-62.0,46.0,128.0
-30.0,-62.0,46.0,128.0
-28.0,-62.0,46.0,128.0
-26.0,-62.0,46.0,182.0
-24.0,-62.0,46.0,182.0
-22.0,-62.0,46.0,182.0
-20.0,-62.0,46.0,493.0
-18.0,-62.0,46.0,493.0
-16.0,-62.0,46.0,493.0
-14.0,-62.0,46.0,493.0
-12.0,-62.0,46.0,56.0
-10.0,-62.0,46.0,56.0
-8.0,-62.0,46.0,56.0
-6.0,-62.0,46.0,433.0
-4.0,-62.0,46.0,433.0
-2.0,-62.0,46.0,433.0
0.0,-62.0,46.0,433.0
2.0,-62.0,46.0,433.0
4.0,-62.0,46.0,266.0
6.0,-62.0,46.0,266.0
8.0,-62.0,46.0,266.0
18.0,-62.0,46.0,561.0
20.0,-62.0,46.0,561.0
22.0,-62.0,46.0,561.0
24.0,-62.0,46.0,501.0
26.0,-62.0,46.0,501.0
28.0,-62.0,46.0,501.0
30.0,-62.0,46.0,501.0
32.0,-62.0,46.0,88.0
34.0,-62.0,46.0,88.0
36.0,-62.0,46.0,88.0
38.0,-62.0,46.0,88.0
40.0,-62.0,46.0,88.0
42.0,-62.0,46.0,88.0
44.0,-62.0,46.0,58.0
46.0,-62.0,46.0,58.0
48.0,-62.0,46.0,410.0
50.0,-62.0,46.0,410.0
52.0,-62.0,46.0,410.0
54.0,-62.0,46.0,410.0
-56.0,-60.0,46.0,600.0
-54.0,-60.0,46.0,600.0
-52.0,-60.0,46.0,600.0
-50.0,-60.0,46.0,600.0
-48.0,-60.0,46.0,599.0
-46.0,-60.0,46.0,599.0
-44.0,-60.0,46.0,411.0
-42.0,-60.0,46.0,411.0
-40.0,-60.0,46.0,411.0
-38.0,-60.0,46.0,411.0
-36.0,-60.0,46.0,77.0
-34.0,-60.0,46.0,77.0
-32.0,-60.0,46.0,77.0
-30.0,-60.0,46.0,77.0
-28.0,-60.0,46.0,77.0
-26.0,-60.0,46.0,182.0
-24.0,-60.0,46.0,182.0
-22.0,-60.0,46.0,182.0
-20.0,-60.0,46.0,493.0
-18.0,-60.0,46.0,493.0
-16.0,-60.0,46.0,493.0
-14.0,-60.0,46.0,493.0
-12.0,-60.0,46.0,56.0
-10.0,-60.0,46.0,56.0
-8.0,-60.0,46.0,56.0
-6.0,-60.0,46.0,433.0
-4.0,-60.0,46.0,433.0
-2.0,-60.0,46.0,433.0
0.0,-60.0,46.0,433.0
2.0,-60.0,46.0,433.0
4.0,-60.0,46.0,433.0
6.0,-60.0,46.0,266.0
8.0,-60.0,46.0,266.0
10.0,-60.0,46.0,266.0
18.0,-60.0,46.0,561.0
20.0,-60.0,46.0,561.0
22.0,-60.0,46.0,561.0
24.0,-60.0,46.0,501.0
26.0,-60.0,46.0,501.0
28.0,-60.0,46.0,501.0
30.0,-60.0,46.0,501.0
32.0,-60.0,46.0,501.0
34.0,-60.0,46.0,83.0
36.0,-60.0,46.0,83.0
38.0,-60.0,46.0,83.0
40.0,-60.0,46.0,83.0
42.0,-60.0,46.0,58.0
44.0,-60.0,46.0,58.0
46.0,-60.0,46.0,58.0
48.0,-60.0,46.0,410.0
50.0,-60.0,46.0,410.0
52.0,-60.0,46.0,410.0
54.0,-60.0,46.0,410.0
-56.0,-58.0,46.0,600.0
-54.0,-58.0,46.0,600.0
-52.0,-58.0,46.0,600.0
-50.0,-58.0,46.0,599.0
-48.0,-58.0,46.0,599.0
-46.0,-58.0,46.0,599.0
-44.0,-58.0,46.0,411.0
-42.0,-58.0,46.0,411.0
-40.0,-58.0,46.0,411.0
-38.0,-58.0,46.0,77.0
-36.0,-58.0,46.0,77.0
-34.0,-58.0,46.0,77.0
-32.0,-58.0,46.0,77.0
-30.0,-58.0,46.0,77.0
-28.0,-58.0,46.0,77.0
-26.0,-58.0,46.0,77.0
-24.0,-58.0,46.0,182.0
-22.0,-58.0,46.0,182.0
-18.0,-58.0,46.0,493.0
-16.0,-58.0,46.0,493.0
-14.0,-58.0,46.0,56.0
-12.0,-58.0,46.0,56.0
-10.0,-58.0,46.0,56.0
-8.0,-58.0,46.0,56.0
-6.0,-58.0,46.0,433.0
-4.0,-58.0,46.0,433.0
-2.0,-58.0,46.0,433.0
0.0,-58.0,46.0,433.0
2.0,-58.0,46.0,433.0
4.0,-58.0,46.0,433.0
6.0,-58.0,46.0,266.0
8.0,-58.0,46.0,266.0
10.0,-58.0,46.0,389.0
12.0,-58.0,46.0,580.0
18.0,-58.0,46.0,561.0
20.0,-58.0,46.0,561.0
22.0,-58.0,46.0,501.0
24.0,-58.0,46.0,501.0
26.0,-58.0,46.0,501.0
28.0,-58.0,46.0,501.0
30.0,-58.0,46.0,501.0
32.0,-58.0,46.0,501.0
34.0,-58.0,46.0,83.0
36.0,-58.0,46.0,83.0
38.0,-58.0,46.0,83.0
40.0,-58.0,46.0,83.0
42.0,-58.0,46.0,58.0
44.0,-58.0,46.0,58.0
46.0,-58.0,46.0,410.0
48.0,-58.0,46.0,410.0
50.0,-58.0,46.0,410.0
52.0,-58.0,46.0,410.0
54.0,-58.0,46.0,410.0
56.0,-58.0,46.0,410.0
-58.0,-56.0,46.0,600.0
-56.0,-56.0,46.0,600.0
-54.0,-56.0,46.0,600.0
-52.0,-56.0,46.0,600.0
-50.0,-56.0,46.0,599.0
-48.0,-56.0,46.0,599.0
-46.0,-56.0,46.0,599.0
-44.0,-56.0,46.0,599.0
-42.0,-56.0,46.0,411.0
-40.0,-56.0,46.0,411.0
-38.0,-56.0,46.0,77.0
-36.0,-56.0,46.0,77.0
-34.0,-56.0,46.0,77.0
-32.0,-56.0,46.0,77.0
-30.0,-56.0,46.0,77.0
-28.0,-56.0,46.0,77.0
-26.0,-56.0,46.0,77.0
-24.0,-56.0,46.0,77.0
-22.0,-56.0,46.0,77.0
-14.0,-56.0,46.0,56.0
-12.0,-56.0,46.0,56.0
-10.0,-56.0,46.0,56.0
-8.0,-56.0,46.0,56.0
-6.0,-56.0,46.0,433.0
-4.0,-56.0,46.0,433.0
-2.0,-56.0,46.0,433.0
0.0,-56.0,46.0,433.0
2.0,-56.0,46.0,433.0
4.0,-56.0,46.0,433.0
6.0,-56.0,46.0,389.0
8.0,-56.0,46.0,389.0
10.0,-56.0,46.0,389.0
12.0,-56.0,46.0,389.0
20.0,-56.0,46.0,363.0
22.0,-56.0,46.0,363.0
24.0,-56.0,46.0,363.0
26.0,-56.0,46.0,501.0
28.0,-56.0,46.0,501.0
30.0,-56.0,46.0,501.0
32.0,-56.0,46.0,501.0
34.0,-56.0,46.0,83.0
36.0,-56.0,46.0,83.0
38.0,-56.0,46.0,83.0
40.0,-56.0,46.0,83.0
42.0,-56.0,46.0,58.0
44.0,-56.0,46.0,58.0
46.0,-56.0,46.0,410.0
48.0,-56.0,46.0,410.0
50.0,-56.0,46.0,410.0
52.0,-56.0,46.0,410.0
54.0,-56.0,46.0,410.0
56.0,-56.0,46.0,410.0
-58.0,-54.0,46.0,600.0
-56.0,-54.0,46.0,600.0
-54.0,-54.0,46.0,600.0
-52.0,-54.0,46.0,599.0
-50.0,-54.0,46.0,599.0
-48.0,-54.0,46.0,599.0
-46.0,-54.0,46.0,599.0
-44.0,-54.0,46.0,599.0
-42.0,-54.0,46.0,411.0
-40.0,-54.0,46.0,73.0
-38.0,-54.0,46.0,73.0
-36.0,-54.0,46.0,77.0
-34.0,-54.0,46.0,77.0
-32.0,-54.0,46.0,77.0
-30.0,-54.0,46.0,77.0
-28.0,-54.0,46.0,77.0
-26.0,-54.0,46.0,77.0
-24.0,-54.0,46.0,77.0
-14.0,-54.0,46.0,282.0
-12.0,-54.0,46.0,282.0
-10.0,-54.0,46.0,282.0
-8.0,-54.0,46.0,282.0
-6.0,-54.0,46.0,282.0
-4.0,-54.0,46.0,433.0
-2.0,-54.0,46.0,433.0
0.0,-54.0,46.0,433.0
2.0,-54.0,46.0,80.0
4.0,-54.0,46.0,80.0
6.0,-54.0,46.0,80.0
8.0,-54.0,46.0,80.0
10.0,-54.0,46.0,80.0
12.0,-54.0,46.0,80.0
22.0,-54.0,46.0,363.0
24.0,-54.0,46.0,363.0
26.0,-54.0,46.0,363.0
28.0,-54.0,46.0,363.0
30.0,-54.0,46.0,363.0
32.0,-54.0,46.0,83.0
34.0,-54.0,46.0,83.0
36.0,-54.0,46.0,83.0
38.0,-54.0,46.0,83.0
40.0,-54.0,46.0,83.0
42.0,-54.0,46.0,58.0
44.0,-54.0,46.0,58.0
46.0,-54.0,46.0,410.0
48.0,-54.0,46.0,410.0
50.0,-54.0,46.0,410.0
52.0,-54.0,46.0,410.0
54.0,-54.0,46.0,410.0
56.0,-54.0,46.0,410.0
58.0,-54.0,46.0,410.0
-60.0,-52.0,46.0,322.0
-58.0,-52.0,46.0,600.0
-56.0,-52.0,46.0,600.0
-54.0,-52.0,46.0,600.0
-52.0,-52.0,46.0,599.0
-50.0,-52.0,46.0,599.0
-48.0,-52.0,46.0,599.0
-46.0,-52.0,46.0,599.0
-44.0,-52.0,46.0,599.0
-42.0,-52.0,46.0,73.0
-40.0,-52.0,46.0,73.0
-38.0,-52.0,46.0,73.0
-36.0,-52.0,46.0,73.0
-34.0,-52.0,46.0,73.0
-32.0,-52.0,46.0,77.0
-30.0,-52.0,46.0,77.0
-28.0,-52.0,46.0,77.0
-26.0,-52.0,46.0,77.0
-24.0,-52.0,46.0,77.0
-14.0,-52.0,46.0,282.0
-12.0,-52.0,46.0,282.0
-10.0,-52.0,46.0,282.0
-8.0,-52.0,46.0,282.0
-6.0,-52.0,46.0,282.0
-4.0,-52.0,46.0,282.0
-2.0,-52.0,46.0,80.0
0.0,-52.0,46.0,80.0
2.0,-52.0,46.0,80.0
4.0,-52.0,46.0,80.0
6.0,-52.0,46.0,80.0
8.0,-52.0,46.0,80.0
10.0,-52.0,46.0,80.0
12.0,-52.0,46.0,80.0
22.0,-52.0,46.0,363.0
24.0,-52.0,46.0,363.0
26.0,-52.0,46.0,363.0
28.0,-52.0,46.0,363.0
30.0,-52.0,46.0,363.0
32.0,-52.0,46.0,363.0
34.0,-52.0,46.0,83.0
36.0,-52.0,46.0,83.0
38.0,-52.0,46.0,83.0
40.0,-52.0,46.0,83.0
42.0,-52.0,46.0,58.0
44.0,-52.0,46.0,446.0
46.0,-52.0,46.0,410.0
48.0,-52.0,46.0,410.0
50.0,-52.0,46.0,410.0
52.0,-52.0,46.0,410.0
54.0,-52.0,46.0,410.0
56.0,-52.0,46.0,410.0
58.0,-52.0,46.0,410.0
-60.0,-50.0,46.0,322.0
-58.0,-50.0,46.0,322.0
-56.0,-50.0,46.0,600.0
-54.0,-50.0,46.0,599.0
-52.0,-50.0,46.0,599.0
-50.0,-50.0,46.0,599.0
-48.0,-50.0,46.0,599.0
-46.0,-50.0,46.0,599.0
-44.0,-50.0,46.0,599.0
-42.0,-50.0,46.0,73.0
-40.0,-50.0,46.0,73.0
-38.0,-50.0,46.0,73.0
-36.0,-50.0,46.0,73.0
-34.0,-50.0,46.0,73.0
-32.0,-50.0,46.0,73.0
-30.0,-50.0,46.0,77.0
-28.0,-50.0,46.0,77.0
-14.0,-50.0,46.0,282.0
-12.0,-50.0,46.0,282.0
-10.0,-50.0,46.0,282.0
-8.0,-50.0,46.0,282.0
-6.0,-50.0,46.0,282.0
-4.0,-50.0,46.0,282.0
0.0,-50.0,46.0,80.0
2.0,-50.0,46.0,80.0
4.0,-50.0,46.0,80.0
6.0,-50.0,46.0,80.0
8.0,-50.0,46.0,80.0
10.0,-50.0,46.0,80.0
12.0,-50.0,46.0,80.0
28.0,-50.0,46.0,363.0
30.0,-50.0,46.0,363.0
32.0,-50.0,46.0,363.0
34.0,-50.0,46.0,363.0
36.0,-50.0,46.0,173.0
38.0,-50.0,46.0,173.0
40.0,-50.0,46.0,173.0
42.0,-50.0,46.0,446.0
44.0,-50.0,46.0,446.0
46.0,-50.0,46.0,446.0
48.0,-50.0,46.0,410.0
50.0,-50.0,46.0,410.0
52.0,-50.0,46.0,410.0
54.0,-50.0,46.0,410.0
56.0,-50.0,46.0,410.0
58.0,-50.0,46.0,593.0
60.0,-50.0,46.0,593.0
-60.0,-48.0,46.0,322.0
-58.0,-48.0,46.0,322.0
-56.0,-48.0,46.0,29.0
-54.0,-48.0,46.0,29.0
-52.0,-48.0,46.0,599.0
-50.0,-48.0,46.0,599.0
-48.0,-48.0,46.0,599.0
-46.0,-48.0,46.0,549.0
-44.0,-48.0,46.0,549.0
-42.0,-48.0,46.0,549.0
-40.0,-48.0,46.0,73.0
-38.0,-48.0,46.0,73.0
-36.0,-48.0,46.0,73.0
-34.0,-48.0,46.0,73.0
-32.0,-48.0,46.0,73.0
-30.0,-48.0,46.0,73.0
-28.0,-48.0,46.0,73.0
-16.0,-48.0,46.0,282.0
-14.0,-48.0,46.0,282.0
-12.0,-48.0,46.0,282.0
-10.0,-48.0,46.0,282.0
-8.0,-48.0,46.0,282.0
-6.0,-48.0,46.0,282.0
-4.0,-48.0,46.0,282.0
0.0,-48.0,46.0,80.0
2.0,-48.0,46.0,80.0
4.0,-48.0,46.0,80.0
6.0,-48.0,46.0,80.0
8.0,-48.0,46.0,80.0
10.0,-48.0,46.0,80.0
12.0,-48.0,46.0,80.0
26.0,-48.0,46.0,363.0
28.0,-48.0,46.0,363.0
30.0,-48.0,46.0,363.0
32.0,-48.0,46.0,363.0
34.0,-48.0,46.0,363.0
36.0,-48.0,46.0,173.0
38.0,-48.0,46.0,173.0
40.0,-48.0,46.0,446.0
42.0,-48.0,46.0,446.0
44.0,-48.0,46.0,446.0
46.0,-48.0,46.0,446.0
48.0,-48.0,46.0,206.0
50.0,-48.0,46.0,206.0
52.0,-48.0,46.0,206.0
54.0,-48.0,46.0,206.0
56.0,-48.0,46.0,593.0
58.0,-48.0,46.0,593.0
60.0,-48.0,46.0,593.0
-62.0,-46.0,46.0,322.0
-60.0,-46.0,46.0,322.0
-58.0,-46.0,46.0,322.0
-56.0,-46.0,46.0,29.0
-54.0,-46.0,46.0,29.0
-52.0,-46.0,46.0,29.0
-50.0,-46.0,46.0,29.0
-48.0,-46.0,46.0,576.0
-46.0,-46.0,46.0,576.0
-44.0,-46.0,46.0,549.0
-42.0,-46.0,46.0,549.0
-40.0,-46.0,46.0,73.0
-38.0,-46.0,46.0,73.0
-36.0,-46.0,46.0,73.0
-34.0,-46.0,46.0,73.0
-32.0,-46.0,46.0,73.0
-30.0,-46.0,46.0,73.0
-28.0,-46.0,46.0,73.0
-16.0,-46.0,46.0,282.0
-14.0,-46.0,46.0,282.0
-12.0,-46.0,46.0,282.0
-10.0,-46.0,46.0,282.0
-8.0,-46.0,46.0,282.0
-6.0,-46.0,46.0,282.0
-4.0,-46.0,46.0,199.0
0.0,-46.0,46.0,80.0
2.0,-46.0,46.0,80.0
4.0,-46.0,46.0,80.0
6.0,-46.0,46.0,80.0
8.0,-46.0,46.0,80.0
10.0,-46.0,46.0,80.0
12.0,-46.0,46.0,80.0
14.0,-46.0,46.0,80.0
16.0,-46.0,46.0,48.0
26.0,-46.0,46.0,48.0
28.0,-46.0,46.0,48.0
30.0,-46.0,46.0,48.0
32.0,-46.0,46.0,48.0
34.0,-46.0,46.0,212.0
36.0,-46.0,46.0,173.0
38.0,-46.0,46.0,173.0
40.0,-46.0,46.0,446.0
42.0,-46.0,46.0,446.0
44.0,-46.0,46.0,446.0
46.0,-46.0,46.0,446.0
48.0,-46.0,46.0,206.0
50.0,-46.0,46.0,206.0
52.0,-46.0,46.0,206.0
54.0,-46.0,46.0,206.0
56.0,-46.0,46.0,593.0
58.0,-46.0,46.0,593.0
60.0,-46.0,46.0,593.0
-62.0,-44.0,46.0,322.0
-60.0,-44.0,46.0,322.0
-58.0,-44.0,46.0,322.0
-56.0,-44.0,46.0,29.0
-54.0,-44.0,46.0,29.0
-52.0,-44.0,46.0,29.0
-50.0,-44.0,46.0,576.0
-48.0,-44.0,46.0,576.0
-46.0,-44.0,46.0,576.0
-44.0,-44.0,46.0,576.0
-42.0,-44.0,46.0,549.0
-40.0,-44.0,46.0,549.0
-38.0,-44.0,46.0,73.0
-36.0,-44.0,46.0,73.0
-34.0,-44.0,46.0,73.0
-32.0,-44.0,46.0,73.0
-30.0,-44.0,46.0,73.0
-28.0,-44.0,46.0,33.0
-18.0,-44.0,46.0,282.0
-16.0,-44.0,46.0,282.0
-14.0,-44.0,46.0,282.0
-12.0,-44.0,46.0,282.0
-10.0,-44.0,46.0,282.0
-8.0,-44.0,46.0,282.0
-6.0,-44.0,46.0,199.0
-4.0,-44.0,46.0,199.0
-2.0,-44.0,46.0,199.0
0.0,-44.0,46.0,80.0
2.0,-44.0,46.0,80.0
4.0,-44.0,46.0,80.0
6.0,-44.0,46.0,80.0
8.0,-44.0,46.0,80.0
10.0,-44.0,46.0,80.0
12.0,-44.0,46.0,80.0
14.0,-44.0,46.0,80.0
16.0,-44.0,46.0,48.0
26.0,-44.0,46.0,48.0
28.0,-44.0,46.0,48.0
30.0,-44.0,46.0,48.0
32.0,-44.0,46.0,212.0
34.0,-44.0,46.0,212.0
36.0,-44.0,46.0,212.0
38.0,-44.0,46.0,212.0
40.0,-44.0,46.0,446.0
42.0,-44.0,46.0,446.0
44.0,-44.0,46.0,446.0
46.0,-44.0,46.0,446.0
48.0,-44.0,46.0,206.0
50.0,-44.0,46.0,206.0
52.0,-44.0,46.0,206.0
54.0,-44.0,46.0,206.0
56.0,-44.0,46.0,206.0
58.0,-44.0,46.0,593.0
60.0,-44.0,46.0,593.0
62.0,-44.0,46.0,593.0
-62.0,-42.0,46.0,322.0
-60.0,-42.0,46.0,322.0
-58.0,-42.0,46.0,29.0
-56.0,-42.0,46.0,29.0
-54.0,-42.0,46.0,29.0
-52.0,-42.0,46.0,29.0
-50.0,-42.0,46.0,576.0
-48.0,-42.0,46.0,576.0
-46.0,-42.0,46.0,576.0
-44.0,-42.0,46.0,576.0
-42.0,-42.0,46.0,576.0
-40.0,-42.0,46.0,549.0
-38.0,-42.0,46.0,73.0
-36.0,-42.0,46.0,73.0
-34.0,-42.0,46.0,73.0
-32.0,-42.0,46.0,33.0
-30.0,-42.0,46.0,33.0
-28.0,-42.0,46.0,33.0
-20.0,-42.0,46.0,33.0
-18.0,-42.0,46.0,282.0
-16.0,-42.0,46.0,282.0
-14.0,-42.0,46.0,282.0
-12.0,-42.0,46.0,282.0
-10.0,-42.0,46.0,282.0
-8.0,-42.0,46.0,199.0
-6.0,-42.0,46.0,199.0
-4.0,-42.0,46.0,199.0
-2.0,-42.0,46.0,199.0
0.0,-42.0,46.0,80.0
2.0,-42.0,46.0,80.0
4.0,-42.0,46.0,80.0
6.0,-42.0,46.0,80.0
8.0,-42.0,46.0,80.0
10.0,-42.0,46.0,80.0
12.0,-42.0,46.0,80.0
14.0,-42.0,46.0,80.0
16.0,-42.0,46.0,48.0
18.0,-42.0,46.0,48.0
28.0,-42.0,46.0,40.0
30.0,-42.0,46.0,40.0
32.0,-42.0,46.0,40.0
34.0,-42.0,46.0,212.0
36.0,-42.0,46.0,212.0
38.0,-42.0,46.0,212.0
40.0,-42.0,46.0,446.0
42.0,-42.0,46.0,446.0
44.0,-42.0,46.0,446.0
46.0,-42.0,46.0,446.0
48.0,-42.0,46.0,206.0
50.0,-42.0,46.0,206.0
52.0,-42.0,46.0,206.0
54.0,-42.0,46.0,206.0
56.0,-42.0,46.0,206.0
58.0,-42.0,46.0,593.0
60.0,-42.0,46.0,593.0
62.0,-42.0,46.0,593.0
-64.0,-40.0,46.0,322.0
-62.0,-40.0,46.0,322.0
-60.0,-40.0,46.0,322.0
-58.0,-40.0,46.0,29.0
-56.0,-40.0,46.0,29.0
-54.0,-40.0,46.0,29.0
-52.0,-40.0,46.0,29.0
-50.0,-40.0,46.0,576.0
-48.0,-40.0,46.0,576.0
-46.0,-40.0,46.0,576.0
-44.0,-40.0,46.0,576.0
-42.0,-40.0,46.0,576.0
-40.0,-40.0,46.0,576.0
-38.0,-40.0,46.0,549.0
-36.0,-40.0,46.0,73.0
-34.0,-40.0,46.0,33.0
-32.0,-40.0,46.0,33.0
-30.0,-40.0,46.0,33.0
-20.0,-40.0,46.0,511.0
-18.0,-40.0,46.0,511.0
-16.0,-40.0,46.0,511.0
-14.0,-40.0,46.0,511.0
-12.0,-40.0,46.0,511.0
-10.0,-40.0,46.0,199.0
-8.0,-40.0,46.0,199.0
-6.0,-40.0,46.0,199.0
-4.0,-40.0,46.0,199.0
-2.0,-40.0,46.0,199.0
0.0,-40.0,46.0,435.0
2.0,-40.0,46.0,435.0
4.0,-40.0,46.0,435.0
6.0,-40.0,46.0,435.0
8.0,-40.0,46.0,435.0
10.0,-40.0,46.0,435.0
12.0,-40.0,46.0,435.0
14.0,-40.0,46.0,435.0
16.0,-40.0,46.0,435.0
18.0,-40.0,46.0,48.0
30.0,-40.0,46.0,40.0
32.0,-40.0,46.0,40.0
34.0,-40.0,46.0,40.0
36.0,-40.0,46.0,212.0
38.0,-40.0,46.0,212.0
40.0,-40.0,46.0,212.0
42.0,-40.0,46.0,446.0
44.0,-40.0,46.0,446.0
46.0,-40.0,46.0,206.0
48.0,-40.0,46.0,206.0
50.0,-40.0,46.0,206.0
52.0,-40.0,46.0,206.0
54.0,-40.0,46.0,206.0
56.0,-40.0,46.0,206.0
58.0,-40.0,46.0,206.0
60.0,-40.0,46.0,593.0
62.0,-40.0,46.0,74.0
-64.0,-38.0,46.0,322.0
-62.0,-38.0,46.0,322.0
-60.0,-38.0,46.0,322.0
-58.0,-38.0,46.0,29.0
-56.0,-38.0,46.0,29.0
-54.0,-38.0,46.0,29.0
-52.0,-38.0,46.0,29.0
-50.0,-38.0,46.0,576.0
-48.0,-38.0,46.0,576.0
-46.0,-38.0,46.0,576.0
-44.0,-38.0,46.0,576.0
-42.0,-38.0,46.0,576.0
-40.0,-38.0,46.0,576.0
-38.0,-38.0,46.0,576.0
-36.0,-38.0,46.0,33.0
-34.0,-38.0,46.0,33.0
-32.0,-38.0,46.0,33.0
-30.0,-38.0,46.0,33.0
-20.0,-38.0,46.0,511.0
-18.0,-38.0,46.0,511.0
-16.0,-38.0,46.0,511.0
-14.0,-38.0,46.0,511.0
-12.0,-38.0,46.0,511.0
-10.0,-38.0,46.0,511.0
-8.0,-38.0,46.0,199.0
-6.0,-38.0,46.0,199.0
-4.0,-38.0,46.0,168.0
-2.0,-38.0,46.0,168.0
0.0,-38.0,46.0,168.0
2.0,-38.0,46.0,168.0
4.0,-38.0,46.0,435.0
6.0,-38.0,46.0,435.0
8.0,-38.0,46.0,435.0
10.0,-38.0,46.0,435.0
12.0,-38.0,46.0,435.0
14.0,-38.0,46.0,435.0
16.0,-38.0,46.0,435.0
18.0,-38.0,46.0,40.0
30.0,-38.0,46.0,40.0
32.0,-38.0,46.0,40.0
34.0,-38.0,46.0,40.0
36.0,-38.0,46.0,40.0
38.0,-38.0,46.0,212.0
40.0,-38.0,46.0,520.0
42.0,-38.0,46.0,520.0
44.0,-38.0,46.0,446.0
46.0,-38.0,46.0,206.0
48.0,-38.0,46.0,206.0
50.0,-38.0,46.0,206.0
52.0,-38.0,46.0,206.0
54.0,-38.0,46.0,206.0
56.0,-38.0,46.0,206.0
58.0,-38.0,46.0,74.0
60.0,-38.0,46.0,74.0
62.0,-38.0,46.0,74.0
-64.0,-36.0,46.0,322.0
-62.0,-36.0,46.0,322.0
-60.0,-36.0,46.0,29.0
-58.0,-36.0,46.0,29.0
-56.0,-36.0,46.0,29.0
-54.0,-36.0,46.0,29.0
-52.0,-36.0,46.0,29.0
-50.0,-36.0,46.0,576.0
-48.0,-36.0,46.0,576.0
-46.0,-36.0,46.0,576.0
-44.0,-36.0,46.0,576.0
-42.0,-36.0,46.0,576.0
-40.0,-36.0,46.0,576.0
-38.0,-36.0,46.0,576.0
-36.0,-36.0,46.0,33.0
-34.0,-36.0,46.0,33.0
-32.0,-36.0,46.0,33.0
-30.0,-36.0,46.0,33.0
-20.0,-36.0,46.0,511.0
-18.0,-36.0,46.0,511.0
-16.0,-36.0,46.0,511.0
-14.0,-36.0,46.0,511.0
-12.0,-36.0,46.0,511.0
-10.0,-36.0,46.0,511.0
-8.0,-36.0,46.0,511.0
-6.0,-36.0,46.0,168.0
-4.0,-36.0,46.0,168.0
-2.0,-36.0,46.0,168.0
0.0,-36.0,46.0,168.0
2.0,-36.0,46.0,168.0
4.0,-36.0,46.0,168.0
6.0,-36.0,46.0,168.0
8.0,-36.0,46.0,435.0
10.0,-36.0,46.0,435.0
12.0,-36.0,46.0,435.0
14.0,-36.0,46.0,435.0
16.0,-36.0,46.0,435.0
18.0,-36.0,46.0,40.0
30.0,-36.0,46.0,40.0
32.0,-36.0,46.0,40.0
34.0,-36.0,46.0,40.0
36.0,-36.0,46.0,520.0
38.0,-36.0,46.0,520.0
40.0,-36.0,46.0,520.0
42.0,-36.0,46.0,520.0
44.0,-36.0,46.0,520.0
46.0,-36.0,46.0,260.0
48.0,-36.0,46.0,260.0
50.0,-36.0,46.0,260.0
52.0,-36.0,46.0,206.0
54.0,-36.0,46.0,8.0
56.0,-36.0,46.0,74.0
58.0,-36.0,46.0,74.0
60.0,-36.0,46.0,74.0
62.0,-36.0,46.0,74.0
-64.0,-34.0,46.0,322.0
-62.0,-34.0,46.0,322.0
-60.0,-34.0,46.0,29.0
-58.0,-34.0,46.0,29.0
-56.0,-34.0,46.0,29.0
-54.0,-34.0,46.0,29.0
-52.0,-34.0,46.0,576.0
-50.0,-34.0,46.0,576.0
-48.0,-34.0,46.0,576.0
-46.0,-34.0,46.0,576.0
-44.0,-34.0,46.0,576.0
-42.0,-34.0,46.0,576.0
-40.0,-34.0,46.0,576.0
-38.0,-34.0,46.0,576.0
-36.0,-34.0,46.0,46.0
-34.0,-34.0,46.0,33.0
-32.0,-34.0,46.0,33.0
-30.0,-34.0,46.0,33.0
-18.0,-34.0,46.0,511.0
-16.0,-34.0,46.0,511.0
-14.0,-34.0,46.0,511.0
-12.0,-34.0,46.0,511.0
-10.0,-34.0,46.0,511.0
-8.0,-34.0,46.0,511.0
-6.0,-34.0,46.0,168.0
-4.0,-34.0,46.0,168.0
-2.0,-34.0,46.0,168.0
0.0,-34.0,46.0,168.0
2.0,-34.0,46.0,168.0
4.0,-34.0,46.0,168.0
6.0,-34.0,46.0,168.0
8.0,-34.0,46.0,168.0
10.0,-34.0,46.0,168.0
12.0,-34.0,46.0,435.0
14.0,-34.0,46.0,532.0
16.0,-34.0,46.0,532.0
18.0,-34.0,46.0,532.0
32.0,-34.0,46.0,40.0
34.0,-34.0,46.0,520.0
36.0,-34.0,46.0,520.0
38.0,-34.0,46.0,520.0
40.0,-34.0,46.0,520.0
42.0,-34.0,46.0,520.0
44.0,-34.0,46.0,260.0
46.0,-34.0,46.0,260.0
48.0,-34.0,46.0,260.0
50.0,-34.0,46.0,260.0
52.0,-34.0,46.0,375.0
54.0,-34.0,46.0,375.0
56.0,-34.0,46.0,74.0
58.0,-34.0,46.0,74.0
60.0,-34.0,46.0,74.0
62.0,-34.0,46.0,74.0
-64.0,-32.0,46.0,322.0
-62.0,-32.0,46.0,322.0
-60.0,-32.0,46.0,29.0
-58.0,-32.0,46.0,29.0
-56.0,-32.0,46.0,29.0
-54.0,-32.0,46.0,29.0
-52.0,-32.0,46.0,576.0
-50.0,-32.0,46.0,576.0
-48.0,-32.0,46.0,576.0
-46.0,-32.0,46.0,576.0
-44.0,-32.0,46.0,576.0
-42.0,-32.0,46.0,576.0
-40.0,-32.0,46.0,576.0
-38.0,-32.0,46.0,46.0
-36.0,-32.0,46.0,46.0
-34.0,-32.0,46.0,33.0
-32.0,-32.0,46.0,33.0
-18.0,-32.0,46.0,511.0
-16.0,-32.0,46.0,511.0
-14.0,-32.0,46.0,511.0
-12.0,-32.0,46.0,511.0
-10.0,-32.0,46.0,511.0
-8.0,-32.0,46.0,168.0
-6.0,-32.0,46.0,168.0
-4.0,-32.0,46.0,168.0
-2.0,-32.0,46.0,168.0
0.0,-32.0,46.0,168.0
2.0,-32.0,46.0,168.0
4.0,-32.0,46.0,168.0
6.0,-32.0,46.0,168.0
8.0,-32.0,46.0,168.0
10.0,-32.0,46.0,168.0
12.0,-32.0,46.0,532.0
14.0,-32.0,46.0,532.0
16.0,-32.0,46.0,532.0
34.0,-32.0,46.0,520.0
36.0,-32.0,46.0,520.0
38.0,-32.0,46.0,520.0
40.0,-32.0,46.0,520.0
42.0,-32.0,46.0,520.0
44.0,-32.0,46.0,260.0
46.0,-32.0,46.0,260.0
48.0,-32.0,46.0,260.0
50.0,-32.0,46.0,260.0
52.0,-32.0,46.0,375.0
54.0,-32.0,46.0,375.0
56.0,-32.0,46.0,375.0
58.0,-32.0,46.0,74.0
60.0,-32.0,46.0,74.0
62.0,-32.0,46.0,74.0
64.0,-32.0,46.0,74.0
-64.0,-30.0,46.0,322.0
-62.0,-30.0,46.0,29.0
-60.0,-30.0,46.0,29.0
-58.0,-30.0,46.0,29.0
-56.0,-30.0,46.0,29.0
-54.0,-30.0,46.0,29.0
-52.0,-30.0,46.0,576.0
-50.0,-30.0,46.0,576.0
-48.0,-30.0,46.0,576.0
-46.0,-30.0,46.0,576.0
-44.0,-30.0,46.0,576.0
-42.0,-30.0,46.0,576.0
-40.0,-30.0,46.0,576.0
-38.0,-30.0,46.0,46.0
-36.0,-30.0,46.0,46.0
-34.0,-30.0,46.0,33.0
-18.0,-30.0,46.0,511.0
-16.0,-30.0,46.0,511.0
-14.0,-30.0,46.0,511.0
-12.0,-30.0,46.0,511.0
-10.0,-30.0,46.0,511.0
-8.0,-30.0,46.0,168.0
-6.0,-30.0,46.0,168.0
-4.0,-30.0,46.0,168.0
-2.0,-30.0,46.0,168.0
0.0,-30.0,46.0,168.0
2.0,-30.0,46.0,168.0
4.0,-30.0,46.0,168.0
6.0,-30.0,46.0,168.0
8.0,-30.0,46.0,168.0
10.0,-30.0,46.0,168.0
12.0,-30.0,46.0,532.0
14.0,-30.0,46.0,532.0
16.0,-30.0,46.0,532.0
36.0,-30.0,46.0,520.0
38.0,-30.0,46.0,520.0
40.0,-30.0,46.0,520.0
42.0,-30.0,46.0,43.0
44.0,-30.0,46.0,43.0
46.0,-30.0,46.0,260.0
48.0,-30.0,46.0,260.0
50.0,-30.0,46.0,260.0
52.0,-30.0,46.0,375.0
54.0,-30.0,46.0,375.0
56.0,-30.0,46.0,375.0
58.0,-30.0,46.0,375.0
60.0,-30.0,46.0,74.0
62.0,-30.0,46.0,74.0
64.0,-30.0,46.0,74.0
-64.0,-28.0,46.0,322.0
-62.0,-28.0,46.0,29.0
-60.0,-28.0,46.0,29.0
-58.0,-28.0,46.0,29.0
-56.0,-28.0,46.0,29.0
-54.0,-28.0,46.0,29.0
-52.0,-28.0,46.0,576.0
-50.0,-28.0,46.0,576.0
-48.0,-28.0,46.0,576.0
-46.0,-28.0,46.0,576.0
-44.0,-28.0,46.0,576.0
-42.0,-28.0,46.0,576.0
-40.0,-28.0,46.0,576.0
-38.0,-28.0,46.0,46.0
-36.0,-28.0,46.0,46.0
-18.0,-28.0,46.0,511.0
-16.0,-28.0,46.0,511.0
-14.0,-28.0,46.0,511.0
-12.0,-28.0,46.0,511.0
-10.0,-28.0,46.0,511.0
-8.0,-28.0,46.0,168.0
-6.0,-28.0,46.0,168.0
-4.0,-28.0,46.0,168.0
-2.0,-28.0,46.0,168.0
2.0,-28.0,46.0,168.0
4.0,-28.0,46.0,168.0
6.0,-28.0,46.0,168.0
8.0,-28.0,46.0,168.0
10.0,-28.0,46.0,532.0
12.0,-28.0,46.0,532.0
14.0,-28.0,46.0,532.0
16.0,-28.0,46.0,532.0
38.0,-28.0,46.0,43.0
40.0,-28.0,46.0,43.0
42.0,-28.0,46.0,43.0
44.0,-28.0,46.0,43.0
46.0,-28.0,46.0,260.0
48.0,-28.0,46.0,260.0
50.0,-28.0,46.0,260.0
52.0,-28.0,46.0,375.0
54.0,-28.0,46.0,375.0
56.0,-28.0,46.0,375.0
58.0,-28.0,46.0,375.0
60.0,-28.0,46.0,375.0
62.0,-28.0,46.0,74.0
64.0,-28.0,46.0,74.0
-64.0,-26.0,46.0,322.0
-62.0,-26.0,46.0,29.0
-60.0,-26.0,46.0,29.0
-58.0,-26.0,46.0,29.0
-56.0,-26.0,46.0,29.0
-54.0,-26.0,46.0,29.0
-52.0,-26.0,46.0,428.0
-50.0,-26.0,46.0,428.0
-48.0,-26.0,46.0,428.0
-46.0,-26.0,46.0,428.0
-44.0,-26.0,46.0,428.0
-42.0,-26.0,46.0,428.0
-40.0,-26.0,46.0,428.0
-16.0,-26.0,46.0,511.0
-14.0,-26.0,46.0,511.0
-12.0,-26.0,46.0,511.0
-10.0,-26.0,46.0,168.0
-8.0,-26.0,46.0,168.0
-6.0,-26.0,46.0,168.0
-4.0,-26.0,46.0,168.0
-2.0,-26.0,46.0,168.0
2.0,-26.0,46.0,168.0
4.0,-26.0,46.0,168.0
6.0,-26.0,46.0,168.0
8.0,-26.0,46.0,168.0
10.0,-26.0,46.0,532.0
12.0,-26.0,46.0,532.0
14.0,-26.0,46.0,532.0
16.0,-26.0,46.0,532.0
40.0,-26.0,46.0,43.0
42.0,-26.0,46.0,43.0
44.0,-26.0,46.0,43.0
46.0,-26.0,46.0,43.0
48.0,-26.0,46.0,260.0
50.0,-26.0,46.0,260.0
52.0,-26.0,46.0,375.0
54.0,-26.0,46.0,375.0
56.0,-26.0,46.0,375.0
58.0,-26.0,46.0,375.0
60.0,-26.0,46.0,375.0
62.0,-26.0,46.0,74.0
-64.0,-24.0,46.0,447.0
-62.0,-24.0,46.0,29.0
-60.0,-24.0,46.0,29.0
-58.0,-24.0,46.0,428.0
-56.0,-24.0,46.0,428.0
-54.0,-24.0,46.0,428.0
-52.0,-24.0,46.0,428.0
-50.0,-24.0,46.0,428.0
-48.0,-24.0,46.0,428.0
-46.0,-24.0,46.0,428.0
-44.0,-24.0,46.0,428.0
-42.0,-24.0,46.0,428.0
-16.0,-24.0,46.0,511.0
-14.0,-24.0,46.0,511.0
-12.0,-24.0,46.0,511.0
-10.0,-24.0,46.0,168.0
-8.0,-24.0,46.0,168.0
-6.0,-24.0,46.0,168.0
-4.0,-24.0,46.0,168.0
-2.0,-24.0,46.0,168.0
0.0,-24.0,46.0,168.0
2.0,-24.0,46.0,168.0
4.0,-24.0,46.0,168.0
6.0,-24.0,46.0,168.0
8.0,-24.0,46.0,532.0
10.0,-24.0,46.0,532.0
12.0,-24.0,46.0,532.0
14.0,-24.0,46.0,532.0
42.0,-24.0,46.0,43.0
44.0,-24.0,46.0,43.0
46.0,-24.0,46.0,43.0
48.0,-24.0,46.0,43.0
50.0,-24.0,46.0,260.0
52.0,-24.0,46.0,375.0
54.0,-24.0,46.0,375.0
56.0,-24.0,46.0,375.0
58.0,-24.0,46.0,375.0
60.0,-24.0,46.0,375.0
62.0,-24.0,46.0,375.0
-64.0,-22.0,46.0,447.0
-62.0,-22.0,46.0,447.0
-60.0,-22.0,46.0,428.0
-58.0,-22.0,46.0,428.0
-56.0,-22.0,46.0,428.0
-54.0,-22.0,46.0,428.0
-52.0,-22.0,46.0,428.0
-50.0,-22.0,46.0,428.0
-48.0,-22.0,46.0,428.0
-46.0,-22.0,46.0,428.0
-44.0,-22.0,46.0,428.0
-16.0,-22.0,46.0,511.0
-14.0,-22.0,46.0,511.0
-12.0,-22.0,46.0,542.0
-10.0,-22.0,46.0,542.0
-8.0,-22.0,46.0,542.0
-6.0,-22.0,46.0,542.0
-4.0,-22.0,46.0,542.0
-2.0,-22.0,46.0,542.0
0.0,-22.0,46.0,542.0
2.0,-22.0,46.0,542.0
4.0,-22.0,46.0,542.0
6.0,-22.0,46.0,542.0
8.0,-22.0,46.0,532.0
10.0,-22.0,46.0,532.0
12.0,-22.0,46.0,532.0
14.0,-22.0,46.0,532.0
40.0,-22.0,46.0,43.0
42.0,-22.0,46.0,43.0
44.0,-22.0,46.0,43.0
46.0,-22.0,46.0,43.0
48.0,-22.0,46.0,43.0
50.0,-22.0,46.0,260.0
52.0,-22.0,46.0,375.0
54.0,-22.0,46.0,375.0
56.0,-22.0,46.0,375.0
58.0,-22.0,46.0,375.0
60.0,-22.0,46.0,375.0
62.0,-22.0,46.0,375.0
-64.0,-20.0,46.0,447.0
-62.0,-20.0,46.0,447.0
-60.0,-20.0,46.0,428.0
-58.0,-20.0,46.0,428.0
-56.0,-20.0,46.0,428.0
-54.0,-20.0,46.0,428.0
-52.0,-20.0,46.0,428.0
-50.0,-20.0,46.0,428.0
-48.0,-20.0,46.0,428.0
-14.0,-20.0,46.0,511.0
-12.0,-20.0,46.0,542.0
-10.0,-20.0,46.0,542.0
-8.0,-20.0,46.0,542.0
-6.0,-20.0,46.0,542.0
-4.0,-20.0,46.0,542.0
-2.0,-20.0,46.0,542.0
2.0,-20.0,46.0,542.0
4.0,-20.0,46.0,542.0
6.0,-20.0,46.0,499.0
8.0,-20.0,46.0,499.0
10.0,-20.0,46.0,499.0
12.0,-20.0,46.0,532.0
14.0,-20.0,46.0,532.0
38.0,-20.0,46.0,398.0
40.0,-20.0,46.0,43.0
42.0,-20.0,46.0,43.0
44.0,-20.0,46.0,43.0
46.0,-20.0,46.0,43.0
48.0,-20.0,46.0,43.0
50.0,-20.0,46.0,43.0
52.0,-20.0,46.0,375.0
54.0,-20.0,46.0,375.0
56.0,-20.0,46.0,375.0
58.0,-20.0,46.0,375.0
60.0,-20.0,46.0,375.0
-64.0,-18.0,46.0,447.0
-62.0,-18.0,46.0,447.0
-60.0,-18.0,46.0,428.0
-58.0,-18.0,46.0,428.0
-56.0,-18.0,46.0,428.0
-54.0,-18.0,46.0,428.0
-52.0,-18.0,46.0,428.0
-50.0,-18.0,46.0,428.0
-14.0,-18.0,46.0,145.0
-12.0,-18.0,46.0,145.0
-10.0,-18.0,46.0,145.0
-8.0,-18.0,46.0,145.0
-6.0,-18.0,46.0,145.0
-4.0,-18.0,46.0,145.0
-2.0,-18.0,46.0,542.0
0.0,-18.0,46.0,542.0
2.0,-18.0,46.0,542.0
4.0,-18.0,46.0,499.0
6.0,-18.0,46.0,499.0
8.0,-18.0,46.0,499.0
10.0,-18.0,46.0,499.0
12.0,-18.0,46.0,499.0
34.0,-18.0,46.0,398.0
36.0,-18.0,46.0,398.0
38.0,-18.0,46.0,398.0
40.0,-18.0,46.0,398.0
42.0,-18.0,46.0,43.0
44.0,-18.0,46.0,43.0
46.0,-18.0,46.0,43.0
48.0,-18.0,46.0,95.0
50.0,-18.0,46.0,95.0
52.0,-18.0,46.0,95.0
54.0,-18.0,46.0,95.0
56.0,-18.0,46.0,95.0
58.0,-18.0,46.0,375.0
60.0,-18.0,46.0,375.0
-62.0,-16.0,46.0,428.0
-60.0,-16.0,46.0,428.0
-58.0,-16.0,46.0,428.0
-56.0,-16.0,46.0,428.0
-54.0,-16.0,46.0,428.0
-52.0,-16.0,46.0,428.0
-40.0,-16.0,46.0,428.0
-38.0,-16.0,46.0,428.0
-36.0,-16.0,46.0,202.0
-16.0,-16.0,46.0,202.0
-14.0,-16.0,46.0,408.0
-12.0,-16.0,46.0,145.0
-10.0,-16.0,46.0,145.0
-8.0,-16.0,46.0,145.0
-6.0,-16.0,46.0,145.0
-4.0,-16.0,46.0,145.0
-2.0,-16.0,46.0,145.0
0.0,-16.0,46.0,145.0
2.0,-16.0,46.0,145.0
4.0,-16.0,46.0,499.0
6.0,-16.0,46.0,499.0
8.0,-16.0,46.0,499.0
10.0,-16.0,46.0,499.0
34.0,-16.0,46.0,398.0
36.0,-16.0,46.0,398.0
38.0,-16.0,46.0,398.0
40.0,-16.0,46.0,398.0
42.0,-16.0,46.0,398.0
44.0,-16.0,46.0,95.0
46.0,-16.0,46.0,95.0
48.0,-16.0,46.0,95.0
50.0,-16.0,46.0,95.0
52.0,-16.0,46.0,95.0
54.0,-16.0,46.0,95.0
56.0,-16.0,46.0,95.0
58.0,-16.0,46.0,95.0
60.0,-16.0,46.0,76.0
-62.0,-14.0,46.0,428.0
-60.0,-14.0,46.0,428.0
-58.0,-14.0,46.0,428.0
-52.0,-14.0,46.0,428.0
-50.0,-14.0,46.0,428.0
-48.0,-14.0,46.0,428.0
-46.0,-14.0,46.0,428.0
-44.0,-14.0,46.0,428.0
-42.0,-14.0,46.0,428.0
-40.0,-14.0,46.0,428.0
-38.0,-14.0,46.0,428.0
-36.0,-14.0,46.0,202.0
-16.0,-14.0,46.0,408.0
-14.0,-14.0,46.0,408.0
-12.0,-14.0,46.0,145.0
-10.0,-14.0,46.0,145.0
-8.0,-14.0,46.0,145.0
-6.0,-14.0,46.0,145.0
-4.0,-14.0,46.0,145.0
-2.0,-14.0,46.0,145.0
0.0,-14.0,46.0,145.0
2.0,-14.0,46.0,145.0
4.0,-14.0,46.0,145.0
6.0,-14.0,46.0,499.0
8.0,-14.0,46.0,499.0
10.0,-14.0,46.0,499.0
12.0,-14.0,46.0,499.0
36.0,-14.0,46.0,398.0
38.0,-14.0,46.0,398.0
40.0,-14.0,46.0,398.0
42.0,-14.0,46.0,398.0
44.0,-14.0,46.0,95.0
46.0,-14.0,46.0,95.0
48.0,-14.0,46.0,95.0
50.0,-14.0,46.0,95.0
52.0,-14.0,46.0,95.0
54.0,-14.0,46.0,95.0
56.0,-14.0,46.0,95.0
58.0,-14.0,46.0,76.0
60.0,-14.0,46.0,76.0
-62.0,-12.0,46.0,428.0
-60.0,-12.0,46.0,428.0
-58.0,-12.0,46.0,428.0
-56.0,-12.0,46.0,428.0
-54.0,-12.0,46.0,428.0
-52.0,-12.0,46.0,428.0
-50.0,-12.0,46.0,428.0
-48.0,-12.0,46.0,428.0
-46.0,-12.0,46.0,428.0
-44.0,-12.0,46.0,428.0
-42.0,-12.0,46.0,428.0
-40.0,-12.0,46.0,428.0
-38.0,-12.0,46.0,428.0
-16.0,-12.0,46.0,408.0
-14.0,-12.0,46.0,408.0
-12.0,-12.0,46.0,408.0
-10.0,-12.0,46.0,145.0
-8.0,-12.0,46.0,145.0
-6.0,-12.0,46.0,145.0
-4.0,-12.0,46.0,145.0
-2.0,-12.0,46.0,145.0
0.0,-12.0,46.0,145.0
2.0,-12.0,46.0,145.0
4.0,-12.0,46.0,145.0
6.0,-12.0,46.0,235.0
8.0,-12.0,46.0,235.0
10.0,-12.0,46.0,235.0
12.0,-12.0,46.0,235.0
38.0,-12.0,46.0,398.0
40.0,-12.0,46.0,398.0
42.0,-12.0,46.0,398.0
44.0,-12.0,46.0,95.0
46.0,-12.0,46.0,95.0
48.0,-12.0,46.0,95.0
50.0,-12.0,46.0,95.0
52.0,-12.0,46.0,95.0
54.0,-12.0,46.0,76.0
56.0,-12.0,46.0,76.0
58.0,-12.0,46.0,76.0
60.0,-12.0,46.0,76.0
-60.0,-10.0,46.0,428.0
-58.0,-10.0,46.0,428.0
-56.0,-10.0,46.0,428.0
-54.0,-10.0,46.0,428.0
-52.0,-10.0,46.0,428.0
-50.0,-10.0,46.0,428.0
-48.0,-10.0,46.0,428.0
-46.0,-10.0,46.0,428.0
-44.0,-10.0,46.0,438.0
-42.0,-10.0,46.0,438.0
-40.0,-10.0,46.0,438.0
-38.0,-10.0,46.0,438.0
-36.0,-10.0,46.0,202.0
-34.0,-10.0,46.0,202.0
-32.0,-10.0,46.0,202.0
-30.0,-10.0,46.0,202.0
-28.0,-10.0,46.0,202.0
-14.0,-10.0,46.0,408.0
-12.0,-10.0,46.0,408.0
-10.0,-10.0,46.0,408.0
-8.0,-10.0,46.0,145.0
-6.0,-10.0,46.0,145.0
-4.0,-10.0,46.0,145.0
-2.0,-10.0,46.0,145.0
0.0,-10.0,46.0,145.0
2.0,-10.0,46.0,145.0
4.0,-10.0,46.0,145.0
6.0,-10.0,46.0,235.0
8.0,-10.0,46.0,235.0
10.0,-10.0,46.0,235.0
12.0,-10.0,46.0,235.0
26.0,-10.0,46.0,343.0
28.0,-10.0,46.0,343.0
30.0,-10.0,46.0,343.0
32.0,-10.0,46.0,343.0
34.0,-10.0,46.0,508.0
36.0,-10.0,46.0,398.0
38.0,-10.0,46.0,398.0
40.0,-10.0,46.0,398.0
42.0,-10.0,46.0,95.0
44.0,-10.0,46.0,95.0
46.0,-10.0,46.0,95.0
48.0,-10.0,46.0,95.0
50.0,-10.0,46.0,95.0
52.0,-10.0,46.0,76.0
54.0,-10.0,46.0,76.0
56.0,-10.0,46.0,76.0
58.0,-10.0,46.0,76.0
-60.0,-8.0,46.0,428.0
-58.0,-8.0,46.0,428.0
-56.0,-8.0,46.0,428.0
-54.0,-8.0,46.0,438.0
-52.0,-8.0,46.0,438.0
-50.0,-8.0,46.0,438.0
-48.0,-8.0,46.0,438.0
-46.0,-8.0,46.0,438.0
-44.0,-8.0,46.0,438.0
-42.0,-8.0,46.0,438.0
-40.0,-8.0,46.0,438.0
-38.0,-8.0,46.0,438.0
-36.0,-8.0,46.0,438.0
-34.0,-8.0,46.0,202.0
-32.0,-8.0,46.0,202.0
-30.0,-8.0,46.0,202.0
-28.0,-8.0,46.0,202.0
-26.0,-8.0,46.0,202.0
-12.0,-8.0,46.0,408.0
-10.0,-8.0,46.0,408.0
-8.0,-8.0,46.0,408.0
-6.0,-8.0,46.0,145.0
-4.0,-8.0,46.0,145.0
-2.0,-8.0,46.0,145.0
0.0,-8.0,46.0,145.0
2.0,-8.0,46.0,145.0
4.0,-8.0,46.0,145.0
6.0,-8.0,46.0,235.0
8.0,-8.0,46.0,235.0
10.0,-8.0,46.0,235.0
12.0,-8.0,46.0,235.0
14.0,-8.0,46.0,235.0
26.0,-8.0,46.0,343.0
28.0,-8.0,46.0,343.0
30.0,-8.0,46.0,343.0
32.0,-8.0,46.0,343.0
34.0,-8.0,46.0,343.0
36.0,-8.0,46.0,343.0
38.0,-8.0,46.0,398.0
40.0,-8.0,46.0,398.0
42.0,-8.0,46.0,95.0
44.0,-8.0,46.0,95.0
46.0,-8.0,46.0,95.0
48.0,-8.0,46.0,95.0
50.0,-8.0,46.0,76.0
52.0,-8.0,46.0,76.0
54.0,-8.0,46.0,76.0
56.0,-8.0,46.0,76.0
58.0,-8.0,46.0,76.0
-58.0,-6.0,46.0,180.0
-56.0,-6.0,46.0,438.0
-54.0,-6.0,46.0,438.0
-52.0,-6.0,46.0,438.0
-50.0,-6.0,46.0,438.0
-48.0,-6.0,46.0,438.0
-46.0,-6.0,46.0,438.0
-44.0,-6.0,46.0,438.0
-42.0,-6.0,46.0,438.0
-40.0,-6.0,46.0,438.0
-38.0,-6.0,46.0,438.0
-36.0,-6.0,46.0,438.0
-34.0,-6.0,46.0,202.0
-32.0,-6.0,46.0,202.0
-30.0,-6.0,46.0,202.0
-28.0,-6.0,46.0,202.0
-26.0,-6.0,46.0,202.0
-12.0,-6.0,46.0,408.0
-10.0,-6.0,46.0,408.0
-8.0,-6.0,46.0,408.0
-6.0,-6.0,46.0,145.0
-4.0,-6.0,46.0,145.0
-2.0,-6.0,46.0,145.0
0.0,-6.0,46.0,145.0
2.0,-6.0,46.0,145.0
4.0,-6.0,46.0,235.0
6.0,-6.0,46.0,235.0
8.0,-6.0,46.0,235.0
10.0,-6.0,46.0,235.0
12.0,-6.0,46.0,235.0
14.0,-6.0,46.0,235.0
26.0,-6.0,46.0,343.0
28.0,-6.0,46.0,343.0
30.0,-6.0,46.0,343.0
32.0,-6.0,46.0,343.0
34.0,-6.0,46.0,343.0
36.0,-6.0,46.0,343.0
38.0,-6.0,46.0,343.0
40.0,-6.0,46.0,398.0
42.0,-6.0,46.0,95.0
44.0,-6.0,46.0,95.0
46.0,-6.0,46.0,95.0
48.0,-6.0,46.0,76.0
50.0,-6.0,46.0,76.0
52.0,-6.0,46.0,76.0
54.0,-6.0,46.0,76.0
56.0,-6.0,46.0,76.0
58.0,-6.0,46.0,76.0
-58.0,-4.0,46.0,180.0
-56.0,-4.0,46.0,438.0
-54.0,-4.0,46.0,438.0
-52.0,-4.0,46.0,438.0
-50.0,-4.0,46.0,438.0
-48.0,-4.0,46.0,438.0
-46.0,-4.0,46.0,438.0
-44.0,-4.0,46.0,438.0
-42.0,-4.0,46.0,438.0
-40.0,-4.0,46.0,438.0
-38.0,-4.0,46.0,438.0
-36.0,-4.0,46.0,438.0
-34.0,-4.0,46.0,438.0
-32.0,-4.0,46.0,202.0
-30.0,-4.0,46.0,202.0
-28.0,-4.0,46.0,202.0
-26.0,-4.0,46.0,202.0
-24.0,-4.0,46.0,202.0
-12.0,-4.0,46.0,408.0
-10.0,-4.0,46.0,408.0
-8.0,-4.0,46.0,408.0
-6.0,-4.0,46.0,408.0
-4.0,-4.0,46.0,145.0
-2.0,-4.0,46.0,145.0
2.0,-4.0,46.0,145.0
4.0,-4.0,46.0,235.0
6.0,-4.0,46.0,235.0
8.0,-4.0,46.0,235.0
10.0,-4.0,46.0,235.0
12.0,-4.0,46.0,235.0
28.0,-4.0,46.0,343.0
30.0,-4.0,46.0,343.0
32.0,-4.0,46.0,343.0
34.0,-4.0,46.0,343.0
36.0,-4.0,46.0,343.0
38.0,-4.0,46.0,343.0
40.0,-4.0,46.0,533.0
42.0,-4.0,46.0,229.0
44.0,-4.0,46.0,229.0
46.0,-4.0,46.0,76.0
48.0,-4.0,46.0,76.0
50.0,-4.0,46.0,76.0
52.0,-4.0,46.0,76.0
54.0,-4.0,46.0,76.0
56.0,-4.0,46.0,76.0
-58.0,-2.0,46.0,539.0
-56.0,-2.0,46.0,180.0
-54.0,-2.0,46.0,438.0
-52.0,-2.0,46.0,438.0
-50.0,-2.0,46.0,438.0
-48.0,-2.0,46.0,438.0
-46.0,-2.0,46.0,438.0
-44.0,-2.0,46.0,438.0
-42.0,-2.0,46.0,438.0
-40.0,-2.0,46.0,438.0
-38.0,-2.0,46.0,438.0
-36.0,-2.0,46.0,438.0
-34.0,-2.0,46.0,438.0
-28.0,-2.0,46.0,202.0
-26.0,-2.0,46.0,202.0
-14.0,-2.0,46.0,408.0
-12.0,-2.0,46.0,408.0
-10.0,-2.0,46.0,408.0
-8.0,-2.0,46.0,408.0
-6.0,-2.0,46.0,408.0
-4.0,-2.0,46.0,408.0
-2.0,-2.0,46.0,145.0
2.0,-2.0,46.0,145.0
4.0,-2.0,46.0,235.0
6.0,-2.0,46.0,235.0
8.0,-2.0,46.0,235.0
10.0,-2.0,46.0,235.0
12.0,-2.0,46.0,235.0
32.0,-2.0,46.0,343.0
34.0,-2.0,46.0,343.0
36.0,-2.0,46.0,227.0
38.0,-2.0,46.0,533.0
40.0,-2.0,46.0,533.0
42.0,-2.0,46.0,533.0
44.0,-2.0,46.0,229.0
46.0,-2.0,46.0,76.0
48.0,-2.0,46.0,76.0
50.0,-2.0,46.0,76.0
52.0,-2.0,46.0,76.0
54.0,-2.0,46.0,76.0
56.0,-2.0,46.0,76.0
-58.0,-0.0,46.0,539.0
-56.0,-0.0,46.0,539.0
-54.0,-0.0,46.0,539.0
-52.0,-0.0,46.0,438.0
-50.0,-0.0,46.0,438.0
-48.0,-0.0,46.0,438.0
-46.0,-0.0,46.0,438.0
-44.0,-0.0,46.0,438.0
-42.0,-0.0,46.0,438.0
-40.0,-0.0,46.0,438.0
-38.0,-0.0,46.0,438.0
-28.0,-0.0,46.0,202.0
-26.0,-0.0,46.0,202.0
-14.0,-0.0,46.0,408.0
-12.0,-0.0,46.0,408.0
-10.0,-0.0,46.0,408.0
-8.0,-0.0,46.0,408.0
-6.0,-0.0,46.0,408.0
-4.0,-0.0,46.0,408.0
-2.0,-0.0,46.0,408.0
2.0,-0.0,46.0,259.0
4.0,-0.0,46.0,259.0
6.0,-0.0,46.0,259.0
8.0,-0.0,46.0,259.0
10.0,-0.0,46.0,259.0
12.0,-0.0,46.0,259.0
38.0,-0.0,46.0,533.0
40.0,-0.0,46.0,533.0
42.0,-0.0,46.0,533.0
44.0,-0.0,46.0,533.0
46.0,-0.0,46.0,76.0
48.0,-0.0,46.0,76.0
50.0,-0.0,46.0,76.0
52.0,-0.0,46.0,76.0
54.0,-0.0,46.0,76.0
56.0,-0.0,46.0,76.0
-58.0,2.0,46.0,539.0
-56.0,2.0,46.0,539.0
-54.0,2.0,46.0,539.0
-52.0,2.0,46.0,539.0
-50.0,2.0,46.0,438.0
-48.0,2.0,46.0,438.0
-46.0,2.0,46.0,438.0
-44.0,2.0,46.0,438.0
-42.0,2.0,46.0,438.0
-40.0,2.0,46.0,438.0
-38.0,2.0,46.0,438.0
-28.0,2.0,46.0,202.0
-14.0,2.0,46.0,408.0
-12.0,2.0,46.0,408.0
-10.0,2.0,46.0,408.0
-8.0,2.0,46.0,408.0
-6.0,2.0,46.0,408.0
-4.0,2.0,46.0,408.0
-2.0,2.0,46.0,9.0
2.0,2.0,46.0,9.0
4.0,2.0,46.0,259.0
6.0,2.0,46.0,259.0
8.0,2.0,46.0,259.0
10.0,2.0,46.0,259.0
12.0,2.0,46.0,259.0
24.0,2.0,46.0,343.0
26.0,2.0,46.0,343.0
28.0,2.0,46.0,227.0
38.0,2.0,46.0,533.0
40.0,2.0,46.0,533.0
42.0,2.0,46.0,533.0
44.0,2.0,46.0,533.0
46.0,2.0,46.0,229.0
48.0,2.0,46.0,76.0
50.0,2.0,46.0,76.0
52.0,2.0,46.0,76.0
54.0,2.0,46.0,76.0
56.0,2.0,46.0,76.0
-56.0,4.0,46.0,539.0
-54.0,4.0,46.0,539.0
-52.0,4.0,46.0,539.0
-50.0,4.0,46.0,439.0
-48.0,4.0,46.0,439.0
-46.0,4.0,46.0,438.0
-44.0,4.0,46.0,438.0
-42.0,4.0,46.0,438.0
-40.0,4.0,46.0,438.0
-38.0,4.0,46.0,438.0
-28.0,4.0,46.0,333.0
-26.0,4.0,46.0,333.0
-14.0,4.0,46.0,408.0
-12.0,4.0,46.0,408.0
-10.0,4.0,46.0,408.0
-8.0,4.0,46.0,408.0
-6.0,4.0,46.0,408.0
-4.0,4.0,46.0,9.0
-2.0,4.0,46.0,9.0
2.0,4.0,46.0,9.0
4.0,4.0,46.0,9.0
6.0,4.0,46.0,259.0
8.0,4.0,46.0,259.0
10.0,4.0,46.0,259.0
24.0,4.0,46.0,227.0
26.0,4.0,46.0,227.0
28.0,4.0,46.0,227.0
38.0,4.0,46.0,533.0
40.0,4.0,46.0,533.0
42.0,4.0,46.0,533.0
44.0,4.0,46.0,533.0
46.0,4.0,46.0,533.0
48.0,4.0,46.0,445.0
50.0,4.0,46.0,76.0
52.0,4.0,46.0,76.0
54.0,4.0,46.0,76.0
-56.0,6.0,46.0,539.0
-54.0,6.0,46.0,539.0
-52.0,6.0,46.0,539.0
-50.0,6.0,46.0,439.0
-48.0,6.0,46.0,439.0
-46.0,6.0,46.0,439.0
-44.0,6.0,46.0,439.0
-42.0,6.0,46.0,439.0
-40.0,6.0,46.0,438.0
-38.0,6.0,46.0,438.0
-28.0,6.0,46.0,333.0
-26.0,6.0,46.0,333.0
-24.0,6.0,46.0,333.0
-14.0,6.0,46.0,408.0
-12.0,6.0,46.0,408.0
-10.0,6.0,46.0,408.0
-8.0,6.0,46.0,9.0
-6.0,6.0,46.0,9.0
-4.0,6.0,46.0,9.0
-2.0,6.0,46.0,9.0
0.0,6.0,46.0,9.0
2.0,6.0,46.0,9.0
4.0,6.0,46.0,9.0
6.0,6.0,46.0,9.0
8.0,6.0,46.0,259.0
10.0,6.0,46.0,259.0
24.0,6.0,46.0,227.0
26.0,6.0,46.0,227.0
28.0,6.0,46.0,227.0
30.0,6.0,46.0,227.0
36.0,6.0,46.0,533.0
38.0,6.0,46.0,533.0
40.0,6.0,46.0,533.0
42.0,6.0,46.0,533.0
44.0,6.0,46.0,533.0
46.0,6.0,46.0,445.0
48.0,6.0,46.0,445.0
50.0,6.0,46.0,445.0
52.0,6.0,46.0,445.0
54.0,6.0,46.0,445.0
-54.0,8.0,46.0,539.0
-52.0,8.0,46.0,539.0
-50.0,8.0,46.0,439.0
-48.0,8.0,46.0,439.0
-46.0,8.0,46.0,439.0
-44.0,8.0,46.0,439.0
-42.0,8.0,46.0,439.0
-40.0,8.0,46.0,439.0
-38.0,8.0,46.0,439.0
-30.0,8.0,46.0,333.0
-28.0,8.0,46.0,333.0
-26.0,8.0,46.0,333.0
-24.0,8.0,46.0,333.0
-22.0,8.0,46.0,555.0
-12.0,8.0,46.0,9.0
-10.0,8.0,46.0,9.0
-8.0,8.0,46.0,9.0
-6.0,8.0,46.0,9.0
-4.0,8.0,46.0,9.0
-2.0,8.0,46.0,9.0
0.0,8.0,46.0,9.0
2.0,8.0,46.0,9.0
4.0,8.0,46.0,9.0
6.0,8.0,46.0,9.0
8.0,8.0,46.0,9.0
10.0,8.0,46.0,259.0
24.0,8.0,46.0,227.0
26.0,8.0,46.0,227.0
28.0,8.0,46.0,227.0
30.0,8.0,46.0,227.0
32.0,8.0,46.0,533.0
38.0,8.0,46.0,533.0
40.0,8.0,46.0,533.0
42.0,8.0,46.0,533.0
44.0,8.0,46.0,533.0
46.0,8.0,46.0,445.0
48.0,8.0,46.0,445.0
50.0,8.0,46.0,445.0
52.0,8.0,46.0,445.0
54.0,8.0,46.0,445.0
-54.0,10.0,46.0,539.0
-52.0,10.0,46.0,539.0
-50.0,10.0,46.0,439.0
-48.0,10.0,46.0,439.0
-46.0,10.0,46.0,439.0
-44.0,10.0,46.0,439.0
-42.0,10.0,46.0,439.0
-40.0,10.0,46.0,439.0
-30.0,10.0,46.0,308.0
-28.0,10.0,46.0,308.0
-26.0,10.0,46.0,78.0
-24.0,10.0,46.0,78.0
-22.0,10.0,46.0,78.0
-12.0,10.0,46.0,9.0
-10.0,10.0,46.0,9.0
-8.0,10.0,46.0,9.0
-6.0,10.0,46.0,9.0
-4.0,10.0,46.0,9.0
-2.0,10.0,46.0,9.0
0.0,10.0,46.0,9.0
2.0,10.0,46.0,9.0
4.0,10.0,46.0,9.0
6.0,10.0,46.0,9.0
8.0,10.0,46.0,9.0
10.0,10.0,46.0,9.0
24.0,10.0,46.0,63.0
26.0,10.0,46.0,227.0
28.0,10.0,46.0,227.0
30.0,10.0,46.0,227.0
32.0,10.0,46.0,533.0
42.0,10.0,46.0,533.0
44.0,10.0,46.0,445.0
46.0,10.0,46.0,445.0
48.0,10.0,46.0,445.0
50.0,10.0,46.0,445.0
52.0,10.0,46.0,445.0
-52.0,12.0,46.0,539.0
-50.0,12.0,46.0,439.0
-48.0,12.0,46.0,439.0
-46.0,12.0,46.0,439.0
-44.0,12.0,46.0,439.0
-42.0,12.0,46.0,439.0
-40.0,12.0,46.0,439.0
-38.0,12.0,46.0,308.0
-36.0,12.0,46.0,308.0
-30.0,12.0,46.0,308.0
-28.0,12.0,46.0,308.0
-26.0,12.0,46.0,78.0
-24.0,12.0,46.0,78.0
-22.0,12.0,46.0,78.0
-12.0,12.0,46.0,9.0
-10.0,12.0,46.0,9.0
-8.0,12.0,46.0,9.0
-6.0,12.0,46.0,9.0
-4.0,12.0,46.0,9.0
-2.0,12.0,46.0,9.0
0.0,12.0,46.0,9.0
2.0,12.0,46.0,9.0
4.0,12.0,46.0,9.0
6.0,12.0,46.0,9.0
8.0,12.0,46.0,9.0
22.0,12.0,46.0,63.0
24.0,12.0,46.0,63.0
26.0,12.0,46.0,63.0
28.0,12.0,46.0,227.0
30.0,12.0,46.0,470.0
32.0,12.0,46.0,470.0
42.0,12.0,46.0,445.0
44.0,12.0,46.0,445.0
46.0,12.0,46.0,445.0
48.0,12.0,46.0,445.0
50.0,12.0,46.0,445.0
52.0,12.0,46.0,445.0
-52.0,14.0,46.0,539.0
-50.0,14.0,46.0,439.0
-48.0,14.0,46.0,439.0
-46.0,14.0,46.0,439.0
-44.0,14.0,46.0,439.0
-42.0,14.0,46.0,439.0
-40.0,14.0,46.0,439.0
-38.0,14.0,46.0,308.0
-36.0,14.0,46.0,308.0
-34.0,14.0,46.0,308.0
-30.0,14.0,46.0,308.0
-28.0,14.0,46.0,78.0
-26.0,14.0,46.0,78.0
-24.0,14.0,46.0,78.0
-22.0,14.0,46.0,78.0
-12.0,14.0,46.0,9.0
-10.0,14.0,46.0,9.0
-8.0,14.0,46.0,9.0
-6.0,14.0,46.0,9.0
-4.0,14.0,46.0,9.0
-2.0,14.0,46.0,9.0
0.0,14.0,46.0,9.0
2.0,14.0,46.0,9.0
4.0,14.0,46.0,9.0
6.0,14.0,46.0,9.0
8.0,14.0,46.0,9.0
10.0,14.0,46.0,9.0
20.0,14.0,46.0,63.0
22.0,14.0,46.0,63.0
24.0,14.0,46.0,63.0
26.0,14.0,46.0,63.0
28.0,14.0,46.0,470.0
30.0,14.0,46.0,470.0
32.0,14.0,46.0,470.0
38.0,14.0,46.0,470.0
40.0,14.0,46.0,470.0
42.0,14.0,46.0,445.0
44.0,14.0,46.0,445.0
46.0,14.0,46.0,445.0
48.0,14.0,46.0,445.0
50.0,14.0,46.0,445.0
52.0,14.0,46.0,445.0
-52.0,16.0,46.0,539.0
-50.0,16.0,46.0,439.0
-48.0,16.0,46.0,439.0
-46.0,16.0,46.0,439.0
-44.0,16.0,46.0,439.0
-42.0,16.0,46.0,439.0
-40.0,16.0,46.0,54.0
-38.0,16.0,46.0,54.0
-36.0,16.0,46.0,54.0
-34.0,16.0,46.0,308.0
-32.0,16.0,46.0,308.0
-30.0,16.0,46.0,308.0
-28.0,16.0,46.0,78.0
-26.0,16.0,46.0,78.0
-24.0,16.0,46.0,78.0
-22.0,16.0,46.0,78.0
-10.0,16.0,46.0,9.0
-8.0,16.0,46.0,9.0
-6.0,16.0,46.0,9.0
-4.0,16.0,46.0,9.0
-2.0,16.0,46.0,9.0
0.0,16.0,46.0,9.0
2.0,16.0,46.0,9.0
4.0,16.0,46.0,9.0
6.0,16.0,46.0,9.0
8.0,16.0,46.0,9.0
10.0,16.0,46.0,9.0
20.0,16.0,46.0,63.0
22.0,16.0,46.0,63.0
24.0,16.0,46.0,63.0
26.0,16.0,46.0,63.0
28.0,16.0,46.0,167.0
30.0,16.0,46.0,470.0
38.0,16.0,46.0,470.0
40.0,16.0,46.0,470.0
42.0,16.0,46.0,445.0
44.0,16.0,46.0,445.0
46.0,16.0,46.0,445.0
48.0,16.0,46.0,445.0
50.0,16.0,46.0,445.0
-52.0,18.0,46.0,539.0
-50.0,18.0,46.0,439.0
-48.0,18.0,46.0,439.0
-46.0,18.0,46.0,439.0
-44.0,18.0,46.0,439.0
-42.0,18.0,46.0,54.0
-40.0,18.0,46.0,54.0
-38.0,18.0,46.0,54.0
-36.0,18.0,46.0,54.0
-34.0,18.0,46.0,54.0
-32.0,18.0,46.0,308.0
-30.0,18.0,46.0,308.0
-28.0,18.0,46.0,78.0
-26.0,18.0,46.0,78.0
-24.0,18.0,46.0,78.0
-22.0,18.0,46.0,78.0
-20.0,18.0,46.0,78.0
-10.0,18.0,46.0,9.0
-8.0,18.0,46.0,9.0
-6.0,18.0,46.0,9.0
-4.0,18.0,46.0,9.0
-2.0,18.0,46.0,9.0
0.0,18.0,46.0,9.0
2.0,18.0,46.0,9.0
4.0,18.0,46.0,9.0
6.0,18.0,46.0,9.0
8.0,18.0,46.0,9.0
10.0,18.0,46.0,9.0
20.0,18.0,46.0,63.0
22.0,18.0,46.0,63.0
24.0,18.0,46.0,63.0
26.0,18.0,46.0,167.0
28.0,18.0,46.0,167.0
36.0,18.0,46.0,470.0
38.0,18.0,46.0,470.0
40.0,18.0,46.0,470.0
42.0,18.0,46.0,445.0
44.0,18.0,46.0,445.0
46.0,18.0,46.0,445.0
48.0,18.0,46.0,445.0
50.0,18.0,46.0,445.0
-50.0,20.0,46.0,170.0
-48.0,20.0,46.0,170.0
-46.0,20.0,46.0,170.0
-44.0,20.0,46.0,54.0
-42.0,20.0,46.0,54.0
-40.0,20.0,46.0,54.0
-38.0,20.0,46.0,54.0
-36.0,20.0,46.0,54.0
-34.0,20.0,46.0,54.0
-32.0,20.0,46.0,1.0
-30.0,20.0,46.0,1.0
-28.0,20.0,46.0,78.0
-26.0,20.0,46.0,78.0
-24.0,20.0,46.0,78.0
-22.0,20.0,46.0,453.0
-20.0,20.0,46.0,453.0
-10.0,20.0,46.0,9.0
-8.0,20.0,46.0,9.0
-6.0,20.0,46.0,9.0
-4.0,20.0,46.0,9.0
-2.0,20.0,46.0,9.0
0.0,20.0,46.0,9.0
2.0,20.0,46.0,9.0
4.0,20.0,46.0,9.0
6.0,20.0,46.0,9.0
8.0,20.0,46.0,9.0
10.0,20.0,46.0,9.0
20.0,20.0,46.0,63.0
22.0,20.0,46.0,63.0
32.0,20.0,46.0,167.0
34.0,20.0,46.0,167.0
36.0,20.0,46.0,470.0
38.0,20.0,46.0,470.0
40.0,20.0,46.0,470.0
42.0,20.0,46.0,445.0
44.0,20.0,46.0,445.0
46.0,20.0,46.0,445.0
48.0,20.0,46.0,445.0
-50.0,22.0,46.0,170.0
-48.0,22.0,46.0,170.0
-46.0,22.0,46.0,170.0
-44.0,22.0,46.0,54.0
-42.0,22.0,46.0,54.0
-40.0,22.0,46.0,54.0
-38.0,22.0,46.0,54.0
-36.0,22.0,46.0,54.0
-34.0,22.0,46.0,1.0
-32.0,22.0,46.0,1.0
-30.0,22.0,46.0,1.0
-28.0,22.0,46.0,78.0
-26.0,22.0,46.0,453.0
-24.0,22.0,46.0,453.0
-22.0,22.0,46.0,453.0
-20.0,22.0,46.0,453.0
-10.0,22.0,46.0,217.0
-8.0,22.0,46.0,217.0
-6.0,22.0,46.0,217.0
-4.0,22.0,46.0,217.0
-2.0,22.0,46.0,217.0
2.0,22.0,46.0,217.0
4.0,22.0,46.0,217.0
6.0,22.0,46.0,9.0
8.0,22.0,46.0,9.0
10.0,22.0,46.0,9.0
18.0,22.0,46.0,63.0
20.0,22.0,46.0,63.0
22.0,22.0,46.0,317.0
24.0,22.0,46.0,167.0
30.0,22.0,46.0,167.0
32.0,22.0,46.0,167.0
34.0,22.0,46.0,167.0
36.0,22.0,46.0,167.0
38.0,22.0,46.0,167.0
40.0,22.0,46.0,470.0
42.0,22.0,46.0,445.0
44.0,22.0,46.0,445.0
46.0,22.0,46.0,445.0
-48.0,24.0,46.0,170.0
-46.0,24.0,46.0,170.0
-44.0,24.0,46.0,54.0
-42.0,24.0,46.0,54.0
-40.0,24.0,46.0,54.0
-38.0,24.0,46.0,54.0
-36.0,24.0,46.0,54.0
-34.0,24.0,46.0,1.0
-32.0,24.0,46.0,1.0
-30.0,24.0,46.0,1.0
-28.0,24.0,46.0,1.0
-26.0,24.0,46.0,453.0
-24.0,24.0,46.0,453.0
-22.0,24.0,46.0,453.0
-20.0,24.0,46.0,453.0
-10.0,24.0,46.0,217.0
-8.0,24.0,46.0,217.0
-6.0,24.0,46.0,217.0
-4.0,24.0,46.0,217.0
-2.0,24.0,46.0,217.0
2.0,24.0,46.0,217.0
4.0,24.0,46.0,217.0
6.0,24.0,46.0,217.0
8.0,24.0,46.0,217.0
10.0,24.0,46.0,255.0
18.0,24.0,46.0,317.0
20.0,24.0,46.0,317.0
22.0,24.0,46.0,317.0
24.0,24.0,46.0,317.0
26.0,24.0,46.0,167.0
28.0,24.0,46.0,167.0
30.0,24.0,46.0,167.0
32.0,24.0,46.0,167.0
34.0,24.0,46.0,167.0
36.0,24.0,46.0,167.0
38.0,24.0,46.0,167.0
40.0,24.0,46.0,167.0
42.0,24.0,46.0,445.0
44.0,24.0,46.0,445.0
46.0,24.0,46.0,445.0
-46.0,26.0,46.0,170.0
-44.0,26.0,46.0,368.0
-42.0,26.0,46.0,54.0
-40.0,26.0,46.0,54.0
-38.0,26.0,46.0,54.0
-36.0,26.0,46.0,1.0
-34.0,26.0,46.0,1.0
-32.0,26.0,46.0,1.0
-30.0,26.0,46.0,1.0
-28.0,26.0,46.0,1.0
-26.0,26.0,46.0,453.0
-24.0,26.0,46.0,453.0
-22.0,26.0,46.0,453.0
-20.0,26.0,46.0,453.0
-18.0,26.0,46.0,453.0
-12.0,26.0,46.0,453.0
-10.0,26.0,46.0,217.0
-8.0,26.0,46.0,217.0
-6.0,26.0,46.0,217.0
-4.0,26.0,46.0,217.0
-2.0,26.0,46.0,217.0
2.0,26.0,46.0,217.0
4.0,26.0,46.0,217.0
6.0,26.0,46.0,217.0
8.0,26.0,46.0,255.0
10.0,26.0,46.0,255.0
18.0,26.0,46.0,317.0
20.0,26.0,46.0,317.0
22.0,26.0,46.0,317.0
24.0,26.0,46.0,317.0
26.0,26.0,46.0,317.0
28.0,26.0,46.0,167.0
30.0,26.0,46.0,167.0
32.0,26.0,46.0,167.0
34.0,26.0,46.0,167.0
36.0,26.0,46.0,167.0
38.0,26.0,46.0,167.0
40.0,26.0,46.0,167.0
42.0,26.0,46.0,167.0
44.0,26.0,46.0,445.0
-44.0,28.0,46.0,368.0
-42.0,28.0,46.0,368.0
-40.0,28.0,46.0,368.0
-38.0,28.0,46.0,54.0
-36.0,28.0,46.0,1.0
-34.0,28.0,46.0,1.0
-32.0,28.0,46.0,1.0
-30.0,28.0,46.0,1.0
-28.0,28.0,46.0,1.0
-26.0,28.0,46.0,453.0
-24.0,28.0,46.0,453.0
-22.0,28.0,46.0,453.0
-20.0,28.0,46.0,453.0
-18.0,28.0,46.0,453.0
-12.0,28.0,46.0,453.0
-10.0,28.0,46.0,217.0
-8.0,28.0,46.0,217.0
-6.0,28.0,46.0,217.0
-4.0,28.0,46.0,217.0
4.0,28.0,46.0,217.0
6.0,28.0,46.0,217.0
8.0,28.0,46.0,255.0
10.0,28.0,46.0,255.0
18.0,28.0,46.0,317.0
20.0,28.0,46.0,317.0
22.0,28.0,46.0,317.0
24.0,28.0,46.0,317.0
26.0,28.0,46.0,317.0
28.0,28.0,46.0,317.0
30.0,28.0,46.0,167.0
34.0,28.0,46.0,167.0
36.0,28.0,46.0,167.0
38.0,28.0,46.0,167.0
40.0,28.0,46.0,167.0
42.0,28.0,46.0,167.0
-42.0,30.0,46.0,368.0
-40.0,30.0,46.0,368.0
-38.0,30.0,46.0,368.0
-36.0,30.0,46.0,1.0
-34.0,30.0,46.0,1.0
-32.0,30.0,46.0,1.0
-30.0,30.0,46.0,1.0
-28.0,30.0,46.0,1.0
-26.0,30.0,46.0,453.0
-24.0,30.0,46.0,453.0
-22.0,30.0,46.0,453.0
-20.0,30.0,46.0,453.0
-18.0,30.0,46.0,453.0
-16.0,30.0,46.0,453.0
-10.0,30.0,46.0,217.0
-8.0,30.0,46.0,217.0
-6.0,30.0,46.0,217.0
-4.0,30.0,46.0,217.0
2.0,30.0,46.0,217.0
4.0,30.0,46.0,217.0
6.0,30.0,46.0,217.0
8.0,30.0,46.0,255.0
10.0,30.0,46.0,255.0
18.0,30.0,46.0,317.0
20.0,30.0,46.0,317.0
22.0,30.0,46.0,317.0
24.0,30.0,46.0,317.0
26.0,30.0,46.0,317.0
28.0,30.0,46.0,317.0
30.0,30.0,46.0,317.0
32.0,30.0,46.0,167.0
34.0,30.0,46.0,167.0
36.0,30.0,46.0,167.0
38.0,30.0,46.0,167.0
40.0,30.0,46.0,167.0
-42.0,32.0,46.0,368.0
-40.0,32.0,46.0,368.0
-38.0,32.0,46.0,368.0
-36.0,32.0,46.0,368.0
-34.0,32.0,46.0,1.0
-32.0,32.0,46.0,386.0
-30.0,32.0,46.0,386.0
-28.0,32.0,46.0,386.0
-26.0,32.0,46.0,453.0
-24.0,32.0,46.0,453.0
-22.0,32.0,46.0,453.0
-20.0,32.0,46.0,453.0
-18.0,32.0,46.0,453.0
-16.0,32.0,46.0,453.0
-10.0,32.0,46.0,399.0
-8.0,32.0,46.0,399.0
-6.0,32.0,46.0,217.0
-4.0,32.0,46.0,217.0
2.0,32.0,46.0,217.0
4.0,32.0,46.0,217.0
6.0,32.0,46.0,255.0
8.0,32.0,46.0,255.0
18.0,32.0,46.0,317.0
20.0,32.0,46.0,317.0
22.0,32.0,46.0,317.0
24.0,32.0,46.0,317.0
26.0,32.0,46.0,317.0
28.0,32.0,46.0,317.0
30.0,32.0,46.0,317.0
32.0,32.0,46.0,317.0
34.0,32.0,46.0,167.0
36.0,32.0,46.0,391.0
38.0,32.0,46.0,391.0
-40.0,34.0,46.0,368.0
-38.0,34.0,46.0,368.0
-36.0,34.0,46.0,368.0
-34.0,34.0,46.0,386.0
-32.0,34.0,46.0,386.0
-30.0,34.0,46.0,386.0
-28.0,34.0,46.0,386.0
-26.0,34.0,46.0,386.0
-24.0,34.0,46.0,453.0
-22.0,34.0,46.0,453.0
-20.0,34.0,46.0,453.0
-18.0,34.0,46.0,453.0
-16.0,34.0,46.0,453.0
-10.0,34.0,46.0,399.0
-8.0,34.0,46.0,399.0
-6.0,34.0,46.0,399.0
-4.0,34.0,46.0,399.0
-2.0,34.0,46.0,217.0
2.0,34.0,46.0,217.0
4.0,34.0,46.0,217.0
6.0,34.0,46.0,255.0
8.0,34.0,46.0,255.0
16.0,34.0,46.0,317.0
18.0,34.0,46.0,317.0
20.0,34.0,46.0,317.0
22.0,34.0,46.0,317.0
24.0,34.0,46.0,317.0
26.0,34.0,46.0,317.0
28.0,34.0,46.0,317.0
30.0,34.0,46.0,317.0
32.0,34.0,46.0,317.0
34.0,34.0,46.0,391.0
36.0,34.0,46.0,391.0
-38.0,36.0,46.0,368.0
-36.0,36.0,46.0,368.0
-34.0,36.0,46.0,386.0
-32.0,36.0,46.0,386.0
-30.0,36.0,46.0,386.0
-28.0,36.0,46.0,386.0
-26.0,36.0,46.0,386.0
-24.0,36.0,46.0,453.0
-22.0,36.0,46.0,453.0
-20.0,36.0,46.0,453.0
-18.0,36.0,46.0,453.0
-16.0,36.0,46.0,399.0
-10.0,36.0,46.0,399.0
-8.0,36.0,46.0,399.0
-6.0,36.0,46.0,399.0
-4.0,36.0,46.0,399.0
-2.0,36.0,46.0,399.0
2.0,36.0,46.0,126.0
4.0,36.0,46.0,126.0
6.0,36.0,46.0,126.0
8.0,36.0,46.0,126.0
16.0,36.0,46.0,317.0
18.0,36.0,46.0,317.0
20.0,36.0,46.0,317.0
22.0,36.0,46.0,317.0
24.0,36.0,46.0,317.0
26.0,36.0,46.0,317.0
28.0,36.0,46.0,317.0
30.0,36.0,46.0,317.0
32.0,36.0,46.0,391.0
34.0,36.0,46.0,391.0
-36.0,38.0,46.0,368.0
-34.0,38.0,46.0,386.0
-32.0,38.0,46.0,386.0
-30.0,38.0,46.0,386.0
-28.0,38.0,46.0,386.0
-26.0,38.0,46.0,386.0
-24.0,38.0,46.0,291.0
-22.0,38.0,46.0,291.0
-20.0,38.0,46.0,291.0
-18.0,38.0,46.0,399.0
-16.0,38.0,46.0,399.0
-8.0,38.0,46.0,399.0
-6.0,38.0,46.0,399.0
-4.0,38.0,46.0,399.0
-2.0,38.0,46.0,399.0
2.0,38.0,46.0,126.0
4.0,38.0,46.0,126.0
6.0,38.0,46.0,126.0
8.0,38.0,46.0,126.0
16.0,38.0,46.0,317.0
18.0,38.0,46.0,317.0
20.0,38.0,46.0,317.0
22.0,38.0,46.0,317.0
24.0,38.0,46.0,317.0
26.0,38.0,46.0,317.0
28.0,38.0,46.0,317.0
30.0,38.0,46.0,391.0
32.0,38.0,46.0,391.0
-34.0,40.0,46.0,386.0
-32.0,40.0,46.0,386.0
-30.0,40.0,46.0,386.0
-28.0,40.0,46.0,386.0
-26.0,40.0,46.0,291.0
-24.0,40.0,46.0,291.0
-22.0,40.0,46.0,291.0
-20.0,40.0,46.0,291.0
-18.0,40.0,46.0,399.0
-16.0,40.0,46.0,399.0
-14.0,40.0,46.0,399.0
-6.0,40.0,46.0,399.0
-4.0,40.0,46.0,399.0
-2.0,40.0,46.0,399.0
2.0,40.0,46.0,126.0
4.0,40.0,46.0,126.0
6.0,40.0,46.0,126.0
8.0,40.0,46.0,126.0
10.0,40.0,46.0,126.0
14.0,40.0,46.0,126.0
16.0,40.0,46.0,317.0
18.0,40.0,46.0,317.0
20.0,40.0,46.0,317.0
22.0,40.0,46.0,317.0
24.0,40.0,46.0,317.0
26.0,40.0,46.0,317.0
28.0,40.0,46.0,391.0
30.0,40.0,46.0,391.0
-30.0,42.0,46.0,291.0
-28.0,42.0,46.0,291.0
-26.0,42.0,46.0,291.0
-24.0,42.0,46.0,291.0
-22.0,42.0,46.0,291.0
-20.0,42.0,46.0,291.0
-18.0,42.0,46.0,399.0
-16.0,42.0,46.0,399.0
-14.0,42.0,46.0,399.0
-12.0,42.0,46.0,399.0
-6.0,42.0,46.0,399.0
-4.0,42.0,46.0,399.0
-2.0,42.0,46.0,399.0
2.0,42.0,46.0,126.0
4.0,42.0,46.0,126.0
6.0,42.0,46.0,126.0
8.0,42.0,46.0,126.0
10.0,42.0,46.0,126.0
12.0,42.0,46.0,126.0
14.0,42.0,46.0,126.0
16.0,42.0,46.0,126.0
18.0,42.0,46.0,317.0
20.0,42.0,46.0,317.0
22.0,42.0,46.0,317.0
24.0,42.0,46.0,317.0
26.0,42.0,46.0,391.0
28.0,42.0,46.0,391.0
-28.0,44.0,46.0,291.0
-26.0,44.0,46.0,291.0
-24.0,44.0,46.0,291.0
-22.0,44.0,46.0,291.0
-20.0,44.0,46.0,281.0
-18.0,44.0,46.0,281.0
-16.0,44.0,46.0,399.0
-14.0,44.0,46.0,399.0
-12.0,44.0,46.0,399.0
-8.0,44.0,46.0,399.0
-6.0,44.0,46.0,399.0
-4.0,44.0,46.0,399.0
-2.0,44.0,46.0,399.0
2.0,44.0,46.0,126.0
4.0,44.0,46.0,126.0
6.0,44.0,46.0,126.0
8.0,44.0,46.0,126.0
10.0,44.0,46.0,126.0
12.0,44.0,46.0,126.0
14.0,44.0,46.0,126.0
16.0,44.0,46.0,126.0
18.0,44.0,46.0,317.0
20.0,44.0,46.0,317.0
22.0,44.0,46.0,317.0
24.0,44.0,46.0,391.0
26.0,44.0,46.0,391.0
-26.0,46.0,46.0,291.0
-24.0,46.0,46.0,291.0
-22.0,46.0,46.0,281.0
-20.0,46.0,46.0,281.0
-18.0,46.0,46.0,281.0
-16.0,46.0,46.0,281.0
-14.0,46.0,46.0,458.0
-12.0,46.0,46.0,399.0
-10.0,46.0,46.0,399.0
-8.0,46.0,46.0,399.0
-6.0,46.0,46.0,399.0
-4.0,46.0,46.0,399.0
-2.0,46.0,46.0,399.0
2.0,46.0,46.0,126.0
4.0,46.0,46.0,126.0
6.0,46.0,46.0,126.0
8.0,46.0,46.0,126.0
10.0,46.0,46.0,126.0
12.0,46.0,46.0,126.0
14.0,46.0,46.0,126.0
16.0,46.0,46.0,126.0
18.0,46.0,46.0,126.0
20.0,46.0,46.0,317.0
22.0,46.0,46.0,391.0
-24.0,48.0,46.0,281.0
-22.0,48.0,46.0,281.0
-20.0,48.0,46.0,281.0
-18.0,48.0,46.0,281.0
-16.0,48.0,46.0,281.0
-14.0,48.0,46.0,458.0
-12.0,48.0,46.0,458.0
-10.0,48.0,46.0,458.0
-8.0,48.0,46.0,458.0
-6.0,48.0,46.0,458.0
-4.0,48.0,46.0,399.0
2.0,48.0,46.0,126.0
4.0,48.0,46.0,126.0
6.0,48.0,46.0,126.0
8.0,48.0,46.0,126.0
10.0,48.0,46.0,126.0
12.0,48.0,46.0,126.0
14.0,48.0,46.0,126.0
16.0,48.0,46.0,256.0
18.0,48.0,46.0,256.0
20.0,48.0,46.0,256.0
-18.0,50.0,46.0,281.0
-16.0,50.0,46.0,458.0
-14.0,50.0,46.0,458.0
-12.0,50.0,46.0,458.0
-10.0,50.0,46.0,458.0
-8.0,50.0,46.0,458.0
-6.0,50.0,46.0,458.0
-4.0,50.0,46.0,458.0
-2.0,50.0,46.0,458.0
2.0,50.0,46.0,126.0
4.0,50.0,46.0,126.0
6.0,50.0,46.0,126.0
8.0,50.0,46.0,126.0
10.0,50.0,46.0,126.0
12.0,50.0,46.0,256.0
14.0,50.0,46.0,256.0
16.0,50.0,46.0,256.0
-14.0,52.0,46.0,458.0
-12.0,52.0,46.0,458.0
-10.0,52.0,46.0,458.0
-8.0,52.0,46.0,458.0
-6.0,52.0,46.0,458.0
-4.0,52.0,46.0,458.0
4.0,52.0,46.0,126.0
6.0,52.0,46.0,126.0
8.0,52.0,46.0,256.0
10.0,52.0,46.0,256.0
12.0,52.0,46.0,256.0
-12.0,54.0,46.0,458.0
-10.0,54.0,46.0,458.0
-8.0,54.0,46.0,458.0
-6.0,54.0,46.0,458.0
6.0,54.0,46.0,256.0
8.0,54.0,46.0,256.0
10.0,54.0,46.0,256.0
12.0,-86.0,48.0,135.0
14.0,-86.0,48.0,135.0
-18.0,-84.0,48.0,550.0
-16.0,-84.0,48.0,550.0
-14.0,-84.0,48.0,550.0
-12.0,-84.0,48.0,550.0
6.0,-84.0,48.0,186.0
8.0,-84.0,48.0,186.0
10.0,-84.0,48.0,186.0
12.0,-84.0,48.0,135.0
14.0,-84.0,48.0,135.0
22.0,-84.0,48.0,135.0
-26.0,-82.0,48.0,41.0
-24.0,-82.0,48.0,41.0
-22.0,-82.0,48.0,312.0
-20.0,-82.0,48.0,353.0
-16.0,-82.0,48.0,550.0
-14.0,-82.0,48.0,550.0
-12.0,-82.0,48.0,550.0
-10.0,-82.0,48.0,155.0
8.0,-82.0,48.0,186.0
10.0,-82.0,48.0,186.0
-32.0,-80.0,48.0,556.0
-30.0,-80.0,48.0,512.0
-28.0,-80.0,48.0,312.0
-26.0,-80.0,48.0,312.0
-24.0,-80.0,48.0,312.0
-22.0,-80.0,48.0,353.0
-20.0,-80.0,48.0,353.0
-16.0,-80.0,48.0,353.0
-14.0,-80.0,48.0,155.0
-12.0,-80.0,48.0,155.0
-10.0,-80.0,48.0,155.0
6.0,-80.0,48.0,186.0
8.0,-80.0,48.0,186.0
10.0,-80.0,48.0,186.0
12.0,-80.0,48.0,186.0
14.0,-80.0,48.0,135.0
16.0,-80.0,48.0,135.0
-36.0,-78.0,48.0,556.0
-34.0,-78.0,48.0,556.0
-32.0,-78.0,48.0,512.0
-30.0,-78.0,48.0,512.0
-28.0,-78.0,48.0,512.0
-26.0,-78.0,48.0,312.0
-24.0,-78.0,48.0,353.0
-22.0,-78.0,48.0,353.0
-20.0,-78.0,48.0,353.0
-18.0,-78.0,48.0,353.0
-16.0,-78.0,48.0,353.0
-14.0,-78.0,48.0,155.0
-12.0,-78.0,48.0,155.0
-10.0,-78.0,48.0,155.0
0.0,-78.0,48.0,155.0
2.0,-78.0,48.0,515.0
4.0,-78.0,48.0,515.0
6.0,-78.0,48.0,515.0
8.0,-78.0,48.0,186.0
10.0,-78.0,48.0,186.0
12.0,-78.0,48.0,186.0
14.0,-78.0,48.0,135.0
16.0,-78.0,48.0,135.0
18.0,-78.0,48.0,135.0
26.0,-78.0,48.0,135.0
28.0,-78.0,48.0,135.0
30.0,-78.0,48.0,254.0
32.0,-78.0,48.0,254.0
34.0,-78.0,48.0,254.0
-38.0,-76.0,48.0,556.0
-36.0,-76.0,48.0,556.0
-34.0,-76.0,48.0,512.0
-32.0,-76.0,48.0,512.0
-30.0,-76.0,48.0,512.0
-28.0,-76.0,48.0,512.0
-26.0,-76.0,48.0,353.0
-24.0,-76.0,48.0,353.0
-22.0,-76.0,48.0,353.0
-20.0,-76.0,48.0,353.0
-18.0,-76.0,48.0,353.0
-16.0,-76.0,48.0,353.0
-14.0,-76.0,48.0,353.0
-12.0,-76.0,48.0,155.0
-10.0,-76.0,48.0,155.0
-8.0,-76.0,48.0,155.0
0.0,-76.0,48.0,155.0
2.0,-76.0,48.0,515.0
4.0,-76.0,48.0,515.0
6.0,-76.0,48.0,515.0
8.0,-76.0,48.0,515.0
10.0,-76.0,48.0,186.0
12.0,-76.0,48.0,186.0
14.0,-76.0,48.0,135.0
16.0,-76.0,48.0,135.0
18.0,-76.0,48.0,135.0
20.0,-76.0,48.0,135.0
22.0,-76.0,48.0,135.0
24.0,-76.0,48.0,135.0
26.0,-76.0,48.0,135.0
28.0,-76.0,48.0,135.0
30.0,-76.0,48.0,254.0
32.0,-76.0,48.0,254.0
34.0,-76.0,48.0,254.0
36.0,-76.0,48.0,254.0
38.0,-76.0,48.0,254.0
40.0,-76.0,48.0,254.0
-40.0,-74.0,48.0,556.0
-38.0,-74.0,48.0,556.0
-36.0,-74.0,48.0,556.0
-34.0,-74.0,48.0,512.0
-32.0,-74.0,48.0,512.0
-30.0,-74.0,48.0,512.0
-28.0,-74.0,48.0,512.0
-26.0,-74.0,48.0,353.0
-24.0,-74.0,48.0,353.0
-22.0,-74.0,48.0,353.0
-20.0,-74.0,48.0,353.0
-18.0,-74.0,48.0,353.0
-16.0,-74.0,48.0,353.0
-14.0,-74.0,48.0,353.0
-12.0,-74.0,48.0,155.0
-10.0,-74.0,48.0,155.0
-8.0,-74.0,48.0,155.0
-6.0,-74.0,48.0,155.0
-4.0,-74.0,48.0,155.0
0.0,-74.0,48.0,155.0
2.0,-74.0,48.0,515.0
4.0,-74.0,48.0,515.0
6.0,-74.0,48.0,515.0
8.0,-74.0,48.0,515.0
10.0,-74.0,48.0,515.0
12.0,-74.0,48.0,186.0
14.0,-74.0,48.0,186.0
16.0,-74.0,48.0,135.0
18.0,-74.0,48.0,135.0
20.0,-74.0,48.0,135.0
22.0,-74.0,48.0,135.0
24.0,-74.0,48.0,135.0
26.0,-74.0,48.0,135.0
28.0,-74.0,48.0,88.0
30.0,-74.0,48.0,88.0
32.0,-74.0,48.0,88.0
34.0,-74.0,48.0,88.0
36.0,-74.0,48.0,88.0
38.0,-74.0,48.0,88.0
40.0,-74.0,48.0,88.0
-44.0,-72.0,48.0,556.0
-42.0,-72.0,48.0,556.0
-40.0,-72.0,48.0,556.0
-38.0,-72.0,48.0,556.0
-36.0,-72.0,48.0,512.0
-34.0,-72.0,48.0,512.0
-32.0,-72.0,48.0,512.0
-30.0,-72.0,48.0,512.0
-28.0,-72.0,48.0,512.0
-26.0,-72.0,48.0,512.0
-24.0,-72.0,48.0,353.0
-22.0,-72.0,48.0,353.0
-20.0,-72.0,48.0,353.0
-18.0,-72.0,48.0,353.0
-16.0,-72.0,48.0,353.0
-14.0,-72.0,48.0,353.0
-12.0,-72.0,48.0,155.0
-10.0,-72.0,48.0,155.0
-8.0,-72.0,48.0,155.0
-6.0,-72.0,48.0,155.0
-4.0,-72.0,48.0,155.0
0.0,-72.0,48.0,155.0
2.0,-72.0,48.0,515.0
4.0,-72.0,48.0,515.0
6.0,-72.0,48.0,515.0
8.0,-72.0,48.0,515.0
10.0,-72.0,48.0,515.0
12.0,-72.0,48.0,176.0
14.0,-72.0,48.0,186.0
16.0,-72.0,48.0,135.0
18.0,-72.0,48.0,135.0
20.0,-72.0,48.0,135.0
22.0,-72.0,48.0,135.0
24.0,-72.0,48.0,135.0
26.0,-72.0,48.0,88.0
28.0,-72.0,48.0,88.0
30.0,-72.0,48.0,88.0
32.0,-72.0,48.0,88.0
34.0,-72.0,48.0,88.0
36.0,-72.0,48.0,88.0
38.0,-72.0,48.0,88.0
40.0,-72.0,48.0,88.0
42.0,-72.0,48.0,88.0
44.0,-72.0,48.0,88.0
-46.0,-70.0,48.0,556.0
-44.0,-70.0,48.0,556.0
-42.0,-70.0,48.0,556.0
-40.0,-70.0,48.0,556.0
-38.0,-70.0,48.0,512.0
-36.0,-70.0,48.0,512.0
-34.0,-70.0,48.0,512.0
-32.0,-70.0,48.0,512.0
-30.0,-70.0,48.0,512.0
-28.0,-70.0,48.0,512.0
-26.0,-70.0,48.0,512.0
-24.0,-70.0,48.0,353.0
-22.0,-70.0,48.0,353.0
-20.0,-70.0,48.0,353.0
-18.0,-70.0,48.0,353.0
-16.0,-70.0,48.0,353.0
-14.0,-70.0,48.0,493.0
-12.0,-70.0,48.0,56.0
-10.0,-70.0,48.0,155.0
-8.0,-70.0,48.0,155.0
-6.0,-70.0,48.0,155.0
-4.0,-70.0,48.0,155.0
-2.0,-70.0,48.0,155.0
0.0,-70.0,48.0,155.0
2.0,-70.0,48.0,515.0
4.0,-70.0,48.0,515.0
6.0,-70.0,48.0,515.0
8.0,-70.0,48.0,515.0
10.0,-70.0,48.0,176.0
12.0,-70.0,48.0,176.0
14.0,-70.0,48.0,176.0
16.0,-70.0,48.0,580.0
18.0,-70.0,48.0,561.0
20.0,-70.0,48.0,561.0
22.0,-70.0,48.0,561.0
24.0,-70.0,48.0,561.0
26.0,-70.0,48.0,561.0
28.0,-70.0,48.0,88.0
30.0,-70.0,48.0,88.0
32.0,-70.0,48.0,88.0
34.0,-70.0,48.0,88.0
36.0,-70.0,48.0,88.0
38.0,-70.0,48.0,88.0
40.0,-70.0,48.0,88.0
42.0,-70.0,48.0,88.0
44.0,-70.0,48.0,88.0
46.0,-70.0,48.0,88.0
-48.0,-68.0,48.0,600.0
-46.0,-68.0,48.0,556.0
-44.0,-68.0,48.0,556.0
-42.0,-68.0,48.0,556.0
-40.0,-68.0,48.0,512.0
-38.0,-68.0,48.0,512.0
-36.0,-68.0,48.0,512.0
-34.0,-68.0,48.0,512.0
-32.0,-68.0,48.0,512.0
-30.0,-68.0,48.0,512.0
-28.0,-68.0,48.0,512.0
-26.0,-68.0,48.0,512.0
-24.0,-68.0,48.0,353.0
-22.0,-68.0,48.0,353.0
-20.0,-68.0,48.0,353.0
-18.0,-68.0,48.0,353.0
-16.0,-68.0,48.0,493.0
-14.0,-68.0,48.0,493.0
-12.0,-68.0,48.0,56.0
-10.0,-68.0,48.0,56.0
-8.0,-68.0,48.0,56.0
-6.0,-68.0,48.0,433.0
-4.0,-68.0,48.0,433.0
-2.0,-68.0,48.0,433.0
0.0,-68.0,48.0,433.0
2.0,-68.0,48.0,266.0
4.0,-68.0,48.0,266.0
6.0,-68.0,48.0,266.0
8.0,-68.0,48.0,266.0
10.0,-68.0,48.0,176.0
12.0,-68.0,48.0,176.0
14.0,-68.0,48.0,176.0
16.0,-68.0,48.0,580.0
18.0,-68.0,48.0,561.0
20.0,-68.0,48.0,561.0
22.0,-68.0,48.0,561.0
24.0,-68.0,48.0,561.0
26.0,-68.0,48.0,561.0
28.0,-68.0,48.0,88.0
30.0,-68.0,48.0,88.0
32.0,-68.0,48.0,88.0
34.0,-68.0,48.0,88.0
36.0,-68.0,48.0,88.0
38.0,-68.0,48.0,88.0
40.0,-68.0,48.0,88.0
42.0,-68.0,48.0,88.0
44.0,-68.0,48.0,88.0
46.0,-68.0,48.0,88.0
48.0,-68.0,48.0,88.0
-50.0,-66.0,48.0,600.0
-48.0,-66.0,48.0,600.0
-46.0,-66.0,48.0,599.0
-44.0,-66.0,48.0,411.0
-42.0,-66.0,48.0,411.0
-40.0,-66.0,48.0,512.0
-38.0,-66.0,48.0,512.0
-36.0,-66.0,48.0,512.0
-34.0,-66.0,48.0,512.0
-32.0,-66.0,48.0,512.0
-30.0,-66.0,48.0,512.0
-28.0,-66.0,48.0,512.0
-26.0,-66.0,48.0,512.0
-24.0,-66.0,48.0,346.0
-22.0,-66.0,48.0,353.0
-20.0,-66.0,48.0,353.0
-18.0,-66.0,48.0,493.0
-16.0,-66.0,48.0,493.0
-14.0,-66.0,48.0,493.0
-12.0,-66.0,48.0,56.0
-10.0,-66.0,48.0,56.0
-8.0,-66.0,48.0,56.0
-6.0,-66.0,48.0,433.0
-4.0,-66.0,48.0,433.0
-2.0,-66.0,48.0,433.0
0.0,-66.0,48.0,433.0
2.0,-66.0,48.0,266.0
4.0,-66.0,48.0,266.0
6.0,-66.0,48.0,266.0
8.0,-66.0,48.0,266.0
10.0,-66.0,48.0,176.0
14.0,-66.0,48.0,176.0
16.0,-66.0,48.0,561.0
18.0,-66.0,48.0,561.0
20.0,-66.0,48.0,561.0
22.0,-66.0,48.0,561.0
24.0,-66.0,48.0,561.0
26.0,-66.0,48.0,561.0
28.0,-66.0,48.0,88.0
30.0,-66.0,48.0,88.0
32.0,-66.0,48.0,88.0
34.0,-66.0,48.0,88.0
36.0,-66.0,48.0,88.0
38.0,-66.0,48.0,88.0
40.0,-66.0,48.0,88.0
42.0,-66.0,48.0,88.0
44.0,-66.0,48.0,88.0
46.0,-66.0,48.0,88.0
48.0,-66.0,48.0,387.0
50.0,-66.0,48.0,410.0
-50.0,-64.0,48.0,600.0
-48.0,-64.0,48.0,600.0
-46.0,-64.0,48.0,599.0
-44.0,-64.0,48.0,411.0
-42.0,-64.0,48.0,411.0
-40.0,-64.0,48.0,512.0
-38.0,-64.0,48.0,512.0
-36.0,-64.0,48.0,512.0
-34.0,-64.0,48.0,512.0
-32.0,-64.0,48.0,512.0
-30.0,-64.0,48.0,512.0
-28.0,-64.0,48.0,182.0
-26.0,-64.0,48.0,182.0
-24.0,-64.0,48.0,182.0
-22.0,-64.0,48.0,346.0
-20.0,-64.0,48.0,493.0
-18.0,-64.0,48.0,493.0
-16.0,-64.0,48.0,493.0
-14.0,-64.0,48.0,56.0
-12.0,-64.0,48.0,56.0
-10.0,-64.0,48.0,56.0
-8.0,-64.0,48.0,56.0
-6.0,-64.0,48.0,433.0
-4.0,-64.0,48.0,433.0
-2.0,-64.0,48.0,433.0
0.0,-64.0,48.0,433.0
2.0,-64.0,48.0,433.0
4.0,-64.0,48.0,266.0
6.0,-64.0,48.0,266.0
8.0,-64.0,48.0,266.0
16.0,-64.0,48.0,561.0
18.0,-64.0,48.0,561.0
20.0,-64.0,48.0,561.0
22.0,-64.0,48.0,561.0
24.0,-64.0,48.0,561.0
26.0,-64.0,48.0,561.0
28.0,-64.0,48.0,88.0
30.0,-64.0,48.0,88.0
32.0,-64.0,48.0,88.0
34.0,-64.0,48.0,88.0
36.0,-64.0,48.0,88.0
38.0,-64.0,48.0,88.0
40.0,-64.0,48.0,88.0
42.0,-64.0,48.0,88.0
44.0,-64.0,48.0,88.0
46.0,-64.0,48.0,387.0
48.0,-64.0,48.0,387.0
50.0,-64.0,48.0,410.0
-52.0,-62.0,48.0,600.0
-50.0,-62.0,48.0,600.0
-48.0,-62.0,48.0,599.0
-46.0,-62.0,48.0,599.0
-44.0,-62.0,48.0,599.0
-42.0,-62.0,48.0,411.0
-40.0,-62.0,48.0,411.0
-38.0,-62.0,48.0,512.0
-36.0,-62.0,48.0,512.0
-34.0,-62.0,48.0,512.0
-32.0,-62.0,48.0,182.0
-30.0,-62.0,48.0,182.0
-28.0,-62.0,48.0,182.0
-26.0,-62.0,48.0,182.0
-24.0,-62.0,48.0,182.0
-22.0,-62.0,48.0,182.0
-20.0,-62.0,48.0,493.0
-18.0,-62.0,48.0,493.0
-16.0,-62.0,48.0,493.0
-14.0,-62.0,48.0,56.0
-12.0,-62.0,48.0,56.0
-10.0,-62.0,48.0,56.0
-8.0,-62.0,48.0,56.0
-6.0,-62.0,48.0,433.0
-4.0,-62.0,48.0,433.0
-2.0,-62.0,48.0,433.0
0.0,-62.0,48.0,433.0
2.0,-62.0,48.0,433.0
4.0,-62.0,48.0,266.0
6.0,-62.0,48.0,266.0
8.0,-62.0,48.0,266.0
16.0,-62.0,48.0,561.0
18.0,-62.0,48.0,561.0
20.0,-62.0,48.0,561.0
22.0,-62.0,48.0,561.0
24.0,-62.0,48.0,561.0
26.0,-62.0,48.0,561.0
28.0,-62.0,48.0,501.0
30.0,-62.0,48.0,501.0
32.0,-62.0,48.0,88.0
34.0,-62.0,48.0,88.0
36.0,-62.0,48.0,88.0
38.0,-62.0,48.0,88.0
40.0,-62.0,48.0,88.0
42.0,-62.0,48.0,88.0
44.0,-62.0,48.0,387.0
46.0,-62.0,48.0,387.0
48.0,-62.0,48.0,410.0
50.0,-62.0,48.0,410.0
52.0,-62.0,48.0,410.0
-54.0,-60.0,48.0,600.0
-52.0,-60.0,48.0,600.0
-50.0,-60.0,48.0,600.0
-48.0,-60.0,48.0,599.0
-46.0,-60.0,48.0,599.0
-44.0,-60.0,48.0,599.0
-42.0,-60.0,48.0,411.0
-40.0,-60.0,48.0,411.0
-38.0,-60.0,48.0,77.0
-36.0,-60.0,48.0,77.0
-34.0,-60.0,48.0,77.0
-32.0,-60.0,48.0,77.0
-30.0,-60.0,48.0,182.0
-28.0,-60.0,48.0,182.0
-26.0,-60.0,48.0,182.0
-24.0,-60.0,48.0,182.0
-22.0,-60.0,48.0,182.0
-20.0,-60.0,48.0,182.0
-18.0,-60.0,48.0,493.0
-16.0,-60.0,48.0,493.0
-14.0,-60.0,48.0,56.0
-12.0,-60.0,48.0,56.0
-10.0,-60.0,48.0,56.0
-8.0,-60.0,48.0,56.0
-6.0,-60.0,48.0,433.0
-4.0,-60.0,48.0,433.0
-2.0,-60.0,48.0,433.0
0.0,-60.0,48.0,433.0
2.0,-60.0,48.0,433.0
4.0,-60.0,48.0,266.0
6.0,-60.0,48.0,266.0
8.0,-60.0,48.0,266.0
10.0,-60.0,48.0,389.0
16.0,-60.0,48.0,561.0
18.0,-60.0,48.0,561.0
20.0,-60.0,48.0,561.0
22.0,-60.0,48.0,561.0
24.0,-60.0,48.0,561.0
26.0,-60.0,48.0,501.0
28.0,-60.0,48.0,501.0
30.0,-60.0,48.0,402.0
32.0,-60.0,48.0,402.0
34.0,-60.0,48.0,83.0
36.0,-60.0,48.0,83.0
38.0,-60.0,48.0,83.0
40.0,-60.0,48.0,83.0
42.0,-60.0,48.0,83.0
44.0,-60.0,48.0,387.0
46.0,-60.0,48.0,410.0
48.0,-60.0,48.0,410.0
50.0,-60.0,48.0,410.0
52.0,-60.0,48.0,410.0
54.0,-60.0,48.0,410.0
-56.0,-58.0,48.0,600.0
-54.0,-58.0,48.0,600.0
-52.0,-58.0,48.0,600.0
-50.0,-58.0,48.0,599.0
-48.0,-58.0,48.0,599.0
-46.0,-58.0,48.0,599.0
-44.0,-58.0,48.0,599.0
-42.0,-58.0,48.0,599.0
-40.0,-58.0,48.0,411.0
-38.0,-58.0,48.0,77.0
-36.0,-58.0,48.0,77.0
-34.0,-58.0,48.0,77.0
-32.0,-58.0,48.0,77.0
-30.0,-58.0,48.0,77.0
-28.0,-58.0,48.0,77.0
-26.0,-58.0,48.0,182.0
-24.0,-58.0,48.0,182.0
-22.0,-58.0,48.0,182.0
-20.0,-58.0,48.0,182.0
-16.0,-58.0,48.0,56.0
-14.0,-58.0,48.0,56.0
-12.0,-58.0,48.0,56.0
-10.0,-58.0,48.0,56.0
-8.0,-58.0,48.0,56.0
-6.0,-58.0,48.0,433.0
-4.0,-58.0,48.0,433.0
-2.0,-58.0,48.0,433.0
0.0,-58.0,48.0,433.0
2.0,-58.0,48.0,433.0
4.0,-58.0,48.0,266.0
6.0,-58.0,48.0,266.0
8.0,-58.0,48.0,389.0
10.0,-58.0,48.0,389.0
12.0,-58.0,48.0,389.0
18.0,-58.0,48.0,561.0
20.0,-58.0,48.0,561.0
22.0,-58.0,48.0,561.0
24.0,-58.0,48.0,561.0
26.0,-58.0,48.0,501.0
28.0,-58.0,48.0,402.0
30.0,-58.0,48.0,402.0
32.0,-58.0,48.0,402.0
34.0,-58.0,48.0,83.0
36.0,-58.0,48.0,83.0
38.0,-58.0,48.0,83.0
40.0,-58.0,48.0,83.0
42.0,-58.0,48.0,83.0
44.0,-58.0,48.0,58.0
46.0,-58.0,48.0,410.0
48.0,-58.0,48.0,410.0
50.0,-58.0,48.0,410.0
52.0,-58.0,48.0,410.0
54.0,-58.0,48.0,410.0
-56.0,-56.0,48.0,600.0
-54.0,-56.0,48.0,600.0
-52.0,-56.0,48.0,600.0
-50.0,-56.0,48.0,599.0
-48.0,-56.0,48.0,599.0
-46.0,-56.0,48.0,599.0
-44.0,-56.0,48.0,599.0
-42.0,-56.0,48.0,599.0
-40.0,-56.0,48.0,73.0
-38.0,-56.0,48.0,77.0
-36.0,-56.0,48.0,77.0
-34.0,-56.0,48.0,77.0
-32.0,-56.0,48.0,77.0
-30.0,-56.0,48.0,77.0
-28.0,-56.0,48.0,77.0
-26.0,-56.0,48.0,77.0
-24.0,-56.0,48.0,182.0
-22.0,-56.0,48.0,182.0
-14.0,-56.0,48.0,56.0
-12.0,-56.0,48.0,56.0
-10.0,-56.0,48.0,56.0
-8.0,-56.0,48.0,56.0
-6.0,-56.0,48.0,433.0
-4.0,-56.0,48.0,433.0
-2.0,-56.0,48.0,433.0
0.0,-56.0,48.0,433.0
2.0,-56.0,48.0,433.0
4.0,-56.0,48.0,389.0
6.0,-56.0,48.0,389.0
8.0,-56.0,48.0,389.0
10.0,-56.0,48.0,389.0
12.0,-56.0,48.0,389.0
18.0,-56.0,48.0,561.0
20.0,-56.0,48.0,561.0
22.0,-56.0,48.0,561.0
24.0,-56.0,48.0,363.0
26.0,-56.0,48.0,402.0
28.0,-56.0,48.0,402.0
30.0,-56.0,48.0,402.0
32.0,-56.0,48.0,402.0
34.0,-56.0,48.0,83.0
36.0,-56.0,48.0,83.0
38.0,-56.0,48.0,83.0
40.0,-56.0,48.0,83.0
42.0,-56.0,48.0,83.0
44.0,-56.0,48.0,58.0
46.0,-56.0,48.0,410.0
48.0,-56.0,48.0,410.0
50.0,-56.0,48.0,410.0
52.0,-56.0,48.0,410.0
54.0,-56.0,48.0,410.0
56.0,-56.0,48.0,410.0
-58.0,-54.0,48.0,600.0
-56.0,-54.0,48.0,600.0
-54.0,-54.0,48.0,600.0
-52.0,-54.0,48.0,599.0
-50.0,-54.0,48.0,599.0
-48.0,-54.0,48.0,599.0
-46.0,-54.0,48.0,599.0
-44.0,-54.0,48.0,599.0
-42.0,-54.0,48.0,599.0
-40.0,-54.0,48.0,73.0
-38.0,-54.0,48.0,73.0
-36.0,-54.0,48.0,73.0
-34.0,-54.0,48.0,77.0
-32.0,-54.0,48.0,77.0
-30.0,-54.0,48.0,77.0
-28.0,-54.0,48.0,77.0
-26.0,-54.0,48.0,77.0
-24.0,-54.0,48.0,77.0
-14.0,-54.0,48.0,282.0
-12.0,-54.0,48.0,282.0
-10.0,-54.0,48.0,282.0
-8.0,-54.0,48.0,282.0
-6.0,-54.0,48.0,282.0
-4.0,-54.0,48.0,433.0
-2.0,-54.0,48.0,433.0
0.0,-54.0,48.0,433.0
2.0,-54.0,48.0,433.0
4.0,-54.0,48.0,598.0
6.0,-54.0,48.0,389.0
8.0,-54.0,48.0,389.0
10.0,-54.0,48.0,389.0
12.0,-54.0,48.0,389.0
20.0,-54.0,48.0,363.0
22.0,-54.0,48.0,363.0
24.0,-54.0,48.0,363.0
26.0,-54.0,48.0,363.0
28.0,-54.0,48.0,363.0
30.0,-54.0,48.0,402.0
32.0,-54.0,48.0,402.0
34.0,-54.0,48.0,83.0
36.0,-54.0,48.0,83.0
38.0,-54.0,48.0,83.0
40.0,-54.0,48.0,83.0
42.0,-54.0,48.0,83.0
44.0,-54.0,48.0,410.0
46.0,-54.0,48.0,410.0
48.0,-54.0,48.0,410.0
50.0,-54.0,48.0,410.0
52.0,-54.0,48.0,410.0
54.0,-54.0,48.0,410.0
56.0,-54.0,48.0,410.0
-58.0,-52.0,48.0,600.0
-56.0,-52.0,48.0,600.0
-54.0,-52.0,48.0,600.0
-52.0,-52.0,48.0,599.0
-50.0,-52.0,48.0,599.0
-48.0,-52.0,48.0,599.0
-46.0,-52.0,48.0,599.0
-44.0,-52.0,48.0,599.0
-42.0,-52.0,48.0,599.0
-40.0,-52.0,48.0,73.0
-38.0,-52.0,48.0,73.0
-36.0,-52.0,48.0,73.0
-34.0,-52.0,48.0,73.0
-32.0,-52.0,48.0,77.0
-30.0,-52.0,48.0,77.0
-28.0,-52.0,48.0,77.0
-26.0,-52.0,48.0,77.0
-14.0,-52.0,48.0,282.0
-12.0,-52.0,48.0,282.0
-10.0,-52.0,48.0,282.0
-8.0,-52.0,48.0,282.0
-6.0,-52.0,48.0,282.0
-4.0,-52.0,48.0,282.0
0.0,-52.0,48.0,598.0
2.0,-52.0,48.0,598.0
4.0,-52.0,48.0,598.0
6.0,-52.0,48.0,598.0
8.0,-52.0,48.0,598.0
10.0,-52.0,48.0,598.0
12.0,-52.0,48.0,389.0
28.0,-52.0,48.0,48.0
30.0,-52.0,48.0,48.0
32.0,-52.0,48.0,402.0
34.0,-52.0,48.0,83.0
36.0,-52.0,48.0,83.0
38.0,-52.0,48.0,83.0
40.0,-52.0,48.0,83.0
42.0,-52.0,48.0,446.0
44.0,-52.0,48.0,446.0
46.0,-52.0,48.0,410.0
48.0,-52.0,48.0,410.0
50.0,-52.0,48.0,410.0
52.0,-52.0,48.0,410.0
54.0,-52.0,48.0,410.0
56.0,-52.0,48.0,410.0
58.0,-52.0,48.0,410.0
-60.0,-50.0,48.0,322.0
-58.0,-50.0,48.0,322.0
-56.0,-50.0,48.0,600.0
-54.0,-50.0,48.0,599.0
-52.0,-50.0,48.0,599.0
-50.0,-50.0,48.0,599.0
-48.0,-50.0,48.0,599.0
-46.0,-50.0,48.0,599.0
-44.0,-50.0,48.0,549.0
-42.0,-50.0,48.0,549.0
-40.0,-50.0,48.0,73.0
-38.0,-50.0,48.0,73.0
-36.0,-50.0,48.0,73.0
-34.0,-50.0,48.0,73.0
-32.0,-50.0,48.0,73.0
-30.0,-50.0,48.0,73.0
-28.0,-50.0,48.0,77.0
-14.0,-50.0,48.0,282.0
-12.0,-50.0,48.0,282.0
-10.0,-50.0,48.0,282.0
-8.0,-50.0,48.0,282.0
-6.0,-50.0,48.0,282.0
-4.0,-50.0,48.0,282.0
0.0,-50.0,48.0,598.0
2.0,-50.0,48.0,598.0
4.0,-50.0,48.0,598.0
6.0,-50.0,48.0,598.0
8.0,-50.0,48.0,598.0
10.0,-50.0,48.0,598.0
12.0,-50.0,48.0,598.0
28.0,-50.0,48.0,48.0
30.0,-50.0,48.0,48.0
32.0,-50.0,48.0,48.0
34.0,-50.0,48.0,48.0
36.0,-50.0,48.0,83.0
38.0,-50.0,48.0,83.0
40.0,-50.0,48.0,446.0
42.0,-50.0,48.0,446.0
44.0,-50.0,48.0,446.0
46.0,-50.0,48.0,446.0
48.0,-50.0,48.0,410.0
50.0,-50.0,48.0,410.0
52.0,-50.0,48.0,410.0
54.0,-50.0,48.0,410.0
56.0,-50.0,48.0,593.0
58.0,-50.0,48.0,593.0
-60.0,-48.0,48.0,322.0
-58.0,-48.0,48.0,322.0
-56.0,-48.0,48.0,29.0
-54.0,-48.0,48.0,29.0
-52.0,-48.0,48.0,599.0
-50.0,-48.0,48.0,599.0
-48.0,-48.0,48.0,599.0
-46.0,-48.0,48.0,549.0
-44.0,-48.0,48.0,549.0
-42.0,-48.0,48.0,549.0
-40.0,-48.0,48.0,73.0
-38.0,-48.0,48.0,73.0
-36.0,-48.0,48.0,73.0
-34.0,-48.0,48.0,73.0
-32.0,-48.0,48.0,73.0
-30.0,-48.0,48.0,73.0
-28.0,-48.0,48.0,73.0
-16.0,-48.0,48.0,282.0
-14.0,-48.0,48.0,282.0
-12.0,-48.0,48.0,282.0
-10.0,-48.0,48.0,282.0
-8.0,-48.0,48.0,282.0
-6.0,-48.0,48.0,282.0
-4.0,-48.0,48.0,282.0
2.0,-48.0,48.0,598.0
4.0,-48.0,48.0,598.0
6.0,-48.0,48.0,598.0
8.0,-48.0,48.0,598.0
10.0,-48.0,48.0,598.0
12.0,-48.0,48.0,598.0
14.0,-48.0,48.0,48.0
28.0,-48.0,48.0,48.0
30.0,-48.0,48.0,48.0
32.0,-48.0,48.0,48.0
34.0,-48.0,48.0,48.0
36.0,-48.0,48.0,48.0
38.0,-48.0,48.0,446.0
40.0,-48.0,48.0,446.0
42.0,-48.0,48.0,446.0
44.0,-48.0,48.0,446.0
46.0,-48.0,48.0,446.0
48.0,-48.0,48.0,446.0
50.0,-48.0,48.0,206.0
52.0,-48.0,48.0,206.0
54.0,-48.0,48.0,593.0
56.0,-48.0,48.0,593.0
58.0,-48.0,48.0,593.0
-60.0,-46.0,48.0,322.0
-58.0,-46.0,48.0,29.0
-56.0,-46.0,48.0,29.0
-54.0,-46.0,48.0,29.0
-52.0,-46.0,48.0,29.0
-50.0,-46.0,48.0,29.0
-48.0,-46.0,48.0,576.0
-46.0,-46.0,48.0,549.0
-44.0,-46.0,48.0,549.0
-42.0,-46.0,48.0,549.0
-40.0,-46.0,48.0,549.0
-38.0,-46.0,48.0,73.0
-36.0,-46.0,48.0,73.0
-34.0,-46.0,48.0,73.0
-32.0,-46.0,48.0,73.0
-30.0,-46.0,48.0,73.0
-28.0,-46.0,48.0,33.0
-18.0,-46.0,48.0,282.0
-16.0,-46.0,48.0,282.0
-14.0,-46.0,48.0,282.0
-12.0,-46.0,48.0,282.0
-10.0,-46.0,48.0,282.0
-8.0,-46.0,48.0,282.0
-6.0,-46.0,48.0,282.0
-4.0,-46.0,48.0,282.0
0.0,-46.0,48.0,80.0
2.0,-46.0,48.0,80.0
4.0,-46.0,48.0,80.0
6.0,-46.0,48.0,80.0
8.0,-46.0,48.0,80.0
10.0,-46.0,48.0,80.0
12.0,-46.0,48.0,80.0
14.0,-46.0,48.0,80.0
16.0,-46.0,48.0,48.0
28.0,-46.0,48.0,48.0
30.0,-46.0,48.0,48.0
32.0,-46.0,48.0,48.0
34.0,-46.0,48.0,48.0
36.0,-46.0,48.0,446.0
38.0,-46.0,48.0,446.0
40.0,-46.0,48.0,446.0
42.0,-46.0,48.0,446.0
44.0,-46.0,48.0,446.0
46.0,-46.0,48.0,446.0
48.0,-46.0,48.0,206.0
50.0,-46.0,48.0,206.0
52.0,-46.0,48.0,206.0
54.0,-46.0,48.0,206.0
56.0,-46.0,48.0,593.0
58.0,-46.0,48.0,593.0
60.0,-46.0,48.0,593.0
-62.0,-44.0,48.0,322.0
-60.0,-44.0,48.0,322.0
-58.0,-44.0,48.0,29.0
-56.0,-44.0,48.0,29.0
-54.0,-44.0,48.0,29.0
-52.0,-44.0,48.0,29.0
-50.0,-44.0,48.0,576.0
-48.0,-44.0,48.0,576.0
-46.0,-44.0,48.0,576.0
-44.0,-44.0,48.0,549.0
-42.0,-44.0,48.0,549.0
-40.0,-44.0,48.0,549.0
-38.0,-44.0,48.0,73.0
-36.0,-44.0,48.0,73.0
-34.0,-44.0,48.0,73.0
-32.0,-44.0,48.0,73.0
-30.0,-44.0,48.0,33.0
-28.0,-44.0,48.0,33.0
-18.0,-44.0,48.0,282.0
-16.0,-44.0,48.0,282.0
-14.0,-44.0,48.0,282.0
-12.0,-44.0,48.0,282.0
-10.0,-44.0,48.0,282.0
-8.0,-44.0,48.0,282.0
-6.0,-44.0,48.0,282.0
-4.0,-44.0,48.0,282.0
-2.0,-44.0,48.0,199.0
0.0,-44.0,48.0,80.0
2.0,-44.0,48.0,80.0
4.0,-44.0,48.0,80.0
6.0,-44.0,48.0,80.0
8.0,-44.0,48.0,80.0
10.0,-44.0,48.0,80.0
12.0,-44.0,48.0,80.0
14.0,-44.0,48.0,80.0
16.0,-44.0,48.0,48.0
28.0,-44.0,48.0,48.0
30.0,-44.0,48.0,48.0
32.0,-44.0,48.0,48.0
34.0,-44.0,48.0,212.0
36.0,-44.0,48.0,212.0
38.0,-44.0,48.0,446.0
40.0,-44.0,48.0,446.0
42.0,-44.0,48.0,446.0
44.0,-44.0,48.0,446.0
46.0,-44.0,48.0,446.0
48.0,-44.0,48.0,206.0
50.0,-44.0,48.0,206.0
52.0,-44.0,48.0,206.0
54.0,-44.0,48.0,206.0
56.0,-44.0,48.0,593.0
58.0,-44.0,48.0,593.0
60.0,-44.0,48.0,593.0
-62.0,-42.0,48.0,322.0
-60.0,-42.0,48.0,322.0
-58.0,-42.0,48.0,29.0
-56.0,-42.0,48.0,29.0
-54.0,-42.0,48.0,29.0
-52.0,-42.0,48.0,29.0
-50.0,-42.0,48.0,576.0
-48.0,-42.0,48.0,576.0
-46.0,-42.0,48.0,576.0
-44.0,-42.0,48.0,576.0
-42.0,-42.0,48.0,549.0
-40.0,-42.0,48.0,549.0
-38.0,-42.0,48.0,549.0
-36.0,-42.0,48.0,73.0
-34.0,-42.0,48.0,33.0
-32.0,-42.0,48.0,33.0
-30.0,-42.0,48.0,33.0
-28.0,-42.0,48.0,33.0
-20.0,-42.0,48.0,33.0
-18.0,-42.0,48.0,282.0
-16.0,-42.0,48.0,282.0
-14.0,-42.0,48.0,282.0
-12.0,-42.0,48.0,282.0
-10.0,-42.0,48.0,282.0
-8.0,-42.0,48.0,282.0
-6.0,-42.0,48.0,282.0
-4.0,-42.0,48.0,199.0
-2.0,-42.0,48.0,199.0
2.0,-42.0,48.0,80.0
4.0,-42.0,48.0,80.0
6.0,-42.0,48.0,80.0
8.0,-42.0,48.0,80.0
10.0,-42.0,48.0,80.0
12.0,-42.0,48.0,80.0
14.0,-42.0,48.0,80.0
16.0,-42.0,48.0,48.0
18.0,-42.0,48.0,48.0
28.0,-42.0,48.0,48.0
30.0,-42.0,48.0,40.0
32.0,-42.0,48.0,40.0
34.0,-42.0,48.0,40.0
36.0,-42.0,48.0,212.0
38.0,-42.0,48.0,212.0
40.0,-42.0,48.0,446.0
42.0,-42.0,48.0,446.0
44.0,-42.0,48.0,446.0
46.0,-42.0,48.0,446.0
48.0,-42.0,48.0,206.0
50.0,-42.0,48.0,206.0
52.0,-42.0,48.0,206.0
54.0,-42.0,48.0,206.0
56.0,-42.0,48.0,206.0
58.0,-42.0,48.0,593.0
60.0,-42.0,48.0,593.0
-62.0,-40.0,48.0,322.0
-60.0,-40.0,48.0,29.0
-58.0,-40.0,48.0,29.0
-56.0,-40.0,48.0,29.0
-54.0,-40.0,48.0,29.0
-52.0,-40.0,48.0,29.0
-50.0,-40.0,48.0,576.0
-48.0,-40.0,48.0,576.0
-46.0,-40.0,48.0,576.0
-44.0,-40.0,48.0,576.0
-42.0,-40.0,48.0,576.0
-40.0,-40.0,48.0,549.0
-38.0,-40.0,48.0,549.0
-36.0,-40.0,48.0,33.0
-34.0,-40.0,48.0,33.0
-32.0,-40.0,48.0,33.0
-30.0,-40.0,48.0,33.0
-28.0,-40.0,48.0,33.0
-20.0,-40.0,48.0,511.0
-18.0,-40.0,48.0,511.0
-16.0,-40.0,48.0,511.0
-14.0,-40.0,48.0,511.0
-12.0,-40.0,48.0,511.0
-10.0,-40.0,48.0,511.0
-8.0,-40.0,48.0,511.0
-6.0,-40.0,48.0,199.0
-4.0,-40.0,48.0,199.0
-2.0,-40.0,48.0,168.0
0.0,-40.0,48.0,168.0
2.0,-40.0,48.0,168.0
4.0,-40.0,48.0,435.0
6.0,-40.0,48.0,435.0
8.0,-40.0,48.0,435.0
10.0,-40.0,48.0,435.0
12.0,-40.0,48.0,435.0
14.0,-40.0,48.0,435.0
16.0,-40.0,48.0,48.0
18.0,-40.0,48.0,48.0
30.0,-40.0,48.0,40.0
32.0,-40.0,48.0,40.0
34.0,-40.0,48.0,40.0
36.0,-40.0,48.0,40.0
38.0,-40.0,48.0,520.0
40.0,-40.0,48.0,446.0
42.0,-40.0,48.0,446.0
44.0,-40.0,48.0,446.0
46.0,-40.0,48.0,446.0
48.0,-40.0,48.0,206.0
50.0,-40.0,48.0,206.0
52.0,-40.0,48.0,206.0
54.0,-40.0,48.0,206.0
56.0,-40.0,48.0,206.0
58.0,-40.0,48.0,593.0
60.0,-40.0,48.0,593.0
62.0,-40.0,48.0,593.0
-62.0,-38.0,48.0,322.0
-60.0,-38.0,48.0,29.0
-58.0,-38.0,48.0,29.0
-56.0,-38.0,48.0,29.0
-54.0,-38.0,48.0,29.0
-52.0,-38.0,48.0,29.0
-50.0,-38.0,48.0,576.0
-48.0,-38.0,48.0,576.0
-46.0,-38.0,48.0,576.0
-44.0,-38.0,48.0,576.0
-42.0,-38.0,48.0,576.0
-40.0,-38.0,48.0,576.0
-38.0,-38.0,48.0,46.0
-36.0,-38.0,48.0,33.0
-34.0,-38.0,48.0,33.0
-32.0,-38.0,48.0,33.0
-30.0,-38.0,48.0,33.0
-28.0,-38.0,48.0,33.0
-20.0,-38.0,48.0,511.0
-18.0,-38.0,48.0,511.0
-16.0,-38.0,48.0,511.0
-14.0,-38.0,48.0,511.0
-12.0,-38.0,48.0,511.0
-10.0,-38.0,48.0,511.0
-8.0,-38.0,48.0,511.0
-6.0,-38.0,48.0,511.0
-4.0,-38.0,48.0,168.0
-2.0,-38.0,48.0,168.0
0.0,-38.0,48.0,168.0
2.0,-38.0,48.0,168.0
4.0,-38.0,48.0,168.0
6.0,-38.0,48.0,168.0
8.0,-38.0,48.0,435.0
10.0,-38.0,48.0,435.0
12.0,-38.0,48.0,435.0
14.0,-38.0,48.0,435.0
16.0,-38.0,48.0,435.0
18.0,-38.0,48.0,48.0
30.0,-38.0,48.0,40.0
32.0,-38.0,48.0,40.0
34.0,-38.0,48.0,40.0
36.0,-38.0,48.0,520.0
38.0,-38.0,48.0,520.0
40.0,-38.0,48.0,520.0
42.0,-38.0,48.0,520.0
44.0,-38.0,48.0,446.0
46.0,-38.0,48.0,206.0
48.0,-38.0,48.0,206.0
50.0,-38.0,48.0,206.0
52.0,-38.0,48.0,206.0
54.0,-38.0,48.0,206.0
56.0,-38.0,48.0,206.0
58.0,-38.0,48.0,206.0
60.0,-38.0,48.0,74.0
62.0,-38.0,48.0,74.0
-62.0,-36.0,48.0,322.0
-60.0,-36.0,48.0,29.0
-58.0,-36.0,48.0,29.0
-56.0,-36.0,48.0,29.0
-54.0,-36.0,48.0,29.0
-52.0,-36.0,48.0,29.0
-50.0,-36.0,48.0,576.0
-48.0,-36.0,48.0,576.0
-46.0,-36.0,48.0,576.0
-44.0,-36.0,48.0,576.0
-42.0,-36.0,48.0,576.0
-40.0,-36.0,48.0,576.0
-38.0,-36.0,48.0,46.0
-36.0,-36.0,48.0,46.0
-34.0,-36.0,48.0,33.0
-32.0,-36.0,48.0,33.0
-30.0,-36.0,48.0,33.0
-28.0,-36.0,48.0,33.0
-18.0,-36.0,48.0,511.0
-16.0,-36.0,48.0,511.0
-14.0,-36.0,48.0,511.0
-12.0,-36.0,48.0,511.0
-10.0,-36.0,48.0,511.0
-8.0,-36.0,48.0,511.0
-6.0,-36.0,48.0,168.0
-4.0,-36.0,48.0,168.0
-2.0,-36.0,48.0,168.0
0.0,-36.0,48.0,168.0
2.0,-36.0,48.0,168.0
4.0,-36.0,48.0,168.0
6.0,-36.0,48.0,168.0
8.0,-36.0,48.0,168.0
10.0,-36.0,48.0,168.0
12.0,-36.0,48.0,435.0
14.0,-36.0,48.0,435.0
16.0,-36.0,48.0,532.0
18.0,-36.0,48.0,40.0
32.0,-36.0,48.0,40.0
34.0,-36.0,48.0,520.0
36.0,-36.0,48.0,520.0
38.0,-36.0,48.0,520.0
40.0,-36.0,48.0,520.0
42.0,-36.0,48.0,520.0
44.0,-36.0,48.0,520.0
46.0,-36.0,48.0,260.0
48.0,-36.0,48.0,206.0
50.0,-36.0,48.0,8.0
52.0,-36.0,48.0,8.0
54.0,-36.0,48.0,8.0
56.0,-36.0,48.0,8.0
58.0,-36.0,48.0,8.0
60.0,-36.0,48.0,74.0
62.0,-36.0,48.0,74.0
-64.0,-34.0,48.0,322.0
-62.0,-34.0,48.0,29.0
-60.0,-34.0,48.0,29.0
-58.0,-34.0,48.0,29.0
-56.0,-34.0,48.0,29.0
-54.0,-34.0,48.0,29.0
-52.0,-34.0,48.0,576.0
-50.0,-34.0,48.0,576.0
-48.0,-34.0,48.0,576.0
-46.0,-34.0,48.0,576.0
-44.0,-34.0,48.0,576.0
-42.0,-34.0,48.0,576.0
-40.0,-34.0,48.0,576.0
-38.0,-34.0,48.0,46.0
-36.0,-34.0,48.0,46.0
-34.0,-34.0,48.0,33.0
-32.0,-34.0,48.0,33.0
-30.0,-34.0,48.0,33.0
-18.0,-34.0,48.0,511.0
-16.0,-34.0,48.0,511.0
-14.0,-34.0,48.0,511.0
-12.0,-34.0,48.0,511.0
-10.0,-34.0,48.0,511.0
-8.0,-34.0,48.0,511.0
-6.0,-34.0,48.0,168.0
-4.0,-34.0,48.0,168.0
-2.0,-34.0,48.0,168.0
0.0,-34.0,48.0,168.0
2.0,-34.0,48.0,168.0
4.0,-34.0,48.0,168.0
6.0,-34.0,48.0,168.0
8.0,-34.0,48.0,168.0
10.0,-34.0,48.0,168.0
12.0,-34.0,48.0,168.0
14.0,-34.0,48.0,532.0
16.0,-34.0,48.0,532.0
32.0,-34.0,48.0,520.0
34.0,-34.0,48.0,520.0
36.0,-34.0,48.0,520.0
38.0,-34.0,48.0,520.0
40.0,-34.0,48.0,520.0
42.0,-34.0,48.0,520.0
44.0,-34.0,48.0,520.0
46.0,-34.0,48.0,260.0
48.0,-34.0,48.0,375.0
50.0,-34.0,48.0,375.0
52.0,-34.0,48.0,8.0
54.0,-34.0,48.0,8.0
56.0,-34.0,48.0,8.0
58.0,-34.0,48.0,8.0
60.0,-34.0,48.0,74.0
62.0,-34.0,48.0,74.0
-64.0,-32.0,48.0,322.0
-62.0,-32.0,48.0,29.0
-60.0,-32.0,48.0,29.0
-58.0,-32.0,48.0,29.0
-56.0,-32.0,48.0,29.0
-54.0,-32.0,48.0,29.0
-52.0,-32.0,48.0,576.0
-50.0,-32.0,48.0,576.0
-48.0,-32.0,48.0,576.0
-46.0,-32.0,48.0,576.0
-44.0,-32.0,48.0,576.0
-42.0,-32.0,48.0,576.0
-40.0,-32.0,48.0,46.0
-38.0,-32.0,48.0,46.0
-36.0,-32.0,48.0,46.0
-34.0,-32.0,48.0,33.0
-32.0,-32.0,48.0,33.0
-18.0,-32.0,48.0,511.0
-16.0,-32.0,48.0,511.0
-14.0,-32.0,48.0,511.0
-12.0,-32.0,48.0,511.0
-10.0,-32.0,48.0,511.0
-8.0,-32.0,48.0,511.0
-6.0,-32.0,48.0,168.0
-4.0,-32.0,48.0,168.0
0.0,-32.0,48.0,168.0
2.0,-32.0,48.0,168.0
4.0,-32.0,48.0,168.0
6.0,-32.0,48.0,168.0
8.0,-32.0,48.0,168.0
10.0,-32.0,48.0,168.0
12.0,-32.0,48.0,168.0
14.0,-32.0,48.0,532.0
16.0,-32.0,48.0,532.0
34.0,-32.0,48.0,520.0
36.0,-32.0,48.0,520.0
38.0,-32.0,48.0,520.0
40.0,-32.0,48.0,520.0
42.0,-32.0,48.0,520.0
44.0,-32.0,48.0,472.0
46.0,-32.0,48.0,260.0
48.0,-32.0,48.0,375.0
50.0,-32.0,48.0,375.0
52.0,-32.0,48.0,375.0
54.0,-32.0,48.0,8.0
56.0,-32.0,48.0,8.0
58.0,-32.0,48.0,8.0
60.0,-32.0,48.0,8.0
62.0,-32.0,48.0,74.0
-64.0,-30.0,48.0,322.0
-62.0,-30.0,48.0,29.0
-60.0,-30.0,48.0,29.0
-58.0,-30.0,48.0,29.0
-56.0,-30.0,48.0,29.0
-54.0,-30.0,48.0,29.0
-52.0,-30.0,48.0,576.0
-50.0,-30.0,48.0,576.0
-48.0,-30.0,48.0,576.0
-46.0,-30.0,48.0,576.0
-44.0,-30.0,48.0,576.0
-42.0,-30.0,48.0,576.0
-40.0,-30.0,48.0,46.0
-38.0,-30.0,48.0,46.0
-36.0,-30.0,48.0,46.0
-34.0,-30.0,48.0,46.0
-18.0,-30.0,48.0,511.0
-16.0,-30.0,48.0,511.0
-14.0,-30.0,48.0,511.0
-12.0,-30.0,48.0,511.0
-10.0,-30.0,48.0,511.0
-8.0,-30.0,48.0,168.0
-6.0,-30.0,48.0,168.0
-4.0,-30.0,48.0,168.0
2.0,-30.0,48.0,168.0
4.0,-30.0,48.0,168.0
6.0,-30.0,48.0,168.0
8.0,-30.0,48.0,168.0
10.0,-30.0,48.0,168.0
12.0,-30.0,48.0,532.0
14.0,-30.0,48.0,532.0
16.0,-30.0,48.0,532.0
38.0,-30.0,48.0,520.0
40.0,-30.0,48.0,520.0
42.0,-30.0,48.0,472.0
44.0,-30.0,48.0,472.0
46.0,-30.0,48.0,260.0
48.0,-30.0,48.0,375.0
50.0,-30.0,48.0,375.0
52.0,-30.0,48.0,375.0
54.0,-30.0,48.0,375.0
56.0,-30.0,48.0,8.0
58.0,-30.0,48.0,8.0
60.0,-30.0,48.0,8.0
62.0,-30.0,48.0,8.0
-64.0,-28.0,48.0,29.0
-62.0,-28.0,48.0,29.0
-60.0,-28.0,48.0,29.0
-58.0,-28.0,48.0,29.0
-56.0,-28.0,48.0,29.0
-54.0,-28.0,48.0,29.0
-52.0,-28.0,48.0,576.0
-50.0,-28.0,48.0,576.0
-48.0,-28.0,48.0,576.0
-46.0,-28.0,48.0,576.0
-44.0,-28.0,48.0,576.0
-42.0,-28.0,48.0,576.0
-40.0,-28.0,48.0,46.0
-38.0,-28.0,48.0,46.0
-16.0,-28.0,48.0,511.0
-14.0,-28.0,48.0,511.0
-12.0,-28.0,48.0,511.0
-10.0,-28.0,48.0,511.0
-8.0,-28.0,48.0,168.0
-6.0,-28.0,48.0,168.0
-4.0,-28.0,48.0,168.0
-2.0,-28.0,48.0,168.0
2.0,-28.0,48.0,168.0
4.0,-28.0,48.0,168.0
6.0,-28.0,48.0,168.0
8.0,-28.0,48.0,168.0
10.0,-28.0,48.0,168.0
12.0,-28.0,48.0,532.0
14.0,-28.0,48.0,532.0
40.0,-28.0,48.0,472.0
42.0,-28.0,48.0,472.0
44.0,-28.0,48.0,472.0
46.0,-28.0,48.0,472.0
48.0,-28.0,48.0,375.0
50.0,-28.0,48.0,375.0
52.0,-28.0,48.0,375.0
54.0,-28.0,48.0,375.0
56.0,-28.0,48.0,375.0
58.0,-28.0,48.0,8.0
60.0,-28.0,48.0,8.0
62.0,-28.0,48.0,8.0
-64.0,-26.0,48.0,29.0
-62.0,-26.0,48.0,29.0
-60.0,-26.0,48.0,29.0
-58.0,-26.0,48.0,29.0
-56.0,-26.0,48.0,29.0
-54.0,-26.0,48.0,428.0
-52.0,-26.0,48.0,428.0
-50.0,-26.0,48.0,428.0
-48.0,-26.0,48.0,428.0
-46.0,-26.0,48.0,428.0
-44.0,-26.0,48.0,428.0
-42.0,-26.0,48.0,428.0
-40.0,-26.0,48.0,428.0
-16.0,-26.0,48.0,511.0
-14.0,-26.0,48.0,511.0
-12.0,-26.0,48.0,511.0
-10.0,-26.0,48.0,511.0
-8.0,-26.0,48.0,168.0
-6.0,-26.0,48.0,168.0
-4.0,-26.0,48.0,168.0
-2.0,-26.0,48.0,168.0
2.0,-26.0,48.0,168.0
4.0,-26.0,48.0,168.0
6.0,-26.0,48.0,168.0
8.0,-26.0,48.0,168.0
10.0,-26.0,48.0,532.0
12.0,-26.0,48.0,532.0
14.0,-26.0,48.0,532.0
42.0,-26.0,48.0,472.0
44.0,-26.0,48.0,472.0
46.0,-26.0,48.0,472.0
48.0,-26.0,48.0,375.0
50.0,-26.0,48.0,375.0
52.0,-26.0,48.0,375.0
54.0,-26.0,48.0,375.0
56.0,-26.0,48.0,375.0
58.0,-26.0,48.0,375.0
60.0,-26.0,48.0,8.0
62.0,-26.0,48.0,8.0
-64.0,-24.0,48.0,29.0
-62.0,-24.0,48.0,29.0
-60.0,-24.0,48.0,29.0
-58.0,-24.0,48.0,428.0
-56.0,-24.0,48.0,428.0
-54.0,-24.0,48.0,428.0
-52.0,-24.0,48.0,428.0
-50.0,-24.0,48.0,428.0
-48.0,-24.0,48.0,428.0
-46.0,-24.0,48.0,428.0
-44.0,-24.0,48.0,428.0
-16.0,-24.0,48.0,511.0
-14.0,-24.0,48.0,511.0
-12.0,-24.0,48.0,511.0
-10.0,-24.0,48.0,511.0
-8.0,-24.0,48.0,168.0
-6.0,-24.0,48.0,168.0
-4.0,-24.0,48.0,168.0
-2.0,-24.0,48.0,168.0
2.0,-24.0,48.0,168.0
4.0,-24.0,48.0,168.0
6.0,-24.0,48.0,168.0
8.0,-24.0,48.0,168.0
10.0,-24.0,48.0,532.0
12.0,-24.0,48.0,532.0
14.0,-24.0,48.0,532.0
44.0,-24.0,48.0,43.0
46.0,-24.0,48.0,43.0
48.0,-24.0,48.0,43.0
50.0,-24.0,48.0,375.0
52.0,-24.0,48.0,375.0
54.0,-24.0,48.0,375.0
56.0,-24.0,48.0,375.0
58.0,-24.0,48.0,375.0
60.0,-24.0,48.0,375.0
62.0,-24.0,48.0,8.0
-64.0,-22.0,48.0,447.0
-62.0,-22.0,48.0,428.0
-60.0,-22.0,48.0,428.0
-58.0,-22.0,48.0,428.0
-56.0,-22.0,48.0,428.0
-54.0,-22.0,48.0,428.0
-52.0,-22.0,48.0,428.0
-50.0,-22.0,48.0,428.0
-48.0,-22.0,48.0,428.0
-46.0,-22.0,48.0,428.0
-14.0,-22.0,48.0,511.0
-12.0,-22.0,48.0,511.0
-10.0,-22.0,48.0,542.0
-8.0,-22.0,48.0,542.0
-6.0,-22.0,48.0,542.0
-4.0,-22.0,48.0,542.0
-2.0,-22.0,48.0,542.0
2.0,-22.0,48.0,542.0
4.0,-22.0,48.0,542.0
6.0,-22.0,48.0,542.0
8.0,-22.0,48.0,532.0
10.0,-22.0,48.0,532.0
12.0,-22.0,48.0,532.0
32.0,-22.0,48.0,508.0
44.0,-22.0,48.0,43.0
46.0,-22.0,48.0,43.0
48.0,-22.0,48.0,43.0
50.0,-22.0,48.0,375.0
52.0,-22.0,48.0,375.0
54.0,-22.0,48.0,375.0
56.0,-22.0,48.0,375.0
58.0,-22.0,48.0,375.0
60.0,-22.0,48.0,375.0
-62.0,-20.0,48.0,428.0
-60.0,-20.0,48.0,428.0
-58.0,-20.0,48.0,428.0
-56.0,-20.0,48.0,428.0
-54.0,-20.0,48.0,428.0
-52.0,-20.0,48.0,428.0
-50.0,-20.0,48.0,428.0
-48.0,-20.0,48.0,428.0
-14.0,-20.0,48.0,511.0
-12.0,-20.0,48.0,145.0
-10.0,-20.0,48.0,145.0
-8.0,-20.0,48.0,542.0
-6.0,-20.0,48.0,542.0
-4.0,-20.0,48.0,542.0
2.0,-20.0,48.0,542.0
4.0,-20.0,48.0,542.0
6.0,-20.0,48.0,499.0
8.0,-20.0,48.0,499.0
10.0,-20.0,48.0,499.0
12.0,-20.0,48.0,532.0
32.0,-20.0,48.0,508.0
34.0,-20.0,48.0,398.0
36.0,-20.0,48.0,398.0
42.0,-20.0,48.0,43.0
44.0,-20.0,48.0,43.0
46.0,-20.0,48.0,43.0
48.0,-20.0,48.0,43.0
50.0,-20.0,48.0,95.0
52.0,-20.0,48.0,375.0
54.0,-20.0,48.0,375.0
56.0,-20.0,48.0,375.0
58.0,-20.0,48.0,375.0
-62.0,-18.0,48.0,428.0
-60.0,-18.0,48.0,428.0
-58.0,-18.0,48.0,428.0
-56.0,-18.0,48.0,428.0
-54.0,-18.0,48.0,428.0
-52.0,-18.0,48.0,428.0
-50.0,-18.0,48.0,428.0
-14.0,-18.0,48.0,145.0
-12.0,-18.0,48.0,145.0
-10.0,-18.0,48.0,145.0
-8.0,-18.0,48.0,145.0
-6.0,-18.0,48.0,145.0
-4.0,-18.0,48.0,145.0
0.0,-18.0,48.0,145.0
2.0,-18.0,48.0,145.0
4.0,-18.0,48.0,499.0
6.0,-18.0,48.0,499.0
8.0,-18.0,48.0,499.0
10.0,-18.0,48.0,499.0
32.0,-18.0,48.0,508.0
34.0,-18.0,48.0,398.0
36.0,-18.0,48.0,398.0
38.0,-18.0,48.0,398.0
40.0,-18.0,48.0,398.0
42.0,-18.0,48.0,398.0
44.0,-18.0,48.0,95.0
46.0,-18.0,48.0,95.0
48.0,-18.0,48.0,95.0
50.0,-18.0,48.0,95.0
52.0,-18.0,48.0,95.0
54.0,-18.0,48.0,95.0
56.0,-18.0,48.0,95.0
58.0,-18.0,48.0,95.0
60.0,-18.0,48.0,375.0
-62.0,-16.0,48.0,428.0
-60.0,-16.0,48.0,428.0
-58.0,-16.0,48.0,428.0
-56.0,-16.0,48.0,428.0
-54.0,-16.0,48.0,428.0
-40.0,-16.0,48.0,428.0
-38.0,-16.0,48.0,428.0
-36.0,-16.0,48.0,428.0
-14.0,-16.0,48.0,145.0
-12.0,-16.0,48.0,145.0
-10.0,-16.0,48.0,145.0
-8.0,-16.0,48.0,145.0
-6.0,-16.0,48.0,145.0
-4.0,-16.0,48.0,145.0
-2.0,-16.0,48.0,145.0
0.0,-16.0,48.0,145.0
2.0,-16.0,48.0,145.0
4.0,-16.0,48.0,145.0
6.0,-16.0,48.0,499.0
8.0,-16.0,48.0,499.0
10.0,-16.0,48.0,499.0
34.0,-16.0,48.0,398.0
36.0,-16.0,48.0,398.0
38.0,-16.0,48.0,398.0
40.0,-16.0,48.0,398.0
42.0,-16.0,48.0,398.0
44.0,-16.0,48.0,95.0
46.0,-16.0,48.0,95.0
48.0,-16.0,48.0,95.0
50.0,-16.0,48.0,95.0
52.0,-16.0,48.0,95.0
54.0,-16.0,48.0,95.0
56.0,-16.0,48.0,95.0
58.0,-16.0,48.0,95.0
60.0,-16.0,48.0,76.0
-60.0,-14.0,48.0,428.0
-58.0,-14.0,48.0,428.0
-50.0,-14.0,48.0,428.0
-48.0,-14.0,48.0,428.0
-46.0,-14.0,48.0,428.0
-44.0,-14.0,48.0,428.0
-42.0,-14.0,48.0,428.0
-40.0,-14.0,48.0,428.0
-38.0,-14.0,48.0,428.0
-14.0,-14.0,48.0,408.0
-12.0,-14.0,48.0,145.0
-10.0,-14.0,48.0,145.0
-8.0,-14.0,48.0,145.0
-6.0,-14.0,48.0,145.0
-4.0,-14.0,48.0,145.0
-2.0,-14.0,48.0,145.0
0.0,-14.0,48.0,145.0
2.0,-14.0,48.0,145.0
4.0,-14.0,48.0,145.0
6.0,-14.0,48.0,235.0
8.0,-14.0,48.0,235.0
10.0,-14.0,48.0,235.0
12.0,-14.0,48.0,235.0
36.0,-14.0,48.0,398.0
38.0,-14.0,48.0,398.0
40.0,-14.0,48.0,398.0
42.0,-14.0,48.0,398.0
44.0,-14.0,48.0,95.0
46.0,-14.0,48.0,95.0
48.0,-14.0,48.0,95.0
50.0,-14.0,48.0,95.0
52.0,-14.0,48.0,95.0
54.0,-14.0,48.0,95.0
56.0,-14.0,48.0,95.0
58.0,-14.0,48.0,76.0
-60.0,-12.0,48.0,428.0
-56.0,-12.0,48.0,428.0
-52.0,-12.0,48.0,428.0
-50.0,-12.0,48.0,428.0
-48.0,-12.0,48.0,428.0
-46.0,-12.0,48.0,428.0
-44.0,-12.0,48.0,428.0
-42.0,-12.0,48.0,428.0
-40.0,-12.0,48.0,428.0
-38.0,-12.0,48.0,428.0
-14.0,-12.0,48.0,408.0
-12.0,-12.0,48.0,408.0
-10.0,-12.0,48.0,145.0
-8.0,-12.0,48.0,145.0
-6.0,-12.0,48.0,145.0
-4.0,-12.0,48.0,145.0
-2.0,-12.0,48.0,145.0
0.0,-12.0,48.0,145.0
2.0,-12.0,48.0,145.0
4.0,-12.0,48.0,145.0
6.0,-12.0,48.0,235.0
8.0,-12.0,48.0,235.0
10.0,-12.0,48.0,235.0
12.0,-12.0,48.0,235.0
24.0,-12.0,48.0,508.0
26.0,-12.0,48.0,508.0
28.0,-12.0,48.0,508.0
30.0,-12.0,48.0,508.0
32.0,-12.0,48.0,508.0
40.0,-12.0,48.0,398.0
42.0,-12.0,48.0,398.0
44.0,-12.0,48.0,95.0
46.0,-12.0,48.0,95.0
48.0,-12.0,48.0,95.0
50.0,-12.0,48.0,95.0
52.0,-12.0,48.0,95.0
54.0,-12.0,48.0,95.0
56.0,-12.0,48.0,76.0
58.0,-12.0,48.0,76.0
-58.0,-10.0,48.0,428.0
-56.0,-10.0,48.0,428.0
-54.0,-10.0,48.0,428.0
-52.0,-10.0,48.0,428.0
-50.0,-10.0,48.0,428.0
-48.0,-10.0,48.0,428.0
-46.0,-10.0,48.0,428.0
-44.0,-10.0,48.0,428.0
-42.0,-10.0,48.0,428.0
-40.0,-10.0,48.0,438.0
-38.0,-10.0,48.0,438.0
-36.0,-10.0,48.0,202.0
-34.0,-10.0,48.0,202.0
-32.0,-10.0,48.0,202.0
-30.0,-10.0,48.0,202.0
-28.0,-10.0,48.0,202.0
-26.0,-10.0,48.0,202.0
-14.0,-10.0,48.0,408.0
-12.0,-10.0,48.0,408.0
-10.0,-10.0,48.0,145.0
-8.0,-10.0,48.0,145.0
-6.0,-10.0,48.0,145.0
-4.0,-10.0,48.0,145.0
-2.0,-10.0,48.0,145.0
0.0,-10.0,48.0,145.0
2.0,-10.0,48.0,145.0
4.0,-10.0,48.0,145.0
6.0,-10.0,48.0,235.0
8.0,-10.0,48.0,235.0
10.0,-10.0,48.0,235.0
12.0,-10.0,48.0,235.0
24.0,-10.0,48.0,343.0
26.0,-10.0,48.0,343.0
28.0,-10.0,48.0,508.0
30.0,-10.0,48.0,508.0
32.0,-10.0,48.0,508.0
34.0,-10.0,48.0,508.0
36.0,-10.0,48.0,398.0
38.0,-10.0,48.0,398.0
40.0,-10.0,48.0,398.0
42.0,-10.0,48.0,95.0
44.0,-10.0,48.0,95.0
46.0,-10.0,48.0,95.0
48.0,-10.0,48.0,95.0
50.0,-10.0,48.0,95.0
52.0,-10.0,48.0,95.0
54.0,-10.0,48.0,76.0
56.0,-10.0,48.0,76.0
58.0,-10.0,48.0,76.0
-58.0,-8.0,48.0,180.0
-56.0,-8.0,48.0,428.0
-54.0,-8.0,48.0,428.0
-52.0,-8.0,48.0,428.0
-50.0,-8.0,48.0,438.0
-48.0,-8.0,48.0,438.0
-46.0,-8.0,48.0,438.0
-44.0,-8.0,48.0,438.0
-42.0,-8.0,48.0,438.0
-40.0,-8.0,48.0,438.0
-38.0,-8.0,48.0,438.0
-36.0,-8.0,48.0,438.0
-34.0,-8.0,48.0,202.0
-32.0,-8.0,48.0,202.0
-30.0,-8.0,48.0,202.0
-28.0,-8.0,48.0,202.0
-26.0,-8.0,48.0,202.0
-24.0,-8.0,48.0,202.0
-12.0,-8.0,48.0,408.0
-10.0,-8.0,48.0,408.0
-8.0,-8.0,48.0,145.0
-6.0,-8.0,48.0,145.0
-4.0,-8.0,48.0,145.0
-2.0,-8.0,48.0,145.0
0.0,-8.0,48.0,145.0
2.0,-8.0,48.0,145.0
4.0,-8.0,48.0,235.0
6.0,-8.0,48.0,235.0
8.0,-8.0,48.0,235.0
10.0,-8.0,48.0,235.0
12.0,-8.0,48.0,235.0
24.0,-8.0,48.0,343.0
26.0,-8.0,48.0,343.0
28.0,-8.0,48.0,343.0
30.0,-8.0,48.0,343.0
32.0,-8.0,48.0,343.0
34.0,-8.0,48.0,343.0
36.0,-8.0,48.0,343.0
38.0,-8.0,48.0,398.0
40.0,-8.0,48.0,398.0
42.0,-8.0,48.0,95.0
44.0,-8.0,48.0,95.0
46.0,-8.0,48.0,95.0
48.0,-8.0,48.0,95.0
50.0,-8.0,48.0,76.0
52.0,-8.0,48.0,76.0
54.0,-8.0,48.0,76.0
56.0,-8.0,48.0,76.0
-58.0,-6.0,48.0,180.0
-56.0,-6.0,48.0,180.0
-54.0,-6.0,48.0,180.0
-52.0,-6.0,48.0,438.0
-50.0,-6.0,48.0,438.0
-48.0,-6.0,48.0,438.0
-46.0,-6.0,48.0,438.0
-44.0,-6.0,48.0,438.0
-42.0,-6.0,48.0,438.0
-40.0,-6.0,48.0,438.0
-38.0,-6.0,48.0,438.0
-36.0,-6.0,48.0,438.0
-34.0,-6.0,48.0,202.0
-32.0,-6.0,48.0,202.0
-30.0,-6.0,48.0,202.0
-28.0,-6.0,48.0,202.0
-26.0,-6.0,48.0,202.0
-24.0,-6.0,48.0,202.0
-12.0,-6.0,48.0,408.0
-10.0,-6.0,48.0,408.0
-8.0,-6.0,48.0,408.0
-6.0,-6.0,48.0,145.0
-4.0,-6.0,48.0,145.0
-2.0,-6.0,48.0,145.0
0.0,-6.0,48.0,145.0
2.0,-6.0,48.0,145.0
4.0,-6.0,48.0,235.0
6.0,-6.0,48.0,235.0
8.0,-6.0,48.0,235.0
10.0,-6.0,48.0,235.0
12.0,-6.0,48.0,235.0
24.0,-6.0,48.0,343.0
26.0,-6.0,48.0,343.0
28.0,-6.0,48.0,343.0
30.0,-6.0,48.0,343.0
32.0,-6.0,48.0,343.0
34.0,-6.0,48.0,343.0
36.0,-6.0,48.0,343.0
38.0,-6.0,48.0,343.0
40.0,-6.0,48.0,398.0
42.0,-6.0,48.0,95.0
44.0,-6.0,48.0,95.0
46.0,-6.0,48.0,95.0
48.0,-6.0,48.0,76.0
50.0,-6.0,48.0,76.0
52.0,-6.0,48.0,76.0
54.0,-6.0,48.0,76.0
56.0,-6.0,48.0,76.0
-58.0,-4.0,48.0,180.0
-56.0,-4.0,48.0,180.0
-54.0,-4.0,48.0,180.0
-52.0,-4.0,48.0,438.0
-50.0,-4.0,48.0,438.0
-48.0,-4.0,48.0,438.0
-46.0,-4.0,48.0,438.0
-44.0,-4.0,48.0,438.0
-42.0,-4.0,48.0,438.0
-40.0,-4.0,48.0,438.0
-38.0,-4.0,48.0,438.0
-36.0,-4.0,48.0,438.0
-34.0,-4.0,48.0,438.0
-32.0,-4.0,48.0,202.0
-30.0,-4.0,48.0,202.0
-28.0,-4.0,48.0,202.0
-26.0,-4.0,48.0,202.0
-24.0,-4.0,48.0,202.0
-14.0,-4.0,48.0,408.0
-12.0,-4.0,48.0,408.0
-10.0,-4.0,48.0,408.0
-8.0,-4.0,48.0,408.0
-6.0,-4.0,48.0,408.0
-4.0,-4.0,48.0,145.0
-2.0,-4.0,48.0,145.0
2.0,-4.0,48.0,145.0
4.0,-4.0,48.0,235.0
6.0,-4.0,48.0,235.0
8.0,-4.0,48.0,235.0
10.0,-4.0,48.0,235.0
12.0,-4.0,48.0,235.0
26.0,-4.0,48.0,343.0
28.0,-4.0,48.0,343.0
30.0,-4.0,48.0,343.0
32.0,-4.0,48.0,343.0
34.0,-4.0,48.0,343.0
36.0,-4.0,48.0,343.0
38.0,-4.0,48.0,227.0
40.0,-4.0,48.0,227.0
42.0,-4.0,48.0,95.0
44.0,-4.0,48.0,95.0
46.0,-4.0,48.0,76.0
48.0,-4.0,48.0,76.0
50.0,-4.0,48.0,76.0
52.0,-4.0,48.0,76.0
54.0,-4.0,48.0,76.0
56.0,-4.0,48.0,76.0
-58.0,-2.0,48.0,180.0
-56.0,-2.0,48.0,180.0
-54.0,-2.0,48.0,180.0
-52.0,-2.0,48.0,180.0
-50.0,-2.0,48.0,438.0
-48.0,-2.0,48.0,438.0
-46.0,-2.0,48.0,438.0
-44.0,-2.0,48.0,438.0
-42.0,-2.0,48.0,438.0
-40.0,-2.0,48.0,438.0
-38.0,-2.0,48.0,438.0
-36.0,-2.0,48.0,438.0
-34.0,-2.0,48.0,438.0
-32.0,-2.0,48.0,202.0
-30.0,-2.0,48.0,202.0
-28.0,-2.0,48.0,202.0
-26.0,-2.0,48.0,202.0
-24.0,-2.0,48.0,202.0
-14.0,-2.0,48.0,408.0
-12.0,-2.0,48.0,408.0
-10.0,-2.0,48.0,408.0
-8.0,-2.0,48.0,408.0
-6.0,-2.0,48.0,408.0
-4.0,-2.0,48.0,145.0
-2.0,-2.0,48.0,145.0
2.0,-2.0,48.0,145.0
4.0,-2.0,48.0,235.0
6.0,-2.0,48.0,235.0
8.0,-2.0,48.0,235.0
10.0,-2.0,48.0,235.0
12.0,-2.0,48.0,235.0
32.0,-2.0,48.0,343.0
34.0,-2.0,48.0,227.0
36.0,-2.0,48.0,227.0
38.0,-2.0,48.0,227.0
40.0,-2.0,48.0,533.0
42.0,-2.0,48.0,533.0
44.0,-2.0,48.0,533.0
46.0,-2.0,48.0,76.0
48.0,-2.0,48.0,76.0
50.0,-2.0,48.0,76.0
52.0,-2.0,48.0,76.0
54.0,-2.0,48.0,76.0
56.0,-2.0,48.0,76.0
-56.0,-0.0,48.0,180.0
-54.0,-0.0,48.0,180.0
-52.0,-0.0,48.0,180.0
-50.0,-0.0,48.0,438.0
-48.0,-0.0,48.0,438.0
-46.0,-0.0,48.0,438.0
-44.0,-0.0,48.0,438.0
-42.0,-0.0,48.0,438.0
-40.0,-0.0,48.0,438.0
-38.0,-0.0,48.0,438.0
-32.0,-0.0,48.0,333.0
-30.0,-0.0,48.0,202.0
-28.0,-0.0,48.0,202.0
-26.0,-0.0,48.0,202.0
-24.0,-0.0,48.0,202.0
-14.0,-0.0,48.0,555.0
-12.0,-0.0,48.0,408.0
-10.0,-0.0,48.0,408.0
-8.0,-0.0,48.0,408.0
-6.0,-0.0,48.0,408.0
-4.0,-0.0,48.0,408.0
2.0,-0.0,48.0,145.0
4.0,-0.0,48.0,235.0
6.0,-0.0,48.0,235.0
8.0,-0.0,48.0,235.0
10.0,-0.0,48.0,235.0
12.0,-0.0,48.0,235.0
22.0,-0.0,48.0,343.0
24.0,-0.0,48.0,343.0
26.0,-0.0,48.0,343.0
38.0,-0.0,48.0,227.0
40.0,-0.0,48.0,533.0
42.0,-0.0,48.0,533.0
44.0,-0.0,48.0,533.0
46.0,-0.0,48.0,76.0
48.0,-0.0,48.0,76.0
50.0,-0.0,48.0,76.0
52.0,-0.0,48.0,76.0
54.0,-0.0,48.0,76.0
-56.0,2.0,48.0,539.0
-54.0,2.0,48.0,539.0
-52.0,2.0,48.0,180.0
-50.0,2.0,48.0,180.0
-48.0,2.0,48.0,438.0
-46.0,2.0,48.0,438.0
-44.0,2.0,48.0,438.0
-42.0,2.0,48.0,438.0
-40.0,2.0,48.0,438.0
-38.0,2.0,48.0,438.0
-32.0,2.0,48.0,333.0
-30.0,2.0,48.0,333.0
-28.0,2.0,48.0,333.0
-26.0,2.0,48.0,333.0
-24.0,2.0,48.0,202.0
-14.0,2.0,48.0,555.0
-12.0,2.0,48.0,555.0
-10.0,2.0,48.0,408.0
-8.0,2.0,48.0,408.0
-6.0,2.0,48.0,408.0
-4.0,2.0,48.0,408.0
2.0,2.0,48.0,9.0
4.0,2.0,48.0,259.0
6.0,2.0,48.0,259.0
8.0,2.0,48.0,259.0
10.0,2.0,48.0,259.0
22.0,2.0,48.0,343.0
24.0,2.0,48.0,343.0
26.0,2.0,48.0,227.0
28.0,2.0,48.0,227.0
30.0,2.0,48.0,227.0
38.0,2.0,48.0,533.0
40.0,2.0,48.0,533.0
42.0,2.0,48.0,533.0
44.0,2.0,48.0,533.0
46.0,2.0,48.0,533.0
48.0,2.0,48.0,76.0
50.0,2.0,48.0,76.0
52.0,2.0,48.0,76.0
54.0,2.0,48.0,76.0
-56.0,4.0,48.0,539.0
-54.0,4.0,48.0,539.0
-52.0,4.0,48.0,439.0
-50.0,4.0,48.0,439.0
-48.0,4.0,48.0,439.0
-46.0,4.0,48.0,439.0
-44.0,4.0,48.0,438.0
-42.0,4.0,48.0,438.0
-40.0,4.0,48.0,438.0
-38.0,4.0,48.0,438.0
-32.0,4.0,48.0,333.0
-30.0,4.0,48.0,333.0
-28.0,4.0,48.0,333.0
-26.0,4.0,48.0,333.0
-24.0,4.0,48.0,333.0
-22.0,4.0,48.0,555.0
-14.0,4.0,48.0,555.0
-12.0,4.0,48.0,555.0
-10.0,4.0,48.0,555.0
-8.0,4.0,48.0,408.0
-6.0,4.0,48.0,9.0
-4.0,4.0,48.0,9.0
2.0,4.0,48.0,9.0
4.0,4.0,48.0,9.0
6.0,4.0,48.0,259.0
8.0,4.0,48.0,259.0
10.0,4.0,48.0,259.0
22.0,4.0,48.0,227.0
24.0,4.0,48.0,227.0
26.0,4.0,48.0,227.0
28.0,4.0,48.0,227.0
30.0,4.0,48.0,227.0
38.0,4.0,48.0,533.0
40.0,4.0,48.0,533.0
42.0,4.0,48.0,533.0
44.0,4.0,48.0,533.0
46.0,4.0,48.0,533.0
48.0,4.0,48.0,445.0
50.0,4.0,48.0,76.0
52.0,4.0,48.0,76.0
54.0,4.0,48.0,76.0
-54.0,6.0,48.0,539.0
-52.0,6.0,48.0,439.0
-50.0,6.0,48.0,439.0
-48.0,6.0,48.0,439.0
-46.0,6.0,48.0,439.0
-44.0,6.0,48.0,439.0
-42.0,6.0,48.0,439.0
-40.0,6.0,48.0,438.0
-38.0,6.0,48.0,438.0
-30.0,6.0,48.0,333.0
-28.0,6.0,48.0,333.0
-26.0,6.0,48.0,333.0
-24.0,6.0,48.0,333.0
-22.0,6.0,48.0,555.0
-12.0,6.0,48.0,555.0
-10.0,6.0,48.0,555.0
-8.0,6.0,48.0,9.0
-6.0,6.0,48.0,9.0
-4.0,6.0,48.0,9.0
-2.0,6.0,48.0,9.0
2.0,6.0,48.0,9.0
4.0,6.0,48.0,9.0
6.0,6.0,48.0,9.0
8.0,6.0,48.0,563.0
10.0,6.0,48.0,259.0
12.0,6.0,48.0,259.0
22.0,6.0,48.0,22.0
24.0,6.0,48.0,227.0
26.0,6.0,48.0,227.0
28.0,6.0,48.0,227.0
30.0,6.0,48.0,227.0
32.0,6.0,48.0,227.0
38.0,6.0,48.0,533.0
40.0,6.0,48.0,533.0
42.0,6.0,48.0,533.0
44.0,6.0,48.0,533.0
46.0,6.0,48.0,445.0
48.0,6.0,48.0,445.0
50.0,6.0,48.0,445.0
52.0,6.0,48.0,445.0
-54.0,8.0,48.0,539.0
-52.0,8.0,48.0,439.0
-50.0,8.0,48.0,439.0
-48.0,8.0,48.0,439.0
-46.0,8.0,48.0,439.0
-44.0,8.0,48.0,439.0
-42.0,8.0,48.0,439.0
-40.0,8.0,48.0,439.0
-38.0,8.0,48.0,439.0
-30.0,8.0,48.0,333.0
-28.0,8.0,48.0,333.0
-26.0,8.0,48.0,333.0
-24.0,8.0,48.0,333.0
-22.0,8.0,48.0,555.0
-12.0,8.0,48.0,555.0
-10.0,8.0,48.0,9.0
-8.0,8.0,48.0,9.0
-6.0,8.0,48.0,9.0
-4.0,8.0,48.0,9.0
-2.0,8.0,48.0,9.0
2.0,8.0,48.0,9.0
4.0,8.0,48.0,9.0
6.0,8.0,48.0,9.0
8.0,8.0,48.0,9.0
10.0,8.0,48.0,563.0
12.0,8.0,48.0,259.0
24.0,8.0,48.0,22.0
26.0,8.0,48.0,227.0
28.0,8.0,48.0,227.0
30.0,8.0,48.0,227.0
32.0,8.0,48.0,227.0
34.0,8.0,48.0,227.0
38.0,8.0,48.0,533.0
40.0,8.0,48.0,533.0
42.0,8.0,48.0,533.0
44.0,8.0,48.0,403.0
46.0,8.0,48.0,445.0
48.0,8.0,48.0,445.0
50.0,8.0,48.0,445.0
52.0,8.0,48.0,445.0
-52.0,10.0,48.0,439.0
-50.0,10.0,48.0,439.0
-48.0,10.0,48.0,439.0
-46.0,10.0,48.0,439.0
-44.0,10.0,48.0,439.0
-42.0,10.0,48.0,439.0
-40.0,10.0,48.0,439.0
-38.0,10.0,48.0,439.0
-32.0,10.0,48.0,333.0
-30.0,10.0,48.0,333.0
-28.0,10.0,48.0,333.0
-26.0,10.0,48.0,78.0
-24.0,10.0,48.0,78.0
-22.0,10.0,48.0,78.0
-12.0,10.0,48.0,9.0
-10.0,10.0,48.0,9.0
-8.0,10.0,48.0,9.0
-6.0,10.0,48.0,9.0
-4.0,10.0,48.0,9.0
-2.0,10.0,48.0,9.0
0.0,10.0,48.0,9.0
2.0,10.0,48.0,9.0
4.0,10.0,48.0,9.0
6.0,10.0,48.0,9.0
8.0,10.0,48.0,9.0
10.0,10.0,48.0,563.0
12.0,10.0,48.0,563.0
22.0,10.0,48.0,63.0
24.0,10.0,48.0,22.0
26.0,10.0,48.0,22.0
28.0,10.0,48.0,227.0
30.0,10.0,48.0,227.0
32.0,10.0,48.0,227.0
34.0,10.0,48.0,470.0
36.0,10.0,48.0,470.0
42.0,10.0,48.0,470.0
44.0,10.0,48.0,403.0
46.0,10.0,48.0,445.0
48.0,10.0,48.0,445.0
50.0,10.0,48.0,445.0
52.0,10.0,48.0,445.0
-52.0,12.0,48.0,439.0
-50.0,12.0,48.0,439.0
-48.0,12.0,48.0,439.0
-46.0,12.0,48.0,439.0
-44.0,12.0,48.0,439.0
-42.0,12.0,48.0,439.0
-40.0,12.0,48.0,439.0
-38.0,12.0,48.0,439.0
-36.0,12.0,48.0,308.0
-30.0,12.0,48.0,78.0
-28.0,12.0,48.0,78.0
-26.0,12.0,48.0,78.0
-24.0,12.0,48.0,78.0
-22.0,12.0,48.0,78.0
-10.0,12.0,48.0,9.0
-8.0,12.0,48.0,9.0
-6.0,12.0,48.0,9.0
-4.0,12.0,48.0,9.0
-2.0,12.0,48.0,9.0
0.0,12.0,48.0,9.0
2.0,12.0,48.0,9.0
4.0,12.0,48.0,9.0
6.0,12.0,48.0,9.0
8.0,12.0,48.0,9.0
10.0,12.0,48.0,9.0
20.0,12.0,48.0,63.0
22.0,12.0,48.0,63.0
24.0,12.0,48.0,63.0
26.0,12.0,48.0,22.0
28.0,12.0,48.0,22.0
30.0,12.0,48.0,470.0
32.0,12.0,48.0,470.0
34.0,12.0,48.0,470.0
36.0,12.0,48.0,470.0
38.0,12.0,48.0,470.0
44.0,12.0,48.0,445.0
46.0,12.0,48.0,445.0
48.0,12.0,48.0,445.0
50.0,12.0,48.0,445.0
-52.0,14.0,48.0,439.0
-50.0,14.0,48.0,439.0
-48.0,14.0,48.0,439.0
-46.0,14.0,48.0,439.0
-44.0,14.0,48.0,439.0
-42.0,14.0,48.0,439.0
-40.0,14.0,48.0,439.0
-38.0,14.0,48.0,439.0
-36.0,14.0,48.0,54.0
-34.0,14.0,48.0,308.0
-32.0,14.0,48.0,308.0
-30.0,14.0,48.0,78.0
-28.0,14.0,48.0,78.0
-26.0,14.0,48.0,78.0
-24.0,14.0,48.0,78.0
-22.0,14.0,48.0,78.0
-12.0,14.0,48.0,200.0
-10.0,14.0,48.0,9.0
-8.0,14.0,48.0,9.0
-6.0,14.0,48.0,9.0
-4.0,14.0,48.0,9.0
-2.0,14.0,48.0,9.0
0.0,14.0,48.0,9.0
2.0,14.0,48.0,9.0
4.0,14.0,48.0,9.0
6.0,14.0,48.0,9.0
8.0,14.0,48.0,9.0
20.0,14.0,48.0,63.0
22.0,14.0,48.0,63.0
24.0,14.0,48.0,63.0
26.0,14.0,48.0,63.0
28.0,14.0,48.0,470.0
30.0,14.0,48.0,470.0
32.0,14.0,48.0,470.0
34.0,14.0,48.0,470.0
36.0,14.0,48.0,470.0
38.0,14.0,48.0,470.0
40.0,14.0,48.0,470.0
42.0,14.0,48.0,470.0
44.0,14.0,48.0,445.0
46.0,14.0,48.0,445.0
48.0,14.0,48.0,445.0
50.0,14.0,48.0,445.0
-52.0,16.0,48.0,439.0
-50.0,16.0,48.0,439.0
-48.0,16.0,48.0,439.0
-46.0,16.0,48.0,439.0
-44.0,16.0,48.0,439.0
-42.0,16.0,48.0,439.0
-40.0,16.0,48.0,54.0
-38.0,16.0,48.0,54.0
-36.0,16.0,48.0,54.0
-34.0,16.0,48.0,54.0
-32.0,16.0,48.0,308.0
-30.0,16.0,48.0,78.0
-28.0,16.0,48.0,78.0
-26.0,16.0,48.0,78.0
-24.0,16.0,48.0,78.0
-22.0,16.0,48.0,78.0
-20.0,16.0,48.0,78.0
-10.0,16.0,48.0,200.0
-8.0,16.0,48.0,9.0
-6.0,16.0,48.0,9.0
-4.0,16.0,48.0,9.0
-2.0,16.0,48.0,9.0
0.0,16.0,48.0,9.0
2.0,16.0,48.0,9.0
4.0,16.0,48.0,9.0
6.0,16.0,48.0,9.0
8.0,16.0,48.0,9.0
18.0,16.0,48.0,63.0
20.0,16.0,48.0,63.0
22.0,16.0,48.0,63.0
24.0,16.0,48.0,63.0
26.0,16.0,48.0,63.0
28.0,16.0,48.0,470.0
30.0,16.0,48.0,470.0
32.0,16.0,48.0,470.0
34.0,16.0,48.0,470.0
36.0,16.0,48.0,470.0
38.0,16.0,48.0,470.0
40.0,16.0,48.0,470.0
42.0,16.0,48.0,470.0
44.0,16.0,48.0,445.0
46.0,16.0,48.0,445.0
48.0,16.0,48.0,445.0
50.0,16.0,48.0,445.0
-50.0,18.0,48.0,439.0
-48.0,18.0,48.0,439.0
-46.0,18.0,48.0,439.0
-44.0,18.0,48.0,439.0
-42.0,18.0,48.0,54.0
-40.0,18.0,48.0,54.0
-38.0,18.0,48.0,54.0
-36.0,18.0,48.0,54.0
-34.0,18.0,48.0,54.0
-32.0,18.0,48.0,1.0
-30.0,18.0,48.0,78.0
-28.0,18.0,48.0,78.0
-26.0,18.0,48.0,78.0
-24.0,18.0,48.0,78.0
-22.0,18.0,48.0,78.0
-20.0,18.0,48.0,78.0
-8.0,18.0,48.0,9.0
-6.0,18.0,48.0,9.0
-4.0,18.0,48.0,9.0
-2.0,18.0,48.0,9.0
0.0,18.0,48.0,9.0
2.0,18.0,48.0,9.0
4.0,18.0,48.0,9.0
6.0,18.0,48.0,9.0
8.0,18.0,48.0,9.0
10.0,18.0,48.0,9.0
18.0,18.0,48.0,63.0
20.0,18.0,48.0,63.0
22.0,18.0,48.0,63.0
24.0,18.0,48.0,63.0
26.0,18.0,48.0,63.0
28.0,18.0,48.0,470.0
30.0,18.0,48.0,470.0
32.0,18.0,48.0,470.0
38.0,18.0,48.0,470.0
40.0,18.0,48.0,470.0
42.0,18.0,48.0,470.0
44.0,18.0,48.0,445.0
46.0,18.0,48.0,445.0
48.0,18.0,48.0,445.0
-50.0,20.0,48.0,439.0
-48.0,20.0,48.0,439.0
-46.0,20.0,48.0,439.0
-44.0,20.0,48.0,54.0
-42.0,20.0,48.0,54.0
-40.0,20.0,48.0,54.0
-38.0,20.0,48.0,54.0
-36.0,20.0,48.0,54.0
-34.0,20.0,48.0,54.0
-32.0,20.0,48.0,1.0
-30.0,20.0,48.0,78.0
-28.0,20.0,48.0,78.0
-26.0,20.0,48.0,78.0
-24.0,20.0,48.0,78.0
-22.0,20.0,48.0,78.0
-20.0,20.0,48.0,78.0
-8.0,20.0,48.0,217.0
-6.0,20.0,48.0,217.0
-4.0,20.0,48.0,9.0
-2.0,20.0,48.0,9.0
0.0,20.0,48.0,9.0
2.0,20.0,48.0,9.0
4.0,20.0,48.0,9.0
6.0,20.0,48.0,9.0
8.0,20.0,48.0,9.0
10.0,20.0,48.0,63.0
18.0,20.0,48.0,63.0
20.0,20.0,48.0,63.0
22.0,20.0,48.0,63.0
24.0,20.0,48.0,63.0
26.0,20.0,48.0,63.0
28.0,20.0,48.0,167.0
30.0,20.0,48.0,167.0
32.0,20.0,48.0,470.0
34.0,20.0,48.0,470.0
36.0,20.0,48.0,470.0
38.0,20.0,48.0,470.0
40.0,20.0,48.0,470.0
42.0,20.0,48.0,470.0
44.0,20.0,48.0,445.0
46.0,20.0,48.0,445.0
-48.0,22.0,48.0,170.0
-46.0,22.0,48.0,54.0
-44.0,22.0,48.0,54.0
-42.0,22.0,48.0,54.0
-40.0,22.0,48.0,54.0
-38.0,22.0,48.0,54.0
-36.0,22.0,48.0,54.0
-34.0,22.0,48.0,1.0
-32.0,22.0,48.0,1.0
-30.0,22.0,48.0,1.0
-28.0,22.0,48.0,78.0
-26.0,22.0,48.0,78.0
-24.0,22.0,48.0,78.0
-22.0,22.0,48.0,453.0
-20.0,22.0,48.0,453.0
-8.0,22.0,48.0,217.0
-6.0,22.0,48.0,217.0
-4.0,22.0,48.0,217.0
-2.0,22.0,48.0,217.0
0.0,22.0,48.0,217.0
2.0,22.0,48.0,217.0
4.0,22.0,48.0,217.0
6.0,22.0,48.0,217.0
8.0,22.0,48.0,255.0
10.0,22.0,48.0,255.0
16.0,22.0,48.0,63.0
18.0,22.0,48.0,63.0
20.0,22.0,48.0,63.0
22.0,22.0,48.0,63.0
24.0,22.0,48.0,63.0
26.0,22.0,48.0,167.0
30.0,22.0,48.0,167.0
32.0,22.0,48.0,167.0
34.0,22.0,48.0,167.0
36.0,22.0,48.0,470.0
38.0,22.0,48.0,470.0
40.0,22.0,48.0,470.0
42.0,22.0,48.0,470.0
44.0,22.0,48.0,445.0
46.0,22.0,48.0,445.0
-46.0,24.0,48.0,170.0
-44.0,24.0,48.0,54.0
-42.0,24.0,48.0,54.0
-40.0,24.0,48.0,54.0
-38.0,24.0,48.0,54.0
-36.0,24.0,48.0,54.0
-34.0,24.0,48.0,1.0
-32.0,24.0,48.0,1.0
-30.0,24.0,48.0,1.0
-28.0,24.0,48.0,78.0
-26.0,24.0,48.0,453.0
-24.0,24.0,48.0,453.0
-22.0,24.0,48.0,453.0
-20.0,24.0,48.0,453.0
-10.0,24.0,48.0,217.0
-8.0,24.0,48.0,217.0
-6.0,24.0,48.0,217.0
-4.0,24.0,48.0,217.0
-2.0,24.0,48.0,217.0
2.0,24.0,48.0,217.0
4.0,24.0,48.0,217.0
6.0,24.0,48.0,217.0
8.0,24.0,48.0,255.0
10.0,24.0,48.0,255.0
16.0,24.0,48.0,63.0
18.0,24.0,48.0,63.0
20.0,24.0,48.0,63.0
22.0,24.0,48.0,317.0
24.0,24.0,48.0,317.0
26.0,24.0,48.0,167.0
28.0,24.0,48.0,167.0
30.0,24.0,48.0,167.0
32.0,24.0,48.0,167.0
34.0,24.0,48.0,167.0
36.0,24.0,48.0,167.0
38.0,24.0,48.0,470.0
40.0,24.0,48.0,470.0
42.0,24.0,48.0,470.0
44.0,24.0,48.0,445.0
-44.0,26.0,48.0,368.0
-42.0,26.0,48.0,54.0
-40.0,26.0,48.0,54.0
-38.0,26.0,48.0,54.0
-36.0,26.0,48.0,1.0
-34.0,26.0,48.0,1.0
-32.0,26.0,48.0,1.0
-30.0,26.0,48.0,1.0
-28.0,26.0,48.0,453.0
-26.0,26.0,48.0,453.0
-24.0,26.0,48.0,453.0
-22.0,26.0,48.0,453.0
-20.0,26.0,48.0,453.0
-18.0,26.0,48.0,453.0
-10.0,26.0,48.0,217.0
-8.0,26.0,48.0,217.0
-6.0,26.0,48.0,217.0
-4.0,26.0,48.0,217.0
2.0,26.0,48.0,217.0
4.0,26.0,48.0,217.0
6.0,26.0,48.0,217.0
8.0,26.0,48.0,255.0
10.0,26.0,48.0,255.0
16.0,26.0,48.0,63.0
18.0,26.0,48.0,317.0
20.0,26.0,48.0,317.0
22.0,26.0,48.0,317.0
24.0,26.0,48.0,317.0
26.0,26.0,48.0,317.0
28.0,26.0,48.0,167.0
30.0,26.0,48.0,167.0
32.0,26.0,48.0,167.0
34.0,26.0,48.0,167.0
36.0,26.0,48.0,167.0
38.0,26.0,48.0,167.0
40.0,26.0,48.0,167.0
42.0,26.0,48.0,470.0
-42.0,28.0,48.0,368.0
-40.0,28.0,48.0,368.0
-38.0,28.0,48.0,54.0
-36.0,28.0,48.0,1.0
-34.0,28.0,48.0,1.0
-32.0,28.0,48.0,1.0
-30.0,28.0,48.0,1.0
-28.0,28.0,48.0,453.0
-26.0,28.0,48.0,453.0
-24.0,28.0,48.0,453.0
-22.0,28.0,48.0,453.0
-20.0,28.0,48.0,453.0
-18.0,28.0,48.0,453.0
-16.0,28.0,48.0,453.0
-10.0,28.0,48.0,217.0
-8.0,28.0,48.0,217.0
-6.0,28.0,48.0,217.0
-4.0,28.0,48.0,217.0
2.0,28.0,48.0,217.0
4.0,28.0,48.0,217.0
6.0,28.0,48.0,255.0
8.0,28.0,48.0,255.0
10.0,28.0,48.0,255.0
18.0,28.0,48.0,317.0
20.0,28.0,48.0,317.0
22.0,28.0,48.0,317.0
24.0,28.0,48.0,317.0
26.0,28.0,48.0,317.0
28.0,28.0,48.0,317.0
30.0,28.0,48.0,167.0
32.0,28.0,48.0,167.0
34.0,28.0,48.0,167.0
36.0,28.0,48.0,167.0
38.0,28.0,48.0,167.0
40.0,28.0,48.0,167.0
-42.0,30.0,48.0,368.0
-40.0,30.0,48.0,368.0
-38.0,30.0,48.0,368.0
-36.0,30.0,48.0,1.0
-34.0,30.0,48.0,1.0
-32.0,30.0,48.0,1.0
-30.0,30.0,48.0,1.0
-28.0,30.0,48.0,453.0
-26.0,30.0,48.0,453.0
-24.0,30.0,48.0,453.0
-22.0,30.0,48.0,453.0
-20.0,30.0,48.0,453.0
-18.0,30.0,48.0,453.0
-16.0,30.0,48.0,453.0
-10.0,30.0,48.0,217.0
-8.0,30.0,48.0,217.0
-6.0,30.0,48.0,217.0
-4.0,30.0,48.0,217.0
4.0,30.0,48.0,217.0
6.0,30.0,48.0,255.0
8.0,30.0,48.0,255.0
10.0,30.0,48.0,255.0
18.0,30.0,48.0,317.0
20.0,30.0,48.0,317.0
22.0,30.0,48.0,317.0
24.0,30.0,48.0,317.0
26.0,30.0,48.0,317.0
28.0,30.0,48.0,317.0
30.0,30.0,48.0,317.0
32.0,30.0,48.0,167.0
34.0,30.0,48.0,167.0
36.0,30.0,48.0,167.0
38.0,30.0,48.0,167.0
-40.0,32.0,48.0,368.0
-38.0,32.0,48.0,368.0
-36.0,32.0,48.0,368.0
-34.0,32.0,48.0,1.0
-32.0,32.0,48.0,1.0
-30.0,32.0,48.0,1.0
-28.0,32.0,48.0,453.0
-26.0,32.0,48.0,453.0
-24.0,32.0,48.0,453.0
-22.0,32.0,48.0,453.0
-20.0,32.0,48.0,453.0
-18.0,32.0,48.0,453.0
-16.0,32.0,48.0,453.0
-10.0,32.0,48.0,217.0
-8.0,32.0,48.0,217.0
-6.0,32.0,48.0,217.0
-4.0,32.0,48.0,217.0
-2.0,32.0,48.0,217.0
2.0,32.0,48.0,217.0
4.0,32.0,48.0,217.0
6.0,32.0,48.0,255.0
8.0,32.0,48.0,255.0
18.0,32.0,48.0,317.0
20.0,32.0,48.0,317.0
22.0,32.0,48.0,317.0
24.0,32.0,48.0,317.0
26.0,32.0,48.0,317.0
28.0,32.0,48.0,317.0
30.0,32.0,48.0,317.0
32.0,32.0,48.0,317.0
34.0,32.0,48.0,167.0
36.0,32.0,48.0,167.0
-38.0,34.0,48.0,368.0
-36.0,34.0,48.0,368.0
-34.0,34.0,48.0,368.0
-32.0,34.0,48.0,386.0
-30.0,34.0,48.0,386.0
-28.0,34.0,48.0,386.0
-26.0,34.0,48.0,453.0
-24.0,34.0,48.0,453.0
-22.0,34.0,48.0,453.0
-20.0,34.0,48.0,453.0
-18.0,34.0,48.0,453.0
-16.0,34.0,48.0,453.0
-10.0,34.0,48.0,399.0
-8.0,34.0,48.0,399.0
-6.0,34.0,48.0,217.0
-4.0,34.0,48.0,217.0
-2.0,34.0,48.0,217.0
2.0,34.0,48.0,217.0
4.0,34.0,48.0,255.0
6.0,34.0,48.0,255.0
8.0,34.0,48.0,255.0
14.0,34.0,48.0,255.0
16.0,34.0,48.0,317.0
18.0,34.0,48.0,317.0
20.0,34.0,48.0,317.0
22.0,34.0,48.0,317.0
24.0,34.0,48.0,317.0
26.0,34.0,48.0,317.0
28.0,34.0,48.0,317.0
30.0,34.0,48.0,317.0
32.0,34.0,48.0,317.0
34.0,34.0,48.0,391.0
-36.0,36.0,48.0,368.0
-34.0,36.0,48.0,368.0
-32.0,36.0,48.0,386.0
-30.0,36.0,48.0,386.0
-28.0,36.0,48.0,386.0
-26.0,36.0,48.0,386.0
-24.0,36.0,48.0,453.0
-22.0,36.0,48.0,453.0
-20.0,36.0,48.0,453.0
-18.0,36.0,48.0,453.0
-16.0,36.0,48.0,399.0
-8.0,36.0,48.0,399.0
-6.0,36.0,48.0,399.0
-4.0,36.0,48.0,399.0
-2.0,36.0,48.0,217.0
0.0,36.0,48.0,126.0
2.0,36.0,48.0,126.0
4.0,36.0,48.0,126.0
6.0,36.0,48.0,126.0
12.0,36.0,48.0,255.0
14.0,36.0,48.0,255.0
16.0,36.0,48.0,317.0
18.0,36.0,48.0,317.0
20.0,36.0,48.0,317.0
22.0,36.0,48.0,317.0
24.0,36.0,48.0,317.0
26.0,36.0,48.0,317.0
28.0,36.0,48.0,317.0
30.0,36.0,48.0,317.0
32.0,36.0,48.0,391.0
-34.0,38.0,48.0,368.0
-32.0,38.0,48.0,386.0
-30.0,38.0,48.0,386.0
-28.0,38.0,48.0,386.0
-26.0,38.0,48.0,386.0
-24.0,38.0,48.0,453.0
-22.0,38.0,48.0,453.0
-20.0,38.0,48.0,453.0
-18.0,38.0,48.0,399.0
-16.0,38.0,48.0,399.0
-8.0,38.0,48.0,399.0
-6.0,38.0,48.0,399.0
-4.0,38.0,48.0,399.0
-2.0,38.0,48.0,399.0
2.0,38.0,48.0,126.0
4.0,38.0,48.0,126.0
6.0,38.0,48.0,126.0
12.0,38.0,48.0,126.0
14.0,38.0,48.0,126.0
16.0,38.0,48.0,126.0
18.0,38.0,48.0,317.0
20.0,38.0,48.0,317.0
22.0,38.0,48.0,317.0
24.0,38.0,48.0,317.0
26.0,38.0,48.0,317.0
28.0,38.0,48.0,317.0
30.0,38.0,48.0,391.0
-30.0,40.0,48.0,386.0
-28.0,40.0,48.0,386.0
-26.0,40.0,48.0,291.0
-24.0,40.0,48.0,291.0
-22.0,40.0,48.0,291.0
-20.0,40.0,48.0,291.0
-18.0,40.0,48.0,399.0
-16.0,40.0,48.0,399.0
-14.0,40.0,48.0,399.0
-12.0,40.0,48.0,399.0
-10.0,40.0,48.0,399.0
-8.0,40.0,48.0,399.0
-6.0,40.0,48.0,399.0
-4.0,40.0,48.0,399.0
-2.0,40.0,48.0,399.0
2.0,40.0,48.0,126.0
4.0,40.0,48.0,126.0
6.0,40.0,48.0,126.0
8.0,40.0,48.0,126.0
10.0,40.0,48.0,126.0
12.0,40.0,48.0,126.0
14.0,40.0,48.0,126.0
16.0,40.0,48.0,126.0
18.0,40.0,48.0,317.0
20.0,40.0,48.0,317.0
22.0,40.0,48.0,317.0
24.0,40.0,48.0,317.0
26.0,40.0,48.0,317.0
28.0,40.0,48.0,391.0
-28.0,42.0,48.0,291.0
-26.0,42.0,48.0,291.0
-24.0,42.0,48.0,291.0
-22.0,42.0,48.0,291.0
-20.0,42.0,48.0,291.0
-18.0,42.0,48.0,399.0
-16.0,42.0,48.0,399.0
-14.0,42.0,48.0,399.0
-12.0,42.0,48.0,399.0
-10.0,42.0,48.0,399.0
-8.0,42.0,48.0,399.0
-6.0,42.0,48.0,399.0
-4.0,42.0,48.0,399.0
-2.0,42.0,48.0,399.0
2.0,42.0,48.0,126.0
4.0,42.0,48.0,126.0
6.0,42.0,48.0,126.0
8.0,42.0,48.0,126.0
10.0,42.0,48.0,126.0
12.0,42.0,48.0,126.0
14.0,42.0,48.0,126.0
16.0,42.0,48.0,126.0
18.0,42.0,48.0,126.0
20.0,42.0,48.0,317.0
22.0,42.0,48.0,317.0
24.0,42.0,48.0,317.0
-26.0,44.0,48.0,291.0
-24.0,44.0,48.0,291.0
-22.0,44.0,48.0,291.0
-20.0,44.0,48.0,281.0
-18.0,44.0,48.0,281.0
-16.0,44.0,48.0,399.0
-14.0,44.0,48.0,399.0
-12.0,44.0,48.0,399.0
-10.0,44.0,48.0,399.0
-8.0,44.0,48.0,399.0
-6.0,44.0,48.0,399.0
-4.0,44.0,48.0,399.0
-2.0,44.0,48.0,39.0
2.0,44.0,48.0,126.0
4.0,44.0,48.0,126.0
6.0,44.0,48.0,126.0
8.0,44.0,48.0,126.0
10.0,44.0,48.0,126.0
12.0,44.0,48.0,126.0
14.0,44.0,48.0,126.0
16.0,44.0,48.0,126.0
18.0,44.0,48.0,126.0
20.0,44.0,48.0,317.0
22.0,44.0,48.0,317.0
-24.0,46.0,48.0,291.0
-22.0,46.0,48.0,281.0
-20.0,46.0,48.0,281.0
-18.0,46.0,48.0,281.0
-16.0,46.0,48.0,458.0
-14.0,46.0,48.0,458.0
-12.0,46.0,48.0,458.0
-10.0,46.0,48.0,399.0
-8.0,46.0,48.0,399.0
-6.0,46.0,48.0,399.0
-4.0,46.0,48.0,39.0
-2.0,46.0,48.0,39.0
2.0,46.0,48.0,126.0
4.0,46.0,48.0,126.0
6.0,46.0,48.0,126.0
8.0,46.0,48.0,126.0
10.0,46.0,48.0,126.0
12.0,46.0,48.0,126.0
14.0,46.0,48.0,126.0
16.0,46.0,48.0,126.0
18.0,46.0,48.0,126.0
20.0,46.0,48.0,126.0
-20.0,48.0,48.0,281.0
-18.0,48.0,48.0,281.0
-16.0,48.0,48.0,458.0
-14.0,48.0,48.0,458.0
-12.0,48.0,48.0,458.0
-10.0,48.0,48.0,458.0
-8.0,48.0,48.0,458.0
-6.0,48.0,48.0,458.0
-4.0,48.0,48.0,39.0
-2.0,48.0,48.0,39.0
2.0,48.0,48.0,126.0
4.0,48.0,48.0,126.0
6.0,48.0,48.0,126.0
8.0,48.0,48.0,126.0
10.0,48.0,48.0,126.0
12.0,48.0,48.0,126.0
14.0,48.0,48.0,126.0
16.0,48.0,48.0,126.0
-14.0,50.0,48.0,458.0
-12.0,50.0,48.0,458.0
-10.0,50.0,48.0,458.0
-8.0,50.0,48.0,458.0
-6.0,50.0,48.0,458.0
-4.0,50.0,48.0,458.0
4.0,50.0,48.0,126.0
6.0,50.0,48.0,126.0
8.0,50.0,48.0,126.0
10.0,50.0,48.0,126.0
-10.0,52.0,48.0,458.0
-8.0,52.0,48.0,458.0
-6.0,52.0,48.0,458.0
6.0,52.0,48.0,126.0
8.0,52.0,48.0,126.0
-14.0,-84.0,50.0,550.0
-24.0,-82.0,50.0,312.0
-22.0,-82.0,50.0,312.0
10.0,-82.0,50.0,186.0
12.0,-82.0,50.0,135.0
14.0,-82.0,50.0,135.0
16.0,-82.0,50.0,135.0
-30.0,-80.0,50.0,512.0
-24.0,-80.0,50.0,312.0
-22.0,-80.0,50.0,312.0
-20.0,-80.0,50.0,312.0
-16.0,-80.0,50.0,312.0
-14.0,-80.0,50.0,155.0
-12.0,-80.0,50.0,155.0
4.0,-80.0,50.0,515.0
6.0,-80.0,50.0,515.0
8.0,-80.0,50.0,186.0
10.0,-80.0,50.0,186.0
12.0,-80.0,50.0,135.0
14.0,-80.0,50.0,135.0
16.0,-80.0,50.0,135.0
18.0,-80.0,50.0,135.0
20.0,-80.0,50.0,135.0
-34.0,-78.0,50.0,512.0
-32.0,-78.0,50.0,512.0
-30.0,-78.0,50.0,512.0
-28.0,-78.0,50.0,312.0
-26.0,-78.0,50.0,312.0
-24.0,-78.0,50.0,312.0
-22.0,-78.0,50.0,312.0
-20.0,-78.0,50.0,312.0
-18.0,-78.0,50.0,312.0
-16.0,-78.0,50.0,312.0
-14.0,-78.0,50.0,155.0
-12.0,-78.0,50.0,155.0
-10.0,-78.0,50.0,155.0
-8.0,-78.0,50.0,155.0
0.0,-78.0,50.0,155.0
2.0,-78.0,50.0,155.0
4.0,-78.0,50.0,515.0
6.0,-78.0,50.0,515.0
8.0,-78.0,50.0,186.0
10.0,-78.0,50.0,186.0
12.0,-78.0,50.0,186.0
14.0,-78.0,50.0,135.0
16.0,-78.0,50.0,135.0
18.0,-78.0,50.0,135.0
20.0,-78.0,50.0,135.0
22.0,-78.0,50.0,135.0
24.0,-78.0,50.0,135.0
26.0,-78.0,50.0,135.0
28.0,-78.0,50.0,135.0
30.0,-78.0,50.0,88.0
-36.0,-76.0,50.0,512.0
-34.0,-76.0,50.0,512.0
-32.0,-76.0,50.0,512.0
-30.0,-76.0,50.0,512.0
-28.0,-76.0,50.0,512.0
-26.0,-76.0,50.0,312.0
-24.0,-76.0,50.0,312.0
-22.0,-76.0,50.0,312.0
-20.0,-76.0,50.0,312.0
-18.0,-76.0,50.0,312.0
-16.0,-76.0,50.0,312.0
-14.0,-76.0,50.0,155.0
-12.0,-76.0,50.0,155.0
-10.0,-76.0,50.0,155.0
-8.0,-76.0,50.0,155.0
0.0,-76.0,50.0,155.0
2.0,-76.0,50.0,155.0
4.0,-76.0,50.0,515.0
6.0,-76.0,50.0,515.0
8.0,-76.0,50.0,515.0
10.0,-76.0,50.0,176.0
12.0,-76.0,50.0,186.0
14.0,-76.0,50.0,135.0
16.0,-76.0,50.0,135.0
18.0,-76.0,50.0,135.0
20.0,-76.0,50.0,135.0
22.0,-76.0,50.0,135.0
24.0,-76.0,50.0,135.0
26.0,-76.0,50.0,135.0
28.0,-76.0,50.0,88.0
30.0,-76.0,50.0,88.0
32.0,-76.0,50.0,88.0
34.0,-76.0,50.0,88.0
36.0,-76.0,50.0,88.0
-38.0,-74.0,50.0,512.0
-36.0,-74.0,50.0,512.0
-34.0,-74.0,50.0,512.0
-32.0,-74.0,50.0,512.0
-30.0,-74.0,50.0,512.0
-28.0,-74.0,50.0,512.0
-26.0,-74.0,50.0,312.0
-24.0,-74.0,50.0,312.0
-22.0,-74.0,50.0,312.0
-20.0,-74.0,50.0,312.0
-18.0,-74.0,50.0,312.0
-16.0,-74.0,50.0,353.0
-14.0,-74.0,50.0,155.0
-12.0,-74.0,50.0,155.0
-10.0,-74.0,50.0,155.0
-8.0,-74.0,50.0,155.0
-6.0,-74.0,50.0,155.0
-4.0,-74.0,50.0,155.0
0.0,-74.0,50.0,155.0
2.0,-74.0,50.0,155.0
4.0,-74.0,50.0,515.0
6.0,-74.0,50.0,515.0
8.0,-74.0,50.0,176.0
10.0,-74.0,50.0,176.0
12.0,-74.0,50.0,176.0
14.0,-74.0,50.0,176.0
16.0,-74.0,50.0,135.0
18.0,-74.0,50.0,135.0
20.0,-74.0,50.0,135.0
22.0,-74.0,50.0,135.0
24.0,-74.0,50.0,135.0
26.0,-74.0,50.0,135.0
28.0,-74.0,50.0,88.0
30.0,-74.0,50.0,88.0
32.0,-74.0,50.0,88.0
34.0,-74.0,50.0,88.0
36.0,-74.0,50.0,88.0
38.0,-74.0,50.0,88.0
-42.0,-72.0,50.0,556.0
-40.0,-72.0,50.0,556.0
-38.0,-72.0,50.0,512.0
-36.0,-72.0,50.0,512.0
-34.0,-72.0,50.0,512.0
-32.0,-72.0,50.0,512.0
-30.0,-72.0,50.0,512.0
-28.0,-72.0,50.0,512.0
-26.0,-72.0,50.0,512.0
-24.0,-72.0,50.0,312.0
-22.0,-72.0,50.0,312.0
-20.0,-72.0,50.0,312.0
-18.0,-72.0,50.0,353.0
-16.0,-72.0,50.0,353.0
-14.0,-72.0,50.0,155.0
-12.0,-72.0,50.0,155.0
-10.0,-72.0,50.0,155.0
-8.0,-72.0,50.0,155.0
-6.0,-72.0,50.0,155.0
-4.0,-72.0,50.0,155.0
-2.0,-72.0,50.0,155.0
0.0,-72.0,50.0,155.0
2.0,-72.0,50.0,266.0
4.0,-72.0,50.0,266.0
6.0,-72.0,50.0,176.0
8.0,-72.0,50.0,176.0
10.0,-72.0,50.0,176.0
12.0,-72.0,50.0,176.0
14.0,-72.0,50.0,176.0
16.0,-72.0,50.0,176.0
18.0,-72.0,50.0,135.0
20.0,-72.0,50.0,561.0
22.0,-72.0,50.0,561.0
24.0,-72.0,50.0,561.0
26.0,-72.0,50.0,561.0
30.0,-72.0,50.0,88.0
32.0,-72.0,50.0,88.0
34.0,-72.0,50.0,88.0
36.0,-72.0,50.0,88.0
38.0,-72.0,50.0,88.0
40.0,-72.0,50.0,88.0
42.0,-72.0,50.0,88.0
-44.0,-70.0,50.0,556.0
-42.0,-70.0,50.0,556.0
-40.0,-70.0,50.0,512.0
-38.0,-70.0,50.0,512.0
-36.0,-70.0,50.0,512.0
-34.0,-70.0,50.0,512.0
-32.0,-70.0,50.0,512.0
-30.0,-70.0,50.0,512.0
-28.0,-70.0,50.0,512.0
-26.0,-70.0,50.0,512.0
-24.0,-70.0,50.0,312.0
-22.0,-70.0,50.0,312.0
-20.0,-70.0,50.0,353.0
-18.0,-70.0,50.0,353.0
-16.0,-70.0,50.0,353.0
-14.0,-70.0,50.0,56.0
-12.0,-70.0,50.0,56.0
-10.0,-70.0,50.0,155.0
-8.0,-70.0,50.0,155.0
-6.0,-70.0,50.0,155.0
-4.0,-70.0,50.0,155.0
-2.0,-70.0,50.0,155.0
0.0,-70.0,50.0,155.0
2.0,-70.0,50.0,266.0
4.0,-70.0,50.0,266.0
6.0,-70.0,50.0,266.0
8.0,-70.0,50.0,176.0
10.0,-70.0,50.0,176.0
12.0,-70.0,50.0,176.0
14.0,-70.0,50.0,176.0
16.0,-70.0,50.0,176.0
18.0,-70.0,50.0,561.0
20.0,-70.0,50.0,561.0
22.0,-70.0,50.0,561.0
24.0,-70.0,50.0,561.0
26.0,-70.0,50.0,561.0
28.0,-70.0,50.0,88.0
30.0,-70.0,50.0,88.0
32.0,-70.0,50.0,88.0
34.0,-70.0,50.0,88.0
36.0,-70.0,50.0,88.0
38.0,-70.0,50.0,88.0
40.0,-70.0,50.0,88.0
42.0,-70.0,50.0,88.0
44.0,-70.0,50.0,88.0
-46.0,-68.0,50.0,556.0
-44.0,-68.0,50.0,556.0
-42.0,-68.0,50.0,512.0
-40.0,-68.0,50.0,512.0
-38.0,-68.0,50.0,512.0
-36.0,-68.0,50.0,512.0
-34.0,-68.0,50.0,512.0
-32.0,-68.0,50.0,512.0
-30.0,-68.0,50.0,512.0
-28.0,-68.0,50.0,512.0
-26.0,-68.0,50.0,512.0
-24.0,-68.0,50.0,346.0
-22.0,-68.0,50.0,346.0
-20.0,-68.0,50.0,353.0
-18.0,-68.0,50.0,353.0
-16.0,-68.0,50.0,493.0
-14.0,-68.0,50.0,56.0
-12.0,-68.0,50.0,56.0
-10.0,-68.0,50.0,56.0
-8.0,-68.0,50.0,56.0
-6.0,-68.0,50.0,155.0
-4.0,-68.0,50.0,433.0
-2.0,-68.0,50.0,433.0
0.0,-68.0,50.0,433.0
2.0,-68.0,50.0,266.0
4.0,-68.0,50.0,266.0
6.0,-68.0,50.0,266.0
8.0,-68.0,50.0,176.0
10.0,-68.0,50.0,176.0
12.0,-68.0,50.0,176.0
14.0,-68.0,50.0,176.0
16.0,-68.0,50.0,561.0
18.0,-68.0,50.0,561.0
20.0,-68.0,50.0,561.0
22.0,-68.0,50.0,561.0
24.0,-68.0,50.0,561.0
26.0,-68.0,50.0,561.0
28.0,-68.0,50.0,88.0
30.0,-68.0,50.0,88.0
32.0,-68.0,50.0,88.0
34.0,-68.0,50.0,88.0
36.0,-68.0,50.0,88.0
38.0,-68.0,50.0,88.0
40.0,-68.0,50.0,88.0
42.0,-68.0,50.0,88.0
44.0,-68.0,50.0,88.0
-48.0,-66.0,50.0,600.0
-46.0,-66.0,50.0,599.0
-44.0,-66.0,50.0,599.0
-42.0,-66.0,50.0,512.0
-40.0,-66.0,50.0,512.0
-38.0,-66.0,50.0,512.0
-36.0,-66.0,50.0,512.0
-34.0,-66.0,50.0,512.0
-32.0,-66.0,50.0,512.0
-30.0,-66.0,50.0,512.0
-28.0,-66.0,50.0,512.0
-26.0,-66.0,50.0,346.0
-24.0,-66.0,50.0,346.0
-22.0,-66.0,50.0,346.0
-20.0,-66.0,50.0,346.0
-18.0,-66.0,50.0,493.0
-16.0,-66.0,50.0,493.0
-14.0,-66.0,50.0,56.0
-12.0,-66.0,50.0,56.0
-10.0,-66.0,50.0,56.0
-8.0,-66.0,50.0,56.0
-6.0,-66.0,50.0,433.0
-4.0,-66.0,50.0,433.0
-2.0,-66.0,50.0,433.0
0.0,-66.0,50.0,433.0
2.0,-66.0,50.0,266.0
4.0,-66.0,50.0,266.0
6.0,-66.0,50.0,266.0
8.0,-66.0,50.0,266.0
10.0,-66.0,50.0,176.0
12.0,-66.0,50.0,176.0
14.0,-66.0,50.0,176.0
16.0,-66.0,50.0,561.0
18.0,-66.0,50.0,561.0
20.0,-66.0,50.0,561.0
22.0,-66.0,50.0,561.0
24.0,-66.0,50.0,561.0
26.0,-66.0,50.0,561.0
28.0,-66.0,50.0,561.0
30.0,-66.0,50.0,88.0
32.0,-66.0,50.0,88.0
34.0,-66.0,50.0,88.0
36.0,-66.0,50.0,88.0
38.0,-66.0,50.0,88.0
40.0,-66.0,50.0,88.0
42.0,-66.0,50.0,88.0
44.0,-66.0,50.0,387.0
46.0,-66.0,50.0,387.0
48.0,-66.0,50.0,387.0
-50.0,-64.0,50.0,600.0
-48.0,-64.0,50.0,600.0
-46.0,-64.0,50.0,599.0
-44.0,-64.0,50.0,599.0
-42.0,-64.0,50.0,512.0
-40.0,-64.0,50.0,512.0
-38.0,-64.0,50.0,512.0
-36.0,-64.0,50.0,512.0
-34.0,-64.0,50.0,512.0
-32.0,-64.0,50.0,512.0
-30.0,-64.0,50.0,512.0
-28.0,-64.0,50.0,182.0
-26.0,-64.0,50.0,182.0
-24.0,-64.0,50.0,346.0
-22.0,-64.0,50.0,346.0
-20.0,-64.0,50.0,346.0
-18.0,-64.0,50.0,493.0
-16.0,-64.0,50.0,56.0
-14.0,-64.0,50.0,56.0
-12.0,-64.0,50.0,56.0
-10.0,-64.0,50.0,56.0
-8.0,-64.0,50.0,56.0
-6.0,-64.0,50.0,433.0
-4.0,-64.0,50.0,433.0
-2.0,-64.0,50.0,433.0
0.0,-64.0,50.0,433.0
2.0,-64.0,50.0,266.0
4.0,-64.0,50.0,266.0
6.0,-64.0,50.0,266.0
8.0,-64.0,50.0,266.0
10.0,-64.0,50.0,176.0
12.0,-64.0,50.0,176.0
14.0,-64.0,50.0,561.0
16.0,-64.0,50.0,561.0
18.0,-64.0,50.0,561.0
20.0,-64.0,50.0,561.0
22.0,-64.0,50.0,561.0
24.0,-64.0,50.0,561.0
26.0,-64.0,50.0,561.0
28.0,-64.0,50.0,561.0
30.0,-64.0,50.0,88.0
32.0,-64.0,50.0,88.0
34.0,-64.0,50.0,88.0
36.0,-64.0,50.0,88.0
38.0,-64.0,50.0,88.0
40.0,-64.0,50.0,88.0
42.0,-64.0,50.0,387.0
44.0,-64.0,50.0,387.0
46.0,-64.0,50.0,387.0
48.0,-64.0,50.0,387.0
50.0,-64.0,50.0,387.0
-50.0,-62.0,50.0,600.0
-48.0,-62.0,50.0,599.0
-46.0,-62.0,50.0,599.0
-44.0,-62.0,50.0,599.0
-42.0,-62.0,50.0,599.0
-40.0,-62.0,50.0,512.0
-38.0,-62.0,50.0,512.0
-36.0,-62.0,50.0,512.0
-34.0,-62.0,50.0,512.0
-32.0,-62.0,50.0,182.0
-30.0,-62.0,50.0,182.0
-28.0,-62.0,50.0,182.0
-26.0,-62.0,50.0,182.0
-24.0,-62.0,50.0,182.0
-22.0,-62.0,50.0,182.0
-20.0,-62.0,50.0,346.0
-18.0,-62.0,50.0,346.0
-16.0,-62.0,50.0,56.0
-14.0,-62.0,50.0,56.0
-12.0,-62.0,50.0,56.0
-10.0,-62.0,50.0,56.0
-8.0,-62.0,50.0,56.0
-6.0,-62.0,50.0,433.0
-4.0,-62.0,50.0,433.0
-2.0,-62.0,50.0,433.0
0.0,-62.0,50.0,433.0
2.0,-62.0,50.0,266.0
4.0,-62.0,50.0,266.0
6.0,-62.0,50.0,266.0
8.0,-62.0,50.0,266.0
10.0,-62.0,50.0,266.0
14.0,-62.0,50.0,561.0
16.0,-62.0,50.0,561.0
18.0,-62.0,50.0,561.0
20.0,-62.0,50.0,561.0
22.0,-62.0,50.0,561.0
24.0,-62.0,50.0,561.0
26.0,-62.0,50.0,561.0
28.0,-62.0,50.0,561.0
30.0,-62.0,50.0,402.0
32.0,-62.0,50.0,402.0
34.0,-62.0,50.0,88.0
36.0,-62.0,50.0,88.0
38.0,-62.0,50.0,88.0
40.0,-62.0,50.0,387.0
42.0,-62.0,50.0,387.0
44.0,-62.0,50.0,387.0
46.0,-62.0,50.0,387.0
48.0,-62.0,50.0,387.0
50.0,-62.0,50.0,410.0
-52.0,-60.0,50.0,600.0
-50.0,-60.0,50.0,600.0
-48.0,-60.0,50.0,599.0
-46.0,-60.0,50.0,599.0
-44.0,-60.0,50.0,599.0
-42.0,-60.0,50.0,599.0
-40.0,-60.0,50.0,599.0
-38.0,-60.0,50.0,77.0
-36.0,-60.0,50.0,77.0
-34.0,-60.0,50.0,77.0
-32.0,-60.0,50.0,182.0
-30.0,-60.0,50.0,182.0
-28.0,-60.0,50.0,182.0
-26.0,-60.0,50.0,182.0
-24.0,-60.0,50.0,182.0
-22.0,-60.0,50.0,182.0
-20.0,-60.0,50.0,182.0
-18.0,-60.0,50.0,182.0
-16.0,-60.0,50.0,56.0
-14.0,-60.0,50.0,56.0
-12.0,-60.0,50.0,56.0
-10.0,-60.0,50.0,56.0
-8.0,-60.0,50.0,56.0
-6.0,-60.0,50.0,433.0
-4.0,-60.0,50.0,433.0
-2.0,-60.0,50.0,433.0
0.0,-60.0,50.0,433.0
2.0,-60.0,50.0,433.0
4.0,-60.0,50.0,266.0
6.0,-60.0,50.0,266.0
8.0,-60.0,50.0,389.0
10.0,-60.0,50.0,389.0
12.0,-60.0,50.0,389.0
14.0,-60.0,50.0,561.0
16.0,-60.0,50.0,561.0
18.0,-60.0,50.0,561.0
20.0,-60.0,50.0,561.0
22.0,-60.0,50.0,561.0
24.0,-60.0,50.0,561.0
26.0,-60.0,50.0,561.0
28.0,-60.0,50.0,402.0
30.0,-60.0,50.0,402.0
32.0,-60.0,50.0,402.0
34.0,-60.0,50.0,83.0
36.0,-60.0,50.0,83.0
38.0,-60.0,50.0,83.0
40.0,-60.0,50.0,83.0
42.0,-60.0,50.0,387.0
44.0,-60.0,50.0,387.0
46.0,-60.0,50.0,387.0
48.0,-60.0,50.0,410.0
50.0,-60.0,50.0,410.0
52.0,-60.0,50.0,410.0
-54.0,-58.0,50.0,600.0
-52.0,-58.0,50.0,600.0
-50.0,-58.0,50.0,599.0
-48.0,-58.0,50.0,599.0
-46.0,-58.0,50.0,599.0
-44.0,-58.0,50.0,599.0
-42.0,-58.0,50.0,599.0
-40.0,-58.0,50.0,599.0
-38.0,-58.0,50.0,77.0
-36.0,-58.0,50.0,77.0
-34.0,-58.0,50.0,77.0
-32.0,-58.0,50.0,77.0
-30.0,-58.0,50.0,182.0
-28.0,-58.0,50.0,182.0
-26.0,-58.0,50.0,182.0
-24.0,-58.0,50.0,182.0
-22.0,-58.0,50.0,182.0
-20.0,-58.0,50.0,182.0
-14.0,-58.0,50.0,56.0
-12.0,-58.0,50.0,56.0
-10.0,-58.0,50.0,56.0
-8.0,-58.0,50.0,56.0
-6.0,-58.0,50.0,433.0
-4.0,-58.0,50.0,433.0
-2.0,-58.0,50.0,433.0
0.0,-58.0,50.0,433.0
2.0,-58.0,50.0,433.0
4.0,-58.0,50.0,266.0
6.0,-58.0,50.0,389.0
8.0,-58.0,50.0,389.0
10.0,-58.0,50.0,389.0
12.0,-58.0,50.0,389.0
14.0,-58.0,50.0,561.0
16.0,-58.0,50.0,561.0
18.0,-58.0,50.0,561.0
20.0,-58.0,50.0,561.0
22.0,-58.0,50.0,561.0
24.0,-58.0,50.0,561.0
26.0,-58.0,50.0,402.0
28.0,-58.0,50.0,402.0
30.0,-58.0,50.0,402.0
32.0,-58.0,50.0,402.0
34.0,-58.0,50.0,83.0
36.0,-58.0,50.0,83.0
38.0,-58.0,50.0,83.0
40.0,-58.0,50.0,83.0
42.0,-58.0,50.0,83.0
44.0,-58.0,50.0,387.0
46.0,-58.0,50.0,387.0
48.0,-58.0,50.0,410.0
50.0,-58.0,50.0,410.0
52.0,-58.0,50.0,410.0
54.0,-58.0,50.0,410.0
-54.0,-56.0,50.0,600.0
-52.0,-56.0,50.0,600.0
-50.0,-56.0,50.0,599.0
-48.0,-56.0,50.0,599.0
-46.0,-56.0,50.0,599.0
-44.0,-56.0,50.0,599.0
-42.0,-56.0,50.0,599.0
-40.0,-56.0,50.0,73.0
-38.0,-56.0,50.0,73.0
-36.0,-56.0,50.0,77.0
-34.0,-56.0,50.0,77.0
-32.0,-56.0,50.0,77.0
-30.0,-56.0,50.0,77.0
-28.0,-56.0,50.0,77.0
-26.0,-56.0,50.0,182.0
-24.0,-56.0,50.0,182.0
-22.0,-56.0,50.0,182.0
-14.0,-56.0,50.0,282.0
-12.0,-56.0,50.0,56.0
-10.0,-56.0,50.0,56.0
-8.0,-56.0,50.0,56.0
-6.0,-56.0,50.0,433.0
-4.0,-56.0,50.0,433.0
-2.0,-56.0,50.0,433.0
0.0,-56.0,50.0,433.0
2.0,-56.0,50.0,433.0
4.0,-56.0,50.0,389.0
6.0,-56.0,50.0,389.0
8.0,-56.0,50.0,389.0
10.0,-56.0,50.0,389.0
12.0,-56.0,50.0,389.0
14.0,-56.0,50.0,389.0
16.0,-56.0,50.0,561.0
18.0,-56.0,50.0,561.0
20.0,-56.0,50.0,561.0
22.0,-56.0,50.0,561.0
24.0,-56.0,50.0,561.0
26.0,-56.0,50.0,402.0
28.0,-56.0,50.0,402.0
30.0,-56.0,50.0,402.0
32.0,-56.0,50.0,402.0
34.0,-56.0,50.0,83.0
36.0,-56.0,50.0,83.0
38.0,-56.0,50.0,83.0
40.0,-56.0,50.0,83.0
42.0,-56.0,50.0,83.0
44.0,-56.0,50.0,387.0
46.0,-56.0,50.0,410.0
48.0,-56.0,50.0,410.0
50.0,-56.0,50.0,410.0
52.0,-56.0,50.0,410.0
54.0,-56.0,50.0,410.0
-56.0,-54.0,50.0,600.0
-54.0,-54.0,50.0,600.0
-52.0,-54.0,50.0,599.0
-50.0,-54.0,50.0,599.0
-48.0,-54.0,50.0,599.0
-46.0,-54.0,50.0,599.0
-44.0,-54.0,50.0,599.0
-42.0,-54.0,50.0,599.0
-40.0,-54.0,50.0,73.0
-38.0,-54.0,50.0,73.0
-36.0,-54.0,50.0,73.0
-34.0,-54.0,50.0,77.0
-32.0,-54.0,50.0,77.0
-30.0,-54.0,50.0,77.0
-28.0,-54.0,50.0,77.0
-26.0,-54.0,50.0,77.0
-24.0,-54.0,50.0,182.0
-14.0,-54.0,50.0,282.0
-12.0,-54.0,50.0,282.0
-10.0,-54.0,50.0,282.0
-8.0,-54.0,50.0,282.0
-6.0,-54.0,50.0,282.0
-4.0,-54.0,50.0,433.0
0.0,-54.0,50.0,433.0
2.0,-54.0,50.0,598.0
4.0,-54.0,50.0,598.0
6.0,-54.0,50.0,389.0
8.0,-54.0,50.0,389.0
10.0,-54.0,50.0,389.0
12.0,-54.0,50.0,389.0
14.0,-54.0,50.0,389.0
16.0,-54.0,50.0,561.0
22.0,-54.0,50.0,48.0
24.0,-54.0,50.0,48.0
26.0,-54.0,50.0,48.0
28.0,-54.0,50.0,402.0
30.0,-54.0,50.0,402.0
32.0,-54.0,50.0,402.0
34.0,-54.0,50.0,83.0
36.0,-54.0,50.0,83.0
38.0,-54.0,50.0,83.0
40.0,-54.0,50.0,83.0
42.0,-54.0,50.0,83.0
44.0,-54.0,50.0,446.0
46.0,-54.0,50.0,410.0
48.0,-54.0,50.0,410.0
50.0,-54.0,50.0,410.0
52.0,-54.0,50.0,410.0
54.0,-54.0,50.0,410.0
56.0,-54.0,50.0,410.0
-56.0,-52.0,50.0,600.0
-54.0,-52.0,50.0,600.0
-52.0,-52.0,50.0,599.0
-50.0,-52.0,50.0,599.0
-48.0,-52.0,50.0,599.0
-46.0,-52.0,50.0,599.0
-44.0,-52.0,50.0,599.0
-42.0,-52.0,50.0,549.0
-40.0,-52.0,50.0,73.0
-38.0,-52.0,50.0,73.0
-36.0,-52.0,50.0,73.0
-34.0,-52.0,50.0,73.0
-32.0,-52.0,50.0,73.0
-30.0,-52.0,50.0,77.0
-28.0,-52.0,50.0,77.0
-26.0,-52.0,50.0,77.0
-14.0,-52.0,50.0,282.0
-12.0,-52.0,50.0,282.0
-10.0,-52.0,50.0,282.0
-8.0,-52.0,50.0,282.0
-6.0,-52.0,50.0,282.0
-4.0,-52.0,50.0,282.0
0.0,-52.0,50.0,598.0
2.0,-52.0,50.0,598.0
4.0,-52.0,50.0,598.0
6.0,-52.0,50.0,598.0
8.0,-52.0,50.0,598.0
10.0,-52.0,50.0,598.0
12.0,-52.0,50.0,389.0
14.0,-52.0,50.0,389.0
26.0,-52.0,50.0,48.0
28.0,-52.0,50.0,48.0
30.0,-52.0,50.0,48.0
32.0,-52.0,50.0,402.0
34.0,-52.0,50.0,83.0
36.0,-52.0,50.0,83.0
38.0,-52.0,50.0,83.0
40.0,-52.0,50.0,83.0
42.0,-52.0,50.0,446.0
44.0,-52.0,50.0,446.0
46.0,-52.0,50.0,446.0
48.0,-52.0,50.0,410.0
50.0,-52.0,50.0,410.0
52.0,-52.0,50.0,410.0
54.0,-52.0,50.0,410.0
56.0,-52.0,50.0,410.0
-58.0,-50.0,50.0,600.0
-56.0,-50.0,50.0,600.0
-54.0,-50.0,50.0,599.0
-52.0,-50.0,50.0,599.0
-50.0,-50.0,50.0,599.0
-48.0,-50.0,50.0,599.0
-46.0,-50.0,50.0,599.0
-44.0,-50.0,50.0,549.0
-42.0,-50.0,50.0,549.0
-40.0,-50.0,50.0,73.0
-38.0,-50.0,50.0,73.0
-36.0,-50.0,50.0,73.0
-34.0,-50.0,50.0,73.0
-32.0,-50.0,50.0,73.0
-30.0,-50.0,50.0,73.0
-28.0,-50.0,50.0,77.0
-14.0,-50.0,50.0,282.0
-12.0,-50.0,50.0,282.0
-10.0,-50.0,50.0,282.0
-8.0,-50.0,50.0,282.0
-6.0,-50.0,50.0,282.0
-4.0,-50.0,50.0,282.0
0.0,-50.0,50.0,598.0
2.0,-50.0,50.0,598.0
4.0,-50.0,50.0,598.0
6.0,-50.0,50.0,598.0
8.0,-50.0,50.0,598.0
10.0,-50.0,50.0,598.0
12.0,-50.0,50.0,598.0
14.0,-50.0,50.0,598.0
26.0,-50.0,50.0,48.0
28.0,-50.0,50.0,48.0
30.0,-50.0,50.0,48.0
32.0,-50.0,50.0,48.0
34.0,-50.0,50.0,48.0
36.0,-50.0,50.0,83.0
38.0,-50.0,50.0,83.0
40.0,-50.0,50.0,446.0
42.0,-50.0,50.0,446.0
44.0,-50.0,50.0,446.0
46.0,-50.0,50.0,446.0
48.0,-50.0,50.0,446.0
50.0,-50.0,50.0,410.0
52.0,-50.0,50.0,410.0
54.0,-50.0,50.0,593.0
56.0,-50.0,50.0,593.0
-58.0,-48.0,50.0,29.0
-56.0,-48.0,50.0,29.0
-54.0,-48.0,50.0,29.0
-52.0,-48.0,50.0,599.0
-50.0,-48.0,50.0,599.0
-48.0,-48.0,50.0,599.0
-46.0,-48.0,50.0,549.0
-44.0,-48.0,50.0,549.0
-42.0,-48.0,50.0,549.0
-40.0,-48.0,50.0,549.0
-38.0,-48.0,50.0,73.0
-36.0,-48.0,50.0,73.0
-34.0,-48.0,50.0,73.0
-32.0,-48.0,50.0,73.0
-30.0,-48.0,50.0,73.0
-28.0,-48.0,50.0,73.0
-18.0,-48.0,50.0,282.0
-16.0,-48.0,50.0,282.0
-14.0,-48.0,50.0,282.0
-12.0,-48.0,50.0,282.0
-10.0,-48.0,50.0,282.0
-8.0,-48.0,50.0,282.0
-6.0,-48.0,50.0,282.0
-4.0,-48.0,50.0,282.0
0.0,-48.0,50.0,598.0
2.0,-48.0,50.0,598.0
4.0,-48.0,50.0,598.0
6.0,-48.0,50.0,598.0
8.0,-48.0,50.0,598.0
10.0,-48.0,50.0,598.0
12.0,-48.0,50.0,598.0
14.0,-48.0,50.0,598.0
28.0,-48.0,50.0,48.0
30.0,-48.0,50.0,48.0
32.0,-48.0,50.0,48.0
34.0,-48.0,50.0,48.0
36.0,-48.0,50.0,471.0
38.0,-48.0,50.0,446.0
40.0,-48.0,50.0,446.0
42.0,-48.0,50.0,446.0
44.0,-48.0,50.0,446.0
46.0,-48.0,50.0,446.0
48.0,-48.0,50.0,446.0
50.0,-48.0,50.0,206.0
52.0,-48.0,50.0,206.0
54.0,-48.0,50.0,593.0
56.0,-48.0,50.0,593.0
58.0,-48.0,50.0,593.0
-60.0,-46.0,50.0,322.0
-58.0,-46.0,50.0,29.0
-56.0,-46.0,50.0,29.0
-54.0,-46.0,50.0,29.0
-52.0,-46.0,50.0,29.0
-50.0,-46.0,50.0,29.0
-48.0,-46.0,50.0,576.0
-46.0,-46.0,50.0,549.0
-44.0,-46.0,50.0,549.0
-42.0,-46.0,50.0,549.0
-40.0,-46.0,50.0,549.0
-38.0,-46.0,50.0,73.0
-36.0,-46.0,50.0,73.0
-34.0,-46.0,50.0,73.0
-32.0,-46.0,50.0,73.0
-30.0,-46.0,50.0,33.0
-28.0,-46.0,50.0,33.0
-18.0,-46.0,50.0,282.0
-16.0,-46.0,50.0,282.0
-14.0,-46.0,50.0,282.0
-12.0,-46.0,50.0,282.0
-10.0,-46.0,50.0,282.0
-8.0,-46.0,50.0,282.0
-6.0,-46.0,50.0,282.0
-4.0,-46.0,50.0,282.0
0.0,-46.0,50.0,598.0
2.0,-46.0,50.0,598.0
4.0,-46.0,50.0,598.0
6.0,-46.0,50.0,598.0
8.0,-46.0,50.0,598.0
10.0,-46.0,50.0,598.0
12.0,-46.0,50.0,598.0
14.0,-46.0,50.0,598.0
16.0,-46.0,50.0,48.0
28.0,-46.0,50.0,48.0
30.0,-46.0,50.0,48.0
32.0,-46.0,50.0,48.0
34.0,-46.0,50.0,48.0
36.0,-46.0,50.0,471.0
38.0,-46.0,50.0,446.0
40.0,-46.0,50.0,446.0
42.0,-46.0,50.0,446.0
44.0,-46.0,50.0,446.0
46.0,-46.0,50.0,446.0
48.0,-46.0,50.0,446.0
50.0,-46.0,50.0,206.0
52.0,-46.0,50.0,206.0
54.0,-46.0,50.0,593.0
56.0,-46.0,50.0,593.0
58.0,-46.0,50.0,593.0
-60.0,-44.0,50.0,29.0
-58.0,-44.0,50.0,29.0
-56.0,-44.0,50.0,29.0
-54.0,-44.0,50.0,29.0
-52.0,-44.0,50.0,29.0
-50.0,-44.0,50.0,576.0
-48.0,-44.0,50.0,576.0
-46.0,-44.0,50.0,576.0
-44.0,-44.0,50.0,549.0
-42.0,-44.0,50.0,549.0
-40.0,-44.0,50.0,549.0
-38.0,-44.0,50.0,549.0
-36.0,-44.0,50.0,73.0
-34.0,-44.0,50.0,73.0
-32.0,-44.0,50.0,33.0
-30.0,-44.0,50.0,33.0
-28.0,-44.0,50.0,33.0
-20.0,-44.0,50.0,282.0
-18.0,-44.0,50.0,282.0
-16.0,-44.0,50.0,282.0
-14.0,-44.0,50.0,282.0
-12.0,-44.0,50.0,282.0
-10.0,-44.0,50.0,282.0
-8.0,-44.0,50.0,282.0
-6.0,-44.0,50.0,282.0
-4.0,-44.0,50.0,282.0
-2.0,-44.0,50.0,598.0
2.0,-44.0,50.0,598.0
4.0,-44.0,50.0,598.0
6.0,-44.0,50.0,598.0
8.0,-44.0,50.0,598.0
10.0,-44.0,50.0,598.0
12.0,-44.0,50.0,598.0
14.0,-44.0,50.0,598.0
16.0,-44.0,50.0,48.0
18.0,-44.0,50.0,48.0
28.0,-44.0,50.0,48.0
30.0,-44.0,50.0,48.0
32.0,-44.0,50.0,48.0
34.0,-44.0,50.0,48.0
36.0,-44.0,50.0,471.0
38.0,-44.0,50.0,446.0
40.0,-44.0,50.0,446.0
42.0,-44.0,50.0,446.0
44.0,-44.0,50.0,446.0
46.0,-44.0,50.0,446.0
48.0,-44.0,50.0,206.0
50.0,-44.0,50.0,206.0
52.0,-44.0,50.0,206.0
54.0,-44.0,50.0,206.0
56.0,-44.0,50.0,593.0
58.0,-44.0,50.0,593.0
60.0,-44.0,50.0,593.0
-60.0,-42.0,50.0,29.0
-58.0,-42.0,50.0,29.0
-56.0,-42.0,50.0,29.0
-54.0,-42.0,50.0,29.0
-52.0,-42.0,50.0,29.0
-50.0,-42.0,50.0,576.0
-48.0,-42.0,50.0,576.0
-46.0,-42.0,50.0,576.0
-44.0,-42.0,50.0,576.0
-42.0,-42.0,50.0,549.0
-40.0,-42.0,50.0,549.0
-38.0,-42.0,50.0,549.0
-36.0,-42.0,50.0,33.0
-34.0,-42.0,50.0,33.0
-32.0,-42.0,50.0,33.0
-30.0,-42.0,50.0,33.0
-28.0,-42.0,50.0,33.0
-20.0,-42.0,50.0,33.0
-18.0,-42.0,50.0,282.0
-16.0,-42.0,50.0,282.0
-14.0,-42.0,50.0,282.0
-12.0,-42.0,50.0,282.0
-10.0,-42.0,50.0,282.0
-8.0,-42.0,50.0,282.0
-6.0,-42.0,50.0,282.0
-4.0,-42.0,50.0,282.0
2.0,-42.0,50.0,598.0
4.0,-42.0,50.0,598.0
6.0,-42.0,50.0,598.0
8.0,-42.0,50.0,598.0
10.0,-42.0,50.0,598.0
12.0,-42.0,50.0,598.0
14.0,-42.0,50.0,598.0
16.0,-42.0,50.0,48.0
18.0,-42.0,50.0,48.0
30.0,-42.0,50.0,48.0
32.0,-42.0,50.0,40.0
34.0,-42.0,50.0,40.0
36.0,-42.0,50.0,520.0
38.0,-42.0,50.0,446.0
40.0,-42.0,50.0,446.0
42.0,-42.0,50.0,446.0
44.0,-42.0,50.0,446.0
46.0,-42.0,50.0,446.0
48.0,-42.0,50.0,206.0
50.0,-42.0,50.0,206.0
52.0,-42.0,50.0,206.0
54.0,-42.0,50.0,206.0
56.0,-42.0,50.0,593.0
58.0,-42.0,50.0,593.0
60.0,-42.0,50.0,593.0
-62.0,-40.0,50.0,322.0
-60.0,-40.0,50.0,29.0
-58.0,-40.0,50.0,29.0
-56.0,-40.0,50.0,29.0
-54.0,-40.0,50.0,29.0
-52.0,-40.0,50.0,29.0
-50.0,-40.0,50.0,576.0
-48.0,-40.0,50.0,576.0
-46.0,-40.0,50.0,576.0
-44.0,-40.0,50.0,576.0
-42.0,-40.0,50.0,576.0
-40.0,-40.0,50.0,549.0
-38.0,-40.0,50.0,549.0
-36.0,-40.0,50.0,33.0
-34.0,-40.0,50.0,33.0
-32.0,-40.0,50.0,33.0
-30.0,-40.0,50.0,33.0
-28.0,-40.0,50.0,33.0
-20.0,-40.0,50.0,511.0
-18.0,-40.0,50.0,511.0
-16.0,-40.0,50.0,511.0
-14.0,-40.0,50.0,511.0
-12.0,-40.0,50.0,511.0
-10.0,-40.0,50.0,511.0
-8.0,-40.0,50.0,511.0
-6.0,-40.0,50.0,462.0
-4.0,-40.0,50.0,462.0
2.0,-40.0,50.0,168.0
4.0,-40.0,50.0,598.0
6.0,-40.0,50.0,598.0
8.0,-40.0,50.0,598.0
10.0,-40.0,50.0,598.0
12.0,-40.0,50.0,598.0
14.0,-40.0,50.0,598.0
16.0,-40.0,50.0,48.0
18.0,-40.0,50.0,48.0
32.0,-40.0,50.0,40.0
34.0,-40.0,50.0,520.0
36.0,-40.0,50.0,520.0
38.0,-40.0,50.0,520.0
40.0,-40.0,50.0,446.0
42.0,-40.0,50.0,446.0
44.0,-40.0,50.0,446.0
46.0,-40.0,50.0,446.0
48.0,-40.0,50.0,206.0
50.0,-40.0,50.0,206.0
52.0,-40.0,50.0,206.0
54.0,-40.0,50.0,206.0
56.0,-40.0,50.0,206.0
58.0,-40.0,50.0,593.0
60.0,-40.0,50.0,593.0
-62.0,-38.0,50.0,29.0
-60.0,-38.0,50.0,29.0
-58.0,-38.0,50.0,29.0
-56.0,-38.0,50.0,29.0
-54.0,-38.0,50.0,29.0
-52.0,-38.0,50.0,29.0
-50.0,-38.0,50.0,576.0
-48.0,-38.0,50.0,576.0
-46.0,-38.0,50.0,576.0
-44.0,-38.0,50.0,576.0
-42.0,-38.0,50.0,576.0
-40.0,-38.0,50.0,46.0
-38.0,-38.0,50.0,46.0
-36.0,-38.0,50.0,46.0
-34.0,-38.0,50.0,33.0
-32.0,-38.0,50.0,33.0
-30.0,-38.0,50.0,33.0
-28.0,-38.0,50.0,33.0
-18.0,-38.0,50.0,511.0
-16.0,-38.0,50.0,511.0
-14.0,-38.0,50.0,511.0
-12.0,-38.0,50.0,511.0
-10.0,-38.0,50.0,511.0
-8.0,-38.0,50.0,511.0
-6.0,-38.0,50.0,462.0
-4.0,-38.0,50.0,462.0
2.0,-38.0,50.0,168.0
4.0,-38.0,50.0,168.0
6.0,-38.0,50.0,168.0
8.0,-38.0,50.0,168.0
10.0,-38.0,50.0,168.0
12.0,-38.0,50.0,435.0
14.0,-38.0,50.0,435.0
16.0,-38.0,50.0,48.0
32.0,-38.0,50.0,520.0
34.0,-38.0,50.0,520.0
36.0,-38.0,50.0,520.0
38.0,-38.0,50.0,520.0
40.0,-38.0,50.0,520.0
42.0,-38.0,50.0,520.0
44.0,-38.0,50.0,446.0
46.0,-38.0,50.0,446.0
48.0,-38.0,50.0,206.0
50.0,-38.0,50.0,206.0
52.0,-38.0,50.0,206.0
54.0,-38.0,50.0,206.0
56.0,-38.0,50.0,206.0
58.0,-38.0,50.0,593.0
60.0,-38.0,50.0,593.0
-62.0,-36.0,50.0,29.0
-60.0,-36.0,50.0,29.0
-58.0,-36.0,50.0,29.0
-56.0,-36.0,50.0,29.0
-54.0,-36.0,50.0,29.0
-52.0,-36.0,50.0,29.0
-50.0,-36.0,50.0,576.0
-48.0,-36.0,50.0,576.0
-46.0,-36.0,50.0,576.0
-44.0,-36.0,50.0,576.0
-42.0,-36.0,50.0,576.0
-40.0,-36.0,50.0,46.0
-38.0,-36.0,50.0,46.0
-36.0,-36.0,50.0,46.0
-34.0,-36.0,50.0,33.0
-32.0,-36.0,50.0,33.0
-30.0,-36.0,50.0,33.0
-28.0,-36.0,50.0,33.0
-18.0,-36.0,50.0,511.0
-16.0,-36.0,50.0,511.0
-14.0,-36.0,50.0,511.0
-12.0,-36.0,50.0,511.0
-10.0,-36.0,50.0,511.0
-8.0,-36.0,50.0,511.0
-6.0,-36.0,50.0,462.0
-4.0,-36.0,50.0,462.0
2.0,-36.0,50.0,168.0
4.0,-36.0,50.0,168.0
6.0,-36.0,50.0,168.0
8.0,-36.0,50.0,168.0
10.0,-36.0,50.0,168.0
12.0,-36.0,50.0,168.0
14.0,-36.0,50.0,168.0
16.0,-36.0,50.0,532.0
32.0,-36.0,50.0,520.0
34.0,-36.0,50.0,520.0
36.0,-36.0,50.0,520.0
38.0,-36.0,50.0,520.0
40.0,-36.0,50.0,520.0
42.0,-36.0,50.0,520.0
44.0,-36.0,50.0,520.0
46.0,-36.0,50.0,8.0
48.0,-36.0,50.0,8.0
50.0,-36.0,50.0,8.0
52.0,-36.0,50.0,8.0
54.0,-36.0,50.0,8.0
56.0,-36.0,50.0,8.0
58.0,-36.0,50.0,8.0
60.0,-36.0,50.0,8.0
-62.0,-34.0,50.0,29.0
-60.0,-34.0,50.0,29.0
-58.0,-34.0,50.0,29.0
-56.0,-34.0,50.0,29.0
-54.0,-34.0,50.0,29.0
-52.0,-34.0,50.0,576.0
-50.0,-34.0,50.0,576.0
-48.0,-34.0,50.0,576.0
-46.0,-34.0,50.0,576.0
-44.0,-34.0,50.0,576.0
-42.0,-34.0,50.0,576.0
-40.0,-34.0,50.0,46.0
-38.0,-34.0,50.0,46.0
-36.0,-34.0,50.0,46.0
-34.0,-34.0,50.0,33.0
-32.0,-34.0,50.0,33.0
-30.0,-34.0,50.0,33.0
-18.0,-34.0,50.0,511.0
-16.0,-34.0,50.0,511.0
-14.0,-34.0,50.0,511.0
-12.0,-34.0,50.0,511.0
-10.0,-34.0,50.0,511.0
-8.0,-34.0,50.0,511.0
-6.0,-34.0,50.0,462.0
-4.0,-34.0,50.0,462.0
2.0,-34.0,50.0,168.0
4.0,-34.0,50.0,168.0
6.0,-34.0,50.0,168.0
8.0,-34.0,50.0,168.0
10.0,-34.0,50.0,168.0
12.0,-34.0,50.0,168.0
14.0,-34.0,50.0,532.0
16.0,-34.0,50.0,532.0
34.0,-34.0,50.0,520.0
36.0,-34.0,50.0,520.0
38.0,-34.0,50.0,520.0
40.0,-34.0,50.0,520.0
42.0,-34.0,50.0,520.0
44.0,-34.0,50.0,520.0
46.0,-34.0,50.0,472.0
48.0,-34.0,50.0,8.0
50.0,-34.0,50.0,8.0
52.0,-34.0,50.0,8.0
54.0,-34.0,50.0,8.0
56.0,-34.0,50.0,8.0
58.0,-34.0,50.0,8.0
60.0,-34.0,50.0,8.0
-62.0,-32.0,50.0,29.0
-60.0,-32.0,50.0,29.0
-58.0,-32.0,50.0,29.0
-56.0,-32.0,50.0,29.0
-54.0,-32.0,50.0,29.0
-52.0,-32.0,50.0,576.0
-50.0,-32.0,50.0,576.0
-48.0,-32.0,50.0,576.0
-46.0,-32.0,50.0,576.0
-44.0,-32.0,50.0,576.0
-42.0,-32.0,50.0,46.0
-40.0,-32.0,50.0,46.0
-38.0,-32.0,50.0,46.0
-36.0,-32.0,50.0,46.0
-34.0,-32.0,50.0,46.0
-32.0,-32.0,50.0,33.0
-18.0,-32.0,50.0,511.0
-16.0,-32.0,50.0,511.0
-14.0,-32.0,50.0,511.0
-12.0,-32.0,50.0,511.0
-10.0,-32.0,50.0,511.0
-8.0,-32.0,50.0,462.0
-6.0,-32.0,50.0,462.0
-4.0,-32.0,50.0,168.0
2.0,-32.0,50.0,168.0
4.0,-32.0,50.0,168.0
6.0,-32.0,50.0,168.0
8.0,-32.0,50.0,168.0
10.0,-32.0,50.0,168.0
12.0,-32.0,50.0,168.0
14.0,-32.0,50.0,532.0
36.0,-32.0,50.0,520.0
38.0,-32.0,50.0,520.0
40.0,-32.0,50.0,520.0
42.0,-32.0,50.0,520.0
44.0,-32.0,50.0,472.0
46.0,-32.0,50.0,472.0
48.0,-32.0,50.0,375.0
50.0,-32.0,50.0,8.0
52.0,-32.0,50.0,8.0
54.0,-32.0,50.0,8.0
56.0,-32.0,50.0,8.0
58.0,-32.0,50.0,8.0
60.0,-32.0,50.0,8.0
-62.0,-30.0,50.0,29.0
-60.0,-30.0,50.0,29.0
-58.0,-30.0,50.0,29.0
-56.0,-30.0,50.0,29.0
-54.0,-30.0,50.0,29.0
-52.0,-30.0,50.0,276.0
-50.0,-30.0,50.0,276.0
-48.0,-30.0,50.0,276.0
-46.0,-30.0,50.0,276.0
-44.0,-30.0,50.0,276.0
-42.0,-30.0,50.0,46.0
-40.0,-30.0,50.0,46.0
-38.0,-30.0,50.0,46.0
-36.0,-30.0,50.0,46.0
-16.0,-30.0,50.0,511.0
-14.0,-30.0,50.0,511.0
-12.0,-30.0,50.0,511.0
-10.0,-30.0,50.0,511.0
-8.0,-30.0,50.0,462.0
-6.0,-30.0,50.0,462.0
-4.0,-30.0,50.0,168.0
2.0,-30.0,50.0,168.0
4.0,-30.0,50.0,168.0
6.0,-30.0,50.0,168.0
8.0,-30.0,50.0,168.0
10.0,-30.0,50.0,168.0
12.0,-30.0,50.0,532.0
14.0,-30.0,50.0,532.0
38.0,-30.0,50.0,520.0
40.0,-30.0,50.0,520.0
42.0,-30.0,50.0,472.0
44.0,-30.0,50.0,472.0
46.0,-30.0,50.0,472.0
48.0,-30.0,50.0,375.0
50.0,-30.0,50.0,375.0
52.0,-30.0,50.0,8.0
54.0,-30.0,50.0,8.0
56.0,-30.0,50.0,8.0
58.0,-30.0,50.0,8.0
60.0,-30.0,50.0,8.0
-62.0,-28.0,50.0,29.0
-60.0,-28.0,50.0,29.0
-58.0,-28.0,50.0,29.0
-56.0,-28.0,50.0,29.0
-54.0,-28.0,50.0,29.0
-52.0,-28.0,50.0,276.0
-50.0,-28.0,50.0,276.0
-48.0,-28.0,50.0,276.0
-46.0,-28.0,50.0,276.0
-44.0,-28.0,50.0,276.0
-42.0,-28.0,50.0,46.0
-40.0,-28.0,50.0,46.0
-38.0,-28.0,50.0,46.0
-16.0,-28.0,50.0,511.0
-14.0,-28.0,50.0,511.0
-12.0,-28.0,50.0,511.0
-10.0,-28.0,50.0,511.0
-8.0,-28.0,50.0,462.0
-6.0,-28.0,50.0,462.0
-4.0,-28.0,50.0,168.0
2.0,-28.0,50.0,168.0
4.0,-28.0,50.0,168.0
6.0,-28.0,50.0,168.0
8.0,-28.0,50.0,168.0
10.0,-28.0,50.0,168.0
12.0,-28.0,50.0,532.0
14.0,-28.0,50.0,532.0
30.0,-28.0,50.0,520.0
40.0,-28.0,50.0,472.0
42.0,-28.0,50.0,472.0
44.0,-28.0,50.0,472.0
46.0,-28.0,50.0,472.0
48.0,-28.0,50.0,375.0
50.0,-28.0,50.0,375.0
52.0,-28.0,50.0,375.0
54.0,-28.0,50.0,8.0
56.0,-28.0,50.0,8.0
58.0,-28.0,50.0,8.0
60.0,-28.0,50.0,8.0
-62.0,-26.0,50.0,29.0
-60.0,-26.0,50.0,29.0
-58.0,-26.0,50.0,29.0
-56.0,-26.0,50.0,29.0
-54.0,-26.0,50.0,276.0
-52.0,-26.0,50.0,428.0
-50.0,-26.0,50.0,428.0
-48.0,-26.0,50.0,428.0
-46.0,-26.0,50.0,428.0
-44.0,-26.0,50.0,428.0
-42.0,-26.0,50.0,428.0
-40.0,-26.0,50.0,428.0
-38.0,-26.0,50.0,46.0
-14.0,-26.0,50.0,511.0
-12.0,-26.0,50.0,511.0
-10.0,-26.0,50.0,511.0
-8.0,-26.0,50.0,462.0
-6.0,-26.0,50.0,168.0
-4.0,-26.0,50.0,168.0
4.0,-26.0,50.0,168.0
6.0,-26.0,50.0,168.0
8.0,-26.0,50.0,168.0
10.0,-26.0,50.0,532.0
12.0,-26.0,50.0,532.0
14.0,-26.0,50.0,532.0
32.0,-26.0,50.0,520.0
42.0,-26.0,50.0,472.0
44.0,-26.0,50.0,472.0
46.0,-26.0,50.0,472.0
48.0,-26.0,50.0,472.0
50.0,-26.0,50.0,375.0
52.0,-26.0,50.0,375.0
54.0,-26.0,50.0,375.0
56.0,-26.0,50.0,8.0
58.0,-26.0,50.0,8.0
60.0,-26.0,50.0,8.0
-62.0,-24.0,50.0,29.0
-60.0,-24.0,50.0,29.0
-58.0,-24.0,50.0,428.0
-56.0,-24.0,50.0,428.0
-54.0,-24.0,50.0,428.0
-52.0,-24.0,50.0,428.0
-50.0,-24.0,50.0,428.0
-48.0,-24.0,50.0,428.0
-46.0,-24.0,50.0,428.0
-44.0,-24.0,50.0,428.0
-12.0,-24.0,50.0,511.0
-10.0,-24.0,50.0,462.0
-8.0,-24.0,50.0,462.0
-6.0,-24.0,50.0,168.0
-4.0,-24.0,50.0,168.0
2.0,-24.0,50.0,168.0
4.0,-24.0,50.0,168.0
6.0,-24.0,50.0,168.0
8.0,-24.0,50.0,168.0
10.0,-24.0,50.0,532.0
12.0,-24.0,50.0,532.0
30.0,-24.0,50.0,508.0
32.0,-24.0,50.0,398.0
34.0,-24.0,50.0,398.0
48.0,-24.0,50.0,472.0
50.0,-24.0,50.0,375.0
52.0,-24.0,50.0,375.0
54.0,-24.0,50.0,375.0
56.0,-24.0,50.0,375.0
58.0,-24.0,50.0,8.0
60.0,-24.0,50.0,8.0
-62.0,-22.0,50.0,10.0
-60.0,-22.0,50.0,10.0
-58.0,-22.0,50.0,428.0
-56.0,-22.0,50.0,428.0
-54.0,-22.0,50.0,428.0
-52.0,-22.0,50.0,428.0
-50.0,-22.0,50.0,428.0
-48.0,-22.0,50.0,428.0
-10.0,-22.0,50.0,462.0
-8.0,-22.0,50.0,462.0
-6.0,-22.0,50.0,168.0
-4.0,-22.0,50.0,168.0
2.0,-22.0,50.0,168.0
4.0,-22.0,50.0,168.0
6.0,-22.0,50.0,168.0
8.0,-22.0,50.0,532.0
10.0,-22.0,50.0,532.0
12.0,-22.0,50.0,532.0
30.0,-22.0,50.0,508.0
32.0,-22.0,50.0,508.0
34.0,-22.0,50.0,398.0
36.0,-22.0,50.0,398.0
52.0,-22.0,50.0,375.0
54.0,-22.0,50.0,375.0
56.0,-22.0,50.0,375.0
58.0,-22.0,50.0,375.0
60.0,-22.0,50.0,8.0
-60.0,-20.0,50.0,10.0
-58.0,-20.0,50.0,428.0
-56.0,-20.0,50.0,428.0
-54.0,-20.0,50.0,428.0
-52.0,-20.0,50.0,428.0
-50.0,-20.0,50.0,428.0
-12.0,-20.0,50.0,511.0
-10.0,-20.0,50.0,145.0
-8.0,-20.0,50.0,145.0
-6.0,-20.0,50.0,145.0
-4.0,-20.0,50.0,145.0
2.0,-20.0,50.0,542.0
4.0,-20.0,50.0,542.0
8.0,-20.0,50.0,499.0
10.0,-20.0,50.0,499.0
30.0,-20.0,50.0,508.0
32.0,-20.0,50.0,508.0
34.0,-20.0,50.0,398.0
36.0,-20.0,50.0,398.0
46.0,-20.0,50.0,95.0
52.0,-20.0,50.0,95.0
54.0,-20.0,50.0,375.0
56.0,-20.0,50.0,375.0
58.0,-20.0,50.0,375.0
-60.0,-18.0,50.0,10.0
-58.0,-18.0,50.0,428.0
-56.0,-18.0,50.0,428.0
-54.0,-18.0,50.0,428.0
-52.0,-18.0,50.0,428.0
-50.0,-18.0,50.0,428.0
-14.0,-18.0,50.0,249.0
-12.0,-18.0,50.0,145.0
-10.0,-18.0,50.0,145.0
-8.0,-18.0,50.0,145.0
-6.0,-18.0,50.0,145.0
-4.0,-18.0,50.0,145.0
-2.0,-18.0,50.0,145.0
0.0,-18.0,50.0,145.0
2.0,-18.0,50.0,145.0
4.0,-18.0,50.0,145.0
6.0,-18.0,50.0,499.0
32.0,-18.0,50.0,508.0
34.0,-18.0,50.0,398.0
36.0,-18.0,50.0,398.0
38.0,-18.0,50.0,398.0
40.0,-18.0,50.0,398.0
42.0,-18.0,50.0,398.0
44.0,-18.0,50.0,95.0
46.0,-18.0,50.0,95.0
48.0,-18.0,50.0,95.0
52.0,-18.0,50.0,95.0
54.0,-18.0,50.0,95.0
56.0,-18.0,50.0,95.0
58.0,-18.0,50.0,95.0
-60.0,-16.0,50.0,10.0
-58.0,-16.0,50.0,428.0
-56.0,-16.0,50.0,428.0
-54.0,-16.0,50.0,428.0
-40.0,-16.0,50.0,428.0
-38.0,-16.0,50.0,428.0
-14.0,-16.0,50.0,249.0
-12.0,-16.0,50.0,145.0
-10.0,-16.0,50.0,145.0
-8.0,-16.0,50.0,145.0
-6.0,-16.0,50.0,145.0
-4.0,-16.0,50.0,145.0
-2.0,-16.0,50.0,145.0
0.0,-16.0,50.0,145.0
2.0,-16.0,50.0,145.0
4.0,-16.0,50.0,145.0
6.0,-16.0,50.0,235.0
34.0,-16.0,50.0,398.0
36.0,-16.0,50.0,398.0
38.0,-16.0,50.0,398.0
40.0,-16.0,50.0,398.0
42.0,-16.0,50.0,398.0
44.0,-16.0,50.0,95.0
46.0,-16.0,50.0,95.0
48.0,-16.0,50.0,95.0
50.0,-16.0,50.0,95.0
52.0,-16.0,50.0,95.0
54.0,-16.0,50.0,95.0
56.0,-16.0,50.0,95.0
58.0,-16.0,50.0,95.0
-60.0,-14.0,50.0,10.0
-58.0,-14.0,50.0,428.0
-56.0,-14.0,50.0,428.0
-50.0,-14.0,50.0,428.0
-48.0,-14.0,50.0,428.0
-46.0,-14.0,50.0,428.0
-44.0,-14.0,50.0,428.0
-42.0,-14.0,50.0,428.0
-40.0,-14.0,50.0,428.0
-38.0,-14.0,50.0,428.0
-14.0,-14.0,50.0,249.0
-12.0,-14.0,50.0,145.0
-10.0,-14.0,50.0,145.0
-8.0,-14.0,50.0,145.0
-6.0,-14.0,50.0,145.0
-4.0,-14.0,50.0,145.0
-2.0,-14.0,50.0,145.0
0.0,-14.0,50.0,145.0
2.0,-14.0,50.0,145.0
4.0,-14.0,50.0,145.0
6.0,-14.0,50.0,235.0
8.0,-14.0,50.0,235.0
24.0,-14.0,50.0,508.0
26.0,-14.0,50.0,508.0
28.0,-14.0,50.0,508.0
36.0,-14.0,50.0,398.0
38.0,-14.0,50.0,398.0
40.0,-14.0,50.0,398.0
42.0,-14.0,50.0,398.0
44.0,-14.0,50.0,95.0
46.0,-14.0,50.0,95.0
48.0,-14.0,50.0,95.0
50.0,-14.0,50.0,95.0
52.0,-14.0,50.0,95.0
54.0,-14.0,50.0,95.0
56.0,-14.0,50.0,95.0
58.0,-14.0,50.0,95.0
-58.0,-12.0,50.0,428.0
-52.0,-12.0,50.0,428.0
-50.0,-12.0,50.0,428.0
-48.0,-12.0,50.0,428.0
-46.0,-12.0,50.0,428.0
-44.0,-12.0,50.0,428.0
-42.0,-12.0,50.0,428.0
-40.0,-12.0,50.0,428.0
-38.0,-12.0,50.0,428.0
-32.0,-12.0,50.0,202.0
-30.0,-12.0,50.0,202.0
-28.0,-12.0,50.0,202.0
-26.0,-12.0,50.0,202.0
-14.0,-12.0,50.0,408.0
-12.0,-12.0,50.0,145.0
-10.0,-12.0,50.0,145.0
-8.0,-12.0,50.0,145.0
-6.0,-12.0,50.0,145.0
-4.0,-12.0,50.0,145.0
-2.0,-12.0,50.0,145.0
0.0,-12.0,50.0,145.0
2.0,-12.0,50.0,145.0
4.0,-12.0,50.0,145.0
6.0,-12.0,50.0,235.0
8.0,-12.0,50.0,235.0
10.0,-12.0,50.0,235.0
22.0,-12.0,50.0,508.0
24.0,-12.0,50.0,508.0
26.0,-12.0,50.0,508.0
28.0,-12.0,50.0,508.0
30.0,-12.0,50.0,508.0
32.0,-12.0,50.0,508.0
34.0,-12.0,50.0,508.0
38.0,-12.0,50.0,398.0
40.0,-12.0,50.0,398.0
42.0,-12.0,50.0,398.0
44.0,-12.0,50.0,95.0
46.0,-12.0,50.0,95.0
48.0,-12.0,50.0,95.0
50.0,-12.0,50.0,95.0
52.0,-12.0,50.0,95.0
54.0,-12.0,50.0,95.0
56.0,-12.0,50.0,76.0
-58.0,-10.0,50.0,428.0
-56.0,-10.0,50.0,428.0
-54.0,-10.0,50.0,428.0
-52.0,-10.0,50.0,428.0
-50.0,-10.0,50.0,428.0
-48.0,-10.0,50.0,428.0
-46.0,-10.0,50.0,428.0
-44.0,-10.0,50.0,428.0
-42.0,-10.0,50.0,428.0
-40.0,-10.0,50.0,428.0
-38.0,-10.0,50.0,428.0
-36.0,-10.0,50.0,438.0
-34.0,-10.0,50.0,202.0
-32.0,-10.0,50.0,202.0
-30.0,-10.0,50.0,202.0
-28.0,-10.0,50.0,202.0
-26.0,-10.0,50.0,202.0
-24.0,-10.0,50.0,202.0
-14.0,-10.0,50.0,408.0
-12.0,-10.0,50.0,408.0
-10.0,-10.0,50.0,145.0
-8.0,-10.0,50.0,145.0
-6.0,-10.0,50.0,145.0
-4.0,-10.0,50.0,145.0
-2.0,-10.0,50.0,145.0
0.0,-10.0,50.0,145.0
2.0,-10.0,50.0,145.0
4.0,-10.0,50.0,235.0
6.0,-10.0,50.0,235.0
8.0,-10.0,50.0,235.0
10.0,-10.0,50.0,235.0
12.0,-10.0,50.0,235.0
22.0,-10.0,50.0,508.0
24.0,-10.0,50.0,508.0
26.0,-10.0,50.0,508.0
28.0,-10.0,50.0,508.0
30.0,-10.0,50.0,508.0
32.0,-10.0,50.0,508.0
34.0,-10.0,50.0,508.0
36.0,-10.0,50.0,398.0
38.0,-10.0,50.0,398.0
40.0,-10.0,50.0,398.0
42.0,-10.0,50.0,95.0
44.0,-10.0,50.0,95.0
46.0,-10.0,50.0,95.0
48.0,-10.0,50.0,95.0
50.0,-10.0,50.0,95.0
52.0,-10.0,50.0,95.0
54.0,-10.0,50.0,76.0
56.0,-10.0,50.0,76.0
-56.0,-8.0,50.0,180.0
-54.0,-8.0,50.0,180.0
-52.0,-8.0,50.0,428.0
-50.0,-8.0,50.0,428.0
-48.0,-8.0,50.0,428.0
-46.0,-8.0,50.0,438.0
-44.0,-8.0,50.0,438.0
-42.0,-8.0,50.0,438.0
-40.0,-8.0,50.0,438.0
-38.0,-8.0,50.0,438.0
-36.0,-8.0,50.0,438.0
-34.0,-8.0,50.0,202.0
-32.0,-8.0,50.0,202.0
-30.0,-8.0,50.0,202.0
-28.0,-8.0,50.0,202.0
-26.0,-8.0,50.0,202.0
-24.0,-8.0,50.0,202.0
-12.0,-8.0,50.0,408.0
-10.0,-8.0,50.0,408.0
-8.0,-8.0,50.0,145.0
-6.0,-8.0,50.0,145.0
-4.0,-8.0,50.0,145.0
-2.0,-8.0,50.0,145.0
0.0,-8.0,50.0,145.0
2.0,-8.0,50.0,145.0
4.0,-8.0,50.0,235.0
6.0,-8.0,50.0,235.0
8.0,-8.0,50.0,235.0
10.0,-8.0,50.0,235.0
12.0,-8.0,50.0,235.0
22.0,-8.0,50.0,343.0
24.0,-8.0,50.0,343.0
26.0,-8.0,50.0,343.0
28.0,-8.0,50.0,343.0
30.0,-8.0,50.0,343.0
32.0,-8.0,50.0,508.0
34.0,-8.0,50.0,508.0
36.0,-8.0,50.0,398.0
38.0,-8.0,50.0,398.0
40.0,-8.0,50.0,398.0
42.0,-8.0,50.0,95.0
44.0,-8.0,50.0,95.0
46.0,-8.0,50.0,95.0
48.0,-8.0,50.0,95.0
50.0,-8.0,50.0,95.0
52.0,-8.0,50.0,76.0
54.0,-8.0,50.0,76.0
56.0,-8.0,50.0,76.0
-56.0,-6.0,50.0,180.0
-54.0,-6.0,50.0,180.0
-52.0,-6.0,50.0,180.0
-50.0,-6.0,50.0,180.0
-48.0,-6.0,50.0,438.0
-46.0,-6.0,50.0,438.0
-44.0,-6.0,50.0,438.0
-42.0,-6.0,50.0,438.0
-40.0,-6.0,50.0,438.0
-38.0,-6.0,50.0,438.0
-36.0,-6.0,50.0,438.0
-34.0,-6.0,50.0,202.0
-32.0,-6.0,50.0,202.0
-30.0,-6.0,50.0,202.0
-28.0,-6.0,50.0,202.0
-26.0,-6.0,50.0,202.0
-24.0,-6.0,50.0,202.0
-14.0,-6.0,50.0,555.0
-12.0,-6.0,50.0,408.0
-10.0,-6.0,50.0,408.0
-8.0,-6.0,50.0,145.0
-6.0,-6.0,50.0,145.0
-4.0,-6.0,50.0,145.0
-2.0,-6.0,50.0,145.0
0.0,-6.0,50.0,145.0
2.0,-6.0,50.0,145.0
4.0,-6.0,50.0,235.0
6.0,-6.0,50.0,235.0
8.0,-6.0,50.0,235.0
10.0,-6.0,50.0,235.0
12.0,-6.0,50.0,235.0
24.0,-6.0,50.0,343.0
26.0,-6.0,50.0,343.0
28.0,-6.0,50.0,343.0
30.0,-6.0,50.0,343.0
32.0,-6.0,50.0,343.0
34.0,-6.0,50.0,343.0
36.0,-6.0,50.0,343.0
38.0,-6.0,50.0,398.0
40.0,-6.0,50.0,398.0
42.0,-6.0,50.0,95.0
44.0,-6.0,50.0,95.0
46.0,-6.0,50.0,95.0
48.0,-6.0,50.0,95.0
50.0,-6.0,50.0,76.0
52.0,-6.0,50.0,76.0
54.0,-6.0,50.0,76.0
56.0,-6.0,50.0,76.0
-56.0,-4.0,50.0,180.0
-54.0,-4.0,50.0,180.0
-52.0,-4.0,50.0,180.0
-50.0,-4.0,50.0,180.0
-48.0,-4.0,50.0,438.0
-46.0,-4.0,50.0,438.0
-44.0,-4.0,50.0,438.0
-42.0,-4.0,50.0,438.0
-40.0,-4.0,50.0,438.0
-38.0,-4.0,50.0,438.0
-36.0,-4.0,50.0,438.0
-34.0,-4.0,50.0,438.0
-32.0,-4.0,50.0,202.0
-30.0,-4.0,50.0,202.0
-28.0,-4.0,50.0,202.0
-26.0,-4.0,50.0,202.0
-24.0,-4.0,50.0,202.0
-22.0,-4.0,50.0,202.0
-14.0,-4.0,50.0,555.0
-12.0,-4.0,50.0,555.0
-10.0,-4.0,50.0,408.0
-8.0,-4.0,50.0,408.0
-6.0,-4.0,50.0,145.0
-4.0,-4.0,50.0,145.0
-2.0,-4.0,50.0,145.0
0.0,-4.0,50.0,145.0
2.0,-4.0,50.0,145.0
4.0,-4.0,50.0,235.0
6.0,-4.0,50.0,235.0
8.0,-4.0,50.0,235.0
10.0,-4.0,50.0,235.0
12.0,-4.0,50.0,235.0
24.0,-4.0,50.0,343.0
26.0,-4.0,50.0,343.0
28.0,-4.0,50.0,343.0
30.0,-4.0,50.0,343.0
32.0,-4.0,50.0,343.0
34.0,-4.0,50.0,343.0
36.0,-4.0,50.0,227.0
38.0,-4.0,50.0,227.0
40.0,-4.0,50.0,227.0
42.0,-4.0,50.0,95.0
44.0,-4.0,50.0,95.0
46.0,-4.0,50.0,76.0
48.0,-4.0,50.0,76.0
50.0,-4.0,50.0,76.0
52.0,-4.0,50.0,76.0
54.0,-4.0,50.0,76.0
-56.0,-2.0,50.0,180.0
-54.0,-2.0,50.0,180.0
-52.0,-2.0,50.0,180.0
-50.0,-2.0,50.0,180.0
-48.0,-2.0,50.0,180.0
-46.0,-2.0,50.0,438.0
-44.0,-2.0,50.0,438.0
-42.0,-2.0,50.0,438.0
-40.0,-2.0,50.0,438.0
-38.0,-2.0,50.0,438.0
-36.0,-2.0,50.0,438.0
-34.0,-2.0,50.0,438.0
-32.0,-2.0,50.0,202.0
-30.0,-2.0,50.0,202.0
-28.0,-2.0,50.0,202.0
-26.0,-2.0,50.0,202.0
-24.0,-2.0,50.0,202.0
-22.0,-2.0,50.0,555.0
-14.0,-2.0,50.0,555.0
-12.0,-2.0,50.0,555.0
-10.0,-2.0,50.0,555.0
-8.0,-2.0,50.0,408.0
-6.0,-2.0,50.0,408.0
-4.0,-2.0,50.0,145.0
2.0,-2.0,50.0,145.0
4.0,-2.0,50.0,235.0
6.0,-2.0,50.0,235.0
8.0,-2.0,50.0,235.0
10.0,-2.0,50.0,235.0
12.0,-2.0,50.0,235.0
22.0,-2.0,50.0,343.0
24.0,-2.0,50.0,343.0
26.0,-2.0,50.0,343.0
32.0,-2.0,50.0,227.0
34.0,-2.0,50.0,227.0
36.0,-2.0,50.0,227.0
38.0,-2.0,50.0,227.0
40.0,-2.0,50.0,227.0
42.0,-2.0,50.0,227.0
44.0,-2.0,50.0,76.0
46.0,-2.0,50.0,76.0
48.0,-2.0,50.0,76.0
50.0,-2.0,50.0,76.0
52.0,-2.0,50.0,76.0
54.0,-2.0,50.0,76.0
-56.0,-0.0,50.0,180.0
-54.0,-0.0,50.0,180.0
-52.0,-0.0,50.0,180.0
-50.0,-0.0,50.0,180.0
-48.0,-0.0,50.0,180.0
-46.0,-0.0,50.0,438.0
-44.0,-0.0,50.0,438.0
-42.0,-0.0,50.0,438.0
-40.0,-0.0,50.0,438.0
-38.0,-0.0,50.0,438.0
-34.0,-0.0,50.0,333.0
-32.0,-0.0,50.0,333.0
-30.0,-0.0,50.0,333.0
-28.0,-0.0,50.0,333.0
-26.0,-0.0,50.0,333.0
-24.0,-0.0,50.0,202.0
-14.0,-0.0,50.0,555.0
-12.0,-0.0,50.0,555.0
-10.0,-0.0,50.0,555.0
-8.0,-0.0,50.0,555.0
-6.0,-0.0,50.0,408.0
-4.0,-0.0,50.0,408.0
2.0,-0.0,50.0,69.0
4.0,-0.0,50.0,235.0
6.0,-0.0,50.0,235.0
8.0,-0.0,50.0,235.0
10.0,-0.0,50.0,235.0
20.0,-0.0,50.0,343.0
22.0,-0.0,50.0,343.0
24.0,-0.0,50.0,343.0
26.0,-0.0,50.0,343.0
28.0,-0.0,50.0,227.0
38.0,-0.0,50.0,227.0
40.0,-0.0,50.0,227.0
42.0,-0.0,50.0,533.0
44.0,-0.0,50.0,533.0
46.0,-0.0,50.0,76.0
48.0,-0.0,50.0,76.0
50.0,-0.0,50.0,76.0
52.0,-0.0,50.0,76.0
54.0,-0.0,50.0,76.0
-54.0,2.0,50.0,180.0
-52.0,2.0,50.0,180.0
-50.0,2.0,50.0,180.0
-48.0,2.0,50.0,180.0
-46.0,2.0,50.0,180.0
-44.0,2.0,50.0,438.0
-42.0,2.0,50.0,438.0
-40.0,2.0,50.0,438.0
-38.0,2.0,50.0,438.0
-34.0,2.0,50.0,333.0
-32.0,2.0,50.0,333.0
-30.0,2.0,50.0,333.0
-28.0,2.0,50.0,333.0
-26.0,2.0,50.0,333.0
-24.0,2.0,50.0,333.0
-22.0,2.0,50.0,555.0
-14.0,2.0,50.0,555.0
-12.0,2.0,50.0,555.0
-10.0,2.0,50.0,555.0
-8.0,2.0,50.0,555.0
-6.0,2.0,50.0,555.0
-4.0,2.0,50.0,9.0
2.0,2.0,50.0,563.0
4.0,2.0,50.0,563.0
6.0,2.0,50.0,69.0
8.0,2.0,50.0,69.0
10.0,2.0,50.0,235.0
20.0,2.0,50.0,343.0
22.0,2.0,50.0,343.0
24.0,2.0,50.0,227.0
26.0,2.0,50.0,227.0
28.0,2.0,50.0,227.0
30.0,2.0,50.0,227.0
38.0,2.0,50.0,227.0
40.0,2.0,50.0,227.0
42.0,2.0,50.0,533.0
44.0,2.0,50.0,533.0
46.0,2.0,50.0,76.0
48.0,2.0,50.0,76.0
50.0,2.0,50.0,76.0
52.0,2.0,50.0,76.0
-54.0,4.0,50.0,439.0
-52.0,4.0,50.0,439.0
-50.0,4.0,50.0,439.0
-48.0,4.0,50.0,439.0
-46.0,4.0,50.0,439.0
-44.0,4.0,50.0,438.0
-42.0,4.0,50.0,438.0
-40.0,4.0,50.0,438.0
-38.0,4.0,50.0,438.0
-32.0,4.0,50.0,333.0
-30.0,4.0,50.0,333.0
-28.0,4.0,50.0,333.0
-26.0,4.0,50.0,333.0
-24.0,4.0,50.0,333.0
-22.0,4.0,50.0,555.0
-12.0,4.0,50.0,555.0
-10.0,4.0,50.0,555.0
-8.0,4.0,50.0,555.0
-6.0,4.0,50.0,9.0
-4.0,4.0,50.0,9.0
2.0,4.0,50.0,563.0
4.0,4.0,50.0,563.0
6.0,4.0,50.0,563.0
8.0,4.0,50.0,563.0
10.0,4.0,50.0,563.0
20.0,4.0,50.0,22.0
22.0,4.0,50.0,22.0
24.0,4.0,50.0,227.0
26.0,4.0,50.0,227.0
28.0,4.0,50.0,227.0
30.0,4.0,50.0,227.0
32.0,4.0,50.0,227.0
36.0,4.0,50.0,227.0
38.0,4.0,50.0,227.0
40.0,4.0,50.0,533.0
42.0,4.0,50.0,533.0
44.0,4.0,50.0,403.0
46.0,4.0,50.0,403.0
48.0,4.0,50.0,403.0
50.0,4.0,50.0,76.0
52.0,4.0,50.0,76.0
-54.0,6.0,50.0,439.0
-52.0,6.0,50.0,439.0
-50.0,6.0,50.0,439.0
-48.0,6.0,50.0,439.0
-46.0,6.0,50.0,439.0
-44.0,6.0,50.0,439.0
-42.0,6.0,50.0,439.0
-40.0,6.0,50.0,439.0
-38.0,6.0,50.0,333.0
-32.0,6.0,50.0,333.0
-30.0,6.0,50.0,333.0
-28.0,6.0,50.0,333.0
-26.0,6.0,50.0,333.0
-24.0,6.0,50.0,333.0
-22.0,6.0,50.0,555.0
-12.0,6.0,50.0,555.0
-10.0,6.0,50.0,555.0
-8.0,6.0,50.0,555.0
-6.0,6.0,50.0,9.0
-4.0,6.0,50.0,9.0
-2.0,6.0,50.0,9.0
2.0,6.0,50.0,9.0
4.0,6.0,50.0,563.0
6.0,6.0,50.0,563.0
8.0,6.0,50.0,563.0
10.0,6.0,50.0,563.0
12.0,6.0,50.0,563.0
20.0,6.0,50.0,22.0
22.0,6.0,50.0,22.0
24.0,6.0,50.0,22.0
26.0,6.0,50.0,227.0
28.0,6.0,50.0,227.0
30.0,6.0,50.0,227.0
32.0,6.0,50.0,227.0
34.0,6.0,50.0,227.0
36.0,6.0,50.0,227.0
38.0,6.0,50.0,227.0
40.0,6.0,50.0,533.0
42.0,6.0,50.0,533.0
44.0,6.0,50.0,403.0
46.0,6.0,50.0,403.0
48.0,6.0,50.0,403.0
50.0,6.0,50.0,445.0
52.0,6.0,50.0,445.0
-52.0,8.0,50.0,439.0
-50.0,8.0,50.0,439.0
-48.0,8.0,50.0,439.0
-46.0,8.0,50.0,439.0
-44.0,8.0,50.0,439.0
-42.0,8.0,50.0,439.0
-40.0,8.0,50.0,439.0
-38.0,8.0,50.0,333.0
-36.0,8.0,50.0,333.0
-32.0,8.0,50.0,333.0
-30.0,8.0,50.0,333.0
-28.0,8.0,50.0,333.0
-26.0,8.0,50.0,333.0
-24.0,8.0,50.0,333.0
-22.0,8.0,50.0,555.0
-20.0,8.0,50.0,555.0
-12.0,8.0,50.0,555.0
-10.0,8.0,50.0,555.0
-8.0,8.0,50.0,9.0
-6.0,8.0,50.0,9.0
-4.0,8.0,50.0,9.0
-2.0,8.0,50.0,9.0
2.0,8.0,50.0,9.0
4.0,8.0,50.0,563.0
6.0,8.0,50.0,563.0
8.0,8.0,50.0,563.0
10.0,8.0,50.0,563.0
12.0,8.0,50.0,563.0
22.0,8.0,50.0,22.0
24.0,8.0,50.0,22.0
26.0,8.0,50.0,22.0
28.0,8.0,50.0,227.0
30.0,8.0,50.0,227.0
32.0,8.0,50.0,227.0
34.0,8.0,50.0,227.0
36.0,8.0,50.0,227.0
38.0,8.0,50.0,470.0
40.0,8.0,50.0,470.0
42.0,8.0,50.0,403.0
44.0,8.0,50.0,403.0
46.0,8.0,50.0,403.0
48.0,8.0,50.0,403.0
50.0,8.0,50.0,445.0
-52.0,10.0,50.0,439.0
-50.0,10.0,50.0,439.0
-48.0,10.0,50.0,439.0
-46.0,10.0,50.0,439.0
-44.0,10.0,50.0,439.0
-42.0,10.0,50.0,439.0
-40.0,10.0,50.0,439.0
-38.0,10.0,50.0,439.0
-32.0,10.0,50.0,333.0
-30.0,10.0,50.0,333.0
-28.0,10.0,50.0,333.0
-26.0,10.0,50.0,333.0
-24.0,10.0,50.0,78.0
-22.0,10.0,50.0,78.0
-20.0,10.0,50.0,78.0
-12.0,10.0,50.0,200.0
-10.0,10.0,50.0,200.0
-8.0,10.0,50.0,9.0
-6.0,10.0,50.0,9.0
-4.0,10.0,50.0,9.0
-2.0,10.0,50.0,9.0
2.0,10.0,50.0,9.0
4.0,10.0,50.0,9.0
6.0,10.0,50.0,563.0
8.0,10.0,50.0,563.0
10.0,10.0,50.0,563.0
12.0,10.0,50.0,563.0
22.0,10.0,50.0,63.0
24.0,10.0,50.0,22.0
26.0,10.0,50.0,22.0
28.0,10.0,50.0,22.0
30.0,10.0,50.0,227.0
32.0,10.0,50.0,227.0
34.0,10.0,50.0,470.0
36.0,10.0,50.0,470.0
38.0,10.0,50.0,470.0
42.0,10.0,50.0,403.0
44.0,10.0,50.0,403.0
46.0,10.0,50.0,403.0
48.0,10.0,50.0,403.0
50.0,10.0,50.0,445.0
-52.0,12.0,50.0,439.0
-50.0,12.0,50.0,439.0
-48.0,12.0,50.0,439.0
-46.0,12.0,50.0,439.0
-44.0,12.0,50.0,439.0
-42.0,12.0,50.0,439.0
-40.0,12.0,50.0,439.0
-38.0,12.0,50.0,439.0
-36.0,12.0,50.0,333.0
-34.0,12.0,50.0,333.0
-32.0,12.0,50.0,333.0
-30.0,12.0,50.0,333.0
-28.0,12.0,50.0,78.0
-26.0,12.0,50.0,78.0
-24.0,12.0,50.0,78.0
-22.0,12.0,50.0,78.0
-20.0,12.0,50.0,78.0
-12.0,12.0,50.0,200.0
-10.0,12.0,50.0,200.0
-8.0,12.0,50.0,9.0
-6.0,12.0,50.0,9.0
-4.0,12.0,50.0,9.0
-2.0,12.0,50.0,9.0
2.0,12.0,50.0,9.0
4.0,12.0,50.0,9.0
6.0,12.0,50.0,563.0
8.0,12.0,50.0,563.0
10.0,12.0,50.0,563.0
20.0,12.0,50.0,63.0
22.0,12.0,50.0,63.0
24.0,12.0,50.0,63.0
26.0,12.0,50.0,22.0
28.0,12.0,50.0,22.0
30.0,12.0,50.0,470.0
32.0,12.0,50.0,470.0
34.0,12.0,50.0,470.0
36.0,12.0,50.0,470.0
38.0,12.0,50.0,470.0
40.0,12.0,50.0,470.0
42.0,12.0,50.0,403.0
44.0,12.0,50.0,403.0
46.0,12.0,50.0,403.0
48.0,12.0,50.0,445.0
50.0,12.0,50.0,445.0
-50.0,14.0,50.0,439.0
-48.0,14.0,50.0,439.0
-46.0,14.0,50.0,439.0
-44.0,14.0,50.0,439.0
-42.0,14.0,50.0,439.0
-40.0,14.0,50.0,439.0
-38.0,14.0,50.0,439.0
-36.0,14.0,50.0,54.0
-34.0,14.0,50.0,54.0
-32.0,14.0,50.0,78.0
-30.0,14.0,50.0,78.0
-28.0,14.0,50.0,78.0
-26.0,14.0,50.0,78.0
-24.0,14.0,50.0,78.0
-22.0,14.0,50.0,78.0
-20.0,14.0,50.0,78.0
-12.0,14.0,50.0,200.0
-10.0,14.0,50.0,200.0
-8.0,14.0,50.0,200.0
-6.0,14.0,50.0,9.0
-4.0,14.0,50.0,9.0
-2.0,14.0,50.0,9.0
2.0,14.0,50.0,9.0
4.0,14.0,50.0,9.0
6.0,14.0,50.0,9.0
8.0,14.0,50.0,563.0
10.0,14.0,50.0,563.0
18.0,14.0,50.0,63.0
20.0,14.0,50.0,63.0
22.0,14.0,50.0,63.0
24.0,14.0,50.0,63.0
26.0,14.0,50.0,63.0
28.0,14.0,50.0,470.0
30.0,14.0,50.0,470.0
32.0,14.0,50.0,470.0
34.0,14.0,50.0,470.0
36.0,14.0,50.0,470.0
38.0,14.0,50.0,470.0
40.0,14.0,50.0,470.0
42.0,14.0,50.0,470.0
44.0,14.0,50.0,403.0
46.0,14.0,50.0,403.0
48.0,14.0,50.0,445.0
-50.0,16.0,50.0,439.0
-48.0,16.0,50.0,439.0
-46.0,16.0,50.0,439.0
-44.0,16.0,50.0,439.0
-42.0,16.0,50.0,439.0
-40.0,16.0,50.0,439.0
-38.0,16.0,50.0,54.0
-36.0,16.0,50.0,54.0
-34.0,16.0,50.0,54.0
-32.0,16.0,50.0,78.0
-30.0,16.0,50.0,78.0
-28.0,16.0,50.0,78.0
-26.0,16.0,50.0,78.0
-24.0,16.0,50.0,78.0
-22.0,16.0,50.0,78.0
-20.0,16.0,50.0,78.0
-12.0,16.0,50.0,200.0
-10.0,16.0,50.0,200.0
-8.0,16.0,50.0,200.0
-6.0,16.0,50.0,200.0
-4.0,16.0,50.0,9.0
-2.0,16.0,50.0,9.0
2.0,16.0,50.0,9.0
4.0,16.0,50.0,9.0
6.0,16.0,50.0,9.0
8.0,16.0,50.0,563.0
18.0,16.0,50.0,63.0
20.0,16.0,50.0,63.0
22.0,16.0,50.0,63.0
24.0,16.0,50.0,63.0
26.0,16.0,50.0,63.0
28.0,16.0,50.0,470.0
30.0,16.0,50.0,470.0
32.0,16.0,50.0,470.0
34.0,16.0,50.0,470.0
36.0,16.0,50.0,470.0
38.0,16.0,50.0,470.0
40.0,16.0,50.0,470.0
42.0,16.0,50.0,470.0
44.0,16.0,50.0,403.0
46.0,16.0,50.0,403.0
48.0,16.0,50.0,445.0
-48.0,18.0,50.0,439.0
-46.0,18.0,50.0,439.0
-44.0,18.0,50.0,439.0
-42.0,18.0,50.0,439.0
-40.0,18.0,50.0,54.0
-38.0,18.0,50.0,54.0
-36.0,18.0,50.0,54.0
-34.0,18.0,50.0,54.0
-32.0,18.0,50.0,78.0
-30.0,18.0,50.0,78.0
-28.0,18.0,50.0,78.0
-26.0,18.0,50.0,78.0
-24.0,18.0,50.0,78.0
-22.0,18.0,50.0,78.0
-20.0,18.0,50.0,78.0
-10.0,18.0,50.0,200.0
-8.0,18.0,50.0,200.0
-6.0,18.0,50.0,200.0
-4.0,18.0,50.0,9.0
-2.0,18.0,50.0,9.0
2.0,18.0,50.0,9.0
4.0,18.0,50.0,9.0
6.0,18.0,50.0,9.0
8.0,18.0,50.0,9.0
18.0,18.0,50.0,63.0
20.0,18.0,50.0,63.0
22.0,18.0,50.0,63.0
24.0,18.0,50.0,63.0
26.0,18.0,50.0,63.0
28.0,18.0,50.0,63.0
30.0,18.0,50.0,470.0
32.0,18.0,50.0,470.0
34.0,18.0,50.0,470.0
36.0,18.0,50.0,470.0
38.0,18.0,50.0,470.0
40.0,18.0,50.0,470.0
42.0,18.0,50.0,470.0
44.0,18.0,50.0,403.0
46.0,18.0,50.0,445.0
-48.0,20.0,50.0,439.0
-46.0,20.0,50.0,439.0
-44.0,20.0,50.0,439.0
-42.0,20.0,50.0,54.0
-40.0,20.0,50.0,54.0
-38.0,20.0,50.0,54.0
-36.0,20.0,50.0,54.0
-34.0,20.0,50.0,54.0
-32.0,20.0,50.0,78.0
-30.0,20.0,50.0,78.0
-28.0,20.0,50.0,78.0
-26.0,20.0,50.0,78.0
-24.0,20.0,50.0,78.0
-22.0,20.0,50.0,78.0
-20.0,20.0,50.0,78.0
-8.0,20.0,50.0,200.0
-6.0,20.0,50.0,200.0
-4.0,20.0,50.0,217.0
-2.0,20.0,50.0,217.0
2.0,20.0,50.0,9.0
4.0,20.0,50.0,9.0
6.0,20.0,50.0,9.0
8.0,20.0,50.0,9.0
16.0,20.0,50.0,63.0
18.0,20.0,50.0,63.0
20.0,20.0,50.0,63.0
22.0,20.0,50.0,63.0
24.0,20.0,50.0,63.0
26.0,20.0,50.0,63.0
28.0,20.0,50.0,63.0
30.0,20.0,50.0,470.0
32.0,20.0,50.0,470.0
38.0,20.0,50.0,470.0
40.0,20.0,50.0,470.0
42.0,20.0,50.0,470.0
44.0,20.0,50.0,403.0
46.0,20.0,50.0,445.0
-46.0,22.0,50.0,54.0
-44.0,22.0,50.0,54.0
-42.0,22.0,50.0,54.0
-40.0,22.0,50.0,54.0
-38.0,22.0,50.0,54.0
-36.0,22.0,50.0,54.0
-34.0,22.0,50.0,1.0
-32.0,22.0,50.0,1.0
-30.0,22.0,50.0,78.0
-28.0,22.0,50.0,78.0
-26.0,22.0,50.0,78.0
-24.0,22.0,50.0,78.0
-22.0,22.0,50.0,78.0
-20.0,22.0,50.0,78.0
-10.0,22.0,50.0,217.0
-8.0,22.0,50.0,217.0
-6.0,22.0,50.0,217.0
-4.0,22.0,50.0,217.0
-2.0,22.0,50.0,217.0
2.0,22.0,50.0,217.0
4.0,22.0,50.0,217.0
6.0,22.0,50.0,217.0
8.0,22.0,50.0,255.0
16.0,22.0,50.0,63.0
18.0,22.0,50.0,63.0
20.0,22.0,50.0,63.0
22.0,22.0,50.0,63.0
24.0,22.0,50.0,63.0
26.0,22.0,50.0,63.0
28.0,22.0,50.0,167.0
30.0,22.0,50.0,167.0
32.0,22.0,50.0,470.0
34.0,22.0,50.0,470.0
36.0,22.0,50.0,470.0
38.0,22.0,50.0,470.0
40.0,22.0,50.0,470.0
42.0,22.0,50.0,470.0
44.0,22.0,50.0,470.0
-44.0,24.0,50.0,54.0
-42.0,24.0,50.0,54.0
-40.0,24.0,50.0,54.0
-38.0,24.0,50.0,54.0
-36.0,24.0,50.0,54.0
-34.0,24.0,50.0,1.0
-32.0,24.0,50.0,1.0
-30.0,24.0,50.0,78.0
-28.0,24.0,50.0,78.0
-26.0,24.0,50.0,78.0
-24.0,24.0,50.0,78.0
-22.0,24.0,50.0,453.0
-20.0,24.0,50.0,453.0
-18.0,24.0,50.0,453.0
-10.0,24.0,50.0,217.0
-8.0,24.0,50.0,217.0
-6.0,24.0,50.0,217.0
-4.0,24.0,50.0,217.0
-2.0,24.0,50.0,217.0
2.0,24.0,50.0,217.0
4.0,24.0,50.0,217.0
6.0,24.0,50.0,255.0
8.0,24.0,50.0,255.0
16.0,24.0,50.0,63.0
18.0,24.0,50.0,63.0
20.0,24.0,50.0,63.0
22.0,24.0,50.0,63.0
24.0,24.0,50.0,63.0
26.0,24.0,50.0,63.0
28.0,24.0,50.0,167.0
30.0,24.0,50.0,167.0
32.0,24.0,50.0,167.0
34.0,24.0,50.0,470.0
36.0,24.0,50.0,470.0
38.0,24.0,50.0,470.0
40.0,24.0,50.0,470.0
42.0,24.0,50.0,470.0
-42.0,26.0,50.0,368.0
-40.0,26.0,50.0,54.0
-38.0,26.0,50.0,54.0
-36.0,26.0,50.0,1.0
-34.0,26.0,50.0,1.0
-32.0,26.0,50.0,1.0
-30.0,26.0,50.0,1.0
-28.0,26.0,50.0,78.0
-26.0,26.0,50.0,453.0
-24.0,26.0,50.0,453.0
-22.0,26.0,50.0,453.0
-20.0,26.0,50.0,453.0
-18.0,26.0,50.0,453.0
-10.0,26.0,50.0,217.0
-8.0,26.0,50.0,217.0
-6.0,26.0,50.0,217.0
-4.0,26.0,50.0,217.0
2.0,26.0,50.0,217.0
4.0,26.0,50.0,217.0
6.0,26.0,50.0,255.0
8.0,26.0,50.0,255.0
16.0,26.0,50.0,63.0
18.0,26.0,50.0,63.0
20.0,26.0,50.0,63.0
22.0,26.0,50.0,63.0
24.0,26.0,50.0,317.0
26.0,26.0,50.0,317.0
28.0,26.0,50.0,167.0
30.0,26.0,50.0,167.0
32.0,26.0,50.0,167.0
34.0,26.0,50.0,167.0
36.0,26.0,50.0,167.0
38.0,26.0,50.0,470.0
40.0,26.0,50.0,470.0
-42.0,28.0,50.0,368.0
-40.0,28.0,50.0,368.0
-38.0,28.0,50.0,368.0
-36.0,28.0,50.0,1.0
-34.0,28.0,50.0,1.0
-32.0,28.0,50.0,1.0
-30.0,28.0,50.0,1.0
-28.0,28.0,50.0,453.0
-26.0,28.0,50.0,453.0
-24.0,28.0,50.0,453.0
-22.0,28.0,50.0,453.0
-20.0,28.0,50.0,453.0
-18.0,28.0,50.0,453.0
-16.0,28.0,50.0,453.0
-10.0,28.0,50.0,217.0
-8.0,28.0,50.0,217.0
-6.0,28.0,50.0,217.0
-4.0,28.0,50.0,217.0
2.0,28.0,50.0,217.0
4.0,28.0,50.0,217.0
6.0,28.0,50.0,255.0
8.0,28.0,50.0,255.0
16.0,28.0,50.0,63.0
18.0,28.0,50.0,63.0
20.0,28.0,50.0,317.0
22.0,28.0,50.0,317.0
24.0,28.0,50.0,317.0
26.0,28.0,50.0,317.0
28.0,28.0,50.0,317.0
30.0,28.0,50.0,167.0
32.0,28.0,50.0,167.0
34.0,28.0,50.0,167.0
36.0,28.0,50.0,167.0
38.0,28.0,50.0,167.0
-40.0,30.0,50.0,368.0
-38.0,30.0,50.0,368.0
-36.0,30.0,50.0,1.0
-34.0,30.0,50.0,1.0
-32.0,30.0,50.0,1.0
-30.0,30.0,50.0,1.0
-28.0,30.0,50.0,453.0
-26.0,30.0,50.0,453.0
-24.0,30.0,50.0,453.0
-22.0,30.0,50.0,453.0
-20.0,30.0,50.0,453.0
-18.0,30.0,50.0,453.0
-16.0,30.0,50.0,453.0
-10.0,30.0,50.0,217.0
-8.0,30.0,50.0,217.0
-6.0,30.0,50.0,217.0
-4.0,30.0,50.0,217.0
-2.0,30.0,50.0,217.0
2.0,30.0,50.0,217.0
4.0,30.0,50.0,255.0
6.0,30.0,50.0,255.0
8.0,30.0,50.0,255.0
16.0,30.0,50.0,255.0
18.0,30.0,50.0,317.0
20.0,30.0,50.0,317.0
22.0,30.0,50.0,317.0
24.0,30.0,50.0,317.0
26.0,30.0,50.0,317.0
28.0,30.0,50.0,317.0
30.0,30.0,50.0,317.0
32.0,30.0,50.0,167.0
34.0,30.0,50.0,167.0
36.0,30.0,50.0,167.0
-38.0,32.0,50.0,368.0
-36.0,32.0,50.0,368.0
-34.0,32.0,50.0,1.0
-32.0,32.0,50.0,1.0
-30.0,32.0,50.0,1.0
-28.0,32.0,50.0,453.0
-26.0,32.0,50.0,453.0
-24.0,32.0,50.0,453.0
-22.0,32.0,50.0,453.0
-20.0,32.0,50.0,453.0
-18.0,32.0,50.0,453.0
-16.0,32.0,50.0,453.0
-8.0,32.0,50.0,217.0
-6.0,32.0,50.0,217.0
-4.0,32.0,50.0,217.0
-2.0,32.0,50.0,217.0
2.0,32.0,50.0,217.0
4.0,32.0,50.0,255.0
6.0,32.0,50.0,255.0
8.0,32.0,50.0,255.0
10.0,32.0,50.0,255.0
12.0,32.0,50.0,255.0
14.0,32.0,50.0,255.0
16.0,32.0,50.0,255.0
18.0,32.0,50.0,317.0
20.0,32.0,50.0,317.0
22.0,32.0,50.0,317.0
24.0,32.0,50.0,317.0
26.0,32.0,50.0,317.0
28.0,32.0,50.0,317.0
30.0,32.0,50.0,317.0
32.0,32.0,50.0,317.0
34.0,32.0,50.0,167.0
-36.0,34.0,50.0,368.0
-34.0,34.0,50.0,368.0
-32.0,34.0,50.0,1.0
-30.0,34.0,50.0,386.0
-28.0,34.0,50.0,453.0
-26.0,34.0,50.0,453.0
-24.0,34.0,50.0,453.0
-22.0,34.0,50.0,453.0
-20.0,34.0,50.0,453.0
-18.0,34.0,50.0,453.0
-16.0,34.0,50.0,453.0
-14.0,34.0,50.0,453.0
-8.0,34.0,50.0,217.0
-6.0,34.0,50.0,217.0
-4.0,34.0,50.0,217.0
-2.0,34.0,50.0,217.0
2.0,34.0,50.0,217.0
4.0,34.0,50.0,255.0
6.0,34.0,50.0,255.0
8.0,34.0,50.0,255.0
10.0,34.0,50.0,255.0
12.0,34.0,50.0,255.0
14.0,34.0,50.0,255.0
16.0,34.0,50.0,255.0
18.0,34.0,50.0,317.0
20.0,34.0,50.0,317.0
22.0,34.0,50.0,317.0
24.0,34.0,50.0,317.0
26.0,34.0,50.0,317.0
28.0,34.0,50.0,317.0
30.0,34.0,50.0,317.0
32.0,34.0,50.0,317.0
-32.0,36.0,50.0,386.0
-30.0,36.0,50.0,386.0
-28.0,36.0,50.0,386.0
-26.0,36.0,50.0,453.0
-24.0,36.0,50.0,453.0
-22.0,36.0,50.0,453.0
-20.0,36.0,50.0,453.0
-18.0,36.0,50.0,453.0
-16.0,36.0,50.0,453.0
-14.0,36.0,50.0,399.0
-12.0,36.0,50.0,399.0
-10.0,36.0,50.0,399.0
-8.0,36.0,50.0,39.0
-6.0,36.0,50.0,39.0
-4.0,36.0,50.0,517.0
-2.0,36.0,50.0,126.0
2.0,36.0,50.0,126.0
4.0,36.0,50.0,126.0
6.0,36.0,50.0,126.0
8.0,36.0,50.0,126.0
10.0,36.0,50.0,255.0
12.0,36.0,50.0,255.0
14.0,36.0,50.0,255.0
16.0,36.0,50.0,255.0
18.0,36.0,50.0,317.0
20.0,36.0,50.0,317.0
22.0,36.0,50.0,317.0
24.0,36.0,50.0,317.0
26.0,36.0,50.0,317.0
28.0,36.0,50.0,317.0
30.0,36.0,50.0,317.0
-30.0,38.0,50.0,386.0
-28.0,38.0,50.0,386.0
-26.0,38.0,50.0,453.0
-24.0,38.0,50.0,453.0
-22.0,38.0,50.0,453.0
-20.0,38.0,50.0,453.0
-18.0,38.0,50.0,453.0
-16.0,38.0,50.0,399.0
-14.0,38.0,50.0,399.0
-12.0,38.0,50.0,399.0
-10.0,38.0,50.0,39.0
-8.0,38.0,50.0,39.0
-6.0,38.0,50.0,39.0
-4.0,38.0,50.0,39.0
-2.0,38.0,50.0,126.0
2.0,38.0,50.0,126.0
4.0,38.0,50.0,126.0
6.0,38.0,50.0,126.0
10.0,38.0,50.0,126.0
12.0,38.0,50.0,126.0
14.0,38.0,50.0,126.0
16.0,38.0,50.0,126.0
18.0,38.0,50.0,317.0
20.0,38.0,50.0,317.0
22.0,38.0,50.0,317.0
24.0,38.0,50.0,317.0
26.0,38.0,50.0,317.0
-28.0,40.0,50.0,386.0
-26.0,40.0,50.0,386.0
-24.0,40.0,50.0,453.0
-22.0,40.0,50.0,453.0
-20.0,40.0,50.0,453.0
-18.0,40.0,50.0,399.0
-16.0,40.0,50.0,399.0
-14.0,40.0,50.0,399.0
-12.0,40.0,50.0,39.0
-10.0,40.0,50.0,39.0
-8.0,40.0,50.0,39.0
-6.0,40.0,50.0,39.0
-4.0,40.0,50.0,39.0
-2.0,40.0,50.0,126.0
2.0,40.0,50.0,126.0
4.0,40.0,50.0,126.0
6.0,40.0,50.0,126.0
8.0,40.0,50.0,126.0
10.0,40.0,50.0,126.0
12.0,40.0,50.0,126.0
14.0,40.0,50.0,126.0
16.0,40.0,50.0,126.0
18.0,40.0,50.0,126.0
20.0,40.0,50.0,317.0
22.0,40.0,50.0,317.0
24.0,40.0,50.0,317.0
-26.0,42.0,50.0,291.0
-24.0,42.0,50.0,291.0
-22.0,42.0,50.0,291.0
-20.0,42.0,50.0,399.0
-18.0,42.0,50.0,399.0
-16.0,42.0,50.0,399.0
-14.0,42.0,50.0,39.0
-12.0,42.0,50.0,39.0
-10.0,42.0,50.0,39.0
-8.0,42.0,50.0,39.0
-6.0,42.0,50.0,39.0
-4.0,42.0,50.0,39.0
-2.0,42.0,50.0,39.0
2.0,42.0,50.0,126.0
4.0,42.0,50.0,126.0
6.0,42.0,50.0,126.0
8.0,42.0,50.0,126.0
10.0,42.0,50.0,126.0
12.0,42.0,50.0,126.0
14.0,42.0,50.0,126.0
16.0,42.0,50.0,126.0
18.0,42.0,50.0,126.0
20.0,42.0,50.0,317.0
22.0,42.0,50.0,317.0
-22.0,44.0,50.0,281.0
-20.0,44.0,50.0,281.0
-18.0,44.0,50.0,281.0
-16.0,44.0,50.0,39.0
-14.0,44.0,50.0,39.0
-12.0,44.0,50.0,39.0
-10.0,44.0,50.0,39.0
-8.0,44.0,50.0,39.0
-6.0,44.0,50.0,39.0
-4.0,44.0,50.0,39.0
-2.0,44.0,50.0,39.0
2.0,44.0,50.0,126.0
4.0,44.0,50.0,126.0
6.0,44.0,50.0,126.0
8.0,44.0,50.0,126.0
10.0,44.0,50.0,126.0
12.0,44.0,50.0,126.0
14.0,44.0,50.0,126.0
16.0,44.0,50.0,126.0
18.0,44.0,50.0,126.0
-20.0,46.0,50.0,281.0
-18.0,46.0,50.0,458.0
-16.0,46.0,50.0,458.0
-14.0,46.0,50.0,458.0
-12.0,46.0,50.0,39.0
-10.0,46.0,50.0,39.0
-8.0,46.0,50.0,39.0
-6.0,46.0,50.0,39.0
-4.0,46.0,50.0,39.0
-2.0,46.0,50.0,39.0
2.0,46.0,50.0,126.0
4.0,46.0,50.0,126.0
6.0,46.0,50.0,126.0
8.0,46.0,50.0,126.0
10.0,46.0,50.0,126.0
12.0,46.0,50.0,126.0
14.0,46.0,50.0,126.0
16.0,46.0,50.0,126.0
-16.0,48.0,50.0,458.0
-14.0,48.0,50.0,458.0
-12.0,48.0,50.0,458.0
-10.0,48.0,50.0,458.0
-8.0,48.0,50.0,39.0
-6.0,48.0,50.0,39.0
-4.0,48.0,50.0,39.0
-2.0,48.0,50.0,39.0
4.0,48.0,50.0,126.0
6.0,48.0,50.0,126.0
8.0,48.0,50.0,126.0
10.0,48.0,50.0,126.0
-12.0,50.0,50.0,458.0
-10.0,50.0,50.0,458.0
-8.0,50.0,50.0,458.0
-6.0,50.0,50.0,458.0
6.0,50.0,50.0,126.0
8.0,50.0,50.0,126.0
10.0,-82.0,52.0,186.0
12.0,-82.0,52.0,135.0
14.0,-82.0,52.0,135.0
16.0,-82.0,52.0,135.0
18.0,-82.0,52.0,135.0
-16.0,-80.0,52.0,312.0
-14.0,-80.0,52.0,155.0
-12.0,-80.0,52.0,155.0
-10.0,-80.0,52.0,155.0
4.0,-80.0,52.0,155.0
6.0,-80.0,52.0,176.0
8.0,-80.0,52.0,176.0
10.0,-80.0,52.0,186.0
12.0,-80.0,52.0,135.0
14.0,-80.0,52.0,135.0
16.0,-80.0,52.0,135.0
18.0,-80.0,52.0,135.0
20.0,-80.0,52.0,135.0
22.0,-80.0,52.0,135.0
-30.0,-78.0,52.0,512.0
-28.0,-78.0,52.0,312.0
-24.0,-78.0,52.0,312.0
-22.0,-78.0,52.0,312.0
-20.0,-78.0,52.0,312.0
-18.0,-78.0,52.0,312.0
-16.0,-78.0,52.0,312.0
-14.0,-78.0,52.0,155.0
-12.0,-78.0,52.0,155.0
-10.0,-78.0,52.0,155.0
-8.0,-78.0,52.0,155.0
2.0,-78.0,52.0,155.0
4.0,-78.0,52.0,176.0
6.0,-78.0,52.0,176.0
8.0,-78.0,52.0,176.0
10.0,-78.0,52.0,176.0
12.0,-78.0,52.0,176.0
14.0,-78.0,52.0,135.0
16.0,-78.0,52.0,135.0
18.0,-78.0,52.0,135.0
20.0,-78.0,52.0,135.0
22.0,-78.0,52.0,135.0
24.0,-78.0,52.0,135.0
-34.0,-76.0,52.0,512.0
-32.0,-76.0,52.0,512.0
-30.0,-76.0,52.0,512.0
-28.0,-76.0,52.0,312.0
-26.0,-76.0,52.0,312.0
-24.0,-76.0,52.0,312.0
-22.0,-76.0,52.0,312.0
-20.0,-76.0,52.0,312.0
-18.0,-76.0,52.0,312.0
-16.0,-76.0,52.0,312.0
-14.0,-76.0,52.0,155.0
-12.0,-76.0,52.0,155.0
-10.0,-76.0,52.0,155.0
-8.0,-76.0,52.0,155.0
0.0,-76.0,52.0,155.0
2.0,-76.0,52.0,155.0
4.0,-76.0,52.0,176.0
6.0,-76.0,52.0,176.0
8.0,-76.0,52.0,176.0
10.0,-76.0,52.0,176.0
12.0,-76.0,52.0,176.0
14.0,-76.0,52.0,176.0
16.0,-76.0,52.0,135.0
18.0,-76.0,52.0,135.0
20.0,-76.0,52.0,135.0
22.0,-76.0,52.0,135.0
24.0,-76.0,52.0,135.0
26.0,-76.0,52.0,135.0
-36.0,-74.0,52.0,512.0
-34.0,-74.0,52.0,512.0
-32.0,-74.0,52.0,512.0
-30.0,-74.0,52.0,512.0
-28.0,-74.0,52.0,512.0
-26.0,-74.0,52.0,312.0
-24.0,-74.0,52.0,312.0
-22.0,-74.0,52.0,312.0
-20.0,-74.0,52.0,312.0
-18.0,-74.0,52.0,312.0
-16.0,-74.0,52.0,312.0
-14.0,-74.0,52.0,155.0
-12.0,-74.0,52.0,155.0
-10.0,-74.0,52.0,155.0
-8.0,-74.0,52.0,155.0
-6.0,-74.0,52.0,155.0
-4.0,-74.0,52.0,155.0
0.0,-74.0,52.0,155.0
2.0,-74.0,52.0,155.0
4.0,-74.0,52.0,176.0
6.0,-74.0,52.0,176.0
8.0,-74.0,52.0,176.0
10.0,-74.0,52.0,176.0
12.0,-74.0,52.0,176.0
14.0,-74.0,52.0,176.0
16.0,-74.0,52.0,176.0
18.0,-74.0,52.0,135.0
20.0,-74.0,52.0,135.0
22.0,-74.0,52.0,561.0
24.0,-74.0,52.0,561.0
26.0,-74.0,52.0,561.0
32.0,-74.0,52.0,88.0
34.0,-74.0,52.0,88.0
36.0,-74.0,52.0,88.0
-38.0,-72.0,52.0,512.0
-36.0,-72.0,52.0,512.0
-34.0,-72.0,52.0,512.0
-32.0,-72.0,52.0,512.0
-30.0,-72.0,52.0,512.0
-28.0,-72.0,52.0,512.0
-26.0,-72.0,52.0,312.0
-24.0,-72.0,52.0,312.0
-22.0,-72.0,52.0,312.0
-20.0,-72.0,52.0,312.0
-18.0,-72.0,52.0,312.0
-16.0,-72.0,52.0,312.0
-14.0,-72.0,52.0,155.0
-12.0,-72.0,52.0,155.0
-10.0,-72.0,52.0,155.0
-8.0,-72.0,52.0,155.0
-6.0,-72.0,52.0,155.0
-4.0,-72.0,52.0,155.0
-2.0,-72.0,52.0,155.0
0.0,-72.0,52.0,155.0
2.0,-72.0,52.0,266.0
4.0,-72.0,52.0,266.0
6.0,-72.0,52.0,176.0
8.0,-72.0,52.0,176.0
10.0,-72.0,52.0,176.0
12.0,-72.0,52.0,176.0
14.0,-72.0,52.0,176.0
16.0,-72.0,52.0,176.0
18.0,-72.0,52.0,561.0
20.0,-72.0,52.0,561.0
22.0,-72.0,52.0,561.0
24.0,-72.0,52.0,561.0
26.0,-72.0,52.0,561.0
30.0,-72.0,52.0,88.0
32.0,-72.0,52.0,88.0
34.0,-72.0,52.0,88.0
36.0,-72.0,52.0,88.0
38.0,-72.0,52.0,88.0
40.0,-72.0,52.0,88.0
-42.0,-70.0,52.0,512.0
-40.0,-70.0,52.0,512.0
-38.0,-70.0,52.0,512.0
-36.0,-70.0,52.0,512.0
-34.0,-70.0,52.0,512.0
-32.0,-70.0,52.0,512.0
-30.0,-70.0,52.0,512.0
-28.0,-70.0,52.0,512.0
-26.0,-70.0,52.0,512.0
-24.0,-70.0,52.0,312.0
-22.0,-70.0,52.0,312.0
-20.0,-70.0,52.0,312.0
-18.0,-70.0,52.0,312.0
-16.0,-70.0,52.0,312.0
-14.0,-70.0,52.0,56.0
-12.0,-70.0,52.0,155.0
-10.0,-70.0,52.0,155.0
-8.0,-70.0,52.0,155.0
-6.0,-70.0,52.0,155.0
-4.0,-70.0,52.0,155.0
-2.0,-70.0,52.0,155.0
0.0,-70.0,52.0,266.0
2.0,-70.0,52.0,266.0
4.0,-70.0,52.0,266.0
6.0,-70.0,52.0,176.0
8.0,-70.0,52.0,176.0
10.0,-70.0,52.0,176.0
12.0,-70.0,52.0,176.0
14.0,-70.0,52.0,176.0
16.0,-70.0,52.0,176.0
18.0,-70.0,52.0,561.0
20.0,-70.0,52.0,561.0
22.0,-70.0,52.0,561.0
24.0,-70.0,52.0,561.0
26.0,-70.0,52.0,561.0
28.0,-70.0,52.0,561.0
30.0,-70.0,52.0,88.0
32.0,-70.0,52.0,88.0
34.0,-70.0,52.0,88.0
36.0,-70.0,52.0,88.0
38.0,-70.0,52.0,88.0
40.0,-70.0,52.0,88.0
42.0,-70.0,52.0,88.0
-44.0,-68.0,52.0,512.0
-42.0,-68.0,52.0,512.0
-40.0,-68.0,52.0,512.0
-38.0,-68.0,52.0,512.0
-36.0,-68.0,52.0,512.0
-34.0,-68.0,52.0,512.0
-32.0,-68.0,52.0,512.0
-30.0,-68.0,52.0,512.0
-28.0,-68.0,52.0,512.0
-26.0,-68.0,52.0,512.0
-24.0,-68.0,52.0,346.0
-22.0,-68.0,52.0,346.0
-20.0,-68.0,52.0,312.0
-18.0,-68.0,52.0,312.0
-16.0,-68.0,52.0,56.0
-14.0,-68.0,52.0,56.0
-12.0,-68.0,52.0,56.0
-10.0,-68.0,52.0,56.0
-8.0,-68.0,52.0,155.0
-6.0,-68.0,52.0,155.0
-4.0,-68.0,52.0,155.0
-2.0,-68.0,52.0,433.0
0.0,-68.0,52.0,266.0
2.0,-68.0,52.0,266.0
4.0,-68.0,52.0,266.0
6.0,-68.0,52.0,266.0
8.0,-68.0,52.0,176.0
10.0,-68.0,52.0,176.0
12.0,-68.0,52.0,176.0
14.0,-68.0,52.0,176.0
16.0,-68.0,52.0,561.0
18.0,-68.0,52.0,561.0
20.0,-68.0,52.0,561.0
22.0,-68.0,52.0,561.0
24.0,-68.0,52.0,561.0
26.0,-68.0,52.0,561.0
28.0,-68.0,52.0,561.0
30.0,-68.0,52.0,88.0
32.0,-68.0,52.0,88.0
34.0,-68.0,52.0,88.0
36.0,-68.0,52.0,88.0
38.0,-68.0,52.0,88.0
40.0,-68.0,52.0,88.0
42.0,-68.0,52.0,88.0
-46.0,-66.0,52.0,599.0
-44.0,-66.0,52.0,599.0
-42.0,-66.0,52.0,512.0
-40.0,-66.0,52.0,512.0
-38.0,-66.0,52.0,512.0
-36.0,-66.0,52.0,512.0
-34.0,-66.0,52.0,512.0
-32.0,-66.0,52.0,512.0
-30.0,-66.0,52.0,512.0
-28.0,-66.0,52.0,512.0
-26.0,-66.0,52.0,346.0
-24.0,-66.0,52.0,346.0
-22.0,-66.0,52.0,346.0
-20.0,-66.0,52.0,346.0
-18.0,-66.0,52.0,346.0
-16.0,-66.0,52.0,56.0
-14.0,-66.0,52.0,56.0
-12.0,-66.0,52.0,56.0
-10.0,-66.0,52.0,56.0
-8.0,-66.0,52.0,56.0
-6.0,-66.0,52.0,433.0
-4.0,-66.0,52.0,433.0
-2.0,-66.0,52.0,433.0
0.0,-66.0,52.0,266.0
2.0,-66.0,52.0,266.0
4.0,-66.0,52.0,266.0
6.0,-66.0,52.0,266.0
8.0,-66.0,52.0,176.0
10.0,-66.0,52.0,176.0
12.0,-66.0,52.0,176.0
14.0,-66.0,52.0,176.0
16.0,-66.0,52.0,561.0
18.0,-66.0,52.0,561.0
20.0,-66.0,52.0,561.0
22.0,-66.0,52.0,561.0
24.0,-66.0,52.0,561.0
26.0,-66.0,52.0,561.0
28.0,-66.0,52.0,561.0
30.0,-66.0,52.0,88.0
32.0,-66.0,52.0,88.0
34.0,-66.0,52.0,88.0
36.0,-66.0,52.0,88.0
38.0,-66.0,52.0,88.0
40.0,-66.0,52.0,88.0
42.0,-66.0,52.0,387.0
44.0,-66.0,52.0,387.0
46.0,-66.0,52.0,387.0
-48.0,-64.0,52.0,600.0
-46.0,-64.0,52.0,599.0
-44.0,-64.0,52.0,599.0
-42.0,-64.0,52.0,512.0
-40.0,-64.0,52.0,512.0
-38.0,-64.0,52.0,512.0
-36.0,-64.0,52.0,512.0
-34.0,-64.0,52.0,512.0
-32.0,-64.0,52.0,512.0
-30.0,-64.0,52.0,512.0
-28.0,-64.0,52.0,182.0
-26.0,-64.0,52.0,346.0
-24.0,-64.0,52.0,346.0
-22.0,-64.0,52.0,346.0
-20.0,-64.0,52.0,346.0
-18.0,-64.0,52.0,346.0
-16.0,-64.0,52.0,56.0
-14.0,-64.0,52.0,56.0
-12.0,-64.0,52.0,56.0
-10.0,-64.0,52.0,56.0
-8.0,-64.0,52.0,56.0
-6.0,-64.0,52.0,433.0
-4.0,-64.0,52.0,433.0
-2.0,-64.0,52.0,433.0
0.0,-64.0,52.0,433.0
2.0,-64.0,52.0,266.0
4.0,-64.0,52.0,266.0
6.0,-64.0,52.0,266.0
8.0,-64.0,52.0,266.0
10.0,-64.0,52.0,176.0
12.0,-64.0,52.0,176.0
14.0,-64.0,52.0,176.0
16.0,-64.0,52.0,561.0
18.0,-64.0,52.0,561.0
20.0,-64.0,52.0,561.0
22.0,-64.0,52.0,561.0
24.0,-64.0,52.0,561.0
26.0,-64.0,52.0,561.0
28.0,-64.0,52.0,561.0
30.0,-64.0,52.0,402.0
32.0,-64.0,52.0,88.0
34.0,-64.0,52.0,88.0
36.0,-64.0,52.0,88.0
38.0,-64.0,52.0,88.0
40.0,-64.0,52.0,387.0
42.0,-64.0,52.0,387.0
44.0,-64.0,52.0,387.0
46.0,-64.0,52.0,387.0
48.0,-64.0,52.0,387.0
-50.0,-62.0,52.0,600.0
-48.0,-62.0,52.0,599.0
-46.0,-62.0,52.0,599.0
-44.0,-62.0,52.0,599.0
-42.0,-62.0,52.0,599.0
-40.0,-62.0,52.0,512.0
-38.0,-62.0,52.0,512.0
-36.0,-62.0,52.0,512.0
-34.0,-62.0,52.0,512.0
-32.0,-62.0,52.0,182.0
-30.0,-62.0,52.0,182.0
-28.0,-62.0,52.0,182.0
-26.0,-62.0,52.0,182.0
-24.0,-62.0,52.0,182.0
-22.0,-62.0,52.0,346.0
-20.0,-62.0,52.0,346.0
-18.0,-62.0,52.0,346.0
-16.0,-62.0,52.0,56.0
-14.0,-62.0,52.0,56.0
-12.0,-62.0,52.0,56.0
-10.0,-62.0,52.0,56.0
-8.0,-62.0,52.0,56.0
-6.0,-62.0,52.0,433.0
-4.0,-62.0,52.0,433.0
-2.0,-62.0,52.0,433.0
0.0,-62.0,52.0,433.0
2.0,-62.0,52.0,266.0
4.0,-62.0,52.0,266.0
6.0,-62.0,52.0,266.0
8.0,-62.0,52.0,266.0
10.0,-62.0,52.0,389.0
12.0,-62.0,52.0,389.0
14.0,-62.0,52.0,561.0
16.0,-62.0,52.0,561.0
18.0,-62.0,52.0,561.0
20.0,-62.0,52.0,561.0
22.0,-62.0,52.0,561.0
24.0,-62.0,52.0,561.0
26.0,-62.0,52.0,561.0
28.0,-62.0,52.0,561.0
30.0,-62.0,52.0,402.0
32.0,-62.0,52.0,402.0
34.0,-62.0,52.0,402.0
36.0,-62.0,52.0,83.0
38.0,-62.0,52.0,387.0
40.0,-62.0,52.0,387.0
42.0,-62.0,52.0,387.0
44.0,-62.0,52.0,387.0
46.0,-62.0,52.0,387.0
48.0,-62.0,52.0,387.0
-50.0,-60.0,52.0,600.0
-48.0,-60.0,52.0,599.0
-46.0,-60.0,52.0,599.0
-44.0,-60.0,52.0,599.0
-42.0,-60.0,52.0,599.0
-40.0,-60.0,52.0,599.0
-38.0,-60.0,52.0,512.0
-36.0,-60.0,52.0,182.0
-34.0,-60.0,52.0,182.0
-32.0,-60.0,52.0,182.0
-30.0,-60.0,52.0,182.0
-28.0,-60.0,52.0,182.0
-26.0,-60.0,52.0,182.0
-24.0,-60.0,52.0,182.0
-22.0,-60.0,52.0,182.0
-20.0,-60.0,52.0,182.0
-18.0,-60.0,52.0,346.0
-16.0,-60.0,52.0,56.0
-14.0,-60.0,52.0,56.0
-12.0,-60.0,52.0,56.0
-10.0,-60.0,52.0,56.0
-8.0,-60.0,52.0,56.0
-6.0,-60.0,52.0,433.0
-4.0,-60.0,52.0,433.0
-2.0,-60.0,52.0,433.0
0.0,-60.0,52.0,433.0
2.0,-60.0,52.0,266.0
4.0,-60.0,52.0,266.0
6.0,-60.0,52.0,389.0
8.0,-60.0,52.0,389.0
10.0,-60.0,52.0,389.0
12.0,-60.0,52.0,389.0
14.0,-60.0,52.0,389.0
16.0,-60.0,52.0,561.0
18.0,-60.0,52.0,561.0
20.0,-60.0,52.0,561.0
22.0,-60.0,52.0,561.0
24.0,-60.0,52.0,561.0
26.0,-60.0,52.0,561.0
28.0,-60.0,52.0,402.0
30.0,-60.0,52.0,402.0
32.0,-60.0,52.0,402.0
34.0,-60.0,52.0,402.0
36.0,-60.0,52.0,83.0
38.0,-60.0,52.0,83.0
40.0,-60.0,52.0,387.0
42.0,-60.0,52.0,387.0
44.0,-60.0,52.0,387.0
46.0,-60.0,52.0,387.0
48.0,-60.0,52.0,387.0
50.0,-60.0,52.0,410.0
-52.0,-58.0,52.0,600.0
-50.0,-58.0,52.0,599.0
-48.0,-58.0,52.0,599.0
-46.0,-58.0,52.0,599.0
-44.0,-58.0,52.0,599.0
-42.0,-58.0,52.0,599.0
-40.0,-58.0,52.0,599.0
-38.0,-58.0,52.0,77.0
-36.0,-58.0,52.0,77.0
-34.0,-58.0,52.0,77.0
-32.0,-58.0,52.0,182.0
-30.0,-58.0,52.0,182.0
-28.0,-58.0,52.0,182.0
-26.0,-58.0,52.0,182.0
-24.0,-58.0,52.0,182.0
-22.0,-58.0,52.0,182.0
-20.0,-58.0,52.0,182.0
-14.0,-58.0,52.0,56.0
-12.0,-58.0,52.0,56.0
-10.0,-58.0,52.0,56.0
-8.0,-58.0,52.0,56.0
-6.0,-58.0,52.0,433.0
-4.0,-58.0,52.0,433.0
-2.0,-58.0,52.0,433.0
0.0,-58.0,52.0,433.0
2.0,-58.0,52.0,266.0
4.0,-58.0,52.0,389.0
6.0,-58.0,52.0,389.0
8.0,-58.0,52.0,389.0
10.0,-58.0,52.0,389.0
12.0,-58.0,52.0,389.0
14.0,-58.0,52.0,389.0
16.0,-58.0,52.0,561.0
18.0,-58.0,52.0,561.0
20.0,-58.0,52.0,561.0
22.0,-58.0,52.0,561.0
24.0,-58.0,52.0,561.0
26.0,-58.0,52.0,561.0
28.0,-58.0,52.0,402.0
30.0,-58.0,52.0,402.0
32.0,-58.0,52.0,402.0
34.0,-58.0,52.0,402.0
36.0,-58.0,52.0,83.0
38.0,-58.0,52.0,83.0
40.0,-58.0,52.0,83.0
42.0,-58.0,52.0,387.0
44.0,-58.0,52.0,387.0
46.0,-58.0,52.0,387.0
48.0,-58.0,52.0,387.0
50.0,-58.0,52.0,410.0
52.0,-58.0,52.0,410.0
-54.0,-56.0,52.0,600.0
-52.0,-56.0,52.0,600.0
-50.0,-56.0,52.0,599.0
-48.0,-56.0,52.0,599.0
-46.0,-56.0,52.0,599.0
-44.0,-56.0,52.0,599.0
-42.0,-56.0,52.0,599.0
-40.0,-56.0,52.0,599.0
-38.0,-56.0,52.0,73.0
-36.0,-56.0,52.0,77.0
-34.0,-56.0,52.0,77.0
-32.0,-56.0,52.0,77.0
-30.0,-56.0,52.0,182.0
-28.0,-56.0,52.0,182.0
-26.0,-56.0,52.0,182.0
-24.0,-56.0,52.0,182.0
-22.0,-56.0,52.0,182.0
-14.0,-56.0,52.0,282.0
-12.0,-56.0,52.0,282.0
-10.0,-56.0,52.0,56.0
-8.0,-56.0,52.0,56.0
-6.0,-56.0,52.0,433.0
-4.0,-56.0,52.0,433.0
0.0,-56.0,52.0,433.0
2.0,-56.0,52.0,389.0
4.0,-56.0,52.0,389.0
6.0,-56.0,52.0,389.0
8.0,-56.0,52.0,389.0
10.0,-56.0,52.0,389.0
12.0,-56.0,52.0,389.0
14.0,-56.0,52.0,389.0
16.0,-56.0,52.0,561.0
18.0,-56.0,52.0,561.0
20.0,-56.0,52.0,561.0
22.0,-56.0,52.0,561.0
24.0,-56.0,52.0,561.0
26.0,-56.0,52.0,402.0
28.0,-56.0,52.0,402.0
30.0,-56.0,52.0,402.0
32.0,-56.0,52.0,402.0
34.0,-56.0,52.0,402.0
36.0,-56.0,52.0,83.0
38.0,-56.0,52.0,83.0
40.0,-56.0,52.0,83.0
42.0,-56.0,52.0,387.0
44.0,-56.0,52.0,387.0
46.0,-56.0,52.0,387.0
48.0,-56.0,52.0,410.0
50.0,-56.0,52.0,410.0
52.0,-56.0,52.0,410.0
-54.0,-54.0,52.0,600.0
-52.0,-54.0,52.0,599.0
-50.0,-54.0,52.0,599.0
-48.0,-54.0,52.0,599.0
-46.0,-54.0,52.0,599.0
-44.0,-54.0,52.0,599.0
-42.0,-54.0,52.0,599.0
-40.0,-54.0,52.0,73.0
-38.0,-54.0,52.0,73.0
-36.0,-54.0,52.0,73.0
-34.0,-54.0,52.0,73.0
-32.0,-54.0,52.0,77.0
-30.0,-54.0,52.0,77.0
-28.0,-54.0,52.0,77.0
-26.0,-54.0,52.0,182.0
-24.0,-54.0,52.0,182.0
-14.0,-54.0,52.0,282.0
-12.0,-54.0,52.0,282.0
-10.0,-54.0,52.0,282.0
-8.0,-54.0,52.0,282.0
-6.0,-54.0,52.0,282.0
-4.0,-54.0,52.0,282.0
0.0,-54.0,52.0,598.0
2.0,-54.0,52.0,598.0
4.0,-54.0,52.0,598.0
6.0,-54.0,52.0,389.0
8.0,-54.0,52.0,389.0
10.0,-54.0,52.0,389.0
12.0,-54.0,52.0,389.0
14.0,-54.0,52.0,389.0
16.0,-54.0,52.0,561.0
18.0,-54.0,52.0,561.0
24.0,-54.0,52.0,344.0
26.0,-54.0,52.0,344.0
28.0,-54.0,52.0,402.0
30.0,-54.0,52.0,402.0
32.0,-54.0,52.0,402.0
34.0,-54.0,52.0,402.0
36.0,-54.0,52.0,83.0
38.0,-54.0,52.0,83.0
40.0,-54.0,52.0,83.0
42.0,-54.0,52.0,83.0
44.0,-54.0,52.0,387.0
46.0,-54.0,52.0,387.0
48.0,-54.0,52.0,410.0
50.0,-54.0,52.0,410.0
52.0,-54.0,52.0,410.0
54.0,-54.0,52.0,410.0
-56.0,-52.0,52.0,600.0
-54.0,-52.0,52.0,600.0
-52.0,-52.0,52.0,599.0
-50.0,-52.0,52.0,599.0
-48.0,-52.0,52.0,599.0
-46.0,-52.0,52.0,599.0
-44.0,-52.0,52.0,599.0
-42.0,-52.0,52.0,549.0
-40.0,-52.0,52.0,73.0
-38.0,-52.0,52.0,73.0
-36.0,-52.0,52.0,73.0
-34.0,-52.0,52.0,73.0
-32.0,-52.0,52.0,73.0
-30.0,-52.0,52.0,77.0
-28.0,-52.0,52.0,77.0
-26.0,-52.0,52.0,77.0
-14.0,-52.0,52.0,282.0
-12.0,-52.0,52.0,282.0
-10.0,-52.0,52.0,282.0
-8.0,-52.0,52.0,282.0
-6.0,-52.0,52.0,282.0
-4.0,-52.0,52.0,282.0
0.0,-52.0,52.0,598.0
2.0,-52.0,52.0,598.0
4.0,-52.0,52.0,598.0
6.0,-52.0,52.0,598.0
8.0,-52.0,52.0,598.0
10.0,-52.0,52.0,598.0
12.0,-52.0,52.0,389.0
14.0,-52.0,52.0,232.0
16.0,-52.0,52.0,232.0
18.0,-52.0,52.0,48.0
24.0,-52.0,52.0,48.0
26.0,-52.0,52.0,48.0
28.0,-52.0,52.0,48.0
30.0,-52.0,52.0,402.0
32.0,-52.0,52.0,402.0
34.0,-52.0,52.0,402.0
36.0,-52.0,52.0,83.0
38.0,-52.0,52.0,83.0
40.0,-52.0,52.0,83.0
42.0,-52.0,52.0,446.0
44.0,-52.0,52.0,446.0
46.0,-52.0,52.0,446.0
48.0,-52.0,52.0,410.0
50.0,-52.0,52.0,410.0
52.0,-52.0,52.0,410.0
54.0,-52.0,52.0,410.0
-56.0,-50.0,52.0,600.0
-54.0,-50.0,52.0,599.0
-52.0,-50.0,52.0,599.0
-50.0,-50.0,52.0,599.0
-48.0,-50.0,52.0,599.0
-46.0,-50.0,52.0,599.0
-44.0,-50.0,52.0,549.0
-42.0,-50.0,52.0,549.0
-40.0,-50.0,52.0,549.0
-38.0,-50.0,52.0,73.0
-36.0,-50.0,52.0,73.0
-34.0,-50.0,52.0,73.0
-32.0,-50.0,52.0,73.0
-30.0,-50.0,52.0,73.0
-28.0,-50.0,52.0,73.0
-16.0,-50.0,52.0,282.0
-14.0,-50.0,52.0,282.0
-12.0,-50.0,52.0,282.0
-10.0,-50.0,52.0,282.0
-8.0,-50.0,52.0,282.0
-6.0,-50.0,52.0,282.0
-4.0,-50.0,52.0,282.0
-2.0,-50.0,52.0,598.0
0.0,-50.0,52.0,598.0
2.0,-50.0,52.0,598.0
4.0,-50.0,52.0,598.0
6.0,-50.0,52.0,598.0
8.0,-50.0,52.0,598.0
10.0,-50.0,52.0,598.0
12.0,-50.0,52.0,598.0
14.0,-50.0,52.0,598.0
16.0,-50.0,52.0,48.0
24.0,-50.0,52.0,48.0
26.0,-50.0,52.0,48.0
28.0,-50.0,52.0,48.0
30.0,-50.0,52.0,48.0
32.0,-50.0,52.0,48.0
34.0,-50.0,52.0,402.0
36.0,-50.0,52.0,83.0
38.0,-50.0,52.0,471.0
40.0,-50.0,52.0,471.0
42.0,-50.0,52.0,446.0
44.0,-50.0,52.0,446.0
46.0,-50.0,52.0,446.0
48.0,-50.0,52.0,446.0
50.0,-50.0,52.0,206.0
52.0,-50.0,52.0,593.0
54.0,-50.0,52.0,593.0
56.0,-50.0,52.0,593.0
-58.0,-48.0,52.0,29.0
-56.0,-48.0,52.0,29.0
-54.0,-48.0,52.0,29.0
-52.0,-48.0,52.0,599.0
-50.0,-48.0,52.0,599.0
-48.0,-48.0,52.0,599.0
-46.0,-48.0,52.0,549.0
-44.0,-48.0,52.0,549.0
-42.0,-48.0,52.0,549.0
-40.0,-48.0,52.0,549.0
-38.0,-48.0,52.0,73.0
-36.0,-48.0,52.0,73.0
-34.0,-48.0,52.0,73.0
-32.0,-48.0,52.0,73.0
-30.0,-48.0,52.0,73.0
-28.0,-48.0,52.0,33.0
-26.0,-48.0,52.0,33.0
-18.0,-48.0,52.0,282.0
-16.0,-48.0,52.0,282.0
-14.0,-48.0,52.0,282.0
-12.0,-48.0,52.0,282.0
-10.0,-48.0,52.0,282.0
-8.0,-48.0,52.0,282.0
-6.0,-48.0,52.0,282.0
-4.0,-48.0,52.0,282.0
-2.0,-48.0,52.0,598.0
0.0,-48.0,52.0,598.0
2.0,-48.0,52.0,598.0
4.0,-48.0,52.0,598.0
6.0,-48.0,52.0,598.0
8.0,-48.0,52.0,598.0
10.0,-48.0,52.0,598.0
12.0,-48.0,52.0,598.0
14.0,-48.0,52.0,598.0
16.0,-48.0,52.0,48.0
26.0,-48.0,52.0,48.0
28.0,-48.0,52.0,48.0
30.0,-48.0,52.0,48.0
32.0,-48.0,52.0,48.0
34.0,-48.0,52.0,48.0
36.0,-48.0,52.0,471.0
38.0,-48.0,52.0,471.0
40.0,-48.0,52.0,471.0
42.0,-48.0,52.0,446.0
44.0,-48.0,52.0,446.0
46.0,-48.0,52.0,446.0
48.0,-48.0,52.0,446.0
50.0,-48.0,52.0,206.0
52.0,-48.0,52.0,593.0
54.0,-48.0,52.0,593.0
56.0,-48.0,52.0,593.0
-58.0,-46.0,52.0,29.0
-56.0,-46.0,52.0,29.0
-54.0,-46.0,52.0,29.0
-52.0,-46.0,52.0,29.0
-50.0,-46.0,52.0,29.0
-48.0,-46.0,52.0,549.0
-46.0,-46.0,52.0,549.0
-44.0,-46.0,52.0,549.0
-42.0,-46.0,52.0,549.0
-40.0,-46.0,52.0,549.0
-38.0,-46.0,52.0,549.0
-36.0,-46.0,52.0,73.0
-34.0,-46.0,52.0,73.0
-32.0,-46.0,52.0,33.0
-30.0,-46.0,52.0,33.0
-28.0,-46.0,52.0,33.0
-26.0,-46.0,52.0,33.0
-18.0,-46.0,52.0,282.0
-16.0,-46.0,52.0,282.0
-14.0,-46.0,52.0,282.0
-12.0,-46.0,52.0,282.0
-10.0,-46.0,52.0,282.0
-8.0,-46.0,52.0,282.0
-6.0,-46.0,52.0,282.0
-4.0,-46.0,52.0,282.0
-2.0,-46.0,52.0,598.0
0.0,-46.0,52.0,598.0
2.0,-46.0,52.0,598.0
4.0,-46.0,52.0,598.0
6.0,-46.0,52.0,598.0
8.0,-46.0,52.0,598.0
10.0,-46.0,52.0,598.0
12.0,-46.0,52.0,598.0
14.0,-46.0,52.0,598.0
16.0,-46.0,52.0,48.0
18.0,-46.0,52.0,48.0
26.0,-46.0,52.0,48.0
28.0,-46.0,52.0,48.0
30.0,-46.0,52.0,48.0
32.0,-46.0,52.0,48.0
34.0,-46.0,52.0,48.0
36.0,-46.0,52.0,471.0
38.0,-46.0,52.0,471.0
40.0,-46.0,52.0,471.0
42.0,-46.0,52.0,446.0
44.0,-46.0,52.0,446.0
46.0,-46.0,52.0,446.0
48.0,-46.0,52.0,446.0
50.0,-46.0,52.0,206.0
52.0,-46.0,52.0,206.0
54.0,-46.0,52.0,593.0
56.0,-46.0,52.0,593.0
58.0,-46.0,52.0,593.0
-58.0,-44.0,52.0,29.0
-56.0,-44.0,52.0,29.0
-54.0,-44.0,52.0,29.0
-52.0,-44.0,52.0,29.0
-50.0,-44.0,52.0,576.0
-48.0,-44.0,52.0,576.0
-46.0,-44.0,52.0,549.0
-44.0,-44.0,52.0,549.0
-42.0,-44.0,52.0,549.0
-40.0,-44.0,52.0,549.0
-38.0,-44.0,52.0,549.0
-36.0,-44.0,52.0,73.0
-34.0,-44.0,52.0,33.0
-32.0,-44.0,52.0,33.0
-30.0,-44.0,52.0,33.0
-28.0,-44.0,52.0,33.0
-26.0,-44.0,52.0,33.0
-24.0,-44.0,52.0,33.0
-20.0,-44.0,52.0,282.0
-18.0,-44.0,52.0,282.0
-16.0,-44.0,52.0,282.0
-14.0,-44.0,52.0,282.0
-12.0,-44.0,52.0,282.0
-10.0,-44.0,52.0,282.0
-8.0,-44.0,52.0,282.0
-6.0,-44.0,52.0,282.0
-4.0,-44.0,52.0,282.0
2.0,-44.0,52.0,598.0
4.0,-44.0,52.0,598.0
6.0,-44.0,52.0,598.0
8.0,-44.0,52.0,598.0
10.0,-44.0,52.0,598.0
12.0,-44.0,52.0,598.0
14.0,-44.0,52.0,598.0
16.0,-44.0,52.0,48.0
18.0,-44.0,52.0,48.0
26.0,-44.0,52.0,48.0
28.0,-44.0,52.0,48.0
30.0,-44.0,52.0,48.0
32.0,-44.0,52.0,48.0
34.0,-44.0,52.0,48.0
36.0,-44.0,52.0,471.0
38.0,-44.0,52.0,471.0
40.0,-44.0,52.0,471.0
42.0,-44.0,52.0,446.0
44.0,-44.0,52.0,446.0
46.0,-44.0,52.0,446.0
48.0,-44.0,52.0,446.0
50.0,-44.0,52.0,206.0
52.0,-44.0,52.0,206.0
54.0,-44.0,52.0,593.0
56.0,-44.0,52.0,593.0
58.0,-44.0,52.0,593.0
-60.0,-42.0,52.0,29.0
-58.0,-42.0,52.0,29.0
-56.0,-42.0,52.0,29.0
-54.0,-42.0,52.0,29.0
-52.0,-42.0,52.0,29.0
-50.0,-42.0,52.0,576.0
-48.0,-42.0,52.0,576.0
-46.0,-42.0,52.0,576.0
-44.0,-42.0,52.0,549.0
-42.0,-42.0,52.0,549.0
-40.0,-42.0,52.0,549.0
-38.0,-42.0,52.0,549.0
-36.0,-42.0,52.0,33.0
-34.0,-42.0,52.0,33.0
-32.0,-42.0,52.0,33.0
-30.0,-42.0,52.0,33.0
-28.0,-42.0,52.0,33.0
-26.0,-42.0,52.0,33.0
-20.0,-42.0,52.0,33.0
-18.0,-42.0,52.0,282.0
-16.0,-42.0,52.0,282.0
-14.0,-42.0,52.0,282.0
-12.0,-42.0,52.0,282.0
-10.0,-42.0,52.0,282.0
-8.0,-42.0,52.0,282.0
-6.0,-42.0,52.0,282.0
-4.0,-42.0,52.0,282.0
2.0,-42.0,52.0,598.0
4.0,-42.0,52.0,598.0
6.0,-42.0,52.0,598.0
8.0,-42.0,52.0,598.0
10.0,-42.0,52.0,598.0
12.0,-42.0,52.0,598.0
14.0,-42.0,52.0,598.0
16.0,-42.0,52.0,48.0
18.0,-42.0,52.0,48.0
26.0,-42.0,52.0,48.0
28.0,-42.0,52.0,48.0
30.0,-42.0,52.0,48.0
32.0,-42.0,52.0,48.0
34.0,-42.0,52.0,471.0
36.0,-42.0,52.0,471.0
38.0,-42.0,52.0,471.0
40.0,-42.0,52.0,471.0
42.0,-42.0,52.0,446.0
44.0,-42.0,52.0,446.0
46.0,-42.0,52.0,446.0
48.0,-42.0,52.0,206.0
50.0,-42.0,52.0,206.0
52.0,-42.0,52.0,206.0
54.0,-42.0,52.0,206.0
56.0,-42.0,52.0,593.0
58.0,-42.0,52.0,593.0
-60.0,-40.0,52.0,29.0
-58.0,-40.0,52.0,29.0
-56.0,-40.0,52.0,29.0
-54.0,-40.0,52.0,29.0
-52.0,-40.0,52.0,29.0
-50.0,-40.0,52.0,576.0
-48.0,-40.0,52.0,576.0
-46.0,-40.0,52.0,576.0
-44.0,-40.0,52.0,576.0
-42.0,-40.0,52.0,549.0
-40.0,-40.0,52.0,46.0
-38.0,-40.0,52.0,46.0
-36.0,-40.0,52.0,46.0
-34.0,-40.0,52.0,33.0
-32.0,-40.0,52.0,33.0
-30.0,-40.0,52.0,33.0
-28.0,-40.0,52.0,33.0
-26.0,-40.0,52.0,33.0
-18.0,-40.0,52.0,511.0
-16.0,-40.0,52.0,511.0
-14.0,-40.0,52.0,511.0
-12.0,-40.0,52.0,511.0
-10.0,-40.0,52.0,511.0
-8.0,-40.0,52.0,511.0
-6.0,-40.0,52.0,462.0
-4.0,-40.0,52.0,462.0
2.0,-40.0,52.0,598.0
4.0,-40.0,52.0,598.0
6.0,-40.0,52.0,598.0
8.0,-40.0,52.0,598.0
10.0,-40.0,52.0,598.0
12.0,-40.0,52.0,598.0
14.0,-40.0,52.0,598.0
16.0,-40.0,52.0,48.0
18.0,-40.0,52.0,48.0
26.0,-40.0,52.0,48.0
28.0,-40.0,52.0,48.0
30.0,-40.0,52.0,40.0
32.0,-40.0,52.0,520.0
34.0,-40.0,52.0,520.0
36.0,-40.0,52.0,520.0
38.0,-40.0,52.0,520.0
40.0,-40.0,52.0,471.0
42.0,-40.0,52.0,446.0
44.0,-40.0,52.0,446.0
46.0,-40.0,52.0,446.0
48.0,-40.0,52.0,206.0
50.0,-40.0,52.0,206.0
52.0,-40.0,52.0,206.0
54.0,-40.0,52.0,206.0
56.0,-40.0,52.0,593.0
58.0,-40.0,52.0,593.0
-60.0,-38.0,52.0,29.0
-58.0,-38.0,52.0,29.0
-56.0,-38.0,52.0,29.0
-54.0,-38.0,52.0,29.0
-52.0,-38.0,52.0,29.0
-50.0,-38.0,52.0,576.0
-48.0,-38.0,52.0,576.0
-46.0,-38.0,52.0,576.0
-44.0,-38.0,52.0,576.0
-42.0,-38.0,52.0,46.0
-40.0,-38.0,52.0,46.0
-38.0,-38.0,52.0,46.0
-36.0,-38.0,52.0,46.0
-34.0,-38.0,52.0,33.0
-32.0,-38.0,52.0,33.0
-30.0,-38.0,52.0,33.0
-28.0,-38.0,52.0,33.0
-26.0,-38.0,52.0,33.0
-18.0,-38.0,52.0,511.0
-16.0,-38.0,52.0,511.0
-14.0,-38.0,52.0,511.0
-12.0,-38.0,52.0,511.0
-10.0,-38.0,52.0,511.0
-8.0,-38.0,52.0,511.0
-6.0,-38.0,52.0,462.0
-4.0,-38.0,52.0,462.0
2.0,-38.0,52.0,168.0
4.0,-38.0,52.0,168.0
6.0,-38.0,52.0,168.0
8.0,-38.0,52.0,598.0
10.0,-38.0,52.0,598.0
12.0,-38.0,52.0,598.0
14.0,-38.0,52.0,65.0
16.0,-38.0,52.0,65.0
28.0,-38.0,52.0,40.0
30.0,-38.0,52.0,520.0
32.0,-38.0,52.0,520.0
34.0,-38.0,52.0,520.0
36.0,-38.0,52.0,520.0
38.0,-38.0,52.0,520.0
40.0,-38.0,52.0,520.0
42.0,-38.0,52.0,520.0
44.0,-38.0,52.0,446.0
46.0,-38.0,52.0,446.0
48.0,-38.0,52.0,206.0
50.0,-38.0,52.0,206.0
52.0,-38.0,52.0,206.0
54.0,-38.0,52.0,206.0
56.0,-38.0,52.0,8.0
58.0,-38.0,52.0,593.0
-60.0,-36.0,52.0,29.0
-58.0,-36.0,52.0,29.0
-56.0,-36.0,52.0,29.0
-54.0,-36.0,52.0,29.0
-52.0,-36.0,52.0,29.0
-50.0,-36.0,52.0,276.0
-48.0,-36.0,52.0,276.0
-46.0,-36.0,52.0,276.0
-44.0,-36.0,52.0,276.0
-42.0,-36.0,52.0,46.0
-40.0,-36.0,52.0,46.0
-38.0,-36.0,52.0,46.0
-36.0,-36.0,52.0,46.0
-34.0,-36.0,52.0,33.0
-32.0,-36.0,52.0,33.0
-30.0,-36.0,52.0,33.0
-28.0,-36.0,52.0,33.0
-18.0,-36.0,52.0,511.0
-16.0,-36.0,52.0,511.0
-14.0,-36.0,52.0,511.0
-12.0,-36.0,52.0,511.0
-10.0,-36.0,52.0,511.0
-8.0,-36.0,52.0,462.0
-6.0,-36.0,52.0,462.0
-4.0,-36.0,52.0,462.0
2.0,-36.0,52.0,168.0
4.0,-36.0,52.0,168.0
6.0,-36.0,52.0,168.0
8.0,-36.0,52.0,168.0
10.0,-36.0,52.0,168.0
12.0,-36.0,52.0,65.0
14.0,-36.0,52.0,65.0
16.0,-36.0,52.0,65.0
34.0,-36.0,52.0,520.0
36.0,-36.0,52.0,520.0
38.0,-36.0,52.0,520.0
40.0,-36.0,52.0,520.0
42.0,-36.0,52.0,520.0
44.0,-36.0,52.0,520.0
46.0,-36.0,52.0,8.0
48.0,-36.0,52.0,8.0
50.0,-36.0,52.0,8.0
52.0,-36.0,52.0,8.0
54.0,-36.0,52.0,8.0
56.0,-36.0,52.0,8.0
58.0,-36.0,52.0,8.0
-60.0,-34.0,52.0,29.0
-58.0,-34.0,52.0,29.0
-56.0,-34.0,52.0,29.0
-54.0,-34.0,52.0,29.0
-52.0,-34.0,52.0,276.0
-50.0,-34.0,52.0,276.0
-48.0,-34.0,52.0,276.0
-46.0,-34.0,52.0,276.0
-44.0,-34.0,52.0,276.0
-42.0,-34.0,52.0,46.0
-40.0,-34.0,52.0,46.0
-38.0,-34.0,52.0,46.0
-36.0,-34.0,52.0,46.0
-34.0,-34.0,52.0,46.0
-32.0,-34.0,52.0,33.0
-30.0,-34.0,52.0,33.0
-16.0,-34.0,52.0,511.0
-14.0,-34.0,52.0,511.0
-12.0,-34.0,52.0,511.0
-10.0,-34.0,52.0,511.0
-8.0,-34.0,52.0,462.0
-6.0,-34.0,52.0,462.0
-4.0,-34.0,52.0,462.0
2.0,-34.0,52.0,168.0
4.0,-34.0,52.0,168.0
6.0,-34.0,52.0,168.0
8.0,-34.0,52.0,168.0
10.0,-34.0,52.0,168.0
12.0,-34.0,52.0,168.0
14.0,-34.0,52.0,65.0
36.0,-34.0,52.0,520.0
38.0,-34.0,52.0,520.0
40.0,-34.0,52.0,520.0
42.0,-34.0,52.0,520.0
44.0,-34.0,52.0,472.0
46.0,-34.0,52.0,472.0
48.0,-34.0,52.0,8.0
50.0,-34.0,52.0,8.0
52.0,-34.0,52.0,8.0
54.0,-34.0,52.0,8.0
56.0,-34.0,52.0,8.0
58.0,-34.0,52.0,8.0
-60.0,-32.0,52.0,29.0
-58.0,-32.0,52.0,29.0
-56.0,-32.0,52.0,29.0
-54.0,-32.0,52.0,29.0
-52.0,-32.0,52.0,276.0
-50.0,-32.0,52.0,276.0
-48.0,-32.0,52.0,276.0
-46.0,-32.0,52.0,276.0
-44.0,-32.0,52.0,276.0
-42.0,-32.0,52.0,46.0
-40.0,-32.0,52.0,46.0
-38.0,-32.0,52.0,46.0
-36.0,-32.0,52.0,46.0
-34.0,-32.0,52.0,46.0
-16.0,-32.0,52.0,511.0
-14.0,-32.0,52.0,511.0
-12.0,-32.0,52.0,511.0
-10.0,-32.0,52.0,511.0
-8.0,-32.0,52.0,462.0
-6.0,-32.0,52.0,462.0
-4.0,-32.0,52.0,462.0
2.0,-32.0,52.0,168.0
4.0,-32.0,52.0,168.0
6.0,-32.0,52.0,168.0
8.0,-32.0,52.0,168.0
10.0,-32.0,52.0,168.0
12.0,-32.0,52.0,168.0
14.0,-32.0,52.0,532.0
38.0,-32.0,52.0,520.0
40.0,-32.0,52.0,520.0
42.0,-32.0,52.0,472.0
44.0,-32.0,52.0,472.0
46.0,-32.0,52.0,472.0
48.0,-32.0,52.0,8.0
50.0,-32.0,52.0,8.0
52.0,-32.0,52.0,8.0
54.0,-32.0,52.0,8.0
56.0,-32.0,52.0,8.0
58.0,-32.0,52.0,8.0
60.0,-32.0,52.0,8.0
-62.0,-30.0,52.0,29.0
-60.0,-30.0,52.0,29.0
-58.0,-30.0,52.0,29.0
-56.0,-30.0,52.0,29.0
-54.0,-30.0,52.0,276.0
-52.0,-30.0,52.0,276.0
-50.0,-30.0,52.0,276.0
-48.0,-30.0,52.0,276.0
-46.0,-30.0,52.0,276.0
-44.0,-30.0,52.0,276.0
-42.0,-30.0,52.0,46.0
-40.0,-30.0,52.0,46.0
-38.0,-30.0,52.0,46.0
-36.0,-30.0,52.0,46.0
-16.0,-30.0,52.0,511.0
-14.0,-30.0,52.0,511.0
-12.0,-30.0,52.0,511.0
-10.0,-30.0,52.0,511.0
-8.0,-30.0,52.0,462.0
-6.0,-30.0,52.0,462.0
-4.0,-30.0,52.0,462.0
2.0,-30.0,52.0,168.0
4.0,-30.0,52.0,168.0
6.0,-30.0,52.0,168.0
8.0,-30.0,52.0,168.0
10.0,-30.0,52.0,168.0
12.0,-30.0,52.0,168.0
30.0,-30.0,52.0,520.0
32.0,-30.0,52.0,520.0
34.0,-30.0,52.0,520.0
40.0,-30.0,52.0,472.0
42.0,-30.0,52.0,472.0
44.0,-30.0,52.0,472.0
46.0,-30.0,52.0,472.0
48.0,-30.0,52.0,472.0
50.0,-30.0,52.0,8.0
52.0,-30.0,52.0,8.0
54.0,-30.0,52.0,8.0
56.0,-30.0,52.0,8.0
58.0,-30.0,52.0,8.0
60.0,-30.0,52.0,8.0
-62.0,-28.0,52.0,29.0
-60.0,-28.0,52.0,29.0
-58.0,-28.0,52.0,29.0
-56.0,-28.0,52.0,29.0
-54.0,-28.0,52.0,276.0
-52.0,-28.0,52.0,276.0
-50.0,-28.0,52.0,276.0
-48.0,-28.0,52.0,276.0
-46.0,-28.0,52.0,276.0
-44.0,-28.0,52.0,276.0
-42.0,-28.0,52.0,46.0
-40.0,-28.0,52.0,46.0
-38.0,-28.0,52.0,46.0
-36.0,-28.0,52.0,46.0
-14.0,-28.0,52.0,511.0
-12.0,-28.0,52.0,511.0
-10.0,-28.0,52.0,462.0
-8.0,-28.0,52.0,462.0
-6.0,-28.0,52.0,462.0
-4.0,-28.0,52.0,462.0
4.0,-28.0,52.0,168.0
6.0,-28.0,52.0,168.0
8.0,-28.0,52.0,168.0
10.0,-28.0,52.0,168.0
12.0,-28.0,52.0,532.0
28.0,-28.0,52.0,520.0
30.0,-28.0,52.0,520.0
32.0,-28.0,52.0,520.0
42.0,-28.0,52.0,472.0
44.0,-28.0,52.0,472.0
46.0,-28.0,52.0,472.0
48.0,-28.0,52.0,472.0
50.0,-28.0,52.0,8.0
52.0,-28.0,52.0,8.0
54.0,-28.0,52.0,8.0
56.0,-28.0,52.0,8.0
58.0,-28.0,52.0,8.0
-62.0,-26.0,52.0,29.0
-60.0,-26.0,52.0,29.0
-58.0,-26.0,52.0,29.0
-56.0,-26.0,52.0,29.0
-54.0,-26.0,52.0,276.0
-52.0,-26.0,52.0,276.0
-50.0,-26.0,52.0,276.0
-48.0,-26.0,52.0,428.0
-46.0,-26.0,52.0,428.0
-44.0,-26.0,52.0,428.0
-42.0,-26.0,52.0,428.0
-40.0,-26.0,52.0,46.0
-38.0,-26.0,52.0,46.0
-36.0,-26.0,52.0,46.0
-8.0,-26.0,52.0,462.0
-6.0,-26.0,52.0,462.0
-4.0,-26.0,52.0,462.0
2.0,-26.0,52.0,168.0
4.0,-26.0,52.0,168.0
6.0,-26.0,52.0,168.0
8.0,-26.0,52.0,168.0
10.0,-26.0,52.0,168.0
12.0,-26.0,52.0,532.0
30.0,-26.0,52.0,520.0
32.0,-26.0,52.0,520.0
34.0,-26.0,52.0,520.0
44.0,-26.0,52.0,472.0
46.0,-26.0,52.0,472.0
48.0,-26.0,52.0,472.0
50.0,-26.0,52.0,375.0
52.0,-26.0,52.0,8.0
54.0,-26.0,52.0,8.0
56.0,-26.0,52.0,8.0
58.0,-26.0,52.0,8.0
-60.0,-24.0,52.0,10.0
-58.0,-24.0,52.0,10.0
-56.0,-24.0,52.0,10.0
-54.0,-24.0,52.0,10.0
-52.0,-24.0,52.0,428.0
-50.0,-24.0,52.0,428.0
-48.0,-24.0,52.0,428.0
-46.0,-24.0,52.0,428.0
-8.0,-24.0,52.0,462.0
-6.0,-24.0,52.0,462.0
-4.0,-24.0,52.0,462.0
2.0,-24.0,52.0,168.0
4.0,-24.0,52.0,168.0
6.0,-24.0,52.0,168.0
8.0,-24.0,52.0,168.0
10.0,-24.0,52.0,532.0
30.0,-24.0,52.0,508.0
32.0,-24.0,52.0,398.0
34.0,-24.0,52.0,398.0
50.0,-24.0,52.0,375.0
52.0,-24.0,52.0,375.0
54.0,-24.0,52.0,8.0
56.0,-24.0,52.0,8.0
58.0,-24.0,52.0,8.0
-60.0,-22.0,52.0,10.0
-58.0,-22.0,52.0,10.0
-56.0,-22.0,52.0,10.0
-54.0,-22.0,52.0,10.0
-52.0,-22.0,52.0,428.0
-50.0,-22.0,52.0,428.0
-48.0,-22.0,52.0,428.0
-10.0,-22.0,52.0,462.0
-8.0,-22.0,52.0,462.0
-6.0,-22.0,52.0,462.0
-4.0,-22.0,52.0,168.0
2.0,-22.0,52.0,168.0
4.0,-22.0,52.0,168.0
30.0,-22.0,52.0,508.0
32.0,-22.0,52.0,508.0
34.0,-22.0,52.0,398.0
36.0,-22.0,52.0,398.0
52.0,-22.0,52.0,375.0
54.0,-22.0,52.0,375.0
56.0,-22.0,52.0,8.0
58.0,-22.0,52.0,8.0
-60.0,-20.0,52.0,10.0
-58.0,-20.0,52.0,10.0
-56.0,-20.0,52.0,10.0
-54.0,-20.0,52.0,10.0
-52.0,-20.0,52.0,428.0
-50.0,-20.0,52.0,428.0
-10.0,-20.0,52.0,462.0
-8.0,-20.0,52.0,462.0
-6.0,-20.0,52.0,145.0
-4.0,-20.0,52.0,145.0
-2.0,-20.0,52.0,145.0
2.0,-20.0,52.0,168.0
4.0,-20.0,52.0,168.0
6.0,-20.0,52.0,499.0
30.0,-20.0,52.0,508.0
32.0,-20.0,52.0,508.0
34.0,-20.0,52.0,398.0
36.0,-20.0,52.0,398.0
40.0,-20.0,52.0,398.0
42.0,-20.0,52.0,398.0
44.0,-20.0,52.0,472.0
52.0,-20.0,52.0,95.0
54.0,-20.0,52.0,95.0
56.0,-20.0,52.0,375.0
58.0,-20.0,52.0,8.0
-58.0,-18.0,52.0,10.0
-56.0,-18.0,52.0,10.0
-54.0,-18.0,52.0,10.0
-52.0,-18.0,52.0,428.0
-50.0,-18.0,52.0,428.0
-12.0,-18.0,52.0,249.0
-10.0,-18.0,52.0,145.0
-8.0,-18.0,52.0,145.0
-6.0,-18.0,52.0,145.0
-4.0,-18.0,52.0,145.0
-2.0,-18.0,52.0,145.0
2.0,-18.0,52.0,145.0
4.0,-18.0,52.0,145.0
6.0,-18.0,52.0,235.0
32.0,-18.0,52.0,508.0
34.0,-18.0,52.0,398.0
36.0,-18.0,52.0,398.0
38.0,-18.0,52.0,398.0
40.0,-18.0,52.0,398.0
42.0,-18.0,52.0,398.0
44.0,-18.0,52.0,95.0
46.0,-18.0,52.0,95.0
54.0,-18.0,52.0,95.0
56.0,-18.0,52.0,95.0
58.0,-18.0,52.0,95.0
-58.0,-16.0,52.0,10.0
-56.0,-16.0,52.0,10.0
-54.0,-16.0,52.0,10.0
-52.0,-16.0,52.0,428.0
-44.0,-16.0,52.0,428.0
-40.0,-16.0,52.0,428.0
-38.0,-16.0,52.0,428.0
-12.0,-16.0,52.0,249.0
-10.0,-16.0,52.0,145.0
-8.0,-16.0,52.0,145.0
-6.0,-16.0,52.0,145.0
-4.0,-16.0,52.0,145.0
-2.0,-16.0,52.0,145.0
0.0,-16.0,52.0,145.0
2.0,-16.0,52.0,145.0
4.0,-16.0,52.0,145.0
6.0,-16.0,52.0,235.0
8.0,-16.0,52.0,235.0
24.0,-16.0,52.0,508.0
26.0,-16.0,52.0,508.0
38.0,-16.0,52.0,398.0
40.0,-16.0,52.0,398.0
42.0,-16.0,52.0,398.0
44.0,-16.0,52.0,95.0
46.0,-16.0,52.0,95.0
48.0,-16.0,52.0,95.0
54.0,-16.0,52.0,95.0
56.0,-16.0,52.0,95.0
-58.0,-14.0,52.0,10.0
-56.0,-14.0,52.0,10.0
-54.0,-14.0,52.0,10.0
-48.0,-14.0,52.0,428.0
-46.0,-14.0,52.0,428.0
-44.0,-14.0,52.0,428.0
-42.0,-14.0,52.0,428.0
-40.0,-14.0,52.0,428.0
-38.0,-14.0,52.0,428.0
-28.0,-14.0,52.0,202.0
-26.0,-14.0,52.0,202.0
-12.0,-14.0,52.0,249.0
-10.0,-14.0,52.0,145.0
-8.0,-14.0,52.0,145.0
-6.0,-14.0,52.0,145.0
-4.0,-14.0,52.0,145.0
-2.0,-14.0,52.0,145.0
0.0,-14.0,52.0,145.0
2.0,-14.0,52.0,145.0
4.0,-14.0,52.0,145.0
6.0,-14.0,52.0,235.0
8.0,-14.0,52.0,235.0
20.0,-14.0,52.0,508.0
22.0,-14.0,52.0,508.0
24.0,-14.0,52.0,508.0
26.0,-14.0,52.0,508.0
28.0,-14.0,52.0,508.0
30.0,-14.0,52.0,508.0
32.0,-14.0,52.0,508.0
38.0,-14.0,52.0,398.0
40.0,-14.0,52.0,398.0
42.0,-14.0,52.0,398.0
44.0,-14.0,52.0,95.0
46.0,-14.0,52.0,95.0
48.0,-14.0,52.0,95.0
50.0,-14.0,52.0,95.0
52.0,-14.0,52.0,95.0
54.0,-14.0,52.0,95.0
56.0,-14.0,52.0,95.0
-58.0,-12.0,52.0,10.0
-56.0,-12.0,52.0,10.0
-50.0,-12.0,52.0,428.0
-48.0,-12.0,52.0,428.0
-46.0,-12.0,52.0,428.0
-44.0,-12.0,52.0,428.0
-42.0,-12.0,52.0,428.0
-40.0,-12.0,52.0,428.0
-38.0,-12.0,52.0,428.0
-36.0,-12.0,52.0,428.0
-34.0,-12.0,52.0,202.0
-32.0,-12.0,52.0,202.0
-30.0,-12.0,52.0,202.0
-28.0,-12.0,52.0,202.0
-26.0,-12.0,52.0,202.0
-24.0,-12.0,52.0,202.0
-12.0,-12.0,52.0,249.0
-10.0,-12.0,52.0,145.0
-8.0,-12.0,52.0,145.0
-6.0,-12.0,52.0,145.0
-4.0,-12.0,52.0,145.0
-2.0,-12.0,52.0,145.0
0.0,-12.0,52.0,145.0
2.0,-12.0,52.0,145.0
4.0,-12.0,52.0,235.0
6.0,-12.0,52.0,235.0
8.0,-12.0,52.0,235.0
20.0,-12.0,52.0,508.0
22.0,-12.0,52.0,508.0
24.0,-12.0,52.0,508.0
26.0,-12.0,52.0,508.0
28.0,-12.0,52.0,508.0
30.0,-12.0,52.0,508.0
32.0,-12.0,52.0,508.0
34.0,-12.0,52.0,508.0
36.0,-12.0,52.0,398.0
38.0,-12.0,52.0,398.0
40.0,-12.0,52.0,398.0
42.0,-12.0,52.0,398.0
44.0,-12.0,52.0,95.0
46.0,-12.0,52.0,95.0
48.0,-12.0,52.0,95.0
50.0,-12.0,52.0,95.0
52.0,-12.0,52.0,95.0
54.0,-12.0,52.0,95.0
56.0,-12.0,52.0,95.0
-56.0,-10.0,52.0,10.0
-54.0,-10.0,52.0,10.0
-52.0,-10.0,52.0,428.0
-50.0,-10.0,52.0,428.0
-48.0,-10.0,52.0,428.0
-46.0,-10.0,52.0,428.0
-44.0,-10.0,52.0,428.0
-42.0,-10.0,52.0,428.0
-40.0,-10.0,52.0,428.0
-38.0,-10.0,52.0,428.0
-36.0,-10.0,52.0,428.0
-34.0,-10.0,52.0,202.0
-32.0,-10.0,52.0,202.0
-30.0,-10.0,52.0,202.0
-28.0,-10.0,52.0,202.0
-26.0,-10.0,52.0,202.0
-24.0,-10.0,52.0,202.0
-12.0,-10.0,52.0,555.0
-10.0,-10.0,52.0,145.0
-8.0,-10.0,52.0,145.0
-6.0,-10.0,52.0,145.0
-4.0,-10.0,52.0,145.0
-2.0,-10.0,52.0,145.0
0.0,-10.0,52.0,145.0
2.0,-10.0,52.0,145.0
4.0,-10.0,52.0,235.0
6.0,-10.0,52.0,235.0
8.0,-10.0,52.0,235.0
10.0,-10.0,52.0,235.0
20.0,-10.0,52.0,508.0
22.0,-10.0,52.0,508.0
24.0,-10.0,52.0,508.0
26.0,-10.0,52.0,508.0
28.0,-10.0,52.0,508.0
30.0,-10.0,52.0,508.0
32.0,-10.0,52.0,508.0
34.0,-10.0,52.0,508.0
36.0,-10.0,52.0,398.0
38.0,-10.0,52.0,398.0
40.0,-10.0,52.0,398.0
42.0,-10.0,52.0,95.0
44.0,-10.0,52.0,95.0
46.0,-10.0,52.0,95.0
48.0,-10.0,52.0,95.0
50.0,-10.0,52.0,95.0
52.0,-10.0,52.0,95.0
54.0,-10.0,52.0,95.0
-56.0,-8.0,52.0,180.0
-54.0,-8.0,52.0,180.0
-52.0,-8.0,52.0,180.0
-50.0,-8.0,52.0,180.0
-48.0,-8.0,52.0,428.0
-46.0,-8.0,52.0,428.0
-44.0,-8.0,52.0,428.0
-42.0,-8.0,52.0,438.0
-40.0,-8.0,52.0,438.0
-38.0,-8.0,52.0,438.0
-36.0,-8.0,52.0,438.0
-34.0,-8.0,52.0,202.0
-32.0,-8.0,52.0,202.0
-30.0,-8.0,52.0,202.0
-28.0,-8.0,52.0,202.0
-26.0,-8.0,52.0,202.0
-24.0,-8.0,52.0,202.0
-12.0,-8.0,52.0,555.0
-10.0,-8.0,52.0,555.0
-8.0,-8.0,52.0,145.0
-6.0,-8.0,52.0,145.0
-4.0,-8.0,52.0,145.0
-2.0,-8.0,52.0,145.0
0.0,-8.0,52.0,145.0
2.0,-8.0,52.0,145.0
4.0,-8.0,52.0,235.0
6.0,-8.0,52.0,235.0
8.0,-8.0,52.0,235.0
10.0,-8.0,52.0,235.0
22.0,-8.0,52.0,343.0
24.0,-8.0,52.0,343.0
26.0,-8.0,52.0,508.0
28.0,-8.0,52.0,508.0
30.0,-8.0,52.0,508.0
32.0,-8.0,52.0,508.0
34.0,-8.0,52.0,508.0
36.0,-8.0,52.0,398.0
38.0,-8.0,52.0,398.0
40.0,-8.0,52.0,398.0
42.0,-8.0,52.0,95.0
44.0,-8.0,52.0,95.0
46.0,-8.0,52.0,95.0
48.0,-8.0,52.0,95.0
50.0,-8.0,52.0,95.0
52.0,-8.0,52.0,76.0
54.0,-8.0,52.0,76.0
-56.0,-6.0,52.0,180.0
-54.0,-6.0,52.0,180.0
-52.0,-6.0,52.0,180.0
-50.0,-6.0,52.0,180.0
-48.0,-6.0,52.0,180.0
-46.0,-6.0,52.0,180.0
-44.0,-6.0,52.0,438.0
-42.0,-6.0,52.0,438.0
-40.0,-6.0,52.0,438.0
-38.0,-6.0,52.0,438.0
-36.0,-6.0,52.0,438.0
-34.0,-6.0,52.0,438.0
-32.0,-6.0,52.0,202.0
-30.0,-6.0,52.0,202.0
-28.0,-6.0,52.0,202.0
-26.0,-6.0,52.0,202.0
-24.0,-6.0,52.0,202.0
-22.0,-6.0,52.0,202.0
-12.0,-6.0,52.0,555.0
-10.0,-6.0,52.0,555.0
-8.0,-6.0,52.0,145.0
-6.0,-6.0,52.0,145.0
-4.0,-6.0,52.0,145.0
-2.0,-6.0,52.0,145.0
0.0,-6.0,52.0,145.0
2.0,-6.0,52.0,145.0
4.0,-6.0,52.0,235.0
6.0,-6.0,52.0,235.0
8.0,-6.0,52.0,235.0
10.0,-6.0,52.0,235.0
24.0,-6.0,52.0,343.0
26.0,-6.0,52.0,343.0
28.0,-6.0,52.0,343.0
30.0,-6.0,52.0,343.0
32.0,-6.0,52.0,343.0
34.0,-6.0,52.0,343.0
36.0,-6.0,52.0,508.0
38.0,-6.0,52.0,398.0
40.0,-6.0,52.0,398.0
42.0,-6.0,52.0,95.0
44.0,-6.0,52.0,95.0
46.0,-6.0,52.0,95.0
48.0,-6.0,52.0,95.0
50.0,-6.0,52.0,76.0
52.0,-6.0,52.0,76.0
54.0,-6.0,52.0,76.0
-54.0,-4.0,52.0,180.0
-52.0,-4.0,52.0,180.0
-50.0,-4.0,52.0,180.0
-48.0,-4.0,52.0,180.0
-46.0,-4.0,52.0,180.0
-44.0,-4.0,52.0,438.0
-42.0,-4.0,52.0,438.0
-40.0,-4.0,52.0,438.0
-38.0,-4.0,52.0,438.0
-36.0,-4.0,52.0,438.0
-34.0,-4.0,52.0,438.0
-32.0,-4.0,52.0,202.0
-30.0,-4.0,52.0,202.0
-28.0,-4.0,52.0,202.0
-26.0,-4.0,52.0,202.0
-24.0,-4.0,52.0,202.0
-22.0,-4.0,52.0,555.0
-14.0,-4.0,52.0,555.0
-12.0,-4.0,52.0,555.0
-10.0,-4.0,52.0,555.0
-8.0,-4.0,52.0,555.0
-6.0,-4.0,52.0,145.0
-4.0,-4.0,52.0,145.0
-2.0,-4.0,52.0,145.0
0.0,-4.0,52.0,145.0
2.0,-4.0,52.0,145.0
4.0,-4.0,52.0,235.0
6.0,-4.0,52.0,235.0
8.0,-4.0,52.0,235.0
10.0,-4.0,52.0,235.0
22.0,-4.0,52.0,343.0
24.0,-4.0,52.0,343.0
26.0,-4.0,52.0,343.0
28.0,-4.0,52.0,343.0
30.0,-4.0,52.0,343.0
32.0,-4.0,52.0,343.0
34.0,-4.0,52.0,227.0
36.0,-4.0,52.0,227.0
38.0,-4.0,52.0,227.0
40.0,-4.0,52.0,227.0
42.0,-4.0,52.0,95.0
44.0,-4.0,52.0,95.0
46.0,-4.0,52.0,95.0
48.0,-4.0,52.0,76.0
50.0,-4.0,52.0,76.0
52.0,-4.0,52.0,76.0
54.0,-4.0,52.0,76.0
-54.0,-2.0,52.0,180.0
-52.0,-2.0,52.0,180.0
-50.0,-2.0,52.0,180.0
-48.0,-2.0,52.0,180.0
-46.0,-2.0,52.0,180.0
-44.0,-2.0,52.0,180.0
-42.0,-2.0,52.0,438.0
-40.0,-2.0,52.0,438.0
-38.0,-2.0,52.0,438.0
-36.0,-2.0,52.0,438.0
-34.0,-2.0,52.0,333.0
-32.0,-2.0,52.0,333.0
-30.0,-2.0,52.0,333.0
-28.0,-2.0,52.0,333.0
-26.0,-2.0,52.0,202.0
-24.0,-2.0,52.0,202.0
-22.0,-2.0,52.0,555.0
-14.0,-2.0,52.0,555.0
-12.0,-2.0,52.0,555.0
-10.0,-2.0,52.0,555.0
-8.0,-2.0,52.0,555.0
-6.0,-2.0,52.0,555.0
-4.0,-2.0,52.0,145.0
2.0,-2.0,52.0,69.0
4.0,-2.0,52.0,69.0
6.0,-2.0,52.0,235.0
8.0,-2.0,52.0,235.0
10.0,-2.0,52.0,235.0
20.0,-2.0,52.0,343.0
22.0,-2.0,52.0,343.0
24.0,-2.0,52.0,343.0
26.0,-2.0,52.0,343.0
28.0,-2.0,52.0,343.0
32.0,-2.0,52.0,227.0
34.0,-2.0,52.0,227.0
36.0,-2.0,52.0,227.0
38.0,-2.0,52.0,227.0
40.0,-2.0,52.0,227.0
42.0,-2.0,52.0,227.0
44.0,-2.0,52.0,95.0
46.0,-2.0,52.0,76.0
48.0,-2.0,52.0,76.0
50.0,-2.0,52.0,76.0
52.0,-2.0,52.0,76.0
-54.0,-0.0,52.0,180.0
-52.0,-0.0,52.0,180.0
-50.0,-0.0,52.0,180.0
-48.0,-0.0,52.0,180.0
-46.0,-0.0,52.0,180.0
-44.0,-0.0,52.0,180.0
-42.0,-0.0,52.0,438.0
-40.0,-0.0,52.0,438.0
-34.0,-0.0,52.0,333.0
-32.0,-0.0,52.0,333.0
-30.0,-0.0,52.0,333.0
-28.0,-0.0,52.0,333.0
-26.0,-0.0,52.0,333.0
-24.0,-0.0,52.0,333.0
-22.0,-0.0,52.0,555.0
-14.0,-0.0,52.0,555.0
-12.0,-0.0,52.0,555.0
-10.0,-0.0,52.0,555.0
-8.0,-0.0,52.0,555.0
-6.0,-0.0,52.0,555.0
-4.0,-0.0,52.0,555.0
2.0,-0.0,52.0,69.0
4.0,-0.0,52.0,69.0
6.0,-0.0,52.0,69.0
8.0,-0.0,52.0,69.0
10.0,-0.0,52.0,235.0
20.0,-0.0,52.0,343.0
22.0,-0.0,52.0,343.0
24.0,-0.0,52.0,343.0
26.0,-0.0,52.0,227.0
28.0,-0.0,52.0,227.0
30.0,-0.0,52.0,227.0
38.0,-0.0,52.0,227.0
40.0,-0.0,52.0,227.0
42.0,-0.0,52.0,227.0
44.0,-0.0,52.0,403.0
46.0,-0.0,52.0,76.0
48.0,-0.0,52.0,76.0
50.0,-0.0,52.0,76.0
52.0,-0.0,52.0,76.0
-54.0,2.0,52.0,180.0
-52.0,2.0,52.0,180.0
-50.0,2.0,52.0,180.0
-48.0,2.0,52.0,180.0
-46.0,2.0,52.0,180.0
-44.0,2.0,52.0,180.0
-42.0,2.0,52.0,180.0
-40.0,2.0,52.0,438.0
-38.0,2.0,52.0,438.0
-34.0,2.0,52.0,333.0
-32.0,2.0,52.0,333.0
-30.0,2.0,52.0,333.0
-28.0,2.0,52.0,333.0
-26.0,2.0,52.0,333.0
-24.0,2.0,52.0,333.0
-22.0,2.0,52.0,555.0
-12.0,2.0,52.0,555.0
-10.0,2.0,52.0,555.0
-8.0,2.0,52.0,555.0
-6.0,2.0,52.0,555.0
-4.0,2.0,52.0,555.0
-2.0,2.0,52.0,563.0
2.0,2.0,52.0,69.0
4.0,2.0,52.0,69.0
6.0,2.0,52.0,69.0
8.0,2.0,52.0,69.0
10.0,2.0,52.0,69.0
20.0,2.0,52.0,22.0
22.0,2.0,52.0,22.0
24.0,2.0,52.0,22.0
26.0,2.0,52.0,227.0
28.0,2.0,52.0,227.0
30.0,2.0,52.0,227.0
32.0,2.0,52.0,227.0
38.0,2.0,52.0,227.0
40.0,2.0,52.0,227.0
42.0,2.0,52.0,227.0
44.0,2.0,52.0,403.0
46.0,2.0,52.0,403.0
48.0,2.0,52.0,76.0
50.0,2.0,52.0,76.0
52.0,2.0,52.0,76.0
-52.0,4.0,52.0,439.0
-50.0,4.0,52.0,180.0
-48.0,4.0,52.0,180.0
-46.0,4.0,52.0,180.0
-44.0,4.0,52.0,180.0
-42.0,4.0,52.0,180.0
-40.0,4.0,52.0,438.0
-38.0,4.0,52.0,333.0
-32.0,4.0,52.0,333.0
-30.0,4.0,52.0,333.0
-28.0,4.0,52.0,333.0
-26.0,4.0,52.0,333.0
-24.0,4.0,52.0,333.0
-22.0,4.0,52.0,555.0
-12.0,4.0,52.0,555.0
-10.0,4.0,52.0,555.0
-8.0,4.0,52.0,555.0
-6.0,4.0,52.0,555.0
-4.0,4.0,52.0,9.0
-2.0,4.0,52.0,563.0
2.0,4.0,52.0,563.0
4.0,4.0,52.0,563.0
6.0,4.0,52.0,563.0
8.0,4.0,52.0,563.0
10.0,4.0,52.0,69.0
20.0,4.0,52.0,22.0
22.0,4.0,52.0,22.0
24.0,4.0,52.0,22.0
26.0,4.0,52.0,22.0
28.0,4.0,52.0,227.0
30.0,4.0,52.0,227.0
32.0,4.0,52.0,227.0
34.0,4.0,52.0,227.0
36.0,4.0,52.0,227.0
38.0,4.0,52.0,227.0
40.0,4.0,52.0,227.0
42.0,4.0,52.0,403.0
44.0,4.0,52.0,403.0
46.0,4.0,52.0,403.0
48.0,4.0,52.0,403.0
50.0,4.0,52.0,76.0
-52.0,6.0,52.0,439.0
-50.0,6.0,52.0,439.0
-48.0,6.0,52.0,439.0
-46.0,6.0,52.0,439.0
-44.0,6.0,52.0,439.0
-42.0,6.0,52.0,439.0
-40.0,6.0,52.0,333.0
-38.0,6.0,52.0,333.0
-32.0,6.0,52.0,333.0
-30.0,6.0,52.0,333.0
-28.0,6.0,52.0,333.0
-26.0,6.0,52.0,333.0
-24.0,6.0,52.0,333.0
-22.0,6.0,52.0,555.0
-10.0,6.0,52.0,555.0
-8.0,6.0,52.0,555.0
-6.0,6.0,52.0,9.0
-4.0,6.0,52.0,9.0
-2.0,6.0,52.0,563.0
2.0,6.0,52.0,563.0
4.0,6.0,52.0,563.0
6.0,6.0,52.0,563.0
8.0,6.0,52.0,563.0
10.0,6.0,52.0,563.0
12.0,6.0,52.0,563.0
20.0,6.0,52.0,22.0
22.0,6.0,52.0,22.0
24.0,6.0,52.0,22.0
26.0,6.0,52.0,22.0
28.0,6.0,52.0,22.0
30.0,6.0,52.0,227.0
32.0,6.0,52.0,227.0
34.0,6.0,52.0,227.0
36.0,6.0,52.0,227.0
38.0,6.0,52.0,227.0
40.0,6.0,52.0,403.0
42.0,6.0,52.0,403.0
44.0,6.0,52.0,403.0
46.0,6.0,52.0,403.0
48.0,6.0,52.0,403.0
50.0,6.0,52.0,403.0
-50.0,8.0,52.0,439.0
-48.0,8.0,52.0,439.0
-46.0,8.0,52.0,439.0
-44.0,8.0,52.0,439.0
-42.0,8.0,52.0,439.0
-40.0,8.0,52.0,439.0
-38.0,8.0,52.0,333.0
-32.0,8.0,52.0,333.0
-30.0,8.0,52.0,333.0
-28.0,8.0,52.0,333.0
-26.0,8.0,52.0,333.0
-24.0,8.0,52.0,333.0
-22.0,8.0,52.0,555.0
-20.0,8.0,52.0,555.0
-10.0,8.0,52.0,555.0
-8.0,8.0,52.0,200.0
-6.0,8.0,52.0,9.0
-4.0,8.0,52.0,9.0
-2.0,8.0,52.0,9.0
2.0,8.0,52.0,563.0
4.0,8.0,52.0,563.0
6.0,8.0,52.0,563.0
8.0,8.0,52.0,563.0
10.0,8.0,52.0,563.0
12.0,8.0,52.0,563.0
22.0,8.0,52.0,22.0
24.0,8.0,52.0,22.0
26.0,8.0,52.0,22.0
28.0,8.0,52.0,22.0
30.0,8.0,52.0,22.0
32.0,8.0,52.0,227.0
34.0,8.0,52.0,227.0
36.0,8.0,52.0,227.0
38.0,8.0,52.0,470.0
40.0,8.0,52.0,403.0
42.0,8.0,52.0,403.0
44.0,8.0,52.0,403.0
46.0,8.0,52.0,403.0
48.0,8.0,52.0,403.0
50.0,8.0,52.0,403.0
-50.0,10.0,52.0,439.0
-48.0,10.0,52.0,439.0
-46.0,10.0,52.0,439.0
-44.0,10.0,52.0,439.0
-42.0,10.0,52.0,439.0
-40.0,10.0,52.0,439.0
-32.0,10.0,52.0,333.0
-30.0,10.0,52.0,333.0
-28.0,10.0,52.0,333.0
-26.0,10.0,52.0,333.0
-24.0,10.0,52.0,333.0
-22.0,10.0,52.0,78.0
-20.0,10.0,52.0,555.0
-12.0,10.0,52.0,200.0
-10.0,10.0,52.0,200.0
-8.0,10.0,52.0,200.0
-6.0,10.0,52.0,200.0
-4.0,10.0,52.0,9.0
2.0,10.0,52.0,563.0
4.0,10.0,52.0,563.0
6.0,10.0,52.0,563.0
8.0,10.0,52.0,563.0
10.0,10.0,52.0,563.0
12.0,10.0,52.0,563.0
22.0,10.0,52.0,63.0
24.0,10.0,52.0,22.0
26.0,10.0,52.0,22.0
28.0,10.0,52.0,22.0
30.0,10.0,52.0,22.0
32.0,10.0,52.0,470.0
34.0,10.0,52.0,470.0
36.0,10.0,52.0,470.0
38.0,10.0,52.0,470.0
40.0,10.0,52.0,470.0
42.0,10.0,52.0,403.0
44.0,10.0,52.0,403.0
46.0,10.0,52.0,403.0
48.0,10.0,52.0,403.0
-50.0,12.0,52.0,439.0
-48.0,12.0,52.0,439.0
-46.0,12.0,52.0,439.0
-44.0,12.0,52.0,439.0
-42.0,12.0,52.0,439.0
-40.0,12.0,52.0,439.0
-38.0,12.0,52.0,439.0
-36.0,12.0,52.0,333.0
-34.0,12.0,52.0,333.0
-32.0,12.0,52.0,333.0
-30.0,12.0,52.0,333.0
-28.0,12.0,52.0,78.0
-26.0,12.0,52.0,78.0
-24.0,12.0,52.0,78.0
-22.0,12.0,52.0,78.0
-20.0,12.0,52.0,78.0
-12.0,12.0,52.0,200.0
-10.0,12.0,52.0,200.0
-8.0,12.0,52.0,200.0
-6.0,12.0,52.0,200.0
-4.0,12.0,52.0,9.0
2.0,12.0,52.0,563.0
4.0,12.0,52.0,563.0
6.0,12.0,52.0,563.0
8.0,12.0,52.0,563.0
10.0,12.0,52.0,563.0
12.0,12.0,52.0,63.0
20.0,12.0,52.0,63.0
22.0,12.0,52.0,63.0
24.0,12.0,52.0,63.0
26.0,12.0,52.0,22.0
28.0,12.0,52.0,22.0
30.0,12.0,52.0,22.0
32.0,12.0,52.0,470.0
34.0,12.0,52.0,470.0
36.0,12.0,52.0,470.0
38.0,12.0,52.0,470.0
40.0,12.0,52.0,470.0
42.0,12.0,52.0,403.0
44.0,12.0,52.0,403.0
46.0,12.0,52.0,403.0
48.0,12.0,52.0,403.0
-50.0,14.0,52.0,439.0
-48.0,14.0,52.0,439.0
-46.0,14.0,52.0,439.0
-44.0,14.0,52.0,439.0
-42.0,14.0,52.0,439.0
-40.0,14.0,52.0,439.0
-38.0,14.0,52.0,439.0
-36.0,14.0,52.0,333.0
-34.0,14.0,52.0,333.0
-32.0,14.0,52.0,78.0
-30.0,14.0,52.0,78.0
-28.0,14.0,52.0,78.0
-26.0,14.0,52.0,78.0
-24.0,14.0,52.0,78.0
-22.0,14.0,52.0,78.0
-20.0,14.0,52.0,78.0
-12.0,14.0,52.0,200.0
-10.0,14.0,52.0,200.0
-8.0,14.0,52.0,200.0
-6.0,14.0,52.0,200.0
-4.0,14.0,52.0,200.0
2.0,14.0,52.0,563.0
4.0,14.0,52.0,563.0
6.0,14.0,52.0,563.0
8.0,14.0,52.0,563.0
10.0,14.0,52.0,563.0
18.0,14.0,52.0,63.0
20.0,14.0,52.0,63.0
22.0,14.0,52.0,63.0
24.0,14.0,52.0,63.0
26.0,14.0,52.0,63.0
28.0,14.0,52.0,22.0
30.0,14.0,52.0,470.0
32.0,14.0,52.0,470.0
34.0,14.0,52.0,470.0
36.0,14.0,52.0,470.0
38.0,14.0,52.0,470.0
40.0,14.0,52.0,470.0
42.0,14.0,52.0,403.0
44.0,14.0,52.0,403.0
46.0,14.0,52.0,403.0
-48.0,16.0,52.0,439.0
-46.0,16.0,52.0,439.0
-44.0,16.0,52.0,439.0
-42.0,16.0,52.0,439.0
-40.0,16.0,52.0,439.0
-38.0,16.0,52.0,439.0
-36.0,16.0,52.0,54.0
-34.0,16.0,52.0,78.0
-32.0,16.0,52.0,78.0
-30.0,16.0,52.0,78.0
-28.0,16.0,52.0,78.0
-26.0,16.0,52.0,78.0
-24.0,16.0,52.0,78.0
-22.0,16.0,52.0,78.0
-20.0,16.0,52.0,78.0
-12.0,16.0,52.0,200.0
-10.0,16.0,52.0,200.0
-8.0,16.0,52.0,200.0
-6.0,16.0,52.0,200.0
-4.0,16.0,52.0,200.0
2.0,16.0,52.0,9.0
4.0,16.0,52.0,563.0
6.0,16.0,52.0,563.0
8.0,16.0,52.0,563.0
18.0,16.0,52.0,63.0
20.0,16.0,52.0,63.0
22.0,16.0,52.0,63.0
24.0,16.0,52.0,63.0
26.0,16.0,52.0,63.0
28.0,16.0,52.0,63.0
30.0,16.0,52.0,470.0
32.0,16.0,52.0,470.0
34.0,16.0,52.0,470.0
36.0,16.0,52.0,470.0
38.0,16.0,52.0,470.0
40.0,16.0,52.0,470.0
42.0,16.0,52.0,403.0
44.0,16.0,52.0,403.0
46.0,16.0,52.0,403.0
-46.0,18.0,52.0,439.0
-44.0,18.0,52.0,439.0
-42.0,18.0,52.0,439.0
-40.0,18.0,52.0,54.0
-38.0,18.0,52.0,54.0
-36.0,18.0,52.0,54.0
-34.0,18.0,52.0,54.0
-32.0,18.0,52.0,78.0
-30.0,18.0,52.0,78.0
-28.0,18.0,52.0,78.0
-26.0,18.0,52.0,78.0
-24.0,18.0,52.0,78.0
-22.0,18.0,52.0,78.0
-20.0,18.0,52.0,78.0
-10.0,18.0,52.0,200.0
-8.0,18.0,52.0,200.0
-6.0,18.0,52.0,200.0
-4.0,18.0,52.0,200.0
-2.0,18.0,52.0,200.0
2.0,18.0,52.0,9.0
4.0,18.0,52.0,563.0
6.0,18.0,52.0,563.0
8.0,18.0,52.0,563.0
16.0,18.0,52.0,63.0
18.0,18.0,52.0,63.0
20.0,18.0,52.0,63.0
22.0,18.0,52.0,63.0
24.0,18.0,52.0,63.0
26.0,18.0,52.0,63.0
28.0,18.0,52.0,63.0
30.0,18.0,52.0,470.0
32.0,18.0,52.0,470.0
34.0,18.0,52.0,470.0
36.0,18.0,52.0,470.0
38.0,18.0,52.0,470.0
40.0,18.0,52.0,470.0
42.0,18.0,52.0,470.0
44.0,18.0,52.0,403.0
-46.0,20.0,52.0,439.0
-44.0,20.0,52.0,439.0
-42.0,20.0,52.0,54.0
-40.0,20.0,52.0,54.0
-38.0,20.0,52.0,54.0
-36.0,20.0,52.0,54.0
-34.0,20.0,52.0,54.0
-32.0,20.0,52.0,78.0
-30.0,20.0,52.0,78.0
-28.0,20.0,52.0,78.0
-26.0,20.0,52.0,78.0
-24.0,20.0,52.0,78.0
-22.0,20.0,52.0,78.0
-20.0,20.0,52.0,78.0
-8.0,20.0,52.0,200.0
-6.0,20.0,52.0,200.0
-4.0,20.0,52.0,200.0
-2.0,20.0,52.0,217.0
2.0,20.0,52.0,217.0
4.0,20.0,52.0,217.0
6.0,20.0,52.0,255.0
8.0,20.0,52.0,255.0
16.0,20.0,52.0,63.0
18.0,20.0,52.0,63.0
20.0,20.0,52.0,63.0
22.0,20.0,52.0,63.0
24.0,20.0,52.0,63.0
26.0,20.0,52.0,63.0
28.0,20.0,52.0,63.0
30.0,20.0,52.0,470.0
32.0,20.0,52.0,470.0
34.0,20.0,52.0,470.0
36.0,20.0,52.0,470.0
38.0,20.0,52.0,470.0
40.0,20.0,52.0,470.0
42.0,20.0,52.0,470.0
-44.0,22.0,52.0,54.0
-42.0,22.0,52.0,54.0
-40.0,22.0,52.0,54.0
-38.0,22.0,52.0,54.0
-36.0,22.0,52.0,54.0
-34.0,22.0,52.0,1.0
-32.0,22.0,52.0,78.0
-30.0,22.0,52.0,78.0
-28.0,22.0,52.0,78.0
-26.0,22.0,52.0,78.0
-24.0,22.0,52.0,78.0
-22.0,22.0,52.0,78.0
-20.0,22.0,52.0,78.0
-8.0,22.0,52.0,217.0
-6.0,22.0,52.0,217.0
-4.0,22.0,52.0,217.0
2.0,22.0,52.0,217.0
4.0,22.0,52.0,217.0
6.0,22.0,52.0,255.0
8.0,22.0,52.0,255.0
16.0,22.0,52.0,63.0
18.0,22.0,52.0,63.0
20.0,22.0,52.0,63.0
22.0,22.0,52.0,63.0
24.0,22.0,52.0,63.0
26.0,22.0,52.0,63.0
28.0,22.0,52.0,63.0
30.0,22.0,52.0,470.0
32.0,22.0,52.0,470.0
34.0,22.0,52.0,470.0
36.0,22.0,52.0,470.0
38.0,22.0,52.0,470.0
40.0,22.0,52.0,470.0
42.0,22.0,52.0,470.0
-42.0,24.0,52.0,54.0
-40.0,24.0,52.0,54.0
-38.0,24.0,52.0,54.0
-36.0,24.0,52.0,54.0
-34.0,24.0,52.0,1.0
-32.0,24.0,52.0,78.0
-30.0,24.0,52.0,78.0
-28.0,24.0,52.0,78.0
-26.0,24.0,52.0,78.0
-24.0,24.0,52.0,78.0
-22.0,24.0,52.0,78.0
-20.0,24.0,52.0,78.0
-18.0,24.0,52.0,453.0
-10.0,24.0,52.0,217.0
-8.0,24.0,52.0,217.0
-6.0,24.0,52.0,217.0
-4.0,24.0,52.0,217.0
2.0,24.0,52.0,217.0
4.0,24.0,52.0,217.0
6.0,24.0,52.0,255.0
8.0,24.0,52.0,255.0
16.0,24.0,52.0,63.0
18.0,24.0,52.0,63.0
20.0,24.0,52.0,63.0
22.0,24.0,52.0,63.0
24.0,24.0,52.0,63.0
26.0,24.0,52.0,63.0
28.0,24.0,52.0,63.0
30.0,24.0,52.0,470.0
32.0,24.0,52.0,470.0
34.0,24.0,52.0,470.0
36.0,24.0,52.0,470.0
38.0,24.0,52.0,470.0
40.0,24.0,52.0,470.0
-40.0,26.0,52.0,54.0
-38.0,26.0,52.0,54.0
-36.0,26.0,52.0,1.0
-34.0,26.0,52.0,1.0
-32.0,26.0,52.0,1.0
-30.0,26.0,52.0,78.0
-28.0,26.0,52.0,78.0
-26.0,26.0,52.0,78.0
-24.0,26.0,52.0,78.0
-22.0,26.0,52.0,453.0
-20.0,26.0,52.0,453.0
-18.0,26.0,52.0,453.0
-16.0,26.0,52.0,453.0
-10.0,26.0,52.0,217.0
-8.0,26.0,52.0,217.0
-6.0,26.0,52.0,217.0
-4.0,26.0,52.0,217.0
2.0,26.0,52.0,217.0
4.0,26.0,52.0,255.0
6.0,26.0,52.0,255.0
8.0,26.0,52.0,255.0
16.0,26.0,52.0,63.0
18.0,26.0,52.0,63.0
20.0,26.0,52.0,63.0
22.0,26.0,52.0,63.0
24.0,26.0,52.0,63.0
26.0,26.0,52.0,63.0
28.0,26.0,52.0,167.0
30.0,26.0,52.0,167.0
32.0,26.0,52.0,167.0
34.0,26.0,52.0,470.0
36.0,26.0,52.0,470.0
38.0,26.0,52.0,470.0
-40.0,28.0,52.0,368.0
-38.0,28.0,52.0,368.0
-36.0,28.0,52.0,1.0
-34.0,28.0,52.0,1.0
-32.0,28.0,52.0,1.0
-30.0,28.0,52.0,78.0
-28.0,28.0,52.0,78.0
-26.0,28.0,52.0,453.0
-24.0,28.0,52.0,453.0
-22.0,28.0,52.0,453.0
-20.0,28.0,52.0,453.0
-18.0,28.0,52.0,453.0
-16.0,28.0,52.0,453.0
-14.0,28.0,52.0,453.0
-10.0,28.0,52.0,217.0
-8.0,28.0,52.0,217.0
-6.0,28.0,52.0,217.0
-4.0,28.0,52.0,217.0
-2.0,28.0,52.0,217.0
2.0,28.0,52.0,217.0
4.0,28.0,52.0,255.0
6.0,28.0,52.0,255.0
8.0,28.0,52.0,255.0
14.0,28.0,52.0,255.0
16.0,28.0,52.0,63.0
18.0,28.0,52.0,63.0
20.0,28.0,52.0,63.0
22.0,28.0,52.0,63.0
24.0,28.0,52.0,317.0
26.0,28.0,52.0,317.0
28.0,28.0,52.0,317.0
30.0,28.0,52.0,167.0
32.0,28.0,52.0,167.0
34.0,28.0,52.0,167.0
36.0,28.0,52.0,167.0
-38.0,30.0,52.0,368.0
-36.0,30.0,52.0,368.0
-34.0,30.0,52.0,1.0
-32.0,30.0,52.0,1.0
-30.0,30.0,52.0,1.0
-28.0,30.0,52.0,453.0
-26.0,30.0,52.0,453.0
-24.0,30.0,52.0,453.0
-22.0,30.0,52.0,453.0
-20.0,30.0,52.0,453.0
-18.0,30.0,52.0,453.0
-16.0,30.0,52.0,453.0
-14.0,30.0,52.0,453.0
-8.0,30.0,52.0,217.0
-6.0,30.0,52.0,217.0
-4.0,30.0,52.0,217.0
-2.0,30.0,52.0,217.0
2.0,30.0,52.0,217.0
4.0,30.0,52.0,255.0
6.0,30.0,52.0,255.0
8.0,30.0,52.0,255.0
10.0,30.0,52.0,255.0
12.0,30.0,52.0,255.0
14.0,30.0,52.0,255.0
16.0,30.0,52.0,255.0
18.0,30.0,52.0,63.0
20.0,30.0,52.0,317.0
22.0,30.0,52.0,317.0
24.0,30.0,52.0,317.0
26.0,30.0,52.0,317.0
28.0,30.0,52.0,317.0
30.0,30.0,52.0,317.0
32.0,30.0,52.0,167.0
34.0,30.0,52.0,167.0
-36.0,32.0,52.0,368.0
-34.0,32.0,52.0,1.0
-32.0,32.0,52.0,1.0
-30.0,32.0,52.0,1.0
-28.0,32.0,52.0,453.0
-26.0,32.0,52.0,453.0
-24.0,32.0,52.0,453.0
-22.0,32.0,52.0,453.0
-20.0,32.0,52.0,453.0
-18.0,32.0,52.0,453.0
-16.0,32.0,52.0,453.0
-14.0,32.0,52.0,453.0
-8.0,32.0,52.0,217.0
-6.0,32.0,52.0,217.0
-4.0,32.0,52.0,217.0
-2.0,32.0,52.0,217.0
2.0,32.0,52.0,255.0
4.0,32.0,52.0,255.0
6.0,32.0,52.0,255.0
8.0,32.0,52.0,255.0
10.0,32.0,52.0,255.0
12.0,32.0,52.0,255.0
14.0,32.0,52.0,255.0
16.0,32.0,52.0,255.0
18.0,32.0,52.0,255.0
20.0,32.0,52.0,317.0
22.0,32.0,52.0,317.0
24.0,32.0,52.0,317.0
26.0,32.0,52.0,317.0
28.0,32.0,52.0,317.0
30.0,32.0,52.0,317.0
32.0,32.0,52.0,317.0
-32.0,34.0,52.0,1.0
-30.0,34.0,52.0,1.0
-28.0,34.0,52.0,453.0
-26.0,34.0,52.0,453.0
-24.0,34.0,52.0,453.0
-22.0,34.0,52.0,453.0
-20.0,34.0,52.0,453.0
-18.0,34.0,52.0,453.0
-16.0,34.0,52.0,453.0
-14.0,34.0,52.0,517.0
-12.0,34.0,52.0,517.0
-10.0,34.0,52.0,517.0
-8.0,34.0,52.0,517.0
-6.0,34.0,52.0,517.0
-4.0,34.0,52.0,517.0
-2.0,34.0,52.0,217.0
2.0,34.0,52.0,255.0
4.0,34.0,52.0,255.0
6.0,34.0,52.0,255.0
8.0,34.0,52.0,255.0
10.0,34.0,52.0,255.0
12.0,34.0,52.0,255.0
14.0,34.0,52.0,255.0
16.0,34.0,52.0,255.0
18.0,34.0,52.0,255.0
20.0,34.0,52.0,317.0
22.0,34.0,52.0,317.0
24.0,34.0,52.0,317.0
26.0,34.0,52.0,317.0
28.0,34.0,52.0,317.0
-30.0,36.0,52.0,386.0
-28.0,36.0,52.0,453.0
-26.0,36.0,52.0,453.0
-24.0,36.0,52.0,453.0
-22.0,36.0,52.0,453.0
-20.0,36.0,52.0,453.0
-18.0,36.0,52.0,453.0
-16.0,36.0,52.0,39.0
-14.0,36.0,52.0,39.0
-12.0,36.0,52.0,39.0
-10.0,36.0,52.0,39.0
-8.0,36.0,52.0,39.0
-6.0,36.0,52.0,517.0
-4.0,36.0,52.0,517.0
-2.0,36.0,52.0,517.0
0.0,36.0,52.0,126.0
2.0,36.0,52.0,126.0
4.0,36.0,52.0,126.0
6.0,36.0,52.0,126.0
8.0,36.0,52.0,126.0
10.0,36.0,52.0,255.0
12.0,36.0,52.0,255.0
14.0,36.0,52.0,255.0
16.0,36.0,52.0,255.0
18.0,36.0,52.0,255.0
20.0,36.0,52.0,317.0
22.0,36.0,52.0,317.0
24.0,36.0,52.0,317.0
26.0,36.0,52.0,317.0
-28.0,38.0,52.0,386.0
-26.0,38.0,52.0,453.0
-24.0,38.0,52.0,453.0
-22.0,38.0,52.0,453.0
-20.0,38.0,52.0,453.0
-18.0,38.0,52.0,39.0
-16.0,38.0,52.0,39.0
-14.0,38.0,52.0,39.0
-12.0,38.0,52.0,39.0
-10.0,38.0,52.0,39.0
-8.0,38.0,52.0,39.0
-6.0,38.0,52.0,39.0
-4.0,38.0,52.0,39.0
-2.0,38.0,52.0,126.0
0.0,38.0,52.0,126.0
2.0,38.0,52.0,126.0
4.0,38.0,52.0,126.0
6.0,38.0,52.0,126.0
8.0,38.0,52.0,126.0
10.0,38.0,52.0,126.0
12.0,38.0,52.0,126.0
14.0,38.0,52.0,126.0
16.0,38.0,52.0,126.0
18.0,38.0,52.0,126.0
20.0,38.0,52.0,317.0
22.0,38.0,52.0,317.0
24.0,38.0,52.0,317.0
-26.0,40.0,52.0,453.0
-24.0,40.0,52.0,453.0
-22.0,40.0,52.0,453.0
-20.0,40.0,52.0,39.0
-18.0,40.0,52.0,39.0
-16.0,40.0,52.0,39.0
-14.0,40.0,52.0,39.0
-12.0,40.0,52.0,39.0
-10.0,40.0,52.0,39.0
-8.0,40.0,52.0,39.0
-6.0,40.0,52.0,39.0
-4.0,40.0,52.0,39.0
-2.0,40.0,52.0,126.0
2.0,40.0,52.0,126.0
4.0,40.0,52.0,126.0
6.0,40.0,52.0,126.0
8.0,40.0,52.0,126.0
10.0,40.0,52.0,126.0
12.0,40.0,52.0,126.0
14.0,40.0,52.0,126.0
16.0,40.0,52.0,126.0
18.0,40.0,52.0,126.0
20.0,40.0,52.0,317.0
-22.0,42.0,52.0,291.0
-20.0,42.0,52.0,39.0
-18.0,42.0,52.0,39.0
-16.0,42.0,52.0,39.0
-14.0,42.0,52.0,39.0
-12.0,42.0,52.0,39.0
-10.0,42.0,52.0,39.0
-8.0,42.0,52.0,39.0
-6.0,42.0,52.0,39.0
-4.0,42.0,52.0,39.0
-2.0,42.0,52.0,39.0
2.0,42.0,52.0,126.0
4.0,42.0,52.0,126.0
6.0,42.0,52.0,126.0
8.0,42.0,52.0,126.0
10.0,42.0,52.0,126.0
12.0,42.0,52.0,126.0
14.0,42.0,52.0,126.0
16.0,42.0,52.0,126.0
18.0,42.0,52.0,126.0
-18.0,44.0,52.0,39.0
-16.0,44.0,52.0,39.0
-14.0,44.0,52.0,39.0
-12.0,44.0,52.0,39.0
-10.0,44.0,52.0,39.0
-8.0,44.0,52.0,39.0
-6.0,44.0,52.0,39.0
-4.0,44.0,52.0,39.0
-2.0,44.0,52.0,39.0
2.0,44.0,52.0,126.0
4.0,44.0,52.0,126.0
6.0,44.0,52.0,126.0
8.0,44.0,52.0,126.0
10.0,44.0,52.0,126.0
12.0,44.0,52.0,126.0
14.0,44.0,52.0,126.0
16.0,44.0,52.0,126.0
-14.0,46.0,52.0,39.0
-12.0,46.0,52.0,39.0
-10.0,46.0,52.0,39.0
-8.0,46.0,52.0,39.0
-6.0,46.0,52.0,39.0
-4.0,46.0,52.0,39.0
-2.0,46.0,52.0,39.0
4.0,46.0,52.0,126.0
6.0,46.0,52.0,126.0
8.0,46.0,52.0,126.0
10.0,46.0,52.0,126.0
-10.0,48.0,52.0,39.0
-8.0,48.0,52.0,39.0
-6.0,48.0,52.0,39.0
6.0,48.0,52.0,126.0
10.0,-82.0,54.0,176.0
-16.0,-80.0,54.0,312.0
-14.0,-80.0,54.0,155.0
-12.0,-80.0,54.0,155.0
-10.0,-80.0,54.0,155.0
6.0,-80.0,54.0,176.0
8.0,-80.0,54.0,176.0
10.0,-80.0,54.0,176.0
12.0,-80.0,54.0,176.0
14.0,-80.0,54.0,135.0
16.0,-80.0,54.0,135.0
18.0,-80.0,54.0,135.0
20.0,-80.0,54.0,135.0
22.0,-80.0,54.0,135.0
-24.0,-78.0,54.0,312.0
-22.0,-78.0,54.0,312.0
-20.0,-78.0,54.0,312.0
-18.0,-78.0,54.0,312.0
-16.0,-78.0,54.0,312.0
-14.0,-78.0,54.0,155.0
-12.0,-78.0,54.0,155.0
-10.0,-78.0,54.0,155.0
-8.0,-78.0,54.0,155.0
4.0,-78.0,54.0,176.0
6.0,-78.0,54.0,176.0
8.0,-78.0,54.0,176.0
10.0,-78.0,54.0,176.0
12.0,-78.0,54.0,176.0
14.0,-78.0,54.0,176.0
16.0,-78.0,54.0,135.0
18.0,-78.0,54.0,135.0
20.0,-78.0,54.0,135.0
22.0,-78.0,54.0,135.0
24.0,-78.0,54.0,516.0
-30.0,-76.0,54.0,512.0
-28.0,-76.0,54.0,312.0
-26.0,-76.0,54.0,312.0
-24.0,-76.0,54.0,312.0
-22.0,-76.0,54.0,312.0
-20.0,-76.0,54.0,312.0
-18.0,-76.0,54.0,312.0
-16.0,-76.0,54.0,312.0
-14.0,-76.0,54.0,155.0
-12.0,-76.0,54.0,155.0
-10.0,-76.0,54.0,155.0
-8.0,-76.0,54.0,155.0
2.0,-76.0,54.0,155.0
4.0,-76.0,54.0,176.0
6.0,-76.0,54.0,176.0
8.0,-76.0,54.0,176.0
10.0,-76.0,54.0,176.0
12.0,-76.0,54.0,176.0
14.0,-76.0,54.0,176.0
16.0,-76.0,54.0,176.0
18.0,-76.0,54.0,516.0
20.0,-76.0,54.0,516.0
22.0,-76.0,54.0,516.0
24.0,-76.0,54.0,516.0
26.0,-76.0,54.0,516.0
-34.0,-74.0,54.0,512.0
-32.0,-74.0,54.0,512.0
-30.0,-74.0,54.0,512.0
-28.0,-74.0,54.0,312.0
-26.0,-74.0,54.0,312.0
-24.0,-74.0,54.0,312.0
-22.0,-74.0,54.0,312.0
-20.0,-74.0,54.0,312.0
-18.0,-74.0,54.0,312.0
-16.0,-74.0,54.0,312.0
-14.0,-74.0,54.0,155.0
-12.0,-74.0,54.0,155.0
-10.0,-74.0,54.0,155.0
-8.0,-74.0,54.0,155.0
-6.0,-74.0,54.0,155.0
-4.0,-74.0,54.0,155.0
2.0,-74.0,54.0,266.0
4.0,-74.0,54.0,176.0
6.0,-74.0,54.0,176.0
8.0,-74.0,54.0,176.0
10.0,-74.0,54.0,176.0
12.0,-74.0,54.0,176.0
14.0,-74.0,54.0,176.0
16.0,-74.0,54.0,176.0
18.0,-74.0,54.0,516.0
20.0,-74.0,54.0,516.0
22.0,-74.0,54.0,516.0
24.0,-74.0,54.0,516.0
26.0,-74.0,54.0,516.0
32.0,-74.0,54.0,88.0
34.0,-74.0,54.0,88.0
-36.0,-72.0,54.0,512.0
-34.0,-72.0,54.0,512.0
-32.0,-72.0,54.0,512.0
-30.0,-72.0,54.0,512.0
-26.0,-72.0,54.0,312.0
-24.0,-72.0,54.0,312.0
-22.0,-72.0,54.0,312.0
-20.0,-72.0,54.0,312.0
-18.0,-72.0,54.0,312.0
-16.0,-72.0,54.0,312.0
-14.0,-72.0,54.0,155.0
-12.0,-72.0,54.0,155.0
-10.0,-72.0,54.0,155.0
-8.0,-72.0,54.0,155.0
-6.0,-72.0,54.0,155.0
-4.0,-72.0,54.0,155.0
-2.0,-72.0,54.0,155.0
2.0,-72.0,54.0,266.0
4.0,-72.0,54.0,176.0
6.0,-72.0,54.0,176.0
8.0,-72.0,54.0,176.0
10.0,-72.0,54.0,176.0
12.0,-72.0,54.0,176.0
14.0,-72.0,54.0,176.0
16.0,-72.0,54.0,176.0
18.0,-72.0,54.0,516.0
20.0,-72.0,54.0,516.0
22.0,-72.0,54.0,561.0
24.0,-72.0,54.0,561.0
26.0,-72.0,54.0,561.0
30.0,-72.0,54.0,88.0
32.0,-72.0,54.0,88.0
34.0,-72.0,54.0,88.0
36.0,-72.0,54.0,88.0
38.0,-72.0,54.0,88.0
-38.0,-70.0,54.0,512.0
-36.0,-70.0,54.0,512.0
-34.0,-70.0,54.0,512.0
-32.0,-70.0,54.0,512.0
-30.0,-70.0,54.0,512.0
-28.0,-70.0,54.0,512.0
-26.0,-70.0,54.0,312.0
-24.0,-70.0,54.0,312.0
-22.0,-70.0,54.0,312.0
-20.0,-70.0,54.0,312.0
-18.0,-70.0,54.0,312.0
-16.0,-70.0,54.0,312.0
-14.0,-70.0,54.0,56.0
-12.0,-70.0,54.0,155.0
-10.0,-70.0,54.0,155.0
-8.0,-70.0,54.0,155.0
-6.0,-70.0,54.0,155.0
-4.0,-70.0,54.0,155.0
-2.0,-70.0,54.0,155.0
0.0,-70.0,54.0,266.0
2.0,-70.0,54.0,266.0
4.0,-70.0,54.0,266.0
6.0,-70.0,54.0,176.0
8.0,-70.0,54.0,176.0
10.0,-70.0,54.0,176.0
12.0,-70.0,54.0,176.0
14.0,-70.0,54.0,176.0
16.0,-70.0,54.0,176.0
18.0,-70.0,54.0,561.0
20.0,-70.0,54.0,561.0
22.0,-70.0,54.0,561.0
24.0,-70.0,54.0,561.0
26.0,-70.0,54.0,561.0
28.0,-70.0,54.0,561.0
30.0,-70.0,54.0,88.0
32.0,-70.0,54.0,88.0
34.0,-70.0,54.0,88.0
36.0,-70.0,54.0,88.0
38.0,-70.0,54.0,88.0
40.0,-70.0,54.0,88.0
-42.0,-68.0,54.0,512.0
-40.0,-68.0,54.0,512.0
-38.0,-68.0,54.0,512.0
-36.0,-68.0,54.0,512.0
-34.0,-68.0,54.0,512.0
-32.0,-68.0,54.0,512.0
-30.0,-68.0,54.0,512.0
-28.0,-68.0,54.0,512.0
-26.0,-68.0,54.0,346.0
-24.0,-68.0,54.0,346.0
-22.0,-68.0,54.0,312.0
-20.0,-68.0,54.0,312.0
-18.0,-68.0,54.0,312.0
-16.0,-68.0,54.0,312.0
-14.0,-68.0,54.0,56.0
-12.0,-68.0,54.0,56.0
-10.0,-68.0,54.0,56.0
-8.0,-68.0,54.0,155.0
-6.0,-68.0,54.0,155.0
-4.0,-68.0,54.0,155.0
-2.0,-68.0,54.0,155.0
0.0,-68.0,54.0,266.0
2.0,-68.0,54.0,266.0
4.0,-68.0,54.0,266.0
6.0,-68.0,54.0,176.0
8.0,-68.0,54.0,176.0
10.0,-68.0,54.0,176.0
12.0,-68.0,54.0,176.0
14.0,-68.0,54.0,176.0
16.0,-68.0,54.0,176.0
18.0,-68.0,54.0,561.0
20.0,-68.0,54.0,561.0
22.0,-68.0,54.0,561.0
24.0,-68.0,54.0,561.0
26.0,-68.0,54.0,561.0
28.0,-68.0,54.0,561.0
30.0,-68.0,54.0,561.0
32.0,-68.0,54.0,88.0
34.0,-68.0,54.0,88.0
36.0,-68.0,54.0,88.0
38.0,-68.0,54.0,88.0
40.0,-68.0,54.0,387.0
42.0,-68.0,54.0,387.0
-44.0,-66.0,54.0,599.0
-42.0,-66.0,54.0,512.0
-40.0,-66.0,54.0,512.0
-38.0,-66.0,54.0,512.0
-36.0,-66.0,54.0,512.0
-34.0,-66.0,54.0,512.0
-32.0,-66.0,54.0,512.0
-30.0,-66.0,54.0,512.0
-28.0,-66.0,54.0,512.0
-26.0,-66.0,54.0,346.0
-24.0,-66.0,54.0,346.0
-22.0,-66.0,54.0,346.0
-20.0,-66.0,54.0,346.0
-18.0,-66.0,54.0,346.0
-16.0,-66.0,54.0,56.0
-14.0,-66.0,54.0,56.0
-12.0,-66.0,54.0,56.0
-10.0,-66.0,54.0,56.0
-8.0,-66.0,54.0,56.0
-6.0,-66.0,54.0,433.0
-4.0,-66.0,54.0,433.0
-2.0,-66.0,54.0,433.0
0.0,-66.0,54.0,266.0
2.0,-66.0,54.0,266.0
4.0,-66.0,54.0,266.0
6.0,-66.0,54.0,266.0
8.0,-66.0,54.0,176.0
10.0,-66.0,54.0,176.0
12.0,-66.0,54.0,176.0
14.0,-66.0,54.0,176.0
16.0,-66.0,54.0,561.0
18.0,-66.0,54.0,561.0
20.0,-66.0,54.0,561.0
22.0,-66.0,54.0,561.0
24.0,-66.0,54.0,561.0
26.0,-66.0,54.0,561.0
28.0,-66.0,54.0,561.0
30.0,-66.0,54.0,561.0
32.0,-66.0,54.0,88.0
34.0,-66.0,54.0,88.0
36.0,-66.0,54.0,88.0
38.0,-66.0,54.0,387.0
40.0,-66.0,54.0,387.0
42.0,-66.0,54.0,387.0
44.0,-66.0,54.0,387.0
-46.0,-64.0,54.0,599.0
-44.0,-64.0,54.0,599.0
-42.0,-64.0,54.0,512.0
-40.0,-64.0,54.0,512.0
-38.0,-64.0,54.0,512.0
-36.0,-64.0,54.0,512.0
-34.0,-64.0,54.0,512.0
-32.0,-64.0,54.0,512.0
-30.0,-64.0,54.0,512.0
-28.0,-64.0,54.0,346.0
-26.0,-64.0,54.0,346.0
-24.0,-64.0,54.0,346.0
-22.0,-64.0,54.0,346.0
-20.0,-64.0,54.0,346.0
-18.0,-64.0,54.0,346.0
-16.0,-64.0,54.0,56.0
-14.0,-64.0,54.0,56.0
-12.0,-64.0,54.0,56.0
-10.0,-64.0,54.0,56.0
-8.0,-64.0,54.0,56.0
-6.0,-64.0,54.0,433.0
-4.0,-64.0,54.0,433.0
-2.0,-64.0,54.0,433.0
0.0,-64.0,54.0,266.0
2.0,-64.0,54.0,266.0
4.0,-64.0,54.0,266.0
6.0,-64.0,54.0,266.0
8.0,-64.0,54.0,176.0
10.0,-64.0,54.0,176.0
12.0,-64.0,54.0,176.0
14.0,-64.0,54.0,176.0
16.0,-64.0,54.0,561.0
18.0,-64.0,54.0,561.0
20.0,-64.0,54.0,561.0
22.0,-64.0,54.0,561.0
24.0,-64.0,54.0,561.0
26.0,-64.0,54.0,561.0
28.0,-64.0,54.0,561.0
30.0,-64.0,54.0,561.0
32.0,-64.0,54.0,402.0
34.0,-64.0,54.0,88.0
36.0,-64.0,54.0,387.0
38.0,-64.0,54.0,387.0
40.0,-64.0,54.0,387.0
42.0,-64.0,54.0,387.0
44.0,-64.0,54.0,387.0
46.0,-64.0,54.0,387.0
-48.0,-62.0,54.0,599.0
-46.0,-62.0,54.0,599.0
-44.0,-62.0,54.0,599.0
-42.0,-62.0,54.0,599.0
-40.0,-62.0,54.0,512.0
-38.0,-62.0,54.0,512.0
-36.0,-62.0,54.0,512.0
-34.0,-62.0,54.0,512.0
-32.0,-62.0,54.0,182.0
-30.0,-62.0,54.0,182.0
-28.0,-62.0,54.0,182.0
-26.0,-62.0,54.0,182.0
-24.0,-62.0,54.0,346.0
-22.0,-62.0,54.0,346.0
-20.0,-62.0,54.0,346.0
-18.0,-62.0,54.0,346.0
-16.0,-62.0,54.0,56.0
-14.0,-62.0,54.0,56.0
-12.0,-62.0,54.0,56.0
-10.0,-62.0,54.0,56.0
-8.0,-62.0,54.0,56.0
-6.0,-62.0,54.0,433.0
-4.0,-62.0,54.0,433.0
-2.0,-62.0,54.0,433.0
0.0,-62.0,54.0,266.0
2.0,-62.0,54.0,266.0
4.0,-62.0,54.0,266.0
6.0,-62.0,54.0,266.0
8.0,-62.0,54.0,389.0
10.0,-62.0,54.0,389.0
12.0,-62.0,54.0,389.0
14.0,-62.0,54.0,389.0
16.0,-62.0,54.0,561.0
18.0,-62.0,54.0,561.0
20.0,-62.0,54.0,561.0
22.0,-62.0,54.0,561.0
24.0,-62.0,54.0,561.0
26.0,-62.0,54.0,561.0
28.0,-62.0,54.0,561.0
30.0,-62.0,54.0,402.0
32.0,-62.0,54.0,402.0
34.0,-62.0,54.0,402.0
36.0,-62.0,54.0,387.0
38.0,-62.0,54.0,387.0
40.0,-62.0,54.0,387.0
42.0,-62.0,54.0,387.0
44.0,-62.0,54.0,387.0
46.0,-62.0,54.0,387.0
-48.0,-60.0,54.0,599.0
-46.0,-60.0,54.0,599.0
-44.0,-60.0,54.0,599.0
-42.0,-60.0,54.0,599.0
-40.0,-60.0,54.0,599.0
-38.0,-60.0,54.0,512.0
-36.0,-60.0,54.0,182.0
-34.0,-60.0,54.0,182.0
-32.0,-60.0,54.0,182.0
-30.0,-60.0,54.0,182.0
-28.0,-60.0,54.0,182.0
-26.0,-60.0,54.0,182.0
-24.0,-60.0,54.0,182.0
-22.0,-60.0,54.0,182.0
-20.0,-60.0,54.0,346.0
-18.0,-60.0,54.0,346.0
-16.0,-60.0,54.0,56.0
-14.0,-60.0,54.0,56.0
-12.0,-60.0,54.0,56.0
-10.0,-60.0,54.0,56.0
-8.0,-60.0,54.0,56.0
-6.0,-60.0,54.0,433.0
-4.0,-60.0,54.0,433.0
-2.0,-60.0,54.0,433.0
0.0,-60.0,54.0,433.0
2.0,-60.0,54.0,266.0
4.0,-60.0,54.0,389.0
6.0,-60.0,54.0,389.0
8.0,-60.0,54.0,389.0
10.0,-60.0,54.0,389.0
12.0,-60.0,54.0,389.0
14.0,-60.0,54.0,389.0
16.0,-60.0,54.0,561.0
18.0,-60.0,54.0,561.0
20.0,-60.0,54.0,561.0
22.0,-60.0,54.0,561.0
24.0,-60.0,54.0,561.0
26.0,-60.0,54.0,561.0
28.0,-60.0,54.0,402.0
30.0,-60.0,54.0,402.0
32.0,-60.0,54.0,402.0
34.0,-60.0,54.0,402.0
36.0,-60.0,54.0,83.0
38.0,-60.0,54.0,387.0
40.0,-60.0,54.0,387.0
42.0,-60.0,54.0,387.0
44.0,-60.0,54.0,387.0
46.0,-60.0,54.0,387.0
48.0,-60.0,54.0,387.0
-50.0,-58.0,54.0,599.0
-48.0,-58.0,54.0,599.0
-46.0,-58.0,54.0,599.0
-44.0,-58.0,54.0,599.0
-42.0,-58.0,54.0,599.0
-40.0,-58.0,54.0,599.0
-38.0,-58.0,54.0,77.0
-36.0,-58.0,54.0,182.0
-34.0,-58.0,54.0,182.0
-32.0,-58.0,54.0,182.0
-30.0,-58.0,54.0,182.0
-28.0,-58.0,54.0,182.0
-26.0,-58.0,54.0,182.0
-24.0,-58.0,54.0,182.0
-22.0,-58.0,54.0,182.0
-20.0,-58.0,54.0,182.0
-16.0,-58.0,54.0,348.0
-14.0,-58.0,54.0,56.0
-12.0,-58.0,54.0,56.0
-10.0,-58.0,54.0,56.0
-8.0,-58.0,54.0,56.0
-6.0,-58.0,54.0,433.0
-4.0,-58.0,54.0,433.0
0.0,-58.0,54.0,433.0
2.0,-58.0,54.0,389.0
4.0,-58.0,54.0,389.0
6.0,-58.0,54.0,389.0
8.0,-58.0,54.0,389.0
10.0,-58.0,54.0,389.0
12.0,-58.0,54.0,389.0
14.0,-58.0,54.0,389.0
16.0,-58.0,54.0,561.0
18.0,-58.0,54.0,561.0
20.0,-58.0,54.0,561.0
22.0,-58.0,54.0,561.0
24.0,-58.0,54.0,561.0
26.0,-58.0,54.0,561.0
28.0,-58.0,54.0,402.0
30.0,-58.0,54.0,402.0
32.0,-58.0,54.0,402.0
34.0,-58.0,54.0,402.0
36.0,-58.0,54.0,83.0
38.0,-58.0,54.0,83.0
40.0,-58.0,54.0,387.0
42.0,-58.0,54.0,387.0
44.0,-58.0,54.0,387.0
46.0,-58.0,54.0,387.0
48.0,-58.0,54.0,387.0
50.0,-58.0,54.0,387.0
-52.0,-56.0,54.0,600.0
-50.0,-56.0,54.0,599.0
-48.0,-56.0,54.0,599.0
-46.0,-56.0,54.0,599.0
-44.0,-56.0,54.0,599.0
-42.0,-56.0,54.0,599.0
-40.0,-56.0,54.0,599.0
-38.0,-56.0,54.0,73.0
-36.0,-56.0,54.0,73.0
-34.0,-56.0,54.0,77.0
-32.0,-56.0,54.0,182.0
-30.0,-56.0,54.0,182.0
-28.0,-56.0,54.0,182.0
-26.0,-56.0,54.0,182.0
-24.0,-56.0,54.0,182.0
-22.0,-56.0,54.0,182.0
-20.0,-56.0,54.0,182.0
-16.0,-56.0,54.0,282.0
-14.0,-56.0,54.0,282.0
-12.0,-56.0,54.0,282.0
-10.0,-56.0,54.0,282.0
-8.0,-56.0,54.0,56.0
-6.0,-56.0,54.0,433.0
-4.0,-56.0,54.0,433.0
0.0,-56.0,54.0,389.0
2.0,-56.0,54.0,389.0
4.0,-56.0,54.0,389.0
6.0,-56.0,54.0,389.0
8.0,-56.0,54.0,389.0
10.0,-56.0,54.0,389.0
12.0,-56.0,54.0,389.0
14.0,-56.0,54.0,232.0
16.0,-56.0,54.0,232.0
18.0,-56.0,54.0,561.0
20.0,-56.0,54.0,561.0
22.0,-56.0,54.0,561.0
24.0,-56.0,54.0,561.0
26.0,-56.0,54.0,402.0
28.0,-56.0,54.0,402.0
30.0,-56.0,54.0,402.0
32.0,-56.0,54.0,402.0
34.0,-56.0,54.0,402.0
36.0,-56.0,54.0,83.0
38.0,-56.0,54.0,83.0
40.0,-56.0,54.0,387.0
42.0,-56.0,54.0,387.0
44.0,-56.0,54.0,387.0
46.0,-56.0,54.0,387.0
48.0,-56.0,54.0,387.0
50.0,-56.0,54.0,410.0
52.0,-56.0,54.0,410.0
-52.0,-54.0,54.0,599.0
-50.0,-54.0,54.0,599.0
-48.0,-54.0,54.0,599.0
-46.0,-54.0,54.0,599.0
-44.0,-54.0,54.0,599.0
-42.0,-54.0,54.0,599.0
-40.0,-54.0,54.0,73.0
-38.0,-54.0,54.0,73.0
-36.0,-54.0,54.0,73.0
-34.0,-54.0,54.0,73.0
-32.0,-54.0,54.0,77.0
-30.0,-54.0,54.0,182.0
-28.0,-54.0,54.0,182.0
-26.0,-54.0,54.0,182.0
-24.0,-54.0,54.0,182.0
-22.0,-54.0,54.0,182.0
-20.0,-54.0,54.0,182.0
-14.0,-54.0,54.0,282.0
-12.0,-54.0,54.0,282.0
-10.0,-54.0,54.0,282.0
-8.0,-54.0,54.0,282.0
-6.0,-54.0,54.0,282.0
-4.0,-54.0,54.0,282.0
2.0,-54.0,54.0,598.0
4.0,-54.0,54.0,598.0
6.0,-54.0,54.0,389.0
8.0,-54.0,54.0,389.0
10.0,-54.0,54.0,389.0
12.0,-54.0,54.0,389.0
14.0,-54.0,54.0,232.0
16.0,-54.0,54.0,232.0
18.0,-54.0,54.0,561.0
24.0,-54.0,54.0,344.0
26.0,-54.0,54.0,344.0
28.0,-54.0,54.0,344.0
30.0,-54.0,54.0,402.0
32.0,-54.0,54.0,402.0
34.0,-54.0,54.0,402.0
36.0,-54.0,54.0,83.0
38.0,-54.0,54.0,83.0
40.0,-54.0,54.0,83.0
42.0,-54.0,54.0,387.0
44.0,-54.0,54.0,387.0
46.0,-54.0,54.0,387.0
48.0,-54.0,54.0,387.0
50.0,-54.0,54.0,410.0
52.0,-54.0,54.0,410.0
-54.0,-52.0,54.0,600.0
-52.0,-52.0,54.0,599.0
-50.0,-52.0,54.0,599.0
-48.0,-52.0,54.0,599.0
-46.0,-52.0,54.0,599.0
-44.0,-52.0,54.0,599.0
-42.0,-52.0,54.0,549.0
-40.0,-52.0,54.0,549.0
-38.0,-52.0,54.0,73.0
-36.0,-52.0,54.0,73.0
-34.0,-52.0,54.0,73.0
-32.0,-52.0,54.0,73.0
-30.0,-52.0,54.0,73.0
-28.0,-52.0,54.0,330.0
-26.0,-52.0,54.0,182.0
-24.0,-52.0,54.0,182.0
-22.0,-52.0,54.0,182.0
-20.0,-52.0,54.0,282.0
-16.0,-52.0,54.0,282.0
-14.0,-52.0,54.0,282.0
-12.0,-52.0,54.0,282.0
-10.0,-52.0,54.0,282.0
-8.0,-52.0,54.0,282.0
-6.0,-52.0,54.0,282.0
-4.0,-52.0,54.0,282.0
0.0,-52.0,54.0,598.0
2.0,-52.0,54.0,598.0
4.0,-52.0,54.0,598.0
6.0,-52.0,54.0,598.0
8.0,-52.0,54.0,598.0
10.0,-52.0,54.0,598.0
12.0,-52.0,54.0,389.0
14.0,-52.0,54.0,232.0
16.0,-52.0,54.0,232.0
18.0,-52.0,54.0,344.0
24.0,-52.0,54.0,344.0
26.0,-52.0,54.0,344.0
28.0,-52.0,54.0,344.0
30.0,-52.0,54.0,344.0
32.0,-52.0,54.0,402.0
34.0,-52.0,54.0,402.0
36.0,-52.0,54.0,83.0
38.0,-52.0,54.0,83.0
40.0,-52.0,54.0,471.0
42.0,-52.0,54.0,471.0
44.0,-52.0,54.0,446.0
46.0,-52.0,54.0,446.0
48.0,-52.0,54.0,446.0
50.0,-52.0,54.0,410.0
52.0,-52.0,54.0,410.0
-54.0,-50.0,54.0,599.0
-52.0,-50.0,54.0,599.0
-50.0,-50.0,54.0,599.0
-48.0,-50.0,54.0,599.0
-46.0,-50.0,54.0,599.0
-44.0,-50.0,54.0,549.0
-42.0,-50.0,54.0,549.0
-40.0,-50.0,54.0,549.0
-38.0,-50.0,54.0,73.0
-36.0,-50.0,54.0,73.0
-34.0,-50.0,54.0,73.0
-32.0,-50.0,54.0,73.0
-30.0,-50.0,54.0,73.0
-28.0,-50.0,54.0,330.0
-26.0,-50.0,54.0,330.0
-18.0,-50.0,54.0,282.0
-16.0,-50.0,54.0,282.0
-14.0,-50.0,54.0,282.0
-12.0,-50.0,54.0,282.0
-10.0,-50.0,54.0,282.0
-8.0,-50.0,54.0,282.0
-6.0,-50.0,54.0,282.0
-4.0,-50.0,54.0,282.0
-2.0,-50.0,54.0,598.0
0.0,-50.0,54.0,598.0
2.0,-50.0,54.0,598.0
4.0,-50.0,54.0,598.0
6.0,-50.0,54.0,598.0
8.0,-50.0,54.0,598.0
10.0,-50.0,54.0,598.0
12.0,-50.0,54.0,598.0
14.0,-50.0,54.0,598.0
16.0,-50.0,54.0,232.0
18.0,-50.0,54.0,344.0
24.0,-50.0,54.0,344.0
26.0,-50.0,54.0,344.0
28.0,-50.0,54.0,344.0
30.0,-50.0,54.0,344.0
32.0,-50.0,54.0,344.0
34.0,-50.0,54.0,344.0
36.0,-50.0,54.0,471.0
38.0,-50.0,54.0,471.0
40.0,-50.0,54.0,471.0
42.0,-50.0,54.0,471.0
44.0,-50.0,54.0,446.0
46.0,-50.0,54.0,446.0
48.0,-50.0,54.0,446.0
50.0,-50.0,54.0,326.0
52.0,-50.0,54.0,593.0
54.0,-50.0,54.0,593.0
-56.0,-48.0,54.0,29.0
-54.0,-48.0,54.0,29.0
-52.0,-48.0,54.0,599.0
-50.0,-48.0,54.0,599.0
-48.0,-48.0,54.0,549.0
-46.0,-48.0,54.0,549.0
-44.0,-48.0,54.0,549.0
-42.0,-48.0,54.0,549.0
-40.0,-48.0,54.0,549.0
-38.0,-48.0,54.0,549.0
-36.0,-48.0,54.0,73.0
-34.0,-48.0,54.0,73.0
-32.0,-48.0,54.0,73.0
-30.0,-48.0,54.0,33.0
-28.0,-48.0,54.0,33.0
-26.0,-48.0,54.0,33.0
-24.0,-48.0,54.0,33.0
-18.0,-48.0,54.0,282.0
-16.0,-48.0,54.0,282.0
-14.0,-48.0,54.0,282.0
-12.0,-48.0,54.0,282.0
-10.0,-48.0,54.0,282.0
-8.0,-48.0,54.0,282.0
-6.0,-48.0,54.0,282.0
-4.0,-48.0,54.0,282.0
-2.0,-48.0,54.0,598.0
0.0,-48.0,54.0,598.0
2.0,-48.0,54.0,598.0
4.0,-48.0,54.0,598.0
6.0,-48.0,54.0,598.0
8.0,-48.0,54.0,598.0
10.0,-48.0,54.0,598.0
12.0,-48.0,54.0,598.0
14.0,-48.0,54.0,598.0
16.0,-48.0,54.0,344.0
24.0,-48.0,54.0,344.0
26.0,-48.0,54.0,344.0
28.0,-48.0,54.0,344.0
30.0,-48.0,54.0,344.0
32.0,-48.0,54.0,344.0
34.0,-48.0,54.0,344.0
36.0,-48.0,54.0,471.0
38.0,-48.0,54.0,471.0
40.0,-48.0,54.0,471.0
42.0,-48.0,54.0,471.0
44.0,-48.0,54.0,446.0
46.0,-48.0,54.0,446.0
48.0,-48.0,54.0,446.0
50.0,-48.0,54.0,326.0
52.0,-48.0,54.0,593.0
54.0,-48.0,54.0,593.0
-56.0,-46.0,54.0,29.0
-54.0,-46.0,54.0,29.0
-52.0,-46.0,54.0,29.0
-50.0,-46.0,54.0,29.0
-48.0,-46.0,54.0,549.0
-46.0,-46.0,54.0,549.0
-44.0,-46.0,54.0,549.0
-42.0,-46.0,54.0,549.0
-40.0,-46.0,54.0,549.0
-38.0,-46.0,54.0,549.0
-36.0,-46.0,54.0,73.0
-34.0,-46.0,54.0,33.0
-32.0,-46.0,54.0,33.0
-30.0,-46.0,54.0,33.0
-28.0,-46.0,54.0,33.0
-26.0,-46.0,54.0,33.0
-24.0,-46.0,54.0,33.0
-18.0,-46.0,54.0,282.0
-16.0,-46.0,54.0,282.0
-14.0,-46.0,54.0,282.0
-12.0,-46.0,54.0,282.0
-10.0,-46.0,54.0,282.0
-8.0,-46.0,54.0,282.0
-6.0,-46.0,54.0,282.0
-4.0,-46.0,54.0,282.0
-2.0,-46.0,54.0,598.0
2.0,-46.0,54.0,598.0
4.0,-46.0,54.0,598.0
6.0,-46.0,54.0,598.0
8.0,-46.0,54.0,598.0
10.0,-46.0,54.0,598.0
12.0,-46.0,54.0,598.0
14.0,-46.0,54.0,598.0
16.0,-46.0,54.0,48.0
18.0,-46.0,54.0,48.0
24.0,-46.0,54.0,48.0
26.0,-46.0,54.0,48.0
28.0,-46.0,54.0,48.0
30.0,-46.0,54.0,48.0
32.0,-46.0,54.0,48.0
34.0,-46.0,54.0,471.0
36.0,-46.0,54.0,471.0
38.0,-46.0,54.0,471.0
40.0,-46.0,54.0,471.0
42.0,-46.0,54.0,471.0
44.0,-46.0,54.0,446.0
46.0,-46.0,54.0,446.0
48.0,-46.0,54.0,446.0
50.0,-46.0,54.0,326.0
52.0,-46.0,54.0,593.0
54.0,-46.0,54.0,593.0
56.0,-46.0,54.0,593.0
-58.0,-44.0,54.0,29.0
-56.0,-44.0,54.0,29.0
-54.0,-44.0,54.0,29.0
-52.0,-44.0,54.0,29.0
-50.0,-44.0,54.0,576.0
-48.0,-44.0,54.0,576.0
-46.0,-44.0,54.0,549.0
-44.0,-44.0,54.0,549.0
-42.0,-44.0,54.0,549.0
-40.0,-44.0,54.0,549.0
-38.0,-44.0,54.0,549.0
-36.0,-44.0,54.0,549.0
-34.0,-44.0,54.0,33.0
-32.0,-44.0,54.0,33.0
-30.0,-44.0,54.0,33.0
-28.0,-44.0,54.0,33.0
-26.0,-44.0,54.0,33.0
-24.0,-44.0,54.0,33.0
-22.0,-44.0,54.0,33.0
-20.0,-44.0,54.0,282.0
-18.0,-44.0,54.0,282.0
-16.0,-44.0,54.0,282.0
-14.0,-44.0,54.0,282.0
-12.0,-44.0,54.0,282.0
-10.0,-44.0,54.0,282.0
-8.0,-44.0,54.0,282.0
-6.0,-44.0,54.0,282.0
-4.0,-44.0,54.0,282.0
2.0,-44.0,54.0,598.0
4.0,-44.0,54.0,598.0
6.0,-44.0,54.0,598.0
8.0,-44.0,54.0,598.0
10.0,-44.0,54.0,598.0
12.0,-44.0,54.0,598.0
14.0,-44.0,54.0,598.0
16.0,-44.0,54.0,48.0
18.0,-44.0,54.0,48.0
24.0,-44.0,54.0,48.0
26.0,-44.0,54.0,48.0
28.0,-44.0,54.0,48.0
30.0,-44.0,54.0,48.0
32.0,-44.0,54.0,48.0
34.0,-44.0,54.0,471.0
36.0,-44.0,54.0,471.0
38.0,-44.0,54.0,471.0
40.0,-44.0,54.0,471.0
42.0,-44.0,54.0,471.0
44.0,-44.0,54.0,446.0
46.0,-44.0,54.0,446.0
48.0,-44.0,54.0,446.0
50.0,-44.0,54.0,206.0
52.0,-44.0,54.0,206.0
54.0,-44.0,54.0,593.0
56.0,-44.0,54.0,593.0
-58.0,-42.0,54.0,29.0
-56.0,-42.0,54.0,29.0
-54.0,-42.0,54.0,29.0
-52.0,-42.0,54.0,29.0
-50.0,-42.0,54.0,276.0
-48.0,-42.0,54.0,276.0
-46.0,-42.0,54.0,276.0
-44.0,-42.0,54.0,549.0
-42.0,-42.0,54.0,549.0
-40.0,-42.0,54.0,549.0
-38.0,-42.0,54.0,46.0
-36.0,-42.0,54.0,46.0
-34.0,-42.0,54.0,33.0
-32.0,-42.0,54.0,33.0
-30.0,-42.0,54.0,33.0
-28.0,-42.0,54.0,33.0
-26.0,-42.0,54.0,33.0
-24.0,-42.0,54.0,33.0
-18.0,-42.0,54.0,282.0
-16.0,-42.0,54.0,282.0
-14.0,-42.0,54.0,282.0
-12.0,-42.0,54.0,282.0
-10.0,-42.0,54.0,282.0
-8.0,-42.0,54.0,282.0
-6.0,-42.0,54.0,282.0
-4.0,-42.0,54.0,282.0
2.0,-42.0,54.0,598.0
4.0,-42.0,54.0,598.0
6.0,-42.0,54.0,598.0
8.0,-42.0,54.0,598.0
10.0,-42.0,54.0,598.0
12.0,-42.0,54.0,598.0
14.0,-42.0,54.0,598.0
16.0,-42.0,54.0,65.0
18.0,-42.0,54.0,48.0
24.0,-42.0,54.0,48.0
26.0,-42.0,54.0,48.0
28.0,-42.0,54.0,48.0
30.0,-42.0,54.0,48.0
32.0,-42.0,54.0,48.0
34.0,-42.0,54.0,471.0
36.0,-42.0,54.0,471.0
38.0,-42.0,54.0,471.0
40.0,-42.0,54.0,471.0
42.0,-42.0,54.0,471.0
44.0,-42.0,54.0,446.0
46.0,-42.0,54.0,446.0
48.0,-42.0,54.0,446.0
50.0,-42.0,54.0,206.0
52.0,-42.0,54.0,206.0
54.0,-42.0,54.0,593.0
56.0,-42.0,54.0,593.0
-58.0,-40.0,54.0,29.0
-56.0,-40.0,54.0,29.0
-54.0,-40.0,54.0,29.0
-52.0,-40.0,54.0,29.0
-50.0,-40.0,54.0,276.0
-48.0,-40.0,54.0,276.0
-46.0,-40.0,54.0,276.0
-44.0,-40.0,54.0,276.0
-42.0,-40.0,54.0,46.0
-40.0,-40.0,54.0,46.0
-38.0,-40.0,54.0,46.0
-36.0,-40.0,54.0,46.0
-34.0,-40.0,54.0,33.0
-32.0,-40.0,54.0,33.0
-30.0,-40.0,54.0,33.0
-28.0,-40.0,54.0,33.0
-26.0,-40.0,54.0,33.0
-24.0,-40.0,54.0,33.0
-18.0,-40.0,54.0,511.0
-16.0,-40.0,54.0,511.0
-14.0,-40.0,54.0,511.0
-12.0,-40.0,54.0,511.0
-10.0,-40.0,54.0,511.0
-8.0,-40.0,54.0,462.0
-6.0,-40.0,54.0,462.0
-4.0,-40.0,54.0,462.0
2.0,-40.0,54.0,598.0
4.0,-40.0,54.0,598.0
6.0,-40.0,54.0,598.0
8.0,-40.0,54.0,598.0
10.0,-40.0,54.0,598.0
12.0,-40.0,54.0,598.0
14.0,-40.0,54.0,65.0
16.0,-40.0,54.0,65.0
24.0,-40.0,54.0,48.0
26.0,-40.0,54.0,48.0
28.0,-40.0,54.0,48.0
30.0,-40.0,54.0,48.0
32.0,-40.0,54.0,520.0
34.0,-40.0,54.0,520.0
36.0,-40.0,54.0,520.0
38.0,-40.0,54.0,471.0
40.0,-40.0,54.0,471.0
42.0,-40.0,54.0,471.0
44.0,-40.0,54.0,446.0
46.0,-40.0,54.0,446.0
48.0,-40.0,54.0,206.0
50.0,-40.0,54.0,206.0
52.0,-40.0,54.0,206.0
54.0,-40.0,54.0,206.0
-58.0,-38.0,54.0,29.0
-56.0,-38.0,54.0,29.0
-54.0,-38.0,54.0,29.0
-52.0,-38.0,54.0,276.0
-50.0,-38.0,54.0,276.0
-48.0,-38.0,54.0,276.0
-46.0,-38.0,54.0,276.0
-44.0,-38.0,54.0,276.0
-42.0,-38.0,54.0,46.0
-40.0,-38.0,54.0,46.0
-38.0,-38.0,54.0,46.0
-36.0,-38.0,54.0,46.0
-34.0,-38.0,54.0,33.0
-32.0,-38.0,54.0,33.0
-30.0,-38.0,54.0,33.0
-28.0,-38.0,54.0,33.0
-26.0,-38.0,54.0,33.0
-18.0,-38.0,54.0,511.0
-16.0,-38.0,54.0,511.0
-14.0,-38.0,54.0,511.0
-12.0,-38.0,54.0,511.0
-10.0,-38.0,54.0,511.0
-8.0,-38.0,54.0,462.0
-6.0,-38.0,54.0,462.0
-4.0,-38.0,54.0,462.0
2.0,-38.0,54.0,462.0
4.0,-38.0,54.0,598.0
6.0,-38.0,54.0,598.0
8.0,-38.0,54.0,598.0
10.0,-38.0,54.0,65.0
12.0,-38.0,54.0,65.0
14.0,-38.0,54.0,65.0
16.0,-38.0,54.0,65.0
26.0,-38.0,54.0,48.0
28.0,-38.0,54.0,520.0
30.0,-38.0,54.0,520.0
32.0,-38.0,54.0,520.0
34.0,-38.0,54.0,520.0
36.0,-38.0,54.0,520.0
38.0,-38.0,54.0,520.0
40.0,-38.0,54.0,520.0
42.0,-38.0,54.0,520.0
44.0,-38.0,54.0,446.0
46.0,-38.0,54.0,446.0
48.0,-38.0,54.0,206.0
50.0,-38.0,54.0,206.0
52.0,-38.0,54.0,8.0
54.0,-38.0,54.0,8.0
56.0,-38.0,54.0,8.0
-58.0,-36.0,54.0,29.0
-56.0,-36.0,54.0,29.0
-54.0,-36.0,54.0,29.0
-52.0,-36.0,54.0,276.0
-50.0,-36.0,54.0,276.0
-48.0,-36.0,54.0,276.0
-46.0,-36.0,54.0,276.0
-44.0,-36.0,54.0,276.0
-42.0,-36.0,54.0,46.0
-40.0,-36.0,54.0,46.0
-38.0,-36.0,54.0,46.0
-36.0,-36.0,54.0,46.0
-34.0,-36.0,54.0,46.0
-32.0,-36.0,54.0,33.0
-30.0,-36.0,54.0,33.0
-28.0,-36.0,54.0,33.0
-16.0,-36.0,54.0,511.0
-14.0,-36.0,54.0,511.0
-12.0,-36.0,54.0,511.0
-10.0,-36.0,54.0,511.0
-8.0,-36.0,54.0,462.0
-6.0,-36.0,54.0,462.0
-4.0,-36.0,54.0,462.0
2.0,-36.0,54.0,462.0
4.0,-36.0,54.0,168.0
6.0,-36.0,54.0,168.0
8.0,-36.0,54.0,65.0
10.0,-36.0,54.0,65.0
12.0,-36.0,54.0,65.0
14.0,-36.0,54.0,65.0
28.0,-36.0,54.0,520.0
30.0,-36.0,54.0,520.0
32.0,-36.0,54.0,520.0
34.0,-36.0,54.0,520.0
36.0,-36.0,54.0,520.0
38.0,-36.0,54.0,520.0
40.0,-36.0,54.0,520.0
42.0,-36.0,54.0,520.0
44.0,-36.0,54.0,520.0
46.0,-36.0,54.0,8.0
48.0,-36.0,54.0,8.0
50.0,-36.0,54.0,8.0
52.0,-36.0,54.0,8.0
54.0,-36.0,54.0,8.0
56.0,-36.0,54.0,8.0
-60.0,-34.0,54.0,29.0
-58.0,-34.0,54.0,29.0
-56.0,-34.0,54.0,29.0
-54.0,-34.0,54.0,29.0
-52.0,-34.0,54.0,276.0
-50.0,-34.0,54.0,276.0
-48.0,-34.0,54.0,276.0
-46.0,-34.0,54.0,276.0
-44.0,-34.0,54.0,276.0
-42.0,-34.0,54.0,46.0
-40.0,-34.0,54.0,46.0
-38.0,-34.0,54.0,46.0
-36.0,-34.0,54.0,46.0
-34.0,-34.0,54.0,46.0
-32.0,-34.0,54.0,33.0
-30.0,-34.0,54.0,33.0
-16.0,-34.0,54.0,511.0
-14.0,-34.0,54.0,511.0
-12.0,-34.0,54.0,511.0
-10.0,-34.0,54.0,511.0
-8.0,-34.0,54.0,462.0
-6.0,-34.0,54.0,462.0
-4.0,-34.0,54.0,462.0
2.0,-34.0,54.0,462.0
4.0,-34.0,54.0,168.0
6.0,-34.0,54.0,168.0
8.0,-34.0,54.0,168.0
10.0,-34.0,54.0,65.0
12.0,-34.0,54.0,65.0
30.0,-34.0,54.0,520.0
32.0,-34.0,54.0,520.0
38.0,-34.0,54.0,520.0
40.0,-34.0,54.0,520.0
42.0,-34.0,54.0,520.0
44.0,-34.0,54.0,472.0
46.0,-34.0,54.0,472.0
48.0,-34.0,54.0,8.0
50.0,-34.0,54.0,8.0
52.0,-34.0,54.0,8.0
54.0,-34.0,54.0,8.0
56.0,-34.0,54.0,8.0
58.0,-34.0,54.0,8.0
-60.0,-32.0,54.0,29.0
-58.0,-32.0,54.0,29.0
-56.0,-32.0,54.0,29.0
-54.0,-32.0,54.0,276.0
-52.0,-32.0,54.0,276.0
-50.0,-32.0,54.0,276.0
-48.0,-32.0,54.0,276.0
-46.0,-32.0,54.0,276.0
-44.0,-32.0,54.0,276.0
-42.0,-32.0,54.0,46.0
-40.0,-32.0,54.0,46.0
-38.0,-32.0,54.0,46.0
-36.0,-32.0,54.0,46.0
-34.0,-32.0,54.0,46.0
-14.0,-32.0,54.0,511.0
-12.0,-32.0,54.0,511.0
-10.0,-32.0,54.0,462.0
-8.0,-32.0,54.0,462.0
-6.0,-32.0,54.0,462.0
-4.0,-32.0,54.0,462.0
2.0,-32.0,54.0,462.0
4.0,-32.0,54.0,168.0
6.0,-32.0,54.0,168.0
8.0,-32.0,54.0,168.0
10.0,-32.0,54.0,168.0
12.0,-32.0,54.0,65.0
26.0,-32.0,54.0,520.0
28.0,-32.0,54.0,520.0
30.0,-32.0,54.0,520.0
32.0,-32.0,54.0,520.0
34.0,-32.0,54.0,520.0
38.0,-32.0,54.0,520.0
40.0,-32.0,54.0,520.0
42.0,-32.0,54.0,472.0
44.0,-32.0,54.0,472.0
46.0,-32.0,54.0,472.0
48.0,-32.0,54.0,8.0
50.0,-32.0,54.0,8.0
52.0,-32.0,54.0,8.0
54.0,-32.0,54.0,8.0
56.0,-32.0,54.0,8.0
58.0,-32.0,54.0,8.0
-60.0,-30.0,54.0,29.0
-58.0,-30.0,54.0,29.0
-56.0,-30.0,54.0,29.0
-54.0,-30.0,54.0,276.0
-52.0,-30.0,54.0,276.0
-50.0,-30.0,54.0,276.0
-48.0,-30.0,54.0,276.0
-46.0,-30.0,54.0,276.0
-44.0,-30.0,54.0,276.0
-42.0,-30.0,54.0,46.0
-40.0,-30.0,54.0,46.0
-38.0,-30.0,54.0,46.0
-36.0,-30.0,54.0,46.0
-14.0,-30.0,54.0,511.0
-12.0,-30.0,54.0,511.0
-10.0,-30.0,54.0,462.0
-8.0,-30.0,54.0,462.0
-6.0,-30.0,54.0,462.0
-4.0,-30.0,54.0,462.0
2.0,-30.0,54.0,168.0
4.0,-30.0,54.0,168.0
6.0,-30.0,54.0,168.0
8.0,-30.0,54.0,168.0
10.0,-30.0,54.0,168.0
22.0,-30.0,54.0,520.0
24.0,-30.0,54.0,520.0
26.0,-30.0,54.0,520.0
28.0,-30.0,54.0,520.0
30.0,-30.0,54.0,520.0
32.0,-30.0,54.0,520.0
34.0,-30.0,54.0,520.0
40.0,-30.0,54.0,472.0
42.0,-30.0,54.0,472.0
44.0,-30.0,54.0,472.0
46.0,-30.0,54.0,472.0
48.0,-30.0,54.0,472.0
50.0,-30.0,54.0,8.0
52.0,-30.0,54.0,8.0
54.0,-30.0,54.0,8.0
56.0,-30.0,54.0,8.0
58.0,-30.0,54.0,8.0
-60.0,-28.0,54.0,29.0
-58.0,-28.0,54.0,29.0
-56.0,-28.0,54.0,276.0
-54.0,-28.0,54.0,276.0
-52.0,-28.0,54.0,276.0
-50.0,-28.0,54.0,276.0
-48.0,-28.0,54.0,276.0
-46.0,-28.0,54.0,276.0
-44.0,-28.0,54.0,276.0
-42.0,-28.0,54.0,46.0
-40.0,-28.0,54.0,46.0
-38.0,-28.0,54.0,46.0
-36.0,-28.0,54.0,46.0
-8.0,-28.0,54.0,462.0
-6.0,-28.0,54.0,462.0
-4.0,-28.0,54.0,462.0
2.0,-28.0,54.0,168.0
4.0,-28.0,54.0,168.0
6.0,-28.0,54.0,168.0
8.0,-28.0,54.0,168.0
26.0,-28.0,54.0,520.0
28.0,-28.0,54.0,520.0
30.0,-28.0,54.0,520.0
32.0,-28.0,54.0,520.0
34.0,-28.0,54.0,520.0
40.0,-28.0,54.0,472.0
42.0,-28.0,54.0,472.0
44.0,-28.0,54.0,472.0
46.0,-28.0,54.0,472.0
48.0,-28.0,54.0,472.0
50.0,-28.0,54.0,8.0
52.0,-28.0,54.0,8.0
54.0,-28.0,54.0,8.0
56.0,-28.0,54.0,8.0
-60.0,-26.0,54.0,29.0
-58.0,-26.0,54.0,29.0
-56.0,-26.0,54.0,276.0
-54.0,-26.0,54.0,276.0
-52.0,-26.0,54.0,276.0
-50.0,-26.0,54.0,276.0
-48.0,-26.0,54.0,276.0
-46.0,-26.0,54.0,276.0
-44.0,-26.0,54.0,428.0
-40.0,-26.0,54.0,46.0
-38.0,-26.0,54.0,46.0
-36.0,-26.0,54.0,46.0
-8.0,-26.0,54.0,462.0
-6.0,-26.0,54.0,462.0
-4.0,-26.0,54.0,462.0
2.0,-26.0,54.0,168.0
4.0,-26.0,54.0,168.0
6.0,-26.0,54.0,168.0
26.0,-26.0,54.0,508.0
28.0,-26.0,54.0,520.0
30.0,-26.0,54.0,520.0
32.0,-26.0,54.0,520.0
34.0,-26.0,54.0,520.0
42.0,-26.0,54.0,472.0
44.0,-26.0,54.0,472.0
46.0,-26.0,54.0,472.0
48.0,-26.0,54.0,472.0
50.0,-26.0,54.0,8.0
52.0,-26.0,54.0,8.0
54.0,-26.0,54.0,8.0
56.0,-26.0,54.0,8.0
-60.0,-24.0,54.0,10.0
-58.0,-24.0,54.0,10.0
-56.0,-24.0,54.0,10.0
-54.0,-24.0,54.0,10.0
-52.0,-24.0,54.0,10.0
-50.0,-24.0,54.0,10.0
-48.0,-24.0,54.0,10.0
-8.0,-24.0,54.0,462.0
-6.0,-24.0,54.0,462.0
-4.0,-24.0,54.0,462.0
2.0,-24.0,54.0,168.0
4.0,-24.0,54.0,168.0
6.0,-24.0,54.0,168.0
30.0,-24.0,54.0,508.0
32.0,-24.0,54.0,398.0
34.0,-24.0,54.0,398.0
50.0,-24.0,54.0,472.0
52.0,-24.0,54.0,8.0
54.0,-24.0,54.0,8.0
56.0,-24.0,54.0,8.0
-58.0,-22.0,54.0,10.0
-56.0,-22.0,54.0,10.0
-54.0,-22.0,54.0,10.0
-52.0,-22.0,54.0,10.0
-50.0,-22.0,54.0,10.0
-8.0,-22.0,54.0,462.0
-6.0,-22.0,54.0,462.0
-4.0,-22.0,54.0,462.0
2.0,-22.0,54.0,168.0
4.0,-22.0,54.0,168.0
6.0,-22.0,54.0,168.0
30.0,-22.0,54.0,508.0
32.0,-22.0,54.0,508.0
34.0,-22.0,54.0,398.0
52.0,-22.0,54.0,8.0
54.0,-22.0,54.0,8.0
56.0,-22.0,54.0,8.0
-58.0,-20.0,54.0,10.0
-56.0,-20.0,54.0,10.0
-54.0,-20.0,54.0,10.0
-52.0,-20.0,54.0,10.0
-10.0,-20.0,54.0,462.0
-8.0,-20.0,54.0,462.0
-6.0,-20.0,54.0,462.0
-4.0,-20.0,54.0,462.0
-2.0,-20.0,54.0,130.0
2.0,-20.0,54.0,168.0
4.0,-20.0,54.0,168.0
6.0,-20.0,54.0,235.0
30.0,-20.0,54.0,508.0
32.0,-20.0,54.0,508.0
34.0,-20.0,54.0,398.0
40.0,-20.0,54.0,398.0
42.0,-20.0,54.0,398.0
44.0,-20.0,54.0,472.0
52.0,-20.0,54.0,95.0
54.0,-20.0,54.0,95.0
56.0,-20.0,54.0,95.0
-58.0,-18.0,54.0,10.0
-56.0,-18.0,54.0,10.0
-54.0,-18.0,54.0,10.0
-52.0,-18.0,54.0,10.0
-50.0,-18.0,54.0,10.0
-10.0,-18.0,54.0,249.0
-8.0,-18.0,54.0,145.0
-6.0,-18.0,54.0,145.0
-4.0,-18.0,54.0,145.0
-2.0,-18.0,54.0,145.0
2.0,-18.0,54.0,145.0
4.0,-18.0,54.0,145.0
6.0,-18.0,54.0,235.0
38.0,-18.0,54.0,398.0
40.0,-18.0,54.0,398.0
42.0,-18.0,54.0,398.0
44.0,-18.0,54.0,95.0
46.0,-18.0,54.0,95.0
52.0,-18.0,54.0,95.0
54.0,-18.0,54.0,95.0
56.0,-18.0,54.0,95.0
-58.0,-16.0,54.0,10.0
-56.0,-16.0,54.0,10.0
-54.0,-16.0,54.0,10.0
-52.0,-16.0,54.0,10.0
-50.0,-16.0,54.0,10.0
-46.0,-16.0,54.0,428.0
-44.0,-16.0,54.0,428.0
-42.0,-16.0,54.0,428.0
-40.0,-16.0,54.0,428.0
-10.0,-16.0,54.0,249.0
-8.0,-16.0,54.0,145.0
-6.0,-16.0,54.0,145.0
-4.0,-16.0,54.0,145.0
-2.0,-16.0,54.0,145.0
0.0,-16.0,54.0,145.0
2.0,-16.0,54.0,145.0
4.0,-16.0,54.0,145.0
6.0,-16.0,54.0,235.0
8.0,-16.0,54.0,235.0
22.0,-16.0,54.0,508.0
24.0,-16.0,54.0,508.0
26.0,-16.0,54.0,508.0
28.0,-16.0,54.0,508.0
38.0,-16.0,54.0,398.0
40.0,-16.0,54.0,398.0
42.0,-16.0,54.0,398.0
44.0,-16.0,54.0,95.0
46.0,-16.0,54.0,95.0
48.0,-16.0,54.0,95.0
-56.0,-14.0,54.0,10.0
-54.0,-14.0,54.0,10.0
-48.0,-14.0,54.0,10.0
-46.0,-14.0,54.0,428.0
-44.0,-14.0,54.0,428.0
-42.0,-14.0,54.0,428.0
-40.0,-14.0,54.0,428.0
-32.0,-14.0,54.0,485.0
-30.0,-14.0,54.0,485.0
-28.0,-14.0,54.0,485.0
-26.0,-14.0,54.0,485.0
-24.0,-14.0,54.0,485.0
-10.0,-14.0,54.0,249.0
-8.0,-14.0,54.0,145.0
-6.0,-14.0,54.0,145.0
-4.0,-14.0,54.0,145.0
-2.0,-14.0,54.0,145.0
0.0,-14.0,54.0,145.0
2.0,-14.0,54.0,145.0
4.0,-14.0,54.0,235.0
6.0,-14.0,54.0,235.0
8.0,-14.0,54.0,235.0
20.0,-14.0,54.0,508.0
22.0,-14.0,54.0,508.0
24.0,-14.0,54.0,508.0
26.0,-14.0,54.0,508.0
28.0,-14.0,54.0,508.0
30.0,-14.0,54.0,508.0
32.0,-14.0,54.0,508.0
34.0,-14.0,54.0,508.0
40.0,-14.0,54.0,398.0
42.0,-14.0,54.0,398.0
44.0,-14.0,54.0,95.0
46.0,-14.0,54.0,95.0
48.0,-14.0,54.0,95.0
54.0,-14.0,54.0,95.0
-56.0,-12.0,54.0,10.0
-54.0,-12.0,54.0,10.0
-50.0,-12.0,54.0,10.0
-48.0,-12.0,54.0,10.0
-46.0,-12.0,54.0,428.0
-44.0,-12.0,54.0,428.0
-42.0,-12.0,54.0,428.0
-40.0,-12.0,54.0,428.0
-38.0,-12.0,54.0,428.0
-36.0,-12.0,54.0,428.0
-34.0,-12.0,54.0,89.0
-32.0,-12.0,54.0,89.0
-30.0,-12.0,54.0,89.0
-28.0,-12.0,54.0,89.0
-26.0,-12.0,54.0,89.0
-24.0,-12.0,54.0,89.0
-12.0,-12.0,54.0,249.0
-10.0,-12.0,54.0,249.0
-8.0,-12.0,54.0,145.0
-6.0,-12.0,54.0,145.0
-4.0,-12.0,54.0,145.0
-2.0,-12.0,54.0,145.0
0.0,-12.0,54.0,145.0
2.0,-12.0,54.0,145.0
4.0,-12.0,54.0,235.0
6.0,-12.0,54.0,235.0
8.0,-12.0,54.0,235.0
18.0,-12.0,54.0,235.0
20.0,-12.0,54.0,508.0
22.0,-12.0,54.0,508.0
24.0,-12.0,54.0,508.0
26.0,-12.0,54.0,508.0
28.0,-12.0,54.0,508.0
30.0,-12.0,54.0,508.0
32.0,-12.0,54.0,508.0
34.0,-12.0,54.0,508.0
36.0,-12.0,54.0,398.0
38.0,-12.0,54.0,398.0
40.0,-12.0,54.0,398.0
42.0,-12.0,54.0,398.0
44.0,-12.0,54.0,95.0
46.0,-12.0,54.0,95.0
48.0,-12.0,54.0,95.0
50.0,-12.0,54.0,95.0
52.0,-12.0,54.0,95.0
54.0,-12.0,54.0,95.0
-54.0,-10.0,54.0,10.0
-52.0,-10.0,54.0,10.0
-50.0,-10.0,54.0,10.0
-48.0,-10.0,54.0,10.0
-46.0,-10.0,54.0,428.0
-44.0,-10.0,54.0,428.0
-42.0,-10.0,54.0,428.0
-40.0,-10.0,54.0,428.0
-38.0,-10.0,54.0,428.0
-36.0,-10.0,54.0,428.0
-34.0,-10.0,54.0,89.0
-32.0,-10.0,54.0,89.0
-30.0,-10.0,54.0,89.0
-28.0,-10.0,54.0,89.0
-26.0,-10.0,54.0,89.0
-24.0,-10.0,54.0,89.0
-10.0,-10.0,54.0,384.0
-8.0,-10.0,54.0,145.0
-6.0,-10.0,54.0,145.0
-4.0,-10.0,54.0,145.0
-2.0,-10.0,54.0,145.0
0.0,-10.0,54.0,145.0
2.0,-10.0,54.0,145.0
4.0,-10.0,54.0,235.0
6.0,-10.0,54.0,235.0
8.0,-10.0,54.0,235.0
18.0,-10.0,54.0,235.0
20.0,-10.0,54.0,508.0
22.0,-10.0,54.0,508.0
24.0,-10.0,54.0,508.0
26.0,-10.0,54.0,508.0
28.0,-10.0,54.0,508.0
30.0,-10.0,54.0,508.0
32.0,-10.0,54.0,508.0
34.0,-10.0,54.0,508.0
36.0,-10.0,54.0,398.0
38.0,-10.0,54.0,398.0
40.0,-10.0,54.0,398.0
42.0,-10.0,54.0,95.0
44.0,-10.0,54.0,95.0
46.0,-10.0,54.0,95.0
48.0,-10.0,54.0,95.0
50.0,-10.0,54.0,95.0
52.0,-10.0,54.0,95.0
-54.0,-8.0,54.0,180.0
-52.0,-8.0,54.0,180.0
-50.0,-8.0,54.0,180.0
-48.0,-8.0,54.0,180.0
-46.0,-8.0,54.0,180.0
-44.0,-8.0,54.0,428.0
-42.0,-8.0,54.0,428.0
-40.0,-8.0,54.0,428.0
-38.0,-8.0,54.0,438.0
-36.0,-8.0,54.0,438.0
-34.0,-8.0,54.0,89.0
-32.0,-8.0,54.0,89.0
-30.0,-8.0,54.0,89.0
-28.0,-8.0,54.0,89.0
-26.0,-8.0,54.0,89.0
-24.0,-8.0,54.0,89.0
-22.0,-8.0,54.0,249.0
-10.0,-8.0,54.0,555.0
-8.0,-8.0,54.0,145.0
-6.0,-8.0,54.0,145.0
-4.0,-8.0,54.0,145.0
-2.0,-8.0,54.0,145.0
0.0,-8.0,54.0,145.0
2.0,-8.0,54.0,145.0
4.0,-8.0,54.0,235.0
6.0,-8.0,54.0,235.0
8.0,-8.0,54.0,235.0
10.0,-8.0,54.0,235.0
22.0,-8.0,54.0,508.0
24.0,-8.0,54.0,508.0
26.0,-8.0,54.0,508.0
28.0,-8.0,54.0,508.0
30.0,-8.0,54.0,508.0
32.0,-8.0,54.0,508.0
34.0,-8.0,54.0,508.0
36.0,-8.0,54.0,398.0
38.0,-8.0,54.0,398.0
40.0,-8.0,54.0,398.0
42.0,-8.0,54.0,95.0
44.0,-8.0,54.0,95.0
46.0,-8.0,54.0,95.0
48.0,-8.0,54.0,95.0
50.0,-8.0,54.0,95.0
52.0,-8.0,54.0,95.0
-54.0,-6.0,54.0,180.0
-52.0,-6.0,54.0,180.0
-50.0,-6.0,54.0,180.0
-48.0,-6.0,54.0,180.0
-46.0,-6.0,54.0,180.0
-44.0,-6.0,54.0,180.0
-42.0,-6.0,54.0,180.0
-40.0,-6.0,54.0,438.0
-38.0,-6.0,54.0,438.0
-36.0,-6.0,54.0,438.0
-34.0,-6.0,54.0,438.0
-32.0,-6.0,54.0,89.0
-30.0,-6.0,54.0,89.0
-28.0,-6.0,54.0,89.0
-26.0,-6.0,54.0,89.0
-24.0,-6.0,54.0,89.0
-22.0,-6.0,54.0,555.0
-12.0,-6.0,54.0,555.0
-10.0,-6.0,54.0,555.0
-8.0,-6.0,54.0,555.0
-6.0,-6.0,54.0,145.0
-4.0,-6.0,54.0,145.0
-2.0,-6.0,54.0,145.0
0.0,-6.0,54.0,145.0
2.0,-6.0,54.0,145.0
4.0,-6.0,54.0,235.0
6.0,-6.0,54.0,235.0
8.0,-6.0,54.0,235.0
10.0,-6.0,54.0,235.0
22.0,-6.0,54.0,343.0
24.0,-6.0,54.0,343.0
26.0,-6.0,54.0,343.0
28.0,-6.0,54.0,343.0
30.0,-6.0,54.0,508.0
32.0,-6.0,54.0,508.0
34.0,-6.0,54.0,508.0
36.0,-6.0,54.0,508.0
38.0,-6.0,54.0,398.0
40.0,-6.0,54.0,398.0
42.0,-6.0,54.0,95.0
44.0,-6.0,54.0,95.0
46.0,-6.0,54.0,95.0
48.0,-6.0,54.0,95.0
50.0,-6.0,54.0,95.0
52.0,-6.0,54.0,76.0
-54.0,-4.0,54.0,180.0
-52.0,-4.0,54.0,180.0
-50.0,-4.0,54.0,180.0
-48.0,-4.0,54.0,180.0
-46.0,-4.0,54.0,180.0
-44.0,-4.0,54.0,180.0
-42.0,-4.0,54.0,180.0
-40.0,-4.0,54.0,438.0
-38.0,-4.0,54.0,438.0
-36.0,-4.0,54.0,438.0
-34.0,-4.0,54.0,333.0
-32.0,-4.0,54.0,333.0
-30.0,-4.0,54.0,333.0
-28.0,-4.0,54.0,333.0
-26.0,-4.0,54.0,89.0
-24.0,-4.0,54.0,89.0
-22.0,-4.0,54.0,555.0
-14.0,-4.0,54.0,555.0
-12.0,-4.0,54.0,555.0
-10.0,-4.0,54.0,555.0
-8.0,-4.0,54.0,555.0
-6.0,-4.0,54.0,555.0
-4.0,-4.0,54.0,145.0
-2.0,-4.0,54.0,145.0
0.0,-4.0,54.0,145.0
2.0,-4.0,54.0,69.0
4.0,-4.0,54.0,69.0
6.0,-4.0,54.0,235.0
8.0,-4.0,54.0,235.0
10.0,-4.0,54.0,235.0
20.0,-4.0,54.0,343.0
22.0,-4.0,54.0,343.0
24.0,-4.0,54.0,343.0
26.0,-4.0,54.0,343.0
28.0,-4.0,54.0,343.0
30.0,-4.0,54.0,343.0
32.0,-4.0,54.0,227.0
34.0,-4.0,54.0,227.0
36.0,-4.0,54.0,227.0
38.0,-4.0,54.0,227.0
40.0,-4.0,54.0,227.0
42.0,-4.0,54.0,95.0
44.0,-4.0,54.0,95.0
46.0,-4.0,54.0,95.0
48.0,-4.0,54.0,76.0
50.0,-4.0,54.0,76.0
52.0,-4.0,54.0,76.0
-52.0,-2.0,54.0,180.0
-50.0,-2.0,54.0,180.0
-48.0,-2.0,54.0,180.0
-46.0,-2.0,54.0,180.0
-44.0,-2.0,54.0,180.0
-42.0,-2.0,54.0,180.0
-40.0,-2.0,54.0,180.0
-36.0,-2.0,54.0,333.0
-34.0,-2.0,54.0,333.0
-32.0,-2.0,54.0,333.0
-30.0,-2.0,54.0,333.0
-28.0,-2.0,54.0,333.0
-26.0,-2.0,54.0,333.0
-24.0,-2.0,54.0,555.0
-22.0,-2.0,54.0,555.0
-14.0,-2.0,54.0,555.0
-12.0,-2.0,54.0,555.0
-10.0,-2.0,54.0,555.0
-8.0,-2.0,54.0,555.0
-6.0,-2.0,54.0,555.0
-4.0,-2.0,54.0,555.0
2.0,-2.0,54.0,69.0
4.0,-2.0,54.0,69.0
6.0,-2.0,54.0,69.0
8.0,-2.0,54.0,69.0
10.0,-2.0,54.0,69.0
20.0,-2.0,54.0,343.0
22.0,-2.0,54.0,343.0
24.0,-2.0,54.0,343.0
26.0,-2.0,54.0,343.0
28.0,-2.0,54.0,227.0
30.0,-2.0,54.0,227.0
32.0,-2.0,54.0,227.0
34.0,-2.0,54.0,227.0
36.0,-2.0,54.0,227.0
38.0,-2.0,54.0,227.0
40.0,-2.0,54.0,227.0
42.0,-2.0,54.0,227.0
44.0,-2.0,54.0,95.0
46.0,-2.0,54.0,76.0
48.0,-2.0,54.0,76.0
50.0,-2.0,54.0,76.0
-52.0,-0.0,54.0,180.0
-50.0,-0.0,54.0,180.0
-48.0,-0.0,54.0,180.0
-46.0,-0.0,54.0,180.0
-44.0,-0.0,54.0,180.0
-42.0,-0.0,54.0,180.0
-40.0,-0.0,54.0,180.0
-34.0,-0.0,54.0,333.0
-32.0,-0.0,54.0,333.0
-30.0,-0.0,54.0,333.0
-28.0,-0.0,54.0,333.0
-26.0,-0.0,54.0,333.0
-24.0,-0.0,54.0,333.0
-22.0,-0.0,54.0,555.0
-14.0,-0.0,54.0,555.0
-12.0,-0.0,54.0,555.0
-10.0,-0.0,54.0,555.0
-8.0,-0.0,54.0,555.0
-6.0,-0.0,54.0,555.0
-4.0,-0.0,54.0,555.0
2.0,-0.0,54.0,69.0
4.0,-0.0,54.0,69.0
6.0,-0.0,54.0,69.0
8.0,-0.0,54.0,69.0
10.0,-0.0,54.0,69.0
20.0,-0.0,54.0,22.0
22.0,-0.0,54.0,22.0
24.0,-0.0,54.0,22.0
26.0,-0.0,54.0,227.0
28.0,-0.0,54.0,227.0
30.0,-0.0,54.0,227.0
32.0,-0.0,54.0,227.0
38.0,-0.0,54.0,227.0
40.0,-0.0,54.0,227.0
42.0,-0.0,54.0,227.0
44.0,-0.0,54.0,403.0
46.0,-0.0,54.0,76.0
48.0,-0.0,54.0,76.0
50.0,-0.0,54.0,76.0
-50.0,2.0,54.0,180.0
-48.0,2.0,54.0,180.0
-46.0,2.0,54.0,180.0
-44.0,2.0,54.0,180.0
-42.0,2.0,54.0,180.0
-40.0,2.0,54.0,180.0
-34.0,2.0,54.0,333.0
-32.0,2.0,54.0,333.0
-30.0,2.0,54.0,333.0
-28.0,2.0,54.0,333.0
-26.0,2.0,54.0,333.0
-24.0,2.0,54.0,333.0
-22.0,2.0,54.0,555.0
-12.0,2.0,54.0,555.0
-10.0,2.0,54.0,555.0
-8.0,2.0,54.0,555.0
-6.0,2.0,54.0,555.0
-4.0,2.0,54.0,555.0
-2.0,2.0,54.0,69.0
2.0,2.0,54.0,69.0
4.0,2.0,54.0,69.0
6.0,2.0,54.0,69.0
8.0,2.0,54.0,69.0
10.0,2.0,54.0,69.0
18.0,2.0,54.0,253.0
20.0,2.0,54.0,22.0
22.0,2.0,54.0,22.0
24.0,2.0,54.0,22.0
26.0,2.0,54.0,22.0
28.0,2.0,54.0,227.0
30.0,2.0,54.0,227.0
32.0,2.0,54.0,227.0
34.0,2.0,54.0,227.0
36.0,2.0,54.0,227.0
38.0,2.0,54.0,227.0
40.0,2.0,54.0,227.0
42.0,2.0,54.0,403.0
44.0,2.0,54.0,403.0
46.0,2.0,54.0,403.0
48.0,2.0,54.0,403.0
50.0,2.0,54.0,76.0
-50.0,4.0,54.0,180.0
-48.0,4.0,54.0,180.0
-46.0,4.0,54.0,180.0
-44.0,4.0,54.0,180.0
-42.0,4.0,54.0,180.0
-40.0,4.0,54.0,180.0
-32.0,4.0,54.0,333.0
-30.0,4.0,54.0,333.0
-28.0,4.0,54.0,333.0
-26.0,4.0,54.0,333.0
-24.0,4.0,54.0,333.0
-22.0,4.0,54.0,555.0
-20.0,4.0,54.0,555.0
-12.0,4.0,54.0,555.0
-10.0,4.0,54.0,555.0
-8.0,4.0,54.0,555.0
-6.0,4.0,54.0,555.0
-4.0,4.0,54.0,563.0
-2.0,4.0,54.0,563.0
2.0,4.0,54.0,563.0
4.0,4.0,54.0,563.0
6.0,4.0,54.0,69.0
8.0,4.0,54.0,69.0
10.0,4.0,54.0,69.0
20.0,4.0,54.0,22.0
22.0,4.0,54.0,22.0
24.0,4.0,54.0,22.0
26.0,4.0,54.0,22.0
28.0,4.0,54.0,22.0
30.0,4.0,54.0,227.0
32.0,4.0,54.0,227.0
34.0,4.0,54.0,227.0
36.0,4.0,54.0,227.0
38.0,4.0,54.0,227.0
40.0,4.0,54.0,227.0
42.0,4.0,54.0,403.0
44.0,4.0,54.0,403.0
46.0,4.0,54.0,403.0
48.0,4.0,54.0,403.0
-50.0,6.0,54.0,439.0
-48.0,6.0,54.0,439.0
-46.0,6.0,54.0,439.0
-44.0,6.0,54.0,439.0
-42.0,6.0,54.0,180.0
-40.0,6.0,54.0,333.0
-38.0,6.0,54.0,333.0
-32.0,6.0,54.0,333.0
-30.0,6.0,54.0,333.0
-28.0,6.0,54.0,333.0
-26.0,6.0,54.0,333.0
-24.0,6.0,54.0,333.0
-22.0,6.0,54.0,555.0
-20.0,6.0,54.0,555.0
-10.0,6.0,54.0,555.0
-8.0,6.0,54.0,555.0
-6.0,6.0,54.0,555.0
-4.0,6.0,54.0,563.0
-2.0,6.0,54.0,563.0
2.0,6.0,54.0,563.0
4.0,6.0,54.0,563.0
6.0,6.0,54.0,563.0
8.0,6.0,54.0,563.0
10.0,6.0,54.0,563.0
12.0,6.0,54.0,563.0
20.0,6.0,54.0,22.0
22.0,6.0,54.0,22.0
24.0,6.0,54.0,22.0
26.0,6.0,54.0,22.0
28.0,6.0,54.0,22.0
30.0,6.0,54.0,22.0
32.0,6.0,54.0,227.0
34.0,6.0,54.0,227.0
36.0,6.0,54.0,227.0
38.0,6.0,54.0,227.0
40.0,6.0,54.0,403.0
42.0,6.0,54.0,403.0
44.0,6.0,54.0,403.0
46.0,6.0,54.0,403.0
48.0,6.0,54.0,403.0
-50.0,8.0,54.0,439.0
-48.0,8.0,54.0,439.0
-46.0,8.0,54.0,439.0
-44.0,8.0,54.0,439.0
-42.0,8.0,54.0,439.0
-40.0,8.0,54.0,333.0
-38.0,8.0,54.0,333.0
-32.0,8.0,54.0,333.0
-30.0,8.0,54.0,333.0
-28.0,8.0,54.0,333.0
-26.0,8.0,54.0,333.0
-24.0,8.0,54.0,333.0
-22.0,8.0,54.0,333.0
-20.0,8.0,54.0,555.0
-10.0,8.0,54.0,555.0
-8.0,8.0,54.0,200.0
-6.0,8.0,54.0,200.0
-4.0,8.0,54.0,563.0
-2.0,8.0,54.0,563.0
2.0,8.0,54.0,563.0
4.0,8.0,54.0,563.0
6.0,8.0,54.0,563.0
8.0,8.0,54.0,563.0
10.0,8.0,54.0,563.0
12.0,8.0,54.0,563.0
22.0,8.0,54.0,22.0
24.0,8.0,54.0,22.0
26.0,8.0,54.0,22.0
28.0,8.0,54.0,22.0
30.0,8.0,54.0,22.0
32.0,8.0,54.0,22.0
34.0,8.0,54.0,227.0
36.0,8.0,54.0,470.0
38.0,8.0,54.0,470.0
40.0,8.0,54.0,403.0
42.0,8.0,54.0,403.0
44.0,8.0,54.0,403.0
46.0,8.0,54.0,403.0
48.0,8.0,54.0,403.0
-48.0,10.0,54.0,439.0
-46.0,10.0,54.0,439.0
-44.0,10.0,54.0,439.0
-42.0,10.0,54.0,439.0
-40.0,10.0,54.0,439.0
-38.0,10.0,54.0,333.0
-32.0,10.0,54.0,333.0
-30.0,10.0,54.0,333.0
-28.0,10.0,54.0,333.0
-26.0,10.0,54.0,333.0
-24.0,10.0,54.0,333.0
-22.0,10.0,54.0,78.0
-20.0,10.0,54.0,555.0
-12.0,10.0,54.0,200.0
-10.0,10.0,54.0,200.0
-8.0,10.0,54.0,200.0
-6.0,10.0,54.0,200.0
-4.0,10.0,54.0,200.0
2.0,10.0,54.0,563.0
4.0,10.0,54.0,563.0
6.0,10.0,54.0,563.0
8.0,10.0,54.0,563.0
10.0,10.0,54.0,563.0
12.0,10.0,54.0,563.0
24.0,10.0,54.0,22.0
26.0,10.0,54.0,22.0
28.0,10.0,54.0,22.0
30.0,10.0,54.0,22.0
32.0,10.0,54.0,22.0
34.0,10.0,54.0,470.0
36.0,10.0,54.0,470.0
38.0,10.0,54.0,470.0
40.0,10.0,54.0,403.0
42.0,10.0,54.0,403.0
44.0,10.0,54.0,403.0
46.0,10.0,54.0,403.0
-48.0,12.0,54.0,439.0
-46.0,12.0,54.0,439.0
-44.0,12.0,54.0,439.0
-42.0,12.0,54.0,439.0
-40.0,12.0,54.0,439.0
-38.0,12.0,54.0,333.0
-36.0,12.0,54.0,333.0
-34.0,12.0,54.0,333.0
-32.0,12.0,54.0,333.0
-30.0,12.0,54.0,333.0
-28.0,12.0,54.0,333.0
-26.0,12.0,54.0,78.0
-24.0,12.0,54.0,78.0
-22.0,12.0,54.0,78.0
-20.0,12.0,54.0,78.0
-12.0,12.0,54.0,200.0
-10.0,12.0,54.0,200.0
-8.0,12.0,54.0,200.0
-6.0,12.0,54.0,200.0
-4.0,12.0,54.0,200.0
2.0,12.0,54.0,563.0
4.0,12.0,54.0,563.0
6.0,12.0,54.0,563.0
8.0,12.0,54.0,563.0
10.0,12.0,54.0,563.0
12.0,12.0,54.0,253.0
20.0,12.0,54.0,63.0
22.0,12.0,54.0,63.0
24.0,12.0,54.0,63.0
26.0,12.0,54.0,22.0
28.0,12.0,54.0,22.0
30.0,12.0,54.0,22.0
32.0,12.0,54.0,470.0
34.0,12.0,54.0,470.0
36.0,12.0,54.0,470.0
38.0,12.0,54.0,470.0
40.0,12.0,54.0,403.0
42.0,12.0,54.0,403.0
44.0,12.0,54.0,403.0
46.0,12.0,54.0,403.0
-48.0,14.0,54.0,439.0
-46.0,14.0,54.0,439.0
-44.0,14.0,54.0,439.0
-42.0,14.0,54.0,439.0
-40.0,14.0,54.0,439.0
-38.0,14.0,54.0,439.0
-36.0,14.0,54.0,333.0
-34.0,14.0,54.0,333.0
-32.0,14.0,54.0,333.0
-30.0,14.0,54.0,78.0
-28.0,14.0,54.0,78.0
-26.0,14.0,54.0,78.0
-24.0,14.0,54.0,78.0
-22.0,14.0,54.0,78.0
-20.0,14.0,54.0,78.0
-12.0,14.0,54.0,200.0
-10.0,14.0,54.0,200.0
-8.0,14.0,54.0,200.0
-6.0,14.0,54.0,200.0
-4.0,14.0,54.0,200.0
2.0,14.0,54.0,563.0
4.0,14.0,54.0,563.0
6.0,14.0,54.0,563.0
8.0,14.0,54.0,563.0
10.0,14.0,54.0,563.0
18.0,14.0,54.0,63.0
20.0,14.0,54.0,63.0
22.0,14.0,54.0,63.0
24.0,14.0,54.0,63.0
26.0,14.0,54.0,63.0
28.0,14.0,54.0,22.0
30.0,14.0,54.0,470.0
32.0,14.0,54.0,470.0
34.0,14.0,54.0,470.0
36.0,14.0,54.0,470.0
38.0,14.0,54.0,470.0
40.0,14.0,54.0,470.0
42.0,14.0,54.0,403.0
44.0,14.0,54.0,403.0
46.0,14.0,54.0,403.0
-46.0,16.0,54.0,439.0
-44.0,16.0,54.0,439.0
-42.0,16.0,54.0,439.0
-40.0,16.0,54.0,439.0
-38.0,16.0,54.0,439.0
-36.0,16.0,54.0,54.0
-34.0,16.0,54.0,78.0
-32.0,16.0,54.0,78.0
-30.0,16.0,54.0,78.0
-28.0,16.0,54.0,78.0
-26.0,16.0,54.0,78.0
-24.0,16.0,54.0,78.0
-22.0,16.0,54.0,78.0
-12.0,16.0,54.0,200.0
-10.0,16.0,54.0,200.0
-8.0,16.0,54.0,200.0
-6.0,16.0,54.0,200.0
-4.0,16.0,54.0,200.0
2.0,16.0,54.0,563.0
4.0,16.0,54.0,563.0
6.0,16.0,54.0,563.0
8.0,16.0,54.0,563.0
16.0,16.0,54.0,63.0
18.0,16.0,54.0,63.0
20.0,16.0,54.0,63.0
22.0,16.0,54.0,63.0
24.0,16.0,54.0,63.0
26.0,16.0,54.0,63.0
28.0,16.0,54.0,63.0
30.0,16.0,54.0,470.0
32.0,16.0,54.0,470.0
34.0,16.0,54.0,470.0
36.0,16.0,54.0,470.0
38.0,16.0,54.0,470.0
40.0,16.0,54.0,470.0
42.0,16.0,54.0,403.0
44.0,16.0,54.0,403.0
-44.0,18.0,54.0,439.0
-42.0,18.0,54.0,439.0
-40.0,18.0,54.0,439.0
-38.0,18.0,54.0,54.0
-36.0,18.0,54.0,54.0
-34.0,18.0,54.0,78.0
-32.0,18.0,54.0,78.0
-30.0,18.0,54.0,78.0
-28.0,18.0,54.0,78.0
-26.0,18.0,54.0,78.0
-24.0,18.0,54.0,78.0
-22.0,18.0,54.0,78.0
-10.0,18.0,54.0,200.0
-8.0,18.0,54.0,200.0
-6.0,18.0,54.0,200.0
-4.0,18.0,54.0,200.0
2.0,18.0,54.0,563.0
4.0,18.0,54.0,563.0
6.0,18.0,54.0,563.0
8.0,18.0,54.0,563.0
16.0,18.0,54.0,63.0
18.0,18.0,54.0,63.0
20.0,18.0,54.0,63.0
22.0,18.0,54.0,63.0
24.0,18.0,54.0,63.0
26.0,18.0,54.0,63.0
28.0,18.0,54.0,63.0
30.0,18.0,54.0,470.0
32.0,18.0,54.0,470.0
34.0,18.0,54.0,470.0
36.0,18.0,54.0,470.0
38.0,18.0,54.0,470.0
40.0,18.0,54.0,470.0
42.0,18.0,54.0,403.0
-44.0,20.0,54.0,439.0
-42.0,20.0,54.0,439.0
-40.0,20.0,54.0,54.0
-38.0,20.0,54.0,54.0
-36.0,20.0,54.0,54.0
-34.0,20.0,54.0,78.0
-32.0,20.0,54.0,78.0
-30.0,20.0,54.0,78.0
-28.0,20.0,54.0,78.0
-26.0,20.0,54.0,78.0
-24.0,20.0,54.0,78.0
-22.0,20.0,54.0,78.0
-8.0,20.0,54.0,200.0
-6.0,20.0,54.0,200.0
-4.0,20.0,54.0,200.0
2.0,20.0,54.0,217.0
4.0,20.0,54.0,217.0
6.0,20.0,54.0,255.0
8.0,20.0,54.0,255.0
16.0,20.0,54.0,63.0
18.0,20.0,54.0,63.0
20.0,20.0,54.0,63.0
22.0,20.0,54.0,63.0
24.0,20.0,54.0,63.0
26.0,20.0,54.0,63.0
28.0,20.0,54.0,63.0
30.0,20.0,54.0,470.0
32.0,20.0,54.0,470.0
34.0,20.0,54.0,470.0
36.0,20.0,54.0,470.0
38.0,20.0,54.0,470.0
40.0,20.0,54.0,470.0
-42.0,22.0,54.0,54.0
-40.0,22.0,54.0,54.0
-38.0,22.0,54.0,54.0
-36.0,22.0,54.0,54.0
-34.0,22.0,54.0,78.0
-32.0,22.0,54.0,78.0
-30.0,22.0,54.0,78.0
-28.0,22.0,54.0,78.0
-26.0,22.0,54.0,78.0
-24.0,22.0,54.0,78.0
-22.0,22.0,54.0,78.0
-10.0,22.0,54.0,200.0
-8.0,22.0,54.0,200.0
-6.0,22.0,54.0,200.0
-4.0,22.0,54.0,217.0
2.0,22.0,54.0,217.0
4.0,22.0,54.0,255.0
6.0,22.0,54.0,255.0
8.0,22.0,54.0,255.0
16.0,22.0,54.0,63.0
18.0,22.0,54.0,63.0
20.0,22.0,54.0,63.0
22.0,22.0,54.0,63.0
24.0,22.0,54.0,63.0
26.0,22.0,54.0,63.0
28.0,22.0,54.0,63.0
30.0,22.0,54.0,470.0
32.0,22.0,54.0,470.0
34.0,22.0,54.0,470.0
36.0,22.0,54.0,470.0
38.0,22.0,54.0,470.0
40.0,22.0,54.0,470.0
-40.0,24.0,54.0,54.0
-38.0,24.0,54.0,54.0
-36.0,24.0,54.0,54.0
-34.0,24.0,54.0,1.0
-32.0,24.0,54.0,78.0
-30.0,24.0,54.0,78.0
-28.0,24.0,54.0,78.0
-26.0,24.0,54.0,78.0
-24.0,24.0,54.0,78.0
-22.0,24.0,54.0,78.0
-20.0,24.0,54.0,78.0
-18.0,24.0,54.0,78.0
-16.0,24.0,54.0,78.0
-14.0,24.0,54.0,453.0
-12.0,24.0,54.0,585.0
-10.0,24.0,54.0,217.0
-8.0,24.0,54.0,217.0
-6.0,24.0,54.0,217.0
-4.0,24.0,54.0,217.0
2.0,24.0,54.0,217.0
4.0,24.0,54.0,255.0
6.0,24.0,54.0,255.0
8.0,24.0,54.0,255.0
14.0,24.0,54.0,63.0
16.0,24.0,54.0,63.0
18.0,24.0,54.0,63.0
20.0,24.0,54.0,63.0
22.0,24.0,54.0,63.0
24.0,24.0,54.0,63.0
26.0,24.0,54.0,63.0
28.0,24.0,54.0,63.0
30.0,24.0,54.0,470.0
32.0,24.0,54.0,470.0
34.0,24.0,54.0,470.0
36.0,24.0,54.0,470.0
38.0,24.0,54.0,470.0
-38.0,26.0,54.0,54.0
-36.0,26.0,54.0,1.0
-34.0,26.0,54.0,1.0
-32.0,26.0,54.0,78.0
-30.0,26.0,54.0,78.0
-28.0,26.0,54.0,78.0
-26.0,26.0,54.0,78.0
-24.0,26.0,54.0,78.0
-22.0,26.0,54.0,78.0
-20.0,26.0,54.0,78.0
-18.0,26.0,54.0,453.0
-16.0,26.0,54.0,453.0
-14.0,26.0,54.0,453.0
-12.0,26.0,54.0,217.0
-10.0,26.0,54.0,217.0
-8.0,26.0,54.0,217.0
-6.0,26.0,54.0,217.0
-4.0,26.0,54.0,217.0
2.0,26.0,54.0,217.0
4.0,26.0,54.0,255.0
6.0,26.0,54.0,255.0
8.0,26.0,54.0,255.0
14.0,26.0,54.0,255.0
16.0,26.0,54.0,63.0
18.0,26.0,54.0,63.0
20.0,26.0,54.0,63.0
22.0,26.0,54.0,63.0
24.0,26.0,54.0,63.0
26.0,26.0,54.0,63.0
28.0,26.0,54.0,63.0
30.0,26.0,54.0,470.0
32.0,26.0,54.0,470.0
34.0,26.0,54.0,470.0
36.0,26.0,54.0,470.0
-36.0,28.0,54.0,1.0
-34.0,28.0,54.0,1.0
-32.0,28.0,54.0,78.0
-30.0,28.0,54.0,78.0
-28.0,28.0,54.0,78.0
-26.0,28.0,54.0,78.0
-24.0,28.0,54.0,78.0
-22.0,28.0,54.0,453.0
-20.0,28.0,54.0,453.0
-18.0,28.0,54.0,453.0
-16.0,28.0,54.0,453.0
-14.0,28.0,54.0,453.0
-12.0,28.0,54.0,217.0
-10.0,28.0,54.0,217.0
-8.0,28.0,54.0,217.0
-6.0,28.0,54.0,217.0
-4.0,28.0,54.0,217.0
-2.0,28.0,54.0,217.0
2.0,28.0,54.0,255.0
4.0,28.0,54.0,255.0
6.0,28.0,54.0,255.0
8.0,28.0,54.0,255.0
10.0,28.0,54.0,255.0
12.0,28.0,54.0,255.0
14.0,28.0,54.0,255.0
16.0,28.0,54.0,255.0
18.0,28.0,54.0,63.0
20.0,28.0,54.0,63.0
22.0,28.0,54.0,63.0
24.0,28.0,54.0,63.0
26.0,28.0,54.0,63.0
28.0,28.0,54.0,317.0
30.0,28.0,54.0,167.0
32.0,28.0,54.0,167.0
34.0,28.0,54.0,470.0
-34.0,30.0,54.0,1.0
-32.0,30.0,54.0,1.0
-30.0,30.0,54.0,78.0
-28.0,30.0,54.0,78.0
-26.0,30.0,54.0,453.0
-24.0,30.0,54.0,453.0
-22.0,30.0,54.0,453.0
-20.0,30.0,54.0,453.0
-18.0,30.0,54.0,453.0
-16.0,30.0,54.0,453.0
-14.0,30.0,54.0,453.0
-12.0,30.0,54.0,517.0
-8.0,30.0,54.0,217.0
-6.0,30.0,54.0,217.0
-4.0,30.0,54.0,217.0
-2.0,30.0,54.0,217.0
2.0,30.0,54.0,255.0
4.0,30.0,54.0,255.0
6.0,30.0,54.0,255.0
8.0,30.0,54.0,255.0
10.0,30.0,54.0,255.0
12.0,30.0,54.0,255.0
14.0,30.0,54.0,255.0
16.0,30.0,54.0,255.0
18.0,30.0,54.0,63.0
20.0,30.0,54.0,63.0
22.0,30.0,54.0,63.0
24.0,30.0,54.0,317.0
26.0,30.0,54.0,317.0
28.0,30.0,54.0,317.0
30.0,30.0,54.0,317.0
-32.0,32.0,54.0,1.0
-30.0,32.0,54.0,453.0
-28.0,32.0,54.0,453.0
-26.0,32.0,54.0,453.0
-24.0,32.0,54.0,453.0
-22.0,32.0,54.0,453.0
-20.0,32.0,54.0,453.0
-18.0,32.0,54.0,453.0
-16.0,32.0,54.0,453.0
-14.0,32.0,54.0,517.0
-12.0,32.0,54.0,517.0
-8.0,32.0,54.0,517.0
-6.0,32.0,54.0,517.0
-4.0,32.0,54.0,517.0
-2.0,32.0,54.0,217.0
0.0,32.0,54.0,217.0
2.0,32.0,54.0,255.0
4.0,32.0,54.0,255.0
6.0,32.0,54.0,255.0
8.0,32.0,54.0,255.0
10.0,32.0,54.0,255.0
12.0,32.0,54.0,255.0
14.0,32.0,54.0,255.0
16.0,32.0,54.0,255.0
18.0,32.0,54.0,255.0
20.0,32.0,54.0,317.0
22.0,32.0,54.0,317.0
24.0,32.0,54.0,317.0
26.0,32.0,54.0,317.0
28.0,32.0,54.0,317.0
-28.0,34.0,54.0,453.0
-26.0,34.0,54.0,453.0
-24.0,34.0,54.0,453.0
-22.0,34.0,54.0,453.0
-20.0,34.0,54.0,453.0
-18.0,34.0,54.0,453.0
-16.0,34.0,54.0,453.0
-14.0,34.0,54.0,517.0
-12.0,34.0,54.0,517.0
-10.0,34.0,54.0,517.0
-8.0,34.0,54.0,517.0
-6.0,34.0,54.0,517.0
-4.0,34.0,54.0,517.0
-2.0,34.0,54.0,517.0
0.0,34.0,54.0,517.0
2.0,34.0,54.0,255.0
4.0,34.0,54.0,255.0
6.0,34.0,54.0,255.0
8.0,34.0,54.0,255.0
10.0,34.0,54.0,255.0
12.0,34.0,54.0,255.0
14.0,34.0,54.0,255.0
16.0,34.0,54.0,255.0
18.0,34.0,54.0,255.0
20.0,34.0,54.0,317.0
22.0,34.0,54.0,317.0
24.0,34.0,54.0,317.0
26.0,34.0,54.0,317.0
-26.0,36.0,54.0,453.0
-24.0,36.0,54.0,453.0
-22.0,36.0,54.0,453.0
-20.0,36.0,54.0,453.0
-18.0,36.0,54.0,453.0
-16.0,36.0,54.0,39.0
-14.0,36.0,54.0,39.0
-12.0,36.0,54.0,39.0
-10.0,36.0,54.0,39.0
-8.0,36.0,54.0,517.0
-6.0,36.0,54.0,517.0
-4.0,36.0,54.0,517.0
-2.0,36.0,54.0,517.0
0.0,36.0,54.0,126.0
2.0,36.0,54.0,126.0
4.0,36.0,54.0,126.0
6.0,36.0,54.0,126.0
8.0,36.0,54.0,126.0
10.0,36.0,54.0,255.0
12.0,36.0,54.0,255.0
14.0,36.0,54.0,255.0
16.0,36.0,54.0,255.0
18.0,36.0,54.0,255.0
20.0,36.0,54.0,255.0
22.0,36.0,54.0,317.0
-24.0,38.0,54.0,453.0
-22.0,38.0,54.0,453.0
-20.0,38.0,54.0,453.0
-18.0,38.0,54.0,39.0
-16.0,38.0,54.0,39.0
-14.0,38.0,54.0,39.0
-12.0,38.0,54.0,39.0
-10.0,38.0,54.0,39.0
-8.0,38.0,54.0,39.0
-6.0,38.0,54.0,39.0
-4.0,38.0,54.0,39.0
-2.0,38.0,54.0,126.0
2.0,38.0,54.0,126.0
4.0,38.0,54.0,126.0
6.0,38.0,54.0,126.0
8.0,38.0,54.0,126.0
10.0,38.0,54.0,126.0
12.0,38.0,54.0,126.0
14.0,38.0,54.0,126.0
16.0,38.0,54.0,126.0
18.0,38.0,54.0,126.0
20.0,38.0,54.0,255.0
-20.0,40.0,54.0,39.0
-18.0,40.0,54.0,39.0
-16.0,40.0,54.0,39.0
-14.0,40.0,54.0,39.0
-12.0,40.0,54.0,39.0
-10.0,40.0,54.0,39.0
-8.0,40.0,54.0,39.0
-6.0,40.0,54.0,39.0
-4.0,40.0,54.0,39.0
-2.0,40.0,54.0,126.0
2.0,40.0,54.0,126.0
4.0,40.0,54.0,126.0
6.0,40.0,54.0,126.0
8.0,40.0,54.0,126.0
10.0,40.0,54.0,126.0
12.0,40.0,54.0,126.0
14.0,40.0,54.0,126.0
16.0,40.0,54.0,126.0
18.0,40.0,54.0,126.0
-14.0,42.0,54.0,39.0
-12.0,42.0,54.0,39.0
-10.0,42.0,54.0,39.0
-8.0,42.0,54.0,39.0
-6.0,42.0,54.0,39.0
-4.0,42.0,54.0,39.0
2.0,42.0,54.0,126.0
4.0,42.0,54.0,126.0
6.0,42.0,54.0,126.0
8.0,42.0,54.0,126.0
10.0,42.0,54.0,126.0
12.0,42.0,54.0,126.0
14.0,42.0,54.0,126.0
-12.0,44.0,54.0,39.0
-10.0,44.0,54.0,39.0
-8.0,44.0,54.0,39.0
-6.0,44.0,54.0,39.0
-4.0,44.0,54.0,39.0
6.0,44.0,54.0,126.0
8.0,44.0,54.0,126.0
10.0,44.0,54.0,126.0
-10.0,46.0,54.0,39.0
-8.0,46.0,54.0,39.0
-12.0,-80.0,56.0,155.0
8.0,-80.0,56.0,176.0
10.0,-80.0,56.0,176.0
12.0,-80.0,56.0,176.0
14.0,-80.0,56.0,176.0
-22.0,-78.0,56.0,312.0
-20.0,-78.0,56.0,312.0
-18.0,-78.0,56.0,312.0
-16.0,-78.0,56.0,312.0
-14.0,-78.0,56.0,312.0
-12.0,-78.0,56.0,155.0
-10.0,-78.0,56.0,155.0
-8.0,-78.0,56.0,155.0
6.0,-78.0,56.0,176.0
8.0,-78.0,56.0,176.0
10.0,-78.0,56.0,176.0
12.0,-78.0,56.0,176.0
14.0,-78.0,56.0,176.0
16.0,-78.0,56.0,516.0
18.0,-78.0,56.0,516.0
20.0,-78.0,56.0,516.0
22.0,-78.0,56.0,516.0
-24.0,-76.0,56.0,312.0
-22.0,-76.0,56.0,312.0
-20.0,-76.0,56.0,312.0
-18.0,-76.0,56.0,312.0
-16.0,-76.0,56.0,312.0
-14.0,-76.0,56.0,312.0
-12.0,-76.0,56.0,155.0
-10.0,-76.0,56.0,155.0
-8.0,-76.0,56.0,155.0
2.0,-76.0,56.0,155.0
4.0,-76.0,56.0,176.0
6.0,-76.0,56.0,176.0
8.0,-76.0,56.0,176.0
10.0,-76.0,56.0,176.0
12.0,-76.0,56.0,176.0
14.0,-76.0,56.0,176.0
16.0,-76.0,56.0,516.0
18.0,-76.0,56.0,516.0
20.0,-76.0,56.0,516.0
22.0,-76.0,56.0,516.0
24.0,-76.0,56.0,516.0
26.0,-76.0,56.0,516.0
-24.0,-74.0,56.0,312.0
-22.0,-74.0,56.0,312.0
-20.0,-74.0,56.0,312.0
-18.0,-74.0,56.0,312.0
-16.0,-74.0,56.0,312.0
-14.0,-74.0,56.0,312.0
-12.0,-74.0,56.0,155.0
-10.0,-74.0,56.0,155.0
-8.0,-74.0,56.0,155.0
-6.0,-74.0,56.0,155.0
2.0,-74.0,56.0,176.0
4.0,-74.0,56.0,176.0
6.0,-74.0,56.0,176.0
8.0,-74.0,56.0,176.0
10.0,-74.0,56.0,176.0
12.0,-74.0,56.0,176.0
14.0,-74.0,56.0,176.0
16.0,-74.0,56.0,516.0
18.0,-74.0,56.0,516.0
20.0,-74.0,56.0,516.0
22.0,-74.0,56.0,516.0
24.0,-74.0,56.0,516.0
26.0,-74.0,56.0,516.0
32.0,-74.0,56.0,88.0
-32.0,-72.0,56.0,512.0
-30.0,-72.0,56.0,512.0
-28.0,-72.0,56.0,134.0
-24.0,-72.0,56.0,312.0
-22.0,-72.0,56.0,312.0
-20.0,-72.0,56.0,312.0
-18.0,-72.0,56.0,312.0
-16.0,-72.0,56.0,312.0
-14.0,-72.0,56.0,312.0
-12.0,-72.0,56.0,155.0
-10.0,-72.0,56.0,155.0
-8.0,-72.0,56.0,155.0
-6.0,-72.0,56.0,155.0
-4.0,-72.0,56.0,155.0
2.0,-72.0,56.0,266.0
4.0,-72.0,56.0,176.0
6.0,-72.0,56.0,176.0
8.0,-72.0,56.0,176.0
10.0,-72.0,56.0,176.0
12.0,-72.0,56.0,176.0
14.0,-72.0,56.0,176.0
16.0,-72.0,56.0,176.0
18.0,-72.0,56.0,516.0
20.0,-72.0,56.0,516.0
22.0,-72.0,56.0,516.0
24.0,-72.0,56.0,516.0
26.0,-72.0,56.0,516.0
30.0,-72.0,56.0,516.0
32.0,-72.0,56.0,88.0
34.0,-72.0,56.0,88.0
-36.0,-70.0,56.0,512.0
-34.0,-70.0,56.0,512.0
-32.0,-70.0,56.0,512.0
-30.0,-70.0,56.0,512.0
-28.0,-70.0,56.0,134.0
-26.0,-70.0,56.0,134.0
-24.0,-70.0,56.0,312.0
-22.0,-70.0,56.0,312.0
-20.0,-70.0,56.0,312.0
-18.0,-70.0,56.0,312.0
-16.0,-70.0,56.0,312.0
-14.0,-70.0,56.0,113.0
-12.0,-70.0,56.0,155.0
-10.0,-70.0,56.0,155.0
-8.0,-70.0,56.0,155.0
-6.0,-70.0,56.0,155.0
-4.0,-70.0,56.0,155.0
-2.0,-70.0,56.0,155.0
2.0,-70.0,56.0,266.0
4.0,-70.0,56.0,176.0
6.0,-70.0,56.0,176.0
8.0,-70.0,56.0,176.0
10.0,-70.0,56.0,176.0
12.0,-70.0,56.0,176.0
14.0,-70.0,56.0,176.0
16.0,-70.0,56.0,176.0
18.0,-70.0,56.0,516.0
20.0,-70.0,56.0,516.0
22.0,-70.0,56.0,516.0
24.0,-70.0,56.0,561.0
26.0,-70.0,56.0,561.0
28.0,-70.0,56.0,561.0
30.0,-70.0,56.0,561.0
32.0,-70.0,56.0,88.0
34.0,-70.0,56.0,88.0
36.0,-70.0,56.0,88.0
38.0,-70.0,56.0,387.0
-38.0,-68.0,56.0,512.0
-36.0,-68.0,56.0,512.0
-34.0,-68.0,56.0,512.0
-32.0,-68.0,56.0,512.0
-30.0,-68.0,56.0,512.0
-28.0,-68.0,56.0,134.0
-26.0,-68.0,56.0,134.0
-24.0,-68.0,56.0,134.0
-22.0,-68.0,56.0,312.0
-20.0,-68.0,56.0,312.0
-18.0,-68.0,56.0,312.0
-16.0,-68.0,56.0,113.0
-14.0,-68.0,56.0,113.0
-12.0,-68.0,56.0,56.0
-10.0,-68.0,56.0,155.0
-8.0,-68.0,56.0,155.0
-6.0,-68.0,56.0,155.0
-4.0,-68.0,56.0,155.0
-2.0,-68.0,56.0,266.0
0.0,-68.0,56.0,266.0
2.0,-68.0,56.0,266.0
4.0,-68.0,56.0,266.0
6.0,-68.0,56.0,176.0
8.0,-68.0,56.0,176.0
10.0,-68.0,56.0,176.0
12.0,-68.0,56.0,176.0
14.0,-68.0,56.0,176.0
16.0,-68.0,56.0,176.0
18.0,-68.0,56.0,561.0
20.0,-68.0,56.0,561.0
22.0,-68.0,56.0,561.0
24.0,-68.0,56.0,561.0
26.0,-68.0,56.0,561.0
28.0,-68.0,56.0,561.0
30.0,-68.0,56.0,561.0
32.0,-68.0,56.0,88.0
34.0,-68.0,56.0,88.0
36.0,-68.0,56.0,387.0
38.0,-68.0,56.0,387.0
40.0,-68.0,56.0,387.0
-40.0,-66.0,56.0,512.0
-38.0,-66.0,56.0,512.0
-36.0,-66.0,56.0,512.0
-34.0,-66.0,56.0,512.0
-32.0,-66.0,56.0,512.0
-30.0,-66.0,56.0,512.0
-28.0,-66.0,56.0,134.0
-26.0,-66.0,56.0,346.0
-24.0,-66.0,56.0,346.0
-22.0,-66.0,56.0,346.0
-20.0,-66.0,56.0,346.0
-18.0,-66.0,56.0,113.0
-16.0,-66.0,56.0,113.0
-14.0,-66.0,56.0,113.0
-12.0,-66.0,56.0,56.0
-10.0,-66.0,56.0,56.0
-8.0,-66.0,56.0,56.0
-6.0,-66.0,56.0,433.0
-4.0,-66.0,56.0,433.0
-2.0,-66.0,56.0,266.0
0.0,-66.0,56.0,266.0
2.0,-66.0,56.0,266.0
4.0,-66.0,56.0,266.0
6.0,-66.0,56.0,176.0
8.0,-66.0,56.0,176.0
10.0,-66.0,56.0,176.0
12.0,-66.0,56.0,176.0
14.0,-66.0,56.0,176.0
16.0,-66.0,56.0,561.0
18.0,-66.0,56.0,561.0
20.0,-66.0,56.0,561.0
22.0,-66.0,56.0,561.0
24.0,-66.0,56.0,561.0
26.0,-66.0,56.0,561.0
28.0,-66.0,56.0,561.0
30.0,-66.0,56.0,561.0
32.0,-66.0,56.0,88.0
34.0,-66.0,56.0,387.0
36.0,-66.0,56.0,387.0
38.0,-66.0,56.0,387.0
40.0,-66.0,56.0,387.0
42.0,-66.0,56.0,387.0
-42.0,-64.0,56.0,512.0
-40.0,-64.0,56.0,512.0
-38.0,-64.0,56.0,512.0
-36.0,-64.0,56.0,512.0
-34.0,-64.0,56.0,512.0
-32.0,-64.0,56.0,512.0
-30.0,-64.0,56.0,512.0
-28.0,-64.0,56.0,346.0
-26.0,-64.0,56.0,346.0
-24.0,-64.0,56.0,346.0
-22.0,-64.0,56.0,346.0
-20.0,-64.0,56.0,346.0
-18.0,-64.0,56.0,346.0
-16.0,-64.0,56.0,113.0
-14.0,-64.0,56.0,113.0
-12.0,-64.0,56.0,56.0
-10.0,-64.0,56.0,56.0
-8.0,-64.0,56.0,56.0
-6.0,-64.0,56.0,433.0
-4.0,-64.0,56.0,433.0
-2.0,-64.0,56.0,433.0
0.0,-64.0,56.0,266.0
2.0,-64.0,56.0,266.0
4.0,-64.0,56.0,266.0
6.0,-64.0,56.0,266.0
8.0,-64.0,56.0,176.0
10.0,-64.0,56.0,176.0
12.0,-64.0,56.0,176.0
14.0,-64.0,56.0,176.0
16.0,-64.0,56.0,561.0
18.0,-64.0,56.0,561.0
20.0,-64.0,56.0,561.0
22.0,-64.0,56.0,561.0
24.0,-64.0,56.0,561.0
26.0,-64.0,56.0,561.0
28.0,-64.0,56.0,561.0
30.0,-64.0,56.0,561.0
32.0,-64.0,56.0,402.0
34.0,-64.0,56.0,387.0
36.0,-64.0,56.0,387.0
38.0,-64.0,56.0,387.0
40.0,-64.0,56.0,387.0
42.0,-64.0,56.0,387.0
44.0,-64.0,56.0,387.0
-44.0,-62.0,56.0,599.0
-42.0,-62.0,56.0,599.0
-40.0,-62.0,56.0,512.0
-38.0,-62.0,56.0,512.0
-36.0,-62.0,56.0,512.0
-34.0,-62.0,56.0,512.0
-32.0,-62.0,56.0,182.0
-30.0,-62.0,56.0,182.0
-28.0,-62.0,56.0,182.0
-26.0,-62.0,56.0,346.0
-24.0,-62.0,56.0,346.0
-22.0,-62.0,56.0,346.0
-20.0,-62.0,56.0,346.0
-18.0,-62.0,56.0,346.0
-16.0,-62.0,56.0,113.0
-14.0,-62.0,56.0,56.0
-12.0,-62.0,56.0,56.0
-10.0,-62.0,56.0,56.0
-8.0,-62.0,56.0,56.0
-6.0,-62.0,56.0,433.0
-4.0,-62.0,56.0,433.0
0.0,-62.0,56.0,266.0
2.0,-62.0,56.0,266.0
4.0,-62.0,56.0,266.0
6.0,-62.0,56.0,389.0
8.0,-62.0,56.0,389.0
10.0,-62.0,56.0,389.0
12.0,-62.0,56.0,389.0
14.0,-62.0,56.0,389.0
16.0,-62.0,56.0,561.0
18.0,-62.0,56.0,561.0
20.0,-62.0,56.0,561.0
22.0,-62.0,56.0,561.0
24.0,-62.0,56.0,561.0
26.0,-62.0,56.0,561.0
28.0,-62.0,56.0,561.0
30.0,-62.0,56.0,402.0
32.0,-62.0,56.0,402.0
34.0,-62.0,56.0,402.0
36.0,-62.0,56.0,387.0
38.0,-62.0,56.0,387.0
40.0,-62.0,56.0,387.0
42.0,-62.0,56.0,387.0
44.0,-62.0,56.0,387.0
-46.0,-60.0,56.0,599.0
-44.0,-60.0,56.0,599.0
-42.0,-60.0,56.0,599.0
-40.0,-60.0,56.0,599.0
-38.0,-60.0,56.0,512.0
-36.0,-60.0,56.0,182.0
-34.0,-60.0,56.0,182.0
-32.0,-60.0,56.0,182.0
-30.0,-60.0,56.0,182.0
-28.0,-60.0,56.0,182.0
-26.0,-60.0,56.0,182.0
-24.0,-60.0,56.0,182.0
-22.0,-60.0,56.0,346.0
-20.0,-60.0,56.0,346.0
-18.0,-60.0,56.0,346.0
-16.0,-60.0,56.0,348.0
-14.0,-60.0,56.0,348.0
-12.0,-60.0,56.0,348.0
-10.0,-60.0,56.0,348.0
-8.0,-60.0,56.0,56.0
-6.0,-60.0,56.0,433.0
-4.0,-60.0,56.0,433.0
0.0,-60.0,56.0,266.0
2.0,-60.0,56.0,389.0
4.0,-60.0,56.0,389.0
6.0,-60.0,56.0,389.0
8.0,-60.0,56.0,389.0
10.0,-60.0,56.0,389.0
12.0,-60.0,56.0,389.0
14.0,-60.0,56.0,232.0
16.0,-60.0,56.0,232.0
18.0,-60.0,56.0,561.0
20.0,-60.0,56.0,561.0
22.0,-60.0,56.0,561.0
24.0,-60.0,56.0,561.0
26.0,-60.0,56.0,561.0
28.0,-60.0,56.0,561.0
30.0,-60.0,56.0,402.0
32.0,-60.0,56.0,402.0
34.0,-60.0,56.0,402.0
36.0,-60.0,56.0,387.0
38.0,-60.0,56.0,387.0
40.0,-60.0,56.0,387.0
42.0,-60.0,56.0,387.0
44.0,-60.0,56.0,387.0
46.0,-60.0,56.0,387.0
-48.0,-58.0,56.0,599.0
-46.0,-58.0,56.0,599.0
-44.0,-58.0,56.0,599.0
-42.0,-58.0,56.0,599.0
-40.0,-58.0,56.0,599.0
-38.0,-58.0,56.0,182.0
-36.0,-58.0,56.0,182.0
-34.0,-58.0,56.0,182.0
-32.0,-58.0,56.0,182.0
-30.0,-58.0,56.0,182.0
-28.0,-58.0,56.0,182.0
-26.0,-58.0,56.0,182.0
-24.0,-58.0,56.0,182.0
-22.0,-58.0,56.0,182.0
-20.0,-58.0,56.0,182.0
-18.0,-58.0,56.0,348.0
-16.0,-58.0,56.0,348.0
-14.0,-58.0,56.0,348.0
-12.0,-58.0,56.0,348.0
-10.0,-58.0,56.0,348.0
-8.0,-58.0,56.0,348.0
-6.0,-58.0,56.0,348.0
-4.0,-58.0,56.0,433.0
0.0,-58.0,56.0,389.0
2.0,-58.0,56.0,389.0
4.0,-58.0,56.0,389.0
6.0,-58.0,56.0,389.0
8.0,-58.0,56.0,389.0
10.0,-58.0,56.0,389.0
12.0,-58.0,56.0,389.0
14.0,-58.0,56.0,232.0
16.0,-58.0,56.0,232.0
18.0,-58.0,56.0,500.0
20.0,-58.0,56.0,500.0
22.0,-58.0,56.0,500.0
24.0,-58.0,56.0,500.0
26.0,-58.0,56.0,500.0
28.0,-58.0,56.0,402.0
30.0,-58.0,56.0,402.0
32.0,-58.0,56.0,402.0
34.0,-58.0,56.0,402.0
36.0,-58.0,56.0,402.0
38.0,-58.0,56.0,387.0
40.0,-58.0,56.0,387.0
42.0,-58.0,56.0,387.0
44.0,-58.0,56.0,387.0
46.0,-58.0,56.0,387.0
48.0,-58.0,56.0,387.0
-50.0,-56.0,56.0,599.0
-48.0,-56.0,56.0,599.0
-46.0,-56.0,56.0,599.0
-44.0,-56.0,56.0,599.0
-42.0,-56.0,56.0,599.0
-40.0,-56.0,56.0,599.0
-38.0,-56.0,56.0,73.0
-36.0,-56.0,56.0,73.0
-34.0,-56.0,56.0,182.0
-32.0,-56.0,56.0,182.0
-30.0,-56.0,56.0,182.0
-28.0,-56.0,56.0,182.0
-26.0,-56.0,56.0,182.0
-24.0,-56.0,56.0,182.0
-22.0,-56.0,56.0,182.0
-20.0,-56.0,56.0,182.0
-18.0,-56.0,56.0,348.0
-16.0,-56.0,56.0,348.0
-14.0,-56.0,56.0,348.0
-12.0,-56.0,56.0,348.0
-10.0,-56.0,56.0,348.0
-8.0,-56.0,56.0,348.0
-6.0,-56.0,56.0,348.0
-4.0,-56.0,56.0,433.0
0.0,-56.0,56.0,389.0
2.0,-56.0,56.0,389.0
4.0,-56.0,56.0,389.0
6.0,-56.0,56.0,389.0
8.0,-56.0,56.0,389.0
10.0,-56.0,56.0,389.0
12.0,-56.0,56.0,389.0
14.0,-56.0,56.0,232.0
16.0,-56.0,56.0,232.0
18.0,-56.0,56.0,500.0
20.0,-56.0,56.0,500.0
24.0,-56.0,56.0,500.0
26.0,-56.0,56.0,344.0
28.0,-56.0,56.0,402.0
30.0,-56.0,56.0,402.0
32.0,-56.0,56.0,402.0
34.0,-56.0,56.0,402.0
36.0,-56.0,56.0,402.0
38.0,-56.0,56.0,387.0
40.0,-56.0,56.0,387.0
42.0,-56.0,56.0,387.0
44.0,-56.0,56.0,387.0
46.0,-56.0,56.0,387.0
48.0,-56.0,56.0,387.0
-50.0,-54.0,56.0,599.0
-48.0,-54.0,56.0,599.0
-46.0,-54.0,56.0,599.0
-44.0,-54.0,56.0,599.0
-42.0,-54.0,56.0,599.0
-40.0,-54.0,56.0,549.0
-38.0,-54.0,56.0,73.0
-36.0,-54.0,56.0,73.0
-34.0,-54.0,56.0,330.0
-32.0,-54.0,56.0,330.0
-30.0,-54.0,56.0,330.0
-28.0,-54.0,56.0,330.0
-26.0,-54.0,56.0,182.0
-24.0,-54.0,56.0,182.0
-22.0,-54.0,56.0,182.0
-20.0,-54.0,56.0,182.0
-18.0,-54.0,56.0,282.0
-16.0,-54.0,56.0,282.0
-14.0,-54.0,56.0,282.0
-12.0,-54.0,56.0,282.0
-10.0,-54.0,56.0,282.0
-8.0,-54.0,56.0,282.0
-6.0,-54.0,56.0,282.0
-4.0,-54.0,56.0,598.0
2.0,-54.0,56.0,598.0
4.0,-54.0,56.0,598.0
6.0,-54.0,56.0,389.0
8.0,-54.0,56.0,389.0
10.0,-54.0,56.0,389.0
12.0,-54.0,56.0,232.0
14.0,-54.0,56.0,232.0
16.0,-54.0,56.0,232.0
18.0,-54.0,56.0,232.0
20.0,-54.0,56.0,500.0
24.0,-54.0,56.0,344.0
26.0,-54.0,56.0,344.0
28.0,-54.0,56.0,344.0
30.0,-54.0,56.0,344.0
32.0,-54.0,56.0,402.0
34.0,-54.0,56.0,402.0
36.0,-54.0,56.0,402.0
38.0,-54.0,56.0,574.0
40.0,-54.0,56.0,387.0
42.0,-54.0,56.0,387.0
44.0,-54.0,56.0,387.0
46.0,-54.0,56.0,387.0
48.0,-54.0,56.0,387.0
50.0,-54.0,56.0,326.0
-52.0,-52.0,56.0,599.0
-50.0,-52.0,56.0,599.0
-48.0,-52.0,56.0,599.0
-46.0,-52.0,56.0,599.0
-44.0,-52.0,56.0,599.0
-42.0,-52.0,56.0,549.0
-40.0,-52.0,56.0,549.0
-38.0,-52.0,56.0,73.0
-36.0,-52.0,56.0,73.0
-34.0,-52.0,56.0,330.0
-32.0,-52.0,56.0,330.0
-30.0,-52.0,56.0,330.0
-28.0,-52.0,56.0,330.0
-26.0,-52.0,56.0,330.0
-24.0,-52.0,56.0,330.0
-22.0,-52.0,56.0,330.0
-20.0,-52.0,56.0,282.0
-18.0,-52.0,56.0,282.0
-16.0,-52.0,56.0,282.0
-14.0,-52.0,56.0,282.0
-12.0,-52.0,56.0,282.0
-10.0,-52.0,56.0,282.0
-8.0,-52.0,56.0,282.0
-6.0,-52.0,56.0,282.0
-4.0,-52.0,56.0,598.0
2.0,-52.0,56.0,598.0
4.0,-52.0,56.0,598.0
6.0,-52.0,56.0,598.0
8.0,-52.0,56.0,598.0
10.0,-52.0,56.0,598.0
12.0,-52.0,56.0,232.0
14.0,-52.0,56.0,232.0
16.0,-52.0,56.0,232.0
18.0,-52.0,56.0,232.0
20.0,-52.0,56.0,344.0
24.0,-52.0,56.0,344.0
26.0,-52.0,56.0,344.0
28.0,-52.0,56.0,344.0
30.0,-52.0,56.0,344.0
32.0,-52.0,56.0,344.0
34.0,-52.0,56.0,402.0
36.0,-52.0,56.0,574.0
38.0,-52.0,56.0,471.0
40.0,-52.0,56.0,471.0
42.0,-52.0,56.0,471.0
44.0,-52.0,56.0,471.0
46.0,-52.0,56.0,326.0
48.0,-52.0,56.0,326.0
50.0,-52.0,56.0,326.0
-54.0,-50.0,56.0,599.0
-52.0,-50.0,56.0,599.0
-50.0,-50.0,56.0,599.0
-48.0,-50.0,56.0,599.0
-46.0,-50.0,56.0,549.0
-44.0,-50.0,56.0,549.0
-42.0,-50.0,56.0,549.0
-40.0,-50.0,56.0,549.0
-38.0,-50.0,56.0,549.0
-36.0,-50.0,56.0,73.0
-34.0,-50.0,56.0,73.0
-32.0,-50.0,56.0,330.0
-30.0,-50.0,56.0,330.0
-28.0,-50.0,56.0,330.0
-26.0,-50.0,56.0,330.0
-24.0,-50.0,56.0,330.0
-22.0,-50.0,56.0,330.0
-20.0,-50.0,56.0,282.0
-18.0,-50.0,56.0,282.0
-16.0,-50.0,56.0,282.0
-14.0,-50.0,56.0,282.0
-12.0,-50.0,56.0,282.0
-10.0,-50.0,56.0,282.0
-8.0,-50.0,56.0,282.0
-6.0,-50.0,56.0,282.0
-4.0,-50.0,56.0,598.0
0.0,-50.0,56.0,598.0
2.0,-50.0,56.0,598.0
4.0,-50.0,56.0,598.0
6.0,-50.0,56.0,598.0
8.0,-50.0,56.0,598.0
10.0,-50.0,56.0,598.0
12.0,-50.0,56.0,598.0
14.0,-50.0,56.0,232.0
16.0,-50.0,56.0,232.0
18.0,-50.0,56.0,344.0
24.0,-50.0,56.0,344.0
26.0,-50.0,56.0,344.0
28.0,-50.0,56.0,344.0
30.0,-50.0,56.0,344.0
32.0,-50.0,56.0,344.0
34.0,-50.0,56.0,344.0
36.0,-50.0,56.0,471.0
38.0,-50.0,56.0,471.0
40.0,-50.0,56.0,471.0
42.0,-50.0,56.0,471.0
44.0,-50.0,56.0,471.0
46.0,-50.0,56.0,326.0
48.0,-50.0,56.0,326.0
50.0,-50.0,56.0,326.0
52.0,-50.0,56.0,326.0
-54.0,-48.0,56.0,29.0
-52.0,-48.0,56.0,599.0
-50.0,-48.0,56.0,599.0
-48.0,-48.0,56.0,549.0
-46.0,-48.0,56.0,549.0
-44.0,-48.0,56.0,549.0
-42.0,-48.0,56.0,549.0
-40.0,-48.0,56.0,549.0
-38.0,-48.0,56.0,549.0
-36.0,-48.0,56.0,73.0
-34.0,-48.0,56.0,73.0
-32.0,-48.0,56.0,33.0
-30.0,-48.0,56.0,330.0
-28.0,-48.0,56.0,330.0
-26.0,-48.0,56.0,330.0
-24.0,-48.0,56.0,330.0
-22.0,-48.0,56.0,330.0
-20.0,-48.0,56.0,282.0
-18.0,-48.0,56.0,282.0
-16.0,-48.0,56.0,282.0
-14.0,-48.0,56.0,282.0
-12.0,-48.0,56.0,282.0
-10.0,-48.0,56.0,282.0
-8.0,-48.0,56.0,282.0
-6.0,-48.0,56.0,282.0
-4.0,-48.0,56.0,598.0
0.0,-48.0,56.0,598.0
2.0,-48.0,56.0,598.0
4.0,-48.0,56.0,598.0
6.0,-48.0,56.0,598.0
8.0,-48.0,56.0,598.0
10.0,-48.0,56.0,598.0
12.0,-48.0,56.0,598.0
14.0,-48.0,56.0,598.0
16.0,-48.0,56.0,232.0
18.0,-48.0,56.0,344.0
26.0,-48.0,56.0,344.0
28.0,-48.0,56.0,344.0
30.0,-48.0,56.0,344.0
32.0,-48.0,56.0,344.0
34.0,-48.0,56.0,344.0
36.0,-48.0,56.0,471.0
38.0,-48.0,56.0,471.0
40.0,-48.0,56.0,471.0
42.0,-48.0,56.0,471.0
44.0,-48.0,56.0,471.0
46.0,-48.0,56.0,326.0
48.0,-48.0,56.0,326.0
50.0,-48.0,56.0,326.0
52.0,-48.0,56.0,326.0
-54.0,-46.0,56.0,29.0
-52.0,-46.0,56.0,29.0
-50.0,-46.0,56.0,276.0
-48.0,-46.0,56.0,549.0
-46.0,-46.0,56.0,549.0
-44.0,-46.0,56.0,549.0
-42.0,-46.0,56.0,549.0
-40.0,-46.0,56.0,549.0
-38.0,-46.0,56.0,549.0
-36.0,-46.0,56.0,549.0
-34.0,-46.0,56.0,33.0
-32.0,-46.0,56.0,33.0
-30.0,-46.0,56.0,33.0
-28.0,-46.0,56.0,33.0
-26.0,-46.0,56.0,33.0
-24.0,-46.0,56.0,33.0
-22.0,-46.0,56.0,330.0
-20.0,-46.0,56.0,282.0
-18.0,-46.0,56.0,282.0
-16.0,-46.0,56.0,282.0
-14.0,-46.0,56.0,282.0
-12.0,-46.0,56.0,282.0
-10.0,-46.0,56.0,282.0
-8.0,-46.0,56.0,282.0
-6.0,-46.0,56.0,282.0
-4.0,-46.0,56.0,598.0
2.0,-46.0,56.0,598.0
4.0,-46.0,56.0,598.0
6.0,-46.0,56.0,598.0
8.0,-46.0,56.0,598.0
10.0,-46.0,56.0,598.0
12.0,-46.0,56.0,598.0
14.0,-46.0,56.0,598.0
16.0,-46.0,56.0,598.0
18.0,-46.0,56.0,344.0
24.0,-46.0,56.0,344.0
26.0,-46.0,56.0,344.0
28.0,-46.0,56.0,344.0
30.0,-46.0,56.0,344.0
32.0,-46.0,56.0,344.0
34.0,-46.0,56.0,471.0
36.0,-46.0,56.0,471.0
38.0,-46.0,56.0,471.0
40.0,-46.0,56.0,471.0
42.0,-46.0,56.0,471.0
44.0,-46.0,56.0,471.0
46.0,-46.0,56.0,326.0
48.0,-46.0,56.0,326.0
50.0,-46.0,56.0,326.0
52.0,-46.0,56.0,326.0
54.0,-46.0,56.0,593.0
-56.0,-44.0,56.0,29.0
-54.0,-44.0,56.0,29.0
-52.0,-44.0,56.0,29.0
-50.0,-44.0,56.0,276.0
-48.0,-44.0,56.0,276.0
-46.0,-44.0,56.0,549.0
-44.0,-44.0,56.0,549.0
-42.0,-44.0,56.0,549.0
-40.0,-44.0,56.0,549.0
-38.0,-44.0,56.0,549.0
-36.0,-44.0,56.0,46.0
-34.0,-44.0,56.0,33.0
-32.0,-44.0,56.0,33.0
-30.0,-44.0,56.0,33.0
-28.0,-44.0,56.0,33.0
-26.0,-44.0,56.0,33.0
-24.0,-44.0,56.0,33.0
-22.0,-44.0,56.0,33.0
-18.0,-44.0,56.0,282.0
-16.0,-44.0,56.0,282.0
-14.0,-44.0,56.0,282.0
-12.0,-44.0,56.0,282.0
-10.0,-44.0,56.0,282.0
-8.0,-44.0,56.0,282.0
-6.0,-44.0,56.0,282.0
-4.0,-44.0,56.0,598.0
2.0,-44.0,56.0,598.0
4.0,-44.0,56.0,598.0
6.0,-44.0,56.0,598.0
8.0,-44.0,56.0,598.0
10.0,-44.0,56.0,598.0
12.0,-44.0,56.0,598.0
14.0,-44.0,56.0,598.0
16.0,-44.0,56.0,65.0
18.0,-44.0,56.0,344.0
24.0,-44.0,56.0,344.0
26.0,-44.0,56.0,344.0
28.0,-44.0,56.0,344.0
30.0,-44.0,56.0,344.0
32.0,-44.0,56.0,344.0
34.0,-44.0,56.0,471.0
36.0,-44.0,56.0,471.0
38.0,-44.0,56.0,471.0
40.0,-44.0,56.0,471.0
42.0,-44.0,56.0,471.0
44.0,-44.0,56.0,471.0
46.0,-44.0,56.0,326.0
48.0,-44.0,56.0,326.0
50.0,-44.0,56.0,326.0
52.0,-44.0,56.0,326.0
54.0,-44.0,56.0,593.0
-56.0,-42.0,56.0,29.0
-54.0,-42.0,56.0,29.0
-52.0,-42.0,56.0,29.0
-50.0,-42.0,56.0,276.0
-48.0,-42.0,56.0,276.0
-46.0,-42.0,56.0,276.0
-44.0,-42.0,56.0,276.0
-42.0,-42.0,56.0,46.0
-40.0,-42.0,56.0,46.0
-38.0,-42.0,56.0,46.0
-36.0,-42.0,56.0,46.0
-34.0,-42.0,56.0,33.0
-32.0,-42.0,56.0,33.0
-30.0,-42.0,56.0,33.0
-28.0,-42.0,56.0,33.0
-26.0,-42.0,56.0,33.0
-24.0,-42.0,56.0,33.0
-22.0,-42.0,56.0,33.0
-18.0,-42.0,56.0,282.0
-16.0,-42.0,56.0,282.0
-14.0,-42.0,56.0,282.0
-12.0,-42.0,56.0,282.0
-10.0,-42.0,56.0,282.0
-8.0,-42.0,56.0,282.0
-6.0,-42.0,56.0,313.0
-4.0,-42.0,56.0,313.0
2.0,-42.0,56.0,598.0
4.0,-42.0,56.0,598.0
6.0,-42.0,56.0,598.0
8.0,-42.0,56.0,598.0
10.0,-42.0,56.0,598.0
12.0,-42.0,56.0,598.0
14.0,-42.0,56.0,65.0
16.0,-42.0,56.0,65.0
18.0,-42.0,56.0,344.0
24.0,-42.0,56.0,344.0
26.0,-42.0,56.0,344.0
28.0,-42.0,56.0,344.0
30.0,-42.0,56.0,344.0
32.0,-42.0,56.0,344.0
34.0,-42.0,56.0,471.0
36.0,-42.0,56.0,471.0
38.0,-42.0,56.0,471.0
40.0,-42.0,56.0,471.0
42.0,-42.0,56.0,471.0
44.0,-42.0,56.0,471.0
46.0,-42.0,56.0,326.0
48.0,-42.0,56.0,326.0
50.0,-42.0,56.0,326.0
52.0,-42.0,56.0,326.0
54.0,-42.0,56.0,593.0
-56.0,-40.0,56.0,29.0
-54.0,-40.0,56.0,29.0
-52.0,-40.0,56.0,276.0
-50.0,-40.0,56.0,276.0
-48.0,-40.0,56.0,276.0
-46.0,-40.0,56.0,276.0
-44.0,-40.0,56.0,276.0
-42.0,-40.0,56.0,46.0
-40.0,-40.0,56.0,46.0
-38.0,-40.0,56.0,46.0
-36.0,-40.0,56.0,46.0
-34.0,-40.0,56.0,33.0
-32.0,-40.0,56.0,33.0
-30.0,-40.0,56.0,33.0
-28.0,-40.0,56.0,33.0
-26.0,-40.0,56.0,33.0
-24.0,-40.0,56.0,33.0
-18.0,-40.0,56.0,511.0
-16.0,-40.0,56.0,511.0
-14.0,-40.0,56.0,511.0
-12.0,-40.0,56.0,511.0
-10.0,-40.0,56.0,313.0
-8.0,-40.0,56.0,313.0
-6.0,-40.0,56.0,313.0
-4.0,-40.0,56.0,313.0
2.0,-40.0,56.0,598.0
4.0,-40.0,56.0,598.0
6.0,-40.0,56.0,598.0
8.0,-40.0,56.0,598.0
10.0,-40.0,56.0,65.0
12.0,-40.0,56.0,65.0
14.0,-40.0,56.0,65.0
16.0,-40.0,56.0,65.0
24.0,-40.0,56.0,48.0
26.0,-40.0,56.0,48.0
28.0,-40.0,56.0,48.0
30.0,-40.0,56.0,48.0
32.0,-40.0,56.0,520.0
34.0,-40.0,56.0,471.0
36.0,-40.0,56.0,471.0
38.0,-40.0,56.0,471.0
40.0,-40.0,56.0,471.0
42.0,-40.0,56.0,471.0
44.0,-40.0,56.0,471.0
46.0,-40.0,56.0,326.0
48.0,-40.0,56.0,326.0
50.0,-40.0,56.0,326.0
52.0,-40.0,56.0,326.0
54.0,-40.0,56.0,593.0
-56.0,-38.0,56.0,29.0
-54.0,-38.0,56.0,29.0
-52.0,-38.0,56.0,276.0
-50.0,-38.0,56.0,276.0
-48.0,-38.0,56.0,276.0
-46.0,-38.0,56.0,276.0
-44.0,-38.0,56.0,276.0
-42.0,-38.0,56.0,46.0
-40.0,-38.0,56.0,46.0
-38.0,-38.0,56.0,46.0
-36.0,-38.0,56.0,46.0
-34.0,-38.0,56.0,46.0
-32.0,-38.0,56.0,33.0
-30.0,-38.0,56.0,33.0
-28.0,-38.0,56.0,33.0
-26.0,-38.0,56.0,33.0
-16.0,-38.0,56.0,511.0
-14.0,-38.0,56.0,511.0
-12.0,-38.0,56.0,511.0
-10.0,-38.0,56.0,511.0
-8.0,-38.0,56.0,462.0
-6.0,-38.0,56.0,462.0
-4.0,-38.0,56.0,462.0
2.0,-38.0,56.0,462.0
4.0,-38.0,56.0,598.0
6.0,-38.0,56.0,598.0
8.0,-38.0,56.0,65.0
10.0,-38.0,56.0,65.0
12.0,-38.0,56.0,65.0
14.0,-38.0,56.0,65.0
16.0,-38.0,56.0,65.0
24.0,-38.0,56.0,48.0
26.0,-38.0,56.0,48.0
28.0,-38.0,56.0,520.0
30.0,-38.0,56.0,520.0
32.0,-38.0,56.0,520.0
34.0,-38.0,56.0,520.0
36.0,-38.0,56.0,520.0
38.0,-38.0,56.0,520.0
40.0,-38.0,56.0,471.0
42.0,-38.0,56.0,471.0
44.0,-38.0,56.0,471.0
46.0,-38.0,56.0,326.0
48.0,-38.0,56.0,326.0
50.0,-38.0,56.0,326.0
52.0,-38.0,56.0,8.0
54.0,-38.0,56.0,8.0
-58.0,-36.0,56.0,29.0
-56.0,-36.0,56.0,29.0
-54.0,-36.0,56.0,276.0
-52.0,-36.0,56.0,276.0
-50.0,-36.0,56.0,276.0
-48.0,-36.0,56.0,276.0
-46.0,-36.0,56.0,276.0
-44.0,-36.0,56.0,276.0
-42.0,-36.0,56.0,46.0
-40.0,-36.0,56.0,46.0
-38.0,-36.0,56.0,46.0
-36.0,-36.0,56.0,46.0
-34.0,-36.0,56.0,46.0
-32.0,-36.0,56.0,33.0
-30.0,-36.0,56.0,33.0
-28.0,-36.0,56.0,33.0
-16.0,-36.0,56.0,511.0
-14.0,-36.0,56.0,511.0
-12.0,-36.0,56.0,511.0
-10.0,-36.0,56.0,462.0
-8.0,-36.0,56.0,462.0
-6.0,-36.0,56.0,462.0
-4.0,-36.0,56.0,462.0
2.0,-36.0,56.0,462.0
4.0,-36.0,56.0,462.0
6.0,-36.0,56.0,65.0
8.0,-36.0,56.0,65.0
10.0,-36.0,56.0,65.0
12.0,-36.0,56.0,65.0
26.0,-36.0,56.0,520.0
28.0,-36.0,56.0,520.0
30.0,-36.0,56.0,520.0
32.0,-36.0,56.0,520.0
34.0,-36.0,56.0,520.0
36.0,-36.0,56.0,520.0
38.0,-36.0,56.0,520.0
40.0,-36.0,56.0,520.0
42.0,-36.0,56.0,520.0
44.0,-36.0,56.0,520.0
46.0,-36.0,56.0,8.0
48.0,-36.0,56.0,8.0
50.0,-36.0,56.0,8.0
52.0,-36.0,56.0,8.0
54.0,-36.0,56.0,8.0
56.0,-36.0,56.0,8.0
-58.0,-34.0,56.0,29.0
-56.0,-34.0,56.0,29.0
-54.0,-34.0,56.0,276.0
-52.0,-34.0,56.0,276.0
-50.0,-34.0,56.0,276.0
-48.0,-34.0,56.0,276.0
-46.0,-34.0,56.0,276.0
-44.0,-34.0,56.0,276.0
-42.0,-34.0,56.0,46.0
-40.0,-34.0,56.0,46.0
-38.0,-34.0,56.0,46.0
-36.0,-34.0,56.0,46.0
-34.0,-34.0,56.0,46.0
-32.0,-34.0,56.0,46.0
-30.0,-34.0,56.0,33.0
-14.0,-34.0,56.0,511.0
-12.0,-34.0,56.0,511.0
-10.0,-34.0,56.0,462.0
-8.0,-34.0,56.0,462.0
-6.0,-34.0,56.0,462.0
-4.0,-34.0,56.0,462.0
2.0,-34.0,56.0,462.0
4.0,-34.0,56.0,462.0
6.0,-34.0,56.0,462.0
8.0,-34.0,56.0,65.0
10.0,-34.0,56.0,65.0
28.0,-34.0,56.0,520.0
30.0,-34.0,56.0,520.0
32.0,-34.0,56.0,520.0
34.0,-34.0,56.0,520.0
36.0,-34.0,56.0,520.0
38.0,-34.0,56.0,520.0
40.0,-34.0,56.0,520.0
42.0,-34.0,56.0,520.0
44.0,-34.0,56.0,472.0
46.0,-34.0,56.0,472.0
48.0,-34.0,56.0,8.0
50.0,-34.0,56.0,8.0
52.0,-34.0,56.0,8.0
54.0,-34.0,56.0,8.0
56.0,-34.0,56.0,8.0
-58.0,-32.0,56.0,29.0
-56.0,-32.0,56.0,29.0
-54.0,-32.0,56.0,276.0
-52.0,-32.0,56.0,276.0
-50.0,-32.0,56.0,276.0
-48.0,-32.0,56.0,276.0
-46.0,-32.0,56.0,276.0
-44.0,-32.0,56.0,276.0
-42.0,-32.0,56.0,46.0
-40.0,-32.0,56.0,46.0
-38.0,-32.0,56.0,46.0
-36.0,-32.0,56.0,46.0
-34.0,-32.0,56.0,46.0
-12.0,-32.0,56.0,511.0
-10.0,-32.0,56.0,462.0
-8.0,-32.0,56.0,462.0
-6.0,-32.0,56.0,462.0
-4.0,-32.0,56.0,462.0
2.0,-32.0,56.0,462.0
4.0,-32.0,56.0,462.0
6.0,-32.0,56.0,168.0
8.0,-32.0,56.0,65.0
24.0,-32.0,56.0,520.0
26.0,-32.0,56.0,520.0
28.0,-32.0,56.0,520.0
30.0,-32.0,56.0,520.0
32.0,-32.0,56.0,520.0
34.0,-32.0,56.0,520.0
36.0,-32.0,56.0,520.0
38.0,-32.0,56.0,520.0
40.0,-32.0,56.0,520.0
42.0,-32.0,56.0,472.0
44.0,-32.0,56.0,472.0
46.0,-32.0,56.0,472.0
48.0,-32.0,56.0,8.0
50.0,-32.0,56.0,8.0
52.0,-32.0,56.0,8.0
54.0,-32.0,56.0,8.0
56.0,-32.0,56.0,8.0
-58.0,-30.0,56.0,29.0
-56.0,-30.0,56.0,276.0
-54.0,-30.0,56.0,276.0
-52.0,-30.0,56.0,276.0
-50.0,-30.0,56.0,276.0
-48.0,-30.0,56.0,276.0
-46.0,-30.0,56.0,276.0
-44.0,-30.0,56.0,276.0
-42.0,-30.0,56.0,46.0
-40.0,-30.0,56.0,46.0
-38.0,-30.0,56.0,46.0
-8.0,-30.0,56.0,462.0
-6.0,-30.0,56.0,462.0
-4.0,-30.0,56.0,462.0
2.0,-30.0,56.0,462.0
4.0,-30.0,56.0,462.0
6.0,-30.0,56.0,168.0
8.0,-30.0,56.0,168.0
22.0,-30.0,56.0,226.0
24.0,-30.0,56.0,520.0
26.0,-30.0,56.0,520.0
28.0,-30.0,56.0,520.0
30.0,-30.0,56.0,520.0
32.0,-30.0,56.0,520.0
34.0,-30.0,56.0,520.0
36.0,-30.0,56.0,520.0
40.0,-30.0,56.0,472.0
42.0,-30.0,56.0,472.0
44.0,-30.0,56.0,472.0
46.0,-30.0,56.0,472.0
48.0,-30.0,56.0,472.0
50.0,-30.0,56.0,8.0
52.0,-30.0,56.0,8.0
54.0,-30.0,56.0,8.0
-58.0,-28.0,56.0,29.0
-56.0,-28.0,56.0,276.0
-54.0,-28.0,56.0,276.0
-52.0,-28.0,56.0,276.0
-50.0,-28.0,56.0,276.0
-48.0,-28.0,56.0,276.0
-46.0,-28.0,56.0,276.0
-44.0,-28.0,56.0,276.0
-36.0,-28.0,56.0,46.0
-34.0,-28.0,56.0,46.0
-24.0,-28.0,56.0,511.0
-6.0,-28.0,56.0,462.0
-4.0,-28.0,56.0,462.0
4.0,-28.0,56.0,462.0
6.0,-28.0,56.0,168.0
26.0,-28.0,56.0,520.0
28.0,-28.0,56.0,520.0
30.0,-28.0,56.0,520.0
32.0,-28.0,56.0,520.0
34.0,-28.0,56.0,520.0
42.0,-28.0,56.0,472.0
44.0,-28.0,56.0,472.0
46.0,-28.0,56.0,472.0
48.0,-28.0,56.0,472.0
50.0,-28.0,56.0,8.0
52.0,-28.0,56.0,8.0
54.0,-28.0,56.0,8.0
-58.0,-26.0,56.0,276.0
-56.0,-26.0,56.0,276.0
-54.0,-26.0,56.0,276.0
-52.0,-26.0,56.0,276.0
-50.0,-26.0,56.0,276.0
-48.0,-26.0,56.0,276.0
-46.0,-26.0,56.0,276.0
-26.0,-26.0,56.0,485.0
-10.0,-26.0,56.0,462.0
-8.0,-26.0,56.0,462.0
-6.0,-26.0,56.0,462.0
-4.0,-26.0,56.0,462.0
2.0,-26.0,56.0,462.0
4.0,-26.0,56.0,168.0
6.0,-26.0,56.0,168.0
8.0,-26.0,56.0,168.0
24.0,-26.0,56.0,508.0
26.0,-26.0,56.0,508.0
28.0,-26.0,56.0,508.0
30.0,-26.0,56.0,520.0
32.0,-26.0,56.0,520.0
34.0,-26.0,56.0,520.0
42.0,-26.0,56.0,472.0
44.0,-26.0,56.0,472.0
46.0,-26.0,56.0,472.0
48.0,-26.0,56.0,472.0
50.0,-26.0,56.0,8.0
52.0,-26.0,56.0,8.0
54.0,-26.0,56.0,8.0
-58.0,-24.0,56.0,10.0
-56.0,-24.0,56.0,10.0
-54.0,-24.0,56.0,10.0
-52.0,-24.0,56.0,10.0
-50.0,-24.0,56.0,10.0
-48.0,-24.0,56.0,10.0
-10.0,-24.0,56.0,462.0
-8.0,-24.0,56.0,462.0
-6.0,-24.0,56.0,462.0
-4.0,-24.0,56.0,462.0
2.0,-24.0,56.0,462.0
4.0,-24.0,56.0,168.0
6.0,-24.0,56.0,168.0
8.0,-24.0,56.0,168.0
22.0,-24.0,56.0,508.0
24.0,-24.0,56.0,508.0
26.0,-24.0,56.0,508.0
32.0,-24.0,56.0,398.0
34.0,-24.0,56.0,398.0
48.0,-24.0,56.0,472.0
50.0,-24.0,56.0,472.0
52.0,-24.0,56.0,8.0
54.0,-24.0,56.0,8.0
-56.0,-22.0,56.0,10.0
-54.0,-22.0,56.0,10.0
-52.0,-22.0,56.0,10.0
-50.0,-22.0,56.0,10.0
-10.0,-22.0,56.0,462.0
-8.0,-22.0,56.0,462.0
-6.0,-22.0,56.0,462.0
-4.0,-22.0,56.0,462.0
2.0,-22.0,56.0,130.0
4.0,-22.0,56.0,130.0
6.0,-22.0,56.0,130.0
8.0,-22.0,56.0,168.0
32.0,-22.0,56.0,508.0
34.0,-22.0,56.0,398.0
50.0,-22.0,56.0,472.0
52.0,-22.0,56.0,8.0
54.0,-22.0,56.0,8.0
-56.0,-20.0,56.0,10.0
-54.0,-20.0,56.0,10.0
-52.0,-20.0,56.0,10.0
-50.0,-20.0,56.0,10.0
-10.0,-20.0,56.0,337.0
-8.0,-20.0,56.0,462.0
-6.0,-20.0,56.0,130.0
-4.0,-20.0,56.0,130.0
2.0,-20.0,56.0,130.0
4.0,-20.0,56.0,130.0
6.0,-20.0,56.0,130.0
8.0,-20.0,56.0,235.0
32.0,-20.0,56.0,508.0
34.0,-20.0,56.0,398.0
36.0,-20.0,56.0,398.0
38.0,-20.0,56.0,398.0
40.0,-20.0,56.0,398.0
42.0,-20.0,56.0,32.0
44.0,-20.0,56.0,32.0
52.0,-20.0,56.0,286.0
54.0,-20.0,56.0,286.0
-56.0,-18.0,56.0,10.0
-54.0,-18.0,56.0,10.0
-52.0,-18.0,56.0,10.0
-50.0,-18.0,56.0,10.0
-44.0,-18.0,56.0,10.0
-42.0,-18.0,56.0,10.0
-10.0,-18.0,56.0,249.0
-8.0,-18.0,56.0,130.0
-6.0,-18.0,56.0,130.0
-4.0,-18.0,56.0,130.0
-2.0,-18.0,56.0,130.0
0.0,-18.0,56.0,130.0
2.0,-18.0,56.0,130.0
4.0,-18.0,56.0,130.0
6.0,-18.0,56.0,130.0
8.0,-18.0,56.0,235.0
24.0,-18.0,56.0,508.0
26.0,-18.0,56.0,508.0
38.0,-18.0,56.0,398.0
40.0,-18.0,56.0,398.0
42.0,-18.0,56.0,398.0
44.0,-18.0,56.0,286.0
46.0,-18.0,56.0,286.0
52.0,-18.0,56.0,286.0
54.0,-18.0,56.0,286.0
-56.0,-16.0,56.0,10.0
-54.0,-16.0,56.0,10.0
-52.0,-16.0,56.0,10.0
-50.0,-16.0,56.0,10.0
-46.0,-16.0,56.0,10.0
-44.0,-16.0,56.0,10.0
-42.0,-16.0,56.0,10.0
-40.0,-16.0,56.0,428.0
-28.0,-16.0,56.0,485.0
-26.0,-16.0,56.0,485.0
-24.0,-16.0,56.0,485.0
-8.0,-16.0,56.0,130.0
-6.0,-16.0,56.0,130.0
-4.0,-16.0,56.0,130.0
-2.0,-16.0,56.0,130.0
0.0,-16.0,56.0,130.0
2.0,-16.0,56.0,130.0
4.0,-16.0,56.0,130.0
6.0,-16.0,56.0,235.0
8.0,-16.0,56.0,235.0
20.0,-16.0,56.0,508.0
22.0,-16.0,56.0,508.0
24.0,-16.0,56.0,508.0
26.0,-16.0,56.0,508.0
28.0,-16.0,56.0,508.0
30.0,-16.0,56.0,508.0
40.0,-16.0,56.0,398.0
42.0,-16.0,56.0,398.0
44.0,-16.0,56.0,286.0
46.0,-16.0,56.0,286.0
48.0,-16.0,56.0,286.0
54.0,-16.0,56.0,286.0
-54.0,-14.0,56.0,10.0
-52.0,-14.0,56.0,10.0
-48.0,-14.0,56.0,10.0
-46.0,-14.0,56.0,10.0
-44.0,-14.0,56.0,10.0
-42.0,-14.0,56.0,10.0
-40.0,-14.0,56.0,428.0
-34.0,-14.0,56.0,485.0
-32.0,-14.0,56.0,485.0
-30.0,-14.0,56.0,485.0
-28.0,-14.0,56.0,485.0
-26.0,-14.0,56.0,485.0
-24.0,-14.0,56.0,485.0
-22.0,-14.0,56.0,249.0
-8.0,-14.0,56.0,384.0
-6.0,-14.0,56.0,130.0
-4.0,-14.0,56.0,130.0
-2.0,-14.0,56.0,130.0
0.0,-14.0,56.0,130.0
2.0,-14.0,56.0,130.0
4.0,-14.0,56.0,235.0
6.0,-14.0,56.0,235.0
8.0,-14.0,56.0,235.0
10.0,-14.0,56.0,235.0
18.0,-14.0,56.0,382.0
20.0,-14.0,56.0,508.0
22.0,-14.0,56.0,508.0
24.0,-14.0,56.0,508.0
26.0,-14.0,56.0,508.0
28.0,-14.0,56.0,508.0
30.0,-14.0,56.0,508.0
32.0,-14.0,56.0,508.0
34.0,-14.0,56.0,508.0
40.0,-14.0,56.0,398.0
42.0,-14.0,56.0,398.0
44.0,-14.0,56.0,286.0
46.0,-14.0,56.0,286.0
48.0,-14.0,56.0,286.0
50.0,-14.0,56.0,286.0
-54.0,-12.0,56.0,10.0
-50.0,-12.0,56.0,10.0
-48.0,-12.0,56.0,10.0
-46.0,-12.0,56.0,10.0
-44.0,-12.0,56.0,10.0
-42.0,-12.0,56.0,10.0
-40.0,-12.0,56.0,428.0
-38.0,-12.0,56.0,428.0
-36.0,-12.0,56.0,428.0
-34.0,-12.0,56.0,89.0
-32.0,-12.0,56.0,89.0
-30.0,-12.0,56.0,89.0
-28.0,-12.0,56.0,89.0
-26.0,-12.0,56.0,89.0
-24.0,-12.0,56.0,89.0
-22.0,-12.0,56.0,249.0
-8.0,-12.0,56.0,384.0
-6.0,-12.0,56.0,145.0
-4.0,-12.0,56.0,145.0
-2.0,-12.0,56.0,145.0
0.0,-12.0,56.0,145.0
2.0,-12.0,56.0,145.0
4.0,-12.0,56.0,235.0
6.0,-12.0,56.0,235.0
8.0,-12.0,56.0,235.0
10.0,-12.0,56.0,235.0
16.0,-12.0,56.0,235.0
18.0,-12.0,56.0,382.0
20.0,-12.0,56.0,508.0
22.0,-12.0,56.0,508.0
24.0,-12.0,56.0,508.0
26.0,-12.0,56.0,508.0
28.0,-12.0,56.0,508.0
30.0,-12.0,56.0,508.0
32.0,-12.0,56.0,508.0
34.0,-12.0,56.0,508.0
36.0,-12.0,56.0,398.0
38.0,-12.0,56.0,398.0
40.0,-12.0,56.0,398.0
42.0,-12.0,56.0,286.0
44.0,-12.0,56.0,286.0
46.0,-12.0,56.0,286.0
48.0,-12.0,56.0,286.0
50.0,-12.0,56.0,286.0
-52.0,-10.0,56.0,10.0
-50.0,-10.0,56.0,10.0
-48.0,-10.0,56.0,10.0
-46.0,-10.0,56.0,10.0
-44.0,-10.0,56.0,10.0
-42.0,-10.0,56.0,10.0
-40.0,-10.0,56.0,428.0
-38.0,-10.0,56.0,428.0
-36.0,-10.0,56.0,428.0
-34.0,-10.0,56.0,89.0
-32.0,-10.0,56.0,89.0
-30.0,-10.0,56.0,89.0
-28.0,-10.0,56.0,89.0
-26.0,-10.0,56.0,89.0
-24.0,-10.0,56.0,89.0
-22.0,-10.0,56.0,249.0
-8.0,-10.0,56.0,384.0
-6.0,-10.0,56.0,145.0
-4.0,-10.0,56.0,145.0
-2.0,-10.0,56.0,145.0
0.0,-10.0,56.0,145.0
2.0,-10.0,56.0,145.0
4.0,-10.0,56.0,235.0
6.0,-10.0,56.0,235.0
8.0,-10.0,56.0,235.0
10.0,-10.0,56.0,235.0
16.0,-10.0,56.0,235.0
18.0,-10.0,56.0,235.0
20.0,-10.0,56.0,508.0
22.0,-10.0,56.0,508.0
24.0,-10.0,56.0,508.0
26.0,-10.0,56.0,508.0
28.0,-10.0,56.0,508.0
30.0,-10.0,56.0,508.0
32.0,-10.0,56.0,508.0
34.0,-10.0,56.0,508.0
36.0,-10.0,56.0,398.0
38.0,-10.0,56.0,398.0
40.0,-10.0,56.0,398.0
42.0,-10.0,56.0,286.0
44.0,-10.0,56.0,286.0
46.0,-10.0,56.0,286.0
48.0,-10.0,56.0,286.0
50.0,-10.0,56.0,286.0
-52.0,-8.0,56.0,180.0
-50.0,-8.0,56.0,180.0
-48.0,-8.0,56.0,180.0
-46.0,-8.0,56.0,180.0
-44.0,-8.0,56.0,180.0
-42.0,-8.0,56.0,180.0
-40.0,-8.0,56.0,428.0
-38.0,-8.0,56.0,428.0
-36.0,-8.0,56.0,89.0
-34.0,-8.0,56.0,89.0
-32.0,-8.0,56.0,89.0
-30.0,-8.0,56.0,89.0
-28.0,-8.0,56.0,89.0
-26.0,-8.0,56.0,89.0
-24.0,-8.0,56.0,89.0
-22.0,-8.0,56.0,249.0
-8.0,-8.0,56.0,384.0
-6.0,-8.0,56.0,145.0
-4.0,-8.0,56.0,145.0
-2.0,-8.0,56.0,145.0
0.0,-8.0,56.0,145.0
2.0,-8.0,56.0,145.0
4.0,-8.0,56.0,235.0
6.0,-8.0,56.0,235.0
8.0,-8.0,56.0,235.0
18.0,-8.0,56.0,235.0
20.0,-8.0,56.0,508.0
22.0,-8.0,56.0,508.0
24.0,-8.0,56.0,508.0
26.0,-8.0,56.0,508.0
28.0,-8.0,56.0,508.0
30.0,-8.0,56.0,508.0
32.0,-8.0,56.0,508.0
34.0,-8.0,56.0,508.0
36.0,-8.0,56.0,398.0
38.0,-8.0,56.0,398.0
40.0,-8.0,56.0,398.0
42.0,-8.0,56.0,286.0
44.0,-8.0,56.0,286.0
46.0,-8.0,56.0,286.0
48.0,-8.0,56.0,286.0
50.0,-8.0,56.0,286.0
-52.0,-6.0,56.0,180.0
-50.0,-6.0,56.0,180.0
-48.0,-6.0,56.0,180.0
-46.0,-6.0,56.0,180.0
-44.0,-6.0,56.0,180.0
-42.0,-6.0,56.0,180.0
-40.0,-6.0,56.0,180.0
-38.0,-6.0,56.0,180.0
-36.0,-6.0,56.0,438.0
-34.0,-6.0,56.0,89.0
-32.0,-6.0,56.0,89.0
-30.0,-6.0,56.0,89.0
-28.0,-6.0,56.0,89.0
-26.0,-6.0,56.0,89.0
-24.0,-6.0,56.0,89.0
-22.0,-6.0,56.0,527.0
-12.0,-6.0,56.0,555.0
-10.0,-6.0,56.0,555.0
-8.0,-6.0,56.0,555.0
-6.0,-6.0,56.0,555.0
-4.0,-6.0,56.0,145.0
-2.0,-6.0,56.0,145.0
0.0,-6.0,56.0,69.0
2.0,-6.0,56.0,69.0
4.0,-6.0,56.0,69.0
6.0,-6.0,56.0,69.0
8.0,-6.0,56.0,235.0
20.0,-6.0,56.0,235.0
22.0,-6.0,56.0,343.0
24.0,-6.0,56.0,508.0
26.0,-6.0,56.0,508.0
28.0,-6.0,56.0,508.0
30.0,-6.0,56.0,508.0
32.0,-6.0,56.0,508.0
34.0,-6.0,56.0,508.0
36.0,-6.0,56.0,508.0
38.0,-6.0,56.0,398.0
40.0,-6.0,56.0,398.0
42.0,-6.0,56.0,286.0
44.0,-6.0,56.0,286.0
46.0,-6.0,56.0,286.0
48.0,-6.0,56.0,286.0
50.0,-6.0,56.0,286.0
-52.0,-4.0,56.0,180.0
-50.0,-4.0,56.0,180.0
-48.0,-4.0,56.0,180.0
-46.0,-4.0,56.0,180.0
-44.0,-4.0,56.0,180.0
-42.0,-4.0,56.0,180.0
-40.0,-4.0,56.0,180.0
-38.0,-4.0,56.0,180.0
-36.0,-4.0,56.0,333.0
-34.0,-4.0,56.0,333.0
-32.0,-4.0,56.0,333.0
-30.0,-4.0,56.0,333.0
-28.0,-4.0,56.0,89.0
-26.0,-4.0,56.0,89.0
-24.0,-4.0,56.0,89.0
-22.0,-4.0,56.0,555.0
-12.0,-4.0,56.0,555.0
-10.0,-4.0,56.0,555.0
-8.0,-4.0,56.0,555.0
-6.0,-4.0,56.0,555.0
-4.0,-4.0,56.0,555.0
-2.0,-4.0,56.0,69.0
2.0,-4.0,56.0,69.0
4.0,-4.0,56.0,69.0
6.0,-4.0,56.0,69.0
8.0,-4.0,56.0,69.0
20.0,-4.0,56.0,343.0
22.0,-4.0,56.0,343.0
24.0,-4.0,56.0,343.0
26.0,-4.0,56.0,343.0
28.0,-4.0,56.0,343.0
30.0,-4.0,56.0,227.0
32.0,-4.0,56.0,227.0
34.0,-4.0,56.0,227.0
36.0,-4.0,56.0,227.0
38.0,-4.0,56.0,227.0
40.0,-4.0,56.0,227.0
42.0,-4.0,56.0,286.0
44.0,-4.0,56.0,286.0
46.0,-4.0,56.0,286.0
48.0,-4.0,56.0,286.0
50.0,-4.0,56.0,76.0
-50.0,-2.0,56.0,180.0
-48.0,-2.0,56.0,180.0
-46.0,-2.0,56.0,180.0
-44.0,-2.0,56.0,180.0
-42.0,-2.0,56.0,180.0
-40.0,-2.0,56.0,180.0
-34.0,-2.0,56.0,333.0
-32.0,-2.0,56.0,333.0
-30.0,-2.0,56.0,333.0
-28.0,-2.0,56.0,333.0
-26.0,-2.0,56.0,333.0
-24.0,-2.0,56.0,333.0
-22.0,-2.0,56.0,555.0
-14.0,-2.0,56.0,555.0
-12.0,-2.0,56.0,555.0
-10.0,-2.0,56.0,555.0
-8.0,-2.0,56.0,555.0
-6.0,-2.0,56.0,555.0
-4.0,-2.0,56.0,555.0
-2.0,-2.0,56.0,69.0
2.0,-2.0,56.0,69.0
4.0,-2.0,56.0,69.0
6.0,-2.0,56.0,69.0
8.0,-2.0,56.0,69.0
20.0,-2.0,56.0,424.0
22.0,-2.0,56.0,22.0
24.0,-2.0,56.0,22.0
26.0,-2.0,56.0,22.0
28.0,-2.0,56.0,227.0
30.0,-2.0,56.0,227.0
32.0,-2.0,56.0,227.0
34.0,-2.0,56.0,227.0
36.0,-2.0,56.0,227.0
38.0,-2.0,56.0,227.0
40.0,-2.0,56.0,227.0
42.0,-2.0,56.0,227.0
44.0,-2.0,56.0,286.0
46.0,-2.0,56.0,286.0
48.0,-2.0,56.0,76.0
-50.0,-0.0,56.0,180.0
-48.0,-0.0,56.0,180.0
-46.0,-0.0,56.0,180.0
-44.0,-0.0,56.0,180.0
-42.0,-0.0,56.0,180.0
-40.0,-0.0,56.0,180.0
-34.0,-0.0,56.0,333.0
-32.0,-0.0,56.0,333.0
-30.0,-0.0,56.0,333.0
-28.0,-0.0,56.0,333.0
-26.0,-0.0,56.0,333.0
-24.0,-0.0,56.0,333.0
-22.0,-0.0,56.0,555.0
-14.0,-0.0,56.0,555.0
-12.0,-0.0,56.0,555.0
-10.0,-0.0,56.0,555.0
-8.0,-0.0,56.0,555.0
-6.0,-0.0,56.0,555.0
-4.0,-0.0,56.0,555.0
2.0,-0.0,56.0,69.0
4.0,-0.0,56.0,69.0
6.0,-0.0,56.0,69.0
8.0,-0.0,56.0,69.0
18.0,-0.0,56.0,424.0
20.0,-0.0,56.0,22.0
22.0,-0.0,56.0,22.0
24.0,-0.0,56.0,22.0
26.0,-0.0,56.0,22.0
28.0,-0.0,56.0,22.0
30.0,-0.0,56.0,227.0
32.0,-0.0,56.0,227.0
34.0,-0.0,56.0,227.0
36.0,-0.0,56.0,227.0
38.0,-0.0,56.0,227.0
40.0,-0.0,56.0,227.0
42.0,-0.0,56.0,403.0
44.0,-0.0,56.0,403.0
46.0,-0.0,56.0,403.0
48.0,-0.0,56.0,76.0
-48.0,2.0,56.0,180.0
-46.0,2.0,56.0,180.0
-44.0,2.0,56.0,180.0
-42.0,2.0,56.0,180.0
-40.0,2.0,56.0,180.0
-34.0,2.0,56.0,333.0
-32.0,2.0,56.0,333.0
-30.0,2.0,56.0,333.0
-28.0,2.0,56.0,333.0
-26.0,2.0,56.0,333.0
-24.0,2.0,56.0,333.0
-22.0,2.0,56.0,555.0
-20.0,2.0,56.0,555.0
-12.0,2.0,56.0,555.0
-10.0,2.0,56.0,555.0
-8.0,2.0,56.0,555.0
-6.0,2.0,56.0,555.0
-4.0,2.0,56.0,18.0
-2.0,2.0,56.0,69.0
2.0,2.0,56.0,69.0
4.0,2.0,56.0,69.0
6.0,2.0,56.0,69.0
8.0,2.0,56.0,69.0
18.0,2.0,56.0,253.0
20.0,2.0,56.0,22.0
22.0,2.0,56.0,22.0
24.0,2.0,56.0,22.0
26.0,2.0,56.0,22.0
28.0,2.0,56.0,22.0
30.0,2.0,56.0,22.0
32.0,2.0,56.0,227.0
34.0,2.0,56.0,227.0
36.0,2.0,56.0,227.0
38.0,2.0,56.0,227.0
40.0,2.0,56.0,227.0
42.0,2.0,56.0,403.0
44.0,2.0,56.0,403.0
46.0,2.0,56.0,403.0
48.0,2.0,56.0,403.0
-48.0,4.0,56.0,180.0
-46.0,4.0,56.0,180.0
-44.0,4.0,56.0,180.0
-42.0,4.0,56.0,180.0
-40.0,4.0,56.0,333.0
-38.0,4.0,56.0,333.0
-34.0,4.0,56.0,333.0
-32.0,4.0,56.0,333.0
-30.0,4.0,56.0,333.0
-28.0,4.0,56.0,333.0
-26.0,4.0,56.0,333.0
-24.0,4.0,56.0,333.0
-22.0,4.0,56.0,555.0
-20.0,4.0,56.0,555.0
-12.0,4.0,56.0,555.0
-10.0,4.0,56.0,555.0
-8.0,4.0,56.0,555.0
-6.0,4.0,56.0,555.0
-4.0,4.0,56.0,18.0
-2.0,4.0,56.0,563.0
2.0,4.0,56.0,69.0
4.0,4.0,56.0,69.0
6.0,4.0,56.0,69.0
8.0,4.0,56.0,69.0
10.0,4.0,56.0,69.0
20.0,4.0,56.0,22.0
22.0,4.0,56.0,22.0
24.0,4.0,56.0,22.0
26.0,4.0,56.0,22.0
28.0,4.0,56.0,22.0
30.0,4.0,56.0,22.0
32.0,4.0,56.0,22.0
34.0,4.0,56.0,227.0
36.0,4.0,56.0,227.0
38.0,4.0,56.0,227.0
40.0,4.0,56.0,403.0
42.0,4.0,56.0,403.0
44.0,4.0,56.0,403.0
46.0,4.0,56.0,403.0
-48.0,6.0,56.0,180.0
-46.0,6.0,56.0,180.0
-44.0,6.0,56.0,180.0
-42.0,6.0,56.0,180.0
-40.0,6.0,56.0,333.0
-38.0,6.0,56.0,333.0
-36.0,6.0,56.0,333.0
-32.0,6.0,56.0,333.0
-30.0,6.0,56.0,333.0
-28.0,6.0,56.0,333.0
-26.0,6.0,56.0,333.0
-24.0,6.0,56.0,333.0
-22.0,6.0,56.0,555.0
-20.0,6.0,56.0,555.0
-10.0,6.0,56.0,555.0
-8.0,6.0,56.0,555.0
-6.0,6.0,56.0,555.0
-4.0,6.0,56.0,563.0
-2.0,6.0,56.0,563.0
2.0,6.0,56.0,563.0
4.0,6.0,56.0,563.0
6.0,6.0,56.0,563.0
8.0,6.0,56.0,563.0
10.0,6.0,56.0,69.0
12.0,6.0,56.0,69.0
20.0,6.0,56.0,253.0
22.0,6.0,56.0,22.0
24.0,6.0,56.0,22.0
26.0,6.0,56.0,22.0
28.0,6.0,56.0,22.0
30.0,6.0,56.0,22.0
32.0,6.0,56.0,22.0
34.0,6.0,56.0,22.0
36.0,6.0,56.0,227.0
38.0,6.0,56.0,403.0
40.0,6.0,56.0,403.0
42.0,6.0,56.0,403.0
44.0,6.0,56.0,403.0
46.0,6.0,56.0,403.0
-48.0,8.0,56.0,439.0
-46.0,8.0,56.0,439.0
-44.0,8.0,56.0,439.0
-42.0,8.0,56.0,439.0
-40.0,8.0,56.0,333.0
-38.0,8.0,56.0,333.0
-36.0,8.0,56.0,333.0
-32.0,8.0,56.0,333.0
-30.0,8.0,56.0,333.0
-28.0,8.0,56.0,333.0
-26.0,8.0,56.0,333.0
-24.0,8.0,56.0,333.0
-22.0,8.0,56.0,333.0
-20.0,8.0,56.0,555.0
-10.0,8.0,56.0,555.0
-8.0,8.0,56.0,200.0
-6.0,8.0,56.0,200.0
-4.0,8.0,56.0,563.0
2.0,8.0,56.0,563.0
4.0,8.0,56.0,563.0
6.0,8.0,56.0,563.0
8.0,8.0,56.0,563.0
10.0,8.0,56.0,563.0
12.0,8.0,56.0,253.0
22.0,8.0,56.0,22.0
24.0,8.0,56.0,22.0
26.0,8.0,56.0,22.0
28.0,8.0,56.0,22.0
30.0,8.0,56.0,22.0
32.0,8.0,56.0,22.0
34.0,8.0,56.0,22.0
36.0,8.0,56.0,470.0
38.0,8.0,56.0,403.0
40.0,8.0,56.0,403.0
42.0,8.0,56.0,403.0
44.0,8.0,56.0,403.0
46.0,8.0,56.0,403.0
-46.0,10.0,56.0,439.0
-44.0,10.0,56.0,439.0
-42.0,10.0,56.0,439.0
-40.0,10.0,56.0,333.0
-38.0,10.0,56.0,333.0
-36.0,10.0,56.0,333.0
-34.0,10.0,56.0,333.0
-32.0,10.0,56.0,333.0
-30.0,10.0,56.0,333.0
-28.0,10.0,56.0,333.0
-26.0,10.0,56.0,333.0
-24.0,10.0,56.0,333.0
-22.0,10.0,56.0,340.0
-20.0,10.0,56.0,555.0
-12.0,10.0,56.0,200.0
-10.0,10.0,56.0,200.0
-8.0,10.0,56.0,200.0
-6.0,10.0,56.0,200.0
-4.0,10.0,56.0,200.0
4.0,10.0,56.0,563.0
6.0,10.0,56.0,563.0
8.0,10.0,56.0,563.0
10.0,10.0,56.0,563.0
12.0,10.0,56.0,253.0
24.0,10.0,56.0,22.0
26.0,10.0,56.0,22.0
28.0,10.0,56.0,22.0
30.0,10.0,56.0,22.0
32.0,10.0,56.0,22.0
34.0,10.0,56.0,470.0
36.0,10.0,56.0,470.0
38.0,10.0,56.0,470.0
40.0,10.0,56.0,403.0
42.0,10.0,56.0,403.0
44.0,10.0,56.0,403.0
46.0,10.0,56.0,403.0
-46.0,12.0,56.0,439.0
-44.0,12.0,56.0,439.0
-42.0,12.0,56.0,439.0
-40.0,12.0,56.0,439.0
-38.0,12.0,56.0,333.0
-36.0,12.0,56.0,333.0
-34.0,12.0,56.0,333.0
-32.0,12.0,56.0,333.0
-30.0,12.0,56.0,333.0
-28.0,12.0,56.0,333.0
-26.0,12.0,56.0,340.0
-24.0,12.0,56.0,340.0
-22.0,12.0,56.0,340.0
-20.0,12.0,56.0,78.0
-12.0,12.0,56.0,200.0
-10.0,12.0,56.0,200.0
-8.0,12.0,56.0,200.0
-6.0,12.0,56.0,200.0
-4.0,12.0,56.0,200.0
2.0,12.0,56.0,563.0
4.0,12.0,56.0,563.0
6.0,12.0,56.0,563.0
8.0,12.0,56.0,563.0
10.0,12.0,56.0,563.0
12.0,12.0,56.0,253.0
20.0,12.0,56.0,63.0
22.0,12.0,56.0,63.0
24.0,12.0,56.0,22.0
26.0,12.0,56.0,22.0
28.0,12.0,56.0,22.0
30.0,12.0,56.0,22.0
32.0,12.0,56.0,22.0
34.0,12.0,56.0,470.0
36.0,12.0,56.0,470.0
38.0,12.0,56.0,470.0
40.0,12.0,56.0,403.0
42.0,12.0,56.0,403.0
44.0,12.0,56.0,403.0
-46.0,14.0,56.0,439.0
-44.0,14.0,56.0,439.0
-42.0,14.0,56.0,439.0
-40.0,14.0,56.0,439.0
-38.0,14.0,56.0,333.0
-36.0,14.0,56.0,333.0
-34.0,14.0,56.0,333.0
-32.0,14.0,56.0,333.0
-30.0,14.0,56.0,333.0
-28.0,14.0,56.0,78.0
-26.0,14.0,56.0,78.0
-24.0,14.0,56.0,78.0
-22.0,14.0,56.0,78.0
-20.0,14.0,56.0,78.0
-12.0,14.0,56.0,200.0
-10.0,14.0,56.0,200.0
-8.0,14.0,56.0,200.0
-6.0,14.0,56.0,200.0
-4.0,14.0,56.0,200.0
2.0,14.0,56.0,563.0
4.0,14.0,56.0,563.0
6.0,14.0,56.0,563.0
8.0,14.0,56.0,563.0
10.0,14.0,56.0,563.0
18.0,14.0,56.0,63.0
20.0,14.0,56.0,63.0
22.0,14.0,56.0,63.0
24.0,14.0,56.0,63.0
26.0,14.0,56.0,22.0
28.0,14.0,56.0,22.0
30.0,14.0,56.0,22.0
32.0,14.0,56.0,470.0
34.0,14.0,56.0,470.0
36.0,14.0,56.0,470.0
38.0,14.0,56.0,470.0
40.0,14.0,56.0,403.0
42.0,14.0,56.0,403.0
44.0,14.0,56.0,403.0
-44.0,16.0,56.0,439.0
-42.0,16.0,56.0,439.0
-40.0,16.0,56.0,439.0
-38.0,16.0,56.0,439.0
-36.0,16.0,56.0,333.0
-34.0,16.0,56.0,78.0
-32.0,16.0,56.0,78.0
-30.0,16.0,56.0,78.0
-28.0,16.0,56.0,78.0
-26.0,16.0,56.0,78.0
-24.0,16.0,56.0,78.0
-22.0,16.0,56.0,78.0
-20.0,16.0,56.0,78.0
-12.0,16.0,56.0,200.0
-10.0,16.0,56.0,200.0
-8.0,16.0,56.0,200.0
-6.0,16.0,56.0,200.0
-4.0,16.0,56.0,200.0
2.0,16.0,56.0,563.0
4.0,16.0,56.0,563.0
6.0,16.0,56.0,563.0
8.0,16.0,56.0,563.0
16.0,16.0,56.0,63.0
18.0,16.0,56.0,63.0
20.0,16.0,56.0,63.0
22.0,16.0,56.0,63.0
24.0,16.0,56.0,63.0
26.0,16.0,56.0,63.0
28.0,16.0,56.0,22.0
30.0,16.0,56.0,470.0
32.0,16.0,56.0,470.0
34.0,16.0,56.0,470.0
36.0,16.0,56.0,470.0
38.0,16.0,56.0,470.0
40.0,16.0,56.0,403.0
42.0,16.0,56.0,403.0
-42.0,18.0,56.0,439.0
-40.0,18.0,56.0,439.0
-38.0,18.0,56.0,439.0
-36.0,18.0,56.0,78.0
-34.0,18.0,56.0,78.0
-32.0,18.0,56.0,78.0
-30.0,18.0,56.0,78.0
-28.0,18.0,56.0,78.0
-26.0,18.0,56.0,78.0
-24.0,18.0,56.0,78.0
-22.0,18.0,56.0,78.0
-20.0,18.0,56.0,78.0
-12.0,18.0,56.0,200.0
-10.0,18.0,56.0,200.0
-8.0,18.0,56.0,200.0
-6.0,18.0,56.0,200.0
-4.0,18.0,56.0,200.0
2.0,18.0,56.0,563.0
4.0,18.0,56.0,563.0
6.0,18.0,56.0,563.0
8.0,18.0,56.0,563.0
16.0,18.0,56.0,63.0
18.0,18.0,56.0,63.0
20.0,18.0,56.0,63.0
22.0,18.0,56.0,63.0
24.0,18.0,56.0,63.0
26.0,18.0,56.0,63.0
28.0,18.0,56.0,63.0
30.0,18.0,56.0,470.0
32.0,18.0,56.0,470.0
34.0,18.0,56.0,470.0
36.0,18.0,56.0,470.0
38.0,18.0,56.0,470.0
40.0,18.0,56.0,470.0
-42.0,20.0,56.0,439.0
-40.0,20.0,56.0,54.0
-38.0,20.0,56.0,54.0
-36.0,20.0,56.0,54.0
-34.0,20.0,56.0,78.0
-32.0,20.0,56.0,78.0
-30.0,20.0,56.0,78.0
-28.0,20.0,56.0,78.0
-26.0,20.0,56.0,78.0
-24.0,20.0,56.0,78.0
-22.0,20.0,56.0,78.0
-16.0,20.0,56.0,78.0
-14.0,20.0,56.0,200.0
-12.0,20.0,56.0,200.0
-10.0,20.0,56.0,200.0
-8.0,20.0,56.0,200.0
-6.0,20.0,56.0,200.0
-4.0,20.0,56.0,200.0
2.0,20.0,56.0,200.0
4.0,20.0,56.0,255.0
6.0,20.0,56.0,255.0
8.0,20.0,56.0,255.0
16.0,20.0,56.0,63.0
18.0,20.0,56.0,63.0
20.0,20.0,56.0,63.0
22.0,20.0,56.0,63.0
24.0,20.0,56.0,63.0
26.0,20.0,56.0,63.0
28.0,20.0,56.0,63.0
30.0,20.0,56.0,470.0
32.0,20.0,56.0,470.0
34.0,20.0,56.0,470.0
36.0,20.0,56.0,470.0
38.0,20.0,56.0,470.0
-40.0,22.0,56.0,54.0
-38.0,22.0,56.0,54.0
-36.0,22.0,56.0,54.0
-34.0,22.0,56.0,78.0
-32.0,22.0,56.0,78.0
-30.0,22.0,56.0,78.0
-28.0,22.0,56.0,78.0
-26.0,22.0,56.0,78.0
-24.0,22.0,56.0,78.0
-22.0,22.0,56.0,78.0
-18.0,22.0,56.0,78.0
-16.0,22.0,56.0,78.0
-14.0,22.0,56.0,585.0
-12.0,22.0,56.0,585.0
-10.0,22.0,56.0,200.0
-8.0,22.0,56.0,200.0
-6.0,22.0,56.0,200.0
-4.0,22.0,56.0,200.0
-2.0,22.0,56.0,217.0
2.0,22.0,56.0,217.0
4.0,22.0,56.0,255.0
6.0,22.0,56.0,255.0
8.0,22.0,56.0,255.0
14.0,22.0,56.0,63.0
16.0,22.0,56.0,63.0
18.0,22.0,56.0,63.0
20.0,22.0,56.0,63.0
22.0,22.0,56.0,63.0
24.0,22.0,56.0,63.0
26.0,22.0,56.0,63.0
28.0,22.0,56.0,63.0
30.0,22.0,56.0,470.0
32.0,22.0,56.0,470.0
34.0,22.0,56.0,470.0
36.0,22.0,56.0,470.0
-38.0,24.0,56.0,54.0
-36.0,24.0,56.0,54.0
-34.0,24.0,56.0,78.0
-32.0,24.0,56.0,78.0
-30.0,24.0,56.0,78.0
-28.0,24.0,56.0,78.0
-26.0,24.0,56.0,78.0
-24.0,24.0,56.0,78.0
-22.0,24.0,56.0,78.0
-18.0,24.0,56.0,78.0
-16.0,24.0,56.0,78.0
-14.0,24.0,56.0,585.0
-12.0,24.0,56.0,585.0
-10.0,24.0,56.0,585.0
-8.0,24.0,56.0,217.0
-6.0,24.0,56.0,217.0
-4.0,24.0,56.0,217.0
-2.0,24.0,56.0,217.0
2.0,24.0,56.0,255.0
4.0,24.0,56.0,255.0
6.0,24.0,56.0,255.0
8.0,24.0,56.0,255.0
14.0,24.0,56.0,63.0
16.0,24.0,56.0,63.0
18.0,24.0,56.0,63.0
20.0,24.0,56.0,63.0
22.0,24.0,56.0,63.0
24.0,24.0,56.0,63.0
26.0,24.0,56.0,63.0
28.0,24.0,56.0,63.0
30.0,24.0,56.0,470.0
32.0,24.0,56.0,470.0
34.0,24.0,56.0,470.0
-36.0,26.0,56.0,1.0
-34.0,26.0,56.0,78.0
-32.0,26.0,56.0,78.0
-30.0,26.0,56.0,78.0
-28.0,26.0,56.0,78.0
-26.0,26.0,56.0,78.0
-24.0,26.0,56.0,78.0
-22.0,26.0,56.0,78.0
-20.0,26.0,56.0,78.0
-18.0,26.0,56.0,78.0
-16.0,26.0,56.0,78.0
-14.0,26.0,56.0,585.0
-12.0,26.0,56.0,585.0
-10.0,26.0,56.0,585.0
-8.0,26.0,56.0,217.0
-6.0,26.0,56.0,217.0
-4.0,26.0,56.0,217.0
-2.0,26.0,56.0,217.0
2.0,26.0,56.0,255.0
4.0,26.0,56.0,255.0
6.0,26.0,56.0,255.0
8.0,26.0,56.0,255.0
10.0,26.0,56.0,255.0
12.0,26.0,56.0,255.0
14.0,26.0,56.0,255.0
16.0,26.0,56.0,63.0
18.0,26.0,56.0,63.0
20.0,26.0,56.0,63.0
22.0,26.0,56.0,63.0
24.0,26.0,56.0,63.0
26.0,26.0,56.0,63.0
28.0,26.0,56.0,63.0
30.0,26.0,56.0,470.0
32.0,26.0,56.0,470.0
-34.0,28.0,56.0,1.0
-32.0,28.0,56.0,78.0
-30.0,28.0,56.0,78.0
-28.0,28.0,56.0,78.0
-26.0,28.0,56.0,78.0
-24.0,28.0,56.0,78.0
-22.0,28.0,56.0,78.0
-20.0,28.0,56.0,78.0
-18.0,28.0,56.0,453.0
-16.0,28.0,56.0,453.0
-14.0,28.0,56.0,585.0
-12.0,28.0,56.0,585.0
-10.0,28.0,56.0,517.0
-8.0,28.0,56.0,217.0
-6.0,28.0,56.0,217.0
-4.0,28.0,56.0,217.0
-2.0,28.0,56.0,217.0
2.0,28.0,56.0,255.0
4.0,28.0,56.0,255.0
6.0,28.0,56.0,255.0
8.0,28.0,56.0,255.0
10.0,28.0,56.0,255.0
12.0,28.0,56.0,255.0
14.0,28.0,56.0,255.0
16.0,28.0,56.0,255.0
18.0,28.0,56.0,63.0
20.0,28.0,56.0,63.0
22.0,28.0,56.0,63.0
24.0,28.0,56.0,63.0
26.0,28.0,56.0,63.0
28.0,28.0,56.0,63.0
30.0,28.0,56.0,63.0
-30.0,30.0,56.0,78.0
-28.0,30.0,56.0,78.0
-26.0,30.0,56.0,78.0
-24.0,30.0,56.0,78.0
-22.0,30.0,56.0,453.0
-20.0,30.0,56.0,453.0
-18.0,30.0,56.0,453.0
-16.0,30.0,56.0,453.0
-14.0,30.0,56.0,585.0
-12.0,30.0,56.0,517.0
-10.0,30.0,56.0,517.0
-8.0,30.0,56.0,517.0
-6.0,30.0,56.0,517.0
-4.0,30.0,56.0,517.0
-2.0,30.0,56.0,217.0
2.0,30.0,56.0,255.0
4.0,30.0,56.0,255.0
6.0,30.0,56.0,255.0
8.0,30.0,56.0,255.0
10.0,30.0,56.0,255.0
12.0,30.0,56.0,255.0
14.0,30.0,56.0,255.0
16.0,30.0,56.0,255.0
18.0,30.0,56.0,255.0
20.0,30.0,56.0,63.0
22.0,30.0,56.0,63.0
24.0,30.0,56.0,63.0
26.0,30.0,56.0,63.0
-26.0,32.0,56.0,453.0
-24.0,32.0,56.0,453.0
-22.0,32.0,56.0,453.0
-20.0,32.0,56.0,453.0
-18.0,32.0,56.0,453.0
-16.0,32.0,56.0,453.0
-14.0,32.0,56.0,517.0
-12.0,32.0,56.0,517.0
-10.0,32.0,56.0,517.0
-8.0,32.0,56.0,517.0
-6.0,32.0,56.0,517.0
-4.0,32.0,56.0,517.0
-2.0,32.0,56.0,517.0
2.0,32.0,56.0,255.0
4.0,32.0,56.0,255.0
6.0,32.0,56.0,255.0
8.0,32.0,56.0,255.0
10.0,32.0,56.0,255.0
12.0,32.0,56.0,255.0
14.0,32.0,56.0,255.0
16.0,32.0,56.0,255.0
18.0,32.0,56.0,255.0
20.0,32.0,56.0,63.0
22.0,32.0,56.0,63.0
24.0,32.0,56.0,63.0
-24.0,34.0,56.0,453.0
-22.0,34.0,56.0,453.0
-20.0,34.0,56.0,453.0
-18.0,34.0,56.0,453.0
-16.0,34.0,56.0,517.0
-14.0,34.0,56.0,517.0
-12.0,34.0,56.0,517.0
-10.0,34.0,56.0,517.0
-8.0,34.0,56.0,517.0
-6.0,34.0,56.0,517.0
-4.0,34.0,56.0,517.0
-2.0,34.0,56.0,517.0
0.0,34.0,56.0,517.0
2.0,34.0,56.0,255.0
4.0,34.0,56.0,255.0
6.0,34.0,56.0,255.0
8.0,34.0,56.0,255.0
10.0,34.0,56.0,255.0
12.0,34.0,56.0,255.0
14.0,34.0,56.0,255.0
16.0,34.0,56.0,255.0
18.0,34.0,56.0,255.0
20.0,34.0,56.0,255.0
22.0,34.0,56.0,317.0
-22.0,36.0,56.0,453.0
-20.0,36.0,56.0,453.0
-18.0,36.0,56.0,39.0
-16.0,36.0,56.0,39.0
-14.0,36.0,56.0,39.0
-12.0,36.0,56.0,39.0
-10.0,36.0,56.0,517.0
-8.0,36.0,56.0,517.0
-6.0,36.0,56.0,517.0
-4.0,36.0,56.0,517.0
-2.0,36.0,56.0,517.0
2.0,36.0,56.0,126.0
4.0,36.0,56.0,126.0
6.0,36.0,56.0,126.0
8.0,36.0,56.0,126.0
10.0,36.0,56.0,255.0
12.0,36.0,56.0,255.0
14.0,36.0,56.0,255.0
16.0,36.0,56.0,255.0
18.0,36.0,56.0,255.0
20.0,36.0,56.0,255.0
-20.0,38.0,56.0,39.0
-18.0,38.0,56.0,39.0
-16.0,38.0,56.0,39.0
-14.0,38.0,56.0,39.0
-12.0,38.0,56.0,39.0
-10.0,38.0,56.0,39.0
-8.0,38.0,56.0,39.0
-6.0,38.0,56.0,39.0
-4.0,38.0,56.0,39.0
-2.0,38.0,56.0,126.0
2.0,38.0,56.0,126.0
4.0,38.0,56.0,126.0
6.0,38.0,56.0,126.0
8.0,38.0,56.0,126.0
10.0,38.0,56.0,126.0
12.0,38.0,56.0,126.0
14.0,38.0,56.0,126.0
16.0,38.0,56.0,126.0
-14.0,40.0,56.0,39.0
-12.0,40.0,56.0,39.0
-10.0,40.0,56.0,39.0
-8.0,40.0,56.0,39.0
-6.0,40.0,56.0,39.0
-4.0,40.0,56.0,39.0
2.0,40.0,56.0,126.0
4.0,40.0,56.0,126.0
6.0,40.0,56.0,126.0
8.0,40.0,56.0,126.0
10.0,40.0,56.0,126.0
12.0,40.0,56.0,126.0
14.0,40.0,56.0,126.0
-10.0,42.0,56.0,39.0
-8.0,42.0,56.0,39.0
-6.0,42.0,56.0,39.0
6.0,42.0,56.0,126.0
8.0,42.0,56.0,126.0
-18.0,-78.0,58.0,312.0
-16.0,-78.0,58.0,312.0
-14.0,-78.0,58.0,312.0
-12.0,-78.0,58.0,155.0
-10.0,-78.0,58.0,155.0
8.0,-78.0,58.0,176.0
10.0,-78.0,58.0,176.0
12.0,-78.0,58.0,176.0
14.0,-78.0,58.0,516.0
-24.0,-76.0,58.0,312.0
-22.0,-76.0,58.0,312.0
-20.0,-76.0,58.0,312.0
-18.0,-76.0,58.0,312.0
-16.0,-76.0,58.0,312.0
-14.0,-76.0,58.0,312.0
-12.0,-76.0,58.0,155.0
-10.0,-76.0,58.0,155.0
-8.0,-76.0,58.0,155.0
4.0,-76.0,58.0,176.0
6.0,-76.0,58.0,176.0
8.0,-76.0,58.0,176.0
10.0,-76.0,58.0,176.0
12.0,-76.0,58.0,176.0
14.0,-76.0,58.0,176.0
-24.0,-74.0,58.0,312.0
-22.0,-74.0,58.0,312.0
-20.0,-74.0,58.0,312.0
-18.0,-74.0,58.0,312.0
-16.0,-74.0,58.0,312.0
-14.0,-74.0,58.0,312.0
-12.0,-74.0,58.0,155.0
-10.0,-74.0,58.0,155.0
-8.0,-74.0,58.0,155.0
-6.0,-74.0,58.0,155.0
4.0,-74.0,58.0,176.0
6.0,-74.0,58.0,176.0
8.0,-74.0,58.0,176.0
10.0,-74.0,58.0,176.0
12.0,-74.0,58.0,176.0
14.0,-74.0,58.0,176.0
16.0,-74.0,58.0,516.0
18.0,-74.0,58.0,516.0
20.0,-74.0,58.0,516.0
22.0,-74.0,58.0,516.0
24.0,-74.0,58.0,516.0
-30.0,-72.0,58.0,134.0
-28.0,-72.0,58.0,134.0
-26.0,-72.0,58.0,134.0
-24.0,-72.0,58.0,312.0
-22.0,-72.0,58.0,312.0
-20.0,-72.0,58.0,312.0
-18.0,-72.0,58.0,312.0
-16.0,-72.0,58.0,312.0
-14.0,-72.0,58.0,113.0
-12.0,-72.0,58.0,113.0
-10.0,-72.0,58.0,155.0
-8.0,-72.0,58.0,155.0
-6.0,-72.0,58.0,155.0
-4.0,-72.0,58.0,155.0
2.0,-72.0,58.0,176.0
4.0,-72.0,58.0,176.0
6.0,-72.0,58.0,176.0
8.0,-72.0,58.0,176.0
10.0,-72.0,58.0,176.0
12.0,-72.0,58.0,176.0
14.0,-72.0,58.0,176.0
16.0,-72.0,58.0,516.0
18.0,-72.0,58.0,516.0
20.0,-72.0,58.0,516.0
22.0,-72.0,58.0,516.0
24.0,-72.0,58.0,516.0
26.0,-72.0,58.0,516.0
28.0,-72.0,58.0,516.0
30.0,-72.0,58.0,516.0
-34.0,-70.0,58.0,512.0
-32.0,-70.0,58.0,134.0
-30.0,-70.0,58.0,134.0
-28.0,-70.0,58.0,134.0
-26.0,-70.0,58.0,134.0
-24.0,-70.0,58.0,134.0
-22.0,-70.0,58.0,312.0
-20.0,-70.0,58.0,312.0
-18.0,-70.0,58.0,312.0
-16.0,-70.0,58.0,113.0
-14.0,-70.0,58.0,113.0
-12.0,-70.0,58.0,113.0
-10.0,-70.0,58.0,155.0
-8.0,-70.0,58.0,155.0
-6.0,-70.0,58.0,155.0
-4.0,-70.0,58.0,155.0
-2.0,-70.0,58.0,155.0
2.0,-70.0,58.0,266.0
4.0,-70.0,58.0,176.0
6.0,-70.0,58.0,176.0
8.0,-70.0,58.0,176.0
10.0,-70.0,58.0,176.0
12.0,-70.0,58.0,176.0
14.0,-70.0,58.0,176.0
16.0,-70.0,58.0,516.0
18.0,-70.0,58.0,516.0
20.0,-70.0,58.0,516.0
22.0,-70.0,58.0,516.0
24.0,-70.0,58.0,516.0
26.0,-70.0,58.0,516.0
28.0,-70.0,58.0,516.0
30.0,-70.0,58.0,516.0
32.0,-70.0,58.0,88.0
34.0,-70.0,58.0,88.0
-36.0,-68.0,58.0,512.0
-34.0,-68.0,58.0,512.0
-32.0,-68.0,58.0,134.0
-30.0,-68.0,58.0,134.0
-28.0,-68.0,58.0,134.0
-26.0,-68.0,58.0,134.0
-24.0,-68.0,58.0,134.0
-22.0,-68.0,58.0,134.0
-20.0,-68.0,58.0,312.0
-18.0,-68.0,58.0,113.0
-16.0,-68.0,58.0,113.0
-14.0,-68.0,58.0,113.0
-12.0,-68.0,58.0,113.0
-10.0,-68.0,58.0,113.0
-8.0,-68.0,58.0,155.0
-6.0,-68.0,58.0,155.0
-4.0,-68.0,58.0,155.0
-2.0,-68.0,58.0,266.0
2.0,-68.0,58.0,266.0
4.0,-68.0,58.0,176.0
6.0,-68.0,58.0,176.0
8.0,-68.0,58.0,176.0
10.0,-68.0,58.0,176.0
12.0,-68.0,58.0,176.0
14.0,-68.0,58.0,176.0
16.0,-68.0,58.0,516.0
18.0,-68.0,58.0,516.0
20.0,-68.0,58.0,516.0
22.0,-68.0,58.0,516.0
24.0,-68.0,58.0,516.0
26.0,-68.0,58.0,561.0
28.0,-68.0,58.0,561.0
30.0,-68.0,58.0,561.0
32.0,-68.0,58.0,561.0
34.0,-68.0,58.0,387.0
36.0,-68.0,58.0,387.0
-38.0,-66.0,58.0,512.0
-36.0,-66.0,58.0,512.0
-34.0,-66.0,58.0,512.0
-32.0,-66.0,58.0,134.0
-30.0,-66.0,58.0,134.0
-28.0,-66.0,58.0,134.0
-26.0,-66.0,58.0,134.0
-24.0,-66.0,58.0,134.0
-22.0,-66.0,58.0,134.0
-20.0,-66.0,58.0,113.0
-18.0,-66.0,58.0,113.0
-16.0,-66.0,58.0,113.0
-14.0,-66.0,58.0,113.0
-12.0,-66.0,58.0,113.0
-10.0,-66.0,58.0,113.0
-8.0,-66.0,58.0,56.0
-6.0,-66.0,58.0,155.0
-4.0,-66.0,58.0,433.0
2.0,-66.0,58.0,266.0
4.0,-66.0,58.0,266.0
6.0,-66.0,58.0,176.0
8.0,-66.0,58.0,176.0
10.0,-66.0,58.0,176.0
12.0,-66.0,58.0,176.0
14.0,-66.0,58.0,176.0
16.0,-66.0,58.0,516.0
18.0,-66.0,58.0,561.0
20.0,-66.0,58.0,561.0
22.0,-66.0,58.0,561.0
24.0,-66.0,58.0,561.0
26.0,-66.0,58.0,561.0
28.0,-66.0,58.0,561.0
30.0,-66.0,58.0,561.0
32.0,-66.0,58.0,561.0
34.0,-66.0,58.0,387.0
36.0,-66.0,58.0,387.0
38.0,-66.0,58.0,387.0
-40.0,-64.0,58.0,512.0
-38.0,-64.0,58.0,512.0
-36.0,-64.0,58.0,512.0
-34.0,-64.0,58.0,512.0
-32.0,-64.0,58.0,134.0
-30.0,-64.0,58.0,134.0
-28.0,-64.0,58.0,134.0
-26.0,-64.0,58.0,134.0
-24.0,-64.0,58.0,346.0
-22.0,-64.0,58.0,346.0
-20.0,-64.0,58.0,346.0
-18.0,-64.0,58.0,113.0
-16.0,-64.0,58.0,113.0
-14.0,-64.0,58.0,113.0
-12.0,-64.0,58.0,113.0
-10.0,-64.0,58.0,113.0
-8.0,-64.0,58.0,56.0
-6.0,-64.0,58.0,433.0
-4.0,-64.0,58.0,433.0
2.0,-64.0,58.0,266.0
4.0,-64.0,58.0,266.0
6.0,-64.0,58.0,389.0
8.0,-64.0,58.0,389.0
10.0,-64.0,58.0,389.0
12.0,-64.0,58.0,389.0
14.0,-64.0,58.0,232.0
16.0,-64.0,58.0,232.0
18.0,-64.0,58.0,500.0
20.0,-64.0,58.0,500.0
22.0,-64.0,58.0,500.0
24.0,-64.0,58.0,500.0
26.0,-64.0,58.0,500.0
28.0,-64.0,58.0,500.0
30.0,-64.0,58.0,500.0
32.0,-64.0,58.0,402.0
34.0,-64.0,58.0,387.0
36.0,-64.0,58.0,387.0
38.0,-64.0,58.0,387.0
40.0,-64.0,58.0,387.0
-42.0,-62.0,58.0,599.0
-40.0,-62.0,58.0,512.0
-38.0,-62.0,58.0,512.0
-36.0,-62.0,58.0,512.0
-34.0,-62.0,58.0,512.0
-32.0,-62.0,58.0,134.0
-30.0,-62.0,58.0,134.0
-28.0,-62.0,58.0,346.0
-26.0,-62.0,58.0,346.0
-24.0,-62.0,58.0,346.0
-22.0,-62.0,58.0,346.0
-20.0,-62.0,58.0,346.0
-18.0,-62.0,58.0,113.0
-16.0,-62.0,58.0,113.0
-14.0,-62.0,58.0,113.0
-12.0,-62.0,58.0,348.0
-10.0,-62.0,58.0,348.0
-8.0,-62.0,58.0,348.0
-6.0,-62.0,58.0,348.0
-4.0,-62.0,58.0,433.0
0.0,-62.0,58.0,266.0
2.0,-62.0,58.0,266.0
4.0,-62.0,58.0,389.0
6.0,-62.0,58.0,389.0
8.0,-62.0,58.0,389.0
10.0,-62.0,58.0,389.0
12.0,-62.0,58.0,389.0
14.0,-62.0,58.0,232.0
16.0,-62.0,58.0,232.0
18.0,-62.0,58.0,500.0
20.0,-62.0,58.0,500.0
22.0,-62.0,58.0,500.0
24.0,-62.0,58.0,500.0
26.0,-62.0,58.0,500.0
28.0,-62.0,58.0,500.0
30.0,-62.0,58.0,500.0
32.0,-62.0,58.0,402.0
34.0,-62.0,58.0,387.0
36.0,-62.0,58.0,387.0
38.0,-62.0,58.0,387.0
40.0,-62.0,58.0,387.0
42.0,-62.0,58.0,387.0
-44.0,-60.0,58.0,599.0
-42.0,-60.0,58.0,599.0
-40.0,-60.0,58.0,512.0
-38.0,-60.0,58.0,512.0
-36.0,-60.0,58.0,182.0
-34.0,-60.0,58.0,182.0
-32.0,-60.0,58.0,182.0
-30.0,-60.0,58.0,182.0
-28.0,-60.0,58.0,182.0
-26.0,-60.0,58.0,182.0
-24.0,-60.0,58.0,346.0
-22.0,-60.0,58.0,346.0
-20.0,-60.0,58.0,346.0
-18.0,-60.0,58.0,113.0
-16.0,-60.0,58.0,348.0
-14.0,-60.0,58.0,348.0
-12.0,-60.0,58.0,348.0
-10.0,-60.0,58.0,348.0
-8.0,-60.0,58.0,348.0
-6.0,-60.0,58.0,348.0
-4.0,-60.0,58.0,433.0
0.0,-60.0,58.0,389.0
2.0,-60.0,58.0,389.0
4.0,-60.0,58.0,389.0
6.0,-60.0,58.0,389.0
8.0,-60.0,58.0,389.0
10.0,-60.0,58.0,389.0
12.0,-60.0,58.0,389.0
14.0,-60.0,58.0,232.0
16.0,-60.0,58.0,232.0
18.0,-60.0,58.0,500.0
20.0,-60.0,58.0,500.0
22.0,-60.0,58.0,500.0
24.0,-60.0,58.0,500.0
26.0,-60.0,58.0,500.0
28.0,-60.0,58.0,500.0
30.0,-60.0,58.0,402.0
32.0,-60.0,58.0,402.0
34.0,-60.0,58.0,402.0
36.0,-60.0,58.0,387.0
38.0,-60.0,58.0,387.0
40.0,-60.0,58.0,387.0
42.0,-60.0,58.0,387.0
44.0,-60.0,58.0,387.0
-46.0,-58.0,58.0,599.0
-44.0,-58.0,58.0,599.0
-42.0,-58.0,58.0,599.0
-40.0,-58.0,58.0,599.0
-38.0,-58.0,58.0,330.0
-36.0,-58.0,58.0,182.0
-34.0,-58.0,58.0,182.0
-32.0,-58.0,58.0,182.0
-30.0,-58.0,58.0,182.0
-28.0,-58.0,58.0,182.0
-26.0,-58.0,58.0,182.0
-24.0,-58.0,58.0,182.0
-22.0,-58.0,58.0,182.0
-20.0,-58.0,58.0,346.0
-18.0,-58.0,58.0,348.0
-16.0,-58.0,58.0,348.0
-14.0,-58.0,58.0,348.0
-12.0,-58.0,58.0,348.0
-10.0,-58.0,58.0,348.0
-8.0,-58.0,58.0,348.0
-6.0,-58.0,58.0,348.0
-4.0,-58.0,58.0,348.0
0.0,-58.0,58.0,389.0
2.0,-58.0,58.0,389.0
4.0,-58.0,58.0,389.0
6.0,-58.0,58.0,389.0
8.0,-58.0,58.0,389.0
10.0,-58.0,58.0,389.0
12.0,-58.0,58.0,232.0
14.0,-58.0,58.0,232.0
16.0,-58.0,58.0,232.0
18.0,-58.0,58.0,500.0
20.0,-58.0,58.0,500.0
22.0,-58.0,58.0,500.0
24.0,-58.0,58.0,500.0
26.0,-58.0,58.0,500.0
28.0,-58.0,58.0,500.0
30.0,-58.0,58.0,402.0
32.0,-58.0,58.0,402.0
34.0,-58.0,58.0,402.0
36.0,-58.0,58.0,574.0
38.0,-58.0,58.0,387.0
40.0,-58.0,58.0,387.0
42.0,-58.0,58.0,387.0
44.0,-58.0,58.0,387.0
46.0,-58.0,58.0,387.0
-48.0,-56.0,58.0,599.0
-46.0,-56.0,58.0,599.0
-44.0,-56.0,58.0,599.0
-42.0,-56.0,58.0,599.0
-40.0,-56.0,58.0,599.0
-38.0,-56.0,58.0,330.0
-36.0,-56.0,58.0,330.0
-34.0,-56.0,58.0,330.0
-32.0,-56.0,58.0,330.0
-30.0,-56.0,58.0,330.0
-28.0,-56.0,58.0,330.0
-26.0,-56.0,58.0,182.0
-24.0,-56.0,58.0,182.0
-22.0,-56.0,58.0,182.0
-20.0,-56.0,58.0,348.0
-18.0,-56.0,58.0,348.0
-16.0,-56.0,58.0,348.0
-14.0,-56.0,58.0,348.0
-12.0,-56.0,58.0,348.0
-10.0,-56.0,58.0,348.0
-8.0,-56.0,58.0,348.0
-6.0,-56.0,58.0,348.0
-4.0,-56.0,58.0,348.0
0.0,-56.0,58.0,389.0
2.0,-56.0,58.0,389.0
4.0,-56.0,58.0,389.0
6.0,-56.0,58.0,389.0
8.0,-56.0,58.0,389.0
10.0,-56.0,58.0,389.0
12.0,-56.0,58.0,232.0
14.0,-56.0,58.0,232.0
16.0,-56.0,58.0,232.0
18.0,-56.0,58.0,232.0
20.0,-56.0,58.0,500.0
22.0,-56.0,58.0,500.0
24.0,-56.0,58.0,500.0
26.0,-56.0,58.0,500.0
28.0,-56.0,58.0,344.0
30.0,-56.0,58.0,402.0
32.0,-56.0,58.0,402.0
34.0,-56.0,58.0,574.0
36.0,-56.0,58.0,574.0
38.0,-56.0,58.0,574.0
40.0,-56.0,58.0,387.0
42.0,-56.0,58.0,387.0
44.0,-56.0,58.0,387.0
46.0,-56.0,58.0,387.0
-48.0,-54.0,58.0,599.0
-46.0,-54.0,58.0,599.0
-44.0,-54.0,58.0,599.0
-42.0,-54.0,58.0,599.0
-40.0,-54.0,58.0,549.0
-38.0,-54.0,58.0,330.0
-36.0,-54.0,58.0,330.0
-34.0,-54.0,58.0,330.0
-32.0,-54.0,58.0,330.0
-30.0,-54.0,58.0,330.0
-28.0,-54.0,58.0,330.0
-26.0,-54.0,58.0,330.0
-24.0,-54.0,58.0,330.0
-22.0,-54.0,58.0,330.0
-20.0,-54.0,58.0,330.0
-18.0,-54.0,58.0,348.0
-16.0,-54.0,58.0,348.0
-14.0,-54.0,58.0,348.0
-12.0,-54.0,58.0,348.0
-10.0,-54.0,58.0,348.0
-8.0,-54.0,58.0,348.0
-6.0,-54.0,58.0,348.0
-4.0,-54.0,58.0,348.0
2.0,-54.0,58.0,598.0
4.0,-54.0,58.0,598.0
6.0,-54.0,58.0,389.0
8.0,-54.0,58.0,389.0
10.0,-54.0,58.0,389.0
12.0,-54.0,58.0,232.0
14.0,-54.0,58.0,232.0
16.0,-54.0,58.0,232.0
18.0,-54.0,58.0,232.0
20.0,-54.0,58.0,500.0
22.0,-54.0,58.0,500.0
24.0,-54.0,58.0,344.0
26.0,-54.0,58.0,344.0
28.0,-54.0,58.0,344.0
30.0,-54.0,58.0,344.0
32.0,-54.0,58.0,344.0
34.0,-54.0,58.0,574.0
36.0,-54.0,58.0,574.0
38.0,-54.0,58.0,574.0
40.0,-54.0,58.0,574.0
42.0,-54.0,58.0,574.0
44.0,-54.0,58.0,387.0
46.0,-54.0,58.0,387.0
48.0,-54.0,58.0,326.0
-50.0,-52.0,58.0,599.0
-48.0,-52.0,58.0,599.0
-46.0,-52.0,58.0,599.0
-44.0,-52.0,58.0,549.0
-42.0,-52.0,58.0,549.0
-40.0,-52.0,58.0,549.0
-38.0,-52.0,58.0,549.0
-36.0,-52.0,58.0,330.0
-34.0,-52.0,58.0,330.0
-32.0,-52.0,58.0,330.0
-30.0,-52.0,58.0,330.0
-28.0,-52.0,58.0,330.0
-26.0,-52.0,58.0,330.0
-24.0,-52.0,58.0,330.0
-22.0,-52.0,58.0,330.0
-20.0,-52.0,58.0,330.0
-18.0,-52.0,58.0,282.0
-16.0,-52.0,58.0,282.0
-14.0,-52.0,58.0,282.0
-12.0,-52.0,58.0,282.0
-10.0,-52.0,58.0,282.0
-8.0,-52.0,58.0,282.0
-6.0,-52.0,58.0,282.0
-4.0,-52.0,58.0,598.0
2.0,-52.0,58.0,598.0
4.0,-52.0,58.0,598.0
6.0,-52.0,58.0,598.0
8.0,-52.0,58.0,598.0
10.0,-52.0,58.0,598.0
12.0,-52.0,58.0,232.0
14.0,-52.0,58.0,232.0
16.0,-52.0,58.0,232.0
18.0,-52.0,58.0,232.0
20.0,-52.0,58.0,344.0
22.0,-52.0,58.0,344.0
24.0,-52.0,58.0,344.0
26.0,-52.0,58.0,344.0
28.0,-52.0,58.0,344.0
30.0,-52.0,58.0,344.0
32.0,-52.0,58.0,344.0
34.0,-52.0,58.0,574.0
36.0,-52.0,58.0,574.0
38.0,-52.0,58.0,574.0
40.0,-52.0,58.0,574.0
42.0,-52.0,58.0,574.0
44.0,-52.0,58.0,326.0
46.0,-52.0,58.0,326.0
48.0,-52.0,58.0,326.0
-52.0,-50.0,58.0,599.0
-50.0,-50.0,58.0,599.0
-48.0,-50.0,58.0,599.0
-46.0,-50.0,58.0,549.0
-44.0,-50.0,58.0,549.0
-42.0,-50.0,58.0,549.0
-40.0,-50.0,58.0,549.0
-38.0,-50.0,58.0,549.0
-36.0,-50.0,58.0,330.0
-34.0,-50.0,58.0,330.0
-32.0,-50.0,58.0,330.0
-30.0,-50.0,58.0,330.0
-28.0,-50.0,58.0,330.0
-26.0,-50.0,58.0,330.0
-24.0,-50.0,58.0,330.0
-22.0,-50.0,58.0,330.0
-20.0,-50.0,58.0,330.0
-18.0,-50.0,58.0,282.0
-16.0,-50.0,58.0,282.0
-14.0,-50.0,58.0,282.0
-12.0,-50.0,58.0,282.0
-10.0,-50.0,58.0,282.0
-8.0,-50.0,58.0,282.0
-6.0,-50.0,58.0,282.0
-4.0,-50.0,58.0,598.0
2.0,-50.0,58.0,598.0
4.0,-50.0,58.0,598.0
6.0,-50.0,58.0,598.0
8.0,-50.0,58.0,598.0
10.0,-50.0,58.0,598.0
12.0,-50.0,58.0,598.0
14.0,-50.0,58.0,232.0
16.0,-50.0,58.0,232.0
18.0,-50.0,58.0,232.0
20.0,-50.0,58.0,344.0
22.0,-50.0,58.0,344.0
24.0,-50.0,58.0,344.0
26.0,-50.0,58.0,344.0
28.0,-50.0,58.0,344.0
30.0,-50.0,58.0,344.0
32.0,-50.0,58.0,344.0
34.0,-50.0,58.0,344.0
36.0,-50.0,58.0,471.0
38.0,-50.0,58.0,471.0
40.0,-50.0,58.0,471.0
42.0,-50.0,58.0,471.0
44.0,-50.0,58.0,326.0
46.0,-50.0,58.0,326.0
48.0,-50.0,58.0,326.0
50.0,-50.0,58.0,326.0
-52.0,-48.0,58.0,599.0
-50.0,-48.0,58.0,599.0
-48.0,-48.0,58.0,549.0
-46.0,-48.0,58.0,549.0
-44.0,-48.0,58.0,549.0
-42.0,-48.0,58.0,549.0
-40.0,-48.0,58.0,549.0
-38.0,-48.0,58.0,549.0
-36.0,-48.0,58.0,330.0
-34.0,-48.0,58.0,330.0
-32.0,-48.0,58.0,330.0
-30.0,-48.0,58.0,330.0
-28.0,-48.0,58.0,330.0
-26.0,-48.0,58.0,330.0
-24.0,-48.0,58.0,330.0
-22.0,-48.0,58.0,330.0
-20.0,-48.0,58.0,330.0
-18.0,-48.0,58.0,282.0
-16.0,-48.0,58.0,282.0
-14.0,-48.0,58.0,282.0
-12.0,-48.0,58.0,282.0
-10.0,-48.0,58.0,282.0
-8.0,-48.0,58.0,282.0
-6.0,-48.0,58.0,282.0
-4.0,-48.0,58.0,598.0
2.0,-48.0,58.0,598.0
4.0,-48.0,58.0,598.0
6.0,-48.0,58.0,598.0
8.0,-48.0,58.0,598.0
10.0,-48.0,58.0,598.0
12.0,-48.0,58.0,598.0
14.0,-48.0,58.0,598.0
16.0,-48.0,58.0,232.0
18.0,-48.0,58.0,344.0
20.0,-48.0,58.0,344.0
22.0,-48.0,58.0,344.0
24.0,-48.0,58.0,344.0
26.0,-48.0,58.0,344.0
28.0,-48.0,58.0,344.0
30.0,-48.0,58.0,344.0
32.0,-48.0,58.0,344.0
34.0,-48.0,58.0,344.0
36.0,-48.0,58.0,471.0
38.0,-48.0,58.0,471.0
40.0,-48.0,58.0,471.0
42.0,-48.0,58.0,471.0
44.0,-48.0,58.0,326.0
46.0,-48.0,58.0,326.0
48.0,-48.0,58.0,326.0
50.0,-48.0,58.0,326.0
-52.0,-46.0,58.0,29.0
-50.0,-46.0,58.0,276.0
-48.0,-46.0,58.0,276.0
-46.0,-46.0,58.0,549.0
-44.0,-46.0,58.0,549.0
-42.0,-46.0,58.0,549.0
-40.0,-46.0,58.0,549.0
-38.0,-46.0,58.0,549.0
-36.0,-46.0,58.0,549.0
-34.0,-46.0,58.0,33.0
-32.0,-46.0,58.0,330.0
-30.0,-46.0,58.0,330.0
-28.0,-46.0,58.0,330.0
-26.0,-46.0,58.0,330.0
-24.0,-46.0,58.0,330.0
-22.0,-46.0,58.0,330.0
-20.0,-46.0,58.0,330.0
-18.0,-46.0,58.0,282.0
-16.0,-46.0,58.0,282.0
-14.0,-46.0,58.0,282.0
-12.0,-46.0,58.0,282.0
-10.0,-46.0,58.0,282.0
-8.0,-46.0,58.0,282.0
-6.0,-46.0,58.0,282.0
-4.0,-46.0,58.0,598.0
2.0,-46.0,58.0,598.0
4.0,-46.0,58.0,598.0
6.0,-46.0,58.0,598.0
8.0,-46.0,58.0,598.0
10.0,-46.0,58.0,598.0
12.0,-46.0,58.0,598.0
14.0,-46.0,58.0,598.0
16.0,-46.0,58.0,65.0
18.0,-46.0,58.0,344.0
20.0,-46.0,58.0,344.0
24.0,-46.0,58.0,344.0
26.0,-46.0,58.0,344.0
28.0,-46.0,58.0,344.0
30.0,-46.0,58.0,344.0
32.0,-46.0,58.0,344.0
34.0,-46.0,58.0,471.0
36.0,-46.0,58.0,471.0
38.0,-46.0,58.0,471.0
40.0,-46.0,58.0,471.0
42.0,-46.0,58.0,471.0
44.0,-46.0,58.0,326.0
46.0,-46.0,58.0,326.0
48.0,-46.0,58.0,326.0
50.0,-46.0,58.0,326.0
52.0,-46.0,58.0,326.0
-54.0,-44.0,58.0,29.0
-52.0,-44.0,58.0,276.0
-50.0,-44.0,58.0,276.0
-48.0,-44.0,58.0,276.0
-46.0,-44.0,58.0,276.0
-44.0,-44.0,58.0,549.0
-42.0,-44.0,58.0,549.0
-40.0,-44.0,58.0,46.0
-38.0,-44.0,58.0,46.0
-36.0,-44.0,58.0,46.0
-34.0,-44.0,58.0,33.0
-32.0,-44.0,58.0,33.0
-30.0,-44.0,58.0,33.0
-28.0,-44.0,58.0,33.0
-26.0,-44.0,58.0,33.0
-24.0,-44.0,58.0,330.0
-22.0,-44.0,58.0,330.0
-20.0,-44.0,58.0,282.0
-18.0,-44.0,58.0,282.0
-16.0,-44.0,58.0,282.0
-14.0,-44.0,58.0,282.0
-12.0,-44.0,58.0,282.0
-10.0,-44.0,58.0,282.0
-8.0,-44.0,58.0,282.0
-6.0,-44.0,58.0,313.0
-4.0,-44.0,58.0,598.0
2.0,-44.0,58.0,598.0
4.0,-44.0,58.0,598.0
6.0,-44.0,58.0,598.0
8.0,-44.0,58.0,598.0
10.0,-44.0,58.0,598.0
12.0,-44.0,58.0,598.0
14.0,-44.0,58.0,65.0
16.0,-44.0,58.0,65.0
18.0,-44.0,58.0,344.0
24.0,-44.0,58.0,344.0
26.0,-44.0,58.0,344.0
28.0,-44.0,58.0,344.0
30.0,-44.0,58.0,344.0
32.0,-44.0,58.0,344.0
34.0,-44.0,58.0,471.0
36.0,-44.0,58.0,471.0
38.0,-44.0,58.0,471.0
40.0,-44.0,58.0,471.0
42.0,-44.0,58.0,471.0
44.0,-44.0,58.0,326.0
46.0,-44.0,58.0,326.0
48.0,-44.0,58.0,326.0
50.0,-44.0,58.0,326.0
52.0,-44.0,58.0,326.0
-54.0,-42.0,58.0,29.0
-52.0,-42.0,58.0,276.0
-50.0,-42.0,58.0,276.0
-48.0,-42.0,58.0,276.0
-46.0,-42.0,58.0,276.0
-44.0,-42.0,58.0,276.0
-42.0,-42.0,58.0,46.0
-40.0,-42.0,58.0,46.0
-38.0,-42.0,58.0,46.0
-36.0,-42.0,58.0,46.0
-34.0,-42.0,58.0,33.0
-32.0,-42.0,58.0,33.0
-30.0,-42.0,58.0,33.0
-28.0,-42.0,58.0,33.0
-26.0,-42.0,58.0,33.0
-24.0,-42.0,58.0,33.0
-22.0,-42.0,58.0,33.0
-18.0,-42.0,58.0,282.0
-16.0,-42.0,58.0,282.0
-14.0,-42.0,58.0,282.0
-12.0,-42.0,58.0,282.0
-10.0,-42.0,58.0,313.0
-8.0,-42.0,58.0,313.0
-6.0,-42.0,58.0,313.0
-4.0,-42.0,58.0,313.0
2.0,-42.0,58.0,598.0
4.0,-42.0,58.0,598.0
6.0,-42.0,58.0,598.0
8.0,-42.0,58.0,598.0
10.0,-42.0,58.0,65.0
12.0,-42.0,58.0,65.0
14.0,-42.0,58.0,65.0
16.0,-42.0,58.0,65.0
18.0,-42.0,58.0,65.0
24.0,-42.0,58.0,344.0
26.0,-42.0,58.0,344.0
28.0,-42.0,58.0,344.0
30.0,-42.0,58.0,344.0
32.0,-42.0,58.0,344.0
34.0,-42.0,58.0,471.0
36.0,-42.0,58.0,471.0
38.0,-42.0,58.0,471.0
40.0,-42.0,58.0,471.0
42.0,-42.0,58.0,471.0
44.0,-42.0,58.0,326.0
46.0,-42.0,58.0,326.0
48.0,-42.0,58.0,326.0
50.0,-42.0,58.0,326.0
52.0,-42.0,58.0,326.0
-54.0,-40.0,58.0,29.0
-52.0,-40.0,58.0,276.0
-50.0,-40.0,58.0,276.0
-48.0,-40.0,58.0,276.0
-46.0,-40.0,58.0,276.0
-44.0,-40.0,58.0,276.0
-42.0,-40.0,58.0,46.0
-40.0,-40.0,58.0,46.0
-38.0,-40.0,58.0,46.0
-36.0,-40.0,58.0,46.0
-34.0,-40.0,58.0,46.0
-32.0,-40.0,58.0,33.0
-30.0,-40.0,58.0,33.0
-28.0,-40.0,58.0,33.0
-26.0,-40.0,58.0,33.0
-24.0,-40.0,58.0,33.0
-22.0,-40.0,58.0,33.0
-18.0,-40.0,58.0,511.0
-16.0,-40.0,58.0,511.0
-14.0,-40.0,58.0,511.0
-12.0,-40.0,58.0,313.0
-10.0,-40.0,58.0,313.0
-8.0,-40.0,58.0,313.0
-6.0,-40.0,58.0,313.0
-4.0,-40.0,58.0,313.0
2.0,-40.0,58.0,598.0
4.0,-40.0,58.0,598.0
6.0,-40.0,58.0,598.0
8.0,-40.0,58.0,65.0
10.0,-40.0,58.0,65.0
12.0,-40.0,58.0,65.0
14.0,-40.0,58.0,65.0
16.0,-40.0,58.0,65.0
24.0,-40.0,58.0,498.0
26.0,-40.0,58.0,344.0
28.0,-40.0,58.0,344.0
30.0,-40.0,58.0,344.0
32.0,-40.0,58.0,471.0
34.0,-40.0,58.0,471.0
36.0,-40.0,58.0,471.0
38.0,-40.0,58.0,471.0
40.0,-40.0,58.0,471.0
42.0,-40.0,58.0,471.0
44.0,-40.0,58.0,326.0
46.0,-40.0,58.0,326.0
48.0,-40.0,58.0,326.0
50.0,-40.0,58.0,326.0
52.0,-40.0,58.0,326.0
-56.0,-38.0,58.0,29.0
-54.0,-38.0,58.0,276.0
-52.0,-38.0,58.0,276.0
-50.0,-38.0,58.0,276.0
-48.0,-38.0,58.0,276.0
-46.0,-38.0,58.0,276.0
-44.0,-38.0,58.0,276.0
-42.0,-38.0,58.0,46.0
-40.0,-38.0,58.0,46.0
-38.0,-38.0,58.0,46.0
-36.0,-38.0,58.0,46.0
-34.0,-38.0,58.0,46.0
-32.0,-38.0,58.0,33.0
-30.0,-38.0,58.0,33.0
-28.0,-38.0,58.0,33.0
-26.0,-38.0,58.0,33.0
-24.0,-38.0,58.0,33.0
-16.0,-38.0,58.0,511.0
-14.0,-38.0,58.0,511.0
-12.0,-38.0,58.0,313.0
-10.0,-38.0,58.0,313.0
-8.0,-38.0,58.0,313.0
-6.0,-38.0,58.0,313.0
-4.0,-38.0,58.0,313.0
2.0,-38.0,58.0,313.0
4.0,-38.0,58.0,598.0
6.0,-38.0,58.0,65.0
8.0,-38.0,58.0,65.0
10.0,-38.0,58.0,65.0
12.0,-38.0,58.0,65.0
14.0,-38.0,58.0,65.0
16.0,-38.0,58.0,65.0
26.0,-38.0,58.0,498.0
28.0,-38.0,58.0,498.0
30.0,-38.0,58.0,520.0
32.0,-38.0,58.0,520.0
34.0,-38.0,58.0,520.0
36.0,-38.0,58.0,520.0
38.0,-38.0,58.0,471.0
40.0,-38.0,58.0,471.0
42.0,-38.0,58.0,471.0
44.0,-38.0,58.0,326.0
46.0,-38.0,58.0,326.0
48.0,-38.0,58.0,326.0
50.0,-38.0,58.0,326.0
52.0,-38.0,58.0,326.0
-56.0,-36.0,58.0,29.0
-54.0,-36.0,58.0,276.0
-52.0,-36.0,58.0,276.0
-50.0,-36.0,58.0,276.0
-48.0,-36.0,58.0,276.0
-46.0,-36.0,58.0,276.0
-44.0,-36.0,58.0,276.0
-42.0,-36.0,58.0,46.0
-40.0,-36.0,58.0,46.0
-38.0,-36.0,58.0,46.0
-36.0,-36.0,58.0,46.0
-34.0,-36.0,58.0,46.0
-32.0,-36.0,58.0,46.0
-30.0,-36.0,58.0,33.0
-28.0,-36.0,58.0,33.0
-14.0,-36.0,58.0,511.0
-12.0,-36.0,58.0,511.0
-10.0,-36.0,58.0,313.0
-8.0,-36.0,58.0,313.0
-6.0,-36.0,58.0,313.0
-4.0,-36.0,58.0,313.0
2.0,-36.0,58.0,313.0
4.0,-36.0,58.0,65.0
6.0,-36.0,58.0,65.0
8.0,-36.0,58.0,65.0
26.0,-36.0,58.0,498.0
28.0,-36.0,58.0,520.0
30.0,-36.0,58.0,520.0
32.0,-36.0,58.0,520.0
34.0,-36.0,58.0,520.0
36.0,-36.0,58.0,520.0
38.0,-36.0,58.0,520.0
40.0,-36.0,58.0,520.0
42.0,-36.0,58.0,520.0
44.0,-36.0,58.0,326.0
46.0,-36.0,58.0,326.0
48.0,-36.0,58.0,326.0
50.0,-36.0,58.0,8.0
52.0,-36.0,58.0,8.0
-56.0,-34.0,58.0,276.0
-54.0,-34.0,58.0,276.0
-52.0,-34.0,58.0,276.0
-50.0,-34.0,58.0,276.0
-48.0,-34.0,58.0,276.0
-46.0,-34.0,58.0,276.0
-44.0,-34.0,58.0,276.0
-42.0,-34.0,58.0,46.0
-40.0,-34.0,58.0,46.0
-38.0,-34.0,58.0,46.0
-36.0,-34.0,58.0,46.0
-34.0,-34.0,58.0,46.0
-32.0,-34.0,58.0,46.0
-10.0,-34.0,58.0,462.0
-8.0,-34.0,58.0,462.0
-6.0,-34.0,58.0,462.0
-4.0,-34.0,58.0,462.0
2.0,-34.0,58.0,462.0
4.0,-34.0,58.0,462.0
6.0,-34.0,58.0,65.0
8.0,-34.0,58.0,65.0
28.0,-34.0,58.0,520.0
30.0,-34.0,58.0,520.0
32.0,-34.0,58.0,520.0
34.0,-34.0,58.0,520.0
36.0,-34.0,58.0,520.0
38.0,-34.0,58.0,520.0
40.0,-34.0,58.0,520.0
42.0,-34.0,58.0,520.0
44.0,-34.0,58.0,472.0
46.0,-34.0,58.0,472.0
48.0,-34.0,58.0,8.0
50.0,-34.0,58.0,8.0
52.0,-34.0,58.0,8.0
54.0,-34.0,58.0,8.0
-56.0,-32.0,58.0,276.0
-54.0,-32.0,58.0,276.0
-52.0,-32.0,58.0,276.0
-50.0,-32.0,58.0,276.0
-48.0,-32.0,58.0,276.0
-46.0,-32.0,58.0,276.0
-44.0,-32.0,58.0,276.0
-42.0,-32.0,58.0,46.0
-40.0,-32.0,58.0,46.0
-38.0,-32.0,58.0,46.0
-36.0,-32.0,58.0,46.0
-8.0,-32.0,58.0,462.0
-6.0,-32.0,58.0,462.0
-4.0,-32.0,58.0,462.0
2.0,-32.0,58.0,462.0
4.0,-32.0,58.0,462.0
6.0,-32.0,58.0,65.0
8.0,-32.0,58.0,65.0
26.0,-32.0,58.0,520.0
28.0,-32.0,58.0,520.0
30.0,-32.0,58.0,520.0
36.0,-32.0,58.0,520.0
38.0,-32.0,58.0,520.0
40.0,-32.0,58.0,520.0
42.0,-32.0,58.0,472.0
44.0,-32.0,58.0,472.0
46.0,-32.0,58.0,472.0
48.0,-32.0,58.0,8.0
50.0,-32.0,58.0,8.0
52.0,-32.0,58.0,8.0
54.0,-32.0,58.0,8.0
-56.0,-30.0,58.0,276.0
-54.0,-30.0,58.0,276.0
-52.0,-30.0,58.0,276.0
-50.0,-30.0,58.0,276.0
-48.0,-30.0,58.0,276.0
-46.0,-30.0,58.0,276.0
-44.0,-30.0,58.0,276.0
-42.0,-30.0,58.0,46.0
-24.0,-30.0,58.0,511.0
-6.0,-30.0,58.0,462.0
-4.0,-30.0,58.0,462.0
4.0,-30.0,58.0,462.0
6.0,-30.0,58.0,462.0
8.0,-30.0,58.0,65.0
26.0,-30.0,58.0,520.0
28.0,-30.0,58.0,520.0
30.0,-30.0,58.0,520.0
40.0,-30.0,58.0,472.0
42.0,-30.0,58.0,472.0
44.0,-30.0,58.0,472.0
46.0,-30.0,58.0,472.0
48.0,-30.0,58.0,472.0
50.0,-30.0,58.0,8.0
52.0,-30.0,58.0,8.0
54.0,-30.0,58.0,8.0
-56.0,-28.0,58.0,276.0
-54.0,-28.0,58.0,276.0
-52.0,-28.0,58.0,276.0
-50.0,-28.0,58.0,276.0
-48.0,-28.0,58.0,276.0
-46.0,-28.0,58.0,276.0
-44.0,-28.0,58.0,276.0
-24.0,-28.0,58.0,511.0
-22.0,-28.0,58.0,511.0
-10.0,-28.0,58.0,462.0
-8.0,-28.0,58.0,462.0
-6.0,-28.0,58.0,462.0
4.0,-28.0,58.0,462.0
6.0,-28.0,58.0,462.0
8.0,-28.0,58.0,103.0
10.0,-28.0,58.0,226.0
26.0,-28.0,58.0,520.0
28.0,-28.0,58.0,520.0
30.0,-28.0,58.0,520.0
32.0,-28.0,58.0,520.0
42.0,-28.0,58.0,472.0
44.0,-28.0,58.0,472.0
46.0,-28.0,58.0,472.0
48.0,-28.0,58.0,472.0
50.0,-28.0,58.0,8.0
52.0,-28.0,58.0,8.0
54.0,-28.0,58.0,8.0
-56.0,-26.0,58.0,10.0
-54.0,-26.0,58.0,10.0
-52.0,-26.0,58.0,10.0
-50.0,-26.0,58.0,10.0
-48.0,-26.0,58.0,10.0
-46.0,-26.0,58.0,10.0
-24.0,-26.0,58.0,485.0
-10.0,-26.0,58.0,462.0
-8.0,-26.0,58.0,462.0
-6.0,-26.0,58.0,462.0
-4.0,-26.0,58.0,462.0
2.0,-26.0,58.0,462.0
4.0,-26.0,58.0,462.0
6.0,-26.0,58.0,462.0
8.0,-26.0,58.0,103.0
10.0,-26.0,58.0,226.0
22.0,-26.0,58.0,226.0
24.0,-26.0,58.0,226.0
26.0,-26.0,58.0,508.0
28.0,-26.0,58.0,508.0
30.0,-26.0,58.0,520.0
32.0,-26.0,58.0,520.0
44.0,-26.0,58.0,32.0
46.0,-26.0,58.0,32.0
48.0,-26.0,58.0,32.0
50.0,-26.0,58.0,8.0
52.0,-26.0,58.0,8.0
54.0,-26.0,58.0,8.0
-56.0,-24.0,58.0,10.0
-54.0,-24.0,58.0,10.0
-52.0,-24.0,58.0,10.0
-50.0,-24.0,58.0,10.0
-48.0,-24.0,58.0,10.0
-46.0,-24.0,58.0,10.0
-10.0,-24.0,58.0,462.0
-8.0,-24.0,58.0,462.0
-6.0,-24.0,58.0,462.0
-4.0,-24.0,58.0,462.0
2.0,-24.0,58.0,462.0
4.0,-24.0,58.0,130.0
6.0,-24.0,58.0,130.0
8.0,-24.0,58.0,226.0
10.0,-24.0,58.0,226.0
20.0,-24.0,58.0,226.0
22.0,-24.0,58.0,226.0
24.0,-24.0,58.0,508.0
26.0,-24.0,58.0,508.0
32.0,-24.0,58.0,398.0
46.0,-24.0,58.0,32.0
48.0,-24.0,58.0,32.0
50.0,-24.0,58.0,32.0
52.0,-24.0,58.0,8.0
54.0,-24.0,58.0,8.0
-54.0,-22.0,58.0,10.0
-52.0,-22.0,58.0,10.0
-50.0,-22.0,58.0,10.0
-48.0,-22.0,58.0,10.0
-10.0,-22.0,58.0,337.0
-8.0,-22.0,58.0,337.0
-6.0,-22.0,58.0,462.0
-4.0,-22.0,58.0,130.0
2.0,-22.0,58.0,130.0
4.0,-22.0,58.0,130.0
6.0,-22.0,58.0,130.0
8.0,-22.0,58.0,130.0
10.0,-22.0,58.0,382.0
22.0,-22.0,58.0,508.0
24.0,-22.0,58.0,508.0
48.0,-22.0,58.0,32.0
50.0,-22.0,58.0,32.0
52.0,-22.0,58.0,32.0
54.0,-22.0,58.0,8.0
-54.0,-20.0,58.0,10.0
-52.0,-20.0,58.0,10.0
-50.0,-20.0,58.0,10.0
-48.0,-20.0,58.0,10.0
-44.0,-20.0,58.0,10.0
-42.0,-20.0,58.0,10.0
-10.0,-20.0,58.0,337.0
-8.0,-20.0,58.0,130.0
-6.0,-20.0,58.0,130.0
-4.0,-20.0,58.0,130.0
2.0,-20.0,58.0,130.0
4.0,-20.0,58.0,130.0
6.0,-20.0,58.0,130.0
8.0,-20.0,58.0,130.0
10.0,-20.0,58.0,382.0
38.0,-20.0,58.0,398.0
40.0,-20.0,58.0,32.0
42.0,-20.0,58.0,32.0
44.0,-20.0,58.0,32.0
50.0,-20.0,58.0,286.0
52.0,-20.0,58.0,286.0
-54.0,-18.0,58.0,10.0
-52.0,-18.0,58.0,10.0
-50.0,-18.0,58.0,10.0
-48.0,-18.0,58.0,10.0
-44.0,-18.0,58.0,10.0
-42.0,-18.0,58.0,10.0
-40.0,-18.0,58.0,10.0
-28.0,-18.0,58.0,485.0
-26.0,-18.0,58.0,485.0
-24.0,-18.0,58.0,485.0
-10.0,-18.0,58.0,249.0
-8.0,-18.0,58.0,130.0
-6.0,-18.0,58.0,130.0
-4.0,-18.0,58.0,130.0
2.0,-18.0,58.0,130.0
4.0,-18.0,58.0,130.0
6.0,-18.0,58.0,130.0
8.0,-18.0,58.0,382.0
20.0,-18.0,58.0,508.0
22.0,-18.0,58.0,508.0
24.0,-18.0,58.0,508.0
26.0,-18.0,58.0,508.0
28.0,-18.0,58.0,508.0
38.0,-18.0,58.0,398.0
40.0,-18.0,58.0,398.0
42.0,-18.0,58.0,32.0
44.0,-18.0,58.0,32.0
46.0,-18.0,58.0,286.0
50.0,-18.0,58.0,286.0
52.0,-18.0,58.0,286.0
-54.0,-16.0,58.0,10.0
-52.0,-16.0,58.0,10.0
-50.0,-16.0,58.0,10.0
-48.0,-16.0,58.0,10.0
-46.0,-16.0,58.0,10.0
-44.0,-16.0,58.0,10.0
-42.0,-16.0,58.0,10.0
-40.0,-16.0,58.0,10.0
-30.0,-16.0,58.0,485.0
-28.0,-16.0,58.0,485.0
-26.0,-16.0,58.0,485.0
-24.0,-16.0,58.0,485.0
-22.0,-16.0,58.0,249.0
-8.0,-16.0,58.0,130.0
-6.0,-16.0,58.0,130.0
-4.0,-16.0,58.0,130.0
-2.0,-16.0,58.0,130.0
0.0,-16.0,58.0,130.0
2.0,-16.0,58.0,130.0
4.0,-16.0,58.0,130.0
6.0,-16.0,58.0,130.0
8.0,-16.0,58.0,382.0
18.0,-16.0,58.0,382.0
20.0,-16.0,58.0,508.0
22.0,-16.0,58.0,508.0
24.0,-16.0,58.0,508.0
26.0,-16.0,58.0,508.0
28.0,-16.0,58.0,508.0
30.0,-16.0,58.0,508.0
32.0,-16.0,58.0,508.0
34.0,-16.0,58.0,398.0
40.0,-16.0,58.0,398.0
42.0,-16.0,58.0,286.0
44.0,-16.0,58.0,286.0
46.0,-16.0,58.0,286.0
48.0,-16.0,58.0,286.0
-52.0,-14.0,58.0,10.0
-50.0,-14.0,58.0,10.0
-48.0,-14.0,58.0,10.0
-46.0,-14.0,58.0,10.0
-44.0,-14.0,58.0,10.0
-42.0,-14.0,58.0,10.0
-40.0,-14.0,58.0,10.0
-38.0,-14.0,58.0,10.0
-36.0,-14.0,58.0,485.0
-34.0,-14.0,58.0,485.0
-32.0,-14.0,58.0,485.0
-30.0,-14.0,58.0,485.0
-28.0,-14.0,58.0,485.0
-26.0,-14.0,58.0,485.0
-24.0,-14.0,58.0,485.0
-22.0,-14.0,58.0,249.0
-20.0,-14.0,58.0,249.0
-8.0,-14.0,58.0,130.0
-6.0,-14.0,58.0,130.0
-4.0,-14.0,58.0,130.0
-2.0,-14.0,58.0,130.0
2.0,-14.0,58.0,130.0
4.0,-14.0,58.0,130.0
6.0,-14.0,58.0,382.0
8.0,-14.0,58.0,382.0
10.0,-14.0,58.0,382.0
16.0,-14.0,58.0,382.0
18.0,-14.0,58.0,382.0
20.0,-14.0,58.0,508.0
22.0,-14.0,58.0,508.0
24.0,-14.0,58.0,508.0
26.0,-14.0,58.0,508.0
28.0,-14.0,58.0,508.0
30.0,-14.0,58.0,508.0
32.0,-14.0,58.0,508.0
34.0,-14.0,58.0,508.0
40.0,-14.0,58.0,398.0
42.0,-14.0,58.0,286.0
44.0,-14.0,58.0,286.0
46.0,-14.0,58.0,286.0
48.0,-14.0,58.0,286.0
50.0,-14.0,58.0,286.0
-50.0,-12.0,58.0,10.0
-48.0,-12.0,58.0,10.0
-46.0,-12.0,58.0,10.0
-44.0,-12.0,58.0,10.0
-42.0,-12.0,58.0,10.0
-40.0,-12.0,58.0,10.0
-38.0,-12.0,58.0,10.0
-36.0,-12.0,58.0,89.0
-34.0,-12.0,58.0,89.0
-32.0,-12.0,58.0,89.0
-30.0,-12.0,58.0,89.0
-28.0,-12.0,58.0,89.0
-26.0,-12.0,58.0,89.0
-24.0,-12.0,58.0,89.0
-22.0,-12.0,58.0,249.0
-20.0,-12.0,58.0,249.0
-18.0,-12.0,58.0,249.0
-8.0,-12.0,58.0,384.0
-6.0,-12.0,58.0,130.0
-4.0,-12.0,58.0,130.0
-2.0,-12.0,58.0,130.0
2.0,-12.0,58.0,130.0
4.0,-12.0,58.0,130.0
6.0,-12.0,58.0,382.0
8.0,-12.0,58.0,382.0
10.0,-12.0,58.0,382.0
14.0,-12.0,58.0,382.0
16.0,-12.0,58.0,382.0
18.0,-12.0,58.0,382.0
20.0,-12.0,58.0,382.0
22.0,-12.0,58.0,508.0
24.0,-12.0,58.0,508.0
26.0,-12.0,58.0,508.0
28.0,-12.0,58.0,508.0
30.0,-12.0,58.0,508.0
32.0,-12.0,58.0,508.0
34.0,-12.0,58.0,508.0
38.0,-12.0,58.0,398.0
40.0,-12.0,58.0,398.0
42.0,-12.0,58.0,286.0
44.0,-12.0,58.0,286.0
46.0,-12.0,58.0,286.0
48.0,-12.0,58.0,286.0
50.0,-12.0,58.0,286.0
-50.0,-10.0,58.0,10.0
-48.0,-10.0,58.0,10.0
-46.0,-10.0,58.0,10.0
-44.0,-10.0,58.0,10.0
-42.0,-10.0,58.0,10.0
-40.0,-10.0,58.0,10.0
-38.0,-10.0,58.0,10.0
-36.0,-10.0,58.0,89.0
-34.0,-10.0,58.0,89.0
-32.0,-10.0,58.0,89.0
-30.0,-10.0,58.0,89.0
-28.0,-10.0,58.0,89.0
-26.0,-10.0,58.0,89.0
-24.0,-10.0,58.0,89.0
-22.0,-10.0,58.0,249.0
-20.0,-10.0,58.0,249.0
-18.0,-10.0,58.0,249.0
-8.0,-10.0,58.0,384.0
-6.0,-10.0,58.0,384.0
-4.0,-10.0,58.0,130.0
-2.0,-10.0,58.0,130.0
0.0,-10.0,58.0,130.0
2.0,-10.0,58.0,130.0
4.0,-10.0,58.0,382.0
6.0,-10.0,58.0,382.0
8.0,-10.0,58.0,382.0
10.0,-10.0,58.0,382.0
12.0,-10.0,58.0,382.0
14.0,-10.0,58.0,382.0
16.0,-10.0,58.0,382.0
18.0,-10.0,58.0,382.0
20.0,-10.0,58.0,382.0
22.0,-10.0,58.0,508.0
24.0,-10.0,58.0,508.0
26.0,-10.0,58.0,508.0
28.0,-10.0,58.0,508.0
30.0,-10.0,58.0,508.0
32.0,-10.0,58.0,508.0
34.0,-10.0,58.0,508.0
36.0,-10.0,58.0,398.0
38.0,-10.0,58.0,398.0
40.0,-10.0,58.0,398.0
42.0,-10.0,58.0,286.0
44.0,-10.0,58.0,286.0
46.0,-10.0,58.0,286.0
48.0,-10.0,58.0,286.0
-50.0,-8.0,58.0,10.0
-48.0,-8.0,58.0,10.0
-46.0,-8.0,58.0,10.0
-44.0,-8.0,58.0,10.0
-42.0,-8.0,58.0,10.0
-40.0,-8.0,58.0,10.0
-38.0,-8.0,58.0,10.0
-36.0,-8.0,58.0,89.0
-34.0,-8.0,58.0,89.0
-32.0,-8.0,58.0,89.0
-30.0,-8.0,58.0,89.0
-28.0,-8.0,58.0,89.0
-26.0,-8.0,58.0,89.0
-24.0,-8.0,58.0,89.0
-22.0,-8.0,58.0,249.0
-20.0,-8.0,58.0,249.0
-18.0,-8.0,58.0,249.0
-8.0,-8.0,58.0,384.0
-6.0,-8.0,58.0,384.0
-4.0,-8.0,58.0,130.0
-2.0,-8.0,58.0,130.0
0.0,-8.0,58.0,130.0
2.0,-8.0,58.0,69.0
4.0,-8.0,58.0,69.0
6.0,-8.0,58.0,69.0
8.0,-8.0,58.0,382.0
10.0,-8.0,58.0,382.0
14.0,-8.0,58.0,382.0
16.0,-8.0,58.0,382.0
18.0,-8.0,58.0,382.0
20.0,-8.0,58.0,382.0
22.0,-8.0,58.0,508.0
24.0,-8.0,58.0,508.0
26.0,-8.0,58.0,508.0
28.0,-8.0,58.0,508.0
30.0,-8.0,58.0,508.0
32.0,-8.0,58.0,508.0
34.0,-8.0,58.0,508.0
36.0,-8.0,58.0,398.0
38.0,-8.0,58.0,398.0
40.0,-8.0,58.0,286.0
42.0,-8.0,58.0,286.0
44.0,-8.0,58.0,286.0
46.0,-8.0,58.0,286.0
48.0,-8.0,58.0,286.0
-50.0,-6.0,58.0,180.0
-48.0,-6.0,58.0,180.0
-46.0,-6.0,58.0,180.0
-44.0,-6.0,58.0,180.0
-42.0,-6.0,58.0,180.0
-40.0,-6.0,58.0,180.0
-38.0,-6.0,58.0,180.0
-36.0,-6.0,58.0,89.0
-34.0,-6.0,58.0,89.0
-32.0,-6.0,58.0,89.0
-30.0,-6.0,58.0,89.0
-28.0,-6.0,58.0,89.0
-26.0,-6.0,58.0,89.0
-24.0,-6.0,58.0,89.0
-22.0,-6.0,58.0,527.0
-20.0,-6.0,58.0,527.0
-18.0,-6.0,58.0,527.0
-10.0,-6.0,58.0,384.0
-8.0,-6.0,58.0,384.0
-6.0,-6.0,58.0,384.0
-4.0,-6.0,58.0,384.0
-2.0,-6.0,58.0,69.0
0.0,-6.0,58.0,69.0
2.0,-6.0,58.0,69.0
4.0,-6.0,58.0,69.0
6.0,-6.0,58.0,69.0
8.0,-6.0,58.0,69.0
18.0,-6.0,58.0,382.0
20.0,-6.0,58.0,382.0
22.0,-6.0,58.0,45.0
24.0,-6.0,58.0,45.0
26.0,-6.0,58.0,508.0
28.0,-6.0,58.0,508.0
30.0,-6.0,58.0,508.0
32.0,-6.0,58.0,508.0
34.0,-6.0,58.0,409.0
36.0,-6.0,58.0,409.0
38.0,-6.0,58.0,409.0
40.0,-6.0,58.0,286.0
42.0,-6.0,58.0,286.0
44.0,-6.0,58.0,286.0
46.0,-6.0,58.0,286.0
48.0,-6.0,58.0,286.0
-48.0,-4.0,58.0,180.0
-46.0,-4.0,58.0,180.0
-44.0,-4.0,58.0,180.0
-42.0,-4.0,58.0,180.0
-40.0,-4.0,58.0,180.0
-38.0,-4.0,58.0,180.0
-36.0,-4.0,58.0,333.0
-34.0,-4.0,58.0,333.0
-32.0,-4.0,58.0,333.0
-30.0,-4.0,58.0,89.0
-28.0,-4.0,58.0,89.0
-26.0,-4.0,58.0,89.0
-24.0,-4.0,58.0,89.0
-22.0,-4.0,58.0,527.0
-12.0,-4.0,58.0,555.0
-10.0,-4.0,58.0,555.0
-8.0,-4.0,58.0,555.0
-6.0,-4.0,58.0,555.0
-4.0,-4.0,58.0,555.0
-2.0,-4.0,58.0,69.0
2.0,-4.0,58.0,69.0
4.0,-4.0,58.0,69.0
6.0,-4.0,58.0,69.0
8.0,-4.0,58.0,69.0
18.0,-4.0,58.0,424.0
20.0,-4.0,58.0,424.0
22.0,-4.0,58.0,45.0
24.0,-4.0,58.0,45.0
26.0,-4.0,58.0,45.0
28.0,-4.0,58.0,45.0
30.0,-4.0,58.0,45.0
32.0,-4.0,58.0,45.0
34.0,-4.0,58.0,409.0
36.0,-4.0,58.0,409.0
38.0,-4.0,58.0,409.0
40.0,-4.0,58.0,409.0
42.0,-4.0,58.0,286.0
44.0,-4.0,58.0,286.0
46.0,-4.0,58.0,286.0
48.0,-4.0,58.0,286.0
-48.0,-2.0,58.0,180.0
-46.0,-2.0,58.0,180.0
-44.0,-2.0,58.0,180.0
-42.0,-2.0,58.0,180.0
-40.0,-2.0,58.0,180.0
-38.0,-2.0,58.0,180.0
-36.0,-2.0,58.0,333.0
-34.0,-2.0,58.0,333.0
-32.0,-2.0,58.0,333.0
-30.0,-2.0,58.0,333.0
-28.0,-2.0,58.0,333.0
-26.0,-2.0,58.0,333.0
-24.0,-2.0,58.0,527.0
-22.0,-2.0,58.0,527.0
-12.0,-2.0,58.0,555.0
-10.0,-2.0,58.0,555.0
-8.0,-2.0,58.0,555.0
-6.0,-2.0,58.0,555.0
-4.0,-2.0,58.0,18.0
2.0,-2.0,58.0,69.0
4.0,-2.0,58.0,69.0
6.0,-2.0,58.0,69.0
8.0,-2.0,58.0,69.0
20.0,-2.0,58.0,424.0
22.0,-2.0,58.0,45.0
24.0,-2.0,58.0,45.0
26.0,-2.0,58.0,45.0
28.0,-2.0,58.0,45.0
30.0,-2.0,58.0,45.0
32.0,-2.0,58.0,227.0
34.0,-2.0,58.0,227.0
36.0,-2.0,58.0,227.0
38.0,-2.0,58.0,227.0
40.0,-2.0,58.0,227.0
42.0,-2.0,58.0,286.0
44.0,-2.0,58.0,286.0
46.0,-2.0,58.0,286.0
-48.0,-0.0,58.0,180.0
-46.0,-0.0,58.0,180.0
-44.0,-0.0,58.0,180.0
-42.0,-0.0,58.0,180.0
-40.0,-0.0,58.0,180.0
-38.0,-0.0,58.0,333.0
-36.0,-0.0,58.0,333.0
-34.0,-0.0,58.0,333.0
-32.0,-0.0,58.0,333.0
-30.0,-0.0,58.0,333.0
-28.0,-0.0,58.0,333.0
-26.0,-0.0,58.0,333.0
-24.0,-0.0,58.0,333.0
-22.0,-0.0,58.0,555.0
-12.0,-0.0,58.0,555.0
-10.0,-0.0,58.0,555.0
-8.0,-0.0,58.0,555.0
-6.0,-0.0,58.0,555.0
-4.0,-0.0,58.0,18.0
2.0,-0.0,58.0,69.0
4.0,-0.0,58.0,69.0
6.0,-0.0,58.0,69.0
8.0,-0.0,58.0,69.0
20.0,-0.0,58.0,424.0
22.0,-0.0,58.0,22.0
24.0,-0.0,58.0,22.0
26.0,-0.0,58.0,22.0
28.0,-0.0,58.0,22.0
30.0,-0.0,58.0,22.0
32.0,-0.0,58.0,227.0
34.0,-0.0,58.0,227.0
36.0,-0.0,58.0,227.0
38.0,-0.0,58.0,227.0
40.0,-0.0,58.0,227.0
42.0,-0.0,58.0,403.0
44.0,-0.0,58.0,403.0
46.0,-0.0,58.0,403.0
-46.0,2.0,58.0,180.0
-44.0,2.0,58.0,180.0
-42.0,2.0,58.0,180.0
-40.0,2.0,58.0,180.0
-38.0,2.0,58.0,333.0
-36.0,2.0,58.0,333.0
-34.0,2.0,58.0,333.0
-32.0,2.0,58.0,333.0
-30.0,2.0,58.0,333.0
-28.0,2.0,58.0,333.0
-26.0,2.0,58.0,333.0
-24.0,2.0,58.0,333.0
-22.0,2.0,58.0,555.0
-20.0,2.0,58.0,555.0
-12.0,2.0,58.0,555.0
-10.0,2.0,58.0,555.0
-8.0,2.0,58.0,555.0
-6.0,2.0,58.0,18.0
-4.0,2.0,58.0,18.0
-2.0,2.0,58.0,69.0
2.0,2.0,58.0,69.0
4.0,2.0,58.0,69.0
6.0,2.0,58.0,69.0
8.0,2.0,58.0,69.0
20.0,2.0,58.0,424.0
22.0,2.0,58.0,22.0
24.0,2.0,58.0,22.0
26.0,2.0,58.0,22.0
28.0,2.0,58.0,22.0
30.0,2.0,58.0,22.0
32.0,2.0,58.0,22.0
34.0,2.0,58.0,227.0
36.0,2.0,58.0,227.0
38.0,2.0,58.0,227.0
40.0,2.0,58.0,403.0
42.0,2.0,58.0,403.0
44.0,2.0,58.0,403.0
46.0,2.0,58.0,403.0
-46.0,4.0,58.0,180.0
-44.0,4.0,58.0,180.0
-42.0,4.0,58.0,180.0
-40.0,4.0,58.0,333.0
-38.0,4.0,58.0,333.0
-36.0,4.0,58.0,333.0
-34.0,4.0,58.0,333.0
-32.0,4.0,58.0,333.0
-30.0,4.0,58.0,333.0
-28.0,4.0,58.0,333.0
-26.0,4.0,58.0,333.0
-24.0,4.0,58.0,333.0
-22.0,4.0,58.0,555.0
-20.0,4.0,58.0,555.0
-12.0,4.0,58.0,555.0
-10.0,4.0,58.0,555.0
-8.0,4.0,58.0,555.0
-6.0,4.0,58.0,18.0
-4.0,4.0,58.0,18.0
-2.0,4.0,58.0,18.0
2.0,4.0,58.0,69.0
4.0,4.0,58.0,69.0
6.0,4.0,58.0,69.0
8.0,4.0,58.0,69.0
10.0,4.0,58.0,69.0
20.0,4.0,58.0,253.0
22.0,4.0,58.0,22.0
24.0,4.0,58.0,22.0
26.0,4.0,58.0,22.0
28.0,4.0,58.0,22.0
30.0,4.0,58.0,22.0
32.0,4.0,58.0,22.0
34.0,4.0,58.0,22.0
36.0,4.0,58.0,227.0
38.0,4.0,58.0,227.0
40.0,4.0,58.0,403.0
42.0,4.0,58.0,403.0
44.0,4.0,58.0,403.0
-46.0,6.0,58.0,180.0
-44.0,6.0,58.0,180.0
-42.0,6.0,58.0,180.0
-40.0,6.0,58.0,333.0
-38.0,6.0,58.0,333.0
-36.0,6.0,58.0,333.0
-34.0,6.0,58.0,333.0
-32.0,6.0,58.0,333.0
-30.0,6.0,58.0,333.0
-28.0,6.0,58.0,333.0
-26.0,6.0,58.0,333.0
-24.0,6.0,58.0,333.0
-22.0,6.0,58.0,333.0
-20.0,6.0,58.0,555.0
-10.0,6.0,58.0,555.0
-8.0,6.0,58.0,555.0
-6.0,6.0,58.0,18.0
-4.0,6.0,58.0,18.0
2.0,6.0,58.0,563.0
4.0,6.0,58.0,563.0
6.0,6.0,58.0,69.0
8.0,6.0,58.0,69.0
10.0,6.0,58.0,69.0
20.0,6.0,58.0,253.0
22.0,6.0,58.0,22.0
24.0,6.0,58.0,22.0
26.0,6.0,58.0,22.0
28.0,6.0,58.0,22.0
30.0,6.0,58.0,22.0
32.0,6.0,58.0,22.0
34.0,6.0,58.0,22.0
36.0,6.0,58.0,22.0
38.0,6.0,58.0,403.0
40.0,6.0,58.0,403.0
42.0,6.0,58.0,403.0
44.0,6.0,58.0,403.0
-46.0,8.0,58.0,439.0
-44.0,8.0,58.0,439.0
-42.0,8.0,58.0,333.0
-40.0,8.0,58.0,333.0
-38.0,8.0,58.0,333.0
-36.0,8.0,58.0,333.0
-34.0,8.0,58.0,333.0
-32.0,8.0,58.0,333.0
-30.0,8.0,58.0,333.0
-28.0,8.0,58.0,333.0
-26.0,8.0,58.0,333.0
-24.0,8.0,58.0,333.0
-22.0,8.0,58.0,340.0
-20.0,8.0,58.0,555.0
-10.0,8.0,58.0,200.0
-8.0,8.0,58.0,200.0
-6.0,8.0,58.0,200.0
-4.0,8.0,58.0,200.0
2.0,8.0,58.0,563.0
4.0,8.0,58.0,563.0
6.0,8.0,58.0,563.0
8.0,8.0,58.0,563.0
10.0,8.0,58.0,563.0
12.0,8.0,58.0,253.0
18.0,8.0,58.0,253.0
20.0,8.0,58.0,253.0
22.0,8.0,58.0,253.0
24.0,8.0,58.0,22.0
26.0,8.0,58.0,22.0
28.0,8.0,58.0,22.0
30.0,8.0,58.0,22.0
32.0,8.0,58.0,22.0
34.0,8.0,58.0,22.0
36.0,8.0,58.0,22.0
38.0,8.0,58.0,403.0
40.0,8.0,58.0,403.0
42.0,8.0,58.0,403.0
44.0,8.0,58.0,403.0
-44.0,10.0,58.0,439.0
-42.0,10.0,58.0,439.0
-40.0,10.0,58.0,333.0
-38.0,10.0,58.0,333.0
-36.0,10.0,58.0,333.0
-34.0,10.0,58.0,333.0
-32.0,10.0,58.0,333.0
-30.0,10.0,58.0,333.0
-28.0,10.0,58.0,333.0
-26.0,10.0,58.0,340.0
-24.0,10.0,58.0,340.0
-22.0,10.0,58.0,340.0
-20.0,10.0,58.0,340.0
-12.0,10.0,58.0,200.0
-10.0,10.0,58.0,200.0
-8.0,10.0,58.0,200.0
-6.0,10.0,58.0,200.0
-4.0,10.0,58.0,200.0
2.0,10.0,58.0,563.0
4.0,10.0,58.0,563.0
6.0,10.0,58.0,563.0
8.0,10.0,58.0,563.0
10.0,10.0,58.0,563.0
12.0,10.0,58.0,253.0
18.0,10.0,58.0,253.0
20.0,10.0,58.0,253.0
22.0,10.0,58.0,253.0
24.0,10.0,58.0,22.0
26.0,10.0,58.0,22.0
28.0,10.0,58.0,22.0
30.0,10.0,58.0,22.0
32.0,10.0,58.0,22.0
34.0,10.0,58.0,22.0
36.0,10.0,58.0,470.0
38.0,10.0,58.0,403.0
40.0,10.0,58.0,403.0
42.0,10.0,58.0,403.0
44.0,10.0,58.0,403.0
-44.0,12.0,58.0,439.0
-42.0,12.0,58.0,439.0
-40.0,12.0,58.0,333.0
-38.0,12.0,58.0,333.0
-36.0,12.0,58.0,333.0
-34.0,12.0,58.0,333.0
-32.0,12.0,58.0,333.0
-30.0,12.0,58.0,333.0
-28.0,12.0,58.0,340.0
-26.0,12.0,58.0,340.0
-24.0,12.0,58.0,340.0
-22.0,12.0,58.0,340.0
-20.0,12.0,58.0,340.0
-12.0,12.0,58.0,200.0
-10.0,12.0,58.0,200.0
-8.0,12.0,58.0,200.0
-6.0,12.0,58.0,200.0
-4.0,12.0,58.0,200.0
2.0,12.0,58.0,563.0
4.0,12.0,58.0,563.0
6.0,12.0,58.0,563.0
8.0,12.0,58.0,563.0
10.0,12.0,58.0,563.0
12.0,12.0,58.0,253.0
16.0,12.0,58.0,253.0
18.0,12.0,58.0,253.0
20.0,12.0,58.0,253.0
22.0,12.0,58.0,253.0
24.0,12.0,58.0,22.0
26.0,12.0,58.0,22.0
28.0,12.0,58.0,22.0
30.0,12.0,58.0,22.0
32.0,12.0,58.0,22.0
34.0,12.0,58.0,470.0
36.0,12.0,58.0,470.0
38.0,12.0,58.0,403.0
40.0,12.0,58.0,403.0
42.0,12.0,58.0,403.0
-44.0,14.0,58.0,439.0
-42.0,14.0,58.0,439.0
-40.0,14.0,58.0,439.0
-38.0,14.0,58.0,333.0
-36.0,14.0,58.0,333.0
-34.0,14.0,58.0,333.0
-32.0,14.0,58.0,333.0
-30.0,14.0,58.0,340.0
-28.0,14.0,58.0,340.0
-26.0,14.0,58.0,340.0
-24.0,14.0,58.0,340.0
-22.0,14.0,58.0,340.0
-20.0,14.0,58.0,340.0
-18.0,14.0,58.0,340.0
-12.0,14.0,58.0,200.0
-10.0,14.0,58.0,200.0
-8.0,14.0,58.0,200.0
-6.0,14.0,58.0,200.0
-4.0,14.0,58.0,200.0
2.0,14.0,58.0,563.0
4.0,14.0,58.0,563.0
6.0,14.0,58.0,563.0
8.0,14.0,58.0,563.0
10.0,14.0,58.0,563.0
18.0,14.0,58.0,253.0
20.0,14.0,58.0,253.0
22.0,14.0,58.0,63.0
24.0,14.0,58.0,63.0
26.0,14.0,58.0,22.0
28.0,14.0,58.0,22.0
30.0,14.0,58.0,22.0
32.0,14.0,58.0,470.0
34.0,14.0,58.0,470.0
36.0,14.0,58.0,470.0
38.0,14.0,58.0,470.0
40.0,14.0,58.0,403.0
42.0,14.0,58.0,403.0
-42.0,16.0,58.0,439.0
-40.0,16.0,58.0,439.0
-38.0,16.0,58.0,333.0
-36.0,16.0,58.0,333.0
-34.0,16.0,58.0,340.0
-32.0,16.0,58.0,340.0
-30.0,16.0,58.0,340.0
-28.0,16.0,58.0,340.0
-26.0,16.0,58.0,78.0
-24.0,16.0,58.0,78.0
-22.0,16.0,58.0,78.0
-20.0,16.0,58.0,78.0
-18.0,16.0,58.0,78.0
-12.0,16.0,58.0,200.0
-10.0,16.0,58.0,200.0
-8.0,16.0,58.0,200.0
-6.0,16.0,58.0,200.0
-4.0,16.0,58.0,200.0
2.0,16.0,58.0,563.0
4.0,16.0,58.0,563.0
6.0,16.0,58.0,563.0
8.0,16.0,58.0,563.0
16.0,16.0,58.0,253.0
18.0,16.0,58.0,63.0
20.0,16.0,58.0,63.0
22.0,16.0,58.0,63.0
24.0,16.0,58.0,63.0
26.0,16.0,58.0,63.0
28.0,16.0,58.0,22.0
30.0,16.0,58.0,22.0
32.0,16.0,58.0,470.0
34.0,16.0,58.0,470.0
36.0,16.0,58.0,470.0
38.0,16.0,58.0,470.0
40.0,16.0,58.0,403.0
-40.0,18.0,58.0,439.0
-38.0,18.0,58.0,439.0
-36.0,18.0,58.0,78.0
-34.0,18.0,58.0,78.0
-32.0,18.0,58.0,78.0
-30.0,18.0,58.0,78.0
-28.0,18.0,58.0,78.0
-26.0,18.0,58.0,78.0
-24.0,18.0,58.0,78.0
-22.0,18.0,58.0,78.0
-20.0,18.0,58.0,78.0
-18.0,18.0,58.0,78.0
-16.0,18.0,58.0,200.0
-14.0,18.0,58.0,200.0
-12.0,18.0,58.0,200.0
-10.0,18.0,58.0,200.0
-8.0,18.0,58.0,200.0
-6.0,18.0,58.0,200.0
-4.0,18.0,58.0,200.0
-2.0,18.0,58.0,200.0
2.0,18.0,58.0,200.0
4.0,18.0,58.0,563.0
6.0,18.0,58.0,563.0
8.0,18.0,58.0,563.0
14.0,18.0,58.0,63.0
16.0,18.0,58.0,63.0
18.0,18.0,58.0,63.0
20.0,18.0,58.0,63.0
22.0,18.0,58.0,63.0
24.0,18.0,58.0,63.0
26.0,18.0,58.0,63.0
28.0,18.0,58.0,63.0
30.0,18.0,58.0,470.0
32.0,18.0,58.0,470.0
34.0,18.0,58.0,470.0
36.0,18.0,58.0,470.0
38.0,18.0,58.0,470.0
-38.0,20.0,58.0,54.0
-36.0,20.0,58.0,78.0
-34.0,20.0,58.0,78.0
-32.0,20.0,58.0,78.0
-30.0,20.0,58.0,78.0
-28.0,20.0,58.0,78.0
-26.0,20.0,58.0,78.0
-24.0,20.0,58.0,78.0
-22.0,20.0,58.0,78.0
-20.0,20.0,58.0,78.0
-18.0,20.0,58.0,78.0
-16.0,20.0,58.0,585.0
-14.0,20.0,58.0,585.0
-12.0,20.0,58.0,200.0
-10.0,20.0,58.0,200.0
-8.0,20.0,58.0,200.0
-6.0,20.0,58.0,200.0
-4.0,20.0,58.0,200.0
-2.0,20.0,58.0,200.0
2.0,20.0,58.0,200.0
4.0,20.0,58.0,255.0
6.0,20.0,58.0,255.0
8.0,20.0,58.0,255.0
14.0,20.0,58.0,63.0
16.0,20.0,58.0,63.0
18.0,20.0,58.0,63.0
20.0,20.0,58.0,63.0
22.0,20.0,58.0,63.0
24.0,20.0,58.0,63.0
26.0,20.0,58.0,63.0
28.0,20.0,58.0,63.0
30.0,20.0,58.0,470.0
32.0,20.0,58.0,470.0
34.0,20.0,58.0,470.0
36.0,20.0,58.0,470.0
-36.0,22.0,58.0,78.0
-34.0,22.0,58.0,78.0
-32.0,22.0,58.0,78.0
-30.0,22.0,58.0,78.0
-28.0,22.0,58.0,78.0
-26.0,22.0,58.0,78.0
-24.0,22.0,58.0,78.0
-22.0,22.0,58.0,78.0
-20.0,22.0,58.0,78.0
-18.0,22.0,58.0,78.0
-16.0,22.0,58.0,585.0
-14.0,22.0,58.0,585.0
-12.0,22.0,58.0,585.0
-10.0,22.0,58.0,585.0
-8.0,22.0,58.0,200.0
-6.0,22.0,58.0,200.0
-4.0,22.0,58.0,200.0
-2.0,22.0,58.0,200.0
2.0,22.0,58.0,255.0
4.0,22.0,58.0,255.0
6.0,22.0,58.0,255.0
8.0,22.0,58.0,255.0
12.0,22.0,58.0,63.0
14.0,22.0,58.0,63.0
16.0,22.0,58.0,63.0
18.0,22.0,58.0,63.0
20.0,22.0,58.0,63.0
22.0,22.0,58.0,63.0
24.0,22.0,58.0,63.0
26.0,22.0,58.0,63.0
28.0,22.0,58.0,63.0
30.0,22.0,58.0,470.0
32.0,22.0,58.0,470.0
34.0,22.0,58.0,470.0
-34.0,24.0,58.0,78.0
-32.0,24.0,58.0,78.0
-30.0,24.0,58.0,78.0
-28.0,24.0,58.0,78.0
-26.0,24.0,58.0,78.0
-24.0,24.0,58.0,78.0
-22.0,24.0,58.0,78.0
-20.0,24.0,58.0,78.0
-18.0,24.0,58.0,78.0
-16.0,24.0,58.0,585.0
-14.0,24.0,58.0,585.0
-12.0,24.0,58.0,585.0
-10.0,24.0,58.0,585.0
-8.0,24.0,58.0,585.0
-6.0,24.0,58.0,585.0
-4.0,24.0,58.0,217.0
-2.0,24.0,58.0,217.0
2.0,24.0,58.0,255.0
4.0,24.0,58.0,255.0
6.0,24.0,58.0,255.0
8.0,24.0,58.0,255.0
10.0,24.0,58.0,255.0
12.0,24.0,58.0,255.0
14.0,24.0,58.0,63.0
16.0,24.0,58.0,63.0
18.0,24.0,58.0,63.0
20.0,24.0,58.0,63.0
22.0,24.0,58.0,63.0
24.0,24.0,58.0,63.0
26.0,24.0,58.0,63.0
28.0,24.0,58.0,63.0
30.0,24.0,58.0,470.0
32.0,24.0,58.0,470.0
-32.0,26.0,58.0,78.0
-30.0,26.0,58.0,78.0
-28.0,26.0,58.0,78.0
-26.0,26.0,58.0,78.0
-24.0,26.0,58.0,78.0
-22.0,26.0,58.0,78.0
-20.0,26.0,58.0,78.0
-18.0,26.0,58.0,78.0
-16.0,26.0,58.0,585.0
-14.0,26.0,58.0,585.0
-12.0,26.0,58.0,585.0
-10.0,26.0,58.0,585.0
-8.0,26.0,58.0,585.0
-6.0,26.0,58.0,217.0
-4.0,26.0,58.0,217.0
-2.0,26.0,58.0,217.0
2.0,26.0,58.0,255.0
4.0,26.0,58.0,255.0
6.0,26.0,58.0,255.0
8.0,26.0,58.0,255.0
10.0,26.0,58.0,255.0
12.0,26.0,58.0,255.0
14.0,26.0,58.0,255.0
16.0,26.0,58.0,63.0
18.0,26.0,58.0,63.0
20.0,26.0,58.0,63.0
22.0,26.0,58.0,63.0
24.0,26.0,58.0,63.0
26.0,26.0,58.0,63.0
28.0,26.0,58.0,63.0
30.0,26.0,58.0,63.0
-30.0,28.0,58.0,78.0
-28.0,28.0,58.0,78.0
-26.0,28.0,58.0,78.0
-24.0,28.0,58.0,78.0
-22.0,28.0,58.0,78.0
-20.0,28.0,58.0,78.0
-18.0,28.0,58.0,78.0
-16.0,28.0,58.0,585.0
-14.0,28.0,58.0,585.0
-12.0,28.0,58.0,585.0
-10.0,28.0,58.0,585.0
-8.0,28.0,58.0,517.0
-6.0,28.0,58.0,517.0
-4.0,28.0,58.0,517.0
-2.0,28.0,58.0,217.0
2.0,28.0,58.0,255.0
4.0,28.0,58.0,255.0
6.0,28.0,58.0,255.0
8.0,28.0,58.0,255.0
10.0,28.0,58.0,255.0
12.0,28.0,58.0,255.0
14.0,28.0,58.0,255.0
16.0,28.0,58.0,255.0
18.0,28.0,58.0,63.0
20.0,28.0,58.0,63.0
22.0,28.0,58.0,63.0
24.0,28.0,58.0,63.0
26.0,28.0,58.0,63.0
-26.0,30.0,58.0,78.0
-24.0,30.0,58.0,78.0
-22.0,30.0,58.0,78.0
-20.0,30.0,58.0,78.0
-18.0,30.0,58.0,453.0
-16.0,30.0,58.0,585.0
-14.0,30.0,58.0,585.0
-12.0,30.0,58.0,585.0
-10.0,30.0,58.0,517.0
-8.0,30.0,58.0,517.0
-6.0,30.0,58.0,517.0
-4.0,30.0,58.0,517.0
-2.0,30.0,58.0,517.0
2.0,30.0,58.0,255.0
4.0,30.0,58.0,255.0
6.0,30.0,58.0,255.0
8.0,30.0,58.0,255.0
10.0,30.0,58.0,255.0
12.0,30.0,58.0,255.0
14.0,30.0,58.0,255.0
16.0,30.0,58.0,255.0
18.0,30.0,58.0,255.0
20.0,30.0,58.0,63.0
22.0,30.0,58.0,63.0
24.0,30.0,58.0,63.0
-24.0,32.0,58.0,78.0
-22.0,32.0,58.0,453.0
-20.0,32.0,58.0,453.0
-18.0,32.0,58.0,453.0
-16.0,32.0,58.0,585.0
-14.0,32.0,58.0,517.0
-12.0,32.0,58.0,517.0
-10.0,32.0,58.0,517.0
-8.0,32.0,58.0,517.0
-6.0,32.0,58.0,517.0
-4.0,32.0,58.0,517.0
-2.0,32.0,58.0,517.0
2.0,32.0,58.0,255.0
4.0,32.0,58.0,255.0
6.0,32.0,58.0,255.0
8.0,32.0,58.0,255.0
10.0,32.0,58.0,255.0
12.0,32.0,58.0,255.0
14.0,32.0,58.0,255.0
16.0,32.0,58.0,255.0
18.0,32.0,58.0,255.0
20.0,32.0,58.0,255.0
22.0,32.0,58.0,63.0
-22.0,34.0,58.0,453.0
-20.0,34.0,58.0,453.0
-18.0,34.0,58.0,453.0
-16.0,34.0,58.0,517.0
-14.0,34.0,58.0,517.0
-12.0,34.0,58.0,517.0
-10.0,34.0,58.0,517.0
-8.0,34.0,58.0,517.0
-6.0,34.0,58.0,517.0
-4.0,34.0,58.0,517.0
-2.0,34.0,58.0,517.0
2.0,34.0,58.0,255.0
4.0,34.0,58.0,255.0
6.0,34.0,58.0,255.0
8.0,34.0,58.0,255.0
10.0,34.0,58.0,255.0
12.0,34.0,58.0,255.0
14.0,34.0,58.0,255.0
16.0,34.0,58.0,255.0
18.0,34.0,58.0,255.0
-18.0,36.0,58.0,39.0
-16.0,36.0,58.0,39.0
-14.0,36.0,58.0,39.0
-12.0,36.0,58.0,517.0
-10.0,36.0,58.0,517.0
-8.0,36.0,58.0,517.0
-6.0,36.0,58.0,517.0
-4.0,36.0,58.0,517.0
-2.0,36.0,58.0,517.0
2.0,36.0,58.0,126.0
4.0,36.0,58.0,126.0
6.0,36.0,58.0,126.0
8.0,36.0,58.0,126.0
10.0,36.0,58.0,255.0
12.0,36.0,58.0,255.0
14.0,36.0,58.0,255.0
-14.0,38.0,58.0,39.0
-12.0,38.0,58.0,39.0
-10.0,38.0,58.0,39.0
-8.0,38.0,58.0,39.0
-6.0,38.0,58.0,39.0
-4.0,38.0,58.0,517.0
2.0,38.0,58.0,126.0
4.0,38.0,58.0,126.0
6.0,38.0,58.0,126.0
8.0,38.0,58.0,126.0
10.0,38.0,58.0,126.0
-10.0,40.0,58.0,39.0
-8.0,40.0,58.0,39.0
4.0,40.0,58.0,126.0
6.0,40.0,58.0,126.0
-20.0,-76.0,60.0,312.0
-18.0,-76.0,60.0,312.0
-16.0,-76.0,60.0,312.0
-14.0,-76.0,60.0,312.0
6.0,-76.0,60.0,176.0
8.0,-76.0,60.0,176.0
10.0,-76.0,60.0,176.0
12.0,-76.0,60.0,176.0
14.0,-76.0,60.0,516.0
-24.0,-74.0,60.0,312.0
-22.0,-74.0,60.0,312.0
-20.0,-74.0,60.0,312.0
-18.0,-74.0,60.0,312.0
-16.0,-74.0,60.0,312.0
-14.0,-74.0,60.0,113.0
-12.0,-74.0,60.0,113.0
-10.0,-74.0,60.0,155.0
-8.0,-74.0,60.0,155.0
-6.0,-74.0,60.0,155.0
4.0,-74.0,60.0,176.0
6.0,-74.0,60.0,176.0
8.0,-74.0,60.0,176.0
10.0,-74.0,60.0,176.0
12.0,-74.0,60.0,176.0
14.0,-74.0,60.0,516.0
16.0,-74.0,60.0,516.0
18.0,-74.0,60.0,516.0
20.0,-74.0,60.0,516.0
22.0,-74.0,60.0,516.0
-28.0,-72.0,60.0,134.0
-26.0,-72.0,60.0,134.0
-24.0,-72.0,60.0,134.0
-22.0,-72.0,60.0,312.0
-20.0,-72.0,60.0,312.0
-18.0,-72.0,60.0,312.0
-16.0,-72.0,60.0,113.0
-14.0,-72.0,60.0,113.0
-12.0,-72.0,60.0,113.0
-10.0,-72.0,60.0,113.0
-8.0,-72.0,60.0,155.0
-6.0,-72.0,60.0,155.0
4.0,-72.0,60.0,176.0
6.0,-72.0,60.0,176.0
8.0,-72.0,60.0,176.0
10.0,-72.0,60.0,176.0
12.0,-72.0,60.0,176.0
14.0,-72.0,60.0,516.0
16.0,-72.0,60.0,516.0
18.0,-72.0,60.0,516.0
20.0,-72.0,60.0,516.0
22.0,-72.0,60.0,516.0
24.0,-72.0,60.0,516.0
26.0,-72.0,60.0,516.0
-30.0,-70.0,60.0,134.0
-28.0,-70.0,60.0,134.0
-26.0,-70.0,60.0,134.0
-24.0,-70.0,60.0,134.0
-22.0,-70.0,60.0,134.0
-20.0,-70.0,60.0,312.0
-18.0,-70.0,60.0,113.0
-16.0,-70.0,60.0,113.0
-14.0,-70.0,60.0,113.0
-12.0,-70.0,60.0,113.0
-10.0,-70.0,60.0,113.0
-8.0,-70.0,60.0,155.0
-6.0,-70.0,60.0,155.0
-4.0,-70.0,60.0,155.0
2.0,-70.0,60.0,176.0
4.0,-70.0,60.0,176.0
6.0,-70.0,60.0,176.0
8.0,-70.0,60.0,176.0
10.0,-70.0,60.0,176.0
12.0,-70.0,60.0,176.0
14.0,-70.0,60.0,516.0
16.0,-70.0,60.0,516.0
18.0,-70.0,60.0,516.0
20.0,-70.0,60.0,516.0
22.0,-70.0,60.0,516.0
24.0,-70.0,60.0,516.0
26.0,-70.0,60.0,516.0
28.0,-70.0,60.0,516.0
30.0,-70.0,60.0,516.0
-34.0,-68.0,60.0,134.0
-32.0,-68.0,60.0,134.0
-30.0,-68.0,60.0,134.0
-28.0,-68.0,60.0,134.0
-26.0,-68.0,60.0,134.0
-24.0,-68.0,60.0,134.0
-22.0,-68.0,60.0,134.0
-20.0,-68.0,60.0,113.0
-18.0,-68.0,60.0,113.0
-16.0,-68.0,60.0,113.0
-14.0,-68.0,60.0,113.0
-12.0,-68.0,60.0,113.0
-10.0,-68.0,60.0,113.0
-8.0,-68.0,60.0,113.0
-6.0,-68.0,60.0,155.0
-4.0,-68.0,60.0,155.0
2.0,-68.0,60.0,266.0
4.0,-68.0,60.0,176.0
6.0,-68.0,60.0,176.0
8.0,-68.0,60.0,176.0
10.0,-68.0,60.0,176.0
12.0,-68.0,60.0,176.0
14.0,-68.0,60.0,176.0
16.0,-68.0,60.0,516.0
18.0,-68.0,60.0,516.0
20.0,-68.0,60.0,516.0
22.0,-68.0,60.0,516.0
24.0,-68.0,60.0,516.0
26.0,-68.0,60.0,516.0
28.0,-68.0,60.0,516.0
30.0,-68.0,60.0,516.0
32.0,-68.0,60.0,500.0
34.0,-68.0,60.0,387.0
-36.0,-66.0,60.0,134.0
-34.0,-66.0,60.0,134.0
-32.0,-66.0,60.0,134.0
-30.0,-66.0,60.0,134.0
-28.0,-66.0,60.0,134.0
-26.0,-66.0,60.0,134.0
-24.0,-66.0,60.0,134.0
-22.0,-66.0,60.0,134.0
-20.0,-66.0,60.0,113.0
-18.0,-66.0,60.0,113.0
-16.0,-66.0,60.0,113.0
-14.0,-66.0,60.0,113.0
-12.0,-66.0,60.0,113.0
-10.0,-66.0,60.0,113.0
-8.0,-66.0,60.0,113.0
-6.0,-66.0,60.0,155.0
-4.0,-66.0,60.0,266.0
2.0,-66.0,60.0,266.0
4.0,-66.0,60.0,176.0
6.0,-66.0,60.0,176.0
8.0,-66.0,60.0,176.0
10.0,-66.0,60.0,176.0
12.0,-66.0,60.0,176.0
14.0,-66.0,60.0,176.0
16.0,-66.0,60.0,516.0
18.0,-66.0,60.0,516.0
20.0,-66.0,60.0,516.0
22.0,-66.0,60.0,500.0
24.0,-66.0,60.0,500.0
26.0,-66.0,60.0,500.0
28.0,-66.0,60.0,500.0
30.0,-66.0,60.0,500.0
32.0,-66.0,60.0,500.0
34.0,-66.0,60.0,387.0
36.0,-66.0,60.0,387.0
-38.0,-64.0,60.0,512.0
-36.0,-64.0,60.0,134.0
-34.0,-64.0,60.0,134.0
-32.0,-64.0,60.0,134.0
-30.0,-64.0,60.0,134.0
-28.0,-64.0,60.0,134.0
-26.0,-64.0,60.0,134.0
-24.0,-64.0,60.0,134.0
-22.0,-64.0,60.0,134.0
-20.0,-64.0,60.0,113.0
-18.0,-64.0,60.0,113.0
-16.0,-64.0,60.0,113.0
-14.0,-64.0,60.0,113.0
-12.0,-64.0,60.0,113.0
-10.0,-64.0,60.0,113.0
-8.0,-64.0,60.0,348.0
-6.0,-64.0,60.0,348.0
-4.0,-64.0,60.0,433.0
2.0,-64.0,60.0,266.0
4.0,-64.0,60.0,389.0
6.0,-64.0,60.0,389.0
8.0,-64.0,60.0,389.0
10.0,-64.0,60.0,389.0
12.0,-64.0,60.0,389.0
14.0,-64.0,60.0,232.0
16.0,-64.0,60.0,232.0
18.0,-64.0,60.0,500.0
20.0,-64.0,60.0,500.0
22.0,-64.0,60.0,500.0
24.0,-64.0,60.0,500.0
26.0,-64.0,60.0,500.0
28.0,-64.0,60.0,500.0
30.0,-64.0,60.0,500.0
32.0,-64.0,60.0,500.0
34.0,-64.0,60.0,387.0
36.0,-64.0,60.0,387.0
38.0,-64.0,60.0,387.0
-40.0,-62.0,60.0,512.0
-38.0,-62.0,60.0,512.0
-36.0,-62.0,60.0,134.0
-34.0,-62.0,60.0,134.0
-32.0,-62.0,60.0,134.0
-30.0,-62.0,60.0,134.0
-28.0,-62.0,60.0,134.0
-26.0,-62.0,60.0,134.0
-24.0,-62.0,60.0,134.0
-22.0,-62.0,60.0,346.0
-20.0,-62.0,60.0,113.0
-18.0,-62.0,60.0,113.0
-16.0,-62.0,60.0,113.0
-14.0,-62.0,60.0,113.0
-12.0,-62.0,60.0,348.0
-10.0,-62.0,60.0,348.0
-8.0,-62.0,60.0,348.0
-6.0,-62.0,60.0,348.0
-4.0,-62.0,60.0,348.0
2.0,-62.0,60.0,389.0
4.0,-62.0,60.0,389.0
6.0,-62.0,60.0,389.0
8.0,-62.0,60.0,389.0
10.0,-62.0,60.0,389.0
12.0,-62.0,60.0,232.0
14.0,-62.0,60.0,232.0
16.0,-62.0,60.0,232.0
18.0,-62.0,60.0,500.0
20.0,-62.0,60.0,500.0
22.0,-62.0,60.0,500.0
24.0,-62.0,60.0,500.0
26.0,-62.0,60.0,500.0
28.0,-62.0,60.0,500.0
30.0,-62.0,60.0,500.0
32.0,-62.0,60.0,402.0
34.0,-62.0,60.0,387.0
36.0,-62.0,60.0,387.0
38.0,-62.0,60.0,387.0
40.0,-62.0,60.0,387.0
-40.0,-60.0,60.0,87.0
-38.0,-60.0,60.0,87.0
-36.0,-60.0,60.0,87.0
-34.0,-60.0,60.0,134.0
-32.0,-60.0,60.0,134.0
-30.0,-60.0,60.0,134.0
-28.0,-60.0,60.0,134.0
-26.0,-60.0,60.0,346.0
-24.0,-60.0,60.0,346.0
-22.0,-60.0,60.0,346.0
-20.0,-60.0,60.0,113.0
-18.0,-60.0,60.0,113.0
-16.0,-60.0,60.0,348.0
-14.0,-60.0,60.0,348.0
-12.0,-60.0,60.0,348.0
-10.0,-60.0,60.0,348.0
-8.0,-60.0,60.0,348.0
-6.0,-60.0,60.0,348.0
-4.0,-60.0,60.0,348.0
2.0,-60.0,60.0,389.0
4.0,-60.0,60.0,389.0
6.0,-60.0,60.0,389.0
8.0,-60.0,60.0,389.0
10.0,-60.0,60.0,389.0
12.0,-60.0,60.0,232.0
14.0,-60.0,60.0,232.0
16.0,-60.0,60.0,232.0
18.0,-60.0,60.0,500.0
20.0,-60.0,60.0,500.0
22.0,-60.0,60.0,500.0
24.0,-60.0,60.0,500.0
26.0,-60.0,60.0,500.0
28.0,-60.0,60.0,500.0
30.0,-60.0,60.0,500.0
32.0,-60.0,60.0,574.0
34.0,-60.0,60.0,574.0
36.0,-60.0,60.0,574.0
38.0,-60.0,60.0,387.0
40.0,-60.0,60.0,387.0
-42.0,-58.0,60.0,599.0
-40.0,-58.0,60.0,87.0
-38.0,-58.0,60.0,87.0
-36.0,-58.0,60.0,330.0
-34.0,-58.0,60.0,330.0
-32.0,-58.0,60.0,330.0
-30.0,-58.0,60.0,330.0
-28.0,-58.0,60.0,330.0
-26.0,-58.0,60.0,182.0
-24.0,-58.0,60.0,182.0
-22.0,-58.0,60.0,346.0
-20.0,-58.0,60.0,348.0
-18.0,-58.0,60.0,348.0
-16.0,-58.0,60.0,348.0
-14.0,-58.0,60.0,348.0
-12.0,-58.0,60.0,348.0
-10.0,-58.0,60.0,348.0
-8.0,-58.0,60.0,348.0
-6.0,-58.0,60.0,348.0
-4.0,-58.0,60.0,348.0
2.0,-58.0,60.0,389.0
4.0,-58.0,60.0,389.0
6.0,-58.0,60.0,389.0
8.0,-58.0,60.0,389.0
10.0,-58.0,60.0,389.0
12.0,-58.0,60.0,232.0
14.0,-58.0,60.0,232.0
16.0,-58.0,60.0,232.0
18.0,-58.0,60.0,232.0
20.0,-58.0,60.0,500.0
22.0,-58.0,60.0,500.0
24.0,-58.0,60.0,500.0
26.0,-58.0,60.0,500.0
28.0,-58.0,60.0,500.0
30.0,-58.0,60.0,500.0
32.0,-58.0,60.0,574.0
34.0,-58.0,60.0,574.0
36.0,-58.0,60.0,574.0
38.0,-58.0,60.0,574.0
40.0,-58.0,60.0,387.0
42.0,-58.0,60.0,387.0
-44.0,-56.0,60.0,599.0
-42.0,-56.0,60.0,599.0
-40.0,-56.0,60.0,330.0
-38.0,-56.0,60.0,330.0
-36.0,-56.0,60.0,330.0
-34.0,-56.0,60.0,330.0
-32.0,-56.0,60.0,330.0
-30.0,-56.0,60.0,330.0
-28.0,-56.0,60.0,330.0
-26.0,-56.0,60.0,330.0
-24.0,-56.0,60.0,330.0
-22.0,-56.0,60.0,330.0
-20.0,-56.0,60.0,348.0
-18.0,-56.0,60.0,348.0
-16.0,-56.0,60.0,348.0
-14.0,-56.0,60.0,348.0
-12.0,-56.0,60.0,348.0
-10.0,-56.0,60.0,348.0
-8.0,-56.0,60.0,348.0
-6.0,-56.0,60.0,348.0
-4.0,-56.0,60.0,348.0
2.0,-56.0,60.0,389.0
4.0,-56.0,60.0,389.0
6.0,-56.0,60.0,389.0
8.0,-56.0,60.0,389.0
10.0,-56.0,60.0,232.0
12.0,-56.0,60.0,232.0
14.0,-56.0,60.0,232.0
16.0,-56.0,60.0,232.0
18.0,-56.0,60.0,232.0
20.0,-56.0,60.0,500.0
22.0,-56.0,60.0,500.0
24.0,-56.0,60.0,500.0
26.0,-56.0,60.0,500.0
28.0,-56.0,60.0,344.0
30.0,-56.0,60.0,344.0
32.0,-56.0,60.0,574.0
34.0,-56.0,60.0,574.0
36.0,-56.0,60.0,574.0
38.0,-56.0,60.0,574.0
40.0,-56.0,60.0,574.0
42.0,-56.0,60.0,574.0
44.0,-56.0,60.0,387.0
-46.0,-54.0,60.0,599.0
-44.0,-54.0,60.0,599.0
-42.0,-54.0,60.0,549.0
-40.0,-54.0,60.0,330.0
-38.0,-54.0,60.0,330.0
-36.0,-54.0,60.0,330.0
-34.0,-54.0,60.0,330.0
-32.0,-54.0,60.0,330.0
-30.0,-54.0,60.0,330.0
-28.0,-54.0,60.0,330.0
-26.0,-54.0,60.0,330.0
-24.0,-54.0,60.0,330.0
-22.0,-54.0,60.0,330.0
-20.0,-54.0,60.0,330.0
-18.0,-54.0,60.0,348.0
-16.0,-54.0,60.0,348.0
-14.0,-54.0,60.0,348.0
-12.0,-54.0,60.0,348.0
-10.0,-54.0,60.0,348.0
-8.0,-54.0,60.0,348.0
-6.0,-54.0,60.0,348.0
-4.0,-54.0,60.0,348.0
4.0,-54.0,60.0,598.0
6.0,-54.0,60.0,389.0
8.0,-54.0,60.0,389.0
10.0,-54.0,60.0,232.0
12.0,-54.0,60.0,232.0
14.0,-54.0,60.0,232.0
16.0,-54.0,60.0,232.0
18.0,-54.0,60.0,232.0
20.0,-54.0,60.0,500.0
22.0,-54.0,60.0,500.0
24.0,-54.0,60.0,500.0
26.0,-54.0,60.0,344.0
28.0,-54.0,60.0,344.0
30.0,-54.0,60.0,344.0
32.0,-54.0,60.0,574.0
34.0,-54.0,60.0,574.0
36.0,-54.0,60.0,574.0
38.0,-54.0,60.0,574.0
40.0,-54.0,60.0,574.0
42.0,-54.0,60.0,574.0
44.0,-54.0,60.0,574.0
-46.0,-52.0,60.0,599.0
-44.0,-52.0,60.0,549.0
-42.0,-52.0,60.0,549.0
-40.0,-52.0,60.0,549.0
-38.0,-52.0,60.0,330.0
-36.0,-52.0,60.0,330.0
-34.0,-52.0,60.0,330.0
-32.0,-52.0,60.0,330.0
-30.0,-52.0,60.0,330.0
-28.0,-52.0,60.0,330.0
-26.0,-52.0,60.0,330.0
-24.0,-52.0,60.0,330.0
-22.0,-52.0,60.0,330.0
-20.0,-52.0,60.0,330.0
-18.0,-52.0,60.0,348.0
-16.0,-52.0,60.0,348.0
-14.0,-52.0,60.0,348.0
-12.0,-52.0,60.0,348.0
-10.0,-52.0,60.0,348.0
-8.0,-52.0,60.0,348.0
-6.0,-52.0,60.0,348.0
-4.0,-52.0,60.0,598.0
2.0,-52.0,60.0,598.0
4.0,-52.0,60.0,598.0
6.0,-52.0,60.0,598.0
8.0,-52.0,60.0,598.0
10.0,-52.0,60.0,232.0
12.0,-52.0,60.0,232.0
14.0,-52.0,60.0,232.0
16.0,-52.0,60.0,232.0
18.0,-52.0,60.0,232.0
20.0,-52.0,60.0,500.0
22.0,-52.0,60.0,344.0
24.0,-52.0,60.0,344.0
26.0,-52.0,60.0,344.0
28.0,-52.0,60.0,344.0
30.0,-52.0,60.0,344.0
32.0,-52.0,60.0,344.0
34.0,-52.0,60.0,574.0
36.0,-52.0,60.0,574.0
38.0,-52.0,60.0,574.0
40.0,-52.0,60.0,574.0
42.0,-52.0,60.0,574.0
44.0,-52.0,60.0,574.0
46.0,-52.0,60.0,326.0
-48.0,-50.0,60.0,599.0
-46.0,-50.0,60.0,549.0
-44.0,-50.0,60.0,549.0
-42.0,-50.0,60.0,549.0
-40.0,-50.0,60.0,549.0
-38.0,-50.0,60.0,330.0
-36.0,-50.0,60.0,330.0
-34.0,-50.0,60.0,330.0
-32.0,-50.0,60.0,330.0
-30.0,-50.0,60.0,330.0
-28.0,-50.0,60.0,330.0
-26.0,-50.0,60.0,330.0
-24.0,-50.0,60.0,330.0
-22.0,-50.0,60.0,330.0
-20.0,-50.0,60.0,330.0
-18.0,-50.0,60.0,282.0
-16.0,-50.0,60.0,282.0
-14.0,-50.0,60.0,282.0
-12.0,-50.0,60.0,282.0
-10.0,-50.0,60.0,282.0
-8.0,-50.0,60.0,282.0
-6.0,-50.0,60.0,282.0
-4.0,-50.0,60.0,598.0
2.0,-50.0,60.0,598.0
4.0,-50.0,60.0,598.0
6.0,-50.0,60.0,598.0
8.0,-50.0,60.0,598.0
10.0,-50.0,60.0,598.0
12.0,-50.0,60.0,232.0
14.0,-50.0,60.0,232.0
16.0,-50.0,60.0,232.0
18.0,-50.0,60.0,232.0
20.0,-50.0,60.0,344.0
22.0,-50.0,60.0,344.0
24.0,-50.0,60.0,344.0
26.0,-50.0,60.0,344.0
28.0,-50.0,60.0,344.0
30.0,-50.0,60.0,344.0
32.0,-50.0,60.0,344.0
34.0,-50.0,60.0,574.0
36.0,-50.0,60.0,574.0
38.0,-50.0,60.0,574.0
40.0,-50.0,60.0,574.0
42.0,-50.0,60.0,471.0
44.0,-50.0,60.0,326.0
46.0,-50.0,60.0,326.0
-48.0,-48.0,60.0,549.0
-46.0,-48.0,60.0,549.0
-44.0,-48.0,60.0,549.0
-42.0,-48.0,60.0,549.0
-40.0,-48.0,60.0,549.0
-38.0,-48.0,60.0,549.0
-36.0,-48.0,60.0,330.0
-34.0,-48.0,60.0,330.0
-32.0,-48.0,60.0,330.0
-30.0,-48.0,60.0,330.0
-28.0,-48.0,60.0,330.0
-26.0,-48.0,60.0,330.0
-24.0,-48.0,60.0,330.0
-22.0,-48.0,60.0,330.0
-20.0,-48.0,60.0,330.0
-18.0,-48.0,60.0,282.0
-16.0,-48.0,60.0,282.0
-14.0,-48.0,60.0,282.0
-12.0,-48.0,60.0,282.0
-10.0,-48.0,60.0,282.0
-8.0,-48.0,60.0,282.0
-6.0,-48.0,60.0,282.0
-4.0,-48.0,60.0,598.0
2.0,-48.0,60.0,598.0
4.0,-48.0,60.0,598.0
6.0,-48.0,60.0,598.0
8.0,-48.0,60.0,598.0
10.0,-48.0,60.0,598.0
12.0,-48.0,60.0,598.0
14.0,-48.0,60.0,232.0
16.0,-48.0,60.0,232.0
18.0,-48.0,60.0,232.0
20.0,-48.0,60.0,344.0
22.0,-48.0,60.0,344.0
24.0,-48.0,60.0,344.0
26.0,-48.0,60.0,344.0
28.0,-48.0,60.0,344.0
30.0,-48.0,60.0,344.0
32.0,-48.0,60.0,344.0
34.0,-48.0,60.0,344.0
36.0,-48.0,60.0,471.0
38.0,-48.0,60.0,471.0
40.0,-48.0,60.0,471.0
42.0,-48.0,60.0,471.0
44.0,-48.0,60.0,326.0
46.0,-48.0,60.0,326.0
-48.0,-46.0,60.0,276.0
-46.0,-46.0,60.0,276.0
-44.0,-46.0,60.0,549.0
-42.0,-46.0,60.0,549.0
-40.0,-46.0,60.0,549.0
-38.0,-46.0,60.0,46.0
-36.0,-46.0,60.0,330.0
-34.0,-46.0,60.0,330.0
-32.0,-46.0,60.0,330.0
-30.0,-46.0,60.0,330.0
-28.0,-46.0,60.0,330.0
-26.0,-46.0,60.0,330.0
-24.0,-46.0,60.0,330.0
-22.0,-46.0,60.0,330.0
-20.0,-46.0,60.0,330.0
-18.0,-46.0,60.0,282.0
-16.0,-46.0,60.0,282.0
-14.0,-46.0,60.0,282.0
-12.0,-46.0,60.0,282.0
-10.0,-46.0,60.0,282.0
-8.0,-46.0,60.0,282.0
-6.0,-46.0,60.0,524.0
-4.0,-46.0,60.0,598.0
2.0,-46.0,60.0,598.0
4.0,-46.0,60.0,598.0
6.0,-46.0,60.0,598.0
8.0,-46.0,60.0,598.0
10.0,-46.0,60.0,598.0
12.0,-46.0,60.0,598.0
14.0,-46.0,60.0,65.0
16.0,-46.0,60.0,65.0
18.0,-46.0,60.0,498.0
20.0,-46.0,60.0,344.0
22.0,-46.0,60.0,344.0
24.0,-46.0,60.0,344.0
26.0,-46.0,60.0,344.0
28.0,-46.0,60.0,344.0
30.0,-46.0,60.0,344.0
32.0,-46.0,60.0,344.0
34.0,-46.0,60.0,471.0
36.0,-46.0,60.0,471.0
38.0,-46.0,60.0,471.0
40.0,-46.0,60.0,471.0
42.0,-46.0,60.0,471.0
44.0,-46.0,60.0,326.0
46.0,-46.0,60.0,326.0
48.0,-46.0,60.0,326.0
-48.0,-44.0,60.0,276.0
-46.0,-44.0,60.0,276.0
-44.0,-44.0,60.0,276.0
-42.0,-44.0,60.0,46.0
-40.0,-44.0,60.0,46.0
-38.0,-44.0,60.0,46.0
-36.0,-44.0,60.0,46.0
-34.0,-44.0,60.0,330.0
-32.0,-44.0,60.0,330.0
-30.0,-44.0,60.0,330.0
-28.0,-44.0,60.0,330.0
-26.0,-44.0,60.0,330.0
-24.0,-44.0,60.0,330.0
-22.0,-44.0,60.0,330.0
-20.0,-44.0,60.0,330.0
-18.0,-44.0,60.0,282.0
-16.0,-44.0,60.0,282.0
-14.0,-44.0,60.0,282.0
-12.0,-44.0,60.0,282.0
-10.0,-44.0,60.0,282.0
-8.0,-44.0,60.0,313.0
-6.0,-44.0,60.0,313.0
-4.0,-44.0,60.0,313.0
2.0,-44.0,60.0,598.0
4.0,-44.0,60.0,598.0
6.0,-44.0,60.0,598.0
8.0,-44.0,60.0,598.0
10.0,-44.0,60.0,65.0
12.0,-44.0,60.0,65.0
14.0,-44.0,60.0,65.0
16.0,-44.0,60.0,65.0
18.0,-44.0,60.0,498.0
20.0,-44.0,60.0,498.0
22.0,-44.0,60.0,498.0
24.0,-44.0,60.0,344.0
26.0,-44.0,60.0,344.0
28.0,-44.0,60.0,344.0
30.0,-44.0,60.0,344.0
32.0,-44.0,60.0,344.0
34.0,-44.0,60.0,471.0
36.0,-44.0,60.0,471.0
38.0,-44.0,60.0,471.0
40.0,-44.0,60.0,471.0
42.0,-44.0,60.0,471.0
44.0,-44.0,60.0,326.0
46.0,-44.0,60.0,326.0
48.0,-44.0,60.0,326.0
50.0,-44.0,60.0,326.0
-48.0,-42.0,60.0,276.0
-46.0,-42.0,60.0,276.0
-44.0,-42.0,60.0,276.0
-42.0,-42.0,60.0,46.0
-40.0,-42.0,60.0,46.0
-38.0,-42.0,60.0,46.0
-36.0,-42.0,60.0,46.0
-34.0,-42.0,60.0,46.0
-32.0,-42.0,60.0,33.0
-30.0,-42.0,60.0,33.0
-28.0,-42.0,60.0,33.0
-26.0,-42.0,60.0,330.0
-24.0,-42.0,60.0,330.0
-22.0,-42.0,60.0,330.0
-20.0,-42.0,60.0,330.0
-18.0,-42.0,60.0,282.0
-16.0,-42.0,60.0,282.0
-14.0,-42.0,60.0,282.0
-12.0,-42.0,60.0,313.0
-10.0,-42.0,60.0,313.0
-8.0,-42.0,60.0,313.0
-6.0,-42.0,60.0,313.0
-4.0,-42.0,60.0,313.0
2.0,-42.0,60.0,598.0
4.0,-42.0,60.0,598.0
6.0,-42.0,60.0,598.0
8.0,-42.0,60.0,65.0
10.0,-42.0,60.0,65.0
12.0,-42.0,60.0,65.0
14.0,-42.0,60.0,65.0
16.0,-42.0,60.0,65.0
24.0,-42.0,60.0,498.0
26.0,-42.0,60.0,498.0
28.0,-42.0,60.0,344.0
30.0,-42.0,60.0,344.0
32.0,-42.0,60.0,344.0
34.0,-42.0,60.0,471.0
36.0,-42.0,60.0,471.0
38.0,-42.0,60.0,471.0
40.0,-42.0,60.0,471.0
42.0,-42.0,60.0,471.0
44.0,-42.0,60.0,326.0
46.0,-42.0,60.0,326.0
48.0,-42.0,60.0,326.0
50.0,-42.0,60.0,326.0
-46.0,-40.0,60.0,276.0
-44.0,-40.0,60.0,276.0
-42.0,-40.0,60.0,46.0
-40.0,-40.0,60.0,46.0
-38.0,-40.0,60.0,46.0
-36.0,-40.0,60.0,46.0
-34.0,-40.0,60.0,46.0
-32.0,-40.0,60.0,33.0
-30.0,-40.0,60.0,33.0
-28.0,-40.0,60.0,33.0
-26.0,-40.0,60.0,33.0
-24.0,-40.0,60.0,33.0
-22.0,-40.0,60.0,33.0
-16.0,-40.0,60.0,511.0
-14.0,-40.0,60.0,313.0
-12.0,-40.0,60.0,313.0
-10.0,-40.0,60.0,313.0
-8.0,-40.0,60.0,313.0
-6.0,-40.0,60.0,313.0
-4.0,-40.0,60.0,313.0
2.0,-40.0,60.0,598.0
4.0,-40.0,60.0,598.0
6.0,-40.0,60.0,65.0
8.0,-40.0,60.0,65.0
10.0,-40.0,60.0,65.0
12.0,-40.0,60.0,65.0
14.0,-40.0,60.0,65.0
16.0,-40.0,60.0,65.0
26.0,-40.0,60.0,498.0
28.0,-40.0,60.0,498.0
30.0,-40.0,60.0,498.0
32.0,-40.0,60.0,471.0
34.0,-40.0,60.0,471.0
36.0,-40.0,60.0,471.0
38.0,-40.0,60.0,471.0
40.0,-40.0,60.0,471.0
42.0,-40.0,60.0,471.0
44.0,-40.0,60.0,326.0
46.0,-40.0,60.0,326.0
48.0,-40.0,60.0,326.0
50.0,-40.0,60.0,326.0
-50.0,-38.0,60.0,276.0
-48.0,-38.0,60.0,276.0
-46.0,-38.0,60.0,276.0
-44.0,-38.0,60.0,276.0
-42.0,-38.0,60.0,46.0
-40.0,-38.0,60.0,46.0
-38.0,-38.0,60.0,46.0
-36.0,-38.0,60.0,46.0
-34.0,-38.0,60.0,46.0
-32.0,-38.0,60.0,46.0
-30.0,-38.0,60.0,33.0
-28.0,-38.0,60.0,33.0
-26.0,-38.0,60.0,33.0
-24.0,-38.0,60.0,33.0
-14.0,-38.0,60.0,313.0
-12.0,-38.0,60.0,313.0
-10.0,-38.0,60.0,313.0
-8.0,-38.0,60.0,313.0
-6.0,-38.0,60.0,313.0
-4.0,-38.0,60.0,313.0
2.0,-38.0,60.0,313.0
4.0,-38.0,60.0,65.0
6.0,-38.0,60.0,65.0
8.0,-38.0,60.0,65.0
14.0,-38.0,60.0,65.0
16.0,-38.0,60.0,65.0
26.0,-38.0,60.0,498.0
28.0,-38.0,60.0,498.0
30.0,-38.0,60.0,498.0
32.0,-38.0,60.0,520.0
34.0,-38.0,60.0,471.0
36.0,-38.0,60.0,471.0
38.0,-38.0,60.0,471.0
40.0,-38.0,60.0,471.0
42.0,-38.0,60.0,471.0
44.0,-38.0,60.0,326.0
46.0,-38.0,60.0,326.0
48.0,-38.0,60.0,326.0
50.0,-38.0,60.0,326.0
-50.0,-36.0,60.0,276.0
-48.0,-36.0,60.0,276.0
-46.0,-36.0,60.0,276.0
-44.0,-36.0,60.0,276.0
-42.0,-36.0,60.0,46.0
-40.0,-36.0,60.0,46.0
-38.0,-36.0,60.0,46.0
-36.0,-36.0,60.0,46.0
-34.0,-36.0,60.0,46.0
-32.0,-36.0,60.0,46.0
-30.0,-36.0,60.0,33.0
-10.0,-36.0,60.0,313.0
-8.0,-36.0,60.0,313.0
-6.0,-36.0,60.0,313.0
-4.0,-36.0,60.0,313.0
2.0,-36.0,60.0,313.0
4.0,-36.0,60.0,65.0
6.0,-36.0,60.0,65.0
8.0,-36.0,60.0,65.0
26.0,-36.0,60.0,498.0
28.0,-36.0,60.0,498.0
30.0,-36.0,60.0,498.0
32.0,-36.0,60.0,520.0
34.0,-36.0,60.0,520.0
36.0,-36.0,60.0,520.0
38.0,-36.0,60.0,520.0
40.0,-36.0,60.0,471.0
42.0,-36.0,60.0,471.0
44.0,-36.0,60.0,326.0
46.0,-36.0,60.0,326.0
48.0,-36.0,60.0,326.0
50.0,-36.0,60.0,326.0
-52.0,-34.0,60.0,276.0
-50.0,-34.0,60.0,276.0
-48.0,-34.0,60.0,276.0
-46.0,-34.0,60.0,276.0
-44.0,-34.0,60.0,276.0
-42.0,-34.0,60.0,46.0
-40.0,-34.0,60.0,46.0
-38.0,-34.0,60.0,46.0
-36.0,-34.0,60.0,46.0
-34.0,-34.0,60.0,46.0
-8.0,-34.0,60.0,313.0
-6.0,-34.0,60.0,313.0
-4.0,-34.0,60.0,313.0
4.0,-34.0,60.0,65.0
6.0,-34.0,60.0,65.0
8.0,-34.0,60.0,65.0
28.0,-34.0,60.0,498.0
30.0,-34.0,60.0,520.0
32.0,-34.0,60.0,520.0
34.0,-34.0,60.0,520.0
36.0,-34.0,60.0,520.0
38.0,-34.0,60.0,520.0
40.0,-34.0,60.0,520.0
42.0,-34.0,60.0,472.0
44.0,-34.0,60.0,472.0
46.0,-34.0,60.0,472.0
48.0,-34.0,60.0,8.0
50.0,-34.0,60.0,8.0
-52.0,-32.0,60.0,276.0
-50.0,-32.0,60.0,276.0
-48.0,-32.0,60.0,276.0
-46.0,-32.0,60.0,276.0
-44.0,-32.0,60.0,276.0
-42.0,-32.0,60.0,46.0
-40.0,-32.0,60.0,46.0
-38.0,-32.0,60.0,46.0
-6.0,-32.0,60.0,462.0
-4.0,-32.0,60.0,462.0
6.0,-32.0,60.0,65.0
8.0,-32.0,60.0,65.0
16.0,-32.0,60.0,226.0
18.0,-32.0,60.0,226.0
26.0,-32.0,60.0,498.0
28.0,-32.0,60.0,520.0
30.0,-32.0,60.0,520.0
36.0,-32.0,60.0,520.0
38.0,-32.0,60.0,520.0
40.0,-32.0,60.0,472.0
42.0,-32.0,60.0,472.0
44.0,-32.0,60.0,472.0
46.0,-32.0,60.0,472.0
48.0,-32.0,60.0,8.0
50.0,-32.0,60.0,8.0
52.0,-32.0,60.0,8.0
-52.0,-30.0,60.0,276.0
-50.0,-30.0,60.0,276.0
-48.0,-30.0,60.0,276.0
-46.0,-30.0,60.0,276.0
-44.0,-30.0,60.0,276.0
-42.0,-30.0,60.0,46.0
-24.0,-30.0,60.0,511.0
-8.0,-30.0,60.0,462.0
4.0,-30.0,60.0,462.0
6.0,-30.0,60.0,103.0
8.0,-30.0,60.0,65.0
10.0,-30.0,60.0,65.0
16.0,-30.0,60.0,226.0
18.0,-30.0,60.0,226.0
26.0,-30.0,60.0,226.0
28.0,-30.0,60.0,520.0
40.0,-30.0,60.0,32.0
42.0,-30.0,60.0,32.0
44.0,-30.0,60.0,32.0
46.0,-30.0,60.0,32.0
48.0,-30.0,60.0,32.0
50.0,-30.0,60.0,8.0
52.0,-30.0,60.0,8.0
-52.0,-28.0,60.0,276.0
-50.0,-28.0,60.0,276.0
-48.0,-28.0,60.0,276.0
-46.0,-28.0,60.0,276.0
-44.0,-28.0,60.0,276.0
-24.0,-28.0,60.0,511.0
-22.0,-28.0,60.0,511.0
-20.0,-28.0,60.0,511.0
-18.0,-28.0,60.0,511.0
-10.0,-28.0,60.0,462.0
-8.0,-28.0,60.0,462.0
-6.0,-28.0,60.0,462.0
-4.0,-28.0,60.0,462.0
4.0,-28.0,60.0,462.0
6.0,-28.0,60.0,103.0
8.0,-28.0,60.0,103.0
10.0,-28.0,60.0,226.0
42.0,-28.0,60.0,32.0
44.0,-28.0,60.0,32.0
46.0,-28.0,60.0,32.0
48.0,-28.0,60.0,32.0
50.0,-28.0,60.0,32.0
52.0,-28.0,60.0,8.0
-54.0,-26.0,60.0,10.0
-52.0,-26.0,60.0,10.0
-50.0,-26.0,60.0,10.0
-48.0,-26.0,60.0,10.0
-46.0,-26.0,60.0,10.0
-44.0,-26.0,60.0,10.0
-24.0,-26.0,60.0,485.0
-22.0,-26.0,60.0,485.0
-10.0,-26.0,60.0,337.0
-8.0,-26.0,60.0,462.0
-6.0,-26.0,60.0,462.0
-4.0,-26.0,60.0,462.0
2.0,-26.0,60.0,462.0
4.0,-26.0,60.0,462.0
6.0,-26.0,60.0,103.0
8.0,-26.0,60.0,103.0
10.0,-26.0,60.0,226.0
20.0,-26.0,60.0,226.0
22.0,-26.0,60.0,226.0
24.0,-26.0,60.0,226.0
44.0,-26.0,60.0,32.0
46.0,-26.0,60.0,32.0
48.0,-26.0,60.0,32.0
50.0,-26.0,60.0,32.0
52.0,-26.0,60.0,8.0
-54.0,-24.0,60.0,10.0
-52.0,-24.0,60.0,10.0
-50.0,-24.0,60.0,10.0
-48.0,-24.0,60.0,10.0
-46.0,-24.0,60.0,10.0
-10.0,-24.0,60.0,337.0
-8.0,-24.0,60.0,337.0
-6.0,-24.0,60.0,337.0
-4.0,-24.0,60.0,462.0
2.0,-24.0,60.0,130.0
4.0,-24.0,60.0,130.0
6.0,-24.0,60.0,130.0
8.0,-24.0,60.0,103.0
10.0,-24.0,60.0,226.0
20.0,-24.0,60.0,226.0
22.0,-24.0,60.0,226.0
24.0,-24.0,60.0,226.0
26.0,-24.0,60.0,508.0
46.0,-24.0,60.0,32.0
48.0,-24.0,60.0,32.0
50.0,-24.0,60.0,32.0
52.0,-24.0,60.0,32.0
-52.0,-22.0,60.0,10.0
-50.0,-22.0,60.0,10.0
-48.0,-22.0,60.0,10.0
-10.0,-22.0,60.0,337.0
-8.0,-22.0,60.0,337.0
-6.0,-22.0,60.0,337.0
-4.0,-22.0,60.0,130.0
2.0,-22.0,60.0,130.0
4.0,-22.0,60.0,130.0
6.0,-22.0,60.0,130.0
8.0,-22.0,60.0,130.0
10.0,-22.0,60.0,226.0
20.0,-22.0,60.0,226.0
22.0,-22.0,60.0,226.0
24.0,-22.0,60.0,508.0
26.0,-22.0,60.0,508.0
48.0,-22.0,60.0,32.0
50.0,-22.0,60.0,32.0
52.0,-22.0,60.0,32.0
-52.0,-20.0,60.0,10.0
-50.0,-20.0,60.0,10.0
-48.0,-20.0,60.0,10.0
-46.0,-20.0,60.0,10.0
-42.0,-20.0,60.0,10.0
-40.0,-20.0,60.0,432.0
-10.0,-20.0,60.0,337.0
-8.0,-20.0,60.0,337.0
-6.0,-20.0,60.0,130.0
-4.0,-20.0,60.0,130.0
2.0,-20.0,60.0,130.0
4.0,-20.0,60.0,130.0
6.0,-20.0,60.0,130.0
8.0,-20.0,60.0,130.0
10.0,-20.0,60.0,382.0
22.0,-20.0,60.0,508.0
24.0,-20.0,60.0,508.0
38.0,-20.0,60.0,32.0
40.0,-20.0,60.0,32.0
42.0,-20.0,60.0,32.0
44.0,-20.0,60.0,32.0
48.0,-20.0,60.0,32.0
50.0,-20.0,60.0,32.0
-52.0,-18.0,60.0,10.0
-50.0,-18.0,60.0,10.0
-48.0,-18.0,60.0,10.0
-44.0,-18.0,60.0,10.0
-42.0,-18.0,60.0,10.0
-40.0,-18.0,60.0,432.0
-32.0,-18.0,60.0,485.0
-30.0,-18.0,60.0,485.0
-28.0,-18.0,60.0,485.0
-26.0,-18.0,60.0,485.0
-24.0,-18.0,60.0,485.0
-10.0,-18.0,60.0,337.0
-8.0,-18.0,60.0,130.0
-6.0,-18.0,60.0,130.0
-4.0,-18.0,60.0,130.0
2.0,-18.0,60.0,130.0
4.0,-18.0,60.0,130.0
6.0,-18.0,60.0,130.0
8.0,-18.0,60.0,382.0
10.0,-18.0,60.0,382.0
18.0,-18.0,60.0,382.0
20.0,-18.0,60.0,382.0
22.0,-18.0,60.0,508.0
24.0,-18.0,60.0,508.0
26.0,-18.0,60.0,508.0
28.0,-18.0,60.0,508.0
38.0,-18.0,60.0,32.0
40.0,-18.0,60.0,32.0
42.0,-18.0,60.0,32.0
44.0,-18.0,60.0,32.0
46.0,-18.0,60.0,32.0
50.0,-18.0,60.0,286.0
-52.0,-16.0,60.0,10.0
-50.0,-16.0,60.0,10.0
-46.0,-16.0,60.0,10.0
-44.0,-16.0,60.0,10.0
-42.0,-16.0,60.0,10.0
-40.0,-16.0,60.0,432.0
-32.0,-16.0,60.0,485.0
-30.0,-16.0,60.0,485.0
-28.0,-16.0,60.0,485.0
-26.0,-16.0,60.0,485.0
-24.0,-16.0,60.0,485.0
-22.0,-16.0,60.0,249.0
-20.0,-16.0,60.0,249.0
-8.0,-16.0,60.0,130.0
-6.0,-16.0,60.0,130.0
-4.0,-16.0,60.0,130.0
2.0,-16.0,60.0,130.0
4.0,-16.0,60.0,130.0
6.0,-16.0,60.0,130.0
8.0,-16.0,60.0,382.0
16.0,-16.0,60.0,382.0
18.0,-16.0,60.0,382.0
20.0,-16.0,60.0,382.0
22.0,-16.0,60.0,508.0
24.0,-16.0,60.0,508.0
26.0,-16.0,60.0,508.0
28.0,-16.0,60.0,508.0
30.0,-16.0,60.0,508.0
32.0,-16.0,60.0,508.0
34.0,-16.0,60.0,398.0
36.0,-16.0,60.0,398.0
38.0,-16.0,60.0,398.0
40.0,-16.0,60.0,32.0
42.0,-16.0,60.0,32.0
44.0,-16.0,60.0,286.0
46.0,-16.0,60.0,286.0
48.0,-16.0,60.0,286.0
-48.0,-14.0,60.0,10.0
-46.0,-14.0,60.0,10.0
-44.0,-14.0,60.0,10.0
-42.0,-14.0,60.0,10.0
-40.0,-14.0,60.0,10.0
-38.0,-14.0,60.0,432.0
-36.0,-14.0,60.0,432.0
-34.0,-14.0,60.0,485.0
-32.0,-14.0,60.0,485.0
-30.0,-14.0,60.0,485.0
-28.0,-14.0,60.0,485.0
-26.0,-14.0,60.0,485.0
-24.0,-14.0,60.0,485.0
-22.0,-14.0,60.0,249.0
-20.0,-14.0,60.0,249.0
-18.0,-14.0,60.0,249.0
-16.0,-14.0,60.0,249.0
-8.0,-14.0,60.0,130.0
-6.0,-14.0,60.0,130.0
-4.0,-14.0,60.0,130.0
-2.0,-14.0,60.0,130.0
2.0,-14.0,60.0,130.0
4.0,-14.0,60.0,130.0
6.0,-14.0,60.0,382.0
8.0,-14.0,60.0,382.0
10.0,-14.0,60.0,382.0
14.0,-14.0,60.0,382.0
16.0,-14.0,60.0,382.0
18.0,-14.0,60.0,382.0
20.0,-14.0,60.0,382.0
22.0,-14.0,60.0,508.0
24.0,-14.0,60.0,508.0
26.0,-14.0,60.0,508.0
28.0,-14.0,60.0,508.0
30.0,-14.0,60.0,508.0
32.0,-14.0,60.0,508.0
34.0,-14.0,60.0,508.0
36.0,-14.0,60.0,398.0
38.0,-14.0,60.0,398.0
40.0,-14.0,60.0,286.0
42.0,-14.0,60.0,286.0
44.0,-14.0,60.0,286.0
46.0,-14.0,60.0,286.0
48.0,-14.0,60.0,286.0
-50.0,-12.0,60.0,10.0
-48.0,-12.0,60.0,10.0
-46.0,-12.0,60.0,10.0
-44.0,-12.0,60.0,10.0
-42.0,-12.0,60.0,10.0
-40.0,-12.0,60.0,10.0
-38.0,-12.0,60.0,432.0
-36.0,-12.0,60.0,432.0
-34.0,-12.0,60.0,89.0
-32.0,-12.0,60.0,89.0
-30.0,-12.0,60.0,89.0
-28.0,-12.0,60.0,89.0
-26.0,-12.0,60.0,89.0
-24.0,-12.0,60.0,89.0
-22.0,-12.0,60.0,249.0
-20.0,-12.0,60.0,249.0
-18.0,-12.0,60.0,249.0
-16.0,-12.0,60.0,249.0
-14.0,-12.0,60.0,249.0
-8.0,-12.0,60.0,384.0
-6.0,-12.0,60.0,130.0
-4.0,-12.0,60.0,130.0
-2.0,-12.0,60.0,130.0
2.0,-12.0,60.0,130.0
4.0,-12.0,60.0,130.0
6.0,-12.0,60.0,382.0
8.0,-12.0,60.0,382.0
10.0,-12.0,60.0,382.0
12.0,-12.0,60.0,382.0
14.0,-12.0,60.0,382.0
16.0,-12.0,60.0,382.0
18.0,-12.0,60.0,382.0
20.0,-12.0,60.0,382.0
22.0,-12.0,60.0,508.0
24.0,-12.0,60.0,508.0
26.0,-12.0,60.0,508.0
28.0,-12.0,60.0,508.0
30.0,-12.0,60.0,508.0
32.0,-12.0,60.0,508.0
34.0,-12.0,60.0,409.0
36.0,-12.0,60.0,398.0
38.0,-12.0,60.0,398.0
40.0,-12.0,60.0,286.0
42.0,-12.0,60.0,286.0
44.0,-12.0,60.0,286.0
46.0,-12.0,60.0,286.0
-48.0,-10.0,60.0,10.0
-46.0,-10.0,60.0,10.0
-44.0,-10.0,60.0,10.0
-42.0,-10.0,60.0,10.0
-40.0,-10.0,60.0,10.0
-38.0,-10.0,60.0,432.0
-36.0,-10.0,60.0,89.0
-34.0,-10.0,60.0,89.0
-32.0,-10.0,60.0,89.0
-30.0,-10.0,60.0,89.0
-28.0,-10.0,60.0,89.0
-26.0,-10.0,60.0,89.0
-24.0,-10.0,60.0,89.0
-22.0,-10.0,60.0,249.0
-20.0,-10.0,60.0,249.0
-18.0,-10.0,60.0,249.0
-16.0,-10.0,60.0,249.0
-14.0,-10.0,60.0,384.0
-8.0,-10.0,60.0,384.0
-6.0,-10.0,60.0,384.0
-4.0,-10.0,60.0,130.0
-2.0,-10.0,60.0,130.0
2.0,-10.0,60.0,130.0
4.0,-10.0,60.0,382.0
6.0,-10.0,60.0,382.0
8.0,-10.0,60.0,382.0
10.0,-10.0,60.0,382.0
12.0,-10.0,60.0,382.0
14.0,-10.0,60.0,382.0
16.0,-10.0,60.0,382.0
18.0,-10.0,60.0,382.0
20.0,-10.0,60.0,382.0
22.0,-10.0,60.0,382.0
24.0,-10.0,60.0,508.0
26.0,-10.0,60.0,508.0
28.0,-10.0,60.0,508.0
30.0,-10.0,60.0,508.0
32.0,-10.0,60.0,409.0
34.0,-10.0,60.0,409.0
36.0,-10.0,60.0,409.0
38.0,-10.0,60.0,409.0
40.0,-10.0,60.0,286.0
42.0,-10.0,60.0,286.0
44.0,-10.0,60.0,286.0
46.0,-10.0,60.0,286.0
-48.0,-8.0,60.0,10.0
-46.0,-8.0,60.0,10.0
-44.0,-8.0,60.0,10.0
-42.0,-8.0,60.0,10.0
-40.0,-8.0,60.0,10.0
-38.0,-8.0,60.0,10.0
-36.0,-8.0,60.0,89.0
-34.0,-8.0,60.0,89.0
-32.0,-8.0,60.0,89.0
-30.0,-8.0,60.0,89.0
-28.0,-8.0,60.0,89.0
-26.0,-8.0,60.0,89.0
-24.0,-8.0,60.0,89.0
-22.0,-8.0,60.0,249.0
-20.0,-8.0,60.0,249.0
-18.0,-8.0,60.0,249.0
-16.0,-8.0,60.0,384.0
-14.0,-8.0,60.0,384.0
-8.0,-8.0,60.0,384.0
-6.0,-8.0,60.0,384.0
-4.0,-8.0,60.0,130.0
-2.0,-8.0,60.0,130.0
2.0,-8.0,60.0,69.0
4.0,-8.0,60.0,69.0
6.0,-8.0,60.0,382.0
8.0,-8.0,60.0,382.0
10.0,-8.0,60.0,382.0
12.0,-8.0,60.0,382.0
14.0,-8.0,60.0,382.0
16.0,-8.0,60.0,382.0
18.0,-8.0,60.0,382.0
20.0,-8.0,60.0,382.0
22.0,-8.0,60.0,45.0
24.0,-8.0,60.0,45.0
26.0,-8.0,60.0,45.0
28.0,-8.0,60.0,45.0
30.0,-8.0,60.0,409.0
32.0,-8.0,60.0,409.0
34.0,-8.0,60.0,409.0
36.0,-8.0,60.0,409.0
38.0,-8.0,60.0,409.0
40.0,-8.0,60.0,409.0
42.0,-8.0,60.0,286.0
44.0,-8.0,60.0,286.0
46.0,-8.0,60.0,286.0
-48.0,-6.0,60.0,180.0
-46.0,-6.0,60.0,180.0
-44.0,-6.0,60.0,180.0
-42.0,-6.0,60.0,180.0
-40.0,-6.0,60.0,180.0
-38.0,-6.0,60.0,180.0
-36.0,-6.0,60.0,89.0
-34.0,-6.0,60.0,89.0
-32.0,-6.0,60.0,89.0
-30.0,-6.0,60.0,89.0
-28.0,-6.0,60.0,89.0
-26.0,-6.0,60.0,89.0
-24.0,-6.0,60.0,89.0
-22.0,-6.0,60.0,527.0
-20.0,-6.0,60.0,527.0
-18.0,-6.0,60.0,527.0
-16.0,-6.0,60.0,527.0
-10.0,-6.0,60.0,384.0
-8.0,-6.0,60.0,384.0
-6.0,-6.0,60.0,384.0
-4.0,-6.0,60.0,384.0
-2.0,-6.0,60.0,69.0
2.0,-6.0,60.0,69.0
4.0,-6.0,60.0,69.0
6.0,-6.0,60.0,69.0
8.0,-6.0,60.0,69.0
14.0,-6.0,60.0,382.0
16.0,-6.0,60.0,382.0
18.0,-6.0,60.0,382.0
20.0,-6.0,60.0,382.0
22.0,-6.0,60.0,45.0
24.0,-6.0,60.0,45.0
26.0,-6.0,60.0,45.0
28.0,-6.0,60.0,45.0
30.0,-6.0,60.0,45.0
32.0,-6.0,60.0,409.0
34.0,-6.0,60.0,409.0
36.0,-6.0,60.0,409.0
38.0,-6.0,60.0,409.0
40.0,-6.0,60.0,409.0
42.0,-6.0,60.0,286.0
44.0,-6.0,60.0,286.0
46.0,-6.0,60.0,286.0
-46.0,-4.0,60.0,180.0
-44.0,-4.0,60.0,180.0
-42.0,-4.0,60.0,180.0
-40.0,-4.0,60.0,180.0
-38.0,-4.0,60.0,180.0
-36.0,-4.0,60.0,333.0
-34.0,-4.0,60.0,333.0
-32.0,-4.0,60.0,89.0
-30.0,-4.0,60.0,89.0
-28.0,-4.0,60.0,89.0
-26.0,-4.0,60.0,89.0
-24.0,-4.0,60.0,89.0
-22.0,-4.0,60.0,527.0
-20.0,-4.0,60.0,527.0
-12.0,-4.0,60.0,384.0
-10.0,-4.0,60.0,384.0
-8.0,-4.0,60.0,384.0
-6.0,-4.0,60.0,384.0
-4.0,-4.0,60.0,18.0
-2.0,-4.0,60.0,69.0
2.0,-4.0,60.0,69.0
4.0,-4.0,60.0,69.0
6.0,-4.0,60.0,69.0
8.0,-4.0,60.0,69.0
18.0,-4.0,60.0,424.0
20.0,-4.0,60.0,424.0
22.0,-4.0,60.0,45.0
24.0,-4.0,60.0,45.0
26.0,-4.0,60.0,45.0
28.0,-4.0,60.0,45.0
30.0,-4.0,60.0,45.0
32.0,-4.0,60.0,45.0
34.0,-4.0,60.0,409.0
36.0,-4.0,60.0,409.0
38.0,-4.0,60.0,409.0
40.0,-4.0,60.0,409.0
42.0,-4.0,60.0,286.0
44.0,-4.0,60.0,286.0
-46.0,-2.0,60.0,180.0
-44.0,-2.0,60.0,180.0
-42.0,-2.0,60.0,180.0
-40.0,-2.0,60.0,180.0
-38.0,-2.0,60.0,333.0
-36.0,-2.0,60.0,333.0
-34.0,-2.0,60.0,333.0
-32.0,-2.0,60.0,333.0
-30.0,-2.0,60.0,333.0
-28.0,-2.0,60.0,333.0
-26.0,-2.0,60.0,89.0
-24.0,-2.0,60.0,527.0
-22.0,-2.0,60.0,527.0
-12.0,-2.0,60.0,555.0
-10.0,-2.0,60.0,555.0
-8.0,-2.0,60.0,555.0
-6.0,-2.0,60.0,18.0
-4.0,-2.0,60.0,18.0
2.0,-2.0,60.0,69.0
4.0,-2.0,60.0,69.0
6.0,-2.0,60.0,69.0
8.0,-2.0,60.0,69.0
20.0,-2.0,60.0,424.0
22.0,-2.0,60.0,45.0
24.0,-2.0,60.0,45.0
26.0,-2.0,60.0,45.0
28.0,-2.0,60.0,45.0
30.0,-2.0,60.0,45.0
32.0,-2.0,60.0,45.0
34.0,-2.0,60.0,45.0
36.0,-2.0,60.0,409.0
38.0,-2.0,60.0,409.0
40.0,-2.0,60.0,409.0
42.0,-2.0,60.0,409.0
44.0,-2.0,60.0,286.0
-44.0,-0.0,60.0,180.0
-42.0,-0.0,60.0,180.0
-40.0,-0.0,60.0,180.0
-38.0,-0.0,60.0,333.0
-36.0,-0.0,60.0,333.0
-34.0,-0.0,60.0,333.0
-32.0,-0.0,60.0,333.0
-30.0,-0.0,60.0,333.0
-28.0,-0.0,60.0,333.0
-26.0,-0.0,60.0,333.0
-24.0,-0.0,60.0,333.0
-22.0,-0.0,60.0,527.0
-12.0,-0.0,60.0,555.0
-10.0,-0.0,60.0,555.0
-8.0,-0.0,60.0,555.0
-6.0,-0.0,60.0,18.0
-4.0,-0.0,60.0,18.0
2.0,-0.0,60.0,69.0
4.0,-0.0,60.0,69.0
6.0,-0.0,60.0,69.0
8.0,-0.0,60.0,69.0
20.0,-0.0,60.0,424.0
22.0,-0.0,60.0,45.0
24.0,-0.0,60.0,45.0
26.0,-0.0,60.0,45.0
28.0,-0.0,60.0,45.0
30.0,-0.0,60.0,45.0
32.0,-0.0,60.0,45.0
34.0,-0.0,60.0,45.0
36.0,-0.0,60.0,45.0
38.0,-0.0,60.0,409.0
40.0,-0.0,60.0,409.0
42.0,-0.0,60.0,403.0
44.0,-0.0,60.0,403.0
-44.0,2.0,60.0,180.0
-42.0,2.0,60.0,180.0
-40.0,2.0,60.0,180.0
-38.0,2.0,60.0,333.0
-36.0,2.0,60.0,333.0
-34.0,2.0,60.0,333.0
-32.0,2.0,60.0,333.0
-30.0,2.0,60.0,333.0
-28.0,2.0,60.0,333.0
-26.0,2.0,60.0,333.0
-24.0,2.0,60.0,333.0
-22.0,2.0,60.0,555.0
-20.0,2.0,60.0,555.0
-18.0,2.0,60.0,555.0
-12.0,2.0,60.0,555.0
-10.0,2.0,60.0,555.0
-8.0,2.0,60.0,18.0
-6.0,2.0,60.0,18.0
-4.0,2.0,60.0,18.0
2.0,2.0,60.0,69.0
4.0,2.0,60.0,69.0
6.0,2.0,60.0,69.0
8.0,2.0,60.0,69.0
20.0,2.0,60.0,424.0
22.0,2.0,60.0,22.0
24.0,2.0,60.0,22.0
26.0,2.0,60.0,22.0
28.0,2.0,60.0,22.0
30.0,2.0,60.0,22.0
32.0,2.0,60.0,22.0
34.0,2.0,60.0,22.0
36.0,2.0,60.0,22.0
38.0,2.0,60.0,227.0
40.0,2.0,60.0,403.0
42.0,2.0,60.0,403.0
44.0,2.0,60.0,403.0
-44.0,4.0,60.0,180.0
-42.0,4.0,60.0,180.0
-40.0,4.0,60.0,333.0
-38.0,4.0,60.0,333.0
-36.0,4.0,60.0,333.0
-34.0,4.0,60.0,333.0
-32.0,4.0,60.0,333.0
-30.0,4.0,60.0,333.0
-28.0,4.0,60.0,333.0
-26.0,4.0,60.0,333.0
-24.0,4.0,60.0,333.0
-22.0,4.0,60.0,555.0
-20.0,4.0,60.0,555.0
-18.0,4.0,60.0,555.0
-16.0,4.0,60.0,555.0
-12.0,4.0,60.0,555.0
-10.0,4.0,60.0,555.0
-8.0,4.0,60.0,18.0
-6.0,4.0,60.0,18.0
-4.0,4.0,60.0,18.0
2.0,4.0,60.0,69.0
4.0,4.0,60.0,69.0
6.0,4.0,60.0,69.0
8.0,4.0,60.0,69.0
16.0,4.0,60.0,424.0
18.0,4.0,60.0,424.0
20.0,4.0,60.0,253.0
22.0,4.0,60.0,22.0
24.0,4.0,60.0,22.0
26.0,4.0,60.0,22.0
28.0,4.0,60.0,22.0
30.0,4.0,60.0,22.0
32.0,4.0,60.0,22.0
34.0,4.0,60.0,22.0
36.0,4.0,60.0,22.0
38.0,4.0,60.0,403.0
40.0,4.0,60.0,403.0
42.0,4.0,60.0,403.0
-44.0,6.0,60.0,180.0
-42.0,6.0,60.0,180.0
-40.0,6.0,60.0,333.0
-38.0,6.0,60.0,333.0
-36.0,6.0,60.0,333.0
-34.0,6.0,60.0,333.0
-32.0,6.0,60.0,333.0
-30.0,6.0,60.0,333.0
-28.0,6.0,60.0,333.0
-26.0,6.0,60.0,333.0
-24.0,6.0,60.0,333.0
-22.0,6.0,60.0,340.0
-20.0,6.0,60.0,555.0
-18.0,6.0,60.0,555.0
-16.0,6.0,60.0,555.0
-12.0,6.0,60.0,555.0
-10.0,6.0,60.0,555.0
-8.0,6.0,60.0,18.0
-6.0,6.0,60.0,18.0
-4.0,6.0,60.0,18.0
2.0,6.0,60.0,69.0
4.0,6.0,60.0,69.0
6.0,6.0,60.0,69.0
8.0,6.0,60.0,69.0
10.0,6.0,60.0,69.0
16.0,6.0,60.0,253.0
18.0,6.0,60.0,253.0
20.0,6.0,60.0,253.0
22.0,6.0,60.0,253.0
24.0,6.0,60.0,22.0
26.0,6.0,60.0,22.0
28.0,6.0,60.0,22.0
30.0,6.0,60.0,22.0
32.0,6.0,60.0,22.0
34.0,6.0,60.0,22.0
36.0,6.0,60.0,22.0
38.0,6.0,60.0,403.0
40.0,6.0,60.0,403.0
42.0,6.0,60.0,403.0
-44.0,8.0,60.0,180.0
-42.0,8.0,60.0,333.0
-40.0,8.0,60.0,333.0
-38.0,8.0,60.0,333.0
-36.0,8.0,60.0,333.0
-34.0,8.0,60.0,333.0
-32.0,8.0,60.0,333.0
-30.0,8.0,60.0,333.0
-28.0,8.0,60.0,333.0
-26.0,8.0,60.0,340.0
-24.0,8.0,60.0,340.0
-22.0,8.0,60.0,340.0
-20.0,8.0,60.0,340.0
-18.0,8.0,60.0,555.0
-16.0,8.0,60.0,555.0
-12.0,8.0,60.0,555.0
-10.0,8.0,60.0,200.0
-8.0,8.0,60.0,18.0
-6.0,8.0,60.0,18.0
-4.0,8.0,60.0,18.0
2.0,8.0,60.0,563.0
4.0,8.0,60.0,563.0
6.0,8.0,60.0,563.0
8.0,8.0,60.0,563.0
10.0,8.0,60.0,69.0
12.0,8.0,60.0,253.0
14.0,8.0,60.0,253.0
16.0,8.0,60.0,253.0
18.0,8.0,60.0,253.0
20.0,8.0,60.0,253.0
22.0,8.0,60.0,253.0
24.0,8.0,60.0,22.0
26.0,8.0,60.0,22.0
28.0,8.0,60.0,22.0
30.0,8.0,60.0,22.0
32.0,8.0,60.0,22.0
34.0,8.0,60.0,22.0
36.0,8.0,60.0,22.0
38.0,8.0,60.0,403.0
40.0,8.0,60.0,403.0
42.0,8.0,60.0,403.0
-42.0,10.0,60.0,333.0
-40.0,10.0,60.0,333.0
-38.0,10.0,60.0,333.0
-36.0,10.0,60.0,333.0
-34.0,10.0,60.0,333.0
-32.0,10.0,60.0,333.0
-30.0,10.0,60.0,333.0
-28.0,10.0,60.0,340.0
-26.0,10.0,60.0,340.0
-24.0,10.0,60.0,340.0
-22.0,10.0,60.0,340.0
-20.0,10.0,60.0,340.0
-18.0,10.0,60.0,340.0
-16.0,10.0,60.0,555.0
-12.0,10.0,60.0,200.0
-10.0,10.0,60.0,200.0
-8.0,10.0,60.0,200.0
-6.0,10.0,60.0,200.0
-4.0,10.0,60.0,200.0
2.0,10.0,60.0,563.0
4.0,10.0,60.0,563.0
6.0,10.0,60.0,563.0
8.0,10.0,60.0,563.0
10.0,10.0,60.0,149.0
12.0,10.0,60.0,253.0
14.0,10.0,60.0,253.0
16.0,10.0,60.0,253.0
18.0,10.0,60.0,253.0
20.0,10.0,60.0,253.0
22.0,10.0,60.0,253.0
24.0,10.0,60.0,22.0
26.0,10.0,60.0,22.0
28.0,10.0,60.0,22.0
30.0,10.0,60.0,22.0
32.0,10.0,60.0,22.0
34.0,10.0,60.0,22.0
36.0,10.0,60.0,470.0
38.0,10.0,60.0,403.0
40.0,10.0,60.0,403.0
-42.0,12.0,60.0,439.0
-40.0,12.0,60.0,333.0
-38.0,12.0,60.0,333.0
-36.0,12.0,60.0,333.0
-34.0,12.0,60.0,333.0
-32.0,12.0,60.0,333.0
-30.0,12.0,60.0,340.0
-28.0,12.0,60.0,340.0
-26.0,12.0,60.0,340.0
-24.0,12.0,60.0,340.0
-22.0,12.0,60.0,340.0
-20.0,12.0,60.0,340.0
-18.0,12.0,60.0,340.0
-16.0,12.0,60.0,200.0
-14.0,12.0,60.0,200.0
-12.0,12.0,60.0,200.0
-10.0,12.0,60.0,200.0
-8.0,12.0,60.0,200.0
-6.0,12.0,60.0,200.0
-4.0,12.0,60.0,200.0
2.0,12.0,60.0,563.0
4.0,12.0,60.0,563.0
6.0,12.0,60.0,563.0
8.0,12.0,60.0,149.0
10.0,12.0,60.0,149.0
14.0,12.0,60.0,253.0
16.0,12.0,60.0,253.0
18.0,12.0,60.0,253.0
20.0,12.0,60.0,253.0
22.0,12.0,60.0,253.0
24.0,12.0,60.0,253.0
26.0,12.0,60.0,22.0
28.0,12.0,60.0,22.0
30.0,12.0,60.0,22.0
32.0,12.0,60.0,22.0
34.0,12.0,60.0,22.0
36.0,12.0,60.0,470.0
38.0,12.0,60.0,403.0
40.0,12.0,60.0,403.0
-40.0,14.0,60.0,333.0
-38.0,14.0,60.0,333.0
-36.0,14.0,60.0,333.0
-34.0,14.0,60.0,340.0
-32.0,14.0,60.0,340.0
-30.0,14.0,60.0,340.0
-28.0,14.0,60.0,340.0
-26.0,14.0,60.0,340.0
-24.0,14.0,60.0,340.0
-22.0,14.0,60.0,340.0
-20.0,14.0,60.0,340.0
-18.0,14.0,60.0,340.0
-16.0,14.0,60.0,200.0
-14.0,14.0,60.0,200.0
-12.0,14.0,60.0,200.0
-10.0,14.0,60.0,200.0
-8.0,14.0,60.0,200.0
-6.0,14.0,60.0,200.0
-4.0,14.0,60.0,200.0
2.0,14.0,60.0,563.0
4.0,14.0,60.0,563.0
6.0,14.0,60.0,563.0
8.0,14.0,60.0,149.0
10.0,14.0,60.0,149.0
16.0,14.0,60.0,253.0
18.0,14.0,60.0,253.0
20.0,14.0,60.0,253.0
22.0,14.0,60.0,253.0
24.0,14.0,60.0,253.0
26.0,14.0,60.0,22.0
28.0,14.0,60.0,22.0
30.0,14.0,60.0,22.0
32.0,14.0,60.0,22.0
34.0,14.0,60.0,470.0
36.0,14.0,60.0,470.0
38.0,14.0,60.0,403.0
-38.0,16.0,60.0,333.0
-36.0,16.0,60.0,340.0
-34.0,16.0,60.0,340.0
-32.0,16.0,60.0,340.0
-30.0,16.0,60.0,340.0
-28.0,16.0,60.0,340.0
-26.0,16.0,60.0,340.0
-24.0,16.0,60.0,340.0
-22.0,16.0,60.0,340.0
-20.0,16.0,60.0,340.0
-18.0,16.0,60.0,340.0
-16.0,16.0,60.0,200.0
-14.0,16.0,60.0,200.0
-12.0,16.0,60.0,200.0
-10.0,16.0,60.0,200.0
-8.0,16.0,60.0,200.0
-6.0,16.0,60.0,200.0
-4.0,16.0,60.0,200.0
-2.0,16.0,60.0,200.0
2.0,16.0,60.0,563.0
4.0,16.0,60.0,563.0
6.0,16.0,60.0,149.0
8.0,16.0,60.0,149.0
10.0,16.0,60.0,149.0
12.0,16.0,60.0,253.0
14.0,16.0,60.0,253.0
16.0,16.0,60.0,253.0
18.0,16.0,60.0,253.0
20.0,16.0,60.0,253.0
22.0,16.0,60.0,253.0
24.0,16.0,60.0,63.0
26.0,16.0,60.0,63.0
28.0,16.0,60.0,22.0
30.0,16.0,60.0,22.0
32.0,16.0,60.0,470.0
34.0,16.0,60.0,470.0
36.0,16.0,60.0,470.0
38.0,16.0,60.0,403.0
-38.0,18.0,60.0,340.0
-36.0,18.0,60.0,340.0
-34.0,18.0,60.0,340.0
-32.0,18.0,60.0,340.0
-30.0,18.0,60.0,340.0
-28.0,18.0,60.0,340.0
-26.0,18.0,60.0,340.0
-24.0,18.0,60.0,340.0
-22.0,18.0,60.0,78.0
-20.0,18.0,60.0,78.0
-18.0,18.0,60.0,78.0
-16.0,18.0,60.0,585.0
-14.0,18.0,60.0,585.0
-12.0,18.0,60.0,200.0
-10.0,18.0,60.0,200.0
-8.0,18.0,60.0,200.0
-6.0,18.0,60.0,200.0
-4.0,18.0,60.0,200.0
-2.0,18.0,60.0,200.0
2.0,18.0,60.0,200.0
4.0,18.0,60.0,563.0
6.0,18.0,60.0,149.0
8.0,18.0,60.0,149.0
10.0,18.0,60.0,149.0
12.0,18.0,60.0,253.0
14.0,18.0,60.0,253.0
16.0,18.0,60.0,253.0
18.0,18.0,60.0,253.0
20.0,18.0,60.0,63.0
22.0,18.0,60.0,63.0
24.0,18.0,60.0,63.0
26.0,18.0,60.0,63.0
28.0,18.0,60.0,63.0
30.0,18.0,60.0,470.0
32.0,18.0,60.0,470.0
34.0,18.0,60.0,470.0
36.0,18.0,60.0,470.0
-36.0,20.0,60.0,340.0
-34.0,20.0,60.0,340.0
-32.0,20.0,60.0,78.0
-30.0,20.0,60.0,78.0
-28.0,20.0,60.0,78.0
-26.0,20.0,60.0,78.0
-24.0,20.0,60.0,78.0
-22.0,20.0,60.0,78.0
-20.0,20.0,60.0,78.0
-18.0,20.0,60.0,585.0
-16.0,20.0,60.0,585.0
-14.0,20.0,60.0,585.0
-12.0,20.0,60.0,585.0
-10.0,20.0,60.0,585.0
-8.0,20.0,60.0,200.0
-6.0,20.0,60.0,200.0
-4.0,20.0,60.0,200.0
-2.0,20.0,60.0,200.0
2.0,20.0,60.0,200.0
4.0,20.0,60.0,149.0
6.0,20.0,60.0,149.0
8.0,20.0,60.0,149.0
10.0,20.0,60.0,149.0
12.0,20.0,60.0,253.0
14.0,20.0,60.0,253.0
16.0,20.0,60.0,63.0
18.0,20.0,60.0,63.0
20.0,20.0,60.0,63.0
22.0,20.0,60.0,63.0
24.0,20.0,60.0,63.0
26.0,20.0,60.0,63.0
28.0,20.0,60.0,63.0
30.0,20.0,60.0,470.0
32.0,20.0,60.0,470.0
34.0,20.0,60.0,470.0
-34.0,22.0,60.0,78.0
-32.0,22.0,60.0,78.0
-30.0,22.0,60.0,78.0
-28.0,22.0,60.0,78.0
-26.0,22.0,60.0,78.0
-24.0,22.0,60.0,78.0
-22.0,22.0,60.0,78.0
-20.0,22.0,60.0,78.0
-18.0,22.0,60.0,585.0
-16.0,22.0,60.0,585.0
-14.0,22.0,60.0,585.0
-12.0,22.0,60.0,585.0
-10.0,22.0,60.0,585.0
-8.0,22.0,60.0,585.0
-6.0,22.0,60.0,585.0
-4.0,22.0,60.0,200.0
-2.0,22.0,60.0,200.0
0.0,22.0,60.0,200.0
2.0,22.0,60.0,255.0
4.0,22.0,60.0,255.0
6.0,22.0,60.0,255.0
8.0,22.0,60.0,255.0
10.0,22.0,60.0,255.0
12.0,22.0,60.0,63.0
14.0,22.0,60.0,63.0
16.0,22.0,60.0,63.0
18.0,22.0,60.0,63.0
20.0,22.0,60.0,63.0
22.0,22.0,60.0,63.0
24.0,22.0,60.0,63.0
26.0,22.0,60.0,63.0
28.0,22.0,60.0,63.0
30.0,22.0,60.0,470.0
-30.0,24.0,60.0,78.0
-28.0,24.0,60.0,78.0
-26.0,24.0,60.0,78.0
-24.0,24.0,60.0,78.0
-22.0,24.0,60.0,78.0
-20.0,24.0,60.0,78.0
-18.0,24.0,60.0,585.0
-16.0,24.0,60.0,585.0
-14.0,24.0,60.0,585.0
-12.0,24.0,60.0,585.0
-10.0,24.0,60.0,585.0
-8.0,24.0,60.0,585.0
-6.0,24.0,60.0,585.0
-4.0,24.0,60.0,585.0
-2.0,24.0,60.0,217.0
2.0,24.0,60.0,255.0
4.0,24.0,60.0,255.0
6.0,24.0,60.0,255.0
8.0,24.0,60.0,255.0
10.0,24.0,60.0,255.0
12.0,24.0,60.0,255.0
14.0,24.0,60.0,63.0
16.0,24.0,60.0,63.0
18.0,24.0,60.0,63.0
20.0,24.0,60.0,63.0
22.0,24.0,60.0,63.0
24.0,24.0,60.0,63.0
26.0,24.0,60.0,63.0
28.0,24.0,60.0,63.0
-28.0,26.0,60.0,78.0
-26.0,26.0,60.0,78.0
-24.0,26.0,60.0,78.0
-22.0,26.0,60.0,78.0
-20.0,26.0,60.0,78.0
-18.0,26.0,60.0,585.0
-16.0,26.0,60.0,585.0
-14.0,26.0,60.0,585.0
-12.0,26.0,60.0,585.0
-10.0,26.0,60.0,585.0
-8.0,26.0,60.0,585.0
-6.0,26.0,60.0,585.0
-4.0,26.0,60.0,585.0
-2.0,26.0,60.0,217.0
2.0,26.0,60.0,255.0
4.0,26.0,60.0,255.0
6.0,26.0,60.0,255.0
8.0,26.0,60.0,255.0
10.0,26.0,60.0,255.0
12.0,26.0,60.0,255.0
14.0,26.0,60.0,255.0
16.0,26.0,60.0,63.0
18.0,26.0,60.0,63.0
20.0,26.0,60.0,63.0
22.0,26.0,60.0,63.0
24.0,26.0,60.0,63.0
-26.0,28.0,60.0,78.0
-24.0,28.0,60.0,78.0
-22.0,28.0,60.0,78.0
-20.0,28.0,60.0,78.0
-18.0,28.0,60.0,585.0
-16.0,28.0,60.0,585.0
-14.0,28.0,60.0,585.0
-12.0,28.0,60.0,585.0
-10.0,28.0,60.0,585.0
-8.0,28.0,60.0,585.0
-6.0,28.0,60.0,517.0
-4.0,28.0,60.0,517.0
-2.0,28.0,60.0,517.0
2.0,28.0,60.0,255.0
4.0,28.0,60.0,255.0
6.0,28.0,60.0,255.0
8.0,28.0,60.0,255.0
10.0,28.0,60.0,255.0
12.0,28.0,60.0,255.0
14.0,28.0,60.0,255.0
16.0,28.0,60.0,255.0
18.0,28.0,60.0,63.0
20.0,28.0,60.0,63.0
22.0,28.0,60.0,63.0
-24.0,30.0,60.0,78.0
-22.0,30.0,60.0,78.0
-20.0,30.0,60.0,78.0
-18.0,30.0,60.0,585.0
-16.0,30.0,60.0,585.0
-14.0,30.0,60.0,585.0
-12.0,30.0,60.0,585.0
-10.0,30.0,60.0,585.0
-8.0,30.0,60.0,517.0
-6.0,30.0,60.0,517.0
-4.0,30.0,60.0,517.0
-2.0,30.0,60.0,517.0
2.0,30.0,60.0,255.0
4.0,30.0,60.0,255.0
6.0,30.0,60.0,255.0
8.0,30.0,60.0,255.0
10.0,30.0,60.0,255.0
12.0,30.0,60.0,255.0
14.0,30.0,60.0,255.0
16.0,30.0,60.0,255.0
18.0,30.0,60.0,255.0
20.0,30.0,60.0,63.0
-20.0,32.0,60.0,78.0
-18.0,32.0,60.0,585.0
-16.0,32.0,60.0,585.0
-14.0,32.0,60.0,585.0
-12.0,32.0,60.0,517.0
-10.0,32.0,60.0,517.0
-8.0,32.0,60.0,517.0
-6.0,32.0,60.0,517.0
-4.0,32.0,60.0,517.0
-2.0,32.0,60.0,517.0
2.0,32.0,60.0,255.0
4.0,32.0,60.0,255.0
6.0,32.0,60.0,255.0
8.0,32.0,60.0,255.0
10.0,32.0,60.0,255.0
12.0,32.0,60.0,255.0
14.0,32.0,60.0,255.0
16.0,32.0,60.0,255.0
-16.0,34.0,60.0,517.0
-14.0,34.0,60.0,517.0
-12.0,34.0,60.0,517.0
-10.0,34.0,60.0,517.0
-8.0,34.0,60.0,517.0
-6.0,34.0,60.0,517.0
-4.0,34.0,60.0,517.0
2.0,34.0,60.0,255.0
4.0,34.0,60.0,255.0
6.0,34.0,60.0,255.0
8.0,34.0,60.0,255.0
10.0,34.0,60.0,255.0
-12.0,36.0,60.0,517.0
-10.0,36.0,60.0,517.0
-8.0,36.0,60.0,517.0
-6.0,36.0,60.0,517.0
6.0,36.0,60.0,126.0
8.0,36.0,60.0,126.0
-20.0,-74.0,62.0,312.0
-18.0,-74.0,62.0,312.0
-16.0,-74.0,62.0,113.0
-14.0,-74.0,62.0,113.0
-12.0,-74.0,62.0,113.0
-10.0,-74.0,62.0,113.0
6.0,-74.0,62.0,176.0
8.0,-74.0,62.0,176.0
10.0,-74.0,62.0,176.0
12.0,-74.0,62.0,516.0
14.0,-74.0,62.0,516.0
16.0,-74.0,62.0,516.0
18.0,-74.0,62.0,516.0
-24.0,-72.0,62.0,134.0
-22.0,-72.0,62.0,134.0
-20.0,-72.0,62.0,312.0
-18.0,-72.0,62.0,113.0
-16.0,-72.0,62.0,113.0
-14.0,-72.0,62.0,113.0
-12.0,-72.0,62.0,113.0
-10.0,-72.0,62.0,113.0
-8.0,-72.0,62.0,113.0
4.0,-72.0,62.0,176.0
6.0,-72.0,62.0,176.0
8.0,-72.0,62.0,176.0
10.0,-72.0,62.0,176.0
12.0,-72.0,62.0,176.0
14.0,-72.0,62.0,516.0
16.0,-72.0,62.0,516.0
18.0,-72.0,62.0,516.0
20.0,-72.0,62.0,516.0
22.0,-72.0,62.0,516.0
-28.0,-70.0,62.0,134.0
-26.0,-70.0,62.0,134.0
-24.0,-70.0,62.0,134.0
-22.0,-70.0,62.0,134.0
-20.0,-70.0,62.0,113.0
-18.0,-70.0,62.0,113.0
-16.0,-70.0,62.0,113.0
-14.0,-70.0,62.0,113.0
-12.0,-70.0,62.0,113.0
-10.0,-70.0,62.0,113.0
-8.0,-70.0,62.0,113.0
-6.0,-70.0,62.0,155.0
4.0,-70.0,62.0,176.0
6.0,-70.0,62.0,176.0
8.0,-70.0,62.0,176.0
10.0,-70.0,62.0,176.0
12.0,-70.0,62.0,176.0
14.0,-70.0,62.0,516.0
16.0,-70.0,62.0,516.0
18.0,-70.0,62.0,516.0
20.0,-70.0,62.0,516.0
22.0,-70.0,62.0,516.0
24.0,-70.0,62.0,516.0
26.0,-70.0,62.0,516.0
-30.0,-68.0,62.0,134.0
-28.0,-68.0,62.0,134.0
-26.0,-68.0,62.0,134.0
-24.0,-68.0,62.0,134.0
-22.0,-68.0,62.0,134.0
-20.0,-68.0,62.0,113.0
-18.0,-68.0,62.0,113.0
-16.0,-68.0,62.0,113.0
-14.0,-68.0,62.0,113.0
-12.0,-68.0,62.0,113.0
-10.0,-68.0,62.0,113.0
-8.0,-68.0,62.0,113.0
-6.0,-68.0,62.0,113.0
4.0,-68.0,62.0,176.0
6.0,-68.0,62.0,176.0
8.0,-68.0,62.0,176.0
10.0,-68.0,62.0,176.0
12.0,-68.0,62.0,176.0
14.0,-68.0,62.0,516.0
16.0,-68.0,62.0,516.0
18.0,-68.0,62.0,516.0
20.0,-68.0,62.0,516.0
22.0,-68.0,62.0,516.0
24.0,-68.0,62.0,516.0
26.0,-68.0,62.0,516.0
28.0,-68.0,62.0,516.0
30.0,-68.0,62.0,516.0
-32.0,-66.0,62.0,134.0
-30.0,-66.0,62.0,134.0
-28.0,-66.0,62.0,134.0
-26.0,-66.0,62.0,134.0
-24.0,-66.0,62.0,134.0
-22.0,-66.0,62.0,134.0
-20.0,-66.0,62.0,113.0
-18.0,-66.0,62.0,113.0
-16.0,-66.0,62.0,113.0
-14.0,-66.0,62.0,113.0
-12.0,-66.0,62.0,113.0
-10.0,-66.0,62.0,113.0
-8.0,-66.0,62.0,113.0
-6.0,-66.0,62.0,113.0
2.0,-66.0,62.0,266.0
4.0,-66.0,62.0,176.0
6.0,-66.0,62.0,176.0
8.0,-66.0,62.0,176.0
10.0,-66.0,62.0,176.0
12.0,-66.0,62.0,176.0
14.0,-66.0,62.0,516.0
16.0,-66.0,62.0,516.0
18.0,-66.0,62.0,516.0
20.0,-66.0,62.0,516.0
22.0,-66.0,62.0,516.0
24.0,-66.0,62.0,516.0
26.0,-66.0,62.0,500.0
28.0,-66.0,62.0,500.0
30.0,-66.0,62.0,500.0
32.0,-66.0,62.0,500.0
-36.0,-64.0,62.0,134.0
-34.0,-64.0,62.0,134.0
-32.0,-64.0,62.0,134.0
-30.0,-64.0,62.0,134.0
-28.0,-64.0,62.0,134.0
-26.0,-64.0,62.0,134.0
-24.0,-64.0,62.0,134.0
-22.0,-64.0,62.0,134.0
-20.0,-64.0,62.0,113.0
-18.0,-64.0,62.0,113.0
-16.0,-64.0,62.0,113.0
-14.0,-64.0,62.0,113.0
-12.0,-64.0,62.0,113.0
-10.0,-64.0,62.0,113.0
-8.0,-64.0,62.0,348.0
-6.0,-64.0,62.0,348.0
-4.0,-64.0,62.0,348.0
2.0,-64.0,62.0,389.0
4.0,-64.0,62.0,389.0
6.0,-64.0,62.0,389.0
8.0,-64.0,62.0,389.0
10.0,-64.0,62.0,389.0
12.0,-64.0,62.0,232.0
14.0,-64.0,62.0,232.0
16.0,-64.0,62.0,232.0
18.0,-64.0,62.0,500.0
20.0,-64.0,62.0,500.0
22.0,-64.0,62.0,500.0
24.0,-64.0,62.0,500.0
26.0,-64.0,62.0,500.0
28.0,-64.0,62.0,500.0
30.0,-64.0,62.0,500.0
32.0,-64.0,62.0,500.0
34.0,-64.0,62.0,387.0
-38.0,-62.0,62.0,87.0
-36.0,-62.0,62.0,87.0
-34.0,-62.0,62.0,134.0
-32.0,-62.0,62.0,134.0
-30.0,-62.0,62.0,134.0
-28.0,-62.0,62.0,134.0
-26.0,-62.0,62.0,134.0
-24.0,-62.0,62.0,134.0
-22.0,-62.0,62.0,113.0
-20.0,-62.0,62.0,113.0
-18.0,-62.0,62.0,113.0
-16.0,-62.0,62.0,113.0
-14.0,-62.0,62.0,113.0
-12.0,-62.0,62.0,348.0
-10.0,-62.0,62.0,348.0
-8.0,-62.0,62.0,348.0
-6.0,-62.0,62.0,348.0
-4.0,-62.0,62.0,348.0
2.0,-62.0,62.0,389.0
4.0,-62.0,62.0,389.0
6.0,-62.0,62.0,389.0
8.0,-62.0,62.0,389.0
10.0,-62.0,62.0,389.0
12.0,-62.0,62.0,232.0
14.0,-62.0,62.0,232.0
16.0,-62.0,62.0,232.0
18.0,-62.0,62.0,500.0
20.0,-62.0,62.0,500.0
22.0,-62.0,62.0,500.0
24.0,-62.0,62.0,500.0
26.0,-62.0,62.0,500.0
28.0,-62.0,62.0,500.0
30.0,-62.0,62.0,500.0
32.0,-62.0,62.0,574.0
34.0,-62.0,62.0,574.0
36.0,-62.0,62.0,574.0
-38.0,-60.0,62.0,87.0
-36.0,-60.0,62.0,87.0
-34.0,-60.0,62.0,87.0
-32.0,-60.0,62.0,87.0
-30.0,-60.0,62.0,87.0
-28.0,-60.0,62.0,134.0
-26.0,-60.0,62.0,134.0
-24.0,-60.0,62.0,134.0
-22.0,-60.0,62.0,113.0
-20.0,-60.0,62.0,113.0
-18.0,-60.0,62.0,113.0
-16.0,-60.0,62.0,348.0
-14.0,-60.0,62.0,348.0
-12.0,-60.0,62.0,348.0
-10.0,-60.0,62.0,348.0
-8.0,-60.0,62.0,348.0
-6.0,-60.0,62.0,348.0
-4.0,-60.0,62.0,348.0
4.0,-60.0,62.0,389.0
6.0,-60.0,62.0,389.0
8.0,-60.0,62.0,389.0
10.0,-60.0,62.0,232.0
12.0,-60.0,62.0,232.0
14.0,-60.0,62.0,232.0
16.0,-60.0,62.0,232.0
18.0,-60.0,62.0,232.0
20.0,-60.0,62.0,500.0
22.0,-60.0,62.0,500.0
24.0,-60.0,62.0,500.0
26.0,-60.0,62.0,500.0
28.0,-60.0,62.0,500.0
30.0,-60.0,62.0,500.0
32.0,-60.0,62.0,574.0
34.0,-60.0,62.0,574.0
36.0,-60.0,62.0,574.0
38.0,-60.0,62.0,574.0
-40.0,-58.0,62.0,87.0
-38.0,-58.0,62.0,87.0
-36.0,-58.0,62.0,87.0
-34.0,-58.0,62.0,87.0
-32.0,-58.0,62.0,87.0
-30.0,-58.0,62.0,87.0
-28.0,-58.0,62.0,330.0
-26.0,-58.0,62.0,330.0
-24.0,-58.0,62.0,330.0
-22.0,-58.0,62.0,113.0
-20.0,-58.0,62.0,348.0
-18.0,-58.0,62.0,348.0
-16.0,-58.0,62.0,348.0
-14.0,-58.0,62.0,348.0
-12.0,-58.0,62.0,348.0
-10.0,-58.0,62.0,348.0
-8.0,-58.0,62.0,348.0
-6.0,-58.0,62.0,348.0
-4.0,-58.0,62.0,348.0
4.0,-58.0,62.0,389.0
6.0,-58.0,62.0,389.0
8.0,-58.0,62.0,389.0
10.0,-58.0,62.0,232.0
12.0,-58.0,62.0,232.0
14.0,-58.0,62.0,232.0
16.0,-58.0,62.0,232.0
18.0,-58.0,62.0,232.0
20.0,-58.0,62.0,500.0
22.0,-58.0,62.0,500.0
24.0,-58.0,62.0,500.0
26.0,-58.0,62.0,500.0
28.0,-58.0,62.0,500.0
30.0,-58.0,62.0,500.0
32.0,-58.0,62.0,574.0
34.0,-58.0,62.0,574.0
36.0,-58.0,62.0,574.0
38.0,-58.0,62.0,574.0
40.0,-58.0,62.0,574.0
-42.0,-56.0,62.0,87.0
-40.0,-56.0,62.0,87.0
-38.0,-56.0,62.0,87.0
-36.0,-56.0,62.0,87.0
-34.0,-56.0,62.0,330.0
-32.0,-56.0,62.0,330.0
-30.0,-56.0,62.0,330.0
-28.0,-56.0,62.0,330.0
-26.0,-56.0,62.0,330.0
-24.0,-56.0,62.0,330.0
-22.0,-56.0,62.0,330.0
-20.0,-56.0,62.0,348.0
-18.0,-56.0,62.0,348.0
-16.0,-56.0,62.0,348.0
-14.0,-56.0,62.0,348.0
-12.0,-56.0,62.0,348.0
-10.0,-56.0,62.0,348.0
-8.0,-56.0,62.0,348.0
-6.0,-56.0,62.0,348.0
-4.0,-56.0,62.0,348.0
4.0,-56.0,62.0,389.0
6.0,-56.0,62.0,389.0
8.0,-56.0,62.0,389.0
10.0,-56.0,62.0,232.0
12.0,-56.0,62.0,232.0
14.0,-56.0,62.0,232.0
16.0,-56.0,62.0,232.0
18.0,-56.0,62.0,232.0
20.0,-56.0,62.0,500.0
22.0,-56.0,62.0,500.0
24.0,-56.0,62.0,500.0
26.0,-56.0,62.0,500.0
28.0,-56.0,62.0,500.0
30.0,-56.0,62.0,574.0
32.0,-56.0,62.0,574.0
34.0,-56.0,62.0,574.0
36.0,-56.0,62.0,574.0
38.0,-56.0,62.0,574.0
40.0,-56.0,62.0,574.0
-44.0,-54.0,62.0,599.0
-42.0,-54.0,62.0,549.0
-40.0,-54.0,62.0,330.0
-38.0,-54.0,62.0,330.0
-36.0,-54.0,62.0,330.0
-34.0,-54.0,62.0,330.0
-32.0,-54.0,62.0,330.0
-30.0,-54.0,62.0,330.0
-28.0,-54.0,62.0,330.0
-26.0,-54.0,62.0,330.0
-24.0,-54.0,62.0,330.0
-22.0,-54.0,62.0,330.0
-20.0,-54.0,62.0,330.0
-18.0,-54.0,62.0,348.0
-16.0,-54.0,62.0,348.0
-14.0,-54.0,62.0,348.0
-12.0,-54.0,62.0,348.0
-10.0,-54.0,62.0,348.0
-8.0,-54.0,62.0,348.0
-6.0,-54.0,62.0,348.0
-4.0,-54.0,62.0,348.0
4.0,-54.0,62.0,598.0
6.0,-54.0,62.0,389.0
8.0,-54.0,62.0,232.0
10.0,-54.0,62.0,232.0
12.0,-54.0,62.0,232.0
14.0,-54.0,62.0,232.0
16.0,-54.0,62.0,232.0
18.0,-54.0,62.0,232.0
20.0,-54.0,62.0,500.0
22.0,-54.0,62.0,500.0
24.0,-54.0,62.0,500.0
26.0,-54.0,62.0,344.0
28.0,-54.0,62.0,344.0
30.0,-54.0,62.0,344.0
32.0,-54.0,62.0,574.0
34.0,-54.0,62.0,574.0
36.0,-54.0,62.0,574.0
38.0,-54.0,62.0,574.0
40.0,-54.0,62.0,574.0
-44.0,-52.0,62.0,549.0
-42.0,-52.0,62.0,549.0
-40.0,-52.0,62.0,330.0
-38.0,-52.0,62.0,330.0
-36.0,-52.0,62.0,330.0
-34.0,-52.0,62.0,330.0
-32.0,-52.0,62.0,330.0
-30.0,-52.0,62.0,330.0
-28.0,-52.0,62.0,330.0
-26.0,-52.0,62.0,330.0
-24.0,-52.0,62.0,330.0
-22.0,-52.0,62.0,330.0
-20.0,-52.0,62.0,330.0
-18.0,-52.0,62.0,348.0
-16.0,-52.0,62.0,348.0
-14.0,-52.0,62.0,348.0
-12.0,-52.0,62.0,348.0
-10.0,-52.0,62.0,348.0
-8.0,-52.0,62.0,348.0
-6.0,-52.0,62.0,348.0
-4.0,-52.0,62.0,598.0
2.0,-52.0,62.0,598.0
4.0,-52.0,62.0,598.0
6.0,-52.0,62.0,598.0
8.0,-52.0,62.0,598.0
10.0,-52.0,62.0,232.0
12.0,-52.0,62.0,232.0
14.0,-52.0,62.0,232.0
16.0,-52.0,62.0,232.0
18.0,-52.0,62.0,232.0
20.0,-52.0,62.0,232.0
22.0,-52.0,62.0,500.0
24.0,-52.0,62.0,344.0
26.0,-52.0,62.0,344.0
28.0,-52.0,62.0,344.0
30.0,-52.0,62.0,344.0
32.0,-52.0,62.0,574.0
34.0,-52.0,62.0,574.0
36.0,-52.0,62.0,574.0
38.0,-52.0,62.0,574.0
40.0,-52.0,62.0,574.0
42.0,-52.0,62.0,574.0
-46.0,-50.0,62.0,549.0
-44.0,-50.0,62.0,549.0
-42.0,-50.0,62.0,549.0
-40.0,-50.0,62.0,549.0
-38.0,-50.0,62.0,330.0
-36.0,-50.0,62.0,330.0
-34.0,-50.0,62.0,330.0
-32.0,-50.0,62.0,330.0
-30.0,-50.0,62.0,330.0
-28.0,-50.0,62.0,330.0
-26.0,-50.0,62.0,330.0
-24.0,-50.0,62.0,330.0
-22.0,-50.0,62.0,330.0
-20.0,-50.0,62.0,330.0
-18.0,-50.0,62.0,330.0
-16.0,-50.0,62.0,348.0
-14.0,-50.0,62.0,348.0
-12.0,-50.0,62.0,348.0
-10.0,-50.0,62.0,183.0
-8.0,-50.0,62.0,183.0
-6.0,-50.0,62.0,183.0
-4.0,-50.0,62.0,598.0
2.0,-50.0,62.0,598.0
4.0,-50.0,62.0,598.0
6.0,-50.0,62.0,598.0
8.0,-50.0,62.0,598.0
10.0,-50.0,62.0,598.0
12.0,-50.0,62.0,232.0
14.0,-50.0,62.0,232.0
16.0,-50.0,62.0,232.0
18.0,-50.0,62.0,232.0
20.0,-50.0,62.0,232.0
22.0,-50.0,62.0,344.0
24.0,-50.0,62.0,344.0
26.0,-50.0,62.0,344.0
28.0,-50.0,62.0,344.0
30.0,-50.0,62.0,344.0
32.0,-50.0,62.0,344.0
34.0,-50.0,62.0,574.0
36.0,-50.0,62.0,574.0
38.0,-50.0,62.0,574.0
40.0,-50.0,62.0,574.0
42.0,-50.0,62.0,574.0
-46.0,-48.0,62.0,549.0
-44.0,-48.0,62.0,549.0
-42.0,-48.0,62.0,549.0
-40.0,-48.0,62.0,549.0
-38.0,-48.0,62.0,330.0
-36.0,-48.0,62.0,330.0
-34.0,-48.0,62.0,330.0
-32.0,-48.0,62.0,330.0
-30.0,-48.0,62.0,330.0
-28.0,-48.0,62.0,330.0
-26.0,-48.0,62.0,330.0
-24.0,-48.0,62.0,330.0
-22.0,-48.0,62.0,330.0
-20.0,-48.0,62.0,330.0
-18.0,-48.0,62.0,330.0
-16.0,-48.0,62.0,183.0
-14.0,-48.0,62.0,183.0
-12.0,-48.0,62.0,183.0
-10.0,-48.0,62.0,183.0
-8.0,-48.0,62.0,183.0
-6.0,-48.0,62.0,183.0
2.0,-48.0,62.0,598.0
4.0,-48.0,62.0,598.0
6.0,-48.0,62.0,598.0
8.0,-48.0,62.0,598.0
10.0,-48.0,62.0,598.0
12.0,-48.0,62.0,598.0
14.0,-48.0,62.0,65.0
16.0,-48.0,62.0,232.0
18.0,-48.0,62.0,498.0
20.0,-48.0,62.0,498.0
22.0,-48.0,62.0,344.0
24.0,-48.0,62.0,344.0
26.0,-48.0,62.0,344.0
28.0,-48.0,62.0,344.0
30.0,-48.0,62.0,344.0
32.0,-48.0,62.0,344.0
34.0,-48.0,62.0,574.0
36.0,-48.0,62.0,574.0
38.0,-48.0,62.0,574.0
40.0,-48.0,62.0,471.0
42.0,-48.0,62.0,326.0
44.0,-48.0,62.0,326.0
-46.0,-46.0,62.0,276.0
-44.0,-46.0,62.0,276.0
-42.0,-46.0,62.0,46.0
-40.0,-46.0,62.0,46.0
-38.0,-46.0,62.0,46.0
-36.0,-46.0,62.0,330.0
-34.0,-46.0,62.0,330.0
-32.0,-46.0,62.0,330.0
-30.0,-46.0,62.0,330.0
-28.0,-46.0,62.0,330.0
-26.0,-46.0,62.0,330.0
-24.0,-46.0,62.0,330.0
-22.0,-46.0,62.0,330.0
-20.0,-46.0,62.0,330.0
-18.0,-46.0,62.0,330.0
-16.0,-46.0,62.0,183.0
-14.0,-46.0,62.0,183.0
-12.0,-46.0,62.0,183.0
-10.0,-46.0,62.0,183.0
-8.0,-46.0,62.0,183.0
-6.0,-46.0,62.0,524.0
2.0,-46.0,62.0,598.0
4.0,-46.0,62.0,598.0
6.0,-46.0,62.0,598.0
8.0,-46.0,62.0,598.0
10.0,-46.0,62.0,65.0
12.0,-46.0,62.0,65.0
14.0,-46.0,62.0,65.0
16.0,-46.0,62.0,65.0
18.0,-46.0,62.0,498.0
20.0,-46.0,62.0,498.0
22.0,-46.0,62.0,498.0
24.0,-46.0,62.0,498.0
26.0,-46.0,62.0,344.0
28.0,-46.0,62.0,344.0
30.0,-46.0,62.0,344.0
32.0,-46.0,62.0,344.0
34.0,-46.0,62.0,471.0
36.0,-46.0,62.0,471.0
38.0,-46.0,62.0,471.0
40.0,-46.0,62.0,471.0
42.0,-46.0,62.0,326.0
44.0,-46.0,62.0,326.0
-46.0,-44.0,62.0,276.0
-44.0,-44.0,62.0,276.0
-42.0,-44.0,62.0,46.0
-40.0,-44.0,62.0,46.0
-38.0,-44.0,62.0,46.0
-36.0,-44.0,62.0,46.0
-34.0,-44.0,62.0,330.0
-32.0,-44.0,62.0,330.0
-30.0,-44.0,62.0,330.0
-28.0,-44.0,62.0,330.0
-26.0,-44.0,62.0,330.0
-24.0,-44.0,62.0,330.0
-22.0,-44.0,62.0,330.0
-20.0,-44.0,62.0,330.0
-18.0,-44.0,62.0,330.0
-16.0,-44.0,62.0,183.0
-14.0,-44.0,62.0,183.0
-12.0,-44.0,62.0,183.0
-10.0,-44.0,62.0,524.0
-8.0,-44.0,62.0,524.0
-6.0,-44.0,62.0,524.0
-4.0,-44.0,62.0,524.0
2.0,-44.0,62.0,598.0
4.0,-44.0,62.0,598.0
6.0,-44.0,62.0,598.0
8.0,-44.0,62.0,65.0
10.0,-44.0,62.0,65.0
12.0,-44.0,62.0,65.0
14.0,-44.0,62.0,65.0
16.0,-44.0,62.0,65.0
18.0,-44.0,62.0,498.0
20.0,-44.0,62.0,498.0
22.0,-44.0,62.0,498.0
24.0,-44.0,62.0,498.0
26.0,-44.0,62.0,498.0
28.0,-44.0,62.0,498.0
30.0,-44.0,62.0,344.0
32.0,-44.0,62.0,344.0
34.0,-44.0,62.0,471.0
36.0,-44.0,62.0,471.0
38.0,-44.0,62.0,471.0
40.0,-44.0,62.0,471.0
42.0,-44.0,62.0,326.0
44.0,-44.0,62.0,326.0
-46.0,-42.0,62.0,276.0
-44.0,-42.0,62.0,276.0
-42.0,-42.0,62.0,46.0
-40.0,-42.0,62.0,46.0
-38.0,-42.0,62.0,46.0
-36.0,-42.0,62.0,46.0
-34.0,-42.0,62.0,46.0
-32.0,-42.0,62.0,330.0
-30.0,-42.0,62.0,330.0
-28.0,-42.0,62.0,330.0
-26.0,-42.0,62.0,330.0
-24.0,-42.0,62.0,330.0
-22.0,-42.0,62.0,330.0
-20.0,-42.0,62.0,330.0
-18.0,-42.0,62.0,140.0
-16.0,-42.0,62.0,183.0
-14.0,-42.0,62.0,313.0
-12.0,-42.0,62.0,313.0
-10.0,-42.0,62.0,313.0
-8.0,-42.0,62.0,313.0
-6.0,-42.0,62.0,313.0
-4.0,-42.0,62.0,313.0
2.0,-42.0,62.0,598.0
4.0,-42.0,62.0,598.0
6.0,-42.0,62.0,65.0
8.0,-42.0,62.0,65.0
10.0,-42.0,62.0,65.0
12.0,-42.0,62.0,65.0
14.0,-42.0,62.0,65.0
16.0,-42.0,62.0,65.0
18.0,-42.0,62.0,498.0
20.0,-42.0,62.0,498.0
22.0,-42.0,62.0,498.0
24.0,-42.0,62.0,498.0
26.0,-42.0,62.0,498.0
28.0,-42.0,62.0,498.0
30.0,-42.0,62.0,498.0
32.0,-42.0,62.0,498.0
34.0,-42.0,62.0,471.0
36.0,-42.0,62.0,471.0
38.0,-42.0,62.0,471.0
40.0,-42.0,62.0,471.0
42.0,-42.0,62.0,326.0
44.0,-42.0,62.0,326.0
46.0,-42.0,62.0,326.0
-46.0,-40.0,62.0,276.0
-44.0,-40.0,62.0,276.0
-42.0,-40.0,62.0,46.0
-40.0,-40.0,62.0,46.0
-38.0,-40.0,62.0,46.0
-36.0,-40.0,62.0,46.0
-34.0,-40.0,62.0,46.0
-32.0,-40.0,62.0,46.0
-30.0,-40.0,62.0,33.0
-28.0,-40.0,62.0,283.0
-26.0,-40.0,62.0,283.0
-24.0,-40.0,62.0,283.0
-22.0,-40.0,62.0,283.0
-16.0,-40.0,62.0,313.0
-14.0,-40.0,62.0,313.0
-12.0,-40.0,62.0,313.0
-10.0,-40.0,62.0,313.0
-8.0,-40.0,62.0,313.0
-6.0,-40.0,62.0,313.0
-4.0,-40.0,62.0,313.0
2.0,-40.0,62.0,65.0
4.0,-40.0,62.0,65.0
6.0,-40.0,62.0,65.0
8.0,-40.0,62.0,65.0
12.0,-40.0,62.0,65.0
14.0,-40.0,62.0,65.0
16.0,-40.0,62.0,65.0
18.0,-40.0,62.0,498.0
20.0,-40.0,62.0,498.0
26.0,-40.0,62.0,498.0
28.0,-40.0,62.0,498.0
30.0,-40.0,62.0,498.0
32.0,-40.0,62.0,498.0
34.0,-40.0,62.0,471.0
36.0,-40.0,62.0,471.0
38.0,-40.0,62.0,471.0
40.0,-40.0,62.0,471.0
42.0,-40.0,62.0,326.0
44.0,-40.0,62.0,326.0
46.0,-40.0,62.0,326.0
48.0,-40.0,62.0,326.0
-46.0,-38.0,62.0,276.0
-44.0,-38.0,62.0,276.0
-42.0,-38.0,62.0,46.0
-40.0,-38.0,62.0,46.0
-38.0,-38.0,62.0,46.0
-36.0,-38.0,62.0,46.0
-34.0,-38.0,62.0,46.0
-32.0,-38.0,62.0,46.0
-30.0,-38.0,62.0,283.0
-28.0,-38.0,62.0,283.0
-26.0,-38.0,62.0,283.0
-24.0,-38.0,62.0,283.0
-8.0,-38.0,62.0,313.0
-6.0,-38.0,62.0,313.0
-4.0,-38.0,62.0,313.0
2.0,-38.0,62.0,313.0
4.0,-38.0,62.0,65.0
6.0,-38.0,62.0,65.0
14.0,-38.0,62.0,65.0
16.0,-38.0,62.0,65.0
18.0,-38.0,62.0,65.0
26.0,-38.0,62.0,498.0
28.0,-38.0,62.0,498.0
30.0,-38.0,62.0,498.0
32.0,-38.0,62.0,498.0
34.0,-38.0,62.0,471.0
36.0,-38.0,62.0,471.0
38.0,-38.0,62.0,471.0
40.0,-38.0,62.0,471.0
42.0,-38.0,62.0,326.0
44.0,-38.0,62.0,326.0
46.0,-38.0,62.0,326.0
48.0,-38.0,62.0,326.0
-48.0,-36.0,62.0,276.0
-46.0,-36.0,62.0,276.0
-44.0,-36.0,62.0,276.0
-42.0,-36.0,62.0,46.0
-40.0,-36.0,62.0,46.0
-38.0,-36.0,62.0,46.0
-36.0,-36.0,62.0,46.0
-34.0,-36.0,62.0,46.0
-32.0,-36.0,62.0,46.0
-8.0,-36.0,62.0,313.0
-6.0,-36.0,62.0,313.0
-4.0,-36.0,62.0,313.0
2.0,-36.0,62.0,313.0
4.0,-36.0,62.0,65.0
6.0,-36.0,62.0,65.0
24.0,-36.0,62.0,498.0
28.0,-36.0,62.0,498.0
30.0,-36.0,62.0,498.0
32.0,-36.0,62.0,498.0
34.0,-36.0,62.0,520.0
36.0,-36.0,62.0,520.0
38.0,-36.0,62.0,471.0
40.0,-36.0,62.0,471.0
42.0,-36.0,62.0,326.0
44.0,-36.0,62.0,326.0
46.0,-36.0,62.0,326.0
48.0,-36.0,62.0,326.0
-50.0,-34.0,62.0,276.0
-48.0,-34.0,62.0,276.0
-46.0,-34.0,62.0,276.0
-44.0,-34.0,62.0,276.0
-42.0,-34.0,62.0,46.0
-40.0,-34.0,62.0,46.0
-38.0,-34.0,62.0,46.0
-36.0,-34.0,62.0,46.0
-6.0,-34.0,62.0,313.0
-4.0,-34.0,62.0,313.0
2.0,-34.0,62.0,313.0
4.0,-34.0,62.0,65.0
6.0,-34.0,62.0,65.0
14.0,-34.0,62.0,65.0
16.0,-34.0,62.0,65.0
18.0,-34.0,62.0,226.0
24.0,-34.0,62.0,498.0
26.0,-34.0,62.0,498.0
28.0,-34.0,62.0,498.0
30.0,-34.0,62.0,498.0
32.0,-34.0,62.0,520.0
34.0,-34.0,62.0,520.0
36.0,-34.0,62.0,520.0
38.0,-34.0,62.0,520.0
40.0,-34.0,62.0,32.0
42.0,-34.0,62.0,32.0
44.0,-34.0,62.0,32.0
46.0,-34.0,62.0,32.0
48.0,-34.0,62.0,326.0
50.0,-34.0,62.0,8.0
-50.0,-32.0,62.0,276.0
-48.0,-32.0,62.0,276.0
-46.0,-32.0,62.0,276.0
-44.0,-32.0,62.0,276.0
-42.0,-32.0,62.0,46.0
-40.0,-32.0,62.0,46.0
-6.0,-32.0,62.0,313.0
-4.0,-32.0,62.0,313.0
2.0,-32.0,62.0,313.0
4.0,-32.0,62.0,65.0
6.0,-32.0,62.0,65.0
8.0,-32.0,62.0,65.0
14.0,-32.0,62.0,226.0
16.0,-32.0,62.0,226.0
18.0,-32.0,62.0,226.0
26.0,-32.0,62.0,498.0
28.0,-32.0,62.0,498.0
36.0,-32.0,62.0,520.0
40.0,-32.0,62.0,32.0
42.0,-32.0,62.0,32.0
44.0,-32.0,62.0,32.0
46.0,-32.0,62.0,32.0
48.0,-32.0,62.0,32.0
50.0,-32.0,62.0,8.0
-50.0,-30.0,62.0,276.0
-48.0,-30.0,62.0,276.0
-46.0,-30.0,62.0,276.0
-44.0,-30.0,62.0,276.0
-42.0,-30.0,62.0,46.0
-20.0,-30.0,62.0,511.0
-18.0,-30.0,62.0,511.0
-16.0,-30.0,62.0,337.0
-8.0,-30.0,62.0,313.0
-6.0,-30.0,62.0,313.0
-4.0,-30.0,62.0,313.0
2.0,-30.0,62.0,313.0
4.0,-30.0,62.0,103.0
6.0,-30.0,62.0,103.0
8.0,-30.0,62.0,103.0
10.0,-30.0,62.0,103.0
16.0,-30.0,62.0,226.0
18.0,-30.0,62.0,226.0
20.0,-30.0,62.0,226.0
40.0,-30.0,62.0,32.0
42.0,-30.0,62.0,32.0
44.0,-30.0,62.0,32.0
46.0,-30.0,62.0,32.0
48.0,-30.0,62.0,32.0
50.0,-30.0,62.0,32.0
-50.0,-28.0,62.0,276.0
-48.0,-28.0,62.0,276.0
-46.0,-28.0,62.0,276.0
-44.0,-28.0,62.0,276.0
-42.0,-28.0,62.0,46.0
-24.0,-28.0,62.0,485.0
-20.0,-28.0,62.0,337.0
-18.0,-28.0,62.0,337.0
-10.0,-28.0,62.0,337.0
-8.0,-28.0,62.0,337.0
-6.0,-28.0,62.0,462.0
-4.0,-28.0,62.0,462.0
2.0,-28.0,62.0,462.0
4.0,-28.0,62.0,103.0
6.0,-28.0,62.0,103.0
8.0,-28.0,62.0,103.0
10.0,-28.0,62.0,226.0
16.0,-28.0,62.0,226.0
18.0,-28.0,62.0,226.0
20.0,-28.0,62.0,226.0
42.0,-28.0,62.0,32.0
44.0,-28.0,62.0,32.0
46.0,-28.0,62.0,32.0
48.0,-28.0,62.0,32.0
50.0,-28.0,62.0,32.0
-50.0,-26.0,62.0,10.0
-48.0,-26.0,62.0,10.0
-46.0,-26.0,62.0,432.0
-44.0,-26.0,62.0,432.0
-24.0,-26.0,62.0,485.0
-22.0,-26.0,62.0,485.0
-10.0,-26.0,62.0,337.0
-8.0,-26.0,62.0,337.0
-6.0,-26.0,62.0,337.0
-4.0,-26.0,62.0,337.0
2.0,-26.0,62.0,130.0
4.0,-26.0,62.0,103.0
6.0,-26.0,62.0,103.0
8.0,-26.0,62.0,103.0
10.0,-26.0,62.0,226.0
16.0,-26.0,62.0,226.0
18.0,-26.0,62.0,226.0
20.0,-26.0,62.0,226.0
22.0,-26.0,62.0,226.0
24.0,-26.0,62.0,226.0
42.0,-26.0,62.0,32.0
44.0,-26.0,62.0,32.0
46.0,-26.0,62.0,32.0
48.0,-26.0,62.0,32.0
50.0,-26.0,62.0,32.0
-50.0,-24.0,62.0,10.0
-48.0,-24.0,62.0,10.0
-46.0,-24.0,62.0,10.0
-10.0,-24.0,62.0,337.0
-8.0,-24.0,62.0,337.0
-6.0,-24.0,62.0,337.0
-4.0,-24.0,62.0,337.0
2.0,-24.0,62.0,130.0
4.0,-24.0,62.0,130.0
6.0,-24.0,62.0,103.0
8.0,-24.0,62.0,103.0
10.0,-24.0,62.0,226.0
18.0,-24.0,62.0,226.0
20.0,-24.0,62.0,226.0
22.0,-24.0,62.0,226.0
24.0,-24.0,62.0,226.0
44.0,-24.0,62.0,32.0
46.0,-24.0,62.0,32.0
48.0,-24.0,62.0,32.0
50.0,-24.0,62.0,32.0
-50.0,-22.0,62.0,10.0
-48.0,-22.0,62.0,10.0
-46.0,-22.0,62.0,10.0
-10.0,-22.0,62.0,337.0
-8.0,-22.0,62.0,337.0
-6.0,-22.0,62.0,337.0
-4.0,-22.0,62.0,130.0
-2.0,-22.0,62.0,130.0
2.0,-22.0,62.0,130.0
4.0,-22.0,62.0,130.0
6.0,-22.0,62.0,130.0
8.0,-22.0,62.0,130.0
10.0,-22.0,62.0,226.0
18.0,-22.0,62.0,226.0
20.0,-22.0,62.0,226.0
22.0,-22.0,62.0,226.0
24.0,-22.0,62.0,226.0
44.0,-22.0,62.0,32.0
46.0,-22.0,62.0,32.0
48.0,-22.0,62.0,32.0
50.0,-22.0,62.0,32.0
-50.0,-20.0,62.0,10.0
-48.0,-20.0,62.0,10.0
-42.0,-20.0,62.0,432.0
-30.0,-20.0,62.0,485.0
-26.0,-20.0,62.0,485.0
-24.0,-20.0,62.0,485.0
-8.0,-20.0,62.0,337.0
-6.0,-20.0,62.0,130.0
-4.0,-20.0,62.0,130.0
-2.0,-20.0,62.0,130.0
2.0,-20.0,62.0,130.0
4.0,-20.0,62.0,130.0
6.0,-20.0,62.0,130.0
8.0,-20.0,62.0,130.0
10.0,-20.0,62.0,382.0
20.0,-20.0,62.0,226.0
22.0,-20.0,62.0,226.0
24.0,-20.0,62.0,315.0
40.0,-20.0,62.0,32.0
42.0,-20.0,62.0,32.0
44.0,-20.0,62.0,32.0
46.0,-20.0,62.0,32.0
48.0,-20.0,62.0,32.0
-50.0,-18.0,62.0,10.0
-48.0,-18.0,62.0,10.0
-46.0,-18.0,62.0,10.0
-44.0,-18.0,62.0,10.0
-42.0,-18.0,62.0,432.0
-40.0,-18.0,62.0,432.0
-32.0,-18.0,62.0,485.0
-30.0,-18.0,62.0,485.0
-28.0,-18.0,62.0,485.0
-26.0,-18.0,62.0,485.0
-24.0,-18.0,62.0,485.0
-22.0,-18.0,62.0,249.0
-20.0,-18.0,62.0,249.0
-18.0,-18.0,62.0,249.0
-8.0,-18.0,62.0,130.0
-6.0,-18.0,62.0,130.0
-4.0,-18.0,62.0,130.0
-2.0,-18.0,62.0,130.0
2.0,-18.0,62.0,130.0
4.0,-18.0,62.0,130.0
6.0,-18.0,62.0,130.0
8.0,-18.0,62.0,382.0
10.0,-18.0,62.0,382.0
16.0,-18.0,62.0,382.0
18.0,-18.0,62.0,382.0
20.0,-18.0,62.0,382.0
22.0,-18.0,62.0,315.0
24.0,-18.0,62.0,315.0
26.0,-18.0,62.0,315.0
28.0,-18.0,62.0,315.0
30.0,-18.0,62.0,315.0
38.0,-18.0,62.0,32.0
40.0,-18.0,62.0,32.0
42.0,-18.0,62.0,32.0
44.0,-18.0,62.0,32.0
-46.0,-16.0,62.0,10.0
-44.0,-16.0,62.0,10.0
-42.0,-16.0,62.0,432.0
-40.0,-16.0,62.0,432.0
-32.0,-16.0,62.0,485.0
-30.0,-16.0,62.0,485.0
-28.0,-16.0,62.0,485.0
-26.0,-16.0,62.0,485.0
-24.0,-16.0,62.0,485.0
-22.0,-16.0,62.0,249.0
-20.0,-16.0,62.0,249.0
-18.0,-16.0,62.0,249.0
-16.0,-16.0,62.0,249.0
-14.0,-16.0,62.0,249.0
-8.0,-16.0,62.0,130.0
-6.0,-16.0,62.0,130.0
-4.0,-16.0,62.0,130.0
-2.0,-16.0,62.0,130.0
2.0,-16.0,62.0,130.0
4.0,-16.0,62.0,130.0
6.0,-16.0,62.0,130.0
8.0,-16.0,62.0,382.0
10.0,-16.0,62.0,382.0
14.0,-16.0,62.0,382.0
16.0,-16.0,62.0,382.0
18.0,-16.0,62.0,382.0
20.0,-16.0,62.0,382.0
22.0,-16.0,62.0,382.0
24.0,-16.0,62.0,315.0
26.0,-16.0,62.0,315.0
28.0,-16.0,62.0,315.0
30.0,-16.0,62.0,315.0
32.0,-16.0,62.0,315.0
34.0,-16.0,62.0,315.0
36.0,-16.0,62.0,315.0
38.0,-16.0,62.0,32.0
40.0,-16.0,62.0,32.0
42.0,-16.0,62.0,32.0
44.0,-16.0,62.0,32.0
46.0,-16.0,62.0,286.0
-48.0,-14.0,62.0,10.0
-46.0,-14.0,62.0,10.0
-44.0,-14.0,62.0,10.0
-42.0,-14.0,62.0,432.0
-40.0,-14.0,62.0,432.0
-38.0,-14.0,62.0,432.0
-36.0,-14.0,62.0,432.0
-34.0,-14.0,62.0,485.0
-32.0,-14.0,62.0,485.0
-30.0,-14.0,62.0,485.0
-28.0,-14.0,62.0,485.0
-26.0,-14.0,62.0,485.0
-24.0,-14.0,62.0,485.0
-22.0,-14.0,62.0,249.0
-20.0,-14.0,62.0,249.0
-18.0,-14.0,62.0,249.0
-16.0,-14.0,62.0,249.0
-14.0,-14.0,62.0,249.0
-8.0,-14.0,62.0,130.0
-6.0,-14.0,62.0,130.0
-4.0,-14.0,62.0,130.0
-2.0,-14.0,62.0,130.0
2.0,-14.0,62.0,130.0
4.0,-14.0,62.0,130.0
6.0,-14.0,62.0,382.0
8.0,-14.0,62.0,382.0
10.0,-14.0,62.0,382.0
12.0,-14.0,62.0,382.0
14.0,-14.0,62.0,382.0
16.0,-14.0,62.0,382.0
18.0,-14.0,62.0,382.0
20.0,-14.0,62.0,382.0
22.0,-14.0,62.0,382.0
24.0,-14.0,62.0,315.0
26.0,-14.0,62.0,315.0
28.0,-14.0,62.0,315.0
30.0,-14.0,62.0,315.0
32.0,-14.0,62.0,315.0
34.0,-14.0,62.0,315.0
36.0,-14.0,62.0,409.0
38.0,-14.0,62.0,409.0
40.0,-14.0,62.0,32.0
42.0,-14.0,62.0,286.0
44.0,-14.0,62.0,286.0
46.0,-14.0,62.0,286.0
-46.0,-12.0,62.0,10.0
-44.0,-12.0,62.0,10.0
-42.0,-12.0,62.0,10.0
-40.0,-12.0,62.0,432.0
-38.0,-12.0,62.0,432.0
-36.0,-12.0,62.0,432.0
-34.0,-12.0,62.0,89.0
-32.0,-12.0,62.0,89.0
-30.0,-12.0,62.0,89.0
-28.0,-12.0,62.0,89.0
-26.0,-12.0,62.0,89.0
-24.0,-12.0,62.0,89.0
-22.0,-12.0,62.0,249.0
-20.0,-12.0,62.0,249.0
-18.0,-12.0,62.0,249.0
-16.0,-12.0,62.0,249.0
-14.0,-12.0,62.0,249.0
-8.0,-12.0,62.0,384.0
-6.0,-12.0,62.0,130.0
-4.0,-12.0,62.0,130.0
-2.0,-12.0,62.0,130.0
2.0,-12.0,62.0,130.0
4.0,-12.0,62.0,130.0
6.0,-12.0,62.0,382.0
8.0,-12.0,62.0,382.0
10.0,-12.0,62.0,382.0
12.0,-12.0,62.0,382.0
14.0,-12.0,62.0,382.0
16.0,-12.0,62.0,382.0
18.0,-12.0,62.0,382.0
20.0,-12.0,62.0,382.0
22.0,-12.0,62.0,382.0
24.0,-12.0,62.0,315.0
26.0,-12.0,62.0,315.0
28.0,-12.0,62.0,315.0
30.0,-12.0,62.0,409.0
32.0,-12.0,62.0,409.0
34.0,-12.0,62.0,409.0
36.0,-12.0,62.0,409.0
38.0,-12.0,62.0,409.0
40.0,-12.0,62.0,286.0
42.0,-12.0,62.0,286.0
44.0,-12.0,62.0,286.0
-46.0,-10.0,62.0,10.0
-44.0,-10.0,62.0,10.0
-42.0,-10.0,62.0,10.0
-40.0,-10.0,62.0,432.0
-38.0,-10.0,62.0,432.0
-36.0,-10.0,62.0,89.0
-34.0,-10.0,62.0,89.0
-32.0,-10.0,62.0,89.0
-30.0,-10.0,62.0,89.0
-28.0,-10.0,62.0,89.0
-26.0,-10.0,62.0,89.0
-24.0,-10.0,62.0,89.0
-22.0,-10.0,62.0,249.0
-20.0,-10.0,62.0,249.0
-18.0,-10.0,62.0,249.0
-16.0,-10.0,62.0,249.0
-14.0,-10.0,62.0,384.0
-12.0,-10.0,62.0,384.0
-8.0,-10.0,62.0,384.0
-6.0,-10.0,62.0,130.0
-4.0,-10.0,62.0,130.0
-2.0,-10.0,62.0,130.0
2.0,-10.0,62.0,130.0
4.0,-10.0,62.0,382.0
6.0,-10.0,62.0,382.0
8.0,-10.0,62.0,382.0
10.0,-10.0,62.0,382.0
12.0,-10.0,62.0,382.0
14.0,-10.0,62.0,382.0
16.0,-10.0,62.0,382.0
18.0,-10.0,62.0,382.0
20.0,-10.0,62.0,382.0
22.0,-10.0,62.0,382.0
24.0,-10.0,62.0,45.0
26.0,-10.0,62.0,45.0
28.0,-10.0,62.0,409.0
30.0,-10.0,62.0,409.0
32.0,-10.0,62.0,409.0
34.0,-10.0,62.0,409.0
36.0,-10.0,62.0,409.0
38.0,-10.0,62.0,409.0
40.0,-10.0,62.0,409.0
42.0,-10.0,62.0,286.0
44.0,-10.0,62.0,286.0
-46.0,-8.0,62.0,10.0
-44.0,-8.0,62.0,10.0
-42.0,-8.0,62.0,10.0
-40.0,-8.0,62.0,432.0
-38.0,-8.0,62.0,432.0
-36.0,-8.0,62.0,89.0
-34.0,-8.0,62.0,89.0
-32.0,-8.0,62.0,89.0
-30.0,-8.0,62.0,89.0
-28.0,-8.0,62.0,89.0
-26.0,-8.0,62.0,89.0
-24.0,-8.0,62.0,89.0
-22.0,-8.0,62.0,527.0
-20.0,-8.0,62.0,527.0
-18.0,-8.0,62.0,527.0
-16.0,-8.0,62.0,384.0
-14.0,-8.0,62.0,384.0
-12.0,-8.0,62.0,384.0
-10.0,-8.0,62.0,384.0
-8.0,-8.0,62.0,384.0
-6.0,-8.0,62.0,384.0
-4.0,-8.0,62.0,130.0
-2.0,-8.0,62.0,130.0
2.0,-8.0,62.0,130.0
4.0,-8.0,62.0,382.0
6.0,-8.0,62.0,382.0
8.0,-8.0,62.0,382.0
10.0,-8.0,62.0,382.0
12.0,-8.0,62.0,382.0
14.0,-8.0,62.0,382.0
16.0,-8.0,62.0,382.0
18.0,-8.0,62.0,382.0
20.0,-8.0,62.0,382.0
22.0,-8.0,62.0,45.0
24.0,-8.0,62.0,45.0
26.0,-8.0,62.0,45.0
28.0,-8.0,62.0,45.0
30.0,-8.0,62.0,409.0
32.0,-8.0,62.0,409.0
34.0,-8.0,62.0,409.0
36.0,-8.0,62.0,409.0
38.0,-8.0,62.0,409.0
40.0,-8.0,62.0,409.0
42.0,-8.0,62.0,286.0
44.0,-8.0,62.0,286.0
-46.0,-6.0,62.0,180.0
-44.0,-6.0,62.0,180.0
-42.0,-6.0,62.0,180.0
-40.0,-6.0,62.0,180.0
-38.0,-6.0,62.0,89.0
-36.0,-6.0,62.0,89.0
-34.0,-6.0,62.0,89.0
-32.0,-6.0,62.0,89.0
-30.0,-6.0,62.0,89.0
-28.0,-6.0,62.0,89.0
-26.0,-6.0,62.0,89.0
-24.0,-6.0,62.0,89.0
-22.0,-6.0,62.0,527.0
-20.0,-6.0,62.0,527.0
-18.0,-6.0,62.0,527.0
-16.0,-6.0,62.0,527.0
-14.0,-6.0,62.0,384.0
-12.0,-6.0,62.0,384.0
-10.0,-6.0,62.0,384.0
-8.0,-6.0,62.0,384.0
-6.0,-6.0,62.0,384.0
-4.0,-6.0,62.0,384.0
2.0,-6.0,62.0,69.0
4.0,-6.0,62.0,69.0
6.0,-6.0,62.0,69.0
8.0,-6.0,62.0,382.0
10.0,-6.0,62.0,382.0
12.0,-6.0,62.0,382.0
14.0,-6.0,62.0,382.0
16.0,-6.0,62.0,382.0
18.0,-6.0,62.0,382.0
20.0,-6.0,62.0,382.0
22.0,-6.0,62.0,45.0
24.0,-6.0,62.0,45.0
26.0,-6.0,62.0,45.0
28.0,-6.0,62.0,45.0
30.0,-6.0,62.0,45.0
32.0,-6.0,62.0,409.0
34.0,-6.0,62.0,409.0
36.0,-6.0,62.0,409.0
38.0,-6.0,62.0,409.0
40.0,-6.0,62.0,409.0
42.0,-6.0,62.0,409.0
44.0,-6.0,62.0,286.0
-44.0,-4.0,62.0,180.0
-42.0,-4.0,62.0,180.0
-40.0,-4.0,62.0,180.0
-38.0,-4.0,62.0,180.0
-36.0,-4.0,62.0,333.0
-34.0,-4.0,62.0,89.0
-32.0,-4.0,62.0,89.0
-30.0,-4.0,62.0,89.0
-28.0,-4.0,62.0,89.0
-26.0,-4.0,62.0,89.0
-24.0,-4.0,62.0,527.0
-22.0,-4.0,62.0,527.0
-20.0,-4.0,62.0,527.0
-18.0,-4.0,62.0,527.0
-16.0,-4.0,62.0,527.0
-14.0,-4.0,62.0,384.0
-12.0,-4.0,62.0,384.0
-10.0,-4.0,62.0,384.0
-8.0,-4.0,62.0,384.0
-6.0,-4.0,62.0,18.0
-4.0,-4.0,62.0,18.0
2.0,-4.0,62.0,69.0
4.0,-4.0,62.0,69.0
6.0,-4.0,62.0,69.0
8.0,-4.0,62.0,69.0
14.0,-4.0,62.0,424.0
16.0,-4.0,62.0,424.0
18.0,-4.0,62.0,424.0
20.0,-4.0,62.0,424.0
22.0,-4.0,62.0,45.0
24.0,-4.0,62.0,45.0
26.0,-4.0,62.0,45.0
28.0,-4.0,62.0,45.0
30.0,-4.0,62.0,45.0
32.0,-4.0,62.0,45.0
34.0,-4.0,62.0,409.0
36.0,-4.0,62.0,409.0
38.0,-4.0,62.0,409.0
40.0,-4.0,62.0,409.0
42.0,-4.0,62.0,409.0
-42.0,-2.0,62.0,180.0
-40.0,-2.0,62.0,180.0
-38.0,-2.0,62.0,333.0
-36.0,-2.0,62.0,333.0
-34.0,-2.0,62.0,333.0
-32.0,-2.0,62.0,333.0
-30.0,-2.0,62.0,333.0
-28.0,-2.0,62.0,89.0
-26.0,-2.0,62.0,89.0
-24.0,-2.0,62.0,527.0
-22.0,-2.0,62.0,527.0
-20.0,-2.0,62.0,527.0
-18.0,-2.0,62.0,527.0
-12.0,-2.0,62.0,384.0
-10.0,-2.0,62.0,384.0
-8.0,-2.0,62.0,18.0
-6.0,-2.0,62.0,18.0
-4.0,-2.0,62.0,18.0
2.0,-2.0,62.0,69.0
4.0,-2.0,62.0,69.0
6.0,-2.0,62.0,69.0
8.0,-2.0,62.0,69.0
20.0,-2.0,62.0,424.0
22.0,-2.0,62.0,45.0
24.0,-2.0,62.0,45.0
26.0,-2.0,62.0,45.0
28.0,-2.0,62.0,45.0
30.0,-2.0,62.0,45.0
32.0,-2.0,62.0,45.0
34.0,-2.0,62.0,45.0
36.0,-2.0,62.0,409.0
38.0,-2.0,62.0,409.0
40.0,-2.0,62.0,409.0
42.0,-2.0,62.0,409.0
-40.0,-0.0,62.0,180.0
-38.0,-0.0,62.0,333.0
-36.0,-0.0,62.0,333.0
-34.0,-0.0,62.0,333.0
-32.0,-0.0,62.0,333.0
-30.0,-0.0,62.0,333.0
-28.0,-0.0,62.0,333.0
-26.0,-0.0,62.0,333.0
-24.0,-0.0,62.0,527.0
-22.0,-0.0,62.0,527.0
-20.0,-0.0,62.0,527.0
-18.0,-0.0,62.0,527.0
-16.0,-0.0,62.0,555.0
-12.0,-0.0,62.0,555.0
-10.0,-0.0,62.0,555.0
-8.0,-0.0,62.0,18.0
-6.0,-0.0,62.0,18.0
-4.0,-0.0,62.0,18.0
2.0,-0.0,62.0,69.0
4.0,-0.0,62.0,69.0
6.0,-0.0,62.0,69.0
8.0,-0.0,62.0,69.0
10.0,-0.0,62.0,69.0
12.0,-0.0,62.0,424.0
14.0,-0.0,62.0,424.0
16.0,-0.0,62.0,424.0
18.0,-0.0,62.0,424.0
20.0,-0.0,62.0,424.0
22.0,-0.0,62.0,45.0
24.0,-0.0,62.0,45.0
26.0,-0.0,62.0,45.0
28.0,-0.0,62.0,45.0
30.0,-0.0,62.0,45.0
32.0,-0.0,62.0,45.0
34.0,-0.0,62.0,45.0
36.0,-0.0,62.0,45.0
38.0,-0.0,62.0,409.0
40.0,-0.0,62.0,409.0
42.0,-0.0,62.0,409.0
-40.0,2.0,62.0,333.0
-38.0,2.0,62.0,333.0
-36.0,2.0,62.0,333.0
-34.0,2.0,62.0,333.0
-32.0,2.0,62.0,333.0
-30.0,2.0,62.0,333.0
-28.0,2.0,62.0,333.0
-26.0,2.0,62.0,333.0
-24.0,2.0,62.0,333.0
-22.0,2.0,62.0,527.0
-20.0,2.0,62.0,527.0
-18.0,2.0,62.0,555.0
-16.0,2.0,62.0,555.0
-14.0,2.0,62.0,555.0
-12.0,2.0,62.0,555.0
-10.0,2.0,62.0,18.0
-8.0,2.0,62.0,18.0
-6.0,2.0,62.0,18.0
-4.0,2.0,62.0,18.0
2.0,2.0,62.0,69.0
4.0,2.0,62.0,69.0
6.0,2.0,62.0,69.0
8.0,2.0,62.0,69.0
10.0,2.0,62.0,69.0
12.0,2.0,62.0,424.0
14.0,2.0,62.0,424.0
16.0,2.0,62.0,424.0
18.0,2.0,62.0,424.0
20.0,2.0,62.0,424.0
22.0,2.0,62.0,494.0
24.0,2.0,62.0,45.0
26.0,2.0,62.0,45.0
28.0,2.0,62.0,45.0
30.0,2.0,62.0,45.0
32.0,2.0,62.0,45.0
34.0,2.0,62.0,45.0
36.0,2.0,62.0,45.0
38.0,2.0,62.0,45.0
40.0,2.0,62.0,403.0
-40.0,4.0,62.0,333.0
-38.0,4.0,62.0,333.0
-36.0,4.0,62.0,333.0
-34.0,4.0,62.0,333.0
-32.0,4.0,62.0,333.0
-30.0,4.0,62.0,333.0
-28.0,4.0,62.0,333.0
-26.0,4.0,62.0,333.0
-24.0,4.0,62.0,333.0
-22.0,4.0,62.0,340.0
-20.0,4.0,62.0,555.0
-18.0,4.0,62.0,555.0
-16.0,4.0,62.0,555.0
-14.0,4.0,62.0,555.0
-12.0,4.0,62.0,555.0
-10.0,4.0,62.0,18.0
-8.0,4.0,62.0,18.0
-6.0,4.0,62.0,18.0
-4.0,4.0,62.0,18.0
2.0,4.0,62.0,69.0
4.0,4.0,62.0,69.0
6.0,4.0,62.0,69.0
8.0,4.0,62.0,69.0
10.0,4.0,62.0,69.0
12.0,4.0,62.0,424.0
14.0,4.0,62.0,424.0
16.0,4.0,62.0,424.0
18.0,4.0,62.0,424.0
20.0,4.0,62.0,424.0
22.0,4.0,62.0,494.0
24.0,4.0,62.0,494.0
26.0,4.0,62.0,22.0
28.0,4.0,62.0,22.0
30.0,4.0,62.0,22.0
32.0,4.0,62.0,22.0
34.0,4.0,62.0,22.0
36.0,4.0,62.0,22.0
38.0,4.0,62.0,403.0
40.0,4.0,62.0,403.0
-42.0,6.0,62.0,180.0
-40.0,6.0,62.0,333.0
-38.0,6.0,62.0,333.0
-36.0,6.0,62.0,333.0
-34.0,6.0,62.0,333.0
-32.0,6.0,62.0,333.0
-30.0,6.0,62.0,333.0
-28.0,6.0,62.0,333.0
-26.0,6.0,62.0,340.0
-24.0,6.0,62.0,340.0
-22.0,6.0,62.0,340.0
-20.0,6.0,62.0,340.0
-18.0,6.0,62.0,555.0
-16.0,6.0,62.0,555.0
-14.0,6.0,62.0,555.0
-12.0,6.0,62.0,555.0
-10.0,6.0,62.0,18.0
-8.0,6.0,62.0,18.0
-6.0,6.0,62.0,18.0
-4.0,6.0,62.0,18.0
2.0,6.0,62.0,69.0
4.0,6.0,62.0,69.0
6.0,6.0,62.0,69.0
8.0,6.0,62.0,69.0
10.0,6.0,62.0,69.0
12.0,6.0,62.0,424.0
14.0,6.0,62.0,424.0
16.0,6.0,62.0,424.0
18.0,6.0,62.0,253.0
20.0,6.0,62.0,253.0
22.0,6.0,62.0,494.0
24.0,6.0,62.0,494.0
26.0,6.0,62.0,22.0
28.0,6.0,62.0,22.0
30.0,6.0,62.0,22.0
32.0,6.0,62.0,22.0
34.0,6.0,62.0,22.0
36.0,6.0,62.0,22.0
38.0,6.0,62.0,403.0
40.0,6.0,62.0,403.0
-40.0,8.0,62.0,333.0
-38.0,8.0,62.0,333.0
-36.0,8.0,62.0,333.0
-34.0,8.0,62.0,333.0
-32.0,8.0,62.0,333.0
-30.0,8.0,62.0,333.0
-28.0,8.0,62.0,340.0
-26.0,8.0,62.0,340.0
-24.0,8.0,62.0,340.0
-22.0,8.0,62.0,340.0
-20.0,8.0,62.0,340.0
-18.0,8.0,62.0,340.0
-16.0,8.0,62.0,555.0
-14.0,8.0,62.0,555.0
-12.0,8.0,62.0,18.0
-10.0,8.0,62.0,18.0
-8.0,8.0,62.0,18.0
-6.0,8.0,62.0,18.0
-4.0,8.0,62.0,18.0
2.0,8.0,62.0,563.0
4.0,8.0,62.0,563.0
6.0,8.0,62.0,149.0
8.0,8.0,62.0,149.0
10.0,8.0,62.0,149.0
12.0,8.0,62.0,149.0
14.0,8.0,62.0,253.0
16.0,8.0,62.0,253.0
18.0,8.0,62.0,253.0
20.0,8.0,62.0,253.0
22.0,8.0,62.0,253.0
24.0,8.0,62.0,494.0
26.0,8.0,62.0,22.0
28.0,8.0,62.0,22.0
30.0,8.0,62.0,22.0
32.0,8.0,62.0,22.0
34.0,8.0,62.0,22.0
36.0,8.0,62.0,22.0
38.0,8.0,62.0,403.0
-40.0,10.0,62.0,333.0
-38.0,10.0,62.0,333.0
-36.0,10.0,62.0,333.0
-34.0,10.0,62.0,333.0
-32.0,10.0,62.0,333.0
-30.0,10.0,62.0,340.0
-28.0,10.0,62.0,340.0
-26.0,10.0,62.0,340.0
-24.0,10.0,62.0,340.0
-22.0,10.0,62.0,340.0
-20.0,10.0,62.0,340.0
-18.0,10.0,62.0,340.0
-16.0,10.0,62.0,340.0
-14.0,10.0,62.0,200.0
-12.0,10.0,62.0,200.0
-10.0,10.0,62.0,200.0
-8.0,10.0,62.0,200.0
-6.0,10.0,62.0,200.0
-4.0,10.0,62.0,18.0
2.0,10.0,62.0,563.0
4.0,10.0,62.0,149.0
6.0,10.0,62.0,149.0
8.0,10.0,62.0,149.0
10.0,10.0,62.0,149.0
12.0,10.0,62.0,149.0
14.0,10.0,62.0,253.0
16.0,10.0,62.0,253.0
18.0,10.0,62.0,253.0
20.0,10.0,62.0,253.0
22.0,10.0,62.0,253.0
24.0,10.0,62.0,494.0
26.0,10.0,62.0,22.0
28.0,10.0,62.0,22.0
30.0,10.0,62.0,22.0
32.0,10.0,62.0,22.0
34.0,10.0,62.0,22.0
36.0,10.0,62.0,22.0
38.0,10.0,62.0,403.0
-38.0,12.0,62.0,333.0
-36.0,12.0,62.0,333.0
-34.0,12.0,62.0,340.0
-32.0,12.0,62.0,340.0
-30.0,12.0,62.0,340.0
-28.0,12.0,62.0,340.0
-26.0,12.0,62.0,340.0
-24.0,12.0,62.0,340.0
-22.0,12.0,62.0,340.0
-20.0,12.0,62.0,340.0
-18.0,12.0,62.0,340.0
-16.0,12.0,62.0,340.0
-14.0,12.0,62.0,200.0
-12.0,12.0,62.0,200.0
-10.0,12.0,62.0,200.0
-8.0,12.0,62.0,200.0
-6.0,12.0,62.0,200.0
-4.0,12.0,62.0,200.0
2.0,12.0,62.0,563.0
4.0,12.0,62.0,149.0
6.0,12.0,62.0,149.0
8.0,12.0,62.0,149.0
10.0,12.0,62.0,149.0
12.0,12.0,62.0,149.0
14.0,12.0,62.0,253.0
16.0,12.0,62.0,253.0
18.0,12.0,62.0,253.0
20.0,12.0,62.0,253.0
22.0,12.0,62.0,253.0
24.0,12.0,62.0,253.0
26.0,12.0,62.0,22.0
28.0,12.0,62.0,22.0
30.0,12.0,62.0,22.0
32.0,12.0,62.0,22.0
34.0,12.0,62.0,22.0
36.0,12.0,62.0,403.0
38.0,12.0,62.0,403.0
-38.0,14.0,62.0,333.0
-36.0,14.0,62.0,340.0
-34.0,14.0,62.0,340.0
-32.0,14.0,62.0,340.0
-30.0,14.0,62.0,340.0
-28.0,14.0,62.0,340.0
-26.0,14.0,62.0,340.0
-24.0,14.0,62.0,340.0
-22.0,14.0,62.0,340.0
-20.0,14.0,62.0,340.0
-18.0,14.0,62.0,340.0
-16.0,14.0,62.0,200.0
-14.0,14.0,62.0,200.0
-12.0,14.0,62.0,200.0
-10.0,14.0,62.0,200.0
-8.0,14.0,62.0,200.0
-6.0,14.0,62.0,200.0
-4.0,14.0,62.0,200.0
2.0,14.0,62.0,149.0
4.0,14.0,62.0,149.0
6.0,14.0,62.0,149.0
8.0,14.0,62.0,149.0
10.0,14.0,62.0,149.0
12.0,14.0,62.0,149.0
14.0,14.0,62.0,253.0
16.0,14.0,62.0,253.0
18.0,14.0,62.0,253.0
20.0,14.0,62.0,253.0
22.0,14.0,62.0,253.0
24.0,14.0,62.0,253.0
26.0,14.0,62.0,253.0
28.0,14.0,62.0,22.0
30.0,14.0,62.0,22.0
32.0,14.0,62.0,22.0
34.0,14.0,62.0,470.0
36.0,14.0,62.0,470.0
-36.0,16.0,62.0,340.0
-34.0,16.0,62.0,340.0
-32.0,16.0,62.0,340.0
-30.0,16.0,62.0,340.0
-28.0,16.0,62.0,340.0
-26.0,16.0,62.0,340.0
-24.0,16.0,62.0,340.0
-22.0,16.0,62.0,340.0
-20.0,16.0,62.0,340.0
-18.0,16.0,62.0,340.0
-16.0,16.0,62.0,585.0
-14.0,16.0,62.0,200.0
-12.0,16.0,62.0,200.0
-10.0,16.0,62.0,200.0
-8.0,16.0,62.0,200.0
-6.0,16.0,62.0,200.0
-4.0,16.0,62.0,200.0
-2.0,16.0,62.0,200.0
2.0,16.0,62.0,149.0
4.0,16.0,62.0,149.0
6.0,16.0,62.0,149.0
8.0,16.0,62.0,149.0
10.0,16.0,62.0,149.0
12.0,16.0,62.0,149.0
14.0,16.0,62.0,185.0
16.0,16.0,62.0,185.0
18.0,16.0,62.0,185.0
20.0,16.0,62.0,185.0
22.0,16.0,62.0,185.0
24.0,16.0,62.0,185.0
26.0,16.0,62.0,185.0
28.0,16.0,62.0,22.0
30.0,16.0,62.0,22.0
32.0,16.0,62.0,22.0
34.0,16.0,62.0,470.0
-30.0,18.0,62.0,340.0
-28.0,18.0,62.0,340.0
-26.0,18.0,62.0,340.0
-24.0,18.0,62.0,340.0
-22.0,18.0,62.0,340.0
-20.0,18.0,62.0,340.0
-18.0,18.0,62.0,585.0
-16.0,18.0,62.0,585.0
-14.0,18.0,62.0,585.0
-12.0,18.0,62.0,585.0
-10.0,18.0,62.0,200.0
-8.0,18.0,62.0,200.0
-6.0,18.0,62.0,200.0
-4.0,18.0,62.0,200.0
-2.0,18.0,62.0,200.0
2.0,18.0,62.0,200.0
4.0,18.0,62.0,149.0
6.0,18.0,62.0,149.0
8.0,18.0,62.0,149.0
10.0,18.0,62.0,149.0
12.0,18.0,62.0,149.0
14.0,18.0,62.0,185.0
16.0,18.0,62.0,185.0
18.0,18.0,62.0,185.0
20.0,18.0,62.0,185.0
22.0,18.0,62.0,185.0
24.0,18.0,62.0,185.0
26.0,18.0,62.0,185.0
28.0,18.0,62.0,63.0
30.0,18.0,62.0,22.0
32.0,18.0,62.0,470.0
-28.0,20.0,62.0,340.0
-26.0,20.0,62.0,340.0
-24.0,20.0,62.0,340.0
-22.0,20.0,62.0,340.0
-20.0,20.0,62.0,340.0
-18.0,20.0,62.0,585.0
-16.0,20.0,62.0,585.0
-14.0,20.0,62.0,585.0
-12.0,20.0,62.0,585.0
-10.0,20.0,62.0,585.0
-8.0,20.0,62.0,585.0
-6.0,20.0,62.0,200.0
-4.0,20.0,62.0,200.0
-2.0,20.0,62.0,200.0
2.0,20.0,62.0,200.0
4.0,20.0,62.0,149.0
6.0,20.0,62.0,149.0
8.0,20.0,62.0,149.0
10.0,20.0,62.0,149.0
12.0,20.0,62.0,185.0
14.0,20.0,62.0,185.0
16.0,20.0,62.0,185.0
18.0,20.0,62.0,185.0
20.0,20.0,62.0,185.0
22.0,20.0,62.0,185.0
24.0,20.0,62.0,185.0
26.0,20.0,62.0,63.0
28.0,20.0,62.0,63.0
30.0,20.0,62.0,470.0
-28.0,22.0,62.0,78.0
-26.0,22.0,62.0,78.0
-24.0,22.0,62.0,78.0
-22.0,22.0,62.0,78.0
-20.0,22.0,62.0,585.0
-18.0,22.0,62.0,585.0
-16.0,22.0,62.0,585.0
-14.0,22.0,62.0,585.0
-12.0,22.0,62.0,585.0
-10.0,22.0,62.0,585.0
-8.0,22.0,62.0,585.0
-6.0,22.0,62.0,585.0
-4.0,22.0,62.0,585.0
-2.0,22.0,62.0,200.0
2.0,22.0,62.0,255.0
4.0,22.0,62.0,255.0
6.0,22.0,62.0,255.0
8.0,22.0,62.0,149.0
10.0,22.0,62.0,149.0
12.0,22.0,62.0,185.0
14.0,22.0,62.0,185.0
16.0,22.0,62.0,185.0
18.0,22.0,62.0,185.0
20.0,22.0,62.0,185.0
22.0,22.0,62.0,185.0
24.0,22.0,62.0,63.0
26.0,22.0,62.0,63.0
-26.0,24.0,62.0,78.0
-24.0,24.0,62.0,78.0
-22.0,24.0,62.0,78.0
-20.0,24.0,62.0,585.0
-18.0,24.0,62.0,585.0
-16.0,24.0,62.0,585.0
-14.0,24.0,62.0,585.0
-12.0,24.0,62.0,585.0
-10.0,24.0,62.0,585.0
-8.0,24.0,62.0,585.0
-6.0,24.0,62.0,585.0
-4.0,24.0,62.0,585.0
-2.0,24.0,62.0,585.0
2.0,24.0,62.0,255.0
4.0,24.0,62.0,255.0
6.0,24.0,62.0,255.0
8.0,24.0,62.0,255.0
10.0,24.0,62.0,255.0
12.0,24.0,62.0,255.0
14.0,24.0,62.0,185.0
16.0,24.0,62.0,185.0
18.0,24.0,62.0,185.0
20.0,24.0,62.0,185.0
22.0,24.0,62.0,63.0
24.0,24.0,62.0,63.0
-24.0,26.0,62.0,78.0
-22.0,26.0,62.0,78.0
-20.0,26.0,62.0,585.0
-18.0,26.0,62.0,585.0
-16.0,26.0,62.0,585.0
-14.0,26.0,62.0,585.0
-12.0,26.0,62.0,585.0
-10.0,26.0,62.0,585.0
-8.0,26.0,62.0,585.0
-6.0,26.0,62.0,585.0
-4.0,26.0,62.0,585.0
-2.0,26.0,62.0,585.0
2.0,26.0,62.0,255.0
4.0,26.0,62.0,255.0
6.0,26.0,62.0,255.0
8.0,26.0,62.0,255.0
10.0,26.0,62.0,255.0
12.0,26.0,62.0,255.0
14.0,26.0,62.0,255.0
16.0,26.0,62.0,185.0
18.0,26.0,62.0,185.0
20.0,26.0,62.0,63.0
22.0,26.0,62.0,63.0
-22.0,28.0,62.0,78.0
-20.0,28.0,62.0,585.0
-18.0,28.0,62.0,585.0
-16.0,28.0,62.0,585.0
-14.0,28.0,62.0,585.0
-12.0,28.0,62.0,585.0
-10.0,28.0,62.0,585.0
-8.0,28.0,62.0,585.0
-6.0,28.0,62.0,585.0
-4.0,28.0,62.0,517.0
-2.0,28.0,62.0,517.0
2.0,28.0,62.0,255.0
4.0,28.0,62.0,255.0
6.0,28.0,62.0,255.0
8.0,28.0,62.0,255.0
10.0,28.0,62.0,255.0
12.0,28.0,62.0,255.0
14.0,28.0,62.0,255.0
16.0,28.0,62.0,255.0
18.0,28.0,62.0,63.0
-16.0,30.0,62.0,585.0
-14.0,30.0,62.0,585.0
-12.0,30.0,62.0,585.0
-10.0,30.0,62.0,585.0
-8.0,30.0,62.0,585.0
-6.0,30.0,62.0,517.0
-4.0,30.0,62.0,517.0
2.0,30.0,62.0,255.0
4.0,30.0,62.0,255.0
6.0,30.0,62.0,255.0
8.0,30.0,62.0,255.0
10.0,30.0,62.0,255.0
12.0,30.0,62.0,255.0
14.0,30.0,62.0,255.0
-14.0,32.0,62.0,585.0
-12.0,32.0,62.0,585.0
-10.0,32.0,62.0,517.0
-8.0,32.0,62.0,517.0
-6.0,32.0,62.0,517.0
-4.0,32.0,62.0,517.0
4.0,32.0,62.0,255.0
6.0,32.0,62.0,255.0
8.0,32.0,62.0,255.0
10.0,32.0,62.0,255.0
-20.0,-72.0,64.0,113.0
-18.0,-72.0,64.0,113.0
-16.0,-72.0,64.0,113.0
-14.0,-72.0,64.0,113.0
-12.0,-72.0,64.0,113.0
-10.0,-72.0,64.0,113.0
8.0,-72.0,64.0,176.0
10.0,-72.0,64.0,176.0
12.0,-72.0,64.0,516.0
14.0,-72.0,64.0,516.0
16.0,-72.0,64.0,516.0
18.0,-72.0,64.0,516.0
-24.0,-70.0,64.0,134.0
-22.0,-70.0,64.0,134.0
-20.0,-70.0,64.0,113.0
-18.0,-70.0,64.0,113.0
-16.0,-70.0,64.0,113.0
-14.0,-70.0,64.0,113.0
-12.0,-70.0,64.0,113.0
-10.0,-70.0,64.0,113.0
-8.0,-70.0,64.0,113.0
6.0,-70.0,64.0,176.0
8.0,-70.0,64.0,176.0
10.0,-70.0,64.0,176.0
12.0,-70.0,64.0,516.0
14.0,-70.0,64.0,516.0
16.0,-70.0,64.0,516.0
18.0,-70.0,64.0,516.0
20.0,-70.0,64.0,516.0
22.0,-70.0,64.0,516.0
-28.0,-68.0,64.0,134.0
-26.0,-68.0,64.0,134.0
-24.0,-68.0,64.0,134.0
-22.0,-68.0,64.0,134.0
-20.0,-68.0,64.0,113.0
-18.0,-68.0,64.0,113.0
-16.0,-68.0,64.0,113.0
-14.0,-68.0,64.0,113.0
-12.0,-68.0,64.0,113.0
-10.0,-68.0,64.0,113.0
-8.0,-68.0,64.0,113.0
-6.0,-68.0,64.0,113.0
6.0,-68.0,64.0,176.0
8.0,-68.0,64.0,176.0
10.0,-68.0,64.0,176.0
12.0,-68.0,64.0,516.0
14.0,-68.0,64.0,516.0
16.0,-68.0,64.0,516.0
18.0,-68.0,64.0,516.0
20.0,-68.0,64.0,516.0
22.0,-68.0,64.0,516.0
24.0,-68.0,64.0,516.0
26.0,-68.0,64.0,516.0
-30.0,-66.0,64.0,134.0
-28.0,-66.0,64.0,134.0
-26.0,-66.0,64.0,134.0
-24.0,-66.0,64.0,134.0
-22.0,-66.0,64.0,134.0
-20.0,-66.0,64.0,113.0
-18.0,-66.0,64.0,113.0
-16.0,-66.0,64.0,113.0
-14.0,-66.0,64.0,113.0
-12.0,-66.0,64.0,113.0
-10.0,-66.0,64.0,113.0
-8.0,-66.0,64.0,113.0
-6.0,-66.0,64.0,113.0
4.0,-66.0,64.0,176.0
6.0,-66.0,64.0,292.0
8.0,-66.0,64.0,292.0
10.0,-66.0,64.0,292.0
12.0,-66.0,64.0,292.0
14.0,-66.0,64.0,516.0
16.0,-66.0,64.0,516.0
18.0,-66.0,64.0,516.0
20.0,-66.0,64.0,516.0
22.0,-66.0,64.0,516.0
24.0,-66.0,64.0,516.0
26.0,-66.0,64.0,516.0
28.0,-66.0,64.0,516.0
30.0,-66.0,64.0,500.0
-32.0,-64.0,64.0,134.0
-30.0,-64.0,64.0,134.0
-28.0,-64.0,64.0,134.0
-26.0,-64.0,64.0,134.0
-24.0,-64.0,64.0,134.0
-22.0,-64.0,64.0,113.0
-20.0,-64.0,64.0,113.0
-18.0,-64.0,64.0,113.0
-16.0,-64.0,64.0,113.0
-14.0,-64.0,64.0,113.0
-12.0,-64.0,64.0,113.0
-10.0,-64.0,64.0,113.0
-8.0,-64.0,64.0,348.0
-6.0,-64.0,64.0,348.0
-4.0,-64.0,64.0,348.0
4.0,-64.0,64.0,292.0
6.0,-64.0,64.0,292.0
8.0,-64.0,64.0,292.0
10.0,-64.0,64.0,292.0
12.0,-64.0,64.0,292.0
14.0,-64.0,64.0,232.0
16.0,-64.0,64.0,232.0
18.0,-64.0,64.0,516.0
20.0,-64.0,64.0,500.0
22.0,-64.0,64.0,500.0
24.0,-64.0,64.0,500.0
26.0,-64.0,64.0,500.0
28.0,-64.0,64.0,500.0
30.0,-64.0,64.0,500.0
32.0,-64.0,64.0,500.0
-34.0,-62.0,64.0,87.0
-32.0,-62.0,64.0,87.0
-30.0,-62.0,64.0,134.0
-28.0,-62.0,64.0,134.0
-26.0,-62.0,64.0,134.0
-24.0,-62.0,64.0,134.0
-22.0,-62.0,64.0,113.0
-20.0,-62.0,64.0,113.0
-18.0,-62.0,64.0,113.0
-16.0,-62.0,64.0,113.0
-14.0,-62.0,64.0,113.0
-12.0,-62.0,64.0,348.0
-10.0,-62.0,64.0,348.0
-8.0,-62.0,64.0,348.0
-6.0,-62.0,64.0,348.0
-4.0,-62.0,64.0,348.0
4.0,-62.0,64.0,292.0
6.0,-62.0,64.0,292.0
8.0,-62.0,64.0,292.0
10.0,-62.0,64.0,292.0
12.0,-62.0,64.0,232.0
14.0,-62.0,64.0,232.0
16.0,-62.0,64.0,232.0
18.0,-62.0,64.0,232.0
20.0,-62.0,64.0,500.0
22.0,-62.0,64.0,500.0
24.0,-62.0,64.0,500.0
26.0,-62.0,64.0,500.0
28.0,-62.0,64.0,500.0
30.0,-62.0,64.0,500.0
32.0,-62.0,64.0,574.0
34.0,-62.0,64.0,574.0
-36.0,-60.0,64.0,87.0
-34.0,-60.0,64.0,87.0
-32.0,-60.0,64.0,87.0
-30.0,-60.0,64.0,87.0
-28.0,-60.0,64.0,87.0
-26.0,-60.0,64.0,87.0
-24.0,-60.0,64.0,134.0
-22.0,-60.0,64.0,113.0
-20.0,-60.0,64.0,113.0
-18.0,-60.0,64.0,113.0
-16.0,-60.0,64.0,348.0
-14.0,-60.0,64.0,348.0
-12.0,-60.0,64.0,348.0
-10.0,-60.0,64.0,348.0
-8.0,-60.0,64.0,348.0
-6.0,-60.0,64.0,348.0
-4.0,-60.0,64.0,348.0
6.0,-60.0,64.0,292.0
8.0,-60.0,64.0,292.0
10.0,-60.0,64.0,292.0
12.0,-60.0,64.0,232.0
14.0,-60.0,64.0,232.0
16.0,-60.0,64.0,232.0
18.0,-60.0,64.0,232.0
20.0,-60.0,64.0,500.0
22.0,-60.0,64.0,500.0
24.0,-60.0,64.0,500.0
26.0,-60.0,64.0,500.0
28.0,-60.0,64.0,500.0
30.0,-60.0,64.0,500.0
32.0,-60.0,64.0,574.0
34.0,-60.0,64.0,574.0
-38.0,-58.0,64.0,87.0
-36.0,-58.0,64.0,87.0
-34.0,-58.0,64.0,87.0
-32.0,-58.0,64.0,87.0
-30.0,-58.0,64.0,87.0
-28.0,-58.0,64.0,87.0
-26.0,-58.0,64.0,87.0
-24.0,-58.0,64.0,87.0
-22.0,-58.0,64.0,87.0
-20.0,-58.0,64.0,348.0
-18.0,-58.0,64.0,348.0
-16.0,-58.0,64.0,348.0
-14.0,-58.0,64.0,348.0
-12.0,-58.0,64.0,348.0
-10.0,-58.0,64.0,348.0
-8.0,-58.0,64.0,348.0
-6.0,-58.0,64.0,348.0
-4.0,-58.0,64.0,348.0
4.0,-58.0,64.0,292.0
6.0,-58.0,64.0,292.0
8.0,-58.0,64.0,292.0
10.0,-58.0,64.0,232.0
12.0,-58.0,64.0,232.0
14.0,-58.0,64.0,232.0
16.0,-58.0,64.0,232.0
18.0,-58.0,64.0,232.0
20.0,-58.0,64.0,500.0
22.0,-58.0,64.0,500.0
24.0,-58.0,64.0,500.0
26.0,-58.0,64.0,500.0
28.0,-58.0,64.0,500.0
30.0,-58.0,64.0,500.0
32.0,-58.0,64.0,574.0
34.0,-58.0,64.0,574.0
-40.0,-56.0,64.0,87.0
-38.0,-56.0,64.0,87.0
-36.0,-56.0,64.0,87.0
-34.0,-56.0,64.0,87.0
-32.0,-56.0,64.0,87.0
-30.0,-56.0,64.0,87.0
-28.0,-56.0,64.0,87.0
-26.0,-56.0,64.0,330.0
-24.0,-56.0,64.0,330.0
-22.0,-56.0,64.0,330.0
-20.0,-56.0,64.0,348.0
-18.0,-56.0,64.0,348.0
-16.0,-56.0,64.0,348.0
-14.0,-56.0,64.0,348.0
-12.0,-56.0,64.0,348.0
-10.0,-56.0,64.0,348.0
-8.0,-56.0,64.0,348.0
-6.0,-56.0,64.0,348.0
-4.0,-56.0,64.0,348.0
4.0,-56.0,64.0,292.0
6.0,-56.0,64.0,292.0
8.0,-56.0,64.0,292.0
10.0,-56.0,64.0,232.0
12.0,-56.0,64.0,232.0
14.0,-56.0,64.0,232.0
16.0,-56.0,64.0,232.0
18.0,-56.0,64.0,232.0
20.0,-56.0,64.0,500.0
22.0,-56.0,64.0,500.0
24.0,-56.0,64.0,500.0
26.0,-56.0,64.0,500.0
28.0,-56.0,64.0,500.0
30.0,-56.0,64.0,574.0
32.0,-56.0,64.0,574.0
34.0,-56.0,64.0,574.0
36.0,-56.0,64.0,574.0
38.0,-56.0,64.0,574.0
-40.0,-54.0,64.0,87.0
-38.0,-54.0,64.0,87.0
-36.0,-54.0,64.0,87.0
-34.0,-54.0,64.0,87.0
-32.0,-54.0,64.0,330.0
-30.0,-54.0,64.0,330.0
-28.0,-54.0,64.0,330.0
-26.0,-54.0,64.0,330.0
-24.0,-54.0,64.0,330.0
-22.0,-54.0,64.0,330.0
-20.0,-54.0,64.0,330.0
-18.0,-54.0,64.0,348.0
-16.0,-54.0,64.0,348.0
-14.0,-54.0,64.0,348.0
-12.0,-54.0,64.0,348.0
-10.0,-54.0,64.0,348.0
-8.0,-54.0,64.0,348.0
-6.0,-54.0,64.0,348.0
-4.0,-54.0,64.0,348.0
4.0,-54.0,64.0,598.0
6.0,-54.0,64.0,292.0
8.0,-54.0,64.0,232.0
10.0,-54.0,64.0,232.0
12.0,-54.0,64.0,232.0
14.0,-54.0,64.0,232.0
16.0,-54.0,64.0,232.0
18.0,-54.0,64.0,232.0
20.0,-54.0,64.0,232.0
22.0,-54.0,64.0,500.0
24.0,-54.0,64.0,500.0
26.0,-54.0,64.0,500.0
28.0,-54.0,64.0,344.0
30.0,-54.0,64.0,574.0
32.0,-54.0,64.0,574.0
34.0,-54.0,64.0,574.0
36.0,-54.0,64.0,574.0
38.0,-54.0,64.0,574.0
-42.0,-52.0,64.0,87.0
-40.0,-52.0,64.0,87.0
-38.0,-52.0,64.0,330.0
-36.0,-52.0,64.0,330.0
-34.0,-52.0,64.0,330.0
-32.0,-52.0,64.0,330.0
-30.0,-52.0,64.0,330.0
-28.0,-52.0,64.0,330.0
-26.0,-52.0,64.0,330.0
-24.0,-52.0,64.0,330.0
-22.0,-52.0,64.0,330.0
-20.0,-52.0,64.0,330.0
-18.0,-52.0,64.0,348.0
-16.0,-52.0,64.0,348.0
-14.0,-52.0,64.0,348.0
-12.0,-52.0,64.0,348.0
-10.0,-52.0,64.0,348.0
-8.0,-52.0,64.0,183.0
-6.0,-52.0,64.0,183.0
-4.0,-52.0,64.0,183.0
2.0,-52.0,64.0,598.0
4.0,-52.0,64.0,598.0
6.0,-52.0,64.0,598.0
8.0,-52.0,64.0,598.0
10.0,-52.0,64.0,232.0
12.0,-52.0,64.0,232.0
14.0,-52.0,64.0,232.0
16.0,-52.0,64.0,232.0
18.0,-52.0,64.0,232.0
20.0,-52.0,64.0,232.0
22.0,-52.0,64.0,500.0
24.0,-52.0,64.0,344.0
26.0,-52.0,64.0,344.0
28.0,-52.0,64.0,344.0
30.0,-52.0,64.0,344.0
32.0,-52.0,64.0,574.0
34.0,-52.0,64.0,574.0
36.0,-52.0,64.0,574.0
38.0,-52.0,64.0,574.0
40.0,-52.0,64.0,574.0
-44.0,-50.0,64.0,549.0
-42.0,-50.0,64.0,549.0
-40.0,-50.0,64.0,330.0
-38.0,-50.0,64.0,330.0
-36.0,-50.0,64.0,330.0
-34.0,-50.0,64.0,330.0
-32.0,-50.0,64.0,330.0
-30.0,-50.0,64.0,330.0
-28.0,-50.0,64.0,330.0
-26.0,-50.0,64.0,330.0
-24.0,-50.0,64.0,330.0
-22.0,-50.0,64.0,330.0
-20.0,-50.0,64.0,330.0
-18.0,-50.0,64.0,183.0
-16.0,-50.0,64.0,183.0
-14.0,-50.0,64.0,183.0
-12.0,-50.0,64.0,183.0
-10.0,-50.0,64.0,183.0
-8.0,-50.0,64.0,183.0
-6.0,-50.0,64.0,183.0
-4.0,-50.0,64.0,183.0
2.0,-50.0,64.0,598.0
4.0,-50.0,64.0,598.0
6.0,-50.0,64.0,598.0
8.0,-50.0,64.0,598.0
10.0,-50.0,64.0,598.0
12.0,-50.0,64.0,232.0
14.0,-50.0,64.0,232.0
16.0,-50.0,64.0,232.0
18.0,-50.0,64.0,232.0
20.0,-50.0,64.0,498.0
22.0,-50.0,64.0,498.0
24.0,-50.0,64.0,344.0
26.0,-50.0,64.0,344.0
28.0,-50.0,64.0,344.0
30.0,-50.0,64.0,344.0
32.0,-50.0,64.0,574.0
34.0,-50.0,64.0,574.0
36.0,-50.0,64.0,574.0
38.0,-50.0,64.0,574.0
40.0,-50.0,64.0,574.0
-44.0,-48.0,64.0,549.0
-42.0,-48.0,64.0,549.0
-40.0,-48.0,64.0,330.0
-38.0,-48.0,64.0,330.0
-36.0,-48.0,64.0,330.0
-34.0,-48.0,64.0,330.0
-32.0,-48.0,64.0,330.0
-30.0,-48.0,64.0,330.0
-28.0,-48.0,64.0,330.0
-26.0,-48.0,64.0,330.0
-24.0,-48.0,64.0,330.0
-22.0,-48.0,64.0,330.0
-20.0,-48.0,64.0,330.0
-18.0,-48.0,64.0,183.0
-16.0,-48.0,64.0,183.0
-14.0,-48.0,64.0,183.0
-12.0,-48.0,64.0,183.0
-10.0,-48.0,64.0,183.0
-8.0,-48.0,64.0,183.0
-6.0,-48.0,64.0,183.0
2.0,-48.0,64.0,598.0
4.0,-48.0,64.0,598.0
6.0,-48.0,64.0,598.0
8.0,-48.0,64.0,598.0
10.0,-48.0,64.0,65.0
12.0,-48.0,64.0,65.0
14.0,-48.0,64.0,65.0
16.0,-48.0,64.0,65.0
18.0,-48.0,64.0,498.0
20.0,-48.0,64.0,498.0
22.0,-48.0,64.0,498.0
24.0,-48.0,64.0,498.0
26.0,-48.0,64.0,498.0
28.0,-48.0,64.0,344.0
30.0,-48.0,64.0,344.0
32.0,-48.0,64.0,574.0
34.0,-48.0,64.0,574.0
36.0,-48.0,64.0,574.0
38.0,-48.0,64.0,574.0
40.0,-48.0,64.0,574.0
42.0,-48.0,64.0,326.0
-44.0,-46.0,64.0,276.0
-42.0,-46.0,64.0,46.0
-40.0,-46.0,64.0,46.0
-38.0,-46.0,64.0,330.0
-36.0,-46.0,64.0,330.0
-34.0,-46.0,64.0,330.0
-32.0,-46.0,64.0,330.0
-30.0,-46.0,64.0,330.0
-28.0,-46.0,64.0,330.0
-26.0,-46.0,64.0,330.0
-24.0,-46.0,64.0,330.0
-22.0,-46.0,64.0,330.0
-20.0,-46.0,64.0,330.0
-18.0,-46.0,64.0,183.0
-16.0,-46.0,64.0,183.0
-14.0,-46.0,64.0,183.0
-12.0,-46.0,64.0,183.0
-10.0,-46.0,64.0,183.0
-8.0,-46.0,64.0,183.0
-6.0,-46.0,64.0,524.0
-4.0,-46.0,64.0,524.0
2.0,-46.0,64.0,598.0
4.0,-46.0,64.0,598.0
6.0,-46.0,64.0,598.0
8.0,-46.0,64.0,65.0
10.0,-46.0,64.0,65.0
12.0,-46.0,64.0,65.0
14.0,-46.0,64.0,65.0
16.0,-46.0,64.0,65.0
18.0,-46.0,64.0,498.0
20.0,-46.0,64.0,498.0
22.0,-46.0,64.0,498.0
24.0,-46.0,64.0,498.0
26.0,-46.0,64.0,498.0
28.0,-46.0,64.0,498.0
30.0,-46.0,64.0,498.0
32.0,-46.0,64.0,344.0
34.0,-46.0,64.0,574.0
36.0,-46.0,64.0,574.0
38.0,-46.0,64.0,471.0
40.0,-46.0,64.0,471.0
42.0,-46.0,64.0,326.0
-44.0,-44.0,64.0,276.0
-42.0,-44.0,64.0,46.0
-40.0,-44.0,64.0,46.0
-38.0,-44.0,64.0,46.0
-36.0,-44.0,64.0,330.0
-34.0,-44.0,64.0,330.0
-32.0,-44.0,64.0,330.0
-30.0,-44.0,64.0,330.0
-28.0,-44.0,64.0,330.0
-26.0,-44.0,64.0,330.0
-24.0,-44.0,64.0,330.0
-22.0,-44.0,64.0,330.0
-20.0,-44.0,64.0,330.0
-18.0,-44.0,64.0,183.0
-16.0,-44.0,64.0,183.0
-14.0,-44.0,64.0,183.0
-12.0,-44.0,64.0,183.0
-10.0,-44.0,64.0,524.0
-8.0,-44.0,64.0,524.0
-6.0,-44.0,64.0,524.0
-4.0,-44.0,64.0,524.0
2.0,-44.0,64.0,598.0
4.0,-44.0,64.0,598.0
6.0,-44.0,64.0,65.0
8.0,-44.0,64.0,65.0
10.0,-44.0,64.0,65.0
12.0,-44.0,64.0,65.0
14.0,-44.0,64.0,65.0
16.0,-44.0,64.0,65.0
18.0,-44.0,64.0,498.0
20.0,-44.0,64.0,498.0
22.0,-44.0,64.0,498.0
24.0,-44.0,64.0,498.0
26.0,-44.0,64.0,498.0
28.0,-44.0,64.0,498.0
30.0,-44.0,64.0,498.0
32.0,-44.0,64.0,498.0
34.0,-44.0,64.0,471.0
36.0,-44.0,64.0,471.0
38.0,-44.0,64.0,471.0
40.0,-44.0,64.0,471.0
42.0,-44.0,64.0,326.0
-44.0,-42.0,64.0,276.0
-42.0,-42.0,64.0,46.0
-40.0,-42.0,64.0,46.0
-38.0,-42.0,64.0,46.0
-36.0,-42.0,64.0,46.0
-34.0,-42.0,64.0,283.0
-32.0,-42.0,64.0,283.0
-30.0,-42.0,64.0,283.0
-28.0,-42.0,64.0,283.0
-26.0,-42.0,64.0,283.0
-24.0,-42.0,64.0,283.0
-22.0,-42.0,64.0,283.0
-20.0,-42.0,64.0,140.0
-18.0,-42.0,64.0,140.0
-16.0,-42.0,64.0,183.0
-14.0,-42.0,64.0,524.0
-12.0,-42.0,64.0,524.0
-10.0,-42.0,64.0,524.0
-8.0,-42.0,64.0,524.0
-6.0,-42.0,64.0,524.0
-4.0,-42.0,64.0,524.0
2.0,-42.0,64.0,65.0
4.0,-42.0,64.0,65.0
6.0,-42.0,64.0,65.0
8.0,-42.0,64.0,65.0
12.0,-42.0,64.0,65.0
14.0,-42.0,64.0,65.0
16.0,-42.0,64.0,65.0
18.0,-42.0,64.0,498.0
20.0,-42.0,64.0,498.0
22.0,-42.0,64.0,498.0
24.0,-42.0,64.0,498.0
26.0,-42.0,64.0,498.0
28.0,-42.0,64.0,498.0
30.0,-42.0,64.0,498.0
32.0,-42.0,64.0,498.0
34.0,-42.0,64.0,471.0
36.0,-42.0,64.0,471.0
38.0,-42.0,64.0,471.0
40.0,-42.0,64.0,471.0
42.0,-42.0,64.0,326.0
44.0,-42.0,64.0,326.0
46.0,-42.0,64.0,326.0
-44.0,-40.0,64.0,276.0
-42.0,-40.0,64.0,46.0
-40.0,-40.0,64.0,46.0
-38.0,-40.0,64.0,46.0
-36.0,-40.0,64.0,46.0
-34.0,-40.0,64.0,283.0
-32.0,-40.0,64.0,283.0
-30.0,-40.0,64.0,283.0
-28.0,-40.0,64.0,283.0
-26.0,-40.0,64.0,283.0
-24.0,-40.0,64.0,283.0
-22.0,-40.0,64.0,283.0
-8.0,-40.0,64.0,524.0
-6.0,-40.0,64.0,524.0
-4.0,-40.0,64.0,524.0
2.0,-40.0,64.0,65.0
4.0,-40.0,64.0,65.0
6.0,-40.0,64.0,65.0
14.0,-40.0,64.0,65.0
16.0,-40.0,64.0,65.0
18.0,-40.0,64.0,498.0
20.0,-40.0,64.0,498.0
22.0,-40.0,64.0,498.0
24.0,-40.0,64.0,498.0
26.0,-40.0,64.0,498.0
28.0,-40.0,64.0,498.0
30.0,-40.0,64.0,498.0
32.0,-40.0,64.0,498.0
34.0,-40.0,64.0,498.0
36.0,-40.0,64.0,471.0
38.0,-40.0,64.0,471.0
40.0,-40.0,64.0,471.0
42.0,-40.0,64.0,326.0
44.0,-40.0,64.0,326.0
46.0,-40.0,64.0,326.0
-46.0,-38.0,64.0,276.0
-44.0,-38.0,64.0,276.0
-42.0,-38.0,64.0,46.0
-40.0,-38.0,64.0,46.0
-38.0,-38.0,64.0,46.0
-36.0,-38.0,64.0,46.0
-34.0,-38.0,64.0,46.0
-32.0,-38.0,64.0,283.0
-30.0,-38.0,64.0,283.0
-6.0,-38.0,64.0,313.0
-4.0,-38.0,64.0,313.0
2.0,-38.0,64.0,65.0
4.0,-38.0,64.0,65.0
20.0,-38.0,64.0,498.0
22.0,-38.0,64.0,498.0
26.0,-38.0,64.0,498.0
28.0,-38.0,64.0,498.0
30.0,-38.0,64.0,498.0
32.0,-38.0,64.0,498.0
34.0,-38.0,64.0,498.0
36.0,-38.0,64.0,471.0
38.0,-38.0,64.0,471.0
40.0,-38.0,64.0,471.0
42.0,-38.0,64.0,326.0
44.0,-38.0,64.0,326.0
46.0,-38.0,64.0,326.0
-46.0,-36.0,64.0,276.0
-44.0,-36.0,64.0,276.0
-42.0,-36.0,64.0,46.0
-40.0,-36.0,64.0,46.0
-38.0,-36.0,64.0,46.0
-36.0,-36.0,64.0,46.0
-34.0,-36.0,64.0,46.0
-6.0,-36.0,64.0,313.0
-4.0,-36.0,64.0,313.0
2.0,-36.0,64.0,313.0
4.0,-36.0,64.0,65.0
10.0,-36.0,64.0,65.0
12.0,-36.0,64.0,65.0
14.0,-36.0,64.0,65.0
16.0,-36.0,64.0,65.0
22.0,-36.0,64.0,498.0
24.0,-36.0,64.0,498.0
26.0,-36.0,64.0,498.0
28.0,-36.0,64.0,498.0
30.0,-36.0,64.0,498.0
32.0,-36.0,64.0,498.0
34.0,-36.0,64.0,498.0
36.0,-36.0,64.0,471.0
38.0,-36.0,64.0,471.0
40.0,-36.0,64.0,471.0
42.0,-36.0,64.0,326.0
44.0,-36.0,64.0,326.0
46.0,-36.0,64.0,326.0
-46.0,-34.0,64.0,276.0
-44.0,-34.0,64.0,276.0
-42.0,-34.0,64.0,46.0
-40.0,-34.0,64.0,46.0
-38.0,-34.0,64.0,46.0
-36.0,-34.0,64.0,46.0
-14.0,-34.0,64.0,313.0
-6.0,-34.0,64.0,313.0
-4.0,-34.0,64.0,313.0
2.0,-34.0,64.0,313.0
4.0,-34.0,64.0,65.0
6.0,-34.0,64.0,65.0
12.0,-34.0,64.0,65.0
14.0,-34.0,64.0,65.0
16.0,-34.0,64.0,226.0
18.0,-34.0,64.0,226.0
28.0,-34.0,64.0,498.0
32.0,-34.0,64.0,498.0
34.0,-34.0,64.0,498.0
36.0,-34.0,64.0,520.0
38.0,-34.0,64.0,32.0
40.0,-34.0,64.0,32.0
42.0,-34.0,64.0,32.0
44.0,-34.0,64.0,32.0
46.0,-34.0,64.0,32.0
48.0,-34.0,64.0,326.0
-48.0,-32.0,64.0,276.0
-46.0,-32.0,64.0,276.0
-44.0,-32.0,64.0,276.0
-42.0,-32.0,64.0,46.0
-40.0,-32.0,64.0,46.0
-38.0,-32.0,64.0,46.0
-20.0,-32.0,64.0,140.0
-18.0,-32.0,64.0,337.0
-16.0,-32.0,64.0,337.0
-14.0,-32.0,64.0,313.0
-6.0,-32.0,64.0,313.0
-4.0,-32.0,64.0,313.0
2.0,-32.0,64.0,313.0
4.0,-32.0,64.0,103.0
6.0,-32.0,64.0,103.0
8.0,-32.0,64.0,103.0
12.0,-32.0,64.0,226.0
14.0,-32.0,64.0,226.0
16.0,-32.0,64.0,226.0
18.0,-32.0,64.0,226.0
34.0,-32.0,64.0,32.0
38.0,-32.0,64.0,32.0
40.0,-32.0,64.0,32.0
42.0,-32.0,64.0,32.0
44.0,-32.0,64.0,32.0
46.0,-32.0,64.0,32.0
48.0,-32.0,64.0,32.0
-48.0,-30.0,64.0,276.0
-46.0,-30.0,64.0,276.0
-44.0,-30.0,64.0,276.0
-42.0,-30.0,64.0,46.0
-40.0,-30.0,64.0,46.0
-20.0,-30.0,64.0,337.0
-18.0,-30.0,64.0,337.0
-16.0,-30.0,64.0,337.0
-10.0,-30.0,64.0,337.0
-8.0,-30.0,64.0,313.0
-6.0,-30.0,64.0,313.0
-4.0,-30.0,64.0,313.0
2.0,-30.0,64.0,103.0
4.0,-30.0,64.0,103.0
6.0,-30.0,64.0,103.0
8.0,-30.0,64.0,103.0
14.0,-30.0,64.0,226.0
16.0,-30.0,64.0,226.0
18.0,-30.0,64.0,226.0
38.0,-30.0,64.0,32.0
40.0,-30.0,64.0,32.0
42.0,-30.0,64.0,32.0
44.0,-30.0,64.0,32.0
46.0,-30.0,64.0,32.0
48.0,-30.0,64.0,32.0
-48.0,-28.0,64.0,276.0
-46.0,-28.0,64.0,276.0
-44.0,-28.0,64.0,432.0
-42.0,-28.0,64.0,432.0
-22.0,-28.0,64.0,337.0
-20.0,-28.0,64.0,337.0
-18.0,-28.0,64.0,337.0
-16.0,-28.0,64.0,337.0
-10.0,-28.0,64.0,337.0
-8.0,-28.0,64.0,337.0
-6.0,-28.0,64.0,337.0
-4.0,-28.0,64.0,337.0
2.0,-28.0,64.0,103.0
4.0,-28.0,64.0,103.0
6.0,-28.0,64.0,103.0
8.0,-28.0,64.0,103.0
16.0,-28.0,64.0,226.0
18.0,-28.0,64.0,226.0
40.0,-28.0,64.0,32.0
42.0,-28.0,64.0,32.0
44.0,-28.0,64.0,32.0
46.0,-28.0,64.0,32.0
48.0,-28.0,64.0,32.0
-48.0,-26.0,64.0,432.0
-46.0,-26.0,64.0,432.0
-44.0,-26.0,64.0,432.0
-22.0,-26.0,64.0,337.0
-20.0,-26.0,64.0,337.0
-18.0,-26.0,64.0,337.0
-10.0,-26.0,64.0,337.0
-8.0,-26.0,64.0,337.0
-6.0,-26.0,64.0,337.0
-4.0,-26.0,64.0,337.0
2.0,-26.0,64.0,103.0
4.0,-26.0,64.0,103.0
6.0,-26.0,64.0,103.0
8.0,-26.0,64.0,103.0
16.0,-26.0,64.0,226.0
18.0,-26.0,64.0,226.0
20.0,-26.0,64.0,226.0
22.0,-26.0,64.0,226.0
40.0,-26.0,64.0,32.0
42.0,-26.0,64.0,32.0
44.0,-26.0,64.0,32.0
46.0,-26.0,64.0,32.0
48.0,-26.0,64.0,32.0
-48.0,-24.0,64.0,432.0
-46.0,-24.0,64.0,432.0
-10.0,-24.0,64.0,337.0
-8.0,-24.0,64.0,337.0
-6.0,-24.0,64.0,337.0
-4.0,-24.0,64.0,337.0
-2.0,-24.0,64.0,130.0
2.0,-24.0,64.0,130.0
4.0,-24.0,64.0,130.0
6.0,-24.0,64.0,103.0
8.0,-24.0,64.0,103.0
18.0,-24.0,64.0,226.0
20.0,-24.0,64.0,226.0
22.0,-24.0,64.0,226.0
24.0,-24.0,64.0,226.0
26.0,-24.0,64.0,172.0
42.0,-24.0,64.0,32.0
44.0,-24.0,64.0,32.0
46.0,-24.0,64.0,32.0
48.0,-24.0,64.0,32.0
-48.0,-22.0,64.0,10.0
-46.0,-22.0,64.0,432.0
-42.0,-22.0,64.0,432.0
-40.0,-22.0,64.0,432.0
-10.0,-22.0,64.0,337.0
-8.0,-22.0,64.0,337.0
-6.0,-22.0,64.0,337.0
-4.0,-22.0,64.0,130.0
-2.0,-22.0,64.0,130.0
2.0,-22.0,64.0,130.0
4.0,-22.0,64.0,130.0
6.0,-22.0,64.0,130.0
8.0,-22.0,64.0,103.0
18.0,-22.0,64.0,226.0
20.0,-22.0,64.0,226.0
22.0,-22.0,64.0,226.0
24.0,-22.0,64.0,172.0
26.0,-22.0,64.0,315.0
34.0,-22.0,64.0,32.0
36.0,-22.0,64.0,32.0
38.0,-22.0,64.0,32.0
40.0,-22.0,64.0,32.0
42.0,-22.0,64.0,32.0
44.0,-22.0,64.0,32.0
46.0,-22.0,64.0,32.0
-44.0,-20.0,64.0,432.0
-42.0,-20.0,64.0,432.0
-40.0,-20.0,64.0,432.0
-28.0,-20.0,64.0,485.0
-26.0,-20.0,64.0,485.0
-24.0,-20.0,64.0,485.0
-22.0,-20.0,64.0,485.0
-20.0,-20.0,64.0,249.0
-18.0,-20.0,64.0,249.0
-16.0,-20.0,64.0,337.0
-8.0,-20.0,64.0,337.0
-6.0,-20.0,64.0,130.0
-4.0,-20.0,64.0,130.0
-2.0,-20.0,64.0,130.0
2.0,-20.0,64.0,130.0
4.0,-20.0,64.0,130.0
6.0,-20.0,64.0,130.0
8.0,-20.0,64.0,130.0
22.0,-20.0,64.0,226.0
24.0,-20.0,64.0,315.0
26.0,-20.0,64.0,315.0
34.0,-20.0,64.0,315.0
36.0,-20.0,64.0,32.0
38.0,-20.0,64.0,32.0
40.0,-20.0,64.0,32.0
42.0,-20.0,64.0,32.0
46.0,-20.0,64.0,32.0
-46.0,-18.0,64.0,432.0
-44.0,-18.0,64.0,432.0
-42.0,-18.0,64.0,432.0
-40.0,-18.0,64.0,432.0
-38.0,-18.0,64.0,432.0
-32.0,-18.0,64.0,485.0
-30.0,-18.0,64.0,485.0
-28.0,-18.0,64.0,485.0
-26.0,-18.0,64.0,485.0
-24.0,-18.0,64.0,485.0
-22.0,-18.0,64.0,249.0
-20.0,-18.0,64.0,249.0
-18.0,-18.0,64.0,249.0
-16.0,-18.0,64.0,249.0
-14.0,-18.0,64.0,249.0
-8.0,-18.0,64.0,130.0
-6.0,-18.0,64.0,130.0
-4.0,-18.0,64.0,130.0
-2.0,-18.0,64.0,130.0
2.0,-18.0,64.0,130.0
4.0,-18.0,64.0,130.0
6.0,-18.0,64.0,130.0
8.0,-18.0,64.0,382.0
14.0,-18.0,64.0,382.0
16.0,-18.0,64.0,382.0
18.0,-18.0,64.0,382.0
20.0,-18.0,64.0,382.0
22.0,-18.0,64.0,315.0
24.0,-18.0,64.0,315.0
26.0,-18.0,64.0,315.0
30.0,-18.0,64.0,315.0
32.0,-18.0,64.0,315.0
34.0,-18.0,64.0,315.0
36.0,-18.0,64.0,315.0
38.0,-18.0,64.0,32.0
40.0,-18.0,64.0,32.0
42.0,-18.0,64.0,32.0
44.0,-18.0,64.0,32.0
-46.0,-16.0,64.0,10.0
-44.0,-16.0,64.0,432.0
-42.0,-16.0,64.0,432.0
-40.0,-16.0,64.0,432.0
-38.0,-16.0,64.0,432.0
-34.0,-16.0,64.0,432.0
-32.0,-16.0,64.0,485.0
-30.0,-16.0,64.0,485.0
-28.0,-16.0,64.0,485.0
-26.0,-16.0,64.0,485.0
-24.0,-16.0,64.0,485.0
-22.0,-16.0,64.0,249.0
-20.0,-16.0,64.0,249.0
-18.0,-16.0,64.0,249.0
-16.0,-16.0,64.0,249.0
-14.0,-16.0,64.0,249.0
-8.0,-16.0,64.0,130.0
-6.0,-16.0,64.0,130.0
-4.0,-16.0,64.0,130.0
-2.0,-16.0,64.0,130.0
0.0,-16.0,64.0,130.0
2.0,-16.0,64.0,130.0
4.0,-16.0,64.0,130.0
6.0,-16.0,64.0,130.0
8.0,-16.0,64.0,382.0
12.0,-16.0,64.0,382.0
14.0,-16.0,64.0,382.0
16.0,-16.0,64.0,382.0
18.0,-16.0,64.0,382.0
20.0,-16.0,64.0,382.0
22.0,-16.0,64.0,315.0
24.0,-16.0,64.0,315.0
26.0,-16.0,64.0,315.0
28.0,-16.0,64.0,315.0
30.0,-16.0,64.0,315.0
32.0,-16.0,64.0,315.0
34.0,-16.0,64.0,315.0
36.0,-16.0,64.0,315.0
38.0,-16.0,64.0,32.0
40.0,-16.0,64.0,32.0
42.0,-16.0,64.0,32.0
44.0,-16.0,64.0,32.0
-46.0,-14.0,64.0,10.0
-44.0,-14.0,64.0,432.0
-42.0,-14.0,64.0,432.0
-40.0,-14.0,64.0,432.0
-38.0,-14.0,64.0,432.0
-36.0,-14.0,64.0,432.0
-34.0,-14.0,64.0,485.0
-32.0,-14.0,64.0,485.0
-30.0,-14.0,64.0,485.0
-28.0,-14.0,64.0,485.0
-26.0,-14.0,64.0,485.0
-24.0,-14.0,64.0,485.0
-22.0,-14.0,64.0,249.0
-20.0,-14.0,64.0,249.0
-18.0,-14.0,64.0,249.0
-16.0,-14.0,64.0,249.0
-14.0,-14.0,64.0,249.0
-12.0,-14.0,64.0,384.0
-8.0,-14.0,64.0,130.0
-6.0,-14.0,64.0,130.0
-4.0,-14.0,64.0,130.0
-2.0,-14.0,64.0,130.0
0.0,-14.0,64.0,130.0
2.0,-14.0,64.0,130.0
4.0,-14.0,64.0,130.0
6.0,-14.0,64.0,382.0
8.0,-14.0,64.0,382.0
10.0,-14.0,64.0,382.0
12.0,-14.0,64.0,382.0
14.0,-14.0,64.0,382.0
16.0,-14.0,64.0,382.0
18.0,-14.0,64.0,382.0
20.0,-14.0,64.0,382.0
22.0,-14.0,64.0,382.0
24.0,-14.0,64.0,315.0
26.0,-14.0,64.0,315.0
28.0,-14.0,64.0,315.0
30.0,-14.0,64.0,315.0
32.0,-14.0,64.0,315.0
34.0,-14.0,64.0,315.0
36.0,-14.0,64.0,315.0
38.0,-14.0,64.0,409.0
40.0,-14.0,64.0,32.0
42.0,-14.0,64.0,32.0
44.0,-14.0,64.0,286.0
-44.0,-12.0,64.0,432.0
-42.0,-12.0,64.0,432.0
-40.0,-12.0,64.0,432.0
-38.0,-12.0,64.0,432.0
-36.0,-12.0,64.0,432.0
-34.0,-12.0,64.0,89.0
-32.0,-12.0,64.0,89.0
-30.0,-12.0,64.0,89.0
-28.0,-12.0,64.0,89.0
-26.0,-12.0,64.0,89.0
-24.0,-12.0,64.0,89.0
-22.0,-12.0,64.0,249.0
-20.0,-12.0,64.0,249.0
-18.0,-12.0,64.0,249.0
-16.0,-12.0,64.0,249.0
-14.0,-12.0,64.0,384.0
-12.0,-12.0,64.0,384.0
-8.0,-12.0,64.0,384.0
-6.0,-12.0,64.0,130.0
-4.0,-12.0,64.0,130.0
-2.0,-12.0,64.0,130.0
2.0,-12.0,64.0,130.0
4.0,-12.0,64.0,130.0
6.0,-12.0,64.0,382.0
8.0,-12.0,64.0,382.0
10.0,-12.0,64.0,382.0
12.0,-12.0,64.0,382.0
14.0,-12.0,64.0,382.0
16.0,-12.0,64.0,382.0
18.0,-12.0,64.0,382.0
20.0,-12.0,64.0,382.0
22.0,-12.0,64.0,382.0
24.0,-12.0,64.0,315.0
26.0,-12.0,64.0,315.0
28.0,-12.0,64.0,315.0
30.0,-12.0,64.0,315.0
32.0,-12.0,64.0,409.0
34.0,-12.0,64.0,409.0
36.0,-12.0,64.0,409.0
38.0,-12.0,64.0,409.0
40.0,-12.0,64.0,409.0
42.0,-12.0,64.0,286.0
-44.0,-10.0,64.0,10.0
-42.0,-10.0,64.0,432.0
-40.0,-10.0,64.0,432.0
-38.0,-10.0,64.0,432.0
-36.0,-10.0,64.0,432.0
-34.0,-10.0,64.0,89.0
-32.0,-10.0,64.0,89.0
-30.0,-10.0,64.0,89.0
-28.0,-10.0,64.0,89.0
-26.0,-10.0,64.0,89.0
-24.0,-10.0,64.0,89.0
-22.0,-10.0,64.0,249.0
-20.0,-10.0,64.0,249.0
-18.0,-10.0,64.0,249.0
-16.0,-10.0,64.0,384.0
-14.0,-10.0,64.0,384.0
-12.0,-10.0,64.0,384.0
-10.0,-10.0,64.0,384.0
-8.0,-10.0,64.0,384.0
-6.0,-10.0,64.0,130.0
-4.0,-10.0,64.0,130.0
-2.0,-10.0,64.0,130.0
2.0,-10.0,64.0,130.0
4.0,-10.0,64.0,382.0
6.0,-10.0,64.0,382.0
8.0,-10.0,64.0,382.0
10.0,-10.0,64.0,382.0
12.0,-10.0,64.0,382.0
14.0,-10.0,64.0,382.0
16.0,-10.0,64.0,382.0
18.0,-10.0,64.0,382.0
20.0,-10.0,64.0,382.0
22.0,-10.0,64.0,382.0
24.0,-10.0,64.0,45.0
26.0,-10.0,64.0,45.0
28.0,-10.0,64.0,409.0
30.0,-10.0,64.0,409.0
32.0,-10.0,64.0,409.0
34.0,-10.0,64.0,409.0
36.0,-10.0,64.0,409.0
38.0,-10.0,64.0,409.0
40.0,-10.0,64.0,409.0
42.0,-10.0,64.0,409.0
-44.0,-8.0,64.0,10.0
-42.0,-8.0,64.0,432.0
-40.0,-8.0,64.0,432.0
-38.0,-8.0,64.0,432.0
-36.0,-8.0,64.0,89.0
-34.0,-8.0,64.0,89.0
-32.0,-8.0,64.0,89.0
-30.0,-8.0,64.0,89.0
-28.0,-8.0,64.0,89.0
-26.0,-8.0,64.0,89.0
-24.0,-8.0,64.0,89.0
-22.0,-8.0,64.0,527.0
-20.0,-8.0,64.0,527.0
-18.0,-8.0,64.0,527.0
-16.0,-8.0,64.0,384.0
-14.0,-8.0,64.0,384.0
-12.0,-8.0,64.0,384.0
-10.0,-8.0,64.0,384.0
-8.0,-8.0,64.0,384.0
-6.0,-8.0,64.0,384.0
-4.0,-8.0,64.0,130.0
2.0,-8.0,64.0,130.0
4.0,-8.0,64.0,382.0
6.0,-8.0,64.0,382.0
8.0,-8.0,64.0,382.0
10.0,-8.0,64.0,382.0
12.0,-8.0,64.0,382.0
14.0,-8.0,64.0,382.0
16.0,-8.0,64.0,382.0
18.0,-8.0,64.0,382.0
20.0,-8.0,64.0,382.0
22.0,-8.0,64.0,45.0
24.0,-8.0,64.0,45.0
26.0,-8.0,64.0,45.0
28.0,-8.0,64.0,45.0
30.0,-8.0,64.0,409.0
32.0,-8.0,64.0,409.0
34.0,-8.0,64.0,409.0
36.0,-8.0,64.0,409.0
38.0,-8.0,64.0,409.0
40.0,-8.0,64.0,409.0
42.0,-8.0,64.0,409.0
-42.0,-6.0,64.0,180.0
-40.0,-6.0,64.0,432.0
-38.0,-6.0,64.0,432.0
-36.0,-6.0,64.0,89.0
-34.0,-6.0,64.0,89.0
-32.0,-6.0,64.0,89.0
-30.0,-6.0,64.0,89.0
-28.0,-6.0,64.0,89.0
-26.0,-6.0,64.0,89.0
-24.0,-6.0,64.0,89.0
-22.0,-6.0,64.0,527.0
-20.0,-6.0,64.0,527.0
-18.0,-6.0,64.0,527.0
-16.0,-6.0,64.0,527.0
-14.0,-6.0,64.0,384.0
-12.0,-6.0,64.0,384.0
-10.0,-6.0,64.0,384.0
-8.0,-6.0,64.0,384.0
-6.0,-6.0,64.0,384.0
-4.0,-6.0,64.0,18.0
2.0,-6.0,64.0,69.0
4.0,-6.0,64.0,69.0
6.0,-6.0,64.0,382.0
8.0,-6.0,64.0,382.0
10.0,-6.0,64.0,382.0
12.0,-6.0,64.0,382.0
14.0,-6.0,64.0,382.0
16.0,-6.0,64.0,382.0
18.0,-6.0,64.0,382.0
20.0,-6.0,64.0,382.0
22.0,-6.0,64.0,45.0
24.0,-6.0,64.0,45.0
26.0,-6.0,64.0,45.0
28.0,-6.0,64.0,45.0
30.0,-6.0,64.0,45.0
32.0,-6.0,64.0,409.0
34.0,-6.0,64.0,409.0
36.0,-6.0,64.0,409.0
38.0,-6.0,64.0,409.0
40.0,-6.0,64.0,409.0
-42.0,-4.0,64.0,180.0
-40.0,-4.0,64.0,180.0
-38.0,-4.0,64.0,180.0
-36.0,-4.0,64.0,89.0
-34.0,-4.0,64.0,89.0
-32.0,-4.0,64.0,89.0
-30.0,-4.0,64.0,89.0
-28.0,-4.0,64.0,89.0
-26.0,-4.0,64.0,89.0
-24.0,-4.0,64.0,527.0
-22.0,-4.0,64.0,527.0
-20.0,-4.0,64.0,527.0
-18.0,-4.0,64.0,527.0
-16.0,-4.0,64.0,527.0
-14.0,-4.0,64.0,384.0
-12.0,-4.0,64.0,384.0
-10.0,-4.0,64.0,384.0
-8.0,-4.0,64.0,384.0
-6.0,-4.0,64.0,18.0
-4.0,-4.0,64.0,18.0
2.0,-4.0,64.0,69.0
4.0,-4.0,64.0,69.0
6.0,-4.0,64.0,69.0
8.0,-4.0,64.0,69.0
10.0,-4.0,64.0,382.0
12.0,-4.0,64.0,382.0
14.0,-4.0,64.0,424.0
16.0,-4.0,64.0,424.0
18.0,-4.0,64.0,424.0
20.0,-4.0,64.0,424.0
22.0,-4.0,64.0,45.0
24.0,-4.0,64.0,45.0
26.0,-4.0,64.0,45.0
28.0,-4.0,64.0,45.0
30.0,-4.0,64.0,45.0
32.0,-4.0,64.0,45.0
34.0,-4.0,64.0,409.0
36.0,-4.0,64.0,409.0
38.0,-4.0,64.0,409.0
40.0,-4.0,64.0,409.0
-38.0,-2.0,64.0,333.0
-36.0,-2.0,64.0,333.0
-34.0,-2.0,64.0,333.0
-32.0,-2.0,64.0,333.0
-30.0,-2.0,64.0,89.0
-28.0,-2.0,64.0,89.0
-26.0,-2.0,64.0,89.0
-24.0,-2.0,64.0,527.0
-22.0,-2.0,64.0,527.0
-20.0,-2.0,64.0,527.0
-18.0,-2.0,64.0,527.0
-16.0,-2.0,64.0,527.0
-14.0,-2.0,64.0,527.0
-12.0,-2.0,64.0,384.0
-10.0,-2.0,64.0,384.0
-8.0,-2.0,64.0,18.0
-6.0,-2.0,64.0,18.0
-4.0,-2.0,64.0,18.0
2.0,-2.0,64.0,69.0
4.0,-2.0,64.0,69.0
6.0,-2.0,64.0,69.0
8.0,-2.0,64.0,69.0
10.0,-2.0,64.0,424.0
12.0,-2.0,64.0,424.0
14.0,-2.0,64.0,424.0
16.0,-2.0,64.0,424.0
18.0,-2.0,64.0,424.0
20.0,-2.0,64.0,424.0
22.0,-2.0,64.0,45.0
24.0,-2.0,64.0,45.0
26.0,-2.0,64.0,45.0
28.0,-2.0,64.0,45.0
30.0,-2.0,64.0,45.0
32.0,-2.0,64.0,45.0
34.0,-2.0,64.0,45.0
36.0,-2.0,64.0,409.0
38.0,-2.0,64.0,409.0
40.0,-2.0,64.0,409.0
-38.0,-0.0,64.0,333.0
-36.0,-0.0,64.0,333.0
-34.0,-0.0,64.0,333.0
-32.0,-0.0,64.0,333.0
-30.0,-0.0,64.0,333.0
-28.0,-0.0,64.0,333.0
-26.0,-0.0,64.0,333.0
-24.0,-0.0,64.0,527.0
-22.0,-0.0,64.0,527.0
-20.0,-0.0,64.0,527.0
-18.0,-0.0,64.0,527.0
-16.0,-0.0,64.0,527.0
-14.0,-0.0,64.0,527.0
-12.0,-0.0,64.0,384.0
-10.0,-0.0,64.0,18.0
-8.0,-0.0,64.0,18.0
-6.0,-0.0,64.0,18.0
-4.0,-0.0,64.0,18.0
2.0,-0.0,64.0,69.0
4.0,-0.0,64.0,69.0
6.0,-0.0,64.0,69.0
8.0,-0.0,64.0,69.0
10.0,-0.0,64.0,424.0
12.0,-0.0,64.0,424.0
14.0,-0.0,64.0,424.0
16.0,-0.0,64.0,424.0
18.0,-0.0,64.0,424.0
20.0,-0.0,64.0,424.0
22.0,-0.0,64.0,45.0
24.0,-0.0,64.0,45.0
26.0,-0.0,64.0,45.0
28.0,-0.0,64.0,45.0
30.0,-0.0,64.0,45.0
32.0,-0.0,64.0,45.0
34.0,-0.0,64.0,45.0
36.0,-0.0,64.0,45.0
38.0,-0.0,64.0,409.0
-38.0,2.0,64.0,333.0
-36.0,2.0,64.0,333.0
-34.0,2.0,64.0,333.0
-32.0,2.0,64.0,333.0
-30.0,2.0,64.0,333.0
-28.0,2.0,64.0,333.0
-26.0,2.0,64.0,333.0
-24.0,2.0,64.0,527.0
-22.0,2.0,64.0,527.0
-20.0,2.0,64.0,527.0
-18.0,2.0,64.0,527.0
-16.0,2.0,64.0,527.0
-14.0,2.0,64.0,555.0
-12.0,2.0,64.0,18.0
-10.0,2.0,64.0,18.0
-8.0,2.0,64.0,18.0
-6.0,2.0,64.0,18.0
-4.0,2.0,64.0,18.0
2.0,2.0,64.0,69.0
4.0,2.0,64.0,69.0
6.0,2.0,64.0,69.0
8.0,2.0,64.0,69.0
10.0,2.0,64.0,424.0
12.0,2.0,64.0,424.0
14.0,2.0,64.0,424.0
16.0,2.0,64.0,424.0
18.0,2.0,64.0,424.0
20.0,2.0,64.0,424.0
22.0,2.0,64.0,27.0
24.0,2.0,64.0,45.0
26.0,2.0,64.0,45.0
28.0,2.0,64.0,45.0
30.0,2.0,64.0,45.0
32.0,2.0,64.0,45.0
34.0,2.0,64.0,45.0
36.0,2.0,64.0,45.0
38.0,2.0,64.0,45.0
-38.0,4.0,64.0,333.0
-36.0,4.0,64.0,333.0
-34.0,4.0,64.0,333.0
-32.0,4.0,64.0,333.0
-30.0,4.0,64.0,333.0
-28.0,4.0,64.0,333.0
-26.0,4.0,64.0,340.0
-24.0,4.0,64.0,340.0
-22.0,4.0,64.0,340.0
-20.0,4.0,64.0,340.0
-18.0,4.0,64.0,555.0
-16.0,4.0,64.0,555.0
-14.0,4.0,64.0,555.0
-12.0,4.0,64.0,18.0
-10.0,4.0,64.0,18.0
-8.0,4.0,64.0,18.0
-6.0,4.0,64.0,18.0
-4.0,4.0,64.0,18.0
2.0,4.0,64.0,69.0
4.0,4.0,64.0,69.0
6.0,4.0,64.0,69.0
8.0,4.0,64.0,69.0
10.0,4.0,64.0,424.0
12.0,4.0,64.0,424.0
14.0,4.0,64.0,424.0
16.0,4.0,64.0,424.0
18.0,4.0,64.0,424.0
20.0,4.0,64.0,27.0
22.0,4.0,64.0,494.0
24.0,4.0,64.0,494.0
26.0,4.0,64.0,494.0
28.0,4.0,64.0,494.0
30.0,4.0,64.0,45.0
32.0,4.0,64.0,45.0
34.0,4.0,64.0,45.0
36.0,4.0,64.0,45.0
38.0,4.0,64.0,45.0
-38.0,6.0,64.0,333.0
-36.0,6.0,64.0,333.0
-34.0,6.0,64.0,333.0
-32.0,6.0,64.0,333.0
-30.0,6.0,64.0,333.0
-28.0,6.0,64.0,340.0
-26.0,6.0,64.0,340.0
-24.0,6.0,64.0,340.0
-22.0,6.0,64.0,340.0
-20.0,6.0,64.0,340.0
-18.0,6.0,64.0,340.0
-16.0,6.0,64.0,555.0
-14.0,6.0,64.0,555.0
-12.0,6.0,64.0,18.0
-10.0,6.0,64.0,18.0
-8.0,6.0,64.0,18.0
-6.0,6.0,64.0,18.0
-4.0,6.0,64.0,18.0
2.0,6.0,64.0,18.0
4.0,6.0,64.0,69.0
6.0,6.0,64.0,69.0
8.0,6.0,64.0,69.0
10.0,6.0,64.0,424.0
12.0,6.0,64.0,424.0
14.0,6.0,64.0,424.0
16.0,6.0,64.0,424.0
18.0,6.0,64.0,424.0
20.0,6.0,64.0,27.0
22.0,6.0,64.0,494.0
24.0,6.0,64.0,494.0
26.0,6.0,64.0,494.0
28.0,6.0,64.0,494.0
30.0,6.0,64.0,494.0
32.0,6.0,64.0,22.0
34.0,6.0,64.0,22.0
36.0,6.0,64.0,22.0
-38.0,8.0,64.0,333.0
-36.0,8.0,64.0,333.0
-34.0,8.0,64.0,333.0
-32.0,8.0,64.0,333.0
-30.0,8.0,64.0,340.0
-28.0,8.0,64.0,340.0
-26.0,8.0,64.0,340.0
-24.0,8.0,64.0,340.0
-22.0,8.0,64.0,340.0
-20.0,8.0,64.0,340.0
-18.0,8.0,64.0,340.0
-16.0,8.0,64.0,340.0
-14.0,8.0,64.0,18.0
-12.0,8.0,64.0,18.0
-10.0,8.0,64.0,18.0
-8.0,8.0,64.0,18.0
-6.0,8.0,64.0,18.0
-4.0,8.0,64.0,18.0
2.0,8.0,64.0,18.0
4.0,8.0,64.0,149.0
6.0,8.0,64.0,149.0
8.0,8.0,64.0,149.0
10.0,8.0,64.0,149.0
12.0,8.0,64.0,149.0
14.0,8.0,64.0,424.0
16.0,8.0,64.0,253.0
18.0,8.0,64.0,253.0
20.0,8.0,64.0,494.0
22.0,8.0,64.0,494.0
24.0,8.0,64.0,494.0
26.0,8.0,64.0,494.0
28.0,8.0,64.0,494.0
30.0,8.0,64.0,494.0
32.0,8.0,64.0,22.0
34.0,8.0,64.0,22.0
36.0,8.0,64.0,22.0
-36.0,10.0,64.0,333.0
-34.0,10.0,64.0,340.0
-32.0,10.0,64.0,340.0
-30.0,10.0,64.0,340.0
-28.0,10.0,64.0,340.0
-26.0,10.0,64.0,340.0
-24.0,10.0,64.0,340.0
-22.0,10.0,64.0,340.0
-20.0,10.0,64.0,340.0
-18.0,10.0,64.0,340.0
-16.0,10.0,64.0,340.0
-14.0,10.0,64.0,200.0
-12.0,10.0,64.0,18.0
-10.0,10.0,64.0,18.0
-8.0,10.0,64.0,18.0
-6.0,10.0,64.0,18.0
-4.0,10.0,64.0,18.0
2.0,10.0,64.0,149.0
4.0,10.0,64.0,149.0
6.0,10.0,64.0,149.0
8.0,10.0,64.0,149.0
10.0,10.0,64.0,149.0
12.0,10.0,64.0,149.0
14.0,10.0,64.0,185.0
16.0,10.0,64.0,185.0
18.0,10.0,64.0,185.0
20.0,10.0,64.0,185.0
22.0,10.0,64.0,494.0
24.0,10.0,64.0,494.0
26.0,10.0,64.0,494.0
28.0,10.0,64.0,494.0
30.0,10.0,64.0,494.0
32.0,10.0,64.0,22.0
34.0,10.0,64.0,22.0
36.0,10.0,64.0,22.0
-34.0,12.0,64.0,340.0
-32.0,12.0,64.0,340.0
-30.0,12.0,64.0,340.0
-28.0,12.0,64.0,340.0
-26.0,12.0,64.0,340.0
-24.0,12.0,64.0,340.0
-22.0,12.0,64.0,340.0
-20.0,12.0,64.0,340.0
-18.0,12.0,64.0,340.0
-16.0,12.0,64.0,340.0
-14.0,12.0,64.0,200.0
-12.0,12.0,64.0,200.0
-10.0,12.0,64.0,200.0
-8.0,12.0,64.0,200.0
-6.0,12.0,64.0,200.0
-4.0,12.0,64.0,200.0
2.0,12.0,64.0,149.0
4.0,12.0,64.0,149.0
6.0,12.0,64.0,149.0
8.0,12.0,64.0,149.0
10.0,12.0,64.0,149.0
12.0,12.0,64.0,149.0
14.0,12.0,64.0,185.0
16.0,12.0,64.0,185.0
18.0,12.0,64.0,185.0
20.0,12.0,64.0,185.0
22.0,12.0,64.0,185.0
24.0,12.0,64.0,494.0
26.0,12.0,64.0,494.0
28.0,12.0,64.0,494.0
30.0,12.0,64.0,494.0
32.0,12.0,64.0,22.0
34.0,12.0,64.0,22.0
-30.0,14.0,64.0,340.0
-28.0,14.0,64.0,340.0
-26.0,14.0,64.0,340.0
-24.0,14.0,64.0,340.0
-22.0,14.0,64.0,340.0
-20.0,14.0,64.0,340.0
-18.0,14.0,64.0,340.0
-16.0,14.0,64.0,340.0
-14.0,14.0,64.0,200.0
-12.0,14.0,64.0,200.0
-10.0,14.0,64.0,200.0
-8.0,14.0,64.0,200.0
-6.0,14.0,64.0,200.0
-4.0,14.0,64.0,200.0
2.0,14.0,64.0,149.0
4.0,14.0,64.0,149.0
6.0,14.0,64.0,149.0
8.0,14.0,64.0,149.0
10.0,14.0,64.0,149.0
12.0,14.0,64.0,149.0
14.0,14.0,64.0,185.0
16.0,14.0,64.0,185.0
18.0,14.0,64.0,185.0
20.0,14.0,64.0,185.0
22.0,14.0,64.0,185.0
24.0,14.0,64.0,185.0
26.0,14.0,64.0,494.0
28.0,14.0,64.0,494.0
30.0,14.0,64.0,494.0
32.0,14.0,64.0,22.0
-28.0,16.0,64.0,340.0
-26.0,16.0,64.0,340.0
-24.0,16.0,64.0,340.0
-22.0,16.0,64.0,340.0
-20.0,16.0,64.0,340.0
-18.0,16.0,64.0,340.0
-16.0,16.0,64.0,585.0
-14.0,16.0,64.0,585.0
-12.0,16.0,64.0,585.0
-10.0,16.0,64.0,200.0
-8.0,16.0,64.0,200.0
-6.0,16.0,64.0,200.0
-4.0,16.0,64.0,200.0
2.0,16.0,64.0,149.0
4.0,16.0,64.0,149.0
6.0,16.0,64.0,149.0
8.0,16.0,64.0,149.0
10.0,16.0,64.0,149.0
12.0,16.0,64.0,149.0
14.0,16.0,64.0,185.0
16.0,16.0,64.0,185.0
18.0,16.0,64.0,185.0
20.0,16.0,64.0,185.0
22.0,16.0,64.0,185.0
24.0,16.0,64.0,185.0
26.0,16.0,64.0,185.0
28.0,16.0,64.0,494.0
30.0,16.0,64.0,494.0
-28.0,18.0,64.0,340.0
-26.0,18.0,64.0,340.0
-24.0,18.0,64.0,340.0
-22.0,18.0,64.0,340.0
-20.0,18.0,64.0,340.0
-18.0,18.0,64.0,585.0
-16.0,18.0,64.0,585.0
-14.0,18.0,64.0,585.0
-12.0,18.0,64.0,585.0
-10.0,18.0,64.0,585.0
-8.0,18.0,64.0,585.0
-6.0,18.0,64.0,200.0
-4.0,18.0,64.0,200.0
2.0,18.0,64.0,149.0
4.0,18.0,64.0,149.0
6.0,18.0,64.0,149.0
8.0,18.0,64.0,149.0
10.0,18.0,64.0,149.0
12.0,18.0,64.0,149.0
14.0,18.0,64.0,185.0
16.0,18.0,64.0,185.0
18.0,18.0,64.0,185.0
20.0,18.0,64.0,185.0
22.0,18.0,64.0,185.0
24.0,18.0,64.0,185.0
26.0,18.0,64.0,185.0
28.0,18.0,64.0,185.0
-26.0,20.0,64.0,340.0
-24.0,20.0,64.0,340.0
-22.0,20.0,64.0,340.0
-20.0,20.0,64.0,340.0
-18.0,20.0,64.0,585.0
-16.0,20.0,64.0,585.0
-14.0,20.0,64.0,585.0
-12.0,20.0,64.0,585.0
-10.0,20.0,64.0,585.0
-8.0,20.0,64.0,585.0
-6.0,20.0,64.0,585.0
-4.0,20.0,64.0,585.0
-2.0,20.0,64.0,200.0
2.0,20.0,64.0,149.0
4.0,20.0,64.0,149.0
6.0,20.0,64.0,149.0
8.0,20.0,64.0,149.0
10.0,20.0,64.0,149.0
12.0,20.0,64.0,185.0
14.0,20.0,64.0,185.0
16.0,20.0,64.0,185.0
18.0,20.0,64.0,185.0
20.0,20.0,64.0,185.0
22.0,20.0,64.0,185.0
24.0,20.0,64.0,185.0
-26.0,22.0,64.0,340.0
-24.0,22.0,64.0,340.0
-22.0,22.0,64.0,340.0
-20.0,22.0,64.0,585.0
-18.0,22.0,64.0,585.0
-16.0,22.0,64.0,585.0
-14.0,22.0,64.0,585.0
-12.0,22.0,64.0,585.0
-10.0,22.0,64.0,585.0
-8.0,22.0,64.0,585.0
-6.0,22.0,64.0,585.0
-4.0,22.0,64.0,585.0
-2.0,22.0,64.0,585.0
2.0,22.0,64.0,255.0
4.0,22.0,64.0,149.0
6.0,22.0,64.0,149.0
8.0,22.0,64.0,149.0
10.0,22.0,64.0,149.0
12.0,22.0,64.0,185.0
14.0,22.0,64.0,185.0
16.0,22.0,64.0,185.0
18.0,22.0,64.0,185.0
20.0,22.0,64.0,185.0
22.0,22.0,64.0,185.0
-22.0,24.0,64.0,585.0
-20.0,24.0,64.0,585.0
-18.0,24.0,64.0,585.0
-16.0,24.0,64.0,585.0
-14.0,24.0,64.0,585.0
-12.0,24.0,64.0,585.0
-10.0,24.0,64.0,585.0
-8.0,24.0,64.0,585.0
-6.0,24.0,64.0,585.0
-4.0,24.0,64.0,585.0
-2.0,24.0,64.0,585.0
2.0,24.0,64.0,255.0
4.0,24.0,64.0,255.0
6.0,24.0,64.0,255.0
8.0,24.0,64.0,255.0
10.0,24.0,64.0,255.0
12.0,24.0,64.0,185.0
14.0,24.0,64.0,185.0
16.0,24.0,64.0,185.0
18.0,24.0,64.0,185.0
20.0,24.0,64.0,185.0
-16.0,26.0,64.0,585.0
-14.0,26.0,64.0,585.0
-12.0,26.0,64.0,585.0
-10.0,26.0,64.0,585.0
-8.0,26.0,64.0,585.0
-6.0,26.0,64.0,585.0
-4.0,26.0,64.0,585.0
-2.0,26.0,64.0,585.0
2.0,26.0,64.0,255.0
4.0,26.0,64.0,255.0
6.0,26.0,64.0,255.0
8.0,26.0,64.0,255.0
10.0,26.0,64.0,255.0
12.0,26.0,64.0,255.0
14.0,26.0,64.0,185.0
16.0,26.0,64.0,185.0
-14.0,28.0,64.0,585.0
-12.0,28.0,64.0,585.0
-10.0,28.0,64.0,585.0
-8.0,28.0,64.0,585.0
-6.0,28.0,64.0,585.0
2.0,28.0,64.0,255.0
4.0,28.0,64.0,255.0
6.0,28.0,64.0,255.0
8.0,28.0,64.0,255.0
10.0,28.0,64.0,255.0
8.0,30.0,64.0,255.0
-18.0,-70.0,66.0,113.0
-16.0,-70.0,66.0,113.0
-14.0,-70.0,66.0,113.0
-12.0,-70.0,66.0,113.0
-10.0,-70.0,66.0,113.0
10.0,-70.0,66.0,292.0
12.0,-70.0,66.0,516.0
14.0,-70.0,66.0,516.0
16.0,-70.0,66.0,516.0
-24.0,-68.0,66.0,134.0
-22.0,-68.0,66.0,134.0
-20.0,-68.0,66.0,113.0
-18.0,-68.0,66.0,113.0
-16.0,-68.0,66.0,113.0
-14.0,-68.0,66.0,113.0
-12.0,-68.0,66.0,113.0
-10.0,-68.0,66.0,113.0
-8.0,-68.0,66.0,113.0
8.0,-68.0,66.0,292.0
10.0,-68.0,66.0,292.0
12.0,-68.0,66.0,292.0
14.0,-68.0,66.0,516.0
16.0,-68.0,66.0,516.0
18.0,-68.0,66.0,516.0
20.0,-68.0,66.0,516.0
22.0,-68.0,66.0,516.0
-26.0,-66.0,66.0,134.0
-24.0,-66.0,66.0,134.0
-22.0,-66.0,66.0,113.0
-20.0,-66.0,66.0,113.0
-18.0,-66.0,66.0,113.0
-16.0,-66.0,66.0,113.0
-14.0,-66.0,66.0,113.0
-12.0,-66.0,66.0,113.0
-10.0,-66.0,66.0,113.0
-8.0,-66.0,66.0,113.0
-6.0,-66.0,66.0,113.0
6.0,-66.0,66.0,292.0
8.0,-66.0,66.0,292.0
10.0,-66.0,66.0,292.0
12.0,-66.0,66.0,292.0
14.0,-66.0,66.0,292.0
16.0,-66.0,66.0,516.0
18.0,-66.0,66.0,516.0
20.0,-66.0,66.0,516.0
22.0,-66.0,66.0,516.0
24.0,-66.0,66.0,516.0
26.0,-66.0,66.0,516.0
-30.0,-64.0,66.0,134.0
-28.0,-64.0,66.0,134.0
-26.0,-64.0,66.0,134.0
-24.0,-64.0,66.0,134.0
-22.0,-64.0,66.0,113.0
-20.0,-64.0,66.0,113.0
-18.0,-64.0,66.0,113.0
-16.0,-64.0,66.0,113.0
-14.0,-64.0,66.0,113.0
-12.0,-64.0,66.0,113.0
-10.0,-64.0,66.0,113.0
-8.0,-64.0,66.0,348.0
-6.0,-64.0,66.0,348.0
6.0,-64.0,66.0,292.0
8.0,-64.0,66.0,292.0
10.0,-64.0,66.0,292.0
12.0,-64.0,66.0,292.0
14.0,-64.0,66.0,292.0
16.0,-64.0,66.0,232.0
18.0,-64.0,66.0,516.0
20.0,-64.0,66.0,516.0
22.0,-64.0,66.0,516.0
24.0,-64.0,66.0,500.0
26.0,-64.0,66.0,500.0
28.0,-64.0,66.0,500.0
-32.0,-62.0,66.0,87.0
-30.0,-62.0,66.0,87.0
-28.0,-62.0,66.0,87.0
-26.0,-62.0,66.0,87.0
-24.0,-62.0,66.0,134.0
-22.0,-62.0,66.0,113.0
-20.0,-62.0,66.0,113.0
-18.0,-62.0,66.0,113.0
-16.0,-62.0,66.0,113.0
-14.0,-62.0,66.0,113.0
-12.0,-62.0,66.0,348.0
-10.0,-62.0,66.0,348.0
-8.0,-62.0,66.0,348.0
-6.0,-62.0,66.0,348.0
-4.0,-62.0,66.0,348.0
6.0,-62.0,66.0,292.0
8.0,-62.0,66.0,292.0
10.0,-62.0,66.0,292.0
12.0,-62.0,66.0,292.0
14.0,-62.0,66.0,292.0
16.0,-62.0,66.0,232.0
18.0,-62.0,66.0,232.0
20.0,-62.0,66.0,500.0
22.0,-62.0,66.0,500.0
24.0,-62.0,66.0,500.0
26.0,-62.0,66.0,500.0
28.0,-62.0,66.0,500.0
30.0,-62.0,66.0,500.0
-34.0,-60.0,66.0,87.0
-32.0,-60.0,66.0,87.0
-30.0,-60.0,66.0,87.0
-28.0,-60.0,66.0,87.0
-26.0,-60.0,66.0,87.0
-24.0,-60.0,66.0,87.0
-22.0,-60.0,66.0,113.0
-20.0,-60.0,66.0,113.0
-18.0,-60.0,66.0,113.0
-16.0,-60.0,66.0,348.0
-14.0,-60.0,66.0,348.0
-12.0,-60.0,66.0,348.0
-10.0,-60.0,66.0,348.0
-8.0,-60.0,66.0,348.0
-6.0,-60.0,66.0,348.0
-4.0,-60.0,66.0,348.0
6.0,-60.0,66.0,292.0
8.0,-60.0,66.0,292.0
10.0,-60.0,66.0,292.0
12.0,-60.0,66.0,292.0
14.0,-60.0,66.0,232.0
16.0,-60.0,66.0,232.0
18.0,-60.0,66.0,232.0
20.0,-60.0,66.0,500.0
22.0,-60.0,66.0,500.0
24.0,-60.0,66.0,500.0
26.0,-60.0,66.0,500.0
28.0,-60.0,66.0,500.0
30.0,-60.0,66.0,500.0
32.0,-60.0,66.0,574.0
-34.0,-58.0,66.0,87.0
-32.0,-58.0,66.0,87.0
-30.0,-58.0,66.0,87.0
-28.0,-58.0,66.0,87.0
-26.0,-58.0,66.0,87.0
-24.0,-58.0,66.0,87.0
-22.0,-58.0,66.0,87.0
-20.0,-58.0,66.0,348.0
-18.0,-58.0,66.0,348.0
-16.0,-58.0,66.0,348.0
-14.0,-58.0,66.0,348.0
-12.0,-58.0,66.0,348.0
-10.0,-58.0,66.0,348.0
-8.0,-58.0,66.0,348.0
-6.0,-58.0,66.0,348.0
-4.0,-58.0,66.0,348.0
4.0,-58.0,66.0,292.0
6.0,-58.0,66.0,292.0
8.0,-58.0,66.0,292.0
10.0,-58.0,66.0,292.0
12.0,-58.0,66.0,292.0
14.0,-58.0,66.0,232.0
16.0,-58.0,66.0,232.0
18.0,-58.0,66.0,232.0
20.0,-58.0,66.0,500.0
22.0,-58.0,66.0,500.0
24.0,-58.0,66.0,500.0
26.0,-58.0,66.0,500.0
28.0,-58.0,66.0,500.0
30.0,-58.0,66.0,574.0
32.0,-58.0,66.0,574.0
34.0,-58.0,66.0,574.0
-36.0,-56.0,66.0,87.0
-34.0,-56.0,66.0,87.0
-32.0,-56.0,66.0,87.0
-30.0,-56.0,66.0,87.0
-28.0,-56.0,66.0,87.0
-26.0,-56.0,66.0,87.0
-24.0,-56.0,66.0,87.0
-22.0,-56.0,66.0,87.0
-20.0,-56.0,66.0,348.0
-18.0,-56.0,66.0,348.0
-16.0,-56.0,66.0,348.0
-14.0,-56.0,66.0,348.0
-12.0,-56.0,66.0,348.0
-10.0,-56.0,66.0,348.0
-8.0,-56.0,66.0,348.0
-6.0,-56.0,66.0,348.0
-4.0,-56.0,66.0,348.0
4.0,-56.0,66.0,292.0
6.0,-56.0,66.0,292.0
8.0,-56.0,66.0,292.0
10.0,-56.0,66.0,292.0
12.0,-56.0,66.0,232.0
14.0,-56.0,66.0,232.0
16.0,-56.0,66.0,232.0
18.0,-56.0,66.0,232.0
20.0,-56.0,66.0,232.0
22.0,-56.0,66.0,500.0
24.0,-56.0,66.0,500.0
26.0,-56.0,66.0,500.0
28.0,-56.0,66.0,500.0
30.0,-56.0,66.0,574.0
32.0,-56.0,66.0,574.0
34.0,-56.0,66.0,574.0
36.0,-56.0,66.0,574.0
-38.0,-54.0,66.0,87.0
-36.0,-54.0,66.0,87.0
-34.0,-54.0,66.0,87.0
-32.0,-54.0,66.0,87.0
-30.0,-54.0,66.0,87.0
-28.0,-54.0,66.0,87.0
-26.0,-54.0,66.0,87.0
-24.0,-54.0,66.0,330.0
-22.0,-54.0,66.0,330.0
-20.0,-54.0,66.0,330.0
-18.0,-54.0,66.0,348.0
-16.0,-54.0,66.0,348.0
-14.0,-54.0,66.0,348.0
-12.0,-54.0,66.0,348.0
-10.0,-54.0,66.0,348.0
-8.0,-54.0,66.0,348.0
-6.0,-54.0,66.0,183.0
-4.0,-54.0,66.0,183.0
4.0,-54.0,66.0,292.0
6.0,-54.0,66.0,292.0
8.0,-54.0,66.0,292.0
10.0,-54.0,66.0,292.0
12.0,-54.0,66.0,232.0
14.0,-54.0,66.0,232.0
16.0,-54.0,66.0,232.0
18.0,-54.0,66.0,232.0
20.0,-54.0,66.0,232.0
22.0,-54.0,66.0,500.0
24.0,-54.0,66.0,500.0
26.0,-54.0,66.0,500.0
28.0,-54.0,66.0,500.0
30.0,-54.0,66.0,574.0
32.0,-54.0,66.0,574.0
34.0,-54.0,66.0,574.0
36.0,-54.0,66.0,574.0
-40.0,-52.0,66.0,87.0
-38.0,-52.0,66.0,87.0
-36.0,-52.0,66.0,87.0
-34.0,-52.0,66.0,87.0
-32.0,-52.0,66.0,87.0
-30.0,-52.0,66.0,330.0
-28.0,-52.0,66.0,330.0
-26.0,-52.0,66.0,330.0
-24.0,-52.0,66.0,330.0
-22.0,-52.0,66.0,330.0
-20.0,-52.0,66.0,330.0
-18.0,-52.0,66.0,348.0
-16.0,-52.0,66.0,183.0
-14.0,-52.0,66.0,183.0
-12.0,-52.0,66.0,183.0
-10.0,-52.0,66.0,183.0
-8.0,-52.0,66.0,183.0
-6.0,-52.0,66.0,183.0
-4.0,-52.0,66.0,183.0
2.0,-52.0,66.0,598.0
4.0,-52.0,66.0,598.0
6.0,-52.0,66.0,292.0
8.0,-52.0,66.0,292.0
10.0,-52.0,66.0,147.0
12.0,-52.0,66.0,147.0
14.0,-52.0,66.0,147.0
16.0,-52.0,66.0,147.0
18.0,-52.0,66.0,147.0
20.0,-52.0,66.0,147.0
22.0,-52.0,66.0,500.0
24.0,-52.0,66.0,498.0
26.0,-52.0,66.0,344.0
28.0,-52.0,66.0,344.0
30.0,-52.0,66.0,574.0
32.0,-52.0,66.0,574.0
34.0,-52.0,66.0,574.0
36.0,-52.0,66.0,574.0
38.0,-52.0,66.0,574.0
-40.0,-50.0,66.0,87.0
-38.0,-50.0,66.0,87.0
-36.0,-50.0,66.0,330.0
-34.0,-50.0,66.0,330.0
-32.0,-50.0,66.0,330.0
-30.0,-50.0,66.0,330.0
-28.0,-50.0,66.0,330.0
-26.0,-50.0,66.0,330.0
-24.0,-50.0,66.0,330.0
-22.0,-50.0,66.0,330.0
-20.0,-50.0,66.0,330.0
-18.0,-50.0,66.0,183.0
-16.0,-50.0,66.0,183.0
-14.0,-50.0,66.0,183.0
-12.0,-50.0,66.0,183.0
-10.0,-50.0,66.0,183.0
-8.0,-50.0,66.0,183.0
-6.0,-50.0,66.0,183.0
2.0,-50.0,66.0,598.0
4.0,-50.0,66.0,598.0
6.0,-50.0,66.0,598.0
8.0,-50.0,66.0,598.0
10.0,-50.0,66.0,147.0
12.0,-50.0,66.0,147.0
14.0,-50.0,66.0,147.0
16.0,-50.0,66.0,147.0
18.0,-50.0,66.0,147.0
20.0,-50.0,66.0,498.0
22.0,-50.0,66.0,498.0
24.0,-50.0,66.0,498.0
26.0,-50.0,66.0,498.0
28.0,-50.0,66.0,498.0
30.0,-50.0,66.0,574.0
32.0,-50.0,66.0,574.0
34.0,-50.0,66.0,574.0
36.0,-50.0,66.0,574.0
38.0,-50.0,66.0,574.0
-42.0,-48.0,66.0,46.0
-40.0,-48.0,66.0,330.0
-38.0,-48.0,66.0,330.0
-36.0,-48.0,66.0,330.0
-34.0,-48.0,66.0,330.0
-32.0,-48.0,66.0,330.0
-30.0,-48.0,66.0,330.0
-28.0,-48.0,66.0,330.0
-26.0,-48.0,66.0,330.0
-24.0,-48.0,66.0,330.0
-22.0,-48.0,66.0,330.0
-20.0,-48.0,66.0,330.0
-18.0,-48.0,66.0,183.0
-16.0,-48.0,66.0,183.0
-14.0,-48.0,66.0,183.0
-12.0,-48.0,66.0,183.0
-10.0,-48.0,66.0,183.0
-8.0,-48.0,66.0,183.0
-6.0,-48.0,66.0,183.0
2.0,-48.0,66.0,598.0
4.0,-48.0,66.0,598.0
6.0,-48.0,66.0,598.0
8.0,-48.0,66.0,65.0
10.0,-48.0,66.0,65.0
12.0,-48.0,66.0,65.0
14.0,-48.0,66.0,65.0
16.0,-48.0,66.0,65.0
18.0,-48.0,66.0,498.0
20.0,-48.0,66.0,498.0
22.0,-48.0,66.0,498.0
24.0,-48.0,66.0,498.0
26.0,-48.0,66.0,498.0
28.0,-48.0,66.0,498.0
30.0,-48.0,66.0,498.0
32.0,-48.0,66.0,574.0
34.0,-48.0,66.0,574.0
36.0,-48.0,66.0,574.0
38.0,-48.0,66.0,574.0
-42.0,-46.0,66.0,46.0
-40.0,-46.0,66.0,46.0
-38.0,-46.0,66.0,330.0
-36.0,-46.0,66.0,330.0
-34.0,-46.0,66.0,330.0
-32.0,-46.0,66.0,330.0
-30.0,-46.0,66.0,330.0
-28.0,-46.0,66.0,330.0
-26.0,-46.0,66.0,330.0
-24.0,-46.0,66.0,330.0
-22.0,-46.0,66.0,330.0
-20.0,-46.0,66.0,330.0
-18.0,-46.0,66.0,183.0
-16.0,-46.0,66.0,183.0
-14.0,-46.0,66.0,183.0
-12.0,-46.0,66.0,183.0
-10.0,-46.0,66.0,183.0
-8.0,-46.0,66.0,183.0
-6.0,-46.0,66.0,183.0
-4.0,-46.0,66.0,524.0
2.0,-46.0,66.0,598.0
4.0,-46.0,66.0,208.0
6.0,-46.0,66.0,65.0
8.0,-46.0,66.0,65.0
10.0,-46.0,66.0,65.0
12.0,-46.0,66.0,65.0
14.0,-46.0,66.0,65.0
16.0,-46.0,66.0,65.0
18.0,-46.0,66.0,498.0
20.0,-46.0,66.0,498.0
22.0,-46.0,66.0,498.0
24.0,-46.0,66.0,498.0
26.0,-46.0,66.0,498.0
28.0,-46.0,66.0,498.0
30.0,-46.0,66.0,498.0
32.0,-46.0,66.0,498.0
34.0,-46.0,66.0,574.0
36.0,-46.0,66.0,574.0
38.0,-46.0,66.0,574.0
-42.0,-44.0,66.0,46.0
-40.0,-44.0,66.0,46.0
-38.0,-44.0,66.0,46.0
-36.0,-44.0,66.0,283.0
-34.0,-44.0,66.0,283.0
-32.0,-44.0,66.0,283.0
-30.0,-44.0,66.0,283.0
-28.0,-44.0,66.0,283.0
-26.0,-44.0,66.0,283.0
-24.0,-44.0,66.0,283.0
-22.0,-44.0,66.0,140.0
-20.0,-44.0,66.0,140.0
-18.0,-44.0,66.0,140.0
-16.0,-44.0,66.0,183.0
-14.0,-44.0,66.0,183.0
-12.0,-44.0,66.0,183.0
-10.0,-44.0,66.0,183.0
-8.0,-44.0,66.0,524.0
-6.0,-44.0,66.0,524.0
-4.0,-44.0,66.0,524.0
2.0,-44.0,66.0,208.0
4.0,-44.0,66.0,65.0
6.0,-44.0,66.0,65.0
8.0,-44.0,66.0,65.0
10.0,-44.0,66.0,65.0
12.0,-44.0,66.0,65.0
14.0,-44.0,66.0,65.0
16.0,-44.0,66.0,65.0
18.0,-44.0,66.0,498.0
20.0,-44.0,66.0,498.0
22.0,-44.0,66.0,498.0
24.0,-44.0,66.0,498.0
26.0,-44.0,66.0,498.0
28.0,-44.0,66.0,498.0
30.0,-44.0,66.0,498.0
32.0,-44.0,66.0,498.0
34.0,-44.0,66.0,498.0
36.0,-44.0,66.0,471.0
38.0,-44.0,66.0,471.0
-44.0,-42.0,66.0,276.0
-42.0,-42.0,66.0,46.0
-40.0,-42.0,66.0,46.0
-38.0,-42.0,66.0,46.0
-36.0,-42.0,66.0,283.0
-34.0,-42.0,66.0,283.0
-32.0,-42.0,66.0,283.0
-30.0,-42.0,66.0,283.0
-28.0,-42.0,66.0,283.0
-26.0,-42.0,66.0,283.0
-24.0,-42.0,66.0,283.0
-22.0,-42.0,66.0,140.0
-20.0,-42.0,66.0,140.0
-18.0,-42.0,66.0,140.0
-16.0,-42.0,66.0,140.0
-14.0,-42.0,66.0,183.0
-12.0,-42.0,66.0,524.0
-10.0,-42.0,66.0,524.0
-8.0,-42.0,66.0,524.0
-6.0,-42.0,66.0,524.0
-4.0,-42.0,66.0,524.0
2.0,-42.0,66.0,65.0
4.0,-42.0,66.0,65.0
6.0,-42.0,66.0,65.0
8.0,-42.0,66.0,65.0
14.0,-42.0,66.0,65.0
16.0,-42.0,66.0,65.0
18.0,-42.0,66.0,498.0
20.0,-42.0,66.0,498.0
22.0,-42.0,66.0,498.0
24.0,-42.0,66.0,498.0
26.0,-42.0,66.0,498.0
28.0,-42.0,66.0,498.0
30.0,-42.0,66.0,498.0
32.0,-42.0,66.0,498.0
34.0,-42.0,66.0,498.0
36.0,-42.0,66.0,471.0
38.0,-42.0,66.0,471.0
40.0,-42.0,66.0,326.0
42.0,-42.0,66.0,326.0
-44.0,-40.0,66.0,276.0
-42.0,-40.0,66.0,46.0
-40.0,-40.0,66.0,46.0
-38.0,-40.0,66.0,46.0
-36.0,-40.0,66.0,283.0
-34.0,-40.0,66.0,283.0
-32.0,-40.0,66.0,283.0
-30.0,-40.0,66.0,283.0
-28.0,-40.0,66.0,283.0
-26.0,-40.0,66.0,283.0
-24.0,-40.0,66.0,283.0
-22.0,-40.0,66.0,140.0
-6.0,-40.0,66.0,524.0
-4.0,-40.0,66.0,524.0
2.0,-40.0,66.0,65.0
4.0,-40.0,66.0,65.0
6.0,-40.0,66.0,65.0
8.0,-40.0,66.0,65.0
10.0,-40.0,66.0,65.0
18.0,-40.0,66.0,498.0
20.0,-40.0,66.0,498.0
22.0,-40.0,66.0,498.0
24.0,-40.0,66.0,498.0
26.0,-40.0,66.0,498.0
28.0,-40.0,66.0,498.0
30.0,-40.0,66.0,498.0
32.0,-40.0,66.0,498.0
34.0,-40.0,66.0,498.0
36.0,-40.0,66.0,471.0
38.0,-40.0,66.0,471.0
40.0,-40.0,66.0,326.0
42.0,-40.0,66.0,326.0
44.0,-40.0,66.0,326.0
-44.0,-38.0,66.0,276.0
-42.0,-38.0,66.0,46.0
-40.0,-38.0,66.0,46.0
-38.0,-38.0,66.0,46.0
-36.0,-38.0,66.0,283.0
-34.0,-38.0,66.0,283.0
-32.0,-38.0,66.0,283.0
-30.0,-38.0,66.0,283.0
-28.0,-38.0,66.0,283.0
-6.0,-38.0,66.0,524.0
-4.0,-38.0,66.0,524.0
0.0,-38.0,66.0,524.0
2.0,-38.0,66.0,65.0
4.0,-38.0,66.0,65.0
6.0,-38.0,66.0,65.0
8.0,-38.0,66.0,65.0
10.0,-38.0,66.0,65.0
12.0,-38.0,66.0,65.0
14.0,-38.0,66.0,65.0
20.0,-38.0,66.0,498.0
22.0,-38.0,66.0,498.0
26.0,-38.0,66.0,498.0
28.0,-38.0,66.0,498.0
30.0,-38.0,66.0,498.0
32.0,-38.0,66.0,498.0
34.0,-38.0,66.0,498.0
36.0,-38.0,66.0,498.0
38.0,-38.0,66.0,471.0
40.0,-38.0,66.0,326.0
42.0,-38.0,66.0,326.0
44.0,-38.0,66.0,326.0
-44.0,-36.0,66.0,276.0
-42.0,-36.0,66.0,46.0
-40.0,-36.0,66.0,46.0
-38.0,-36.0,66.0,46.0
-36.0,-36.0,66.0,283.0
-34.0,-36.0,66.0,283.0
-32.0,-36.0,66.0,283.0
-10.0,-36.0,66.0,313.0
-6.0,-36.0,66.0,313.0
-4.0,-36.0,66.0,313.0
0.0,-36.0,66.0,313.0
2.0,-36.0,66.0,465.0
4.0,-36.0,66.0,65.0
6.0,-36.0,66.0,65.0
8.0,-36.0,66.0,65.0
10.0,-36.0,66.0,65.0
12.0,-36.0,66.0,65.0
14.0,-36.0,66.0,65.0
16.0,-36.0,66.0,65.0
18.0,-36.0,66.0,498.0
22.0,-36.0,66.0,498.0
24.0,-36.0,66.0,498.0
26.0,-36.0,66.0,498.0
28.0,-36.0,66.0,498.0
30.0,-36.0,66.0,498.0
32.0,-36.0,66.0,498.0
34.0,-36.0,66.0,498.0
36.0,-36.0,66.0,498.0
38.0,-36.0,66.0,471.0
40.0,-36.0,66.0,326.0
42.0,-36.0,66.0,326.0
44.0,-36.0,66.0,326.0
-44.0,-34.0,66.0,276.0
-42.0,-34.0,66.0,46.0
-40.0,-34.0,66.0,46.0
-38.0,-34.0,66.0,46.0
-36.0,-34.0,66.0,46.0
-34.0,-34.0,66.0,283.0
-16.0,-34.0,66.0,140.0
-14.0,-34.0,66.0,313.0
-12.0,-34.0,66.0,313.0
-10.0,-34.0,66.0,313.0
-6.0,-34.0,66.0,313.0
-4.0,-34.0,66.0,313.0
-2.0,-34.0,66.0,313.0
2.0,-34.0,66.0,465.0
4.0,-34.0,66.0,103.0
6.0,-34.0,66.0,65.0
10.0,-34.0,66.0,65.0
12.0,-34.0,66.0,65.0
14.0,-34.0,66.0,65.0
16.0,-34.0,66.0,226.0
18.0,-34.0,66.0,226.0
28.0,-34.0,66.0,498.0
30.0,-34.0,66.0,498.0
32.0,-34.0,66.0,498.0
34.0,-34.0,66.0,498.0
36.0,-34.0,66.0,498.0
38.0,-34.0,66.0,32.0
40.0,-34.0,66.0,32.0
42.0,-34.0,66.0,32.0
44.0,-34.0,66.0,32.0
-46.0,-32.0,66.0,276.0
-44.0,-32.0,66.0,276.0
-42.0,-32.0,66.0,46.0
-40.0,-32.0,66.0,46.0
-38.0,-32.0,66.0,46.0
-36.0,-32.0,66.0,46.0
-20.0,-32.0,66.0,140.0
-18.0,-32.0,66.0,140.0
-16.0,-32.0,66.0,337.0
-14.0,-32.0,66.0,337.0
-12.0,-32.0,66.0,313.0
-6.0,-32.0,66.0,313.0
-4.0,-32.0,66.0,313.0
-2.0,-32.0,66.0,313.0
2.0,-32.0,66.0,103.0
4.0,-32.0,66.0,103.0
6.0,-32.0,66.0,103.0
12.0,-32.0,66.0,226.0
14.0,-32.0,66.0,226.0
16.0,-32.0,66.0,226.0
18.0,-32.0,66.0,226.0
34.0,-32.0,66.0,498.0
36.0,-32.0,66.0,32.0
38.0,-32.0,66.0,32.0
40.0,-32.0,66.0,32.0
42.0,-32.0,66.0,32.0
44.0,-32.0,66.0,32.0
-46.0,-30.0,66.0,276.0
-44.0,-30.0,66.0,276.0
-42.0,-30.0,66.0,46.0
-40.0,-30.0,66.0,46.0
-38.0,-30.0,66.0,46.0
-36.0,-30.0,66.0,46.0
-20.0,-30.0,66.0,337.0
-18.0,-30.0,66.0,337.0
-16.0,-30.0,66.0,337.0
-14.0,-30.0,66.0,337.0
-10.0,-30.0,66.0,337.0
-8.0,-30.0,66.0,337.0
-6.0,-30.0,66.0,313.0
-4.0,-30.0,66.0,313.0
2.0,-30.0,66.0,103.0
4.0,-30.0,66.0,103.0
6.0,-30.0,66.0,103.0
8.0,-30.0,66.0,103.0
14.0,-30.0,66.0,226.0
16.0,-30.0,66.0,226.0
18.0,-30.0,66.0,226.0
36.0,-30.0,66.0,32.0
38.0,-30.0,66.0,32.0
40.0,-30.0,66.0,32.0
42.0,-30.0,66.0,32.0
44.0,-30.0,66.0,32.0
46.0,-30.0,66.0,32.0
-46.0,-28.0,66.0,432.0
-44.0,-28.0,66.0,432.0
-42.0,-28.0,66.0,432.0
-40.0,-28.0,66.0,432.0
-20.0,-28.0,66.0,337.0
-18.0,-28.0,66.0,337.0
-16.0,-28.0,66.0,337.0
-10.0,-28.0,66.0,337.0
-8.0,-28.0,66.0,337.0
-6.0,-28.0,66.0,337.0
-4.0,-28.0,66.0,337.0
2.0,-28.0,66.0,103.0
4.0,-28.0,66.0,103.0
6.0,-28.0,66.0,103.0
8.0,-28.0,66.0,103.0
18.0,-28.0,66.0,226.0
38.0,-28.0,66.0,32.0
40.0,-28.0,66.0,32.0
42.0,-28.0,66.0,32.0
44.0,-28.0,66.0,32.0
46.0,-28.0,66.0,32.0
-46.0,-26.0,66.0,432.0
-44.0,-26.0,66.0,432.0
-42.0,-26.0,66.0,432.0
-20.0,-26.0,66.0,337.0
-18.0,-26.0,66.0,337.0
-10.0,-26.0,66.0,337.0
-8.0,-26.0,66.0,337.0
-6.0,-26.0,66.0,337.0
-4.0,-26.0,66.0,337.0
2.0,-26.0,66.0,103.0
4.0,-26.0,66.0,103.0
6.0,-26.0,66.0,103.0
8.0,-26.0,66.0,103.0
22.0,-26.0,66.0,226.0
24.0,-26.0,66.0,172.0
40.0,-26.0,66.0,32.0
42.0,-26.0,66.0,32.0
44.0,-26.0,66.0,32.0
-46.0,-24.0,66.0,432.0
-44.0,-24.0,66.0,432.0
-38.0,-24.0,66.0,432.0
-20.0,-24.0,66.0,337.0
-18.0,-24.0,66.0,337.0
-10.0,-24.0,66.0,337.0
-8.0,-24.0,66.0,337.0
-6.0,-24.0,66.0,337.0
-4.0,-24.0,66.0,337.0
-2.0,-24.0,66.0,130.0
2.0,-24.0,66.0,130.0
4.0,-24.0,66.0,103.0
6.0,-24.0,66.0,103.0
8.0,-24.0,66.0,103.0
14.0,-24.0,66.0,226.0
20.0,-24.0,66.0,226.0
22.0,-24.0,66.0,226.0
24.0,-24.0,66.0,172.0
26.0,-24.0,66.0,172.0
36.0,-24.0,66.0,32.0
38.0,-24.0,66.0,32.0
40.0,-24.0,66.0,32.0
42.0,-24.0,66.0,32.0
44.0,-24.0,66.0,32.0
-42.0,-22.0,66.0,432.0
-40.0,-22.0,66.0,432.0
-38.0,-22.0,66.0,432.0
-36.0,-22.0,66.0,432.0
-22.0,-22.0,66.0,485.0
-20.0,-22.0,66.0,337.0
-18.0,-22.0,66.0,337.0
-16.0,-22.0,66.0,337.0
-8.0,-22.0,66.0,337.0
-6.0,-22.0,66.0,337.0
-4.0,-22.0,66.0,130.0
-2.0,-22.0,66.0,130.0
2.0,-22.0,66.0,130.0
4.0,-22.0,66.0,130.0
6.0,-22.0,66.0,130.0
8.0,-22.0,66.0,103.0
14.0,-22.0,66.0,226.0
16.0,-22.0,66.0,226.0
18.0,-22.0,66.0,226.0
20.0,-22.0,66.0,226.0
22.0,-22.0,66.0,172.0
24.0,-22.0,66.0,172.0
26.0,-22.0,66.0,172.0
34.0,-22.0,66.0,315.0
36.0,-22.0,66.0,32.0
38.0,-22.0,66.0,32.0
40.0,-22.0,66.0,32.0
42.0,-22.0,66.0,32.0
44.0,-22.0,66.0,32.0
-44.0,-20.0,66.0,432.0
-42.0,-20.0,66.0,432.0
-40.0,-20.0,66.0,432.0
-38.0,-20.0,66.0,432.0
-36.0,-20.0,66.0,432.0
-26.0,-20.0,66.0,485.0
-24.0,-20.0,66.0,485.0
-22.0,-20.0,66.0,485.0
-20.0,-20.0,66.0,249.0
-18.0,-20.0,66.0,249.0
-16.0,-20.0,66.0,337.0
-14.0,-20.0,66.0,337.0
-8.0,-20.0,66.0,337.0
-6.0,-20.0,66.0,130.0
-4.0,-20.0,66.0,130.0
-2.0,-20.0,66.0,130.0
2.0,-20.0,66.0,130.0
4.0,-20.0,66.0,130.0
6.0,-20.0,66.0,130.0
8.0,-20.0,66.0,130.0
14.0,-20.0,66.0,226.0
16.0,-20.0,66.0,226.0
18.0,-20.0,66.0,226.0
20.0,-20.0,66.0,226.0
22.0,-20.0,66.0,172.0
24.0,-20.0,66.0,172.0
26.0,-20.0,66.0,315.0
32.0,-20.0,66.0,315.0
34.0,-20.0,66.0,315.0
36.0,-20.0,66.0,315.0
38.0,-20.0,66.0,32.0
40.0,-20.0,66.0,32.0
42.0,-20.0,66.0,32.0
-44.0,-18.0,66.0,432.0
-42.0,-18.0,66.0,432.0
-40.0,-18.0,66.0,432.0
-38.0,-18.0,66.0,432.0
-36.0,-18.0,66.0,432.0
-34.0,-18.0,66.0,432.0
-32.0,-18.0,66.0,485.0
-30.0,-18.0,66.0,485.0
-28.0,-18.0,66.0,485.0
-26.0,-18.0,66.0,485.0
-24.0,-18.0,66.0,485.0
-22.0,-18.0,66.0,249.0
-20.0,-18.0,66.0,249.0
-18.0,-18.0,66.0,249.0
-16.0,-18.0,66.0,249.0
-14.0,-18.0,66.0,337.0
-8.0,-18.0,66.0,130.0
-6.0,-18.0,66.0,130.0
-4.0,-18.0,66.0,130.0
-2.0,-18.0,66.0,130.0
0.0,-18.0,66.0,130.0
2.0,-18.0,66.0,130.0
4.0,-18.0,66.0,130.0
6.0,-18.0,66.0,130.0
8.0,-18.0,66.0,382.0
12.0,-18.0,66.0,382.0
14.0,-18.0,66.0,382.0
16.0,-18.0,66.0,382.0
18.0,-18.0,66.0,382.0
20.0,-18.0,66.0,172.0
22.0,-18.0,66.0,172.0
24.0,-18.0,66.0,315.0
32.0,-18.0,66.0,315.0
34.0,-18.0,66.0,315.0
36.0,-18.0,66.0,315.0
38.0,-18.0,66.0,32.0
40.0,-18.0,66.0,32.0
42.0,-18.0,66.0,32.0
-44.0,-16.0,66.0,432.0
-42.0,-16.0,66.0,432.0
-40.0,-16.0,66.0,432.0
-38.0,-16.0,66.0,432.0
-36.0,-16.0,66.0,432.0
-34.0,-16.0,66.0,432.0
-32.0,-16.0,66.0,485.0
-30.0,-16.0,66.0,485.0
-28.0,-16.0,66.0,485.0
-26.0,-16.0,66.0,485.0
-24.0,-16.0,66.0,485.0
-22.0,-16.0,66.0,249.0
-20.0,-16.0,66.0,249.0
-18.0,-16.0,66.0,249.0
-16.0,-16.0,66.0,249.0
-14.0,-16.0,66.0,249.0
-12.0,-16.0,66.0,249.0
-10.0,-16.0,66.0,130.0
-8.0,-16.0,66.0,130.0
-6.0,-16.0,66.0,130.0
-4.0,-16.0,66.0,130.0
-2.0,-16.0,66.0,130.0
0.0,-16.0,66.0,130.0
2.0,-16.0,66.0,130.0
4.0,-16.0,66.0,130.0
6.0,-16.0,66.0,130.0
8.0,-16.0,66.0,382.0
12.0,-16.0,66.0,382.0
14.0,-16.0,66.0,382.0
16.0,-16.0,66.0,382.0
18.0,-16.0,66.0,382.0
20.0,-16.0,66.0,382.0
22.0,-16.0,66.0,315.0
24.0,-16.0,66.0,315.0
28.0,-16.0,66.0,315.0
30.0,-16.0,66.0,315.0
32.0,-16.0,66.0,315.0
34.0,-16.0,66.0,315.0
36.0,-16.0,66.0,315.0
38.0,-16.0,66.0,315.0
40.0,-16.0,66.0,32.0
42.0,-16.0,66.0,32.0
-42.0,-14.0,66.0,432.0
-40.0,-14.0,66.0,432.0
-38.0,-14.0,66.0,432.0
-36.0,-14.0,66.0,432.0
-34.0,-14.0,66.0,432.0
-32.0,-14.0,66.0,485.0
-30.0,-14.0,66.0,485.0
-28.0,-14.0,66.0,485.0
-26.0,-14.0,66.0,485.0
-24.0,-14.0,66.0,485.0
-22.0,-14.0,66.0,249.0
-20.0,-14.0,66.0,249.0
-18.0,-14.0,66.0,249.0
-16.0,-14.0,66.0,249.0
-14.0,-14.0,66.0,249.0
-12.0,-14.0,66.0,384.0
-10.0,-14.0,66.0,384.0
-8.0,-14.0,66.0,130.0
-6.0,-14.0,66.0,130.0
-4.0,-14.0,66.0,130.0
-2.0,-14.0,66.0,130.0
0.0,-14.0,66.0,130.0
2.0,-14.0,66.0,130.0
4.0,-14.0,66.0,130.0
6.0,-14.0,66.0,382.0
8.0,-14.0,66.0,382.0
10.0,-14.0,66.0,382.0
12.0,-14.0,66.0,382.0
14.0,-14.0,66.0,382.0
16.0,-14.0,66.0,382.0
18.0,-14.0,66.0,382.0
20.0,-14.0,66.0,382.0
22.0,-14.0,66.0,315.0
24.0,-14.0,66.0,315.0
26.0,-14.0,66.0,315.0
28.0,-14.0,66.0,315.0
30.0,-14.0,66.0,315.0
32.0,-14.0,66.0,315.0
34.0,-14.0,66.0,315.0
36.0,-14.0,66.0,315.0
38.0,-14.0,66.0,315.0
40.0,-14.0,66.0,409.0
42.0,-14.0,66.0,32.0
-42.0,-12.0,66.0,432.0
-40.0,-12.0,66.0,432.0
-38.0,-12.0,66.0,432.0
-36.0,-12.0,66.0,432.0
-34.0,-12.0,66.0,432.0
-32.0,-12.0,66.0,89.0
-30.0,-12.0,66.0,89.0
-28.0,-12.0,66.0,89.0
-26.0,-12.0,66.0,89.0
-24.0,-12.0,66.0,89.0
-22.0,-12.0,66.0,249.0
-20.0,-12.0,66.0,249.0
-18.0,-12.0,66.0,249.0
-16.0,-12.0,66.0,249.0
-14.0,-12.0,66.0,384.0
-12.0,-12.0,66.0,384.0
-10.0,-12.0,66.0,384.0
-8.0,-12.0,66.0,130.0
-6.0,-12.0,66.0,130.0
-4.0,-12.0,66.0,130.0
-2.0,-12.0,66.0,130.0
2.0,-12.0,66.0,130.0
4.0,-12.0,66.0,130.0
6.0,-12.0,66.0,382.0
8.0,-12.0,66.0,382.0
10.0,-12.0,66.0,382.0
12.0,-12.0,66.0,382.0
14.0,-12.0,66.0,382.0
16.0,-12.0,66.0,382.0
18.0,-12.0,66.0,382.0
20.0,-12.0,66.0,382.0
22.0,-12.0,66.0,382.0
24.0,-12.0,66.0,315.0
26.0,-12.0,66.0,315.0
28.0,-12.0,66.0,315.0
30.0,-12.0,66.0,315.0
32.0,-12.0,66.0,315.0
34.0,-12.0,66.0,409.0
36.0,-12.0,66.0,409.0
38.0,-12.0,66.0,409.0
40.0,-12.0,66.0,409.0
-42.0,-10.0,66.0,432.0
-40.0,-10.0,66.0,432.0
-38.0,-10.0,66.0,432.0
-36.0,-10.0,66.0,432.0
-34.0,-10.0,66.0,89.0
-32.0,-10.0,66.0,89.0
-30.0,-10.0,66.0,89.0
-28.0,-10.0,66.0,89.0
-26.0,-10.0,66.0,89.0
-24.0,-10.0,66.0,89.0
-22.0,-10.0,66.0,249.0
-20.0,-10.0,66.0,249.0
-18.0,-10.0,66.0,249.0
-16.0,-10.0,66.0,384.0
-14.0,-10.0,66.0,384.0
-12.0,-10.0,66.0,384.0
-10.0,-10.0,66.0,384.0
-8.0,-10.0,66.0,384.0
-6.0,-10.0,66.0,130.0
-4.0,-10.0,66.0,130.0
2.0,-10.0,66.0,130.0
4.0,-10.0,66.0,382.0
6.0,-10.0,66.0,382.0
8.0,-10.0,66.0,382.0
10.0,-10.0,66.0,382.0
12.0,-10.0,66.0,382.0
14.0,-10.0,66.0,382.0
16.0,-10.0,66.0,382.0
18.0,-10.0,66.0,382.0
20.0,-10.0,66.0,382.0
22.0,-10.0,66.0,382.0
24.0,-10.0,66.0,45.0
26.0,-10.0,66.0,315.0
28.0,-10.0,66.0,409.0
30.0,-10.0,66.0,409.0
32.0,-10.0,66.0,409.0
34.0,-10.0,66.0,409.0
36.0,-10.0,66.0,409.0
38.0,-10.0,66.0,409.0
40.0,-10.0,66.0,409.0
-40.0,-8.0,66.0,432.0
-38.0,-8.0,66.0,432.0
-36.0,-8.0,66.0,432.0
-34.0,-8.0,66.0,89.0
-32.0,-8.0,66.0,89.0
-30.0,-8.0,66.0,89.0
-28.0,-8.0,66.0,89.0
-26.0,-8.0,66.0,89.0
-24.0,-8.0,66.0,89.0
-22.0,-8.0,66.0,527.0
-20.0,-8.0,66.0,527.0
-18.0,-8.0,66.0,527.0
-16.0,-8.0,66.0,384.0
-14.0,-8.0,66.0,384.0
-12.0,-8.0,66.0,384.0
-10.0,-8.0,66.0,384.0
-8.0,-8.0,66.0,384.0
-6.0,-8.0,66.0,384.0
-4.0,-8.0,66.0,130.0
2.0,-8.0,66.0,130.0
4.0,-8.0,66.0,382.0
6.0,-8.0,66.0,382.0
8.0,-8.0,66.0,382.0
10.0,-8.0,66.0,382.0
12.0,-8.0,66.0,382.0
14.0,-8.0,66.0,382.0
16.0,-8.0,66.0,382.0
18.0,-8.0,66.0,382.0
20.0,-8.0,66.0,382.0
22.0,-8.0,66.0,45.0
24.0,-8.0,66.0,45.0
26.0,-8.0,66.0,45.0
28.0,-8.0,66.0,45.0
30.0,-8.0,66.0,409.0
32.0,-8.0,66.0,409.0
34.0,-8.0,66.0,409.0
36.0,-8.0,66.0,409.0
38.0,-8.0,66.0,409.0
-40.0,-6.0,66.0,432.0
-38.0,-6.0,66.0,432.0
-36.0,-6.0,66.0,89.0
-34.0,-6.0,66.0,89.0
-32.0,-6.0,66.0,89.0
-30.0,-6.0,66.0,89.0
-28.0,-6.0,66.0,89.0
-26.0,-6.0,66.0,89.0
-24.0,-6.0,66.0,527.0
-22.0,-6.0,66.0,527.0
-20.0,-6.0,66.0,527.0
-18.0,-6.0,66.0,527.0
-16.0,-6.0,66.0,527.0
-14.0,-6.0,66.0,384.0
-12.0,-6.0,66.0,384.0
-10.0,-6.0,66.0,384.0
-8.0,-6.0,66.0,384.0
-6.0,-6.0,66.0,384.0
-4.0,-6.0,66.0,18.0
2.0,-6.0,66.0,69.0
4.0,-6.0,66.0,382.0
6.0,-6.0,66.0,382.0
8.0,-6.0,66.0,382.0
10.0,-6.0,66.0,382.0
12.0,-6.0,66.0,382.0
14.0,-6.0,66.0,382.0
16.0,-6.0,66.0,382.0
18.0,-6.0,66.0,382.0
20.0,-6.0,66.0,382.0
22.0,-6.0,66.0,45.0
24.0,-6.0,66.0,45.0
26.0,-6.0,66.0,45.0
28.0,-6.0,66.0,45.0
30.0,-6.0,66.0,45.0
32.0,-6.0,66.0,409.0
34.0,-6.0,66.0,409.0
36.0,-6.0,66.0,409.0
38.0,-6.0,66.0,409.0
-38.0,-4.0,66.0,432.0
-36.0,-4.0,66.0,89.0
-34.0,-4.0,66.0,89.0
-32.0,-4.0,66.0,89.0
-30.0,-4.0,66.0,89.0
-28.0,-4.0,66.0,89.0
-26.0,-4.0,66.0,89.0
-24.0,-4.0,66.0,527.0
-22.0,-4.0,66.0,527.0
-20.0,-4.0,66.0,527.0
-18.0,-4.0,66.0,527.0
-16.0,-4.0,66.0,527.0
-14.0,-4.0,66.0,384.0
-12.0,-4.0,66.0,384.0
-10.0,-4.0,66.0,384.0
-8.0,-4.0,66.0,384.0
-6.0,-4.0,66.0,18.0
-4.0,-4.0,66.0,18.0
2.0,-4.0,66.0,69.0
4.0,-4.0,66.0,69.0
6.0,-4.0,66.0,69.0
8.0,-4.0,66.0,382.0
10.0,-4.0,66.0,382.0
12.0,-4.0,66.0,382.0
14.0,-4.0,66.0,424.0
16.0,-4.0,66.0,424.0
18.0,-4.0,66.0,424.0
20.0,-4.0,66.0,45.0
22.0,-4.0,66.0,45.0
24.0,-4.0,66.0,45.0
26.0,-4.0,66.0,45.0
28.0,-4.0,66.0,45.0
30.0,-4.0,66.0,45.0
32.0,-4.0,66.0,45.0
34.0,-4.0,66.0,409.0
36.0,-4.0,66.0,409.0
38.0,-4.0,66.0,409.0
-32.0,-2.0,66.0,89.0
-30.0,-2.0,66.0,89.0
-28.0,-2.0,66.0,89.0
-26.0,-2.0,66.0,89.0
-24.0,-2.0,66.0,527.0
-22.0,-2.0,66.0,527.0
-20.0,-2.0,66.0,527.0
-18.0,-2.0,66.0,527.0
-16.0,-2.0,66.0,527.0
-14.0,-2.0,66.0,527.0
-12.0,-2.0,66.0,384.0
-10.0,-2.0,66.0,384.0
-8.0,-2.0,66.0,18.0
-6.0,-2.0,66.0,18.0
-4.0,-2.0,66.0,18.0
2.0,-2.0,66.0,69.0
4.0,-2.0,66.0,69.0
6.0,-2.0,66.0,69.0
8.0,-2.0,66.0,424.0
10.0,-2.0,66.0,424.0
12.0,-2.0,66.0,424.0
14.0,-2.0,66.0,424.0
16.0,-2.0,66.0,424.0
18.0,-2.0,66.0,424.0
20.0,-2.0,66.0,424.0
22.0,-2.0,66.0,45.0
24.0,-2.0,66.0,45.0
26.0,-2.0,66.0,45.0
28.0,-2.0,66.0,45.0
30.0,-2.0,66.0,45.0
32.0,-2.0,66.0,45.0
34.0,-2.0,66.0,45.0
36.0,-2.0,66.0,409.0
-32.0,-0.0,66.0,333.0
-30.0,-0.0,66.0,333.0
-28.0,-0.0,66.0,333.0
-26.0,-0.0,66.0,527.0
-24.0,-0.0,66.0,527.0
-22.0,-0.0,66.0,527.0
-20.0,-0.0,66.0,527.0
-18.0,-0.0,66.0,527.0
-16.0,-0.0,66.0,527.0
-14.0,-0.0,66.0,527.0
-12.0,-0.0,66.0,384.0
-10.0,-0.0,66.0,18.0
-8.0,-0.0,66.0,18.0
-6.0,-0.0,66.0,18.0
-4.0,-0.0,66.0,18.0
2.0,-0.0,66.0,18.0
4.0,-0.0,66.0,69.0
6.0,-0.0,66.0,69.0
8.0,-0.0,66.0,424.0
10.0,-0.0,66.0,424.0
12.0,-0.0,66.0,424.0
14.0,-0.0,66.0,424.0
16.0,-0.0,66.0,424.0
18.0,-0.0,66.0,424.0
20.0,-0.0,66.0,424.0
22.0,-0.0,66.0,45.0
24.0,-0.0,66.0,45.0
26.0,-0.0,66.0,45.0
28.0,-0.0,66.0,45.0
30.0,-0.0,66.0,45.0
32.0,-0.0,66.0,45.0
34.0,-0.0,66.0,45.0
36.0,-0.0,66.0,45.0
-32.0,2.0,66.0,333.0
-30.0,2.0,66.0,333.0
-28.0,2.0,66.0,333.0
-26.0,2.0,66.0,340.0
-24.0,2.0,66.0,340.0
-22.0,2.0,66.0,527.0
-20.0,2.0,66.0,527.0
-18.0,2.0,66.0,527.0
-16.0,2.0,66.0,527.0
-14.0,2.0,66.0,527.0
-12.0,2.0,66.0,18.0
-10.0,2.0,66.0,18.0
-8.0,2.0,66.0,18.0
-6.0,2.0,66.0,18.0
-4.0,2.0,66.0,18.0
2.0,2.0,66.0,18.0
4.0,2.0,66.0,69.0
6.0,2.0,66.0,69.0
8.0,2.0,66.0,424.0
10.0,2.0,66.0,424.0
12.0,2.0,66.0,424.0
14.0,2.0,66.0,424.0
16.0,2.0,66.0,424.0
18.0,2.0,66.0,424.0
20.0,2.0,66.0,27.0
22.0,2.0,66.0,27.0
24.0,2.0,66.0,45.0
26.0,2.0,66.0,45.0
28.0,2.0,66.0,45.0
30.0,2.0,66.0,45.0
32.0,2.0,66.0,45.0
34.0,2.0,66.0,45.0
36.0,2.0,66.0,45.0
-34.0,4.0,66.0,333.0
-32.0,4.0,66.0,333.0
-30.0,4.0,66.0,333.0
-28.0,4.0,66.0,340.0
-26.0,4.0,66.0,340.0
-24.0,4.0,66.0,340.0
-22.0,4.0,66.0,340.0
-20.0,4.0,66.0,340.0
-18.0,4.0,66.0,527.0
-16.0,4.0,66.0,527.0
-14.0,4.0,66.0,18.0
-12.0,4.0,66.0,18.0
-10.0,4.0,66.0,18.0
-8.0,4.0,66.0,18.0
-6.0,4.0,66.0,18.0
-4.0,4.0,66.0,18.0
2.0,4.0,66.0,18.0
4.0,4.0,66.0,69.0
6.0,4.0,66.0,69.0
8.0,4.0,66.0,424.0
10.0,4.0,66.0,424.0
12.0,4.0,66.0,424.0
14.0,4.0,66.0,424.0
16.0,4.0,66.0,424.0
18.0,4.0,66.0,424.0
20.0,4.0,66.0,27.0
22.0,4.0,66.0,27.0
24.0,4.0,66.0,494.0
26.0,4.0,66.0,494.0
28.0,4.0,66.0,494.0
30.0,4.0,66.0,45.0
32.0,4.0,66.0,45.0
34.0,4.0,66.0,45.0
-34.0,6.0,66.0,333.0
-32.0,6.0,66.0,333.0
-30.0,6.0,66.0,340.0
-28.0,6.0,66.0,340.0
-26.0,6.0,66.0,340.0
-24.0,6.0,66.0,340.0
-22.0,6.0,66.0,340.0
-20.0,6.0,66.0,340.0
-18.0,6.0,66.0,340.0
-16.0,6.0,66.0,340.0
-14.0,6.0,66.0,18.0
-12.0,6.0,66.0,18.0
-10.0,6.0,66.0,18.0
-8.0,6.0,66.0,18.0
-6.0,6.0,66.0,18.0
-4.0,6.0,66.0,18.0
2.0,6.0,66.0,18.0
4.0,6.0,66.0,149.0
6.0,6.0,66.0,149.0
8.0,6.0,66.0,149.0
10.0,6.0,66.0,424.0
12.0,6.0,66.0,424.0
14.0,6.0,66.0,424.0
16.0,6.0,66.0,424.0
18.0,6.0,66.0,27.0
20.0,6.0,66.0,27.0
22.0,6.0,66.0,494.0
24.0,6.0,66.0,494.0
26.0,6.0,66.0,494.0
28.0,6.0,66.0,494.0
30.0,6.0,66.0,494.0
32.0,6.0,66.0,494.0
34.0,6.0,66.0,45.0
-34.0,8.0,66.0,340.0
-32.0,8.0,66.0,340.0
-30.0,8.0,66.0,340.0
-28.0,8.0,66.0,340.0
-26.0,8.0,66.0,340.0
-24.0,8.0,66.0,340.0
-22.0,8.0,66.0,340.0
-20.0,8.0,66.0,340.0
-18.0,8.0,66.0,340.0
-16.0,8.0,66.0,340.0
-14.0,8.0,66.0,18.0
-12.0,8.0,66.0,18.0
-10.0,8.0,66.0,18.0
-8.0,8.0,66.0,18.0
-6.0,8.0,66.0,18.0
-4.0,8.0,66.0,18.0
2.0,8.0,66.0,233.0
4.0,8.0,66.0,149.0
6.0,8.0,66.0,149.0
8.0,8.0,66.0,149.0
10.0,8.0,66.0,149.0
12.0,8.0,66.0,149.0
14.0,8.0,66.0,424.0
16.0,8.0,66.0,27.0
18.0,8.0,66.0,27.0
20.0,8.0,66.0,27.0
22.0,8.0,66.0,494.0
24.0,8.0,66.0,494.0
26.0,8.0,66.0,494.0
28.0,8.0,66.0,494.0
30.0,8.0,66.0,494.0
32.0,8.0,66.0,494.0
34.0,8.0,66.0,494.0
-30.0,10.0,66.0,340.0
-28.0,10.0,66.0,340.0
-26.0,10.0,66.0,340.0
-24.0,10.0,66.0,340.0
-22.0,10.0,66.0,340.0
-20.0,10.0,66.0,340.0
-18.0,10.0,66.0,340.0
-16.0,10.0,66.0,340.0
-14.0,10.0,66.0,18.0
-12.0,10.0,66.0,18.0
-10.0,10.0,66.0,18.0
-8.0,10.0,66.0,18.0
-6.0,10.0,66.0,18.0
-4.0,10.0,66.0,18.0
2.0,10.0,66.0,149.0
4.0,10.0,66.0,149.0
6.0,10.0,66.0,149.0
8.0,10.0,66.0,149.0
10.0,10.0,66.0,149.0
12.0,10.0,66.0,149.0
14.0,10.0,66.0,185.0
16.0,10.0,66.0,185.0
18.0,10.0,66.0,185.0
20.0,10.0,66.0,185.0
22.0,10.0,66.0,494.0
24.0,10.0,66.0,494.0
26.0,10.0,66.0,494.0
28.0,10.0,66.0,494.0
30.0,10.0,66.0,494.0
32.0,10.0,66.0,494.0
-28.0,12.0,66.0,340.0
-26.0,12.0,66.0,340.0
-24.0,12.0,66.0,340.0
-22.0,12.0,66.0,340.0
-20.0,12.0,66.0,340.0
-18.0,12.0,66.0,340.0
-16.0,12.0,66.0,340.0
-14.0,12.0,66.0,200.0
-12.0,12.0,66.0,200.0
-10.0,12.0,66.0,200.0
-8.0,12.0,66.0,18.0
-6.0,12.0,66.0,18.0
-4.0,12.0,66.0,18.0
2.0,12.0,66.0,149.0
4.0,12.0,66.0,149.0
6.0,12.0,66.0,149.0
8.0,12.0,66.0,149.0
10.0,12.0,66.0,149.0
12.0,12.0,66.0,149.0
14.0,12.0,66.0,185.0
16.0,12.0,66.0,185.0
18.0,12.0,66.0,185.0
20.0,12.0,66.0,185.0
22.0,12.0,66.0,185.0
24.0,12.0,66.0,494.0
26.0,12.0,66.0,494.0
28.0,12.0,66.0,494.0
30.0,12.0,66.0,494.0
-28.0,14.0,66.0,340.0
-26.0,14.0,66.0,340.0
-24.0,14.0,66.0,340.0
-22.0,14.0,66.0,340.0
-20.0,14.0,66.0,340.0
-18.0,14.0,66.0,340.0
-16.0,14.0,66.0,340.0
-14.0,14.0,66.0,585.0
-12.0,14.0,66.0,200.0
-10.0,14.0,66.0,200.0
-8.0,14.0,66.0,200.0
-6.0,14.0,66.0,200.0
-4.0,14.0,66.0,200.0
2.0,14.0,66.0,149.0
4.0,14.0,66.0,149.0
6.0,14.0,66.0,149.0
8.0,14.0,66.0,149.0
10.0,14.0,66.0,149.0
12.0,14.0,66.0,149.0
14.0,14.0,66.0,185.0
16.0,14.0,66.0,185.0
18.0,14.0,66.0,185.0
20.0,14.0,66.0,185.0
22.0,14.0,66.0,185.0
24.0,14.0,66.0,185.0
26.0,14.0,66.0,494.0
28.0,14.0,66.0,494.0
-26.0,16.0,66.0,340.0
-24.0,16.0,66.0,340.0
-22.0,16.0,66.0,340.0
-20.0,16.0,66.0,340.0
-18.0,16.0,66.0,340.0
-16.0,16.0,66.0,585.0
-14.0,16.0,66.0,585.0
-12.0,16.0,66.0,585.0
-10.0,16.0,66.0,585.0
-8.0,16.0,66.0,200.0
-6.0,16.0,66.0,200.0
2.0,16.0,66.0,149.0
4.0,16.0,66.0,149.0
6.0,16.0,66.0,149.0
8.0,16.0,66.0,149.0
10.0,16.0,66.0,149.0
12.0,16.0,66.0,149.0
14.0,16.0,66.0,185.0
16.0,16.0,66.0,185.0
18.0,16.0,66.0,185.0
20.0,16.0,66.0,185.0
22.0,16.0,66.0,185.0
24.0,16.0,66.0,185.0
26.0,16.0,66.0,185.0
-26.0,18.0,66.0,340.0
-24.0,18.0,66.0,340.0
-22.0,18.0,66.0,340.0
-20.0,18.0,66.0,340.0
-18.0,18.0,66.0,340.0
-16.0,18.0,66.0,585.0
-14.0,18.0,66.0,585.0
-12.0,18.0,66.0,585.0
-10.0,18.0,66.0,585.0
-8.0,18.0,66.0,585.0
-6.0,18.0,66.0,585.0
2.0,18.0,66.0,149.0
4.0,18.0,66.0,149.0
6.0,18.0,66.0,149.0
8.0,18.0,66.0,149.0
10.0,18.0,66.0,149.0
12.0,18.0,66.0,149.0
14.0,18.0,66.0,185.0
16.0,18.0,66.0,185.0
18.0,18.0,66.0,185.0
20.0,18.0,66.0,185.0
22.0,18.0,66.0,185.0
24.0,18.0,66.0,185.0
-24.0,20.0,66.0,340.0
-22.0,20.0,66.0,340.0
-20.0,20.0,66.0,340.0
-18.0,20.0,66.0,585.0
-16.0,20.0,66.0,585.0
-14.0,20.0,66.0,585.0
-12.0,20.0,66.0,585.0
-10.0,20.0,66.0,585.0
-8.0,20.0,66.0,585.0
-6.0,20.0,66.0,585.0
-4.0,20.0,66.0,585.0
2.0,20.0,66.0,149.0
4.0,20.0,66.0,149.0
6.0,20.0,66.0,149.0
8.0,20.0,66.0,149.0
10.0,20.0,66.0,149.0
12.0,20.0,66.0,185.0
14.0,20.0,66.0,185.0
16.0,20.0,66.0,185.0
18.0,20.0,66.0,185.0
20.0,20.0,66.0,185.0
-14.0,22.0,66.0,585.0
-12.0,22.0,66.0,585.0
-10.0,22.0,66.0,585.0
-8.0,22.0,66.0,585.0
-6.0,22.0,66.0,585.0
-4.0,22.0,66.0,585.0
2.0,22.0,66.0,149.0
4.0,22.0,66.0,149.0
6.0,22.0,66.0,149.0
8.0,22.0,66.0,149.0
10.0,22.0,66.0,149.0
12.0,22.0,66.0,185.0
14.0,22.0,66.0,185.0
16.0,22.0,66.0,185.0
18.0,22.0,66.0,185.0
-14.0,24.0,66.0,585.0
-12.0,24.0,66.0,585.0
-10.0,24.0,66.0,585.0
-8.0,24.0,66.0,585.0
-6.0,24.0,66.0,585.0
2.0,24.0,66.0,255.0
4.0,24.0,66.0,255.0
6.0,24.0,66.0,255.0
8.0,24.0,66.0,149.0
10.0,24.0,66.0,149.0
-10.0,26.0,66.0,585.0
-8.0,26.0,66.0,585.0
8.0,26.0,66.0,255.0
-18.0,-68.0,68.0,113.0
-16.0,-68.0,68.0,113.0
-14.0,-68.0,68.0,113.0
-12.0,-68.0,68.0,113.0
-10.0,-68.0,68.0,113.0
-22.0,-66.0,68.0,113.0
-20.0,-66.0,68.0,113.0
-18.0,-66.0,68.0,113.0
-16.0,-66.0,68.0,113.0
-14.0,-66.0,68.0,113.0
-12.0,-66.0,68.0,113.0
-10.0,-66.0,68.0,113.0
-8.0,-66.0,68.0,113.0
8.0,-66.0,68.0,292.0
10.0,-66.0,68.0,292.0
12.0,-66.0,68.0,292.0
14.0,-66.0,68.0,292.0
16.0,-66.0,68.0,516.0
18.0,-66.0,68.0,516.0
20.0,-66.0,68.0,516.0
-26.0,-64.0,68.0,134.0
-24.0,-64.0,68.0,134.0
-22.0,-64.0,68.0,113.0
-20.0,-64.0,68.0,113.0
-18.0,-64.0,68.0,113.0
-16.0,-64.0,68.0,113.0
-14.0,-64.0,68.0,113.0
-12.0,-64.0,68.0,113.0
-10.0,-64.0,68.0,113.0
-8.0,-64.0,68.0,348.0
8.0,-64.0,68.0,292.0
10.0,-64.0,68.0,292.0
12.0,-64.0,68.0,292.0
14.0,-64.0,68.0,292.0
16.0,-64.0,68.0,292.0
18.0,-64.0,68.0,516.0
20.0,-64.0,68.0,516.0
22.0,-64.0,68.0,516.0
24.0,-64.0,68.0,516.0
-28.0,-62.0,68.0,87.0
-26.0,-62.0,68.0,87.0
-24.0,-62.0,68.0,87.0
-22.0,-62.0,68.0,113.0
-20.0,-62.0,68.0,113.0
-18.0,-62.0,68.0,113.0
-16.0,-62.0,68.0,113.0
-14.0,-62.0,68.0,113.0
-12.0,-62.0,68.0,348.0
-10.0,-62.0,68.0,348.0
-8.0,-62.0,68.0,348.0
-6.0,-62.0,68.0,348.0
6.0,-62.0,68.0,292.0
8.0,-62.0,68.0,292.0
10.0,-62.0,68.0,292.0
12.0,-62.0,68.0,292.0
14.0,-62.0,68.0,292.0
16.0,-62.0,68.0,292.0
18.0,-62.0,68.0,147.0
20.0,-62.0,68.0,500.0
22.0,-62.0,68.0,500.0
24.0,-62.0,68.0,500.0
26.0,-62.0,68.0,500.0
28.0,-62.0,68.0,500.0
-30.0,-60.0,68.0,87.0
-28.0,-60.0,68.0,87.0
-26.0,-60.0,68.0,87.0
-24.0,-60.0,68.0,87.0
-22.0,-60.0,68.0,87.0
-20.0,-60.0,68.0,113.0
-18.0,-60.0,68.0,113.0
-16.0,-60.0,68.0,348.0
-14.0,-60.0,68.0,348.0
-12.0,-60.0,68.0,348.0
-10.0,-60.0,68.0,348.0
-8.0,-60.0,68.0,348.0
-6.0,-60.0,68.0,348.0
-4.0,-60.0,68.0,348.0
6.0,-60.0,68.0,292.0
8.0,-60.0,68.0,292.0
10.0,-60.0,68.0,292.0
12.0,-60.0,68.0,292.0
14.0,-60.0,68.0,292.0
16.0,-60.0,68.0,147.0
18.0,-60.0,68.0,147.0
20.0,-60.0,68.0,147.0
22.0,-60.0,68.0,500.0
24.0,-60.0,68.0,500.0
26.0,-60.0,68.0,500.0
28.0,-60.0,68.0,500.0
30.0,-60.0,68.0,500.0
-32.0,-58.0,68.0,87.0
-30.0,-58.0,68.0,87.0
-28.0,-58.0,68.0,87.0
-26.0,-58.0,68.0,87.0
-24.0,-58.0,68.0,87.0
-22.0,-58.0,68.0,87.0
-20.0,-58.0,68.0,348.0
-18.0,-58.0,68.0,348.0
-16.0,-58.0,68.0,348.0
-14.0,-58.0,68.0,348.0
-12.0,-58.0,68.0,348.0
-10.0,-58.0,68.0,348.0
-8.0,-58.0,68.0,348.0
-6.0,-58.0,68.0,348.0
-4.0,-58.0,68.0,348.0
6.0,-58.0,68.0,292.0
8.0,-58.0,68.0,292.0
10.0,-58.0,68.0,292.0
12.0,-58.0,68.0,292.0
14.0,-58.0,68.0,147.0
16.0,-58.0,68.0,147.0
18.0,-58.0,68.0,147.0
20.0,-58.0,68.0,147.0
22.0,-58.0,68.0,500.0
24.0,-58.0,68.0,500.0
26.0,-58.0,68.0,500.0
28.0,-58.0,68.0,500.0
30.0,-58.0,68.0,574.0
32.0,-58.0,68.0,574.0
-34.0,-56.0,68.0,87.0
-32.0,-56.0,68.0,87.0
-30.0,-56.0,68.0,87.0
-28.0,-56.0,68.0,87.0
-26.0,-56.0,68.0,87.0
-24.0,-56.0,68.0,87.0
-22.0,-56.0,68.0,87.0
-20.0,-56.0,68.0,87.0
-18.0,-56.0,68.0,348.0
-16.0,-56.0,68.0,348.0
-14.0,-56.0,68.0,348.0
-12.0,-56.0,68.0,348.0
-10.0,-56.0,68.0,348.0
-8.0,-56.0,68.0,348.0
-6.0,-56.0,68.0,348.0
-4.0,-56.0,68.0,183.0
4.0,-56.0,68.0,292.0
6.0,-56.0,68.0,292.0
8.0,-56.0,68.0,292.0
10.0,-56.0,68.0,292.0
12.0,-56.0,68.0,147.0
14.0,-56.0,68.0,147.0
16.0,-56.0,68.0,147.0
18.0,-56.0,68.0,147.0
20.0,-56.0,68.0,147.0
22.0,-56.0,68.0,147.0
24.0,-56.0,68.0,500.0
26.0,-56.0,68.0,500.0
28.0,-56.0,68.0,500.0
30.0,-56.0,68.0,574.0
32.0,-56.0,68.0,574.0
34.0,-56.0,68.0,574.0
-36.0,-54.0,68.0,87.0
-34.0,-54.0,68.0,87.0
-32.0,-54.0,68.0,87.0
-30.0,-54.0,68.0,87.0
-28.0,-54.0,68.0,87.0
-26.0,-54.0,68.0,87.0
-24.0,-54.0,68.0,87.0
-22.0,-54.0,68.0,87.0
-20.0,-54.0,68.0,87.0
-18.0,-54.0,68.0,348.0
-16.0,-54.0,68.0,348.0
-14.0,-54.0,68.0,183.0
-12.0,-54.0,68.0,183.0
-10.0,-54.0,68.0,183.0
-8.0,-54.0,68.0,183.0
-6.0,-54.0,68.0,183.0
-4.0,-54.0,68.0,183.0
2.0,-54.0,68.0,292.0
4.0,-54.0,68.0,292.0
6.0,-54.0,68.0,292.0
8.0,-54.0,68.0,292.0
10.0,-54.0,68.0,147.0
12.0,-54.0,68.0,147.0
14.0,-54.0,68.0,147.0
16.0,-54.0,68.0,147.0
18.0,-54.0,68.0,147.0
20.0,-54.0,68.0,147.0
22.0,-54.0,68.0,147.0
24.0,-54.0,68.0,500.0
26.0,-54.0,68.0,500.0
28.0,-54.0,68.0,500.0
30.0,-54.0,68.0,574.0
32.0,-54.0,68.0,574.0
34.0,-54.0,68.0,574.0
-36.0,-52.0,68.0,87.0
-34.0,-52.0,68.0,87.0
-32.0,-52.0,68.0,87.0
-30.0,-52.0,68.0,87.0
-28.0,-52.0,68.0,87.0
-26.0,-52.0,68.0,87.0
-24.0,-52.0,68.0,87.0
-22.0,-52.0,68.0,330.0
-20.0,-52.0,68.0,330.0
-18.0,-52.0,68.0,183.0
-16.0,-52.0,68.0,183.0
-14.0,-52.0,68.0,183.0
-12.0,-52.0,68.0,183.0
-10.0,-52.0,68.0,183.0
-8.0,-52.0,68.0,183.0
-6.0,-52.0,68.0,183.0
2.0,-52.0,68.0,598.0
4.0,-52.0,68.0,292.0
6.0,-52.0,68.0,292.0
8.0,-52.0,68.0,147.0
10.0,-52.0,68.0,147.0
12.0,-52.0,68.0,147.0
14.0,-52.0,68.0,147.0
16.0,-52.0,68.0,147.0
18.0,-52.0,68.0,147.0
20.0,-52.0,68.0,147.0
22.0,-52.0,68.0,147.0
24.0,-52.0,68.0,498.0
26.0,-52.0,68.0,498.0
28.0,-52.0,68.0,498.0
30.0,-52.0,68.0,574.0
32.0,-52.0,68.0,574.0
34.0,-52.0,68.0,574.0
36.0,-52.0,68.0,574.0
-38.0,-50.0,68.0,87.0
-36.0,-50.0,68.0,87.0
-34.0,-50.0,68.0,87.0
-32.0,-50.0,68.0,87.0
-30.0,-50.0,68.0,87.0
-28.0,-50.0,68.0,330.0
-26.0,-50.0,68.0,330.0
-24.0,-50.0,68.0,330.0
-22.0,-50.0,68.0,330.0
-20.0,-50.0,68.0,330.0
-18.0,-50.0,68.0,183.0
-16.0,-50.0,68.0,183.0
-14.0,-50.0,68.0,183.0
-12.0,-50.0,68.0,183.0
-10.0,-50.0,68.0,183.0
-8.0,-50.0,68.0,183.0
-6.0,-50.0,68.0,183.0
2.0,-50.0,68.0,598.0
4.0,-50.0,68.0,208.0
6.0,-50.0,68.0,208.0
8.0,-50.0,68.0,208.0
10.0,-50.0,68.0,147.0
12.0,-50.0,68.0,147.0
14.0,-50.0,68.0,147.0
16.0,-50.0,68.0,147.0
18.0,-50.0,68.0,147.0
20.0,-50.0,68.0,498.0
22.0,-50.0,68.0,498.0
24.0,-50.0,68.0,498.0
26.0,-50.0,68.0,498.0
28.0,-50.0,68.0,498.0
30.0,-50.0,68.0,498.0
32.0,-50.0,68.0,574.0
34.0,-50.0,68.0,574.0
36.0,-50.0,68.0,574.0
-40.0,-48.0,68.0,87.0
-38.0,-48.0,68.0,87.0
-36.0,-48.0,68.0,87.0
-34.0,-48.0,68.0,330.0
-32.0,-48.0,68.0,330.0
-30.0,-48.0,68.0,330.0
-28.0,-48.0,68.0,330.0
-26.0,-48.0,68.0,330.0
-24.0,-48.0,68.0,330.0
-22.0,-48.0,68.0,330.0
-20.0,-48.0,68.0,140.0
-18.0,-48.0,68.0,183.0
-16.0,-48.0,68.0,183.0
-14.0,-48.0,68.0,183.0
-12.0,-48.0,68.0,183.0
-10.0,-48.0,68.0,183.0
-8.0,-48.0,68.0,183.0
-6.0,-48.0,68.0,183.0
2.0,-48.0,68.0,208.0
4.0,-48.0,68.0,208.0
6.0,-48.0,68.0,208.0
8.0,-48.0,68.0,208.0
10.0,-48.0,68.0,208.0
12.0,-48.0,68.0,208.0
14.0,-48.0,68.0,147.0
16.0,-48.0,68.0,147.0
18.0,-48.0,68.0,498.0
20.0,-48.0,68.0,498.0
22.0,-48.0,68.0,498.0
24.0,-48.0,68.0,498.0
26.0,-48.0,68.0,498.0
28.0,-48.0,68.0,498.0
30.0,-48.0,68.0,498.0
32.0,-48.0,68.0,498.0
34.0,-48.0,68.0,574.0
36.0,-48.0,68.0,574.0
38.0,-48.0,68.0,574.0
-40.0,-46.0,68.0,283.0
-38.0,-46.0,68.0,283.0
-36.0,-46.0,68.0,283.0
-34.0,-46.0,68.0,283.0
-32.0,-46.0,68.0,283.0
-30.0,-46.0,68.0,283.0
-28.0,-46.0,68.0,283.0
-26.0,-46.0,68.0,283.0
-24.0,-46.0,68.0,283.0
-22.0,-46.0,68.0,140.0
-20.0,-46.0,68.0,140.0
-18.0,-46.0,68.0,183.0
-16.0,-46.0,68.0,183.0
-14.0,-46.0,68.0,183.0
-12.0,-46.0,68.0,183.0
-10.0,-46.0,68.0,183.0
-8.0,-46.0,68.0,183.0
-6.0,-46.0,68.0,183.0
2.0,-46.0,68.0,208.0
4.0,-46.0,68.0,208.0
6.0,-46.0,68.0,208.0
8.0,-46.0,68.0,208.0
10.0,-46.0,68.0,208.0
12.0,-46.0,68.0,65.0
14.0,-46.0,68.0,65.0
16.0,-46.0,68.0,530.0
18.0,-46.0,68.0,498.0
20.0,-46.0,68.0,498.0
22.0,-46.0,68.0,498.0
24.0,-46.0,68.0,498.0
26.0,-46.0,68.0,498.0
28.0,-46.0,68.0,498.0
30.0,-46.0,68.0,498.0
32.0,-46.0,68.0,498.0
34.0,-46.0,68.0,498.0
36.0,-46.0,68.0,574.0
38.0,-46.0,68.0,574.0
-40.0,-44.0,68.0,283.0
-38.0,-44.0,68.0,283.0
-36.0,-44.0,68.0,283.0
-34.0,-44.0,68.0,283.0
-32.0,-44.0,68.0,283.0
-30.0,-44.0,68.0,283.0
-28.0,-44.0,68.0,283.0
-26.0,-44.0,68.0,283.0
-24.0,-44.0,68.0,283.0
-22.0,-44.0,68.0,140.0
-20.0,-44.0,68.0,140.0
-18.0,-44.0,68.0,140.0
-16.0,-44.0,68.0,183.0
-14.0,-44.0,68.0,183.0
-12.0,-44.0,68.0,183.0
-10.0,-44.0,68.0,183.0
-8.0,-44.0,68.0,524.0
-6.0,-44.0,68.0,524.0
2.0,-44.0,68.0,208.0
4.0,-44.0,68.0,208.0
6.0,-44.0,68.0,208.0
10.0,-44.0,68.0,65.0
12.0,-44.0,68.0,65.0
14.0,-44.0,68.0,65.0
16.0,-44.0,68.0,65.0
18.0,-44.0,68.0,498.0
20.0,-44.0,68.0,498.0
22.0,-44.0,68.0,498.0
24.0,-44.0,68.0,498.0
26.0,-44.0,68.0,498.0
28.0,-44.0,68.0,498.0
30.0,-44.0,68.0,498.0
32.0,-44.0,68.0,498.0
34.0,-44.0,68.0,498.0
36.0,-44.0,68.0,574.0
38.0,-44.0,68.0,574.0
-42.0,-42.0,68.0,46.0
-40.0,-42.0,68.0,46.0
-38.0,-42.0,68.0,283.0
-36.0,-42.0,68.0,283.0
-34.0,-42.0,68.0,283.0
-32.0,-42.0,68.0,283.0
-30.0,-42.0,68.0,283.0
-28.0,-42.0,68.0,283.0
-26.0,-42.0,68.0,283.0
-24.0,-42.0,68.0,283.0
-22.0,-42.0,68.0,140.0
-20.0,-42.0,68.0,140.0
-18.0,-42.0,68.0,140.0
-16.0,-42.0,68.0,140.0
-14.0,-42.0,68.0,183.0
-6.0,-42.0,68.0,524.0
-4.0,-42.0,68.0,524.0
2.0,-42.0,68.0,208.0
4.0,-42.0,68.0,208.0
6.0,-42.0,68.0,208.0
8.0,-42.0,68.0,65.0
18.0,-42.0,68.0,498.0
20.0,-42.0,68.0,498.0
22.0,-42.0,68.0,498.0
24.0,-42.0,68.0,498.0
26.0,-42.0,68.0,498.0
28.0,-42.0,68.0,498.0
30.0,-42.0,68.0,498.0
32.0,-42.0,68.0,498.0
34.0,-42.0,68.0,498.0
36.0,-42.0,68.0,498.0
38.0,-42.0,68.0,471.0
40.0,-42.0,68.0,326.0
-42.0,-40.0,68.0,46.0
-40.0,-40.0,68.0,46.0
-38.0,-40.0,68.0,283.0
-36.0,-40.0,68.0,283.0
-34.0,-40.0,68.0,283.0
-32.0,-40.0,68.0,283.0
-30.0,-40.0,68.0,283.0
-28.0,-40.0,68.0,283.0
-26.0,-40.0,68.0,283.0
-24.0,-40.0,68.0,283.0
-22.0,-40.0,68.0,140.0
-6.0,-40.0,68.0,524.0
-4.0,-40.0,68.0,524.0
0.0,-40.0,68.0,524.0
2.0,-40.0,68.0,208.0
4.0,-40.0,68.0,208.0
6.0,-40.0,68.0,65.0
8.0,-40.0,68.0,65.0
10.0,-40.0,68.0,65.0
12.0,-40.0,68.0,65.0
20.0,-40.0,68.0,498.0
22.0,-40.0,68.0,498.0
24.0,-40.0,68.0,498.0
26.0,-40.0,68.0,498.0
28.0,-40.0,68.0,498.0
30.0,-40.0,68.0,498.0
32.0,-40.0,68.0,498.0
34.0,-40.0,68.0,498.0
36.0,-40.0,68.0,498.0
38.0,-40.0,68.0,471.0
40.0,-40.0,68.0,326.0
-42.0,-38.0,68.0,46.0
-40.0,-38.0,68.0,46.0
-38.0,-38.0,68.0,283.0
-36.0,-38.0,68.0,283.0
-34.0,-38.0,68.0,283.0
-32.0,-38.0,68.0,283.0
-30.0,-38.0,68.0,283.0
-28.0,-38.0,68.0,283.0
-26.0,-38.0,68.0,283.0
-24.0,-38.0,68.0,283.0
-8.0,-38.0,68.0,177.0
-6.0,-38.0,68.0,177.0
-4.0,-38.0,68.0,177.0
-2.0,-38.0,68.0,177.0
0.0,-38.0,68.0,177.0
2.0,-38.0,68.0,465.0
4.0,-38.0,68.0,465.0
6.0,-38.0,68.0,65.0
8.0,-38.0,68.0,65.0
10.0,-38.0,68.0,65.0
12.0,-38.0,68.0,65.0
14.0,-38.0,68.0,65.0
16.0,-38.0,68.0,65.0
20.0,-38.0,68.0,498.0
22.0,-38.0,68.0,498.0
24.0,-38.0,68.0,498.0
26.0,-38.0,68.0,498.0
28.0,-38.0,68.0,498.0
30.0,-38.0,68.0,498.0
32.0,-38.0,68.0,498.0
34.0,-38.0,68.0,498.0
36.0,-38.0,68.0,498.0
38.0,-38.0,68.0,471.0
40.0,-38.0,68.0,326.0
42.0,-38.0,68.0,326.0
-42.0,-36.0,68.0,46.0
-40.0,-36.0,68.0,46.0
-38.0,-36.0,68.0,283.0
-36.0,-36.0,68.0,283.0
-34.0,-36.0,68.0,283.0
-32.0,-36.0,68.0,283.0
-30.0,-36.0,68.0,283.0
-28.0,-36.0,68.0,283.0
-12.0,-36.0,68.0,177.0
-10.0,-36.0,68.0,177.0
-8.0,-36.0,68.0,177.0
-6.0,-36.0,68.0,177.0
-4.0,-36.0,68.0,177.0
-2.0,-36.0,68.0,177.0
0.0,-36.0,68.0,177.0
2.0,-36.0,68.0,465.0
4.0,-36.0,68.0,465.0
6.0,-36.0,68.0,65.0
8.0,-36.0,68.0,65.0
10.0,-36.0,68.0,65.0
12.0,-36.0,68.0,65.0
14.0,-36.0,68.0,65.0
16.0,-36.0,68.0,65.0
18.0,-36.0,68.0,226.0
22.0,-36.0,68.0,498.0
24.0,-36.0,68.0,498.0
26.0,-36.0,68.0,498.0
28.0,-36.0,68.0,498.0
30.0,-36.0,68.0,498.0
32.0,-36.0,68.0,498.0
34.0,-36.0,68.0,498.0
36.0,-36.0,68.0,498.0
38.0,-36.0,68.0,498.0
40.0,-36.0,68.0,326.0
42.0,-36.0,68.0,326.0
-42.0,-34.0,68.0,46.0
-40.0,-34.0,68.0,46.0
-38.0,-34.0,68.0,283.0
-36.0,-34.0,68.0,283.0
-34.0,-34.0,68.0,283.0
-32.0,-34.0,68.0,283.0
-30.0,-34.0,68.0,283.0
-18.0,-34.0,68.0,140.0
-16.0,-34.0,68.0,140.0
-14.0,-34.0,68.0,177.0
-12.0,-34.0,68.0,177.0
-10.0,-34.0,68.0,177.0
-6.0,-34.0,68.0,177.0
-4.0,-34.0,68.0,177.0
-2.0,-34.0,68.0,177.0
0.0,-34.0,68.0,177.0
2.0,-34.0,68.0,465.0
4.0,-34.0,68.0,465.0
6.0,-34.0,68.0,103.0
8.0,-34.0,68.0,103.0
10.0,-34.0,68.0,103.0
12.0,-34.0,68.0,65.0
14.0,-34.0,68.0,226.0
16.0,-34.0,68.0,226.0
18.0,-34.0,68.0,226.0
24.0,-34.0,68.0,498.0
26.0,-34.0,68.0,498.0
28.0,-34.0,68.0,498.0
30.0,-34.0,68.0,498.0
32.0,-34.0,68.0,498.0
34.0,-34.0,68.0,498.0
36.0,-34.0,68.0,498.0
38.0,-34.0,68.0,32.0
40.0,-34.0,68.0,32.0
42.0,-34.0,68.0,32.0
-42.0,-32.0,68.0,46.0
-40.0,-32.0,68.0,46.0
-38.0,-32.0,68.0,283.0
-36.0,-32.0,68.0,283.0
-34.0,-32.0,68.0,283.0
-32.0,-32.0,68.0,283.0
-20.0,-32.0,68.0,140.0
-18.0,-32.0,68.0,140.0
-16.0,-32.0,68.0,337.0
-14.0,-32.0,68.0,337.0
-12.0,-32.0,68.0,337.0
-10.0,-32.0,68.0,177.0
-8.0,-32.0,68.0,177.0
-6.0,-32.0,68.0,177.0
-4.0,-32.0,68.0,177.0
-2.0,-32.0,68.0,177.0
0.0,-32.0,68.0,465.0
2.0,-32.0,68.0,103.0
4.0,-32.0,68.0,103.0
6.0,-32.0,68.0,103.0
8.0,-32.0,68.0,103.0
10.0,-32.0,68.0,103.0
12.0,-32.0,68.0,103.0
14.0,-32.0,68.0,226.0
16.0,-32.0,68.0,226.0
18.0,-32.0,68.0,226.0
26.0,-32.0,68.0,498.0
28.0,-32.0,68.0,498.0
30.0,-32.0,68.0,498.0
32.0,-32.0,68.0,498.0
34.0,-32.0,68.0,498.0
36.0,-32.0,68.0,32.0
38.0,-32.0,68.0,32.0
40.0,-32.0,68.0,32.0
42.0,-32.0,68.0,32.0
-42.0,-30.0,68.0,432.0
-40.0,-30.0,68.0,432.0
-38.0,-30.0,68.0,432.0
-36.0,-30.0,68.0,283.0
-22.0,-30.0,68.0,374.0
-20.0,-30.0,68.0,374.0
-18.0,-30.0,68.0,337.0
-16.0,-30.0,68.0,337.0
-14.0,-30.0,68.0,337.0
-8.0,-30.0,68.0,337.0
-6.0,-30.0,68.0,337.0
-4.0,-30.0,68.0,177.0
2.0,-30.0,68.0,103.0
4.0,-30.0,68.0,103.0
6.0,-30.0,68.0,103.0
8.0,-30.0,68.0,103.0
10.0,-30.0,68.0,103.0
12.0,-30.0,68.0,226.0
14.0,-30.0,68.0,226.0
16.0,-30.0,68.0,226.0
18.0,-30.0,68.0,226.0
34.0,-30.0,68.0,32.0
36.0,-30.0,68.0,32.0
38.0,-30.0,68.0,32.0
40.0,-30.0,68.0,32.0
42.0,-30.0,68.0,32.0
-42.0,-28.0,68.0,432.0
-40.0,-28.0,68.0,432.0
-38.0,-28.0,68.0,432.0
-24.0,-28.0,68.0,374.0
-22.0,-28.0,68.0,374.0
-20.0,-28.0,68.0,337.0
-18.0,-28.0,68.0,337.0
-16.0,-28.0,68.0,337.0
-8.0,-28.0,68.0,337.0
-6.0,-28.0,68.0,337.0
-4.0,-28.0,68.0,337.0
2.0,-28.0,68.0,103.0
4.0,-28.0,68.0,103.0
6.0,-28.0,68.0,103.0
8.0,-28.0,68.0,103.0
10.0,-28.0,68.0,103.0
12.0,-28.0,68.0,226.0
14.0,-28.0,68.0,226.0
16.0,-28.0,68.0,226.0
18.0,-28.0,68.0,226.0
38.0,-28.0,68.0,32.0
40.0,-28.0,68.0,32.0
42.0,-28.0,68.0,32.0
-42.0,-26.0,68.0,432.0
-24.0,-26.0,68.0,485.0
-22.0,-26.0,68.0,337.0
-20.0,-26.0,68.0,337.0
-18.0,-26.0,68.0,337.0
-16.0,-26.0,68.0,337.0
-10.0,-26.0,68.0,337.0
-8.0,-26.0,68.0,337.0
-6.0,-26.0,68.0,337.0
-4.0,-26.0,68.0,337.0
2.0,-26.0,68.0,103.0
4.0,-26.0,68.0,103.0
6.0,-26.0,68.0,103.0
8.0,-26.0,68.0,103.0
10.0,-26.0,68.0,103.0
12.0,-26.0,68.0,226.0
14.0,-26.0,68.0,226.0
16.0,-26.0,68.0,226.0
18.0,-26.0,68.0,226.0
20.0,-26.0,68.0,226.0
22.0,-26.0,68.0,172.0
24.0,-26.0,68.0,172.0
26.0,-26.0,68.0,172.0
36.0,-26.0,68.0,32.0
40.0,-26.0,68.0,32.0
42.0,-26.0,68.0,32.0
-42.0,-24.0,68.0,432.0
-40.0,-24.0,68.0,432.0
-38.0,-24.0,68.0,432.0
-36.0,-24.0,68.0,432.0
-24.0,-24.0,68.0,485.0
-22.0,-24.0,68.0,337.0
-20.0,-24.0,68.0,337.0
-18.0,-24.0,68.0,337.0
-16.0,-24.0,68.0,337.0
-10.0,-24.0,68.0,337.0
-8.0,-24.0,68.0,337.0
-6.0,-24.0,68.0,337.0
-4.0,-24.0,68.0,337.0
-2.0,-24.0,68.0,337.0
0.0,-24.0,68.0,130.0
2.0,-24.0,68.0,130.0
4.0,-24.0,68.0,103.0
6.0,-24.0,68.0,103.0
8.0,-24.0,68.0,103.0
10.0,-24.0,68.0,103.0
12.0,-24.0,68.0,226.0
14.0,-24.0,68.0,226.0
16.0,-24.0,68.0,226.0
18.0,-24.0,68.0,226.0
20.0,-24.0,68.0,226.0
22.0,-24.0,68.0,172.0
24.0,-24.0,68.0,172.0
26.0,-24.0,68.0,172.0
28.0,-24.0,68.0,172.0
30.0,-24.0,68.0,315.0
34.0,-24.0,68.0,315.0
36.0,-24.0,68.0,32.0
38.0,-24.0,68.0,32.0
40.0,-24.0,68.0,32.0
-42.0,-22.0,68.0,432.0
-40.0,-22.0,68.0,432.0
-38.0,-22.0,68.0,432.0
-36.0,-22.0,68.0,432.0
-34.0,-22.0,68.0,432.0
-32.0,-22.0,68.0,432.0
-30.0,-22.0,68.0,485.0
-28.0,-22.0,68.0,485.0
-24.0,-22.0,68.0,485.0
-22.0,-22.0,68.0,485.0
-20.0,-22.0,68.0,337.0
-18.0,-22.0,68.0,337.0
-16.0,-22.0,68.0,337.0
-14.0,-22.0,68.0,337.0
-10.0,-22.0,68.0,337.0
-8.0,-22.0,68.0,337.0
-6.0,-22.0,68.0,337.0
-4.0,-22.0,68.0,337.0
-2.0,-22.0,68.0,130.0
0.0,-22.0,68.0,130.0
2.0,-22.0,68.0,130.0
4.0,-22.0,68.0,130.0
6.0,-22.0,68.0,103.0
8.0,-22.0,68.0,103.0
10.0,-22.0,68.0,376.0
12.0,-22.0,68.0,226.0
14.0,-22.0,68.0,226.0
16.0,-22.0,68.0,226.0
18.0,-22.0,68.0,226.0
20.0,-22.0,68.0,172.0
22.0,-22.0,68.0,172.0
24.0,-22.0,68.0,172.0
26.0,-22.0,68.0,172.0
28.0,-22.0,68.0,315.0
30.0,-22.0,68.0,315.0
32.0,-22.0,68.0,315.0
34.0,-22.0,68.0,315.0
36.0,-22.0,68.0,315.0
38.0,-22.0,68.0,32.0
40.0,-22.0,68.0,32.0
-42.0,-20.0,68.0,432.0
-40.0,-20.0,68.0,432.0
-38.0,-20.0,68.0,432.0
-36.0,-20.0,68.0,432.0
-34.0,-20.0,68.0,432.0
-32.0,-20.0,68.0,432.0
-30.0,-20.0,68.0,485.0
-28.0,-20.0,68.0,485.0
-26.0,-20.0,68.0,485.0
-24.0,-20.0,68.0,485.0
-22.0,-20.0,68.0,485.0
-20.0,-20.0,68.0,249.0
-18.0,-20.0,68.0,337.0
-16.0,-20.0,68.0,337.0
-14.0,-20.0,68.0,337.0
-10.0,-20.0,68.0,337.0
-8.0,-20.0,68.0,337.0
-6.0,-20.0,68.0,337.0
-4.0,-20.0,68.0,130.0
-2.0,-20.0,68.0,130.0
0.0,-20.0,68.0,130.0
2.0,-20.0,68.0,130.0
4.0,-20.0,68.0,130.0
6.0,-20.0,68.0,130.0
12.0,-20.0,68.0,376.0
14.0,-20.0,68.0,376.0
16.0,-20.0,68.0,226.0
18.0,-20.0,68.0,226.0
20.0,-20.0,68.0,172.0
22.0,-20.0,68.0,172.0
24.0,-20.0,68.0,172.0
26.0,-20.0,68.0,315.0
28.0,-20.0,68.0,315.0
30.0,-20.0,68.0,315.0
32.0,-20.0,68.0,315.0
34.0,-20.0,68.0,315.0
36.0,-20.0,68.0,315.0
38.0,-20.0,68.0,32.0
40.0,-20.0,68.0,32.0
-42.0,-18.0,68.0,432.0
-40.0,-18.0,68.0,432.0
-38.0,-18.0,68.0,432.0
-36.0,-18.0,68.0,432.0
-34.0,-18.0,68.0,432.0
-32.0,-18.0,68.0,485.0
-30.0,-18.0,68.0,485.0
-28.0,-18.0,68.0,485.0
-26.0,-18.0,68.0,485.0
-24.0,-18.0,68.0,485.0
-22.0,-18.0,68.0,249.0
-20.0,-18.0,68.0,249.0
-18.0,-18.0,68.0,249.0
-16.0,-18.0,68.0,337.0
-14.0,-18.0,68.0,337.0
-12.0,-18.0,68.0,337.0
-10.0,-18.0,68.0,337.0
-8.0,-18.0,68.0,337.0
-6.0,-18.0,68.0,130.0
-4.0,-18.0,68.0,130.0
-2.0,-18.0,68.0,130.0
0.0,-18.0,68.0,130.0
2.0,-18.0,68.0,130.0
4.0,-18.0,68.0,130.0
6.0,-18.0,68.0,130.0
12.0,-18.0,68.0,376.0
14.0,-18.0,68.0,376.0
16.0,-18.0,68.0,376.0
18.0,-18.0,68.0,172.0
20.0,-18.0,68.0,172.0
22.0,-18.0,68.0,172.0
24.0,-18.0,68.0,315.0
26.0,-18.0,68.0,315.0
28.0,-18.0,68.0,315.0
30.0,-18.0,68.0,315.0
32.0,-18.0,68.0,315.0
34.0,-18.0,68.0,315.0
36.0,-18.0,68.0,315.0
38.0,-18.0,68.0,315.0
40.0,-18.0,68.0,32.0
-40.0,-16.0,68.0,432.0
-38.0,-16.0,68.0,432.0
-36.0,-16.0,68.0,432.0
-34.0,-16.0,68.0,432.0
-32.0,-16.0,68.0,485.0
-30.0,-16.0,68.0,485.0
-28.0,-16.0,68.0,485.0
-26.0,-16.0,68.0,485.0
-24.0,-16.0,68.0,485.0
-22.0,-16.0,68.0,249.0
-20.0,-16.0,68.0,249.0
-18.0,-16.0,68.0,249.0
-16.0,-16.0,68.0,249.0
-14.0,-16.0,68.0,249.0
-12.0,-16.0,68.0,337.0
-10.0,-16.0,68.0,337.0
-8.0,-16.0,68.0,130.0
-6.0,-16.0,68.0,130.0
-4.0,-16.0,68.0,130.0
-2.0,-16.0,68.0,130.0
0.0,-16.0,68.0,130.0
2.0,-16.0,68.0,130.0
4.0,-16.0,68.0,130.0
6.0,-16.0,68.0,130.0
10.0,-16.0,68.0,382.0
12.0,-16.0,68.0,382.0
14.0,-16.0,68.0,382.0
16.0,-16.0,68.0,382.0
18.0,-16.0,68.0,382.0
20.0,-16.0,68.0,382.0
22.0,-16.0,68.0,315.0
24.0,-16.0,68.0,315.0
26.0,-16.0,68.0,315.0
28.0,-16.0,68.0,315.0
30.0,-16.0,68.0,315.0
32.0,-16.0,68.0,315.0
34.0,-16.0,68.0,315.0
36.0,-16.0,68.0,315.0
38.0,-16.0,68.0,315.0
40.0,-16.0,68.0,315.0
-40.0,-14.0,68.0,432.0
-38.0,-14.0,68.0,432.0
-36.0,-14.0,68.0,432.0
-34.0,-14.0,68.0,432.0
-32.0,-14.0,68.0,485.0
-30.0,-14.0,68.0,485.0
-28.0,-14.0,68.0,485.0
-26.0,-14.0,68.0,485.0
-24.0,-14.0,68.0,485.0
-22.0,-14.0,68.0,249.0
-20.0,-14.0,68.0,249.0
-18.0,-14.0,68.0,249.0
-16.0,-14.0,68.0,249.0
-14.0,-14.0,68.0,384.0
-12.0,-14.0,68.0,384.0
-10.0,-14.0,68.0,384.0
-8.0,-14.0,68.0,130.0
-6.0,-14.0,68.0,130.0
-4.0,-14.0,68.0,130.0
-2.0,-14.0,68.0,130.0
2.0,-14.0,68.0,130.0
4.0,-14.0,68.0,130.0
6.0,-14.0,68.0,382.0
8.0,-14.0,68.0,382.0
10.0,-14.0,68.0,382.0
12.0,-14.0,68.0,382.0
14.0,-14.0,68.0,382.0
16.0,-14.0,68.0,382.0
18.0,-14.0,68.0,382.0
20.0,-14.0,68.0,382.0
22.0,-14.0,68.0,315.0
24.0,-14.0,68.0,315.0
26.0,-14.0,68.0,315.0
28.0,-14.0,68.0,315.0
30.0,-14.0,68.0,315.0
32.0,-14.0,68.0,315.0
34.0,-14.0,68.0,315.0
36.0,-14.0,68.0,315.0
38.0,-14.0,68.0,315.0
-40.0,-12.0,68.0,432.0
-38.0,-12.0,68.0,432.0
-36.0,-12.0,68.0,432.0
-34.0,-12.0,68.0,432.0
-32.0,-12.0,68.0,89.0
-30.0,-12.0,68.0,89.0
-28.0,-12.0,68.0,89.0
-26.0,-12.0,68.0,89.0
-24.0,-12.0,68.0,89.0
-22.0,-12.0,68.0,249.0
-20.0,-12.0,68.0,249.0
-18.0,-12.0,68.0,249.0
-16.0,-12.0,68.0,384.0
-14.0,-12.0,68.0,384.0
-12.0,-12.0,68.0,384.0
-10.0,-12.0,68.0,384.0
-8.0,-12.0,68.0,130.0
-6.0,-12.0,68.0,130.0
-4.0,-12.0,68.0,130.0
-2.0,-12.0,68.0,130.0
2.0,-12.0,68.0,130.0
4.0,-12.0,68.0,130.0
6.0,-12.0,68.0,382.0
8.0,-12.0,68.0,382.0
10.0,-12.0,68.0,382.0
12.0,-12.0,68.0,382.0
14.0,-12.0,68.0,382.0
16.0,-12.0,68.0,382.0
18.0,-12.0,68.0,382.0
20.0,-12.0,68.0,382.0
22.0,-12.0,68.0,315.0
24.0,-12.0,68.0,315.0
26.0,-12.0,68.0,315.0
28.0,-12.0,68.0,315.0
30.0,-12.0,68.0,315.0
32.0,-12.0,68.0,315.0
34.0,-12.0,68.0,315.0
36.0,-12.0,68.0,409.0
38.0,-12.0,68.0,409.0
-38.0,-10.0,68.0,432.0
-36.0,-10.0,68.0,432.0
-34.0,-10.0,68.0,89.0
-32.0,-10.0,68.0,89.0
-30.0,-10.0,68.0,89.0
-28.0,-10.0,68.0,89.0
-26.0,-10.0,68.0,89.0
-24.0,-10.0,68.0,89.0
-22.0,-10.0,68.0,527.0
-20.0,-10.0,68.0,527.0
-18.0,-10.0,68.0,527.0
-16.0,-10.0,68.0,384.0
-14.0,-10.0,68.0,384.0
-12.0,-10.0,68.0,384.0
-10.0,-10.0,68.0,384.0
-8.0,-10.0,68.0,384.0
-6.0,-10.0,68.0,130.0
-4.0,-10.0,68.0,130.0
2.0,-10.0,68.0,130.0
4.0,-10.0,68.0,382.0
6.0,-10.0,68.0,382.0
8.0,-10.0,68.0,382.0
10.0,-10.0,68.0,382.0
12.0,-10.0,68.0,382.0
14.0,-10.0,68.0,382.0
16.0,-10.0,68.0,382.0
18.0,-10.0,68.0,382.0
20.0,-10.0,68.0,382.0
22.0,-10.0,68.0,45.0
24.0,-10.0,68.0,45.0
26.0,-10.0,68.0,315.0
28.0,-10.0,68.0,315.0
30.0,-10.0,68.0,409.0
32.0,-10.0,68.0,409.0
34.0,-10.0,68.0,409.0
36.0,-10.0,68.0,409.0
-38.0,-8.0,68.0,432.0
-36.0,-8.0,68.0,432.0
-34.0,-8.0,68.0,89.0
-32.0,-8.0,68.0,89.0
-30.0,-8.0,68.0,89.0
-28.0,-8.0,68.0,89.0
-26.0,-8.0,68.0,89.0
-24.0,-8.0,68.0,89.0
-22.0,-8.0,68.0,527.0
-20.0,-8.0,68.0,527.0
-18.0,-8.0,68.0,527.0
-16.0,-8.0,68.0,384.0
-14.0,-8.0,68.0,384.0
-12.0,-8.0,68.0,384.0
-10.0,-8.0,68.0,384.0
-8.0,-8.0,68.0,384.0
-6.0,-8.0,68.0,384.0
-4.0,-8.0,68.0,130.0
2.0,-8.0,68.0,130.0
4.0,-8.0,68.0,382.0
6.0,-8.0,68.0,382.0
8.0,-8.0,68.0,382.0
10.0,-8.0,68.0,382.0
12.0,-8.0,68.0,382.0
14.0,-8.0,68.0,382.0
16.0,-8.0,68.0,382.0
18.0,-8.0,68.0,382.0
20.0,-8.0,68.0,382.0
22.0,-8.0,68.0,45.0
24.0,-8.0,68.0,45.0
26.0,-8.0,68.0,45.0
28.0,-8.0,68.0,45.0
30.0,-8.0,68.0,409.0
32.0,-8.0,68.0,409.0
34.0,-8.0,68.0,409.0
36.0,-8.0,68.0,409.0
-36.0,-6.0,68.0,89.0
-34.0,-6.0,68.0,89.0
-32.0,-6.0,68.0,89.0
-30.0,-6.0,68.0,89.0
-28.0,-6.0,68.0,89.0
-26.0,-6.0,68.0,89.0
-24.0,-6.0,68.0,527.0
-22.0,-6.0,68.0,527.0
-20.0,-6.0,68.0,527.0
-18.0,-6.0,68.0,527.0
-16.0,-6.0,68.0,527.0
-14.0,-6.0,68.0,384.0
-12.0,-6.0,68.0,384.0
-10.0,-6.0,68.0,384.0
-8.0,-6.0,68.0,384.0
-6.0,-6.0,68.0,384.0
-4.0,-6.0,68.0,18.0
2.0,-6.0,68.0,130.0
4.0,-6.0,68.0,382.0
6.0,-6.0,68.0,382.0
8.0,-6.0,68.0,382.0
10.0,-6.0,68.0,382.0
12.0,-6.0,68.0,382.0
14.0,-6.0,68.0,382.0
16.0,-6.0,68.0,382.0
18.0,-6.0,68.0,382.0
20.0,-6.0,68.0,45.0
22.0,-6.0,68.0,45.0
24.0,-6.0,68.0,45.0
26.0,-6.0,68.0,45.0
28.0,-6.0,68.0,45.0
30.0,-6.0,68.0,45.0
32.0,-6.0,68.0,409.0
34.0,-6.0,68.0,409.0
-32.0,-4.0,68.0,89.0
-30.0,-4.0,68.0,89.0
-28.0,-4.0,68.0,89.0
-26.0,-4.0,68.0,89.0
-24.0,-4.0,68.0,527.0
-22.0,-4.0,68.0,527.0
-20.0,-4.0,68.0,527.0
-18.0,-4.0,68.0,527.0
-16.0,-4.0,68.0,527.0
-14.0,-4.0,68.0,384.0
-12.0,-4.0,68.0,384.0
-10.0,-4.0,68.0,384.0
-8.0,-4.0,68.0,384.0
-6.0,-4.0,68.0,18.0
-4.0,-4.0,68.0,18.0
2.0,-4.0,68.0,18.0
4.0,-4.0,68.0,69.0
6.0,-4.0,68.0,382.0
8.0,-4.0,68.0,382.0
10.0,-4.0,68.0,382.0
12.0,-4.0,68.0,382.0
14.0,-4.0,68.0,424.0
16.0,-4.0,68.0,424.0
18.0,-4.0,68.0,424.0
20.0,-4.0,68.0,45.0
22.0,-4.0,68.0,45.0
24.0,-4.0,68.0,45.0
26.0,-4.0,68.0,45.0
28.0,-4.0,68.0,45.0
30.0,-4.0,68.0,45.0
32.0,-4.0,68.0,45.0
34.0,-4.0,68.0,409.0
-32.0,-2.0,68.0,89.0
-30.0,-2.0,68.0,89.0
-28.0,-2.0,68.0,89.0
-26.0,-2.0,68.0,527.0
-24.0,-2.0,68.0,527.0
-22.0,-2.0,68.0,527.0
-20.0,-2.0,68.0,527.0
-18.0,-2.0,68.0,527.0
-16.0,-2.0,68.0,527.0
-14.0,-2.0,68.0,527.0
-12.0,-2.0,68.0,384.0
-10.0,-2.0,68.0,384.0
-8.0,-2.0,68.0,18.0
-6.0,-2.0,68.0,18.0
-4.0,-2.0,68.0,18.0
2.0,-2.0,68.0,18.0
4.0,-2.0,68.0,69.0
6.0,-2.0,68.0,69.0
8.0,-2.0,68.0,424.0
10.0,-2.0,68.0,424.0
12.0,-2.0,68.0,424.0
14.0,-2.0,68.0,424.0
16.0,-2.0,68.0,424.0
18.0,-2.0,68.0,424.0
20.0,-2.0,68.0,424.0
22.0,-2.0,68.0,45.0
24.0,-2.0,68.0,45.0
26.0,-2.0,68.0,45.0
28.0,-2.0,68.0,45.0
30.0,-2.0,68.0,45.0
32.0,-2.0,68.0,45.0
34.0,-2.0,68.0,45.0
-30.0,-0.0,68.0,333.0
-28.0,-0.0,68.0,333.0
-26.0,-0.0,68.0,527.0
-24.0,-0.0,68.0,527.0
-22.0,-0.0,68.0,527.0
-20.0,-0.0,68.0,527.0
-18.0,-0.0,68.0,527.0
-16.0,-0.0,68.0,527.0
-14.0,-0.0,68.0,527.0
-12.0,-0.0,68.0,18.0
-10.0,-0.0,68.0,18.0
-8.0,-0.0,68.0,18.0
-6.0,-0.0,68.0,18.0
-4.0,-0.0,68.0,18.0
2.0,-0.0,68.0,18.0
4.0,-0.0,68.0,69.0
6.0,-0.0,68.0,69.0
8.0,-0.0,68.0,424.0
10.0,-0.0,68.0,424.0
12.0,-0.0,68.0,424.0
14.0,-0.0,68.0,424.0
16.0,-0.0,68.0,424.0
18.0,-0.0,68.0,424.0
20.0,-0.0,68.0,27.0
22.0,-0.0,68.0,45.0
24.0,-0.0,68.0,45.0
26.0,-0.0,68.0,45.0
28.0,-0.0,68.0,45.0
30.0,-0.0,68.0,45.0
32.0,-0.0,68.0,45.0
-30.0,2.0,68.0,333.0
-28.0,2.0,68.0,340.0
-26.0,2.0,68.0,340.0
-24.0,2.0,68.0,340.0
-22.0,2.0,68.0,527.0
-20.0,2.0,68.0,527.0
-18.0,2.0,68.0,527.0
-16.0,2.0,68.0,527.0
-14.0,2.0,68.0,527.0
-12.0,2.0,68.0,18.0
-10.0,2.0,68.0,18.0
-8.0,2.0,68.0,18.0
-6.0,2.0,68.0,18.0
-4.0,2.0,68.0,18.0
2.0,2.0,68.0,18.0
4.0,2.0,68.0,69.0
6.0,2.0,68.0,69.0
8.0,2.0,68.0,424.0
10.0,2.0,68.0,424.0
12.0,2.0,68.0,424.0
14.0,2.0,68.0,424.0
16.0,2.0,68.0,424.0
18.0,2.0,68.0,424.0
20.0,2.0,68.0,27.0
22.0,2.0,68.0,27.0
24.0,2.0,68.0,45.0
26.0,2.0,68.0,45.0
28.0,2.0,68.0,45.0
30.0,2.0,68.0,45.0
32.0,2.0,68.0,45.0
-30.0,4.0,68.0,340.0
-28.0,4.0,68.0,340.0
-26.0,4.0,68.0,340.0
-24.0,4.0,68.0,340.0
-22.0,4.0,68.0,340.0
-20.0,4.0,68.0,340.0
-18.0,4.0,68.0,527.0
-16.0,4.0,68.0,527.0
-14.0,4.0,68.0,18.0
-12.0,4.0,68.0,18.0
-10.0,4.0,68.0,18.0
-8.0,4.0,68.0,18.0
-6.0,4.0,68.0,18.0
-4.0,4.0,68.0,18.0
2.0,4.0,68.0,18.0
4.0,4.0,68.0,233.0
6.0,4.0,68.0,233.0
8.0,4.0,68.0,424.0
10.0,4.0,68.0,424.0
12.0,4.0,68.0,424.0
14.0,4.0,68.0,424.0
16.0,4.0,68.0,424.0
18.0,4.0,68.0,27.0
20.0,4.0,68.0,27.0
22.0,4.0,68.0,27.0
24.0,4.0,68.0,494.0
26.0,4.0,68.0,494.0
28.0,4.0,68.0,494.0
30.0,4.0,68.0,45.0
32.0,4.0,68.0,45.0
-30.0,6.0,68.0,340.0
-28.0,6.0,68.0,340.0
-26.0,6.0,68.0,340.0
-24.0,6.0,68.0,340.0
-22.0,6.0,68.0,340.0
-20.0,6.0,68.0,340.0
-18.0,6.0,68.0,340.0
-16.0,6.0,68.0,340.0
-14.0,6.0,68.0,18.0
-12.0,6.0,68.0,18.0
-10.0,6.0,68.0,18.0
-8.0,6.0,68.0,18.0
-6.0,6.0,68.0,18.0
-4.0,6.0,68.0,18.0
2.0,6.0,68.0,233.0
4.0,6.0,68.0,233.0
6.0,6.0,68.0,233.0
8.0,6.0,68.0,149.0
10.0,6.0,68.0,424.0
12.0,6.0,68.0,424.0
14.0,6.0,68.0,424.0
16.0,6.0,68.0,27.0
18.0,6.0,68.0,27.0
20.0,6.0,68.0,27.0
22.0,6.0,68.0,27.0
24.0,6.0,68.0,494.0
26.0,6.0,68.0,494.0
28.0,6.0,68.0,494.0
30.0,6.0,68.0,494.0
-28.0,8.0,68.0,340.0
-26.0,8.0,68.0,340.0
-24.0,8.0,68.0,340.0
-22.0,8.0,68.0,340.0
-20.0,8.0,68.0,340.0
-18.0,8.0,68.0,340.0
-16.0,8.0,68.0,340.0
-14.0,8.0,68.0,18.0
-12.0,8.0,68.0,18.0
-10.0,8.0,68.0,18.0
-8.0,8.0,68.0,18.0
-6.0,8.0,68.0,18.0
-4.0,8.0,68.0,18.0
2.0,8.0,68.0,233.0
4.0,8.0,68.0,233.0
6.0,8.0,68.0,149.0
8.0,8.0,68.0,149.0
10.0,8.0,68.0,149.0
12.0,8.0,68.0,149.0
14.0,8.0,68.0,424.0
16.0,8.0,68.0,27.0
18.0,8.0,68.0,27.0
20.0,8.0,68.0,27.0
22.0,8.0,68.0,494.0
24.0,8.0,68.0,494.0
26.0,8.0,68.0,494.0
28.0,8.0,68.0,494.0
30.0,8.0,68.0,494.0
-28.0,10.0,68.0,340.0
-26.0,10.0,68.0,340.0
-24.0,10.0,68.0,340.0
-22.0,10.0,68.0,340.0
-20.0,10.0,68.0,340.0
-18.0,10.0,68.0,340.0
-16.0,10.0,68.0,340.0
-14.0,10.0,68.0,18.0
-12.0,10.0,68.0,18.0
-10.0,10.0,68.0,18.0
-8.0,10.0,68.0,18.0
-6.0,10.0,68.0,18.0
-4.0,10.0,68.0,18.0
2.0,10.0,68.0,233.0
4.0,10.0,68.0,233.0
6.0,10.0,68.0,149.0
8.0,10.0,68.0,149.0
10.0,10.0,68.0,149.0
12.0,10.0,68.0,149.0
14.0,10.0,68.0,185.0
16.0,10.0,68.0,185.0
18.0,10.0,68.0,185.0
20.0,10.0,68.0,27.0
22.0,10.0,68.0,494.0
24.0,10.0,68.0,494.0
26.0,10.0,68.0,494.0
28.0,10.0,68.0,494.0
-26.0,12.0,68.0,340.0
-24.0,12.0,68.0,340.0
-22.0,12.0,68.0,340.0
-20.0,12.0,68.0,340.0
-18.0,12.0,68.0,340.0
-16.0,12.0,68.0,340.0
-14.0,12.0,68.0,340.0
-12.0,12.0,68.0,18.0
-10.0,12.0,68.0,18.0
-8.0,12.0,68.0,18.0
-6.0,12.0,68.0,18.0
-4.0,12.0,68.0,18.0
2.0,12.0,68.0,233.0
4.0,12.0,68.0,149.0
6.0,12.0,68.0,149.0
8.0,12.0,68.0,149.0
10.0,12.0,68.0,149.0
12.0,12.0,68.0,149.0
14.0,12.0,68.0,185.0
16.0,12.0,68.0,185.0
18.0,12.0,68.0,185.0
20.0,12.0,68.0,185.0
22.0,12.0,68.0,494.0
24.0,12.0,68.0,494.0
26.0,12.0,68.0,494.0
28.0,12.0,68.0,494.0
-26.0,14.0,68.0,340.0
-24.0,14.0,68.0,340.0
-22.0,14.0,68.0,340.0
-20.0,14.0,68.0,340.0
-18.0,14.0,68.0,340.0
-16.0,14.0,68.0,340.0
-14.0,14.0,68.0,585.0
-12.0,14.0,68.0,585.0
-10.0,14.0,68.0,585.0
-8.0,14.0,68.0,200.0
-6.0,14.0,68.0,200.0
2.0,14.0,68.0,233.0
4.0,14.0,68.0,149.0
6.0,14.0,68.0,149.0
8.0,14.0,68.0,149.0
10.0,14.0,68.0,149.0
12.0,14.0,68.0,149.0
14.0,14.0,68.0,185.0
16.0,14.0,68.0,185.0
18.0,14.0,68.0,185.0
20.0,14.0,68.0,185.0
22.0,14.0,68.0,185.0
24.0,14.0,68.0,494.0
-22.0,16.0,68.0,340.0
-20.0,16.0,68.0,340.0
-18.0,16.0,68.0,340.0
-16.0,16.0,68.0,585.0
-14.0,16.0,68.0,585.0
-12.0,16.0,68.0,585.0
-10.0,16.0,68.0,585.0
-8.0,16.0,68.0,585.0
-6.0,16.0,68.0,585.0
2.0,16.0,68.0,149.0
4.0,16.0,68.0,149.0
6.0,16.0,68.0,149.0
8.0,16.0,68.0,149.0
10.0,16.0,68.0,149.0
12.0,16.0,68.0,149.0
14.0,16.0,68.0,185.0
16.0,16.0,68.0,185.0
18.0,16.0,68.0,185.0
20.0,16.0,68.0,185.0
22.0,16.0,68.0,185.0
-20.0,18.0,68.0,340.0
-18.0,18.0,68.0,340.0
-16.0,18.0,68.0,585.0
-14.0,18.0,68.0,585.0
-12.0,18.0,68.0,585.0
-10.0,18.0,68.0,585.0
-8.0,18.0,68.0,585.0
-6.0,18.0,68.0,585.0
2.0,18.0,68.0,149.0
4.0,18.0,68.0,149.0
6.0,18.0,68.0,149.0
8.0,18.0,68.0,149.0
10.0,18.0,68.0,149.0
12.0,18.0,68.0,149.0
14.0,18.0,68.0,185.0
16.0,18.0,68.0,185.0
18.0,18.0,68.0,185.0
-14.0,20.0,68.0,585.0
-12.0,20.0,68.0,585.0
-10.0,20.0,68.0,585.0
-8.0,20.0,68.0,585.0
-6.0,20.0,68.0,585.0
4.0,20.0,68.0,149.0
6.0,20.0,68.0,149.0
8.0,20.0,68.0,149.0
10.0,20.0,68.0,149.0
-20.0,-64.0,70.0,113.0
-18.0,-64.0,70.0,113.0
-16.0,-64.0,70.0,113.0
-14.0,-64.0,70.0,113.0
-12.0,-64.0,70.0,113.0
-10.0,-64.0,70.0,113.0
10.0,-64.0,70.0,292.0
12.0,-64.0,70.0,292.0
14.0,-64.0,70.0,292.0
16.0,-64.0,70.0,292.0
18.0,-64.0,70.0,516.0
-24.0,-62.0,70.0,87.0
-22.0,-62.0,70.0,87.0
-20.0,-62.0,70.0,113.0
-18.0,-62.0,70.0,113.0
-16.0,-62.0,70.0,113.0
-14.0,-62.0,70.0,113.0
-12.0,-62.0,70.0,348.0
-10.0,-62.0,70.0,348.0
-8.0,-62.0,70.0,348.0
8.0,-62.0,70.0,292.0
10.0,-62.0,70.0,292.0
12.0,-62.0,70.0,292.0
14.0,-62.0,70.0,292.0
16.0,-62.0,70.0,147.0
18.0,-62.0,70.0,147.0
20.0,-62.0,70.0,147.0
22.0,-62.0,70.0,147.0
-26.0,-60.0,70.0,87.0
-24.0,-60.0,70.0,87.0
-22.0,-60.0,70.0,87.0
-20.0,-60.0,70.0,87.0
-18.0,-60.0,70.0,113.0
-16.0,-60.0,70.0,348.0
-14.0,-60.0,70.0,348.0
-12.0,-60.0,70.0,348.0
-10.0,-60.0,70.0,348.0
-8.0,-60.0,70.0,348.0
8.0,-60.0,70.0,292.0
10.0,-60.0,70.0,292.0
12.0,-60.0,70.0,292.0
14.0,-60.0,70.0,147.0
16.0,-60.0,70.0,147.0
18.0,-60.0,70.0,147.0
20.0,-60.0,70.0,147.0
22.0,-60.0,70.0,147.0
24.0,-60.0,70.0,500.0
26.0,-60.0,70.0,500.0
-28.0,-58.0,70.0,87.0
-26.0,-58.0,70.0,87.0
-24.0,-58.0,70.0,87.0
-22.0,-58.0,70.0,87.0
-20.0,-58.0,70.0,87.0
-18.0,-58.0,70.0,348.0
-16.0,-58.0,70.0,348.0
-14.0,-58.0,70.0,348.0
-12.0,-58.0,70.0,348.0
-10.0,-58.0,70.0,348.0
-8.0,-58.0,70.0,348.0
-6.0,-58.0,70.0,348.0
6.0,-58.0,70.0,292.0
8.0,-58.0,70.0,292.0
10.0,-58.0,70.0,292.0
12.0,-58.0,70.0,147.0
14.0,-58.0,70.0,147.0
16.0,-58.0,70.0,147.0
18.0,-58.0,70.0,147.0
20.0,-58.0,70.0,147.0
22.0,-58.0,70.0,147.0
24.0,-58.0,70.0,147.0
26.0,-58.0,70.0,500.0
28.0,-58.0,70.0,500.0
-30.0,-56.0,70.0,87.0
-28.0,-56.0,70.0,87.0
-26.0,-56.0,70.0,87.0
-24.0,-56.0,70.0,87.0
-22.0,-56.0,70.0,87.0
-20.0,-56.0,70.0,87.0
-18.0,-56.0,70.0,348.0
-16.0,-56.0,70.0,348.0
-14.0,-56.0,70.0,348.0
-12.0,-56.0,70.0,183.0
-10.0,-56.0,70.0,183.0
-8.0,-56.0,70.0,183.0
-6.0,-56.0,70.0,183.0
-4.0,-56.0,70.0,183.0
6.0,-56.0,70.0,292.0
8.0,-56.0,70.0,292.0
10.0,-56.0,70.0,147.0
12.0,-56.0,70.0,147.0
14.0,-56.0,70.0,147.0
16.0,-56.0,70.0,147.0
18.0,-56.0,70.0,147.0
20.0,-56.0,70.0,147.0
22.0,-56.0,70.0,147.0
24.0,-56.0,70.0,147.0
26.0,-56.0,70.0,500.0
28.0,-56.0,70.0,500.0
30.0,-56.0,70.0,574.0
-32.0,-54.0,70.0,87.0
-30.0,-54.0,70.0,87.0
-28.0,-54.0,70.0,87.0
-26.0,-54.0,70.0,87.0
-24.0,-54.0,70.0,87.0
-22.0,-54.0,70.0,87.0
-20.0,-54.0,70.0,87.0
-18.0,-54.0,70.0,183.0
-16.0,-54.0,70.0,183.0
-14.0,-54.0,70.0,183.0
-12.0,-54.0,70.0,183.0
-10.0,-54.0,70.0,183.0
-8.0,-54.0,70.0,183.0
-6.0,-54.0,70.0,183.0
2.0,-54.0,70.0,292.0
4.0,-54.0,70.0,292.0
6.0,-54.0,70.0,292.0
8.0,-54.0,70.0,147.0
10.0,-54.0,70.0,147.0
12.0,-54.0,70.0,147.0
14.0,-54.0,70.0,147.0
16.0,-54.0,70.0,147.0
18.0,-54.0,70.0,147.0
20.0,-54.0,70.0,147.0
22.0,-54.0,70.0,147.0
24.0,-54.0,70.0,147.0
26.0,-54.0,70.0,147.0
28.0,-54.0,70.0,498.0
30.0,-54.0,70.0,574.0
32.0,-54.0,70.0,574.0
-34.0,-52.0,70.0,87.0
-32.0,-52.0,70.0,87.0
-30.0,-52.0,70.0,87.0
-28.0,-52.0,70.0,87.0
-26.0,-52.0,70.0,87.0
-24.0,-52.0,70.0,87.0
-22.0,-52.0,70.0,87.0
-20.0,-52.0,70.0,87.0
-18.0,-52.0,70.0,183.0
-16.0,-52.0,70.0,183.0
-14.0,-52.0,70.0,183.0
-12.0,-52.0,70.0,183.0
-10.0,-52.0,70.0,183.0
-8.0,-52.0,70.0,183.0
-6.0,-52.0,70.0,183.0
2.0,-52.0,70.0,292.0
4.0,-52.0,70.0,292.0
6.0,-52.0,70.0,147.0
8.0,-52.0,70.0,147.0
10.0,-52.0,70.0,147.0
12.0,-52.0,70.0,147.0
14.0,-52.0,70.0,147.0
16.0,-52.0,70.0,147.0
18.0,-52.0,70.0,147.0
20.0,-52.0,70.0,147.0
22.0,-52.0,70.0,147.0
24.0,-52.0,70.0,498.0
26.0,-52.0,70.0,498.0
28.0,-52.0,70.0,498.0
30.0,-52.0,70.0,574.0
32.0,-52.0,70.0,574.0
-36.0,-50.0,70.0,87.0
-34.0,-50.0,70.0,87.0
-32.0,-50.0,70.0,87.0
-30.0,-50.0,70.0,87.0
-28.0,-50.0,70.0,87.0
-26.0,-50.0,70.0,87.0
-24.0,-50.0,70.0,87.0
-22.0,-50.0,70.0,87.0
-20.0,-50.0,70.0,183.0
-18.0,-50.0,70.0,183.0
-16.0,-50.0,70.0,183.0
-14.0,-50.0,70.0,183.0
-12.0,-50.0,70.0,183.0
-10.0,-50.0,70.0,183.0
-8.0,-50.0,70.0,183.0
-6.0,-50.0,70.0,183.0
2.0,-50.0,70.0,208.0
4.0,-50.0,70.0,208.0
6.0,-50.0,70.0,208.0
8.0,-50.0,70.0,208.0
10.0,-50.0,70.0,147.0
12.0,-50.0,70.0,147.0
14.0,-50.0,70.0,147.0
16.0,-50.0,70.0,147.0
18.0,-50.0,70.0,147.0
20.0,-50.0,70.0,147.0
22.0,-50.0,70.0,498.0
24.0,-50.0,70.0,498.0
26.0,-50.0,70.0,498.0
28.0,-50.0,70.0,498.0
30.0,-50.0,70.0,498.0
32.0,-50.0,70.0,574.0
34.0,-50.0,70.0,574.0
-36.0,-48.0,70.0,87.0
-34.0,-48.0,70.0,87.0
-32.0,-48.0,70.0,87.0
-30.0,-48.0,70.0,87.0
-28.0,-48.0,70.0,87.0
-26.0,-48.0,70.0,283.0
-24.0,-48.0,70.0,283.0
-22.0,-48.0,70.0,140.0
-20.0,-48.0,70.0,140.0
-18.0,-48.0,70.0,183.0
-16.0,-48.0,70.0,183.0
-14.0,-48.0,70.0,183.0
-12.0,-48.0,70.0,183.0
-10.0,-48.0,70.0,183.0
-8.0,-48.0,70.0,183.0
4.0,-48.0,70.0,208.0
6.0,-48.0,70.0,208.0
8.0,-48.0,70.0,208.0
10.0,-48.0,70.0,208.0
12.0,-48.0,70.0,208.0
14.0,-48.0,70.0,530.0
16.0,-48.0,70.0,530.0
18.0,-48.0,70.0,530.0
20.0,-48.0,70.0,498.0
22.0,-48.0,70.0,498.0
24.0,-48.0,70.0,498.0
26.0,-48.0,70.0,498.0
28.0,-48.0,70.0,498.0
30.0,-48.0,70.0,498.0
32.0,-48.0,70.0,498.0
34.0,-48.0,70.0,574.0
-36.0,-46.0,70.0,283.0
-34.0,-46.0,70.0,283.0
-32.0,-46.0,70.0,283.0
-30.0,-46.0,70.0,283.0
-28.0,-46.0,70.0,283.0
-26.0,-46.0,70.0,283.0
-24.0,-46.0,70.0,283.0
-22.0,-46.0,70.0,140.0
-20.0,-46.0,70.0,140.0
-18.0,-46.0,70.0,140.0
-16.0,-46.0,70.0,183.0
-14.0,-46.0,70.0,183.0
-12.0,-46.0,70.0,183.0
-10.0,-46.0,70.0,183.0
-8.0,-46.0,70.0,183.0
-6.0,-46.0,70.0,183.0
2.0,-46.0,70.0,208.0
4.0,-46.0,70.0,208.0
6.0,-46.0,70.0,208.0
8.0,-46.0,70.0,208.0
10.0,-46.0,70.0,208.0
12.0,-46.0,70.0,208.0
14.0,-46.0,70.0,530.0
16.0,-46.0,70.0,530.0
18.0,-46.0,70.0,498.0
20.0,-46.0,70.0,498.0
22.0,-46.0,70.0,498.0
24.0,-46.0,70.0,498.0
26.0,-46.0,70.0,498.0
28.0,-46.0,70.0,498.0
30.0,-46.0,70.0,498.0
32.0,-46.0,70.0,498.0
34.0,-46.0,70.0,498.0
36.0,-46.0,70.0,574.0
-38.0,-44.0,70.0,283.0
-36.0,-44.0,70.0,283.0
-34.0,-44.0,70.0,283.0
-32.0,-44.0,70.0,283.0
-30.0,-44.0,70.0,283.0
-28.0,-44.0,70.0,283.0
-26.0,-44.0,70.0,283.0
-24.0,-44.0,70.0,283.0
-22.0,-44.0,70.0,140.0
-20.0,-44.0,70.0,140.0
-18.0,-44.0,70.0,140.0
-16.0,-44.0,70.0,140.0
-14.0,-44.0,70.0,183.0
-12.0,-44.0,70.0,183.0
-10.0,-44.0,70.0,183.0
-8.0,-44.0,70.0,183.0
-6.0,-44.0,70.0,524.0
2.0,-44.0,70.0,208.0
4.0,-44.0,70.0,208.0
6.0,-44.0,70.0,208.0
8.0,-44.0,70.0,208.0
10.0,-44.0,70.0,208.0
12.0,-44.0,70.0,208.0
14.0,-44.0,70.0,530.0
16.0,-44.0,70.0,530.0
18.0,-44.0,70.0,498.0
20.0,-44.0,70.0,498.0
22.0,-44.0,70.0,498.0
24.0,-44.0,70.0,498.0
26.0,-44.0,70.0,498.0
28.0,-44.0,70.0,498.0
30.0,-44.0,70.0,498.0
32.0,-44.0,70.0,498.0
34.0,-44.0,70.0,498.0
36.0,-44.0,70.0,498.0
-38.0,-42.0,70.0,283.0
-36.0,-42.0,70.0,283.0
-34.0,-42.0,70.0,283.0
-32.0,-42.0,70.0,283.0
-30.0,-42.0,70.0,283.0
-28.0,-42.0,70.0,283.0
-26.0,-42.0,70.0,283.0
-24.0,-42.0,70.0,283.0
-22.0,-42.0,70.0,140.0
-20.0,-42.0,70.0,140.0
-18.0,-42.0,70.0,140.0
-16.0,-42.0,70.0,140.0
-14.0,-42.0,70.0,183.0
-4.0,-42.0,70.0,524.0
2.0,-42.0,70.0,208.0
4.0,-42.0,70.0,208.0
6.0,-42.0,70.0,208.0
8.0,-42.0,70.0,208.0
10.0,-42.0,70.0,208.0
16.0,-42.0,70.0,530.0
18.0,-42.0,70.0,498.0
20.0,-42.0,70.0,498.0
22.0,-42.0,70.0,498.0
24.0,-42.0,70.0,498.0
26.0,-42.0,70.0,498.0
28.0,-42.0,70.0,498.0
30.0,-42.0,70.0,498.0
32.0,-42.0,70.0,498.0
34.0,-42.0,70.0,498.0
36.0,-42.0,70.0,498.0
-38.0,-40.0,70.0,283.0
-36.0,-40.0,70.0,283.0
-34.0,-40.0,70.0,283.0
-32.0,-40.0,70.0,283.0
-30.0,-40.0,70.0,283.0
-28.0,-40.0,70.0,283.0
-26.0,-40.0,70.0,283.0
-24.0,-40.0,70.0,283.0
-22.0,-40.0,70.0,140.0
-20.0,-40.0,70.0,140.0
-8.0,-40.0,70.0,177.0
-6.0,-40.0,70.0,177.0
-4.0,-40.0,70.0,177.0
0.0,-40.0,70.0,177.0
2.0,-40.0,70.0,465.0
4.0,-40.0,70.0,208.0
6.0,-40.0,70.0,208.0
8.0,-40.0,70.0,208.0
10.0,-40.0,70.0,208.0
12.0,-40.0,70.0,65.0
14.0,-40.0,70.0,65.0
18.0,-40.0,70.0,498.0
20.0,-40.0,70.0,498.0
22.0,-40.0,70.0,498.0
24.0,-40.0,70.0,498.0
26.0,-40.0,70.0,498.0
28.0,-40.0,70.0,498.0
30.0,-40.0,70.0,498.0
32.0,-40.0,70.0,498.0
34.0,-40.0,70.0,498.0
36.0,-40.0,70.0,498.0
38.0,-40.0,70.0,498.0
-40.0,-38.0,70.0,283.0
-38.0,-38.0,70.0,283.0
-36.0,-38.0,70.0,283.0
-34.0,-38.0,70.0,283.0
-32.0,-38.0,70.0,283.0
-30.0,-38.0,70.0,283.0
-28.0,-38.0,70.0,283.0
-26.0,-38.0,70.0,283.0
-24.0,-38.0,70.0,283.0
-22.0,-38.0,70.0,140.0
-10.0,-38.0,70.0,177.0
-8.0,-38.0,70.0,177.0
-6.0,-38.0,70.0,177.0
-4.0,-38.0,70.0,177.0
-2.0,-38.0,70.0,177.0
0.0,-38.0,70.0,177.0
2.0,-38.0,70.0,465.0
4.0,-38.0,70.0,465.0
6.0,-38.0,70.0,208.0
8.0,-38.0,70.0,208.0
10.0,-38.0,70.0,65.0
12.0,-38.0,70.0,65.0
14.0,-38.0,70.0,65.0
16.0,-38.0,70.0,65.0
20.0,-38.0,70.0,498.0
22.0,-38.0,70.0,498.0
24.0,-38.0,70.0,498.0
26.0,-38.0,70.0,498.0
28.0,-38.0,70.0,498.0
30.0,-38.0,70.0,498.0
32.0,-38.0,70.0,498.0
34.0,-38.0,70.0,498.0
36.0,-38.0,70.0,498.0
38.0,-38.0,70.0,498.0
-40.0,-36.0,70.0,283.0
-38.0,-36.0,70.0,283.0
-36.0,-36.0,70.0,283.0
-34.0,-36.0,70.0,283.0
-32.0,-36.0,70.0,283.0
-30.0,-36.0,70.0,283.0
-28.0,-36.0,70.0,283.0
-26.0,-36.0,70.0,283.0
-12.0,-36.0,70.0,177.0
-10.0,-36.0,70.0,177.0
-8.0,-36.0,70.0,177.0
-6.0,-36.0,70.0,177.0
-4.0,-36.0,70.0,177.0
-2.0,-36.0,70.0,177.0
0.0,-36.0,70.0,465.0
2.0,-36.0,70.0,465.0
4.0,-36.0,70.0,465.0
6.0,-36.0,70.0,465.0
8.0,-36.0,70.0,465.0
10.0,-36.0,70.0,65.0
12.0,-36.0,70.0,65.0
14.0,-36.0,70.0,65.0
16.0,-36.0,70.0,226.0
18.0,-36.0,70.0,226.0
20.0,-36.0,70.0,498.0
22.0,-36.0,70.0,498.0
24.0,-36.0,70.0,498.0
26.0,-36.0,70.0,498.0
28.0,-36.0,70.0,498.0
30.0,-36.0,70.0,498.0
32.0,-36.0,70.0,498.0
34.0,-36.0,70.0,498.0
36.0,-36.0,70.0,498.0
38.0,-36.0,70.0,498.0
-40.0,-34.0,70.0,283.0
-38.0,-34.0,70.0,283.0
-36.0,-34.0,70.0,283.0
-34.0,-34.0,70.0,283.0
-32.0,-34.0,70.0,283.0
-30.0,-34.0,70.0,283.0
-28.0,-34.0,70.0,283.0
-20.0,-34.0,70.0,140.0
-18.0,-34.0,70.0,140.0
-16.0,-34.0,70.0,140.0
-14.0,-34.0,70.0,385.0
-12.0,-34.0,70.0,177.0
-10.0,-34.0,70.0,177.0
-8.0,-34.0,70.0,177.0
-6.0,-34.0,70.0,177.0
-4.0,-34.0,70.0,177.0
-2.0,-34.0,70.0,177.0
0.0,-34.0,70.0,465.0
2.0,-34.0,70.0,465.0
4.0,-34.0,70.0,465.0
6.0,-34.0,70.0,103.0
8.0,-34.0,70.0,103.0
10.0,-34.0,70.0,103.0
12.0,-34.0,70.0,103.0
14.0,-34.0,70.0,226.0
16.0,-34.0,70.0,226.0
18.0,-34.0,70.0,226.0
22.0,-34.0,70.0,226.0
24.0,-34.0,70.0,498.0
26.0,-34.0,70.0,498.0
28.0,-34.0,70.0,498.0
30.0,-34.0,70.0,498.0
32.0,-34.0,70.0,498.0
34.0,-34.0,70.0,498.0
36.0,-34.0,70.0,498.0
38.0,-34.0,70.0,32.0
-40.0,-32.0,70.0,283.0
-38.0,-32.0,70.0,283.0
-36.0,-32.0,70.0,283.0
-34.0,-32.0,70.0,283.0
-32.0,-32.0,70.0,283.0
-30.0,-32.0,70.0,283.0
-28.0,-32.0,70.0,283.0
-22.0,-32.0,70.0,140.0
-20.0,-32.0,70.0,374.0
-18.0,-32.0,70.0,374.0
-16.0,-32.0,70.0,374.0
-14.0,-32.0,70.0,385.0
-8.0,-32.0,70.0,385.0
-6.0,-32.0,70.0,177.0
-4.0,-32.0,70.0,177.0
0.0,-32.0,70.0,465.0
2.0,-32.0,70.0,465.0
4.0,-32.0,70.0,103.0
6.0,-32.0,70.0,103.0
8.0,-32.0,70.0,103.0
10.0,-32.0,70.0,103.0
12.0,-32.0,70.0,103.0
14.0,-32.0,70.0,226.0
16.0,-32.0,70.0,226.0
18.0,-32.0,70.0,226.0
24.0,-32.0,70.0,172.0
26.0,-32.0,70.0,172.0
28.0,-32.0,70.0,172.0
30.0,-32.0,70.0,498.0
32.0,-32.0,70.0,498.0
34.0,-32.0,70.0,498.0
36.0,-32.0,70.0,32.0
38.0,-32.0,70.0,32.0
-40.0,-30.0,70.0,432.0
-38.0,-30.0,70.0,283.0
-36.0,-30.0,70.0,283.0
-34.0,-30.0,70.0,283.0
-24.0,-30.0,70.0,374.0
-22.0,-30.0,70.0,374.0
-20.0,-30.0,70.0,374.0
-18.0,-30.0,70.0,374.0
-16.0,-30.0,70.0,337.0
-8.0,-30.0,70.0,385.0
-6.0,-30.0,70.0,385.0
-4.0,-30.0,70.0,385.0
0.0,-30.0,70.0,103.0
2.0,-30.0,70.0,103.0
4.0,-30.0,70.0,103.0
6.0,-30.0,70.0,103.0
8.0,-30.0,70.0,103.0
10.0,-30.0,70.0,103.0
12.0,-30.0,70.0,103.0
14.0,-30.0,70.0,226.0
16.0,-30.0,70.0,226.0
18.0,-30.0,70.0,226.0
28.0,-30.0,70.0,172.0
30.0,-30.0,70.0,172.0
34.0,-30.0,70.0,32.0
36.0,-30.0,70.0,32.0
38.0,-30.0,70.0,32.0
-40.0,-28.0,70.0,432.0
-38.0,-28.0,70.0,432.0
-24.0,-28.0,70.0,374.0
-22.0,-28.0,70.0,374.0
-20.0,-28.0,70.0,374.0
-18.0,-28.0,70.0,337.0
-16.0,-28.0,70.0,337.0
-14.0,-28.0,70.0,337.0
-8.0,-28.0,70.0,337.0
-6.0,-28.0,70.0,337.0
-4.0,-28.0,70.0,337.0
0.0,-28.0,70.0,103.0
2.0,-28.0,70.0,103.0
4.0,-28.0,70.0,103.0
6.0,-28.0,70.0,103.0
8.0,-28.0,70.0,103.0
10.0,-28.0,70.0,103.0
12.0,-28.0,70.0,226.0
14.0,-28.0,70.0,226.0
16.0,-28.0,70.0,226.0
18.0,-28.0,70.0,226.0
20.0,-28.0,70.0,226.0
22.0,-28.0,70.0,172.0
36.0,-28.0,70.0,32.0
38.0,-28.0,70.0,32.0
-36.0,-26.0,70.0,432.0
-34.0,-26.0,70.0,432.0
-26.0,-26.0,70.0,374.0
-24.0,-26.0,70.0,374.0
-22.0,-26.0,70.0,374.0
-20.0,-26.0,70.0,337.0
-18.0,-26.0,70.0,337.0
-16.0,-26.0,70.0,337.0
-14.0,-26.0,70.0,337.0
-8.0,-26.0,70.0,337.0
-6.0,-26.0,70.0,337.0
-4.0,-26.0,70.0,337.0
2.0,-26.0,70.0,103.0
4.0,-26.0,70.0,103.0
6.0,-26.0,70.0,103.0
8.0,-26.0,70.0,103.0
10.0,-26.0,70.0,103.0
12.0,-26.0,70.0,226.0
14.0,-26.0,70.0,226.0
16.0,-26.0,70.0,226.0
18.0,-26.0,70.0,226.0
20.0,-26.0,70.0,172.0
22.0,-26.0,70.0,172.0
24.0,-26.0,70.0,172.0
26.0,-26.0,70.0,172.0
28.0,-26.0,70.0,172.0
34.0,-26.0,70.0,315.0
36.0,-26.0,70.0,32.0
-38.0,-24.0,70.0,432.0
-36.0,-24.0,70.0,432.0
-34.0,-24.0,70.0,432.0
-32.0,-24.0,70.0,432.0
-30.0,-24.0,70.0,485.0
-28.0,-24.0,70.0,485.0
-26.0,-24.0,70.0,485.0
-24.0,-24.0,70.0,485.0
-22.0,-24.0,70.0,337.0
-20.0,-24.0,70.0,337.0
-18.0,-24.0,70.0,337.0
-16.0,-24.0,70.0,337.0
-14.0,-24.0,70.0,337.0
-10.0,-24.0,70.0,337.0
-8.0,-24.0,70.0,337.0
-6.0,-24.0,70.0,337.0
-4.0,-24.0,70.0,337.0
-2.0,-24.0,70.0,337.0
0.0,-24.0,70.0,130.0
2.0,-24.0,70.0,103.0
4.0,-24.0,70.0,103.0
6.0,-24.0,70.0,103.0
8.0,-24.0,70.0,103.0
10.0,-24.0,70.0,103.0
12.0,-24.0,70.0,226.0
14.0,-24.0,70.0,226.0
16.0,-24.0,70.0,226.0
18.0,-24.0,70.0,226.0
20.0,-24.0,70.0,172.0
22.0,-24.0,70.0,172.0
24.0,-24.0,70.0,172.0
26.0,-24.0,70.0,172.0
28.0,-24.0,70.0,172.0
30.0,-24.0,70.0,315.0
32.0,-24.0,70.0,315.0
34.0,-24.0,70.0,315.0
36.0,-24.0,70.0,315.0
38.0,-24.0,70.0,32.0
-38.0,-22.0,70.0,432.0
-36.0,-22.0,70.0,432.0
-34.0,-22.0,70.0,432.0
-32.0,-22.0,70.0,432.0
-30.0,-22.0,70.0,485.0
-28.0,-22.0,70.0,485.0
-26.0,-22.0,70.0,485.0
-24.0,-22.0,70.0,485.0
-22.0,-22.0,70.0,337.0
-20.0,-22.0,70.0,337.0
-18.0,-22.0,70.0,337.0
-16.0,-22.0,70.0,337.0
-14.0,-22.0,70.0,337.0
-10.0,-22.0,70.0,337.0
-8.0,-22.0,70.0,337.0
-6.0,-22.0,70.0,337.0
-4.0,-22.0,70.0,337.0
-2.0,-22.0,70.0,130.0
0.0,-22.0,70.0,130.0
2.0,-22.0,70.0,130.0
4.0,-22.0,70.0,103.0
6.0,-22.0,70.0,103.0
8.0,-22.0,70.0,376.0
10.0,-22.0,70.0,376.0
12.0,-22.0,70.0,376.0
14.0,-22.0,70.0,226.0
16.0,-22.0,70.0,226.0
18.0,-22.0,70.0,172.0
20.0,-22.0,70.0,172.0
22.0,-22.0,70.0,172.0
24.0,-22.0,70.0,172.0
26.0,-22.0,70.0,172.0
28.0,-22.0,70.0,315.0
30.0,-22.0,70.0,315.0
32.0,-22.0,70.0,315.0
34.0,-22.0,70.0,315.0
36.0,-22.0,70.0,315.0
38.0,-22.0,70.0,32.0
-38.0,-20.0,70.0,432.0
-36.0,-20.0,70.0,432.0
-34.0,-20.0,70.0,432.0
-32.0,-20.0,70.0,432.0
-30.0,-20.0,70.0,485.0
-28.0,-20.0,70.0,485.0
-26.0,-20.0,70.0,485.0
-24.0,-20.0,70.0,485.0
-22.0,-20.0,70.0,485.0
-20.0,-20.0,70.0,337.0
-18.0,-20.0,70.0,337.0
-16.0,-20.0,70.0,337.0
-14.0,-20.0,70.0,337.0
-12.0,-20.0,70.0,337.0
-10.0,-20.0,70.0,337.0
-8.0,-20.0,70.0,337.0
-6.0,-20.0,70.0,337.0
-4.0,-20.0,70.0,130.0
-2.0,-20.0,70.0,130.0
0.0,-20.0,70.0,130.0
2.0,-20.0,70.0,130.0
4.0,-20.0,70.0,130.0
6.0,-20.0,70.0,376.0
10.0,-20.0,70.0,376.0
12.0,-20.0,70.0,376.0
14.0,-20.0,70.0,376.0
16.0,-20.0,70.0,376.0
18.0,-20.0,70.0,172.0
20.0,-20.0,70.0,172.0
22.0,-20.0,70.0,172.0
24.0,-20.0,70.0,172.0
26.0,-20.0,70.0,315.0
28.0,-20.0,70.0,315.0
30.0,-20.0,70.0,315.0
32.0,-20.0,70.0,315.0
34.0,-20.0,70.0,315.0
36.0,-20.0,70.0,315.0
38.0,-20.0,70.0,315.0
-38.0,-18.0,70.0,432.0
-36.0,-18.0,70.0,432.0
-34.0,-18.0,70.0,432.0
-32.0,-18.0,70.0,432.0
-30.0,-18.0,70.0,485.0
-28.0,-18.0,70.0,485.0
-26.0,-18.0,70.0,485.0
-24.0,-18.0,70.0,485.0
-22.0,-18.0,70.0,249.0
-20.0,-18.0,70.0,249.0
-18.0,-18.0,70.0,249.0
-16.0,-18.0,70.0,337.0
-14.0,-18.0,70.0,337.0
-12.0,-18.0,70.0,337.0
-10.0,-18.0,70.0,337.0
-8.0,-18.0,70.0,337.0
-6.0,-18.0,70.0,130.0
-4.0,-18.0,70.0,130.0
-2.0,-18.0,70.0,130.0
0.0,-18.0,70.0,130.0
2.0,-18.0,70.0,130.0
4.0,-18.0,70.0,130.0
6.0,-18.0,70.0,376.0
10.0,-18.0,70.0,376.0
12.0,-18.0,70.0,376.0
14.0,-18.0,70.0,376.0
16.0,-18.0,70.0,376.0
18.0,-18.0,70.0,376.0
20.0,-18.0,70.0,172.0
22.0,-18.0,70.0,172.0
24.0,-18.0,70.0,315.0
26.0,-18.0,70.0,315.0
28.0,-18.0,70.0,315.0
30.0,-18.0,70.0,315.0
32.0,-18.0,70.0,315.0
34.0,-18.0,70.0,315.0
36.0,-18.0,70.0,315.0
-38.0,-16.0,70.0,432.0
-36.0,-16.0,70.0,432.0
-34.0,-16.0,70.0,432.0
-32.0,-16.0,70.0,432.0
-30.0,-16.0,70.0,485.0
-28.0,-16.0,70.0,485.0
-26.0,-16.0,70.0,485.0
-24.0,-16.0,70.0,485.0
-22.0,-16.0,70.0,249.0
-20.0,-16.0,70.0,249.0
-18.0,-16.0,70.0,249.0
-16.0,-16.0,70.0,249.0
-14.0,-16.0,70.0,337.0
-12.0,-16.0,70.0,337.0
-10.0,-16.0,70.0,337.0
-8.0,-16.0,70.0,130.0
-6.0,-16.0,70.0,130.0
-4.0,-16.0,70.0,130.0
-2.0,-16.0,70.0,130.0
2.0,-16.0,70.0,130.0
4.0,-16.0,70.0,130.0
6.0,-16.0,70.0,130.0
8.0,-16.0,70.0,376.0
10.0,-16.0,70.0,376.0
12.0,-16.0,70.0,376.0
14.0,-16.0,70.0,376.0
16.0,-16.0,70.0,376.0
18.0,-16.0,70.0,376.0
20.0,-16.0,70.0,172.0
22.0,-16.0,70.0,315.0
24.0,-16.0,70.0,315.0
26.0,-16.0,70.0,315.0
28.0,-16.0,70.0,315.0
30.0,-16.0,70.0,315.0
32.0,-16.0,70.0,315.0
34.0,-16.0,70.0,315.0
36.0,-16.0,70.0,315.0
-38.0,-14.0,70.0,432.0
-36.0,-14.0,70.0,432.0
-34.0,-14.0,70.0,432.0
-32.0,-14.0,70.0,485.0
-30.0,-14.0,70.0,485.0
-28.0,-14.0,70.0,485.0
-26.0,-14.0,70.0,485.0
-24.0,-14.0,70.0,485.0
-22.0,-14.0,70.0,249.0
-20.0,-14.0,70.0,249.0
-18.0,-14.0,70.0,249.0
-16.0,-14.0,70.0,249.0
-14.0,-14.0,70.0,384.0
-12.0,-14.0,70.0,384.0
-10.0,-14.0,70.0,491.0
-8.0,-14.0,70.0,130.0
-6.0,-14.0,70.0,130.0
-4.0,-14.0,70.0,130.0
-2.0,-14.0,70.0,130.0
2.0,-14.0,70.0,130.0
4.0,-14.0,70.0,130.0
6.0,-14.0,70.0,382.0
8.0,-14.0,70.0,382.0
10.0,-14.0,70.0,382.0
12.0,-14.0,70.0,382.0
14.0,-14.0,70.0,382.0
16.0,-14.0,70.0,382.0
18.0,-14.0,70.0,382.0
20.0,-14.0,70.0,382.0
22.0,-14.0,70.0,315.0
24.0,-14.0,70.0,315.0
26.0,-14.0,70.0,315.0
28.0,-14.0,70.0,315.0
30.0,-14.0,70.0,315.0
32.0,-14.0,70.0,315.0
34.0,-14.0,70.0,315.0
36.0,-14.0,70.0,315.0
-36.0,-12.0,70.0,432.0
-34.0,-12.0,70.0,432.0
-32.0,-12.0,70.0,89.0
-30.0,-12.0,70.0,89.0
-28.0,-12.0,70.0,89.0
-26.0,-12.0,70.0,89.0
-24.0,-12.0,70.0,89.0
-22.0,-12.0,70.0,249.0
-20.0,-12.0,70.0,249.0
-18.0,-12.0,70.0,249.0
-16.0,-12.0,70.0,384.0
-14.0,-12.0,70.0,384.0
-12.0,-12.0,70.0,384.0
-10.0,-12.0,70.0,384.0
-8.0,-12.0,70.0,130.0
-6.0,-12.0,70.0,130.0
-4.0,-12.0,70.0,130.0
2.0,-12.0,70.0,130.0
4.0,-12.0,70.0,130.0
6.0,-12.0,70.0,382.0
8.0,-12.0,70.0,382.0
10.0,-12.0,70.0,382.0
12.0,-12.0,70.0,382.0
14.0,-12.0,70.0,382.0
16.0,-12.0,70.0,382.0
18.0,-12.0,70.0,382.0
20.0,-12.0,70.0,382.0
22.0,-12.0,70.0,315.0
24.0,-12.0,70.0,315.0
26.0,-12.0,70.0,315.0
28.0,-12.0,70.0,315.0
30.0,-12.0,70.0,315.0
32.0,-12.0,70.0,315.0
34.0,-12.0,70.0,315.0
-34.0,-10.0,70.0,432.0
-32.0,-10.0,70.0,89.0
-30.0,-10.0,70.0,89.0
-28.0,-10.0,70.0,89.0
-26.0,-10.0,70.0,89.0
-24.0,-10.0,70.0,89.0
-22.0,-10.0,70.0,527.0
-20.0,-10.0,70.0,527.0
-18.0,-10.0,70.0,527.0
-16.0,-10.0,70.0,384.0
-14.0,-10.0,70.0,384.0
-12.0,-10.0,70.0,384.0
-10.0,-10.0,70.0,384.0
-8.0,-10.0,70.0,491.0
-6.0,-10.0,70.0,130.0
-4.0,-10.0,70.0,130.0
2.0,-10.0,70.0,130.0
4.0,-10.0,70.0,382.0
6.0,-10.0,70.0,382.0
8.0,-10.0,70.0,382.0
10.0,-10.0,70.0,382.0
12.0,-10.0,70.0,382.0
14.0,-10.0,70.0,382.0
16.0,-10.0,70.0,382.0
18.0,-10.0,70.0,382.0
20.0,-10.0,70.0,382.0
22.0,-10.0,70.0,45.0
24.0,-10.0,70.0,315.0
26.0,-10.0,70.0,315.0
28.0,-10.0,70.0,315.0
30.0,-10.0,70.0,315.0
32.0,-10.0,70.0,409.0
34.0,-10.0,70.0,409.0
-34.0,-8.0,70.0,89.0
-32.0,-8.0,70.0,89.0
-30.0,-8.0,70.0,89.0
-28.0,-8.0,70.0,89.0
-26.0,-8.0,70.0,89.0
-24.0,-8.0,70.0,527.0
-22.0,-8.0,70.0,527.0
-20.0,-8.0,70.0,527.0
-18.0,-8.0,70.0,527.0
-16.0,-8.0,70.0,384.0
-14.0,-8.0,70.0,384.0
-12.0,-8.0,70.0,384.0
-10.0,-8.0,70.0,384.0
-8.0,-8.0,70.0,384.0
-6.0,-8.0,70.0,491.0
-4.0,-8.0,70.0,130.0
2.0,-8.0,70.0,130.0
4.0,-8.0,70.0,382.0
6.0,-8.0,70.0,382.0
8.0,-8.0,70.0,382.0
10.0,-8.0,70.0,382.0
12.0,-8.0,70.0,382.0
14.0,-8.0,70.0,382.0
16.0,-8.0,70.0,382.0
18.0,-8.0,70.0,382.0
20.0,-8.0,70.0,382.0
22.0,-8.0,70.0,45.0
24.0,-8.0,70.0,45.0
26.0,-8.0,70.0,45.0
28.0,-8.0,70.0,45.0
30.0,-8.0,70.0,409.0
32.0,-8.0,70.0,409.0
-32.0,-6.0,70.0,89.0
-30.0,-6.0,70.0,89.0
-28.0,-6.0,70.0,89.0
-26.0,-6.0,70.0,89.0
-24.0,-6.0,70.0,527.0
-22.0,-6.0,70.0,527.0
-20.0,-6.0,70.0,527.0
-18.0,-6.0,70.0,527.0
-16.0,-6.0,70.0,527.0
-14.0,-6.0,70.0,384.0
-12.0,-6.0,70.0,384.0
-10.0,-6.0,70.0,384.0
-8.0,-6.0,70.0,384.0
-6.0,-6.0,70.0,491.0
-4.0,-6.0,70.0,18.0
2.0,-6.0,70.0,130.0
4.0,-6.0,70.0,382.0
6.0,-6.0,70.0,382.0
8.0,-6.0,70.0,382.0
10.0,-6.0,70.0,382.0
12.0,-6.0,70.0,382.0
14.0,-6.0,70.0,382.0
16.0,-6.0,70.0,382.0
18.0,-6.0,70.0,382.0
20.0,-6.0,70.0,45.0
22.0,-6.0,70.0,45.0
24.0,-6.0,70.0,45.0
26.0,-6.0,70.0,45.0
28.0,-6.0,70.0,45.0
30.0,-6.0,70.0,45.0
32.0,-6.0,70.0,409.0
-30.0,-4.0,70.0,89.0
-28.0,-4.0,70.0,89.0
-26.0,-4.0,70.0,89.0
-24.0,-4.0,70.0,527.0
-22.0,-4.0,70.0,527.0
-20.0,-4.0,70.0,527.0
-18.0,-4.0,70.0,527.0
-16.0,-4.0,70.0,527.0
-14.0,-4.0,70.0,384.0
-12.0,-4.0,70.0,384.0
-10.0,-4.0,70.0,384.0
-8.0,-4.0,70.0,384.0
-6.0,-4.0,70.0,18.0
-4.0,-4.0,70.0,18.0
2.0,-4.0,70.0,18.0
4.0,-4.0,70.0,382.0
6.0,-4.0,70.0,382.0
8.0,-4.0,70.0,382.0
10.0,-4.0,70.0,382.0
12.0,-4.0,70.0,382.0
14.0,-4.0,70.0,424.0
16.0,-4.0,70.0,424.0
18.0,-4.0,70.0,424.0
20.0,-4.0,70.0,45.0
22.0,-4.0,70.0,45.0
24.0,-4.0,70.0,45.0
26.0,-4.0,70.0,45.0
28.0,-4.0,70.0,45.0
30.0,-4.0,70.0,45.0
-30.0,-2.0,70.0,89.0
-28.0,-2.0,70.0,89.0
-26.0,-2.0,70.0,527.0
-24.0,-2.0,70.0,527.0
-22.0,-2.0,70.0,527.0
-20.0,-2.0,70.0,527.0
-18.0,-2.0,70.0,527.0
-16.0,-2.0,70.0,527.0
-14.0,-2.0,70.0,527.0
-12.0,-2.0,70.0,384.0
-10.0,-2.0,70.0,18.0
-8.0,-2.0,70.0,18.0
-6.0,-2.0,70.0,18.0
-4.0,-2.0,70.0,18.0
2.0,-2.0,70.0,18.0
4.0,-2.0,70.0,18.0
6.0,-2.0,70.0,424.0
8.0,-2.0,70.0,424.0
10.0,-2.0,70.0,424.0
12.0,-2.0,70.0,424.0
14.0,-2.0,70.0,424.0
16.0,-2.0,70.0,424.0
18.0,-2.0,70.0,424.0
20.0,-2.0,70.0,27.0
22.0,-2.0,70.0,45.0
24.0,-2.0,70.0,45.0
26.0,-2.0,70.0,45.0
28.0,-2.0,70.0,45.0
30.0,-2.0,70.0,45.0
-30.0,-0.0,70.0,333.0
-28.0,-0.0,70.0,89.0
-26.0,-0.0,70.0,527.0
-24.0,-0.0,70.0,527.0
-22.0,-0.0,70.0,527.0
-20.0,-0.0,70.0,527.0
-18.0,-0.0,70.0,527.0
-16.0,-0.0,70.0,527.0
-14.0,-0.0,70.0,527.0
-12.0,-0.0,70.0,18.0
-10.0,-0.0,70.0,18.0
-8.0,-0.0,70.0,18.0
-6.0,-0.0,70.0,18.0
-4.0,-0.0,70.0,18.0
2.0,-0.0,70.0,18.0
4.0,-0.0,70.0,18.0
6.0,-0.0,70.0,424.0
8.0,-0.0,70.0,424.0
10.0,-0.0,70.0,424.0
12.0,-0.0,70.0,424.0
14.0,-0.0,70.0,424.0
16.0,-0.0,70.0,424.0
18.0,-0.0,70.0,424.0
20.0,-0.0,70.0,27.0
22.0,-0.0,70.0,27.0
24.0,-0.0,70.0,45.0
26.0,-0.0,70.0,45.0
28.0,-0.0,70.0,45.0
30.0,-0.0,70.0,45.0
-30.0,2.0,70.0,340.0
-28.0,2.0,70.0,340.0
-26.0,2.0,70.0,340.0
-24.0,2.0,70.0,340.0
-22.0,2.0,70.0,527.0
-20.0,2.0,70.0,527.0
-18.0,2.0,70.0,527.0
-16.0,2.0,70.0,527.0
-14.0,2.0,70.0,527.0
-12.0,2.0,70.0,18.0
-10.0,2.0,70.0,18.0
-8.0,2.0,70.0,18.0
-6.0,2.0,70.0,18.0
-4.0,2.0,70.0,18.0
2.0,2.0,70.0,18.0
4.0,2.0,70.0,233.0
6.0,2.0,70.0,233.0
8.0,2.0,70.0,424.0
10.0,2.0,70.0,424.0
12.0,2.0,70.0,424.0
14.0,2.0,70.0,424.0
16.0,2.0,70.0,424.0
18.0,2.0,70.0,27.0
20.0,2.0,70.0,27.0
22.0,2.0,70.0,27.0
24.0,2.0,70.0,27.0
26.0,2.0,70.0,45.0
28.0,2.0,70.0,45.0
30.0,2.0,70.0,45.0
-28.0,4.0,70.0,340.0
-26.0,4.0,70.0,340.0
-24.0,4.0,70.0,340.0
-22.0,4.0,70.0,340.0
-20.0,4.0,70.0,340.0
-18.0,4.0,70.0,527.0
-16.0,4.0,70.0,527.0
-14.0,4.0,70.0,18.0
-12.0,4.0,70.0,18.0
-10.0,4.0,70.0,18.0
-8.0,4.0,70.0,18.0
-6.0,4.0,70.0,18.0
-4.0,4.0,70.0,18.0
2.0,4.0,70.0,233.0
4.0,4.0,70.0,233.0
6.0,4.0,70.0,233.0
8.0,4.0,70.0,233.0
10.0,4.0,70.0,424.0
12.0,4.0,70.0,424.0
14.0,4.0,70.0,424.0
16.0,4.0,70.0,27.0
18.0,4.0,70.0,27.0
20.0,4.0,70.0,27.0
22.0,4.0,70.0,27.0
24.0,4.0,70.0,27.0
26.0,4.0,70.0,494.0
28.0,4.0,70.0,494.0
-28.0,6.0,70.0,340.0
-26.0,6.0,70.0,340.0
-24.0,6.0,70.0,340.0
-22.0,6.0,70.0,340.0
-20.0,6.0,70.0,340.0
-18.0,6.0,70.0,340.0
-16.0,6.0,70.0,340.0
-14.0,6.0,70.0,18.0
-12.0,6.0,70.0,18.0
-10.0,6.0,70.0,18.0
-8.0,6.0,70.0,18.0
-6.0,6.0,70.0,18.0
-4.0,6.0,70.0,18.0
2.0,6.0,70.0,233.0
4.0,6.0,70.0,233.0
6.0,6.0,70.0,233.0
8.0,6.0,70.0,233.0
10.0,6.0,70.0,424.0
12.0,6.0,70.0,424.0
14.0,6.0,70.0,424.0
16.0,6.0,70.0,27.0
18.0,6.0,70.0,27.0
20.0,6.0,70.0,27.0
22.0,6.0,70.0,27.0
24.0,6.0,70.0,494.0
26.0,6.0,70.0,494.0
28.0,6.0,70.0,494.0
-26.0,8.0,70.0,340.0
-24.0,8.0,70.0,340.0
-22.0,8.0,70.0,340.0
-20.0,8.0,70.0,340.0
-18.0,8.0,70.0,340.0
-16.0,8.0,70.0,340.0
-14.0,8.0,70.0,18.0
-12.0,8.0,70.0,18.0
-10.0,8.0,70.0,18.0
-8.0,8.0,70.0,18.0
-6.0,8.0,70.0,18.0
-4.0,8.0,70.0,18.0
2.0,8.0,70.0,233.0
4.0,8.0,70.0,233.0
6.0,8.0,70.0,233.0
8.0,8.0,70.0,233.0
10.0,8.0,70.0,149.0
12.0,8.0,70.0,149.0
14.0,8.0,70.0,27.0
16.0,8.0,70.0,27.0
18.0,8.0,70.0,27.0
20.0,8.0,70.0,27.0
22.0,8.0,70.0,27.0
24.0,8.0,70.0,494.0
26.0,8.0,70.0,494.0
-24.0,10.0,70.0,340.0
-22.0,10.0,70.0,340.0
-20.0,10.0,70.0,340.0
-18.0,10.0,70.0,340.0
-16.0,10.0,70.0,340.0
-14.0,10.0,70.0,18.0
-12.0,10.0,70.0,18.0
-10.0,10.0,70.0,18.0
-8.0,10.0,70.0,18.0
-6.0,10.0,70.0,18.0
-4.0,10.0,70.0,18.0
2.0,10.0,70.0,233.0
4.0,10.0,70.0,233.0
6.0,10.0,70.0,233.0
8.0,10.0,70.0,149.0
10.0,10.0,70.0,149.0
12.0,10.0,70.0,149.0
14.0,10.0,70.0,185.0
16.0,10.0,70.0,27.0
18.0,10.0,70.0,27.0
20.0,10.0,70.0,27.0
22.0,10.0,70.0,494.0
24.0,10.0,70.0,494.0
-22.0,12.0,70.0,340.0
-20.0,12.0,70.0,340.0
-16.0,12.0,70.0,340.0
-14.0,12.0,70.0,340.0
-12.0,12.0,70.0,18.0
-10.0,12.0,70.0,18.0
-8.0,12.0,70.0,18.0
-6.0,12.0,70.0,18.0
-4.0,12.0,70.0,233.0
2.0,12.0,70.0,233.0
4.0,12.0,70.0,233.0
6.0,12.0,70.0,233.0
8.0,12.0,70.0,149.0
10.0,12.0,70.0,149.0
12.0,12.0,70.0,149.0
14.0,12.0,70.0,185.0
16.0,12.0,70.0,185.0
18.0,12.0,70.0,185.0
20.0,12.0,70.0,185.0
22.0,12.0,70.0,494.0
-14.0,14.0,70.0,585.0
-12.0,14.0,70.0,585.0
-10.0,14.0,70.0,585.0
-8.0,14.0,70.0,18.0
-6.0,14.0,70.0,18.0
2.0,14.0,70.0,233.0
4.0,14.0,70.0,233.0
6.0,14.0,70.0,149.0
8.0,14.0,70.0,149.0
10.0,14.0,70.0,149.0
12.0,14.0,70.0,149.0
16.0,14.0,70.0,185.0
18.0,14.0,70.0,185.0
-14.0,16.0,70.0,585.0
-12.0,16.0,70.0,585.0
-10.0,16.0,70.0,585.0
-8.0,16.0,70.0,585.0
-6.0,16.0,70.0,585.0
6.0,16.0,70.0,149.0
8.0,16.0,70.0,149.0
10.0,16.0,70.0,149.0
-12.0,18.0,70.0,585.0
-10.0,18.0,70.0,585.0
-8.0,18.0,70.0,585.0
8.0,18.0,70.0,149.0
-18.0,-62.0,72.0,113.0
-16.0,-62.0,72.0,113.0
-14.0,-62.0,72.0,113.0
-12.0,-62.0,72.0,348.0
10.0,-62.0,72.0,292.0
12.0,-62.0,72.0,292.0
14.0,-62.0,72.0,147.0
16.0,-62.0,72.0,147.0
-22.0,-60.0,72.0,87.0
-20.0,-60.0,72.0,87.0
-18.0,-60.0,72.0,113.0
-16.0,-60.0,72.0,348.0
-14.0,-60.0,72.0,348.0
-12.0,-60.0,72.0,348.0
-10.0,-60.0,72.0,348.0
8.0,-60.0,72.0,292.0
10.0,-60.0,72.0,292.0
12.0,-60.0,72.0,147.0
14.0,-60.0,72.0,147.0
16.0,-60.0,72.0,147.0
18.0,-60.0,72.0,147.0
20.0,-60.0,72.0,147.0
-24.0,-58.0,72.0,87.0
-22.0,-58.0,72.0,87.0
-20.0,-58.0,72.0,87.0
-18.0,-58.0,72.0,348.0
-16.0,-58.0,72.0,348.0
-14.0,-58.0,72.0,348.0
-12.0,-58.0,72.0,348.0
-10.0,-58.0,72.0,183.0
-8.0,-58.0,72.0,183.0
8.0,-58.0,72.0,292.0
10.0,-58.0,72.0,147.0
12.0,-58.0,72.0,147.0
14.0,-58.0,72.0,147.0
16.0,-58.0,72.0,147.0
18.0,-58.0,72.0,147.0
20.0,-58.0,72.0,147.0
22.0,-58.0,72.0,147.0
24.0,-58.0,72.0,147.0
-26.0,-56.0,72.0,87.0
-24.0,-56.0,72.0,87.0
-22.0,-56.0,72.0,87.0
-20.0,-56.0,72.0,87.0
-18.0,-56.0,72.0,183.0
-16.0,-56.0,72.0,183.0
-14.0,-56.0,72.0,183.0
-12.0,-56.0,72.0,183.0
-10.0,-56.0,72.0,183.0
-8.0,-56.0,72.0,183.0
6.0,-56.0,72.0,292.0
8.0,-56.0,72.0,147.0
10.0,-56.0,72.0,147.0
12.0,-56.0,72.0,147.0
14.0,-56.0,72.0,147.0
16.0,-56.0,72.0,147.0
18.0,-56.0,72.0,147.0
20.0,-56.0,72.0,147.0
22.0,-56.0,72.0,147.0
24.0,-56.0,72.0,147.0
26.0,-56.0,72.0,147.0
-28.0,-54.0,72.0,87.0
-26.0,-54.0,72.0,87.0
-24.0,-54.0,72.0,87.0
-22.0,-54.0,72.0,87.0
-20.0,-54.0,72.0,87.0
-18.0,-54.0,72.0,183.0
-16.0,-54.0,72.0,183.0
-14.0,-54.0,72.0,183.0
-12.0,-54.0,72.0,183.0
-10.0,-54.0,72.0,183.0
-8.0,-54.0,72.0,183.0
-6.0,-54.0,72.0,183.0
4.0,-54.0,72.0,292.0
6.0,-54.0,72.0,147.0
8.0,-54.0,72.0,147.0
10.0,-54.0,72.0,147.0
12.0,-54.0,72.0,147.0
14.0,-54.0,72.0,147.0
16.0,-54.0,72.0,147.0
18.0,-54.0,72.0,147.0
20.0,-54.0,72.0,147.0
22.0,-54.0,72.0,147.0
24.0,-54.0,72.0,147.0
26.0,-54.0,72.0,147.0
28.0,-54.0,72.0,498.0
-30.0,-52.0,72.0,87.0
-28.0,-52.0,72.0,87.0
-26.0,-52.0,72.0,87.0
-24.0,-52.0,72.0,87.0
-22.0,-52.0,72.0,87.0
-20.0,-52.0,72.0,87.0
-18.0,-52.0,72.0,183.0
-16.0,-52.0,72.0,183.0
-14.0,-52.0,72.0,183.0
-12.0,-52.0,72.0,183.0
-10.0,-52.0,72.0,183.0
-8.0,-52.0,72.0,183.0
4.0,-52.0,72.0,147.0
6.0,-52.0,72.0,147.0
8.0,-52.0,72.0,147.0
10.0,-52.0,72.0,147.0
12.0,-52.0,72.0,147.0
14.0,-52.0,72.0,147.0
16.0,-52.0,72.0,147.0
18.0,-52.0,72.0,147.0
20.0,-52.0,72.0,147.0
22.0,-52.0,72.0,147.0
24.0,-52.0,72.0,147.0
26.0,-52.0,72.0,498.0
28.0,-52.0,72.0,498.0
30.0,-52.0,72.0,498.0
-30.0,-50.0,72.0,87.0
-28.0,-50.0,72.0,87.0
-26.0,-50.0,72.0,87.0
-24.0,-50.0,72.0,87.0
-22.0,-50.0,72.0,87.0
-20.0,-50.0,72.0,140.0
-18.0,-50.0,72.0,183.0
-16.0,-50.0,72.0,183.0
-14.0,-50.0,72.0,183.0
-12.0,-50.0,72.0,183.0
-10.0,-50.0,72.0,183.0
-8.0,-50.0,72.0,183.0
4.0,-50.0,72.0,208.0
6.0,-50.0,72.0,208.0
8.0,-50.0,72.0,208.0
10.0,-50.0,72.0,147.0
12.0,-50.0,72.0,147.0
14.0,-50.0,72.0,147.0
16.0,-50.0,72.0,147.0
18.0,-50.0,72.0,147.0
20.0,-50.0,72.0,147.0
22.0,-50.0,72.0,498.0
24.0,-50.0,72.0,498.0
26.0,-50.0,72.0,498.0
28.0,-50.0,72.0,498.0
30.0,-50.0,72.0,498.0
-32.0,-48.0,72.0,87.0
-30.0,-48.0,72.0,87.0
-28.0,-48.0,72.0,283.0
-26.0,-48.0,72.0,283.0
-24.0,-48.0,72.0,283.0
-22.0,-48.0,72.0,140.0
-20.0,-48.0,72.0,140.0
-18.0,-48.0,72.0,183.0
-16.0,-48.0,72.0,183.0
-14.0,-48.0,72.0,183.0
-12.0,-48.0,72.0,183.0
-10.0,-48.0,72.0,183.0
-8.0,-48.0,72.0,183.0
4.0,-48.0,72.0,208.0
6.0,-48.0,72.0,208.0
8.0,-48.0,72.0,208.0
10.0,-48.0,72.0,208.0
12.0,-48.0,72.0,530.0
14.0,-48.0,72.0,530.0
16.0,-48.0,72.0,530.0
18.0,-48.0,72.0,530.0
20.0,-48.0,72.0,498.0
22.0,-48.0,72.0,498.0
24.0,-48.0,72.0,498.0
26.0,-48.0,72.0,498.0
28.0,-48.0,72.0,498.0
30.0,-48.0,72.0,498.0
32.0,-48.0,72.0,498.0
-34.0,-46.0,72.0,283.0
-32.0,-46.0,72.0,283.0
-30.0,-46.0,72.0,283.0
-28.0,-46.0,72.0,283.0
-26.0,-46.0,72.0,283.0
-24.0,-46.0,72.0,283.0
-22.0,-46.0,72.0,140.0
-20.0,-46.0,72.0,140.0
-18.0,-46.0,72.0,140.0
-16.0,-46.0,72.0,183.0
-14.0,-46.0,72.0,183.0
-12.0,-46.0,72.0,183.0
-10.0,-46.0,72.0,183.0
-8.0,-46.0,72.0,183.0
4.0,-46.0,72.0,208.0
6.0,-46.0,72.0,208.0
8.0,-46.0,72.0,208.0
10.0,-46.0,72.0,208.0
12.0,-46.0,72.0,530.0
14.0,-46.0,72.0,530.0
16.0,-46.0,72.0,530.0
18.0,-46.0,72.0,530.0
20.0,-46.0,72.0,498.0
22.0,-46.0,72.0,498.0
24.0,-46.0,72.0,498.0
26.0,-46.0,72.0,498.0
28.0,-46.0,72.0,498.0
30.0,-46.0,72.0,498.0
32.0,-46.0,72.0,498.0
-34.0,-44.0,72.0,283.0
-32.0,-44.0,72.0,283.0
-30.0,-44.0,72.0,283.0
-28.0,-44.0,72.0,283.0
-26.0,-44.0,72.0,283.0
-24.0,-44.0,72.0,283.0
-22.0,-44.0,72.0,140.0
-20.0,-44.0,72.0,140.0
-18.0,-44.0,72.0,140.0
-16.0,-44.0,72.0,140.0
-14.0,-44.0,72.0,183.0
-12.0,-44.0,72.0,183.0
-10.0,-44.0,72.0,183.0
-8.0,-44.0,72.0,183.0
2.0,-44.0,72.0,208.0
4.0,-44.0,72.0,208.0
6.0,-44.0,72.0,208.0
8.0,-44.0,72.0,208.0
10.0,-44.0,72.0,208.0
12.0,-44.0,72.0,208.0
14.0,-44.0,72.0,530.0
16.0,-44.0,72.0,530.0
18.0,-44.0,72.0,530.0
20.0,-44.0,72.0,498.0
22.0,-44.0,72.0,498.0
24.0,-44.0,72.0,498.0
26.0,-44.0,72.0,498.0
28.0,-44.0,72.0,498.0
30.0,-44.0,72.0,498.0
32.0,-44.0,72.0,498.0
-36.0,-42.0,72.0,283.0
-34.0,-42.0,72.0,283.0
-32.0,-42.0,72.0,283.0
-30.0,-42.0,72.0,283.0
-28.0,-42.0,72.0,283.0
-26.0,-42.0,72.0,283.0
-24.0,-42.0,72.0,283.0
-22.0,-42.0,72.0,140.0
-20.0,-42.0,72.0,140.0
-18.0,-42.0,72.0,140.0
-16.0,-42.0,72.0,140.0
-14.0,-42.0,72.0,140.0
-12.0,-42.0,72.0,405.0
2.0,-42.0,72.0,208.0
4.0,-42.0,72.0,208.0
6.0,-42.0,72.0,208.0
8.0,-42.0,72.0,208.0
10.0,-42.0,72.0,208.0
12.0,-42.0,72.0,208.0
14.0,-42.0,72.0,530.0
16.0,-42.0,72.0,530.0
18.0,-42.0,72.0,530.0
20.0,-42.0,72.0,498.0
22.0,-42.0,72.0,498.0
24.0,-42.0,72.0,498.0
26.0,-42.0,72.0,498.0
28.0,-42.0,72.0,498.0
30.0,-42.0,72.0,498.0
32.0,-42.0,72.0,498.0
34.0,-42.0,72.0,498.0
-36.0,-40.0,72.0,283.0
-34.0,-40.0,72.0,283.0
-32.0,-40.0,72.0,283.0
-30.0,-40.0,72.0,283.0
-28.0,-40.0,72.0,283.0
-26.0,-40.0,72.0,283.0
-24.0,-40.0,72.0,283.0
-22.0,-40.0,72.0,140.0
-20.0,-40.0,72.0,140.0
-18.0,-40.0,72.0,140.0
-6.0,-40.0,72.0,177.0
-4.0,-40.0,72.0,177.0
2.0,-40.0,72.0,465.0
4.0,-40.0,72.0,208.0
6.0,-40.0,72.0,208.0
8.0,-40.0,72.0,208.0
10.0,-40.0,72.0,208.0
12.0,-40.0,72.0,208.0
14.0,-40.0,72.0,530.0
18.0,-40.0,72.0,25.0
20.0,-40.0,72.0,498.0
22.0,-40.0,72.0,498.0
24.0,-40.0,72.0,498.0
26.0,-40.0,72.0,498.0
28.0,-40.0,72.0,498.0
30.0,-40.0,72.0,498.0
32.0,-40.0,72.0,498.0
34.0,-40.0,72.0,498.0
-36.0,-38.0,72.0,283.0
-34.0,-38.0,72.0,283.0
-32.0,-38.0,72.0,283.0
-30.0,-38.0,72.0,283.0
-28.0,-38.0,72.0,283.0
-26.0,-38.0,72.0,283.0
-24.0,-38.0,72.0,283.0
-22.0,-38.0,72.0,140.0
-20.0,-38.0,72.0,140.0
-10.0,-38.0,72.0,177.0
-8.0,-38.0,72.0,177.0
-6.0,-38.0,72.0,177.0
-4.0,-38.0,72.0,177.0
-2.0,-38.0,72.0,177.0
2.0,-38.0,72.0,465.0
4.0,-38.0,72.0,465.0
6.0,-38.0,72.0,465.0
8.0,-38.0,72.0,208.0
10.0,-38.0,72.0,208.0
12.0,-38.0,72.0,208.0
14.0,-38.0,72.0,208.0
16.0,-38.0,72.0,25.0
18.0,-38.0,72.0,25.0
20.0,-38.0,72.0,25.0
22.0,-38.0,72.0,498.0
24.0,-38.0,72.0,498.0
26.0,-38.0,72.0,498.0
28.0,-38.0,72.0,498.0
30.0,-38.0,72.0,498.0
32.0,-38.0,72.0,498.0
34.0,-38.0,72.0,498.0
-36.0,-36.0,72.0,283.0
-34.0,-36.0,72.0,283.0
-32.0,-36.0,72.0,283.0
-30.0,-36.0,72.0,283.0
-28.0,-36.0,72.0,283.0
-26.0,-36.0,72.0,283.0
-24.0,-36.0,72.0,283.0
-18.0,-36.0,72.0,140.0
-12.0,-36.0,72.0,177.0
-10.0,-36.0,72.0,177.0
-8.0,-36.0,72.0,177.0
-6.0,-36.0,72.0,177.0
-4.0,-36.0,72.0,177.0
-2.0,-36.0,72.0,177.0
0.0,-36.0,72.0,465.0
2.0,-36.0,72.0,465.0
4.0,-36.0,72.0,465.0
6.0,-36.0,72.0,465.0
8.0,-36.0,72.0,465.0
10.0,-36.0,72.0,103.0
12.0,-36.0,72.0,103.0
14.0,-36.0,72.0,65.0
16.0,-36.0,72.0,25.0
20.0,-36.0,72.0,25.0
22.0,-36.0,72.0,25.0
24.0,-36.0,72.0,498.0
26.0,-36.0,72.0,498.0
28.0,-36.0,72.0,498.0
30.0,-36.0,72.0,498.0
32.0,-36.0,72.0,498.0
34.0,-36.0,72.0,498.0
-36.0,-34.0,72.0,283.0
-34.0,-34.0,72.0,283.0
-32.0,-34.0,72.0,283.0
-30.0,-34.0,72.0,283.0
-28.0,-34.0,72.0,283.0
-26.0,-34.0,72.0,283.0
-20.0,-34.0,72.0,140.0
-18.0,-34.0,72.0,374.0
-16.0,-34.0,72.0,374.0
-14.0,-34.0,72.0,374.0
-12.0,-34.0,72.0,385.0
-10.0,-34.0,72.0,385.0
-8.0,-34.0,72.0,385.0
-6.0,-34.0,72.0,177.0
-4.0,-34.0,72.0,177.0
0.0,-34.0,72.0,465.0
2.0,-34.0,72.0,465.0
4.0,-34.0,72.0,465.0
6.0,-34.0,72.0,465.0
8.0,-34.0,72.0,103.0
10.0,-34.0,72.0,103.0
12.0,-34.0,72.0,103.0
14.0,-34.0,72.0,226.0
16.0,-34.0,72.0,226.0
18.0,-34.0,72.0,226.0
20.0,-34.0,72.0,25.0
22.0,-34.0,72.0,25.0
24.0,-34.0,72.0,25.0
26.0,-34.0,72.0,498.0
28.0,-34.0,72.0,498.0
30.0,-34.0,72.0,498.0
32.0,-34.0,72.0,498.0
34.0,-34.0,72.0,498.0
-36.0,-32.0,72.0,283.0
-34.0,-32.0,72.0,283.0
-32.0,-32.0,72.0,283.0
-30.0,-32.0,72.0,283.0
-28.0,-32.0,72.0,283.0
-26.0,-32.0,72.0,283.0
-22.0,-32.0,72.0,374.0
-20.0,-32.0,72.0,374.0
-18.0,-32.0,72.0,374.0
-16.0,-32.0,72.0,374.0
-14.0,-32.0,72.0,385.0
-12.0,-32.0,72.0,385.0
-8.0,-32.0,72.0,385.0
-6.0,-32.0,72.0,385.0
-4.0,-32.0,72.0,385.0
0.0,-32.0,72.0,465.0
2.0,-32.0,72.0,465.0
4.0,-32.0,72.0,103.0
6.0,-32.0,72.0,103.0
8.0,-32.0,72.0,103.0
10.0,-32.0,72.0,103.0
12.0,-32.0,72.0,103.0
14.0,-32.0,72.0,226.0
16.0,-32.0,72.0,226.0
18.0,-32.0,72.0,226.0
20.0,-32.0,72.0,226.0
22.0,-32.0,72.0,172.0
24.0,-32.0,72.0,172.0
26.0,-32.0,72.0,172.0
28.0,-32.0,72.0,172.0
30.0,-32.0,72.0,172.0
32.0,-32.0,72.0,498.0
34.0,-32.0,72.0,498.0
-26.0,-30.0,72.0,283.0
-24.0,-30.0,72.0,374.0
-22.0,-30.0,72.0,374.0
-20.0,-30.0,72.0,374.0
-18.0,-30.0,72.0,374.0
-16.0,-30.0,72.0,374.0
-14.0,-30.0,72.0,385.0
-8.0,-30.0,72.0,385.0
-6.0,-30.0,72.0,385.0
-4.0,-30.0,72.0,385.0
2.0,-30.0,72.0,103.0
4.0,-30.0,72.0,103.0
6.0,-30.0,72.0,103.0
8.0,-30.0,72.0,103.0
10.0,-30.0,72.0,103.0
12.0,-30.0,72.0,103.0
14.0,-30.0,72.0,226.0
16.0,-30.0,72.0,226.0
18.0,-30.0,72.0,226.0
20.0,-30.0,72.0,172.0
24.0,-30.0,72.0,172.0
26.0,-30.0,72.0,172.0
28.0,-30.0,72.0,172.0
30.0,-30.0,72.0,172.0
32.0,-30.0,72.0,172.0
34.0,-30.0,72.0,172.0
36.0,-30.0,72.0,32.0
-28.0,-28.0,72.0,283.0
-26.0,-28.0,72.0,374.0
-24.0,-28.0,72.0,374.0
-22.0,-28.0,72.0,374.0
-20.0,-28.0,72.0,374.0
-18.0,-28.0,72.0,374.0
-16.0,-28.0,72.0,337.0
-14.0,-28.0,72.0,337.0
-12.0,-28.0,72.0,337.0
-8.0,-28.0,72.0,385.0
-6.0,-28.0,72.0,385.0
-4.0,-28.0,72.0,385.0
2.0,-28.0,72.0,103.0
4.0,-28.0,72.0,103.0
6.0,-28.0,72.0,103.0
8.0,-28.0,72.0,103.0
10.0,-28.0,72.0,103.0
12.0,-28.0,72.0,103.0
14.0,-28.0,72.0,226.0
16.0,-28.0,72.0,226.0
18.0,-28.0,72.0,226.0
20.0,-28.0,72.0,172.0
22.0,-28.0,72.0,172.0
-34.0,-26.0,72.0,432.0
-32.0,-26.0,72.0,432.0
-30.0,-26.0,72.0,283.0
-28.0,-26.0,72.0,283.0
-26.0,-26.0,72.0,374.0
-24.0,-26.0,72.0,374.0
-22.0,-26.0,72.0,374.0
-20.0,-26.0,72.0,374.0
-18.0,-26.0,72.0,337.0
-16.0,-26.0,72.0,337.0
-14.0,-26.0,72.0,337.0
-12.0,-26.0,72.0,337.0
-8.0,-26.0,72.0,337.0
-6.0,-26.0,72.0,337.0
-4.0,-26.0,72.0,337.0
2.0,-26.0,72.0,103.0
4.0,-26.0,72.0,103.0
6.0,-26.0,72.0,103.0
8.0,-26.0,72.0,103.0
10.0,-26.0,72.0,103.0
12.0,-26.0,72.0,226.0
14.0,-26.0,72.0,226.0
16.0,-26.0,72.0,226.0
18.0,-26.0,72.0,172.0
20.0,-26.0,72.0,172.0
22.0,-26.0,72.0,172.0
24.0,-26.0,72.0,172.0
26.0,-26.0,72.0,172.0
28.0,-26.0,72.0,172.0
30.0,-26.0,72.0,172.0
32.0,-26.0,72.0,172.0
34.0,-26.0,72.0,315.0
36.0,-26.0,72.0,315.0
-34.0,-24.0,72.0,432.0
-32.0,-24.0,72.0,432.0
-30.0,-24.0,72.0,432.0
-28.0,-24.0,72.0,485.0
-26.0,-24.0,72.0,374.0
-24.0,-24.0,72.0,374.0
-22.0,-24.0,72.0,374.0
-20.0,-24.0,72.0,337.0
-18.0,-24.0,72.0,337.0
-16.0,-24.0,72.0,337.0
-14.0,-24.0,72.0,337.0
-12.0,-24.0,72.0,337.0
-10.0,-24.0,72.0,337.0
-8.0,-24.0,72.0,337.0
-6.0,-24.0,72.0,337.0
-4.0,-24.0,72.0,337.0
-2.0,-24.0,72.0,337.0
0.0,-24.0,72.0,103.0
2.0,-24.0,72.0,103.0
4.0,-24.0,72.0,103.0
6.0,-24.0,72.0,103.0
8.0,-24.0,72.0,103.0
10.0,-24.0,72.0,376.0
12.0,-24.0,72.0,376.0
14.0,-24.0,72.0,226.0
16.0,-24.0,72.0,226.0
18.0,-24.0,72.0,172.0
20.0,-24.0,72.0,172.0
22.0,-24.0,72.0,172.0
24.0,-24.0,72.0,172.0
26.0,-24.0,72.0,172.0
28.0,-24.0,72.0,172.0
30.0,-24.0,72.0,172.0
32.0,-24.0,72.0,315.0
34.0,-24.0,72.0,315.0
-36.0,-22.0,72.0,432.0
-34.0,-22.0,72.0,432.0
-32.0,-22.0,72.0,432.0
-30.0,-22.0,72.0,485.0
-28.0,-22.0,72.0,485.0
-26.0,-22.0,72.0,485.0
-24.0,-22.0,72.0,485.0
-22.0,-22.0,72.0,337.0
-20.0,-22.0,72.0,337.0
-18.0,-22.0,72.0,337.0
-16.0,-22.0,72.0,337.0
-14.0,-22.0,72.0,337.0
-12.0,-22.0,72.0,337.0
-10.0,-22.0,72.0,337.0
-8.0,-22.0,72.0,337.0
-6.0,-22.0,72.0,337.0
-4.0,-22.0,72.0,337.0
-2.0,-22.0,72.0,130.0
0.0,-22.0,72.0,130.0
2.0,-22.0,72.0,130.0
4.0,-22.0,72.0,103.0
6.0,-22.0,72.0,376.0
8.0,-22.0,72.0,376.0
10.0,-22.0,72.0,376.0
12.0,-22.0,72.0,376.0
14.0,-22.0,72.0,376.0
16.0,-22.0,72.0,172.0
18.0,-22.0,72.0,172.0
20.0,-22.0,72.0,172.0
22.0,-22.0,72.0,172.0
24.0,-22.0,72.0,172.0
26.0,-22.0,72.0,172.0
28.0,-22.0,72.0,172.0
30.0,-22.0,72.0,315.0
32.0,-22.0,72.0,315.0
34.0,-22.0,72.0,315.0
-36.0,-20.0,72.0,432.0
-34.0,-20.0,72.0,432.0
-32.0,-20.0,72.0,432.0
-30.0,-20.0,72.0,485.0
-28.0,-20.0,72.0,485.0
-26.0,-20.0,72.0,485.0
-24.0,-20.0,72.0,485.0
-22.0,-20.0,72.0,485.0
-20.0,-20.0,72.0,337.0
-18.0,-20.0,72.0,337.0
-16.0,-20.0,72.0,337.0
-14.0,-20.0,72.0,337.0
-12.0,-20.0,72.0,337.0
-10.0,-20.0,72.0,337.0
-8.0,-20.0,72.0,337.0
-6.0,-20.0,72.0,337.0
-4.0,-20.0,72.0,130.0
-2.0,-20.0,72.0,130.0
2.0,-20.0,72.0,130.0
4.0,-20.0,72.0,376.0
6.0,-20.0,72.0,376.0
8.0,-20.0,72.0,376.0
10.0,-20.0,72.0,376.0
12.0,-20.0,72.0,376.0
14.0,-20.0,72.0,376.0
16.0,-20.0,72.0,376.0
18.0,-20.0,72.0,172.0
20.0,-20.0,72.0,172.0
22.0,-20.0,72.0,172.0
24.0,-20.0,72.0,172.0
26.0,-20.0,72.0,172.0
28.0,-20.0,72.0,315.0
30.0,-20.0,72.0,315.0
32.0,-20.0,72.0,315.0
34.0,-20.0,72.0,315.0
-34.0,-18.0,72.0,432.0
-32.0,-18.0,72.0,432.0
-30.0,-18.0,72.0,485.0
-28.0,-18.0,72.0,485.0
-26.0,-18.0,72.0,485.0
-24.0,-18.0,72.0,485.0
-22.0,-18.0,72.0,249.0
-20.0,-18.0,72.0,249.0
-18.0,-18.0,72.0,337.0
-16.0,-18.0,72.0,337.0
-14.0,-18.0,72.0,337.0
-12.0,-18.0,72.0,337.0
-10.0,-18.0,72.0,337.0
-8.0,-18.0,72.0,337.0
-6.0,-18.0,72.0,130.0
-4.0,-18.0,72.0,130.0
-2.0,-18.0,72.0,130.0
2.0,-18.0,72.0,130.0
4.0,-18.0,72.0,130.0
6.0,-18.0,72.0,376.0
8.0,-18.0,72.0,376.0
10.0,-18.0,72.0,376.0
12.0,-18.0,72.0,376.0
14.0,-18.0,72.0,376.0
16.0,-18.0,72.0,376.0
18.0,-18.0,72.0,376.0
20.0,-18.0,72.0,172.0
22.0,-18.0,72.0,172.0
24.0,-18.0,72.0,172.0
26.0,-18.0,72.0,315.0
28.0,-18.0,72.0,315.0
30.0,-18.0,72.0,315.0
32.0,-18.0,72.0,315.0
34.0,-18.0,72.0,315.0
-34.0,-16.0,72.0,432.0
-32.0,-16.0,72.0,432.0
-30.0,-16.0,72.0,485.0
-28.0,-16.0,72.0,485.0
-26.0,-16.0,72.0,485.0
-24.0,-16.0,72.0,485.0
-22.0,-16.0,72.0,249.0
-20.0,-16.0,72.0,249.0
-18.0,-16.0,72.0,249.0
-16.0,-16.0,72.0,491.0
-14.0,-16.0,72.0,491.0
-12.0,-16.0,72.0,491.0
-10.0,-16.0,72.0,491.0
-8.0,-16.0,72.0,130.0
-6.0,-16.0,72.0,130.0
-4.0,-16.0,72.0,130.0
-2.0,-16.0,72.0,130.0
2.0,-16.0,72.0,130.0
4.0,-16.0,72.0,130.0
6.0,-16.0,72.0,376.0
8.0,-16.0,72.0,376.0
10.0,-16.0,72.0,376.0
12.0,-16.0,72.0,376.0
14.0,-16.0,72.0,376.0
16.0,-16.0,72.0,376.0
18.0,-16.0,72.0,376.0
20.0,-16.0,72.0,376.0
22.0,-16.0,72.0,172.0
24.0,-16.0,72.0,315.0
26.0,-16.0,72.0,315.0
28.0,-16.0,72.0,315.0
30.0,-16.0,72.0,315.0
32.0,-16.0,72.0,315.0
-34.0,-14.0,72.0,432.0
-32.0,-14.0,72.0,432.0
-30.0,-14.0,72.0,485.0
-28.0,-14.0,72.0,485.0
-26.0,-14.0,72.0,485.0
-24.0,-14.0,72.0,485.0
-22.0,-14.0,72.0,249.0
-20.0,-14.0,72.0,249.0
-18.0,-14.0,72.0,249.0
-16.0,-14.0,72.0,491.0
-14.0,-14.0,72.0,491.0
-12.0,-14.0,72.0,491.0
-10.0,-14.0,72.0,491.0
-8.0,-14.0,72.0,491.0
-6.0,-14.0,72.0,130.0
-4.0,-14.0,72.0,130.0
-2.0,-14.0,72.0,130.0
2.0,-14.0,72.0,130.0
4.0,-14.0,72.0,130.0
6.0,-14.0,72.0,376.0
8.0,-14.0,72.0,376.0
10.0,-14.0,72.0,376.0
12.0,-14.0,72.0,376.0
14.0,-14.0,72.0,376.0
16.0,-14.0,72.0,376.0
18.0,-14.0,72.0,376.0
20.0,-14.0,72.0,376.0
22.0,-14.0,72.0,315.0
24.0,-14.0,72.0,315.0
26.0,-14.0,72.0,315.0
28.0,-14.0,72.0,315.0
30.0,-14.0,72.0,315.0
32.0,-14.0,72.0,315.0
-32.0,-12.0,72.0,432.0
-30.0,-12.0,72.0,89.0
-28.0,-12.0,72.0,89.0
-26.0,-12.0,72.0,89.0
-24.0,-12.0,72.0,89.0
-22.0,-12.0,72.0,249.0
-20.0,-12.0,72.0,249.0
-18.0,-12.0,72.0,384.0
-16.0,-12.0,72.0,491.0
-14.0,-12.0,72.0,491.0
-12.0,-12.0,72.0,491.0
-10.0,-12.0,72.0,491.0
-8.0,-12.0,72.0,491.0
-6.0,-12.0,72.0,491.0
-4.0,-12.0,72.0,130.0
2.0,-12.0,72.0,130.0
4.0,-12.0,72.0,130.0
6.0,-12.0,72.0,382.0
8.0,-12.0,72.0,382.0
10.0,-12.0,72.0,382.0
12.0,-12.0,72.0,382.0
14.0,-12.0,72.0,382.0
16.0,-12.0,72.0,382.0
18.0,-12.0,72.0,382.0
20.0,-12.0,72.0,382.0
22.0,-12.0,72.0,315.0
24.0,-12.0,72.0,315.0
26.0,-12.0,72.0,315.0
28.0,-12.0,72.0,315.0
30.0,-12.0,72.0,315.0
32.0,-12.0,72.0,315.0
-32.0,-10.0,72.0,89.0
-30.0,-10.0,72.0,89.0
-28.0,-10.0,72.0,89.0
-26.0,-10.0,72.0,89.0
-24.0,-10.0,72.0,89.0
-22.0,-10.0,72.0,527.0
-20.0,-10.0,72.0,527.0
-18.0,-10.0,72.0,527.0
-16.0,-10.0,72.0,384.0
-14.0,-10.0,72.0,491.0
-12.0,-10.0,72.0,491.0
-10.0,-10.0,72.0,491.0
-8.0,-10.0,72.0,491.0
-6.0,-10.0,72.0,491.0
-4.0,-10.0,72.0,491.0
2.0,-10.0,72.0,130.0
4.0,-10.0,72.0,382.0
6.0,-10.0,72.0,382.0
8.0,-10.0,72.0,382.0
10.0,-10.0,72.0,382.0
12.0,-10.0,72.0,382.0
14.0,-10.0,72.0,382.0
16.0,-10.0,72.0,382.0
18.0,-10.0,72.0,382.0
20.0,-10.0,72.0,382.0
22.0,-10.0,72.0,45.0
24.0,-10.0,72.0,315.0
26.0,-10.0,72.0,315.0
28.0,-10.0,72.0,315.0
30.0,-10.0,72.0,315.0
-30.0,-8.0,72.0,89.0
-28.0,-8.0,72.0,89.0
-26.0,-8.0,72.0,89.0
-24.0,-8.0,72.0,527.0
-22.0,-8.0,72.0,527.0
-20.0,-8.0,72.0,527.0
-18.0,-8.0,72.0,527.0
-16.0,-8.0,72.0,384.0
-14.0,-8.0,72.0,491.0
-12.0,-8.0,72.0,491.0
-10.0,-8.0,72.0,491.0
-8.0,-8.0,72.0,491.0
-6.0,-8.0,72.0,491.0
-4.0,-8.0,72.0,491.0
2.0,-8.0,72.0,130.0
4.0,-8.0,72.0,382.0
6.0,-8.0,72.0,382.0
8.0,-8.0,72.0,382.0
10.0,-8.0,72.0,382.0
12.0,-8.0,72.0,382.0
14.0,-8.0,72.0,382.0
16.0,-8.0,72.0,382.0
18.0,-8.0,72.0,382.0
20.0,-8.0,72.0,382.0
22.0,-8.0,72.0,45.0
24.0,-8.0,72.0,45.0
26.0,-8.0,72.0,45.0
28.0,-8.0,72.0,45.0
-28.0,-6.0,72.0,89.0
-26.0,-6.0,72.0,89.0
-24.0,-6.0,72.0,527.0
-22.0,-6.0,72.0,527.0
-20.0,-6.0,72.0,527.0
-18.0,-6.0,72.0,527.0
-16.0,-6.0,72.0,527.0
-14.0,-6.0,72.0,384.0
-12.0,-6.0,72.0,491.0
-10.0,-6.0,72.0,491.0
-8.0,-6.0,72.0,491.0
-6.0,-6.0,72.0,491.0
-4.0,-6.0,72.0,491.0
2.0,-6.0,72.0,130.0
4.0,-6.0,72.0,382.0
6.0,-6.0,72.0,382.0
8.0,-6.0,72.0,382.0
10.0,-6.0,72.0,382.0
12.0,-6.0,72.0,382.0
14.0,-6.0,72.0,382.0
16.0,-6.0,72.0,382.0
18.0,-6.0,72.0,382.0
20.0,-6.0,72.0,45.0
22.0,-6.0,72.0,45.0
24.0,-6.0,72.0,45.0
26.0,-6.0,72.0,45.0
28.0,-6.0,72.0,45.0
-28.0,-4.0,72.0,89.0
-26.0,-4.0,72.0,527.0
-24.0,-4.0,72.0,527.0
-22.0,-4.0,72.0,527.0
-20.0,-4.0,72.0,527.0
-18.0,-4.0,72.0,527.0
-16.0,-4.0,72.0,527.0
-14.0,-4.0,72.0,384.0
-12.0,-4.0,72.0,491.0
-10.0,-4.0,72.0,491.0
-8.0,-4.0,72.0,491.0
-6.0,-4.0,72.0,491.0
-4.0,-4.0,72.0,18.0
2.0,-4.0,72.0,18.0
4.0,-4.0,72.0,382.0
6.0,-4.0,72.0,382.0
8.0,-4.0,72.0,382.0
10.0,-4.0,72.0,382.0
12.0,-4.0,72.0,382.0
14.0,-4.0,72.0,424.0
16.0,-4.0,72.0,424.0
18.0,-4.0,72.0,424.0
20.0,-4.0,72.0,45.0
22.0,-4.0,72.0,45.0
24.0,-4.0,72.0,45.0
26.0,-4.0,72.0,45.0
28.0,-4.0,72.0,45.0
-28.0,-2.0,72.0,89.0
-26.0,-2.0,72.0,527.0
-24.0,-2.0,72.0,527.0
-22.0,-2.0,72.0,527.0
-20.0,-2.0,72.0,527.0
-18.0,-2.0,72.0,527.0
-16.0,-2.0,72.0,527.0
-14.0,-2.0,72.0,527.0
-12.0,-2.0,72.0,384.0
-10.0,-2.0,72.0,491.0
-8.0,-2.0,72.0,18.0
-6.0,-2.0,72.0,18.0
-4.0,-2.0,72.0,18.0
2.0,-2.0,72.0,18.0
4.0,-2.0,72.0,18.0
6.0,-2.0,72.0,424.0
8.0,-2.0,72.0,424.0
10.0,-2.0,72.0,424.0
12.0,-2.0,72.0,424.0
14.0,-2.0,72.0,424.0
16.0,-2.0,72.0,424.0
18.0,-2.0,72.0,424.0
20.0,-2.0,72.0,27.0
22.0,-2.0,72.0,45.0
24.0,-2.0,72.0,45.0
26.0,-2.0,72.0,45.0
-28.0,-0.0,72.0,340.0
-26.0,-0.0,72.0,527.0
-24.0,-0.0,72.0,527.0
-22.0,-0.0,72.0,527.0
-20.0,-0.0,72.0,527.0
-18.0,-0.0,72.0,527.0
-16.0,-0.0,72.0,527.0
-14.0,-0.0,72.0,527.0
-12.0,-0.0,72.0,18.0
-10.0,-0.0,72.0,18.0
-8.0,-0.0,72.0,18.0
-6.0,-0.0,72.0,18.0
-4.0,-0.0,72.0,18.0
2.0,-0.0,72.0,18.0
4.0,-0.0,72.0,233.0
6.0,-0.0,72.0,233.0
8.0,-0.0,72.0,424.0
10.0,-0.0,72.0,424.0
12.0,-0.0,72.0,424.0
14.0,-0.0,72.0,424.0
16.0,-0.0,72.0,424.0
18.0,-0.0,72.0,27.0
20.0,-0.0,72.0,27.0
22.0,-0.0,72.0,27.0
24.0,-0.0,72.0,45.0
26.0,-0.0,72.0,45.0
-26.0,2.0,72.0,340.0
-24.0,2.0,72.0,340.0
-22.0,2.0,72.0,527.0
-20.0,2.0,72.0,527.0
-18.0,2.0,72.0,527.0
-16.0,2.0,72.0,527.0
-14.0,2.0,72.0,18.0
-12.0,2.0,72.0,18.0
-10.0,2.0,72.0,18.0
-8.0,2.0,72.0,18.0
-6.0,2.0,72.0,18.0
-4.0,2.0,72.0,18.0
2.0,2.0,72.0,233.0
4.0,2.0,72.0,233.0
6.0,2.0,72.0,233.0
8.0,2.0,72.0,424.0
10.0,2.0,72.0,424.0
12.0,2.0,72.0,424.0
14.0,2.0,72.0,424.0
16.0,2.0,72.0,27.0
18.0,2.0,72.0,27.0
20.0,2.0,72.0,27.0
22.0,2.0,72.0,27.0
24.0,2.0,72.0,27.0
-24.0,4.0,72.0,340.0
-22.0,4.0,72.0,340.0
-20.0,4.0,72.0,340.0
-18.0,4.0,72.0,340.0
-16.0,4.0,72.0,527.0
-14.0,4.0,72.0,18.0
-12.0,4.0,72.0,18.0
-10.0,4.0,72.0,18.0
-8.0,4.0,72.0,18.0
-6.0,4.0,72.0,18.0
-4.0,4.0,72.0,18.0
2.0,4.0,72.0,233.0
4.0,4.0,72.0,233.0
6.0,4.0,72.0,233.0
8.0,4.0,72.0,233.0
10.0,4.0,72.0,424.0
12.0,4.0,72.0,424.0
14.0,4.0,72.0,424.0
16.0,4.0,72.0,27.0
18.0,4.0,72.0,27.0
20.0,4.0,72.0,27.0
22.0,4.0,72.0,27.0
24.0,4.0,72.0,27.0
-24.0,6.0,72.0,340.0
-22.0,6.0,72.0,340.0
-20.0,6.0,72.0,340.0
-18.0,6.0,72.0,340.0
-16.0,6.0,72.0,340.0
-14.0,6.0,72.0,18.0
-12.0,6.0,72.0,18.0
-10.0,6.0,72.0,18.0
-8.0,6.0,72.0,18.0
-6.0,6.0,72.0,18.0
-4.0,6.0,72.0,18.0
2.0,6.0,72.0,233.0
4.0,6.0,72.0,233.0
6.0,6.0,72.0,233.0
8.0,6.0,72.0,233.0
10.0,6.0,72.0,233.0
12.0,6.0,72.0,424.0
14.0,6.0,72.0,27.0
16.0,6.0,72.0,27.0
18.0,6.0,72.0,27.0
20.0,6.0,72.0,27.0
22.0,6.0,72.0,27.0
24.0,6.0,72.0,27.0
-20.0,8.0,72.0,340.0
-18.0,8.0,72.0,340.0
-16.0,8.0,72.0,340.0
-14.0,8.0,72.0,18.0
-12.0,8.0,72.0,18.0
-10.0,8.0,72.0,18.0
-8.0,8.0,72.0,18.0
-6.0,8.0,72.0,18.0
-4.0,8.0,72.0,18.0
4.0,8.0,72.0,233.0
6.0,8.0,72.0,233.0
8.0,8.0,72.0,233.0
10.0,8.0,72.0,233.0
12.0,8.0,72.0,149.0
14.0,8.0,72.0,27.0
16.0,8.0,72.0,27.0
18.0,8.0,72.0,27.0
20.0,8.0,72.0,27.0
-16.0,10.0,72.0,340.0
-14.0,10.0,72.0,18.0
-12.0,10.0,72.0,18.0
-10.0,10.0,72.0,18.0
-8.0,10.0,72.0,18.0
-6.0,10.0,72.0,18.0
4.0,10.0,72.0,233.0
6.0,10.0,72.0,233.0
8.0,10.0,72.0,233.0
10.0,10.0,72.0,233.0
12.0,10.0,72.0,149.0
14.0,10.0,72.0,27.0
16.0,10.0,72.0,27.0
18.0,10.0,72.0,27.0
-12.0,12.0,72.0,18.0
-10.0,12.0,72.0,18.0
-8.0,12.0,72.0,18.0
10.0,12.0,72.0,149.0
-10.0,14.0,72.0,585.0
-14.0,-60.0,74.0,348.0
-18.0,-58.0,74.0,87.0
-16.0,-58.0,74.0,183.0
-14.0,-58.0,74.0,183.0
-12.0,-58.0,74.0,183.0
8.0,-58.0,74.0,147.0
10.0,-58.0,74.0,147.0
12.0,-58.0,74.0,147.0
14.0,-58.0,74.0,147.0
16.0,-58.0,74.0,147.0
18.0,-58.0,74.0,147.0
-22.0,-56.0,74.0,87.0
-20.0,-56.0,74.0,87.0
-18.0,-56.0,74.0,183.0
-16.0,-56.0,74.0,183.0
-14.0,-56.0,74.0,183.0
-12.0,-56.0,74.0,183.0
6.0,-56.0,74.0,147.0
8.0,-56.0,74.0,147.0
10.0,-56.0,74.0,147.0
12.0,-56.0,74.0,147.0
14.0,-56.0,74.0,147.0
16.0,-56.0,74.0,147.0
18.0,-56.0,74.0,147.0
20.0,-56.0,74.0,147.0
-24.0,-54.0,74.0,87.0
-22.0,-54.0,74.0,87.0
-20.0,-54.0,74.0,87.0
-18.0,-54.0,74.0,183.0
-16.0,-54.0,74.0,183.0
-14.0,-54.0,74.0,183.0
-12.0,-54.0,74.0,183.0
-10.0,-54.0,74.0,183.0
6.0,-54.0,74.0,147.0
8.0,-54.0,74.0,147.0
10.0,-54.0,74.0,147.0
12.0,-54.0,74.0,147.0
14.0,-54.0,74.0,147.0
16.0,-54.0,74.0,147.0
18.0,-54.0,74.0,147.0
20.0,-54.0,74.0,147.0
22.0,-54.0,74.0,147.0
-26.0,-52.0,74.0,87.0
-24.0,-52.0,74.0,87.0
-22.0,-52.0,74.0,87.0
-20.0,-52.0,74.0,87.0
-18.0,-52.0,74.0,183.0
-16.0,-52.0,74.0,183.0
-14.0,-52.0,74.0,183.0
-12.0,-52.0,74.0,183.0
-10.0,-52.0,74.0,183.0
-8.0,-52.0,74.0,183.0
6.0,-52.0,74.0,147.0
8.0,-52.0,74.0,147.0
10.0,-52.0,74.0,147.0
12.0,-52.0,74.0,147.0
14.0,-52.0,74.0,147.0
16.0,-52.0,74.0,147.0
18.0,-52.0,74.0,147.0
20.0,-52.0,74.0,147.0
22.0,-52.0,74.0,147.0
24.0,-52.0,74.0,147.0
-28.0,-50.0,74.0,87.0
-26.0,-50.0,74.0,87.0
-24.0,-50.0,74.0,87.0
-22.0,-50.0,74.0,140.0
-20.0,-50.0,74.0,140.0
-18.0,-50.0,74.0,183.0
-16.0,-50.0,74.0,183.0
-14.0,-50.0,74.0,183.0
-12.0,-50.0,74.0,183.0
-10.0,-50.0,74.0,183.0
-8.0,-50.0,74.0,183.0
6.0,-50.0,74.0,208.0
8.0,-50.0,74.0,208.0
10.0,-50.0,74.0,147.0
12.0,-50.0,74.0,147.0
14.0,-50.0,74.0,147.0
16.0,-50.0,74.0,147.0
18.0,-50.0,74.0,147.0
20.0,-50.0,74.0,147.0
22.0,-50.0,74.0,147.0
24.0,-50.0,74.0,498.0
26.0,-50.0,74.0,498.0
-26.0,-48.0,74.0,283.0
-24.0,-48.0,74.0,140.0
-22.0,-48.0,74.0,140.0
-20.0,-48.0,74.0,140.0
-18.0,-48.0,74.0,140.0
-16.0,-48.0,74.0,183.0
-14.0,-48.0,74.0,183.0
-12.0,-48.0,74.0,183.0
-10.0,-48.0,74.0,183.0
-8.0,-48.0,74.0,183.0
6.0,-48.0,74.0,208.0
8.0,-48.0,74.0,208.0
10.0,-48.0,74.0,530.0
12.0,-48.0,74.0,530.0
14.0,-48.0,74.0,530.0
16.0,-48.0,74.0,530.0
18.0,-48.0,74.0,530.0
20.0,-48.0,74.0,530.0
22.0,-48.0,74.0,498.0
24.0,-48.0,74.0,498.0
26.0,-48.0,74.0,498.0
28.0,-48.0,74.0,498.0
-26.0,-46.0,74.0,283.0
-24.0,-46.0,74.0,140.0
-22.0,-46.0,74.0,140.0
-20.0,-46.0,74.0,140.0
-18.0,-46.0,74.0,140.0
-16.0,-46.0,74.0,140.0
-14.0,-46.0,74.0,183.0
-12.0,-46.0,74.0,183.0
-10.0,-46.0,74.0,183.0
-8.0,-46.0,74.0,183.0
6.0,-46.0,74.0,208.0
8.0,-46.0,74.0,208.0
10.0,-46.0,74.0,208.0
12.0,-46.0,74.0,530.0
14.0,-46.0,74.0,530.0
16.0,-46.0,74.0,530.0
18.0,-46.0,74.0,530.0
20.0,-46.0,74.0,530.0
22.0,-46.0,74.0,498.0
24.0,-46.0,74.0,498.0
26.0,-46.0,74.0,498.0
28.0,-46.0,74.0,498.0
-32.0,-44.0,74.0,283.0
-30.0,-44.0,74.0,283.0
-28.0,-44.0,74.0,283.0
-26.0,-44.0,74.0,283.0
-24.0,-44.0,74.0,140.0
-22.0,-44.0,74.0,140.0
-20.0,-44.0,74.0,140.0
-18.0,-44.0,74.0,140.0
-16.0,-44.0,74.0,140.0
-14.0,-44.0,74.0,405.0
-12.0,-44.0,74.0,405.0
-10.0,-44.0,74.0,183.0
-8.0,-44.0,74.0,183.0
4.0,-44.0,74.0,208.0
6.0,-44.0,74.0,208.0
8.0,-44.0,74.0,208.0
10.0,-44.0,74.0,208.0
12.0,-44.0,74.0,530.0
14.0,-44.0,74.0,530.0
16.0,-44.0,74.0,530.0
18.0,-44.0,74.0,530.0
20.0,-44.0,74.0,530.0
22.0,-44.0,74.0,498.0
24.0,-44.0,74.0,498.0
26.0,-44.0,74.0,498.0
28.0,-44.0,74.0,498.0
-32.0,-42.0,74.0,283.0
-30.0,-42.0,74.0,283.0
-28.0,-42.0,74.0,283.0
-26.0,-42.0,74.0,283.0
-24.0,-42.0,74.0,140.0
-22.0,-42.0,74.0,140.0
-20.0,-42.0,74.0,140.0
-18.0,-42.0,74.0,140.0
-16.0,-42.0,74.0,140.0
-14.0,-42.0,74.0,405.0
-12.0,-42.0,74.0,405.0
-10.0,-42.0,74.0,405.0
2.0,-42.0,74.0,208.0
4.0,-42.0,74.0,208.0
6.0,-42.0,74.0,208.0
8.0,-42.0,74.0,208.0
10.0,-42.0,74.0,208.0
12.0,-42.0,74.0,530.0
14.0,-42.0,74.0,530.0
16.0,-42.0,74.0,530.0
18.0,-42.0,74.0,530.0
20.0,-42.0,74.0,25.0
22.0,-42.0,74.0,25.0
24.0,-42.0,74.0,498.0
26.0,-42.0,74.0,498.0
28.0,-42.0,74.0,498.0
30.0,-42.0,74.0,498.0
-32.0,-40.0,74.0,283.0
-30.0,-40.0,74.0,283.0
-28.0,-40.0,74.0,283.0
-26.0,-40.0,74.0,283.0
-24.0,-40.0,74.0,140.0
-22.0,-40.0,74.0,140.0
-20.0,-40.0,74.0,140.0
-18.0,-40.0,74.0,140.0
-6.0,-40.0,74.0,177.0
-4.0,-40.0,74.0,177.0
2.0,-40.0,74.0,465.0
4.0,-40.0,74.0,465.0
6.0,-40.0,74.0,208.0
8.0,-40.0,74.0,208.0
10.0,-40.0,74.0,208.0
14.0,-40.0,74.0,530.0
16.0,-40.0,74.0,530.0
18.0,-40.0,74.0,25.0
20.0,-40.0,74.0,25.0
22.0,-40.0,74.0,25.0
24.0,-40.0,74.0,25.0
26.0,-40.0,74.0,498.0
28.0,-40.0,74.0,498.0
30.0,-40.0,74.0,498.0
-32.0,-38.0,74.0,283.0
-30.0,-38.0,74.0,283.0
-28.0,-38.0,74.0,283.0
-26.0,-38.0,74.0,283.0
-24.0,-38.0,74.0,140.0
-22.0,-38.0,74.0,140.0
-20.0,-38.0,74.0,140.0
-10.0,-38.0,74.0,405.0
-8.0,-38.0,74.0,177.0
-6.0,-38.0,74.0,177.0
-4.0,-38.0,74.0,177.0
2.0,-38.0,74.0,465.0
4.0,-38.0,74.0,465.0
6.0,-38.0,74.0,465.0
8.0,-38.0,74.0,208.0
10.0,-38.0,74.0,208.0
12.0,-38.0,74.0,208.0
14.0,-38.0,74.0,530.0
18.0,-38.0,74.0,25.0
20.0,-38.0,74.0,25.0
22.0,-38.0,74.0,25.0
24.0,-38.0,74.0,25.0
26.0,-38.0,74.0,25.0
28.0,-38.0,74.0,498.0
30.0,-38.0,74.0,498.0
-32.0,-36.0,74.0,283.0
-30.0,-36.0,74.0,283.0
-28.0,-36.0,74.0,283.0
-26.0,-36.0,74.0,283.0
-24.0,-36.0,74.0,140.0
-22.0,-36.0,74.0,140.0
-16.0,-36.0,74.0,374.0
-14.0,-36.0,74.0,374.0
-12.0,-36.0,74.0,405.0
-10.0,-36.0,74.0,385.0
-8.0,-36.0,74.0,385.0
-6.0,-36.0,74.0,177.0
-4.0,-36.0,74.0,177.0
2.0,-36.0,74.0,465.0
4.0,-36.0,74.0,465.0
6.0,-36.0,74.0,465.0
8.0,-36.0,74.0,465.0
10.0,-36.0,74.0,465.0
12.0,-36.0,74.0,103.0
14.0,-36.0,74.0,25.0
16.0,-36.0,74.0,25.0
20.0,-36.0,74.0,25.0
22.0,-36.0,74.0,25.0
24.0,-36.0,74.0,25.0
26.0,-36.0,74.0,25.0
28.0,-36.0,74.0,25.0
30.0,-36.0,74.0,498.0
-32.0,-34.0,74.0,283.0
-30.0,-34.0,74.0,283.0
-28.0,-34.0,74.0,283.0
-26.0,-34.0,74.0,283.0
-24.0,-34.0,74.0,140.0
-20.0,-34.0,74.0,374.0
-18.0,-34.0,74.0,374.0
-16.0,-34.0,74.0,374.0
-14.0,-34.0,74.0,374.0
-12.0,-34.0,74.0,385.0
-10.0,-34.0,74.0,385.0
-8.0,-34.0,74.0,385.0
-6.0,-34.0,74.0,385.0
-4.0,-34.0,74.0,385.0
2.0,-34.0,74.0,465.0
4.0,-34.0,74.0,465.0
6.0,-34.0,74.0,465.0
8.0,-34.0,74.0,103.0
10.0,-34.0,74.0,103.0
12.0,-34.0,74.0,103.0
14.0,-34.0,74.0,103.0
16.0,-34.0,74.0,25.0
18.0,-34.0,74.0,25.0
20.0,-34.0,74.0,25.0
22.0,-34.0,74.0,25.0
24.0,-34.0,74.0,25.0
26.0,-34.0,74.0,25.0
28.0,-34.0,74.0,25.0
30.0,-34.0,74.0,25.0
-32.0,-32.0,74.0,283.0
-30.0,-32.0,74.0,283.0
-26.0,-32.0,74.0,283.0
-24.0,-32.0,74.0,374.0
-22.0,-32.0,74.0,374.0
-20.0,-32.0,74.0,374.0
-18.0,-32.0,74.0,374.0
-16.0,-32.0,74.0,374.0
-14.0,-32.0,74.0,374.0
-12.0,-32.0,74.0,385.0
-10.0,-32.0,74.0,385.0
-8.0,-32.0,74.0,385.0
-6.0,-32.0,74.0,385.0
-4.0,-32.0,74.0,385.0
2.0,-32.0,74.0,465.0
4.0,-32.0,74.0,465.0
6.0,-32.0,74.0,103.0
8.0,-32.0,74.0,103.0
10.0,-32.0,74.0,103.0
12.0,-32.0,74.0,103.0
14.0,-32.0,74.0,226.0
16.0,-32.0,74.0,226.0
18.0,-32.0,74.0,226.0
20.0,-32.0,74.0,172.0
22.0,-32.0,74.0,172.0
24.0,-32.0,74.0,172.0
26.0,-32.0,74.0,172.0
28.0,-32.0,74.0,172.0
30.0,-32.0,74.0,172.0
-28.0,-30.0,74.0,283.0
-26.0,-30.0,74.0,374.0
-24.0,-30.0,74.0,374.0
-22.0,-30.0,74.0,374.0
-20.0,-30.0,74.0,374.0
-18.0,-30.0,74.0,374.0
-16.0,-30.0,74.0,374.0
-14.0,-30.0,74.0,385.0
-12.0,-30.0,74.0,385.0
-10.0,-30.0,74.0,385.0
-8.0,-30.0,74.0,385.0
-6.0,-30.0,74.0,385.0
-4.0,-30.0,74.0,385.0
2.0,-30.0,74.0,103.0
4.0,-30.0,74.0,103.0
6.0,-30.0,74.0,103.0
8.0,-30.0,74.0,103.0
10.0,-30.0,74.0,103.0
12.0,-30.0,74.0,103.0
14.0,-30.0,74.0,226.0
16.0,-30.0,74.0,226.0
18.0,-30.0,74.0,172.0
20.0,-30.0,74.0,172.0
24.0,-30.0,74.0,172.0
26.0,-30.0,74.0,172.0
28.0,-30.0,74.0,172.0
-30.0,-28.0,74.0,283.0
-28.0,-28.0,74.0,283.0
-26.0,-28.0,74.0,374.0
-24.0,-28.0,74.0,374.0
-22.0,-28.0,74.0,374.0
-20.0,-28.0,74.0,374.0
-18.0,-28.0,74.0,374.0
-16.0,-28.0,74.0,374.0
-14.0,-28.0,74.0,385.0
-12.0,-28.0,74.0,385.0
-10.0,-28.0,74.0,385.0
-8.0,-28.0,74.0,385.0
-6.0,-28.0,74.0,385.0
-4.0,-28.0,74.0,385.0
2.0,-28.0,74.0,103.0
4.0,-28.0,74.0,103.0
6.0,-28.0,74.0,103.0
8.0,-28.0,74.0,103.0
10.0,-28.0,74.0,103.0
12.0,-28.0,74.0,103.0
14.0,-28.0,74.0,226.0
16.0,-28.0,74.0,226.0
18.0,-28.0,74.0,172.0
20.0,-28.0,74.0,172.0
22.0,-28.0,74.0,172.0
-30.0,-26.0,74.0,283.0
-28.0,-26.0,74.0,374.0
-26.0,-26.0,74.0,374.0
-24.0,-26.0,74.0,374.0
-22.0,-26.0,74.0,374.0
-20.0,-26.0,74.0,374.0
-18.0,-26.0,74.0,374.0
-16.0,-26.0,74.0,337.0
-14.0,-26.0,74.0,337.0
-12.0,-26.0,74.0,337.0
-10.0,-26.0,74.0,337.0
-8.0,-26.0,74.0,385.0
-6.0,-26.0,74.0,385.0
-4.0,-26.0,74.0,385.0
2.0,-26.0,74.0,103.0
4.0,-26.0,74.0,103.0
6.0,-26.0,74.0,103.0
8.0,-26.0,74.0,103.0
10.0,-26.0,74.0,103.0
12.0,-26.0,74.0,103.0
14.0,-26.0,74.0,226.0
16.0,-26.0,74.0,172.0
18.0,-26.0,74.0,172.0
20.0,-26.0,74.0,172.0
22.0,-26.0,74.0,172.0
24.0,-26.0,74.0,172.0
26.0,-26.0,74.0,172.0
28.0,-26.0,74.0,172.0
-30.0,-24.0,74.0,432.0
-28.0,-24.0,74.0,374.0
-26.0,-24.0,74.0,374.0
-24.0,-24.0,74.0,374.0
-22.0,-24.0,74.0,374.0
-20.0,-24.0,74.0,374.0
-18.0,-24.0,74.0,337.0
-16.0,-24.0,74.0,337.0
-14.0,-24.0,74.0,337.0
-12.0,-24.0,74.0,337.0
-10.0,-24.0,74.0,337.0
-8.0,-24.0,74.0,337.0
-6.0,-24.0,74.0,337.0
-4.0,-24.0,74.0,337.0
2.0,-24.0,74.0,103.0
4.0,-24.0,74.0,103.0
6.0,-24.0,74.0,103.0
8.0,-24.0,74.0,376.0
10.0,-24.0,74.0,376.0
12.0,-24.0,74.0,376.0
14.0,-24.0,74.0,376.0
16.0,-24.0,74.0,172.0
18.0,-24.0,74.0,172.0
20.0,-24.0,74.0,172.0
22.0,-24.0,74.0,172.0
24.0,-24.0,74.0,172.0
26.0,-24.0,74.0,172.0
28.0,-24.0,74.0,172.0
30.0,-24.0,74.0,172.0
32.0,-24.0,74.0,315.0
-30.0,-22.0,74.0,432.0
-28.0,-22.0,74.0,485.0
-26.0,-22.0,74.0,485.0
-24.0,-22.0,74.0,374.0
-22.0,-22.0,74.0,374.0
-20.0,-22.0,74.0,337.0
-18.0,-22.0,74.0,337.0
-16.0,-22.0,74.0,337.0
-14.0,-22.0,74.0,337.0
-12.0,-22.0,74.0,337.0
-10.0,-22.0,74.0,337.0
-8.0,-22.0,74.0,337.0
-6.0,-22.0,74.0,337.0
-4.0,-22.0,74.0,337.0
2.0,-22.0,74.0,103.0
4.0,-22.0,74.0,376.0
6.0,-22.0,74.0,376.0
8.0,-22.0,74.0,376.0
10.0,-22.0,74.0,376.0
12.0,-22.0,74.0,376.0
14.0,-22.0,74.0,376.0
16.0,-22.0,74.0,376.0
18.0,-22.0,74.0,172.0
20.0,-22.0,74.0,172.0
22.0,-22.0,74.0,172.0
24.0,-22.0,74.0,172.0
26.0,-22.0,74.0,172.0
28.0,-22.0,74.0,172.0
30.0,-22.0,74.0,315.0
-32.0,-20.0,74.0,432.0
-30.0,-20.0,74.0,432.0
-28.0,-20.0,74.0,485.0
-26.0,-20.0,74.0,485.0
-24.0,-20.0,74.0,485.0
-22.0,-20.0,74.0,337.0
-20.0,-20.0,74.0,337.0
-18.0,-20.0,74.0,337.0
-16.0,-20.0,74.0,337.0
-14.0,-20.0,74.0,337.0
-12.0,-20.0,74.0,337.0
-10.0,-20.0,74.0,337.0
-8.0,-20.0,74.0,337.0
-6.0,-20.0,74.0,337.0
-4.0,-20.0,74.0,130.0
2.0,-20.0,74.0,130.0
4.0,-20.0,74.0,376.0
6.0,-20.0,74.0,376.0
8.0,-20.0,74.0,376.0
10.0,-20.0,74.0,376.0
12.0,-20.0,74.0,376.0
14.0,-20.0,74.0,376.0
16.0,-20.0,74.0,376.0
18.0,-20.0,74.0,172.0
20.0,-20.0,74.0,172.0
22.0,-20.0,74.0,172.0
24.0,-20.0,74.0,172.0
26.0,-20.0,74.0,172.0
28.0,-20.0,74.0,315.0
30.0,-20.0,74.0,315.0
-30.0,-18.0,74.0,485.0
-28.0,-18.0,74.0,485.0
-26.0,-18.0,74.0,485.0
-24.0,-18.0,74.0,485.0
-22.0,-18.0,74.0,249.0
-20.0,-18.0,74.0,337.0
-18.0,-18.0,74.0,337.0
-16.0,-18.0,74.0,337.0
-14.0,-18.0,74.0,337.0
-12.0,-18.0,74.0,337.0
-10.0,-18.0,74.0,337.0
-8.0,-18.0,74.0,337.0
-6.0,-18.0,74.0,130.0
-4.0,-18.0,74.0,130.0
2.0,-18.0,74.0,130.0
4.0,-18.0,74.0,376.0
6.0,-18.0,74.0,376.0
8.0,-18.0,74.0,376.0
10.0,-18.0,74.0,376.0
12.0,-18.0,74.0,376.0
14.0,-18.0,74.0,376.0
16.0,-18.0,74.0,376.0
18.0,-18.0,74.0,376.0
20.0,-18.0,74.0,172.0
22.0,-18.0,74.0,172.0
24.0,-18.0,74.0,172.0
26.0,-18.0,74.0,315.0
28.0,-18.0,74.0,315.0
30.0,-18.0,74.0,315.0
-30.0,-16.0,74.0,485.0
-28.0,-16.0,74.0,485.0
-26.0,-16.0,74.0,485.0
-24.0,-16.0,74.0,485.0
-22.0,-16.0,74.0,249.0
-20.0,-16.0,74.0,491.0
-18.0,-16.0,74.0,491.0
-16.0,-16.0,74.0,491.0
-14.0,-16.0,74.0,491.0
-12.0,-16.0,74.0,491.0
-10.0,-16.0,74.0,491.0
-8.0,-16.0,74.0,491.0
-6.0,-16.0,74.0,491.0
-4.0,-16.0,74.0,130.0
2.0,-16.0,74.0,130.0
4.0,-16.0,74.0,376.0
6.0,-16.0,74.0,376.0
8.0,-16.0,74.0,376.0
10.0,-16.0,74.0,376.0
12.0,-16.0,74.0,376.0
14.0,-16.0,74.0,376.0
16.0,-16.0,74.0,376.0
18.0,-16.0,74.0,376.0
20.0,-16.0,74.0,376.0
22.0,-16.0,74.0,172.0
24.0,-16.0,74.0,315.0
26.0,-16.0,74.0,315.0
28.0,-16.0,74.0,315.0
30.0,-16.0,74.0,315.0
-30.0,-14.0,74.0,485.0
-28.0,-14.0,74.0,485.0
-26.0,-14.0,74.0,485.0
-24.0,-14.0,74.0,485.0
-22.0,-14.0,74.0,249.0
-20.0,-14.0,74.0,491.0
-18.0,-14.0,74.0,491.0
-16.0,-14.0,74.0,491.0
-14.0,-14.0,74.0,491.0
-12.0,-14.0,74.0,491.0
-10.0,-14.0,74.0,491.0
-8.0,-14.0,74.0,491.0
-6.0,-14.0,74.0,491.0
-4.0,-14.0,74.0,491.0
-2.0,-14.0,74.0,130.0
2.0,-14.0,74.0,130.0
4.0,-14.0,74.0,130.0
6.0,-14.0,74.0,376.0
8.0,-14.0,74.0,376.0
10.0,-14.0,74.0,376.0
12.0,-14.0,74.0,376.0
14.0,-14.0,74.0,376.0
16.0,-14.0,74.0,376.0
18.0,-14.0,74.0,376.0
20.0,-14.0,74.0,376.0
22.0,-14.0,74.0,315.0
24.0,-14.0,74.0,315.0
26.0,-14.0,74.0,315.0
28.0,-14.0,74.0,315.0
-28.0,-12.0,74.0,89.0
-26.0,-12.0,74.0,89.0
-24.0,-12.0,74.0,89.0
-22.0,-12.0,74.0,527.0
-20.0,-12.0,74.0,491.0
-18.0,-12.0,74.0,491.0
-16.0,-12.0,74.0,491.0
-14.0,-12.0,74.0,491.0
-12.0,-12.0,74.0,491.0
-10.0,-12.0,74.0,491.0
-8.0,-12.0,74.0,491.0
-6.0,-12.0,74.0,491.0
-4.0,-12.0,74.0,491.0
2.0,-12.0,74.0,130.0
4.0,-12.0,74.0,130.0
6.0,-12.0,74.0,376.0
8.0,-12.0,74.0,376.0
10.0,-12.0,74.0,376.0
12.0,-12.0,74.0,376.0
14.0,-12.0,74.0,376.0
16.0,-12.0,74.0,376.0
18.0,-12.0,74.0,376.0
20.0,-12.0,74.0,376.0
22.0,-12.0,74.0,315.0
24.0,-12.0,74.0,315.0
26.0,-12.0,74.0,315.0
28.0,-12.0,74.0,315.0
-28.0,-10.0,74.0,89.0
-26.0,-10.0,74.0,89.0
-24.0,-10.0,74.0,527.0
-22.0,-10.0,74.0,527.0
-20.0,-10.0,74.0,491.0
-18.0,-10.0,74.0,491.0
-16.0,-10.0,74.0,491.0
-14.0,-10.0,74.0,491.0
-12.0,-10.0,74.0,491.0
-10.0,-10.0,74.0,491.0
-8.0,-10.0,74.0,491.0
-6.0,-10.0,74.0,491.0
-4.0,-10.0,74.0,491.0
2.0,-10.0,74.0,130.0
4.0,-10.0,74.0,382.0
6.0,-10.0,74.0,382.0
8.0,-10.0,74.0,382.0
10.0,-10.0,74.0,382.0
12.0,-10.0,74.0,382.0
14.0,-10.0,74.0,382.0
16.0,-10.0,74.0,382.0
18.0,-10.0,74.0,382.0
20.0,-10.0,74.0,382.0
22.0,-10.0,74.0,315.0
24.0,-10.0,74.0,315.0
26.0,-10.0,74.0,315.0
-26.0,-8.0,74.0,89.0
-24.0,-8.0,74.0,527.0
-22.0,-8.0,74.0,527.0
-20.0,-8.0,74.0,527.0
-18.0,-8.0,74.0,491.0
-16.0,-8.0,74.0,491.0
-14.0,-8.0,74.0,491.0
-12.0,-8.0,74.0,491.0
-10.0,-8.0,74.0,491.0
-8.0,-8.0,74.0,491.0
-6.0,-8.0,74.0,491.0
-4.0,-8.0,74.0,491.0
2.0,-8.0,74.0,130.0
4.0,-8.0,74.0,382.0
6.0,-8.0,74.0,382.0
8.0,-8.0,74.0,382.0
10.0,-8.0,74.0,382.0
12.0,-8.0,74.0,382.0
14.0,-8.0,74.0,382.0
16.0,-8.0,74.0,382.0
18.0,-8.0,74.0,382.0
20.0,-8.0,74.0,382.0
22.0,-8.0,74.0,45.0
24.0,-8.0,74.0,45.0
-24.0,-6.0,74.0,527.0
-22.0,-6.0,74.0,527.0
-20.0,-6.0,74.0,527.0
-18.0,-6.0,74.0,491.0
-16.0,-6.0,74.0,491.0
-14.0,-6.0,74.0,491.0
-12.0,-6.0,74.0,491.0
-10.0,-6.0,74.0,491.0
-8.0,-6.0,74.0,491.0
-6.0,-6.0,74.0,491.0
-4.0,-6.0,74.0,491.0
2.0,-6.0,74.0,491.0
4.0,-6.0,74.0,382.0
6.0,-6.0,74.0,382.0
8.0,-6.0,74.0,382.0
10.0,-6.0,74.0,382.0
12.0,-6.0,74.0,382.0
14.0,-6.0,74.0,382.0
16.0,-6.0,74.0,382.0
18.0,-6.0,74.0,382.0
20.0,-6.0,74.0,45.0
22.0,-6.0,74.0,45.0
-24.0,-4.0,74.0,527.0
-22.0,-4.0,74.0,527.0
-20.0,-4.0,74.0,527.0
-18.0,-4.0,74.0,527.0
-16.0,-4.0,74.0,491.0
-14.0,-4.0,74.0,491.0
-12.0,-4.0,74.0,491.0
-10.0,-4.0,74.0,491.0
-8.0,-4.0,74.0,491.0
-6.0,-4.0,74.0,491.0
-4.0,-4.0,74.0,491.0
2.0,-4.0,74.0,18.0
4.0,-4.0,74.0,382.0
6.0,-4.0,74.0,382.0
8.0,-4.0,74.0,382.0
10.0,-4.0,74.0,382.0
12.0,-4.0,74.0,382.0
14.0,-4.0,74.0,424.0
16.0,-4.0,74.0,424.0
18.0,-4.0,74.0,424.0
20.0,-4.0,74.0,45.0
22.0,-4.0,74.0,45.0
-24.0,-2.0,74.0,527.0
-22.0,-2.0,74.0,527.0
-20.0,-2.0,74.0,527.0
-18.0,-2.0,74.0,527.0
-16.0,-2.0,74.0,491.0
-14.0,-2.0,74.0,491.0
-12.0,-2.0,74.0,491.0
-10.0,-2.0,74.0,491.0
-8.0,-2.0,74.0,491.0
-6.0,-2.0,74.0,491.0
-4.0,-2.0,74.0,18.0
4.0,-2.0,74.0,233.0
6.0,-2.0,74.0,424.0
8.0,-2.0,74.0,424.0
10.0,-2.0,74.0,424.0
12.0,-2.0,74.0,424.0
14.0,-2.0,74.0,424.0
16.0,-2.0,74.0,424.0
18.0,-2.0,74.0,27.0
20.0,-2.0,74.0,27.0
22.0,-2.0,74.0,45.0
24.0,-2.0,74.0,45.0
-24.0,-0.0,74.0,527.0
-22.0,-0.0,74.0,527.0
-20.0,-0.0,74.0,527.0
-18.0,-0.0,74.0,527.0
-16.0,-0.0,74.0,527.0
-14.0,-0.0,74.0,491.0
-12.0,-0.0,74.0,491.0
-10.0,-0.0,74.0,18.0
-8.0,-0.0,74.0,18.0
-6.0,-0.0,74.0,18.0
-4.0,-0.0,74.0,18.0
4.0,-0.0,74.0,233.0
6.0,-0.0,74.0,233.0
8.0,-0.0,74.0,424.0
10.0,-0.0,74.0,424.0
12.0,-0.0,74.0,424.0
14.0,-0.0,74.0,424.0
16.0,-0.0,74.0,27.0
18.0,-0.0,74.0,27.0
20.0,-0.0,74.0,27.0
22.0,-0.0,74.0,27.0
-22.0,2.0,74.0,340.0
-20.0,2.0,74.0,527.0
-18.0,2.0,74.0,527.0
-16.0,2.0,74.0,527.0
-14.0,2.0,74.0,18.0
-12.0,2.0,74.0,18.0
-10.0,2.0,74.0,18.0
-8.0,2.0,74.0,18.0
-6.0,2.0,74.0,18.0
-4.0,2.0,74.0,18.0
4.0,2.0,74.0,233.0
6.0,2.0,74.0,233.0
8.0,2.0,74.0,233.0
10.0,2.0,74.0,424.0
12.0,2.0,74.0,424.0
14.0,2.0,74.0,424.0
16.0,2.0,74.0,27.0
18.0,2.0,74.0,27.0
20.0,2.0,74.0,27.0
22.0,2.0,74.0,27.0
-20.0,4.0,74.0,340.0
-18.0,4.0,74.0,340.0
-16.0,4.0,74.0,527.0
-14.0,4.0,74.0,18.0
-12.0,4.0,74.0,18.0
-10.0,4.0,74.0,18.0
-8.0,4.0,74.0,18.0
-6.0,4.0,74.0,18.0
4.0,4.0,74.0,233.0
6.0,4.0,74.0,233.0
8.0,4.0,74.0,233.0
10.0,4.0,74.0,233.0
12.0,4.0,74.0,424.0
14.0,4.0,74.0,27.0
16.0,4.0,74.0,27.0
18.0,4.0,74.0,27.0
20.0,4.0,74.0,27.0
-18.0,6.0,74.0,340.0
-16.0,6.0,74.0,340.0
-14.0,6.0,74.0,18.0
-12.0,6.0,74.0,18.0
-10.0,6.0,74.0,18.0
-8.0,6.0,74.0,18.0
6.0,6.0,74.0,233.0
8.0,6.0,74.0,233.0
10.0,6.0,74.0,233.0
12.0,6.0,74.0,27.0
14.0,6.0,74.0,27.0
16.0,6.0,74.0,27.0
-14.0,8.0,74.0,18.0
-12.0,8.0,74.0,18.0
-10.0,8.0,74.0,18.0
8.0,8.0,74.0,233.0
10.0,8.0,74.0,233.0
12.0,8.0,74.0,233.0
-14.0,-56.0,76.0,183.0
10.0,-56.0,76.0,147.0
12.0,-56.0,76.0,147.0
-18.0,-54.0,76.0,183.0
-16.0,-54.0,76.0,183.0
-14.0,-54.0,76.0,183.0
-12.0,-54.0,76.0,183.0
8.0,-54.0,76.0,147.0
10.0,-54.0,76.0,147.0
12.0,-54.0,76.0,147.0
14.0,-54.0,76.0,147.0
16.0,-54.0,76.0,147.0
-20.0,-52.0,76.0,140.0
-18.0,-52.0,76.0,183.0
-16.0,-52.0,76.0,183.0
-14.0,-52.0,76.0,183.0
-12.0,-52.0,76.0,183.0
-10.0,-52.0,76.0,183.0
8.0,-52.0,76.0,147.0
10.0,-52.0,76.0,147.0
12.0,-52.0,76.0,147.0
14.0,-52.0,76.0,147.0
16.0,-52.0,76.0,147.0
18.0,-52.0,76.0,147.0
-22.0,-50.0,76.0,140.0
-20.0,-50.0,76.0,140.0
-18.0,-50.0,76.0,183.0
-16.0,-50.0,76.0,183.0
-14.0,-50.0,76.0,183.0
-12.0,-50.0,76.0,183.0
-10.0,-50.0,76.0,183.0
-8.0,-50.0,76.0,183.0
8.0,-50.0,76.0,530.0
10.0,-50.0,76.0,530.0
12.0,-50.0,76.0,530.0
14.0,-50.0,76.0,530.0
16.0,-50.0,76.0,530.0
18.0,-50.0,76.0,530.0
20.0,-50.0,76.0,530.0
-24.0,-48.0,76.0,140.0
-22.0,-48.0,76.0,140.0
-20.0,-48.0,76.0,140.0
-18.0,-48.0,76.0,140.0
-16.0,-48.0,76.0,183.0
-14.0,-48.0,76.0,183.0
-12.0,-48.0,76.0,183.0
-10.0,-48.0,76.0,183.0
-8.0,-48.0,76.0,183.0
8.0,-48.0,76.0,208.0
10.0,-48.0,76.0,530.0
12.0,-48.0,76.0,530.0
14.0,-48.0,76.0,530.0
16.0,-48.0,76.0,530.0
18.0,-48.0,76.0,530.0
20.0,-48.0,76.0,530.0
-26.0,-46.0,76.0,283.0
-24.0,-46.0,76.0,140.0
-22.0,-46.0,76.0,140.0
-20.0,-46.0,76.0,140.0
-18.0,-46.0,76.0,140.0
-16.0,-46.0,76.0,140.0
-14.0,-46.0,76.0,405.0
-12.0,-46.0,76.0,405.0
-10.0,-46.0,76.0,183.0
-8.0,-46.0,76.0,183.0
6.0,-46.0,76.0,208.0
8.0,-46.0,76.0,208.0
10.0,-46.0,76.0,530.0
12.0,-46.0,76.0,530.0
14.0,-46.0,76.0,530.0
16.0,-46.0,76.0,530.0
18.0,-46.0,76.0,530.0
20.0,-46.0,76.0,530.0
22.0,-46.0,76.0,530.0
24.0,-46.0,76.0,498.0
-26.0,-44.0,76.0,283.0
-24.0,-44.0,76.0,140.0
-22.0,-44.0,76.0,140.0
-20.0,-44.0,76.0,140.0
-18.0,-44.0,76.0,140.0
-16.0,-44.0,76.0,140.0
-14.0,-44.0,76.0,405.0
-12.0,-44.0,76.0,405.0
-10.0,-44.0,76.0,405.0
-8.0,-44.0,76.0,405.0
6.0,-44.0,76.0,208.0
8.0,-44.0,76.0,208.0
10.0,-44.0,76.0,530.0
12.0,-44.0,76.0,530.0
14.0,-44.0,76.0,530.0
16.0,-44.0,76.0,530.0
18.0,-44.0,76.0,530.0
20.0,-44.0,76.0,530.0
22.0,-44.0,76.0,25.0
24.0,-44.0,76.0,25.0
-26.0,-42.0,76.0,283.0
-24.0,-42.0,76.0,140.0
-22.0,-42.0,76.0,140.0
-20.0,-42.0,76.0,140.0
-18.0,-42.0,76.0,140.0
-16.0,-42.0,76.0,140.0
-14.0,-42.0,76.0,405.0
-12.0,-42.0,76.0,405.0
-10.0,-42.0,76.0,405.0
-8.0,-42.0,76.0,405.0
4.0,-42.0,76.0,208.0
6.0,-42.0,76.0,208.0
8.0,-42.0,76.0,208.0
10.0,-42.0,76.0,208.0
12.0,-42.0,76.0,530.0
14.0,-42.0,76.0,530.0
16.0,-42.0,76.0,530.0
18.0,-42.0,76.0,530.0
20.0,-42.0,76.0,25.0
22.0,-42.0,76.0,25.0
24.0,-42.0,76.0,25.0
26.0,-42.0,76.0,25.0
-26.0,-40.0,76.0,283.0
-24.0,-40.0,76.0,140.0
-22.0,-40.0,76.0,140.0
-20.0,-40.0,76.0,140.0
-18.0,-40.0,76.0,140.0
-16.0,-40.0,76.0,140.0
-14.0,-40.0,76.0,405.0
-12.0,-40.0,76.0,405.0
-6.0,-40.0,76.0,177.0
-4.0,-40.0,76.0,177.0
2.0,-40.0,76.0,465.0
4.0,-40.0,76.0,465.0
6.0,-40.0,76.0,208.0
8.0,-40.0,76.0,208.0
10.0,-40.0,76.0,208.0
12.0,-40.0,76.0,530.0
14.0,-40.0,76.0,530.0
16.0,-40.0,76.0,530.0
18.0,-40.0,76.0,25.0
20.0,-40.0,76.0,25.0
22.0,-40.0,76.0,25.0
24.0,-40.0,76.0,25.0
26.0,-40.0,76.0,25.0
-26.0,-38.0,76.0,283.0
-24.0,-38.0,76.0,140.0
-22.0,-38.0,76.0,140.0
-20.0,-38.0,76.0,140.0
-18.0,-38.0,76.0,140.0
-16.0,-38.0,76.0,140.0
-10.0,-38.0,76.0,405.0
-8.0,-38.0,76.0,405.0
-6.0,-38.0,76.0,177.0
-4.0,-38.0,76.0,177.0
2.0,-38.0,76.0,465.0
4.0,-38.0,76.0,465.0
6.0,-38.0,76.0,465.0
8.0,-38.0,76.0,465.0
10.0,-38.0,76.0,208.0
12.0,-38.0,76.0,530.0
14.0,-38.0,76.0,530.0
16.0,-38.0,76.0,25.0
18.0,-38.0,76.0,25.0
20.0,-38.0,76.0,25.0
22.0,-38.0,76.0,25.0
24.0,-38.0,76.0,25.0
26.0,-38.0,76.0,25.0
-26.0,-36.0,76.0,283.0
-24.0,-36.0,76.0,140.0
-22.0,-36.0,76.0,140.0
-16.0,-36.0,76.0,374.0
-14.0,-36.0,76.0,374.0
-12.0,-36.0,76.0,405.0
-10.0,-36.0,76.0,385.0
-8.0,-36.0,76.0,385.0
-6.0,-36.0,76.0,385.0
-4.0,-36.0,76.0,385.0
2.0,-36.0,76.0,465.0
4.0,-36.0,76.0,465.0
6.0,-36.0,76.0,465.0
8.0,-36.0,76.0,465.0
10.0,-36.0,76.0,465.0
12.0,-36.0,76.0,103.0
14.0,-36.0,76.0,25.0
16.0,-36.0,76.0,25.0
18.0,-36.0,76.0,25.0
20.0,-36.0,76.0,25.0
22.0,-36.0,76.0,25.0
24.0,-36.0,76.0,25.0
26.0,-36.0,76.0,25.0
-26.0,-34.0,76.0,283.0
-24.0,-34.0,76.0,374.0
-22.0,-34.0,76.0,374.0
-20.0,-34.0,76.0,374.0
-18.0,-34.0,76.0,374.0
-16.0,-34.0,76.0,374.0
-14.0,-34.0,76.0,374.0
-12.0,-34.0,76.0,385.0
-10.0,-34.0,76.0,385.0
-8.0,-34.0,76.0,385.0
-6.0,-34.0,76.0,385.0
-4.0,-34.0,76.0,385.0
2.0,-34.0,76.0,465.0
4.0,-34.0,76.0,465.0
6.0,-34.0,76.0,465.0
8.0,-34.0,76.0,465.0
10.0,-34.0,76.0,103.0
12.0,-34.0,76.0,103.0
14.0,-34.0,76.0,25.0
16.0,-34.0,76.0,25.0
18.0,-34.0,76.0,25.0
20.0,-34.0,76.0,25.0
22.0,-34.0,76.0,25.0
24.0,-34.0,76.0,25.0
26.0,-34.0,76.0,25.0
-26.0,-32.0,76.0,374.0
-22.0,-32.0,76.0,374.0
-20.0,-32.0,76.0,374.0
-18.0,-32.0,76.0,374.0
-16.0,-32.0,76.0,374.0
-14.0,-32.0,76.0,374.0
-12.0,-32.0,76.0,385.0
-10.0,-32.0,76.0,385.0
-8.0,-32.0,76.0,385.0
-6.0,-32.0,76.0,385.0
-4.0,-32.0,76.0,385.0
2.0,-32.0,76.0,465.0
4.0,-32.0,76.0,465.0
6.0,-32.0,76.0,103.0
8.0,-32.0,76.0,103.0
10.0,-32.0,76.0,103.0
12.0,-32.0,76.0,103.0
14.0,-32.0,76.0,103.0
16.0,-32.0,76.0,226.0
18.0,-32.0,76.0,25.0
22.0,-32.0,76.0,25.0
24.0,-32.0,76.0,25.0
26.0,-32.0,76.0,25.0
-26.0,-30.0,76.0,374.0
-24.0,-30.0,76.0,374.0
-22.0,-30.0,76.0,374.0
-20.0,-30.0,76.0,374.0
-18.0,-30.0,76.0,374.0
-16.0,-30.0,76.0,374.0
-14.0,-30.0,76.0,374.0
-12.0,-30.0,76.0,385.0
-10.0,-30.0,76.0,385.0
-8.0,-30.0,76.0,385.0
-6.0,-30.0,76.0,385.0
-4.0,-30.0,76.0,385.0
2.0,-30.0,76.0,465.0
4.0,-30.0,76.0,103.0
6.0,-30.0,76.0,103.0
8.0,-30.0,76.0,103.0
10.0,-30.0,76.0,103.0
12.0,-30.0,76.0,103.0
14.0,-30.0,76.0,226.0
16.0,-30.0,76.0,172.0
18.0,-30.0,76.0,172.0
20.0,-30.0,76.0,172.0
24.0,-30.0,76.0,172.0
26.0,-30.0,76.0,172.0
-28.0,-28.0,76.0,374.0
-26.0,-28.0,76.0,374.0
-24.0,-28.0,76.0,374.0
-22.0,-28.0,76.0,374.0
-20.0,-28.0,76.0,374.0
-18.0,-28.0,76.0,374.0
-16.0,-28.0,76.0,374.0
-14.0,-28.0,76.0,385.0
-12.0,-28.0,76.0,385.0
-10.0,-28.0,76.0,385.0
-8.0,-28.0,76.0,385.0
-6.0,-28.0,76.0,385.0
-4.0,-28.0,76.0,385.0
2.0,-28.0,76.0,103.0
4.0,-28.0,76.0,103.0
6.0,-28.0,76.0,103.0
8.0,-28.0,76.0,103.0
10.0,-28.0,76.0,103.0
12.0,-28.0,76.0,103.0
14.0,-28.0,76.0,226.0
16.0,-28.0,76.0,172.0
18.0,-28.0,76.0,172.0
20.0,-28.0,76.0,172.0
22.0,-28.0,76.0,172.0
24.0,-28.0,76.0,172.0
-28.0,-26.0,76.0,374.0
-26.0,-26.0,76.0,374.0
-24.0,-26.0,76.0,374.0
-22.0,-26.0,76.0,374.0
-20.0,-26.0,76.0,374.0
-18.0,-26.0,76.0,374.0
-16.0,-26.0,76.0,374.0
-14.0,-26.0,76.0,385.0
-12.0,-26.0,76.0,385.0
-10.0,-26.0,76.0,385.0
-8.0,-26.0,76.0,385.0
-6.0,-26.0,76.0,385.0
-4.0,-26.0,76.0,385.0
2.0,-26.0,76.0,103.0
4.0,-26.0,76.0,103.0
6.0,-26.0,76.0,103.0
8.0,-26.0,76.0,103.0
10.0,-26.0,76.0,103.0
12.0,-26.0,76.0,376.0
14.0,-26.0,76.0,172.0
16.0,-26.0,76.0,172.0
18.0,-26.0,76.0,172.0
20.0,-26.0,76.0,172.0
22.0,-26.0,76.0,172.0
24.0,-26.0,76.0,172.0
26.0,-26.0,76.0,172.0
-28.0,-24.0,76.0,374.0
-26.0,-24.0,76.0,374.0
-24.0,-24.0,76.0,374.0
-22.0,-24.0,76.0,374.0
-20.0,-24.0,76.0,374.0
-18.0,-24.0,76.0,374.0
-16.0,-24.0,76.0,337.0
-14.0,-24.0,76.0,337.0
-12.0,-24.0,76.0,337.0
-10.0,-24.0,76.0,337.0
-8.0,-24.0,76.0,385.0
-6.0,-24.0,76.0,385.0
-4.0,-24.0,76.0,385.0
2.0,-24.0,76.0,103.0
4.0,-24.0,76.0,103.0
6.0,-24.0,76.0,376.0
8.0,-24.0,76.0,376.0
10.0,-24.0,76.0,376.0
12.0,-24.0,76.0,376.0
14.0,-24.0,76.0,376.0
16.0,-24.0,76.0,172.0
18.0,-24.0,76.0,172.0
20.0,-24.0,76.0,172.0
22.0,-24.0,76.0,172.0
24.0,-24.0,76.0,172.0
26.0,-24.0,76.0,172.0
-28.0,-22.0,76.0,374.0
-26.0,-22.0,76.0,374.0
-24.0,-22.0,76.0,374.0
-22.0,-22.0,76.0,374.0
-20.0,-22.0,76.0,374.0
-18.0,-22.0,76.0,337.0
-16.0,-22.0,76.0,337.0
-14.0,-22.0,76.0,337.0
-12.0,-22.0,76.0,337.0
-10.0,-22.0,76.0,337.0
-8.0,-22.0,76.0,337.0
-6.0,-22.0,76.0,337.0
-4.0,-22.0,76.0,337.0
2.0,-22.0,76.0,376.0
4.0,-22.0,76.0,376.0
6.0,-22.0,76.0,376.0
8.0,-22.0,76.0,376.0
10.0,-22.0,76.0,376.0
12.0,-22.0,76.0,376.0
14.0,-22.0,76.0,376.0
16.0,-22.0,76.0,376.0
18.0,-22.0,76.0,172.0
20.0,-22.0,76.0,172.0
22.0,-22.0,76.0,172.0
24.0,-22.0,76.0,172.0
26.0,-22.0,76.0,172.0
-26.0,-20.0,76.0,485.0
-24.0,-20.0,76.0,374.0
-22.0,-20.0,76.0,374.0
-20.0,-20.0,76.0,337.0
-18.0,-20.0,76.0,337.0
-16.0,-20.0,76.0,337.0
-14.0,-20.0,76.0,337.0
-12.0,-20.0,76.0,337.0
-10.0,-20.0,76.0,337.0
-8.0,-20.0,76.0,337.0
-6.0,-20.0,76.0,337.0
-4.0,-20.0,76.0,337.0
2.0,-20.0,76.0,376.0
4.0,-20.0,76.0,376.0
6.0,-20.0,76.0,376.0
8.0,-20.0,76.0,376.0
10.0,-20.0,76.0,376.0
12.0,-20.0,76.0,376.0
14.0,-20.0,76.0,376.0
16.0,-20.0,76.0,376.0
18.0,-20.0,76.0,376.0
20.0,-20.0,76.0,172.0
22.0,-20.0,76.0,172.0
24.0,-20.0,76.0,172.0
26.0,-20.0,76.0,172.0
-26.0,-18.0,76.0,485.0
-24.0,-18.0,76.0,485.0
-22.0,-18.0,76.0,491.0
-20.0,-18.0,76.0,491.0
-18.0,-18.0,76.0,491.0
-16.0,-18.0,76.0,491.0
-14.0,-18.0,76.0,491.0
-12.0,-18.0,76.0,491.0
-10.0,-18.0,76.0,491.0
-8.0,-18.0,76.0,491.0
-6.0,-18.0,76.0,491.0
-4.0,-18.0,76.0,491.0
2.0,-18.0,76.0,376.0
4.0,-18.0,76.0,376.0
6.0,-18.0,76.0,376.0
8.0,-18.0,76.0,376.0
10.0,-18.0,76.0,376.0
12.0,-18.0,76.0,376.0
14.0,-18.0,76.0,376.0
16.0,-18.0,76.0,376.0
18.0,-18.0,76.0,376.0
20.0,-18.0,76.0,172.0
22.0,-18.0,76.0,172.0
24.0,-18.0,76.0,172.0
26.0,-18.0,76.0,315.0
-26.0,-16.0,76.0,485.0
-24.0,-16.0,76.0,485.0
-22.0,-16.0,76.0,491.0
-20.0,-16.0,76.0,491.0
-18.0,-16.0,76.0,491.0
-16.0,-16.0,76.0,491.0
-14.0,-16.0,76.0,491.0
-12.0,-16.0,76.0,491.0
-10.0,-16.0,76.0,491.0
-8.0,-16.0,76.0,491.0
-6.0,-16.0,76.0,491.0
-4.0,-16.0,76.0,491.0
2.0,-16.0,76.0,130.0
4.0,-16.0,76.0,376.0
6.0,-16.0,76.0,376.0
8.0,-16.0,76.0,376.0
10.0,-16.0,76.0,376.0
12.0,-16.0,76.0,376.0
14.0,-16.0,76.0,376.0
16.0,-16.0,76.0,376.0
18.0,-16.0,76.0,376.0
20.0,-16.0,76.0,376.0
22.0,-16.0,76.0,172.0
24.0,-16.0,76.0,315.0
-24.0,-14.0,76.0,485.0
-22.0,-14.0,76.0,491.0
-20.0,-14.0,76.0,491.0
-18.0,-14.0,76.0,491.0
-16.0,-14.0,76.0,491.0
-14.0,-14.0,76.0,491.0
-12.0,-14.0,76.0,491.0
-10.0,-14.0,76.0,491.0
-8.0,-14.0,76.0,491.0
-6.0,-14.0,76.0,491.0
-4.0,-14.0,76.0,491.0
2.0,-14.0,76.0,130.0
4.0,-14.0,76.0,376.0
6.0,-14.0,76.0,376.0
8.0,-14.0,76.0,376.0
10.0,-14.0,76.0,376.0
12.0,-14.0,76.0,376.0
14.0,-14.0,76.0,376.0
16.0,-14.0,76.0,376.0
18.0,-14.0,76.0,376.0
20.0,-14.0,76.0,376.0
22.0,-14.0,76.0,315.0
24.0,-14.0,76.0,315.0
-24.0,-12.0,76.0,491.0
-22.0,-12.0,76.0,491.0
-20.0,-12.0,76.0,491.0
-18.0,-12.0,76.0,491.0
-16.0,-12.0,76.0,491.0
-14.0,-12.0,76.0,491.0
-12.0,-12.0,76.0,491.0
-10.0,-12.0,76.0,491.0
-8.0,-12.0,76.0,491.0
-6.0,-12.0,76.0,491.0
-4.0,-12.0,76.0,491.0
4.0,-12.0,76.0,376.0
6.0,-12.0,76.0,376.0
8.0,-12.0,76.0,376.0
10.0,-12.0,76.0,376.0
12.0,-12.0,76.0,376.0
14.0,-12.0,76.0,376.0
16.0,-12.0,76.0,376.0
18.0,-12.0,76.0,376.0
20.0,-12.0,76.0,376.0
22.0,-12.0,76.0,315.0
-24.0,-10.0,76.0,527.0
-22.0,-10.0,76.0,491.0
-20.0,-10.0,76.0,491.0
-18.0,-10.0,76.0,491.0
-16.0,-10.0,76.0,491.0
-14.0,-10.0,76.0,491.0
-12.0,-10.0,76.0,491.0
-10.0,-10.0,76.0,491.0
-8.0,-10.0,76.0,491.0
-6.0,-10.0,76.0,491.0
6.0,-10.0,76.0,376.0
8.0,-10.0,76.0,376.0
10.0,-10.0,76.0,376.0
12.0,-10.0,76.0,376.0
14.0,-10.0,76.0,376.0
16.0,-10.0,76.0,376.0
18.0,-10.0,76.0,376.0
20.0,-10.0,76.0,376.0
-22.0,-8.0,76.0,491.0
-20.0,-8.0,76.0,491.0
-18.0,-8.0,76.0,491.0
-16.0,-8.0,76.0,491.0
-14.0,-8.0,76.0,491.0
-12.0,-8.0,76.0,491.0
-10.0,-8.0,76.0,491.0
-8.0,-8.0,76.0,491.0
8.0,-8.0,76.0,382.0
10.0,-8.0,76.0,382.0
12.0,-8.0,76.0,382.0
14.0,-8.0,76.0,382.0
16.0,-8.0,76.0,382.0
18.0,-8.0,76.0,382.0
20.0,-8.0,76.0,45.0
-18.0,-6.0,76.0,491.0
-16.0,-6.0,76.0,491.0
-14.0,-6.0,76.0,491.0
-12.0,-6.0,76.0,491.0
-10.0,-6.0,76.0,491.0
-8.0,-6.0,76.0,491.0
12.0,-6.0,76.0,382.0
14.0,-6.0,76.0,382.0
16.0,-6.0,76.0,382.0
18.0,-6.0,76.0,382.0
-18.0,-4.0,76.0,491.0
-16.0,-4.0,76.0,491.0
-14.0,-4.0,76.0,491.0
-12.0,-4.0,76.0,491.0
-10.0,-4.0,76.0,491.0
-18.0,-2.0,76.0,491.0
10.0,-2.0,76.0,424.0
12.0,-2.0,76.0,424.0
14.0,-2.0,76.0,424.0
10.0,-0.0,76.0,424.0
12.0,-0.0,76.0,424.0
14.0,-0.0,76.0,424.0
-12.0,-52.0,78.0,183.0
-16.0,-50.0,78.0,183.0
-14.0,-50.0,78.0,183.0
-12.0,-50.0,78.0,183.0
12.0,-50.0,78.0,530.0
-18.0,-48.0,78.0,140.0
-16.0,-48.0,78.0,405.0
-14.0,-48.0,78.0,405.0
-12.0,-48.0,78.0,405.0
10.0,-48.0,78.0,530.0
12.0,-48.0,78.0,530.0
14.0,-48.0,78.0,530.0
16.0,-48.0,78.0,530.0
-20.0,-46.0,78.0,140.0
-18.0,-46.0,78.0,140.0
-16.0,-46.0,78.0,405.0
-14.0,-46.0,78.0,405.0
-12.0,-46.0,78.0,405.0
8.0,-46.0,78.0,530.0
10.0,-46.0,78.0,530.0
12.0,-46.0,78.0,530.0
14.0,-46.0,78.0,530.0
16.0,-46.0,78.0,530.0
18.0,-46.0,78.0,530.0
-20.0,-44.0,78.0,140.0
-18.0,-44.0,78.0,140.0
-16.0,-44.0,78.0,405.0
-14.0,-44.0,78.0,405.0
-12.0,-44.0,78.0,405.0
8.0,-44.0,78.0,208.0
10.0,-44.0,78.0,530.0
12.0,-44.0,78.0,530.0
14.0,-44.0,78.0,530.0
16.0,-44.0,78.0,530.0
18.0,-44.0,78.0,530.0
20.0,-44.0,78.0,25.0
-22.0,-42.0,78.0,140.0
-20.0,-42.0,78.0,140.0
-18.0,-42.0,78.0,140.0
-16.0,-42.0,78.0,405.0
-14.0,-42.0,78.0,405.0
-12.0,-42.0,78.0,405.0
-10.0,-42.0,78.0,405.0
-8.0,-42.0,78.0,405.0
6.0,-42.0,78.0,208.0
8.0,-42.0,78.0,208.0
10.0,-42.0,78.0,530.0
12.0,-42.0,78.0,530.0
14.0,-42.0,78.0,530.0
16.0,-42.0,78.0,530.0
18.0,-42.0,78.0,25.0
20.0,-42.0,78.0,25.0
-22.0,-40.0,78.0,140.0
-20.0,-40.0,78.0,140.0
-18.0,-40.0,78.0,140.0
-16.0,-40.0,78.0,405.0
-14.0,-40.0,78.0,405.0
-12.0,-40.0,78.0,405.0
-10.0,-40.0,78.0,405.0
6.0,-40.0,78.0,465.0
8.0,-40.0,78.0,208.0
10.0,-40.0,78.0,530.0
12.0,-40.0,78.0,530.0
14.0,-40.0,78.0,530.0
16.0,-40.0,78.0,25.0
18.0,-40.0,78.0,25.0
20.0,-40.0,78.0,25.0
22.0,-40.0,78.0,25.0
-24.0,-38.0,78.0,140.0
-22.0,-38.0,78.0,140.0
-20.0,-38.0,78.0,140.0
-18.0,-38.0,78.0,374.0
-16.0,-38.0,78.0,374.0
-14.0,-38.0,78.0,405.0
-12.0,-38.0,78.0,405.0
-8.0,-38.0,78.0,405.0
-6.0,-38.0,78.0,405.0
-4.0,-38.0,78.0,385.0
6.0,-38.0,78.0,465.0
8.0,-38.0,78.0,465.0
10.0,-38.0,78.0,208.0
12.0,-38.0,78.0,530.0
14.0,-38.0,78.0,25.0
16.0,-38.0,78.0,25.0
18.0,-38.0,78.0,25.0
20.0,-38.0,78.0,25.0
22.0,-38.0,78.0,25.0
-24.0,-36.0,78.0,374.0
-22.0,-36.0,78.0,374.0
-20.0,-36.0,78.0,374.0
-18.0,-36.0,78.0,374.0
-16.0,-36.0,78.0,374.0
-14.0,-36.0,78.0,374.0
-12.0,-36.0,78.0,405.0
-10.0,-36.0,78.0,405.0
-8.0,-36.0,78.0,385.0
-6.0,-36.0,78.0,385.0
-4.0,-36.0,78.0,385.0
6.0,-36.0,78.0,465.0
8.0,-36.0,78.0,465.0
10.0,-36.0,78.0,465.0
12.0,-36.0,78.0,25.0
14.0,-36.0,78.0,25.0
18.0,-36.0,78.0,25.0
20.0,-36.0,78.0,25.0
22.0,-36.0,78.0,25.0
-22.0,-34.0,78.0,374.0
-18.0,-34.0,78.0,374.0
-16.0,-34.0,78.0,374.0
-14.0,-34.0,78.0,374.0
-12.0,-34.0,78.0,385.0
-10.0,-34.0,78.0,385.0
-8.0,-34.0,78.0,385.0
-6.0,-34.0,78.0,385.0
-4.0,-34.0,78.0,385.0
6.0,-34.0,78.0,465.0
8.0,-34.0,78.0,465.0
10.0,-34.0,78.0,103.0
12.0,-34.0,78.0,103.0
14.0,-34.0,78.0,25.0
16.0,-34.0,78.0,25.0
20.0,-34.0,78.0,25.0
22.0,-34.0,78.0,25.0
-20.0,-32.0,78.0,374.0
-18.0,-32.0,78.0,374.0
-16.0,-32.0,78.0,374.0
-14.0,-32.0,78.0,374.0
-12.0,-32.0,78.0,385.0
-10.0,-32.0,78.0,385.0
-8.0,-32.0,78.0,385.0
-6.0,-32.0,78.0,385.0
6.0,-32.0,78.0,465.0
8.0,-32.0,78.0,103.0
10.0,-32.0,78.0,103.0
12.0,-32.0,78.0,103.0
14.0,-32.0,78.0,25.0
16.0,-32.0,78.0,25.0
18.0,-32.0,78.0,25.0
-20.0,-30.0,78.0,374.0
-18.0,-30.0,78.0,374.0
-16.0,-30.0,78.0,374.0
-14.0,-30.0,78.0,374.0
-12.0,-30.0,78.0,385.0
-10.0,-30.0,78.0,385.0
-8.0,-30.0,78.0,385.0
-6.0,-30.0,78.0,385.0
6.0,-30.0,78.0,103.0
8.0,-30.0,78.0,103.0
10.0,-30.0,78.0,103.0
12.0,-30.0,78.0,103.0
14.0,-30.0,78.0,172.0
16.0,-30.0,78.0,172.0
18.0,-30.0,78.0,172.0
20.0,-30.0,78.0,172.0
-24.0,-28.0,78.0,374.0
-22.0,-28.0,78.0,374.0
-20.0,-28.0,78.0,374.0
-18.0,-28.0,78.0,374.0
-16.0,-28.0,78.0,374.0
-14.0,-28.0,78.0,374.0
-12.0,-28.0,78.0,385.0
-10.0,-28.0,78.0,385.0
-8.0,-28.0,78.0,385.0
-6.0,-28.0,78.0,385.0
6.0,-28.0,78.0,103.0
8.0,-28.0,78.0,103.0
10.0,-28.0,78.0,103.0
12.0,-28.0,78.0,103.0
14.0,-28.0,78.0,172.0
16.0,-28.0,78.0,172.0
18.0,-28.0,78.0,172.0
20.0,-28.0,78.0,172.0
22.0,-28.0,78.0,172.0
-22.0,-26.0,78.0,374.0
-20.0,-26.0,78.0,374.0
-18.0,-26.0,78.0,374.0
-16.0,-26.0,78.0,374.0
-14.0,-26.0,78.0,385.0
-12.0,-26.0,78.0,385.0
-10.0,-26.0,78.0,385.0
-8.0,-26.0,78.0,385.0
-6.0,-26.0,78.0,385.0
6.0,-26.0,78.0,103.0
8.0,-26.0,78.0,103.0
10.0,-26.0,78.0,376.0
12.0,-26.0,78.0,376.0
14.0,-26.0,78.0,376.0
16.0,-26.0,78.0,172.0
-18.0,-24.0,78.0,374.0
-16.0,-24.0,78.0,374.0
-14.0,-24.0,78.0,385.0
-12.0,-24.0,78.0,385.0
-10.0,-24.0,78.0,385.0
-8.0,-24.0,78.0,385.0
-6.0,-24.0,78.0,385.0
-4.0,-24.0,78.0,385.0
4.0,-24.0,78.0,376.0
6.0,-24.0,78.0,376.0
8.0,-24.0,78.0,376.0
10.0,-24.0,78.0,376.0
12.0,-24.0,78.0,376.0
14.0,-24.0,78.0,376.0
-20.0,-22.0,78.0,374.0
-18.0,-22.0,78.0,374.0
-16.0,-22.0,78.0,337.0
-14.0,-22.0,78.0,337.0
-12.0,-22.0,78.0,337.0
-10.0,-22.0,78.0,337.0
-8.0,-22.0,78.0,385.0
-6.0,-22.0,78.0,385.0
6.0,-22.0,78.0,376.0
8.0,-22.0,78.0,376.0
10.0,-22.0,78.0,376.0
12.0,-22.0,78.0,376.0
14.0,-22.0,78.0,376.0
16.0,-22.0,78.0,376.0
18.0,-22.0,78.0,172.0
-20.0,-20.0,78.0,374.0
-18.0,-20.0,78.0,491.0
-16.0,-20.0,78.0,491.0
-14.0,-20.0,78.0,491.0
-12.0,-20.0,78.0,491.0
-10.0,-20.0,78.0,491.0
-8.0,-20.0,78.0,491.0
-6.0,-20.0,78.0,491.0
6.0,-20.0,78.0,376.0
8.0,-20.0,78.0,376.0
10.0,-20.0,78.0,376.0
12.0,-20.0,78.0,376.0
14.0,-20.0,78.0,376.0
16.0,-20.0,78.0,376.0
18.0,-20.0,78.0,376.0
20.0,-20.0,78.0,172.0
-20.0,-18.0,78.0,491.0
-18.0,-18.0,78.0,491.0
-16.0,-18.0,78.0,491.0
-14.0,-18.0,78.0,491.0
-12.0,-18.0,78.0,491.0
-10.0,-18.0,78.0,491.0
-8.0,-18.0,78.0,491.0
-6.0,-18.0,78.0,491.0
6.0,-18.0,78.0,376.0
8.0,-18.0,78.0,376.0
10.0,-18.0,78.0,376.0
12.0,-18.0,78.0,376.0
14.0,-18.0,78.0,376.0
16.0,-18.0,78.0,376.0
18.0,-18.0,78.0,376.0
20.0,-18.0,78.0,376.0
-20.0,-16.0,78.0,491.0
-18.0,-16.0,78.0,491.0
-16.0,-16.0,78.0,491.0
-14.0,-16.0,78.0,491.0
-12.0,-16.0,78.0,491.0
-10.0,-16.0,78.0,491.0
-8.0,-16.0,78.0,491.0
-6.0,-16.0,78.0,491.0
6.0,-16.0,78.0,376.0
8.0,-16.0,78.0,376.0
10.0,-16.0,78.0,376.0
12.0,-16.0,78.0,376.0
14.0,-16.0,78.0,376.0
16.0,-16.0,78.0,376.0
18.0,-16.0,78.0,376.0
20.0,-16.0,78.0,376.0
-20.0,-14.0,78.0,491.0
-18.0,-14.0,78.0,491.0
-16.0,-14.0,78.0,491.0
-14.0,-14.0,78.0,491.0
-12.0,-14.0,78.0,491.0
-10.0,-14.0,78.0,491.0
-8.0,-14.0,78.0,491.0
6.0,-14.0,78.0,376.0
8.0,-14.0,78.0,376.0
10.0,-14.0,78.0,376.0
12.0,-14.0,78.0,376.0
14.0,-14.0,78.0,376.0
16.0,-14.0,78.0,376.0
18.0,-14.0,78.0,376.0
20.0,-14.0,78.0,376.0
-20.0,-12.0,78.0,491.0
-18.0,-12.0,78.0,491.0
-16.0,-12.0,78.0,491.0
-14.0,-12.0,78.0,491.0
-12.0,-12.0,78.0,491.0
-10.0,-12.0,78.0,491.0
-8.0,-12.0,78.0,491.0
8.0,-12.0,78.0,376.0
10.0,-12.0,78.0,376.0
12.0,-12.0,78.0,376.0
14.0,-12.0,78.0,376.0
16.0,-12.0,78.0,376.0
18.0,-12.0,78.0,376.0
-18.0,-10.0,78.0,491.0
-16.0,-10.0,78.0,491.0
-14.0,-10.0,78.0,491.0
-12.0,-10.0,78.0,491.0
-10.0,-10.0,78.0,491.0
12.0,-10.0,78.0,376.0
14.0,-10.0,78.0,376.0
16.0,-10.0,78.0,376.0
18.0,-10.0,78.0,376.0
16.0,-8.0,78.0,376.0
18.0,-8.0,78.0,376.0
-16.0,-44.0,80.0,405.0
-14.0,-44.0,80.0,405.0
-16.0,-42.0,80.0,405.0
-14.0,-42.0,80.0,405.0
-12.0,-42.0,80.0,405.0
10.0,-42.0,80.0,530.0
12.0,-42.0,80.0,530.0
14.0,-42.0,80.0,530.0
-18.0,-40.0,80.0,140.0
-16.0,-40.0,80.0,405.0
-14.0,-40.0,80.0,405.0
-12.0,-40.0,80.0,405.0
-10.0,-40.0,80.0,405.0
12.0,-40.0,80.0,530.0
14.0,-40.0,80.0,530.0
16.0,-40.0,80.0,25.0
-18.0,-38.0,80.0,374.0
-16.0,-38.0,80.0,374.0
-14.0,-38.0,80.0,405.0
-12.0,-38.0,80.0,405.0
-8.0,-38.0,80.0,405.0
10.0,-38.0,80.0,530.0
14.0,-38.0,80.0,25.0
16.0,-38.0,80.0,25.0
-18.0,-36.0,80.0,374.0
-16.0,-36.0,80.0,374.0
-14.0,-36.0,80.0,374.0
-12.0,-36.0,80.0,405.0
-10.0,-36.0,80.0,405.0
-8.0,-36.0,80.0,385.0
8.0,-36.0,80.0,465.0
10.0,-36.0,80.0,465.0
12.0,-36.0,80.0,25.0
-16.0,-34.0,80.0,374.0
-14.0,-34.0,80.0,374.0
-12.0,-34.0,80.0,385.0
-10.0,-34.0,80.0,385.0
-8.0,-34.0,80.0,385.0
8.0,-34.0,80.0,465.0
10.0,-34.0,80.0,465.0
12.0,-34.0,80.0,25.0
-16.0,-32.0,80.0,374.0
-14.0,-32.0,80.0,374.0
-12.0,-32.0,80.0,385.0
-10.0,-32.0,80.0,385.0
10.0,-32.0,80.0,103.0
12.0,-32.0,80.0,103.0
14.0,-32.0,80.0,25.0
-16.0,-30.0,80.0,374.0
-14.0,-30.0,80.0,374.0
10.0,-30.0,80.0,103.0
12.0,-30.0,80.0,103.0
10.0,-20.0,80.0,376.0
